Name,Date,Open,High,Low,Close,Volume
ILS,20110727,5.6462,5.6462,5.6462,5.6462,0
ILS,20110728,0.8154,0.8154,0.8154,0.8154,0
ILS,20110729,0.8188,0.8188,0.8188,0.8188,0
ILS,20110801,0.8114,0.8114,0.8114,0.8114,0
ILS,20110802,0.8219,0.8219,0.8219,0.8219,0
ILS,20110803,0.8133,0.8133,0.8133,0.8133,0
ILS,20110804,0.8112,0.8112,0.8112,0.8112,0
ILS,20110805,0.8106,0.8106,0.8106,0.8106,0
ILS,20110808,0.7996,0.7996,0.7996,0.7996,0
ILS,20110809,0.8058,0.8058,0.8058,0.8058,0
ILS,20110810,0.8096,0.8096,0.8096,0.8096,0
ILS,20110811,0.8256,0.8256,0.8256,0.8256,0
ILS,20110812,0.8218,0.8218,0.8218,0.8218,0
ILS,20110816,0.8178,0.8178,0.8178,0.8178,0
ILS,20110817,0.8165,0.8165,0.8165,0.8165,0
ILS,20110818,0.8094,0.8094,0.8094,0.8094,0
ILS,20110819,0.8164,0.8164,0.8164,0.8164,0
ILS,20110822,0.8098,0.8098,0.8098,0.8098,0
ILS,20110823,0.8018,0.8018,0.8018,0.8018,0
ILS,20110824,0.8010,0.8010,0.8010,0.8010,0
ILS,20110825,0.7966,0.7966,0.7966,0.7966,0
ILS,20110826,0.7961,0.7961,0.7961,0.7961,0
ILS,20110829,0.7938,0.7938,0.7938,0.7938,0
ILS,20110830,0.8048,0.8048,0.8048,0.8048,0
ILS,20110831,0.8047,0.8047,0.8047,0.8047,0
ILS,20110901,0.8120,0.8120,0.8120,0.8120,0
ILS,20110902,0.8163,0.8163,0.8163,0.8163,0
ILS,20110905,0.8208,0.8208,0.8208,0.8208,0
ILS,20110906,0.8168,0.8168,0.8168,0.8168,0
ILS,20110907,0.8165,0.8165,0.8165,0.8165,0
ILS,20110908,0.8160,0.8160,0.8160,0.8160,0
ILS,20110909,0.8407,0.8407,0.8407,0.8407,0
ILS,20110912,0.8565,0.8565,0.8565,0.8565,0
ILS,20110913,0.8631,0.8631,0.8631,0.8631,0
ILS,20110914,0.8514,0.8514,0.8514,0.8514,0
ILS,20110915,0.8614,0.8614,0.8614,0.8614,0
ILS,20110916,0.8601,0.8601,0.8601,0.8601,0
ILS,20110919,0.8623,0.8623,0.8623,0.8623,0
ILS,20110920,0.8671,0.8671,0.8671,0.8671,0
ILS,20110921,0.8723,0.8723,0.8723,0.8723,0
ILS,20110922,0.8893,0.8893,0.8893,0.8893,0
ILS,20110923,0.8941,0.8941,0.8941,0.8941,0
ILS,20110926,0.8797,0.8797,0.8797,0.8797,0
ILS,20110927,0.8763,0.8763,0.8763,0.8763,0
ILS,20110928,0.8728,0.8728,0.8728,0.8728,0
ILS,20110929,0.8738,0.8738,0.8738,0.8738,0
ILS,20110930,0.8717,0.8717,0.8717,0.8717,0
ILS,20111003,0.8869,0.8869,0.8869,0.8869,0
ILS,20111004,0.8847,0.8847,0.8847,0.8847,0
ILS,20111005,0.8831,0.8831,0.8831,0.8831,0
ILS,20111006,0.8805,0.8805,0.8805,0.8805,0
ILS,20111007,0.8807,0.8807,0.8807,0.8807,0
ILS,20111010,0.8660,0.8660,0.8660,0.8660,0
ILS,20111011,0.8659,0.8659,0.8659,0.8659,0
ILS,20111012,0.8541,0.8541,0.8541,0.8541,0
ILS,20111013,0.8583,0.8583,0.8583,0.8583,0
ILS,20111014,0.8508,0.8508,0.8508,0.8508,0
ILS,20111017,0.8468,0.8468,0.8468,0.8468,0
ILS,20111018,0.8727,0.8727,0.8727,0.8727,0
ILS,20111019,0.8605,0.8605,0.8605,0.8605,0
ILS,20111020,0.8743,0.8743,0.8743,0.8743,0
ILS,20111021,0.8750,0.8750,0.8750,0.8750,0
ILS,20111024,0.8744,0.8744,0.8744,0.8744,0
ILS,20111025,0.8614,0.8614,0.8614,0.8614,0
ILS,20111026,0.8634,0.8634,0.8634,0.8634,0
ILS,20111027,0.8561,0.8561,0.8561,0.8561,0
ILS,20111028,0.8474,0.8474,0.8474,0.8474,0
ILS,20111031,0.8599,0.8599,0.8599,0.8599,0
ILS,20111102,0.8807,0.8807,0.8807,0.8807,0
ILS,20111103,0.8648,0.8648,0.8648,0.8648,0
ILS,20111104,0.8574,0.8574,0.8574,0.8574,0
ILS,20111107,0.8664,0.8664,0.8664,0.8664,0
ILS,20111108,0.8639,0.8639,0.8639,0.8639,0
ILS,20111109,0.8631,0.8631,0.8631,0.8631,0
ILS,20111110,0.8650,0.8650,0.8650,0.8650,0
ILS,20111114,0.8646,0.8646,0.8646,0.8646,0
ILS,20111115,0.8719,0.8719,0.8719,0.8719,0
ILS,20111116,0.8761,0.8761,0.8761,0.8761,0
ILS,20111117,0.8842,0.8842,0.8842,0.8842,0
ILS,20111118,0.8769,0.8769,0.8769,0.8769,0
ILS,20111121,0.8840,0.8840,0.8840,0.8840,0
ILS,20111122,0.8807,0.8807,0.8807,0.8807,0
ILS,20111123,0.8832,0.8832,0.8832,0.8832,0
ILS,20111124,0.8876,0.8876,0.8876,0.8876,0
ILS,20111125,0.8957,0.8957,0.8957,0.8957,0
ILS,20111128,0.8901,0.8901,0.8901,0.8901,0
ILS,20111129,0.8965,0.8965,0.8965,0.8965,0
ILS,20111130,0.9025,0.9025,0.9025,0.9025,0
ILS,20111201,0.8884,0.8884,0.8884,0.8884,0
ILS,20111202,0.8910,0.8910,0.8910,0.8910,0
ILS,20111205,0.8934,0.8934,0.8934,0.8934,0
ILS,20111206,0.8952,0.8952,0.8952,0.8952,0
ILS,20111207,0.8884,0.8884,0.8884,0.8884,0
ILS,20111208,0.8918,0.8918,0.8918,0.8918,0
ILS,20111209,0.8989,0.8989,0.8989,0.8989,0
ILS,20111212,0.9068,0.9068,0.9068,0.9068,0
ILS,20111213,0.9136,0.9136,0.9136,0.9136,0
ILS,20111214,0.9220,0.9220,0.9220,0.9220,0
ILS,20111215,0.9197,0.9197,0.9197,0.9197,0
ILS,20111216,0.9120,0.9120,0.9120,0.9120,0
ILS,20111219,0.9100,0.9100,0.9100,0.9100,0
ILS,20111220,0.9014,0.9014,0.9014,0.9014,0
ILS,20111221,0.8978,0.8978,0.8978,0.8978,0
ILS,20111222,0.9009,0.9009,0.9009,0.9009,0
ILS,20111223,0.8975,0.8975,0.8975,0.8975,0
ILS,20111227,0.8939,0.8939,0.8939,0.8939,0
ILS,20111228,0.8869,0.8869,0.8869,0.8869,0
ILS,20111229,0.8956,0.8956,0.8956,0.8956,0
ILS,20111230,0.8949,0.8949,0.8949,0.8949,0
ILS,20120102,0.9041,0.9041,0.9041,0.9041,0
ILS,20120103,0.9002,0.9002,0.9002,0.9002,0
ILS,20120104,0.8918,0.8918,0.8918,0.8918,0
ILS,20120105,0.9132,0.9132,0.9132,0.9132,0
ILS,20120109,0.9163,0.9163,0.9163,0.9163,0
ILS,20120110,0.9162,0.9162,0.9162,0.9162,0
ILS,20120111,0.9098,0.9098,0.9098,0.9098,0
ILS,20120112,0.9095,0.9095,0.9095,0.9095,0
ILS,20120113,0.8954,0.8954,0.8954,0.8954,0
ILS,20120116,0.9037,0.9037,0.9037,0.9037,0
ILS,20120117,0.8919,0.8919,0.8919,0.8919,0
ILS,20120118,0.8910,0.8910,0.8910,0.8910,0
ILS,20120119,0.8895,0.8895,0.8895,0.8895,0
ILS,20120120,0.8854,0.8854,0.8854,0.8854,0
ILS,20120123,0.8794,0.8794,0.8794,0.8794,0
ILS,20120124,0.8695,0.8695,0.8695,0.8695,0
ILS,20120125,0.8718,0.8718,0.8718,0.8718,0
ILS,20120126,0.8604,0.8604,0.8604,0.8604,0
ILS,20120127,0.8578,0.8578,0.8578,0.8578,0
ILS,20120130,0.8624,0.8624,0.8624,0.8624,0
ILS,20120131,0.8571,0.8571,0.8571,0.8571,0
ILS,20120201,0.8557,0.8557,0.8557,0.8557,0
ILS,20120202,0.8573,0.8573,0.8573,0.8573,0
ILS,20120203,0.8557,0.8557,0.8557,0.8557,0
ILS,20120206,0.8611,0.8611,0.8611,0.8611,0
ILS,20120207,0.8535,0.8535,0.8535,0.8535,0
ILS,20120208,0.8503,0.8503,0.8503,0.8503,0
ILS,20120209,0.8499,0.8499,0.8499,0.8499,0
ILS,20120210,0.8541,0.8541,0.8541,0.8541,0
ILS,20120213,0.8505,0.8505,0.8505,0.8505,0
ILS,20120214,0.8524,0.8524,0.8524,0.8524,0
ILS,20120215,0.8496,0.8496,0.8496,0.8496,0
ILS,20120216,0.8626,0.8626,0.8626,0.8626,0
ILS,20120217,0.8504,0.8504,0.8504,0.8504,0
ILS,20120220,0.8477,0.8477,0.8477,0.8477,0
ILS,20120221,0.8436,0.8436,0.8436,0.8436,0
ILS,20120222,0.8446,0.8446,0.8446,0.8446,0
ILS,20120223,0.8362,0.8362,0.8362,0.8362,0
ILS,20120224,0.8281,0.8281,0.8281,0.8281,0
ILS,20120227,0.8201,0.8201,0.8201,0.8201,0
ILS,20120228,0.8173,0.8173,0.8173,0.8173,0
ILS,20120229,0.8163,0.8163,0.8163,0.8163,0
ILS,20120301,0.8164,0.8164,0.8164,0.8164,0
ILS,20120302,0.8179,0.8179,0.8179,0.8179,0
ILS,20120305,0.8257,0.8257,0.8257,0.8257,0
ILS,20120306,0.8258,0.8258,0.8258,0.8258,0
ILS,20120307,0.8316,0.8316,0.8316,0.8316,0
ILS,20120308,0.8268,0.8268,0.8268,0.8268,0
ILS,20120309,0.8222,0.8222,0.8222,0.8222,0
ILS,20120312,0.8243,0.8243,0.8243,0.8243,0
ILS,20120313,0.8305,0.8305,0.8305,0.8305,0
ILS,20120314,0.8386,0.8386,0.8386,0.8386,0
ILS,20120315,0.8380,0.8380,0.8380,0.8380,0
ILS,20120316,0.8407,0.8407,0.8407,0.8407,0
ILS,20120319,0.8340,0.8340,0.8340,0.8340,0
ILS,20120320,0.8347,0.8347,0.8347,0.8347,0
ILS,20120321,0.8344,0.8344,0.8344,0.8344,0
ILS,20120322,0.8439,0.8439,0.8439,0.8439,0
ILS,20120323,0.8411,0.8411,0.8411,0.8411,0
ILS,20120326,0.8390,0.8390,0.8390,0.8390,0
ILS,20120327,0.8325,0.8325,0.8325,0.8325,0
ILS,20120328,0.8347,0.8347,0.8347,0.8347,0
ILS,20120329,0.8391,0.8391,0.8391,0.8391,0
ILS,20120330,0.8396,0.8396,0.8396,0.8396,0
ILS,20120402,0.8340,0.8340,0.8340,0.8340,0
ILS,20120403,0.8321,0.8321,0.8321,0.8321,0
ILS,20120404,0.8412,0.8412,0.8412,0.8412,0
ILS,20120405,0.8465,0.8465,0.8465,0.8465,0
ILS,20120406,0.8515,0.8515,0.8515,0.8515,0
ILS,20120410,0.8521,0.8521,0.8521,0.8521,0
ILS,20120411,0.8526,0.8526,0.8526,0.8526,0
ILS,20120412,0.8464,0.8464,0.8464,0.8464,0
ILS,20120413,0.8474,0.8474,0.8474,0.8474,0
ILS,20120416,0.8579,0.8579,0.8579,0.8579,0
ILS,20120417,0.8491,0.8491,0.8491,0.8491,0
ILS,20120418,0.8482,0.8482,0.8482,0.8482,0
ILS,20120419,0.8481,0.8481,0.8481,0.8481,0
ILS,20120420,0.8478,0.8478,0.8478,0.8478,0
ILS,20120423,0.8487,0.8487,0.8487,0.8487,0
ILS,20120424,0.8497,0.8497,0.8497,0.8497,0
ILS,20120425,0.8444,0.8444,0.8444,0.8444,0
ILS,20120426,0.8427,0.8427,0.8427,0.8427,0
ILS,20120427,0.8433,0.8433,0.8433,0.8433,0
ILS,20120430,0.8408,0.8408,0.8408,0.8408,0
ILS,20120502,0.8335,0.8335,0.8335,0.8335,0
ILS,20120504,0.8432,0.8432,0.8432,0.8432,0
ILS,20120507,0.8477,0.8477,0.8477,0.8477,0
ILS,20120508,0.8473,0.8473,0.8473,0.8473,0
ILS,20120509,0.8497,0.8497,0.8497,0.8497,0
ILS,20120510,0.8565,0.8565,0.8565,0.8565,0
ILS,20120511,0.8583,0.8583,0.8583,0.8583,0
ILS,20120514,0.8719,0.8719,0.8719,0.8719,0
ILS,20120515,0.8783,0.8783,0.8783,0.8783,0
ILS,20120516,0.8950,0.8950,0.8950,0.8950,0
ILS,20120517,0.8938,0.8938,0.8938,0.8938,0
ILS,20120518,0.8968,0.8968,0.8968,0.8968,0
ILS,20120521,0.8871,0.8871,0.8871,0.8871,0
ILS,20120522,0.8846,0.8846,0.8846,0.8846,0
ILS,20120523,0.8934,0.8934,0.8934,0.8934,0
ILS,20120524,0.9034,0.9034,0.9034,0.9034,0
ILS,20120525,0.8989,0.8989,0.8989,0.8989,0
ILS,20120528,0.8965,0.8965,0.8965,0.8965,0
ILS,20120529,0.8961,0.8961,0.8961,0.8961,0
ILS,20120530,0.9058,0.9058,0.9058,0.9058,0
ILS,20120531,0.9090,0.9090,0.9090,0.9090,0
ILS,20120601,0.9135,0.9135,0.9135,0.9135,0
ILS,20120604,0.9092,0.9092,0.9092,0.9092,0
ILS,20120605,0.9074,0.9074,0.9074,0.9074,0
ILS,20120606,0.8904,0.8904,0.8904,0.8904,0
ILS,20120608,0.8911,0.8911,0.8911,0.8911,0
ILS,20120611,0.8824,0.8824,0.8824,0.8824,0
ILS,20120612,0.8896,0.8896,0.8896,0.8896,0
ILS,20120613,0.8914,0.8914,0.8914,0.8914,0
ILS,20120614,0.8868,0.8868,0.8868,0.8868,0
ILS,20120615,0.8795,0.8795,0.8795,0.8795,0
ILS,20120618,0.8765,0.8765,0.8765,0.8765,0
ILS,20120619,0.8793,0.8793,0.8793,0.8793,0
ILS,20120620,0.8666,0.8666,0.8666,0.8666,0
ILS,20120621,0.8677,0.8677,0.8677,0.8677,0
ILS,20120622,0.8727,0.8727,0.8727,0.8727,0
ILS,20120625,0.8711,0.8711,0.8711,0.8711,0
ILS,20120626,0.8664,0.8664,0.8664,0.8664,0
ILS,20120627,0.8601,0.8601,0.8601,0.8601,0
ILS,20120628,0.8730,0.8730,0.8730,0.8730,0
ILS,20120629,0.8633,0.8633,0.8633,0.8633,0
ILS,20120702,0.8550,0.8550,0.8550,0.8550,0
ILS,20120703,0.8530,0.8530,0.8530,0.8530,0
ILS,20120704,0.8529,0.8529,0.8529,0.8529,0
ILS,20120705,0.8612,0.8612,0.8612,0.8612,0
ILS,20120706,0.8666,0.8666,0.8666,0.8666,0
ILS,20120709,0.8733,0.8733,0.8733,0.8733,0
ILS,20120710,0.8626,0.8626,0.8626,0.8626,0
ILS,20120711,0.8580,0.8580,0.8580,0.8580,0
ILS,20120712,0.8641,0.8641,0.8641,0.8641,0
ILS,20120713,0.8683,0.8683,0.8683,0.8683,0
ILS,20120716,0.8619,0.8619,0.8619,0.8619,0
ILS,20120717,0.8547,0.8547,0.8547,0.8547,0
ILS,20120718,0.8476,0.8476,0.8476,0.8476,0
ILS,20120719,0.8396,0.8396,0.8396,0.8396,0
ILS,20120720,0.8495,0.8495,0.8495,0.8495,0
ILS,20120723,0.8568,0.8568,0.8568,0.8568,0
ILS,20120724,0.8554,0.8554,0.8554,0.8554,0
ILS,20120725,0.8489,0.8489,0.8489,0.8489,0
ILS,20120726,0.8427,0.8427,0.8427,0.8427,0
ILS,20120727,0.8288,0.8288,0.8288,0.8288,0
ILS,20120730,0.8360,0.8360,0.8360,0.8360,0
ILS,20120731,0.8349,0.8349,0.8349,0.8349,0
ILS,20120801,0.8369,0.8369,0.8369,0.8369,0
ILS,20120802,0.8433,0.8433,0.8433,0.8433,0
ILS,20120803,0.8374,0.8374,0.8374,0.8374,0
ILS,20120806,0.8214,0.8214,0.8214,0.8214,0
ILS,20120807,0.8165,0.8165,0.8165,0.8165,0
ILS,20120808,0.8268,0.8268,0.8268,0.8268,0
ILS,20120809,0.8246,0.8246,0.8246,0.8246,0
ILS,20120810,0.8291,0.8291,0.8291,0.8291,0
ILS,20120813,0.8202,0.8202,0.8202,0.8202,0
ILS,20120814,0.8193,0.8193,0.8193,0.8193,0
ILS,20120816,0.8214,0.8214,0.8214,0.8214,0
ILS,20120817,0.8172,0.8172,0.8172,0.8172,0
ILS,20120820,0.8187,0.8187,0.8187,0.8187,0
ILS,20120821,0.8155,0.8155,0.8155,0.8155,0
ILS,20120822,0.8121,0.8121,0.8121,0.8121,0
ILS,20120823,0.8122,0.8122,0.8122,0.8122,0
ILS,20120824,0.8127,0.8127,0.8127,0.8127,0
ILS,20120827,0.8084,0.8084,0.8084,0.8084,0
ILS,20120828,0.8141,0.8141,0.8141,0.8141,0
ILS,20120829,0.8218,0.8218,0.8218,0.8218,0
ILS,20120830,0.8278,0.8278,0.8278,0.8278,0
ILS,20120831,0.8284,0.8284,0.8284,0.8284,0
ILS,20120903,0.8308,0.8308,0.8308,0.8308,0
ILS,20120904,0.8319,0.8319,0.8319,0.8319,0
ILS,20120905,0.8356,0.8356,0.8356,0.8356,0
ILS,20120906,0.8189,0.8189,0.8189,0.8189,0
ILS,20120907,0.8155,0.8155,0.8155,0.8155,0
ILS,20120910,0.8089,0.8089,0.8089,0.8089,0
ILS,20120911,0.8107,0.8107,0.8107,0.8107,0
ILS,20120912,0.8032,0.8032,0.8032,0.8032,0
ILS,20120913,0.8032,0.8032,0.8032,0.8032,0
ILS,20120914,0.7958,0.7958,0.7958,0.7958,0
ILS,20120917,0.8006,0.8006,0.8006,0.8006,0
ILS,20120918,0.8072,0.8072,0.8072,0.8072,0
ILS,20120919,0.8116,0.8116,0.8116,0.8116,0
ILS,20120920,0.8170,0.8170,0.8170,0.8170,0
ILS,20120921,0.8159,0.8159,0.8159,0.8159,0
ILS,20120924,0.8225,0.8225,0.8225,0.8225,0
ILS,20120925,0.8215,0.8215,0.8215,0.8215,0
ILS,20120926,0.8250,0.8250,0.8250,0.8250,0
ILS,20120927,0.8221,0.8221,0.8221,0.8221,0
ILS,20120928,0.8139,0.8139,0.8139,0.8139,0
ILS,20121001,0.8121,0.8121,0.8121,0.8121,0
ILS,20121002,0.8176,0.8176,0.8176,0.8176,0
ILS,20121003,0.8205,0.8205,0.8205,0.8205,0
ILS,20121004,0.8160,0.8160,0.8160,0.8160,0
ILS,20121005,0.8134,0.8134,0.8134,0.8134,0
ILS,20121008,0.8138,0.8138,0.8138,0.8138,0
ILS,20121009,0.8146,0.8146,0.8146,0.8146,0
ILS,20121010,0.8174,0.8174,0.8174,0.8174,0
ILS,20121011,0.8248,0.8248,0.8248,0.8248,0
ILS,20121012,0.8204,0.8204,0.8204,0.8204,0
ILS,20121015,0.8253,0.8253,0.8253,0.8253,0
ILS,20121016,0.8242,0.8242,0.8242,0.8242,0
ILS,20121017,0.8228,0.8228,0.8228,0.8228,0
ILS,20121018,0.8229,0.8229,0.8229,0.8229,0
ILS,20121019,0.8271,0.8271,0.8271,0.8271,0
ILS,20121022,0.8242,0.8242,0.8242,0.8242,0
ILS,20121023,0.8291,0.8291,0.8291,0.8291,0
ILS,20121024,0.8302,0.8302,0.8302,0.8302,0
ILS,20121025,0.8249,0.8249,0.8249,0.8249,0
ILS,20121026,0.8294,0.8294,0.8294,0.8294,0
ILS,20121029,0.8272,0.8272,0.8272,0.8272,0
ILS,20121030,0.8225,0.8225,0.8225,0.8225,0
ILS,20121031,0.8180,0.8180,0.8180,0.8180,0
ILS,20121102,0.8228,0.8228,0.8228,0.8228,0
ILS,20121105,0.8273,0.8273,0.8273,0.8273,0
ILS,20121106,0.8244,0.8244,0.8244,0.8244,0
ILS,20121107,0.8259,0.8259,0.8259,0.8259,0
ILS,20121108,0.8365,0.8365,0.8365,0.8365,0
ILS,20121109,0.8365,0.8365,0.8365,0.8365,0
ILS,20121112,0.8340,0.8340,0.8340,0.8340,0
ILS,20121113,0.8375,0.8375,0.8375,0.8375,0
ILS,20121114,0.8357,0.8357,0.8357,0.8357,0
ILS,20121115,0.8261,0.8261,0.8261,0.8261,0
ILS,20121116,0.8246,0.8246,0.8246,0.8246,0
ILS,20121119,0.8228,0.8228,0.8228,0.8228,0
ILS,20121120,0.8237,0.8237,0.8237,0.8237,0
ILS,20121121,0.8259,0.8259,0.8259,0.8259,0
ILS,20121122,0.8195,0.8195,0.8195,0.8195,0
ILS,20121123,0.8246,0.8246,0.8246,0.8246,0
ILS,20121126,0.8213,0.8213,0.8213,0.8213,0
ILS,20121127,0.8219,0.8219,0.8219,0.8219,0
ILS,20121128,0.8231,0.8231,0.8231,0.8231,0
ILS,20121129,0.8232,0.8232,0.8232,0.8232,0
ILS,20121130,0.8288,0.8288,0.8288,0.8288,0
ILS,20121203,0.8270,0.8270,0.8270,0.8270,0
ILS,20121204,0.8249,0.8249,0.8249,0.8249,0
ILS,20121205,0.8296,0.8296,0.8296,0.8296,0
ILS,20121206,0.8297,0.8297,0.8297,0.8297,0
ILS,20121207,0.8329,0.8329,0.8329,0.8329,0
ILS,20121210,0.8340,0.8340,0.8340,0.8340,0
ILS,20121211,0.8320,0.8320,0.8320,0.8320,0
ILS,20121212,0.8289,0.8289,0.8289,0.8289,0
ILS,20121213,0.8277,0.8277,0.8277,0.8277,0
ILS,20121214,0.8234,0.8234,0.8234,0.8234,0
ILS,20121217,0.8214,0.8214,0.8214,0.8214,0
ILS,20121218,0.8223,0.8223,0.8223,0.8223,0
ILS,20121219,0.8163,0.8163,0.8163,0.8163,0
ILS,20121220,0.8211,0.8211,0.8211,0.8211,0
ILS,20121221,0.8217,0.8217,0.8217,0.8217,0
ILS,20121224,0.8211,0.8211,0.8211,0.8211,0
ILS,20121227,0.8267,0.8267,0.8267,0.8267,0
ILS,20121228,0.8290,0.8290,0.8290,0.8290,0
ILS,20121231,0.8303,0.8303,0.8303,0.8303,0
ILS,20130102,0.8243,0.8243,0.8243,0.8243,0
ILS,20130103,0.8304,0.8304,0.8304,0.8304,0
ILS,20130104,0.8398,0.8398,0.8398,0.8398,0
ILS,20130107,0.8365,0.8365,0.8365,0.8365,0
ILS,20130108,0.8298,0.8298,0.8298,0.8298,0
ILS,20130109,0.8339,0.8339,0.8339,0.8339,0
ILS,20130110,0.8243,0.8243,0.8243,0.8243,0
ILS,20130111,0.8254,0.8254,0.8254,0.8254,0
ILS,20130114,0.8267,0.8267,0.8267,0.8267,0
ILS,20130115,0.8240,0.8240,0.8240,0.8240,0
ILS,20130116,0.8332,0.8332,0.8332,0.8332,0
ILS,20130117,0.8285,0.8285,0.8285,0.8285,0
ILS,20130118,0.8307,0.8307,0.8307,0.8307,0
ILS,20130121,0.8386,0.8386,0.8386,0.8386,0
ILS,20130122,0.8385,0.8385,0.8385,0.8385,0
ILS,20130123,0.8383,0.8383,0.8383,0.8383,0
ILS,20130124,0.8466,0.8466,0.8466,0.8466,0
ILS,20130125,0.8393,0.8393,0.8393,0.8393,0
ILS,20130128,0.8331,0.8331,0.8331,0.8331,0
ILS,20130129,0.8376,0.8376,0.8376,0.8376,0
ILS,20130130,0.8295,0.8295,0.8295,0.8295,0
ILS,20130131,0.8295,0.8295,0.8295,0.8295,0
ILS,20130201,0.8330,0.8330,0.8330,0.8330,0
ILS,20130204,0.8282,0.8282,0.8282,0.8282,0
ILS,20130205,0.8356,0.8356,0.8356,0.8356,0
ILS,20130206,0.8356,0.8356,0.8356,0.8356,0
ILS,20130207,0.8379,0.8379,0.8379,0.8379,0
ILS,20130208,0.8402,0.8402,0.8402,0.8402,0
ILS,20130211,0.8389,0.8389,0.8389,0.8389,0
ILS,20130212,0.8418,0.8418,0.8418,0.8418,0
ILS,20130213,0.8399,0.8399,0.8399,0.8399,0
ILS,20130214,0.8471,0.8471,0.8471,0.8471,0
ILS,20130215,0.8516,0.8516,0.8516,0.8516,0
ILS,20130218,0.8532,0.8532,0.8532,0.8532,0
ILS,20130219,0.8514,0.8514,0.8514,0.8514,0
ILS,20130220,0.8449,0.8449,0.8449,0.8449,0
ILS,20130221,0.8593,0.8593,0.8593,0.8593,0
ILS,20130222,0.8491,0.8491,0.8491,0.8491,0
ILS,20130225,0.8453,0.8453,0.8453,0.8453,0
ILS,20130226,0.8513,0.8513,0.8513,0.8513,0
ILS,20130227,0.8538,0.8538,0.8538,0.8538,0
ILS,20130228,0.8546,0.8546,0.8546,0.8546,0
ILS,20130301,0.8529,0.8529,0.8529,0.8529,0
ILS,20130304,0.8526,0.8526,0.8526,0.8526,0
ILS,20130305,0.8490,0.8490,0.8490,0.8490,0
ILS,20130306,0.8497,0.8497,0.8497,0.8497,0
ILS,20130307,0.8551,0.8551,0.8551,0.8551,0
ILS,20130308,0.8587,0.8587,0.8587,0.8587,0
ILS,20130311,0.8632,0.8632,0.8632,0.8632,0
ILS,20130312,0.8662,0.8662,0.8662,0.8662,0
ILS,20130313,0.8657,0.8657,0.8657,0.8657,0
ILS,20130314,0.8648,0.8648,0.8648,0.8648,0
ILS,20130315,0.8653,0.8653,0.8653,0.8653,0
ILS,20130318,0.8666,0.8666,0.8666,0.8666,0
ILS,20130319,0.8703,0.8703,0.8703,0.8703,0
ILS,20130320,0.8741,0.8741,0.8741,0.8741,0
ILS,20130321,0.8802,0.8802,0.8802,0.8802,0
ILS,20130322,0.8839,0.8839,0.8839,0.8839,0
ILS,20130325,0.8811,0.8811,0.8811,0.8811,0
ILS,20130326,0.8963,0.8963,0.8963,0.8963,0
ILS,20130327,0.8974,0.8974,0.8974,0.8974,0
ILS,20130328,0.8989,0.8989,0.8989,0.8989,0
ILS,20130329,0.8949,0.8949,0.8949,0.8949,0
ILS,20130402,0.8953,0.8953,0.8953,0.8953,0
ILS,20130403,0.9046,0.9046,0.9046,0.9046,0
ILS,20130404,0.9050,0.9050,0.9050,0.9050,0
ILS,20130405,0.8926,0.8926,0.8926,0.8926,0
ILS,20130408,0.8835,0.8835,0.8835,0.8835,0
ILS,20130409,0.8735,0.8735,0.8735,0.8735,0
ILS,20130410,0.8661,0.8661,0.8661,0.8661,0
ILS,20130411,0.8646,0.8646,0.8646,0.8646,0
ILS,20130412,0.8687,0.8687,0.8687,0.8687,0
ILS,20130415,0.8682,0.8682,0.8682,0.8682,0
ILS,20130416,0.8674,0.8674,0.8674,0.8674,0
ILS,20130417,0.8602,0.8602,0.8602,0.8602,0
ILS,20130418,0.8681,0.8681,0.8681,0.8681,0
ILS,20130419,0.8658,0.8658,0.8658,0.8658,0
ILS,20130422,0.8661,0.8661,0.8661,0.8661,0
ILS,20130423,0.8774,0.8774,0.8774,0.8774,0
ILS,20130424,0.8780,0.8780,0.8780,0.8780,0
ILS,20130425,0.8818,0.8818,0.8818,0.8818,0
ILS,20130426,0.8864,0.8864,0.8864,0.8864,0
ILS,20130429,0.8807,0.8807,0.8807,0.8807,0
ILS,20130430,0.8823,0.8823,0.8823,0.8823,0
ILS,20130502,0.8819,0.8819,0.8819,0.8819,0
ILS,20130506,0.8869,0.8869,0.8869,0.8869,0
ILS,20130507,0.8903,0.8903,0.8903,0.8903,0
ILS,20130508,0.8862,0.8862,0.8862,0.8862,0
ILS,20130509,0.8794,0.8794,0.8794,0.8794,0
ILS,20130510,0.8949,0.8949,0.8949,0.8949,0
ILS,20130513,0.8980,0.8980,0.8980,0.8980,0
ILS,20130514,0.8798,0.8798,0.8798,0.8798,0
ILS,20130515,0.8892,0.8892,0.8892,0.8892,0
ILS,20130516,0.8914,0.8914,0.8914,0.8914,0
ILS,20130517,0.8914,0.8914,0.8914,0.8914,0
ILS,20130520,0.8862,0.8862,0.8862,0.8862,0
ILS,20130521,0.8851,0.8851,0.8851,0.8851,0
ILS,20130522,0.8824,0.8824,0.8824,0.8824,0
ILS,20130523,0.8814,0.8814,0.8814,0.8814,0
ILS,20130524,0.8763,0.8763,0.8763,0.8763,0
ILS,20130527,0.8788,0.8788,0.8788,0.8788,0
ILS,20130528,0.8770,0.8770,0.8770,0.8770,0
ILS,20130529,0.8861,0.8861,0.8861,0.8861,0
ILS,20130531,0.8951,0.8951,0.8951,0.8951,0
ILS,20130603,0.8909,0.8909,0.8909,0.8909,0
ILS,20130604,0.8847,0.8847,0.8847,0.8847,0
ILS,20130605,0.8838,0.8838,0.8838,0.8838,0
ILS,20130606,0.8903,0.8903,0.8903,0.8903,0
ILS,20130607,0.8970,0.8970,0.8970,0.8970,0
ILS,20130610,0.8880,0.8880,0.8880,0.8880,0
ILS,20130611,0.8834,0.8834,0.8834,0.8834,0
ILS,20130612,0.8823,0.8823,0.8823,0.8823,0
ILS,20130613,0.8854,0.8854,0.8854,0.8854,0
ILS,20130614,0.8777,0.8777,0.8777,0.8777,0
ILS,20130617,0.8808,0.8808,0.8808,0.8808,0
ILS,20130618,0.8823,0.8823,0.8823,0.8823,0
ILS,20130619,0.8838,0.8838,0.8838,0.8838,0
ILS,20130620,0.9025,0.9025,0.9025,0.9025,0
ILS,20130621,0.9011,0.9011,0.9011,0.9011,0
ILS,20130624,0.9083,0.9083,0.9083,0.9083,0
ILS,20130625,0.9079,0.9079,0.9079,0.9079,0
ILS,20130626,0.9193,0.9193,0.9193,0.9193,0
ILS,20130627,0.9144,0.9144,0.9144,0.9144,0
ILS,20130628,0.9149,0.9149,0.9149,0.9149,0
ILS,20130701,0.9100,0.9100,0.9100,0.9100,0
ILS,20130702,0.9143,0.9143,0.9143,0.9143,0
ILS,20130703,0.9166,0.9166,0.9166,0.9166,0
ILS,20130704,0.9162,0.9162,0.9162,0.9162,0
ILS,20130705,0.9118,0.9118,0.9118,0.9118,0
ILS,20130708,0.9168,0.9168,0.9168,0.9168,0
ILS,20130709,0.9173,0.9173,0.9173,0.9173,0
ILS,20130710,0.9261,0.9261,0.9261,0.9261,0
ILS,20130711,0.9181,0.9181,0.9181,0.9181,0
ILS,20130712,0.9205,0.9205,0.9205,0.9205,0
ILS,20130715,0.9148,0.9148,0.9148,0.9148,0
ILS,20130716,0.9153,0.9153,0.9153,0.9153,0
ILS,20130717,0.9072,0.9072,0.9072,0.9072,0
ILS,20130718,0.8993,0.8993,0.8993,0.8993,0
ILS,20130719,0.9032,0.9032,0.9032,0.9032,0
ILS,20130722,0.9003,0.9003,0.9003,0.9003,0
ILS,20130723,0.8975,0.8975,0.8975,0.8975,0
ILS,20130724,0.8886,0.8886,0.8886,0.8886,0
ILS,20130725,0.8947,0.8947,0.8947,0.8947,0
ILS,20130726,0.8883,0.8883,0.8883,0.8883,0
ILS,20130729,0.8869,0.8869,0.8869,0.8869,0
ILS,20130730,0.8880,0.8880,0.8880,0.8880,0
ILS,20130731,0.8960,0.8960,0.8960,0.8960,0
ILS,20130801,0.8965,0.8965,0.8965,0.8965,0
ILS,20130802,0.9030,0.9030,0.9030,0.9030,0
ILS,20130805,0.8919,0.8919,0.8919,0.8919,0
ILS,20130806,0.8904,0.8904,0.8904,0.8904,0
ILS,20130807,0.8930,0.8930,0.8930,0.8930,0
ILS,20130808,0.8878,0.8878,0.8878,0.8878,0
ILS,20130809,0.8876,0.8876,0.8876,0.8876,0
ILS,20130812,0.8890,0.8890,0.8890,0.8890,0
ILS,20130813,0.8875,0.8875,0.8875,0.8875,0
ILS,20130814,0.8870,0.8870,0.8870,0.8870,0
ILS,20130816,0.8891,0.8891,0.8891,0.8891,0
ILS,20130819,0.8915,0.8915,0.8915,0.8915,0
ILS,20130820,0.8878,0.8878,0.8878,0.8878,0
ILS,20130821,0.8893,0.8893,0.8893,0.8893,0
ILS,20130822,0.8872,0.8872,0.8872,0.8872,0
ILS,20130823,0.8821,0.8821,0.8821,0.8821,0
ILS,20130826,0.8806,0.8806,0.8806,0.8806,0
ILS,20130827,0.8724,0.8724,0.8724,0.8724,0
ILS,20130828,0.8712,0.8712,0.8712,0.8712,0
ILS,20130829,0.8866,0.8866,0.8866,0.8866,0
ILS,20130830,0.8936,0.8936,0.8936,0.8936,0
ILS,20130902,0.8914,0.8914,0.8914,0.8914,0
ILS,20130903,0.8922,0.8922,0.8922,0.8922,0
ILS,20130904,0.8917,0.8917,0.8917,0.8917,0
ILS,20130905,0.8875,0.8875,0.8875,0.8875,0
ILS,20130906,0.8973,0.8973,0.8973,0.8973,0
ILS,20130909,0.8923,0.8923,0.8923,0.8923,0
ILS,20130910,0.8929,0.8929,0.8929,0.8929,0
ILS,20130911,0.8965,0.8965,0.8965,0.8965,0
ILS,20130912,0.8921,0.8921,0.8921,0.8921,0
ILS,20130913,0.8943,0.8943,0.8943,0.8943,0
ILS,20130916,0.8926,0.8926,0.8926,0.8926,0
ILS,20130917,0.8916,0.8916,0.8916,0.8916,0
ILS,20130918,0.8960,0.8960,0.8960,0.8960,0
ILS,20130919,0.8828,0.8828,0.8828,0.8828,0
ILS,20130920,0.8910,0.8910,0.8910,0.8910,0
ILS,20130923,0.8887,0.8887,0.8887,0.8887,0
ILS,20130924,0.8879,0.8879,0.8879,0.8879,0
ILS,20130925,0.8777,0.8777,0.8777,0.8777,0
ILS,20130926,0.8792,0.8792,0.8792,0.8792,0
ILS,20130927,0.8775,0.8775,0.8775,0.8775,0
ILS,20130930,0.8828,0.8828,0.8828,0.8828,0
ILS,20131001,0.8846,0.8846,0.8846,0.8846,0
ILS,20131002,0.8826,0.8826,0.8826,0.8826,0
ILS,20131003,0.8755,0.8755,0.8755,0.8755,0
ILS,20131004,0.8716,0.8716,0.8716,0.8716,0
ILS,20131007,0.8737,0.8737,0.8737,0.8737,0
ILS,20131008,0.8694,0.8694,0.8694,0.8694,0
ILS,20131009,0.8702,0.8702,0.8702,0.8702,0
ILS,20131010,0.8717,0.8717,0.8717,0.8717,0
ILS,20131011,0.8662,0.8662,0.8662,0.8662,0
ILS,20131014,0.8741,0.8741,0.8741,0.8741,0
ILS,20131015,0.8712,0.8712,0.8712,0.8712,0
ILS,20131016,0.8677,0.8677,0.8677,0.8677,0
ILS,20131017,0.8655,0.8655,0.8655,0.8655,0
ILS,20131018,0.8634,0.8634,0.8634,0.8634,0
ILS,20131021,0.8644,0.8644,0.8644,0.8644,0
ILS,20131022,0.8653,0.8653,0.8653,0.8653,0
ILS,20131023,0.8639,0.8639,0.8639,0.8639,0
ILS,20131024,0.8639,0.8639,0.8639,0.8639,0
ILS,20131025,0.8597,0.8597,0.8597,0.8597,0
ILS,20131028,0.8567,0.8567,0.8567,0.8567,0
ILS,20131029,0.8628,0.8628,0.8628,0.8628,0
ILS,20131030,0.8649,0.8649,0.8649,0.8649,0
ILS,20131031,0.8670,0.8670,0.8670,0.8670,0
ILS,20131104,0.8767,0.8767,0.8767,0.8767,0
ILS,20131105,0.8766,0.8766,0.8766,0.8766,0
ILS,20131106,0.8755,0.8755,0.8755,0.8755,0
ILS,20131107,0.8728,0.8728,0.8728,0.8728,0
ILS,20131108,0.8822,0.8822,0.8822,0.8822,0
ILS,20131112,0.8897,0.8897,0.8897,0.8897,0
ILS,20131113,0.8874,0.8874,0.8874,0.8874,0
ILS,20131114,0.8821,0.8821,0.8821,0.8821,0
ILS,20131115,0.8850,0.8850,0.8850,0.8850,0
ILS,20131118,0.8784,0.8784,0.8784,0.8784,0
ILS,20131119,0.8780,0.8780,0.8780,0.8780,0
ILS,20131120,0.8748,0.8748,0.8748,0.8748,0
ILS,20131121,0.8754,0.8754,0.8754,0.8754,0
ILS,20131122,0.8740,0.8740,0.8740,0.8740,0
ILS,20131125,0.8714,0.8714,0.8714,0.8714,0
ILS,20131126,0.8733,0.8733,0.8733,0.8733,0
ILS,20131127,0.8739,0.8739,0.8739,0.8739,0
ILS,20131128,0.8732,0.8732,0.8732,0.8732,0
ILS,20131129,0.8760,0.8760,0.8760,0.8760,0
ILS,20131202,0.8779,0.8779,0.8779,0.8779,0
ILS,20131203,0.8790,0.8790,0.8790,0.8790,0
ILS,20131204,0.8780,0.8780,0.8780,0.8780,0
ILS,20131205,0.8759,0.8759,0.8759,0.8759,0
ILS,20131206,0.8742,0.8742,0.8742,0.8742,0
ILS,20131209,0.8722,0.8722,0.8722,0.8722,0
ILS,20131210,0.8702,0.8702,0.8702,0.8702,0
ILS,20131211,0.8673,0.8673,0.8673,0.8673,0
ILS,20131212,0.8658,0.8658,0.8658,0.8658,0
ILS,20131213,0.8710,0.8710,0.8710,0.8710,0
ILS,20131216,0.8664,0.8664,0.8664,0.8664,0
ILS,20131217,0.8656,0.8656,0.8656,0.8656,0
ILS,20131218,0.8672,0.8672,0.8672,0.8672,0
ILS,20131219,0.8684,0.8684,0.8684,0.8684,0
ILS,20131220,0.8689,0.8689,0.8689,0.8689,0
ILS,20131223,0.8677,0.8677,0.8677,0.8677,0
ILS,20131224,0.8697,0.8697,0.8697,0.8697,0
ILS,20131227,0.8626,0.8626,0.8626,0.8626,0
ILS,20131230,0.8667,0.8667,0.8667,0.8667,0
ILS,20131231,0.8682,0.8682,0.8682,0.8682,0
ILS,20140102,0.8697,0.8697,0.8697,0.8697,0
ILS,20140103,0.8713,0.8713,0.8713,0.8713,0
ILS,20140107,0.8771,0.8771,0.8771,0.8771,0
ILS,20140108,0.8762,0.8762,0.8762,0.8762,0
ILS,20140109,0.8768,0.8768,0.8768,0.8768,0
ILS,20140110,0.8806,0.8806,0.8806,0.8806,0
ILS,20140113,0.8735,0.8735,0.8735,0.8735,0
ILS,20140114,0.8709,0.8709,0.8709,0.8709,0
ILS,20140115,0.8751,0.8751,0.8751,0.8751,0
ILS,20140116,0.8749,0.8749,0.8749,0.8749,0
ILS,20140117,0.8771,0.8771,0.8771,0.8771,0
ILS,20140120,0.8787,0.8787,0.8787,0.8787,0
ILS,20140121,0.8806,0.8806,0.8806,0.8806,0
ILS,20140122,0.8815,0.8815,0.8815,0.8815,0
ILS,20140123,0.8767,0.8767,0.8767,0.8767,0
ILS,20140124,0.8825,0.8825,0.8825,0.8825,0
ILS,20140127,0.8837,0.8837,0.8837,0.8837,0
ILS,20140128,0.8779,0.8779,0.8779,0.8779,0
ILS,20140129,0.8825,0.8825,0.8825,0.8825,0
ILS,20140130,0.8923,0.8923,0.8923,0.8923,0
ILS,20140131,0.8943,0.8943,0.8943,0.8943,0
ILS,20140203,0.8921,0.8921,0.8921,0.8921,0
ILS,20140204,0.8849,0.8849,0.8849,0.8849,0
ILS,20140205,0.8752,0.8752,0.8752,0.8752,0
ILS,20140206,0.8751,0.8751,0.8751,0.8751,0
ILS,20140207,0.8736,0.8736,0.8736,0.8736,0
ILS,20140210,0.8704,0.8704,0.8704,0.8704,0
ILS,20140211,0.8689,0.8689,0.8689,0.8689,0
ILS,20140212,0.8679,0.8679,0.8679,0.8679,0
ILS,20140213,0.8699,0.8699,0.8699,0.8699,0
ILS,20140214,0.8652,0.8652,0.8652,0.8652,0
ILS,20140217,0.8625,0.8625,0.8625,0.8625,0
ILS,20140218,0.8630,0.8630,0.8630,0.8630,0
ILS,20140219,0.8630,0.8630,0.8630,0.8630,0
ILS,20140220,0.8687,0.8687,0.8687,0.8687,0
ILS,20140221,0.8663,0.8663,0.8663,0.8663,0
ILS,20140224,0.8635,0.8635,0.8635,0.8635,0
ILS,20140225,0.8604,0.8604,0.8604,0.8604,0
ILS,20140226,0.8599,0.8599,0.8599,0.8599,0
ILS,20140227,0.8714,0.8714,0.8714,0.8714,0
ILS,20140228,0.8671,0.8671,0.8671,0.8671,0
ILS,20140303,0.8729,0.8729,0.8729,0.8729,0
ILS,20140304,0.8732,0.8732,0.8732,0.8732,0
ILS,20140305,0.8738,0.8738,0.8738,0.8738,0
ILS,20140306,0.8736,0.8736,0.8736,0.8736,0
ILS,20140307,0.8677,0.8677,0.8677,0.8677,0
ILS,20140310,0.8727,0.8727,0.8727,0.8727,0
ILS,20140311,0.8756,0.8756,0.8756,0.8756,0
ILS,20140312,0.8799,0.8799,0.8799,0.8799,0
ILS,20140313,0.8733,0.8733,0.8733,0.8733,0
ILS,20140314,0.8783,0.8783,0.8783,0.8783,0
ILS,20140317,0.8796,0.8796,0.8796,0.8796,0
ILS,20140318,0.8787,0.8787,0.8787,0.8787,0
ILS,20140319,0.8733,0.8733,0.8733,0.8733,0
ILS,20140320,0.8777,0.8777,0.8777,0.8777,0
ILS,20140321,0.8747,0.8747,0.8747,0.8747,0
ILS,20140324,0.8753,0.8753,0.8753,0.8753,0
ILS,20140325,0.8707,0.8707,0.8707,0.8707,0
ILS,20140326,0.8707,0.8707,0.8707,0.8707,0
ILS,20140327,0.8660,0.8660,0.8660,0.8660,0
ILS,20140328,0.8663,0.8663,0.8663,0.8663,0
ILS,20140331,0.8695,0.8695,0.8695,0.8695,0
ILS,20140401,0.8693,0.8693,0.8693,0.8693,0
ILS,20140402,0.8714,0.8714,0.8714,0.8714,0
ILS,20140403,0.8725,0.8725,0.8725,0.8725,0
ILS,20140404,0.8754,0.8754,0.8754,0.8754,0
ILS,20140407,0.8721,0.8721,0.8721,0.8721,0
ILS,20140408,0.8708,0.8708,0.8708,0.8708,0
ILS,20140409,0.8671,0.8671,0.8671,0.8671,0
ILS,20140410,0.8687,0.8687,0.8687,0.8687,0
ILS,20140411,0.8691,0.8691,0.8691,0.8691,0
ILS,20140414,0.8723,0.8723,0.8723,0.8723,0
ILS,20140415,0.8743,0.8743,0.8743,0.8743,0
ILS,20140416,0.8724,0.8724,0.8724,0.8724,0
ILS,20140417,0.8729,0.8729,0.8729,0.8729,0
ILS,20140418,0.8701,0.8701,0.8701,0.8701,0
ILS,20140422,0.8716,0.8716,0.8716,0.8716,0
ILS,20140423,0.8669,0.8669,0.8669,0.8669,0
ILS,20140424,0.8695,0.8695,0.8695,0.8695,0
ILS,20140425,0.8756,0.8756,0.8756,0.8756,0
ILS,20140428,0.8733,0.8733,0.8733,0.8733,0
ILS,20140429,0.8735,0.8735,0.8735,0.8735,0
ILS,20140430,0.8771,0.8771,0.8771,0.8771,0
ILS,20140502,0.8765,0.8765,0.8765,0.8765,0
ILS,20140505,0.8764,0.8764,0.8764,0.8764,0
ILS,20140506,0.8742,0.8742,0.8742,0.8742,0
ILS,20140507,0.8755,0.8755,0.8755,0.8755,0
ILS,20140508,0.8720,0.8720,0.8720,0.8720,0
ILS,20140509,0.8760,0.8760,0.8760,0.8760,0
ILS,20140512,0.8762,0.8762,0.8762,0.8762,0
ILS,20140513,0.8793,0.8793,0.8793,0.8793,0
ILS,20140514,0.8816,0.8816,0.8816,0.8816,0
ILS,20140515,0.8854,0.8854,0.8854,0.8854,0
ILS,20140516,0.8834,0.8834,0.8834,0.8834,0
ILS,20140519,0.8837,0.8837,0.8837,0.8837,0
ILS,20140520,0.8865,0.8865,0.8865,0.8865,0
ILS,20140521,0.8748,0.8748,0.8748,0.8748,0
ILS,20140522,0.8749,0.8749,0.8749,0.8749,0
ILS,20140523,0.8735,0.8735,0.8735,0.8735,0
ILS,20140526,0.8735,0.8735,0.8735,0.8735,0
ILS,20140527,0.8774,0.8774,0.8774,0.8774,0
ILS,20140528,0.8778,0.8778,0.8778,0.8778,0
ILS,20140529,0.8743,0.8743,0.8743,0.8743,0
ILS,20140530,0.8759,0.8759,0.8759,0.8759,0
ILS,20140602,0.8746,0.8746,0.8746,0.8746,0
ILS,20140603,0.8760,0.8760,0.8760,0.8760,0
ILS,20140604,0.8778,0.8778,0.8778,0.8778,0
ILS,20140605,0.8705,0.8705,0.8705,0.8705,0
ILS,20140606,0.8741,0.8741,0.8741,0.8741,0
ILS,20140609,0.8693,0.8693,0.8693,0.8693,0
ILS,20140610,0.8754,0.8754,0.8754,0.8754,0
ILS,20140611,0.8779,0.8779,0.8779,0.8779,0
ILS,20140612,0.8775,0.8775,0.8775,0.8775,0
ILS,20140613,0.8803,0.8803,0.8803,0.8803,0
ILS,20140616,0.8861,0.8861,0.8861,0.8861,0
ILS,20140617,0.8836,0.8836,0.8836,0.8836,0
ILS,20140618,0.8836,0.8836,0.8836,0.8836,0
ILS,20140620,0.8855,0.8855,0.8855,0.8855,0
ILS,20140623,0.8868,0.8868,0.8868,0.8868,0
ILS,20140624,0.8890,0.8890,0.8890,0.8890,0
ILS,20140625,0.8845,0.8845,0.8845,0.8845,0
ILS,20140626,0.8849,0.8849,0.8849,0.8849,0
ILS,20140627,0.8871,0.8871,0.8871,0.8871,0
ILS,20140630,0.8877,0.8877,0.8877,0.8877,0
ILS,20140701,0.8849,0.8849,0.8849,0.8849,0
ILS,20140702,0.8869,0.8869,0.8869,0.8869,0
ILS,20140703,0.8886,0.8886,0.8886,0.8886,0
ILS,20140704,0.8927,0.8927,0.8927,0.8927,0
ILS,20140707,0.8914,0.8914,0.8914,0.8914,0
ILS,20140708,0.8877,0.8877,0.8877,0.8877,0
ILS,20140709,0.8823,0.8823,0.8823,0.8823,0
ILS,20140710,0.8844,0.8844,0.8844,0.8844,0
ILS,20140711,0.8874,0.8874,0.8874,0.8874,0
ILS,20140714,0.8867,0.8867,0.8867,0.8867,0
ILS,20140715,0.8944,0.8944,0.8944,0.8944,0
ILS,20140716,0.8946,0.8946,0.8946,0.8946,0
ILS,20140717,0.8962,0.8962,0.8962,0.8962,0
ILS,20140718,0.8960,0.8960,0.8960,0.8960,0
ILS,20140721,0.8972,0.8972,0.8972,0.8972,0
ILS,20140722,0.8992,0.8992,0.8992,0.8992,0
ILS,20140723,0.8988,0.8988,0.8988,0.8988,0
ILS,20140724,0.9005,0.9005,0.9005,0.9005,0
ILS,20140725,0.9012,0.9012,0.9012,0.9012,0
ILS,20140728,0.9009,0.9009,0.9009,0.9009,0
ILS,20140729,0.9011,0.9011,0.9011,0.9011,0
ILS,20140730,0.9035,0.9035,0.9035,0.9035,0
ILS,20140731,0.9067,0.9067,0.9067,0.9067,0
ILS,20140801,0.9143,0.9143,0.9143,0.9143,0
ILS,20140804,0.9108,0.9108,0.9108,0.9108,0
ILS,20140805,0.9119,0.9119,0.9119,0.9119,0
ILS,20140806,0.9174,0.9174,0.9174,0.9174,0
ILS,20140807,0.9107,0.9107,0.9107,0.9107,0
ILS,20140808,0.9081,0.9081,0.9081,0.9081,0
ILS,20140811,0.9048,0.9048,0.9048,0.9048,0
ILS,20140812,0.9050,0.9050,0.9050,0.9050,0
ILS,20140813,0.9020,0.9020,0.9020,0.9020,0
ILS,20140814,0.9002,0.9002,0.9002,0.9002,0
ILS,20140818,0.8957,0.8957,0.8957,0.8957,0
ILS,20140819,0.8895,0.8895,0.8895,0.8895,0
ILS,20140820,0.8912,0.8912,0.8912,0.8912,0
ILS,20140821,0.8930,0.8930,0.8930,0.8930,0
ILS,20140822,0.8955,0.8955,0.8955,0.8955,0
ILS,20140825,0.8932,0.8932,0.8932,0.8932,0
ILS,20140826,0.8841,0.8841,0.8841,0.8841,0
ILS,20140827,0.8890,0.8890,0.8890,0.8890,0
ILS,20140828,0.8940,0.8940,0.8940,0.8940,0
ILS,20140829,0.8961,0.8961,0.8961,0.8961,0
ILS,20140901,0.8950,0.8950,0.8950,0.8950,0
ILS,20140902,0.8975,0.8975,0.8975,0.8975,0
ILS,20140903,0.8928,0.8928,0.8928,0.8928,0
ILS,20140904,0.8924,0.8924,0.8924,0.8924,0
ILS,20140905,0.8976,0.8976,0.8976,0.8976,0
ILS,20140908,0.8974,0.8974,0.8974,0.8974,0
ILS,20140909,0.9022,0.9022,0.9022,0.9022,0
ILS,20140910,0.8984,0.8984,0.8984,0.8984,0
ILS,20140911,0.8951,0.8951,0.8951,0.8951,0
ILS,20140912,0.8937,0.8937,0.8937,0.8937,0
ILS,20140915,0.8957,0.8957,0.8957,0.8957,0
ILS,20140916,0.8911,0.8911,0.8911,0.8911,0
ILS,20140917,0.8855,0.8855,0.8855,0.8855,0
ILS,20140918,0.8892,0.8892,0.8892,0.8892,0
ILS,20140919,0.8926,0.8926,0.8926,0.8926,0
ILS,20140922,0.8916,0.8916,0.8916,0.8916,0
ILS,20140923,0.8860,0.8860,0.8860,0.8860,0
ILS,20140924,0.8859,0.8859,0.8859,0.8859,0
ILS,20140925,0.8930,0.8930,0.8930,0.8930,0
ILS,20140926,0.8911,0.8911,0.8911,0.8911,0
ILS,20140929,0.8959,0.8959,0.8959,0.8959,0
ILS,20140930,0.8944,0.8944,0.8944,0.8944,0
ILS,20141001,0.9017,0.9017,0.9017,0.9017,0
ILS,20141002,0.9072,0.9072,0.9072,0.9072,0
ILS,20141003,0.9039,0.9039,0.9039,0.9039,0
ILS,20141006,0.9077,0.9077,0.9077,0.9077,0
ILS,20141007,0.8991,0.8991,0.8991,0.8991,0
ILS,20141008,0.8868,0.8868,0.8868,0.8868,0
ILS,20141009,0.8868,0.8868,0.8868,0.8868,0
ILS,20141010,0.8866,0.8866,0.8866,0.8866,0
ILS,20141013,0.8842,0.8842,0.8842,0.8842,0
ILS,20141014,0.8851,0.8851,0.8851,0.8851,0
ILS,20141015,0.8923,0.8923,0.8923,0.8923,0
ILS,20141016,0.8934,0.8934,0.8934,0.8934,0
ILS,20141017,0.8877,0.8877,0.8877,0.8877,0
ILS,20141020,0.8866,0.8866,0.8866,0.8866,0
ILS,20141021,0.8842,0.8842,0.8842,0.8842,0
ILS,20141022,0.8889,0.8889,0.8889,0.8889,0
ILS,20141023,0.8873,0.8873,0.8873,0.8873,0
ILS,20141024,0.8806,0.8806,0.8806,0.8806,0
ILS,20141027,0.8803,0.8803,0.8803,0.8803,0
ILS,20141028,0.8840,0.8840,0.8840,0.8840,0
ILS,20141029,0.8853,0.8853,0.8853,0.8853,0
ILS,20141030,0.8908,0.8908,0.8908,0.8908,0
ILS,20141031,0.8836,0.8836,0.8836,0.8836,0
ILS,20141103,0.8898,0.8898,0.8898,0.8898,0
ILS,20141104,0.8906,0.8906,0.8906,0.8906,0
ILS,20141105,0.8929,0.8929,0.8929,0.8929,0
ILS,20141106,0.8915,0.8915,0.8915,0.8915,0
ILS,20141107,0.8941,0.8941,0.8941,0.8941,0
ILS,20141110,0.8917,0.8917,0.8917,0.8917,0
ILS,20141112,0.8903,0.8903,0.8903,0.8903,0
ILS,20141113,0.8888,0.8888,0.8888,0.8888,0
ILS,20141114,0.8899,0.8899,0.8899,0.8899,0
ILS,20141117,0.8852,0.8852,0.8852,0.8852,0
ILS,20141118,0.8792,0.8792,0.8792,0.8792,0
ILS,20141119,0.8747,0.8747,0.8747,0.8747,0
ILS,20141120,0.8750,0.8750,0.8750,0.8750,0
ILS,20141121,0.8799,0.8799,0.8799,0.8799,0
ILS,20141124,0.8764,0.8764,0.8764,0.8764,0
ILS,20141125,0.8732,0.8732,0.8732,0.8732,0
ILS,20141126,0.8686,0.8686,0.8686,0.8686,0
ILS,20141127,0.8647,0.8647,0.8647,0.8647,0
ILS,20141128,0.8643,0.8643,0.8643,0.8643,0
ILS,20141201,0.8567,0.8567,0.8567,0.8567,0
ILS,20141202,0.8444,0.8444,0.8444,0.8444,0
ILS,20141203,0.8454,0.8454,0.8454,0.8454,0
ILS,20141204,0.8462,0.8462,0.8462,0.8462,0
ILS,20141205,0.8488,0.8488,0.8488,0.8488,0
ILS,20141208,0.8513,0.8513,0.8513,0.8513,0
ILS,20141209,0.8535,0.8535,0.8535,0.8535,0
ILS,20141210,0.8517,0.8517,0.8517,0.8517,0
ILS,20141211,0.8548,0.8548,0.8548,0.8548,0
ILS,20141212,0.8624,0.8624,0.8624,0.8624,0
ILS,20141215,0.8591,0.8591,0.8591,0.8591,0
ILS,20141216,0.8501,0.8501,0.8501,0.8501,0
ILS,20141217,0.8646,0.8646,0.8646,0.8646,0
ILS,20141218,0.8743,0.8743,0.8743,0.8743,0
ILS,20141219,0.8854,0.8854,0.8854,0.8854,0
ILS,20141222,0.8875,0.8875,0.8875,0.8875,0
ILS,20141223,0.8917,0.8917,0.8917,0.8917,0
ILS,20141224,0.8994,0.8994,0.8994,0.8994,0
ILS,20141229,0.8978,0.8978,0.8978,0.8978,0
ILS,20141230,0.9068,0.9068,0.9068,0.9068,0
ILS,20141231,0.9031,0.9031,0.9031,0.9031,0
ILS,20150102,0.9104,0.9104,0.9104,0.9104,0
ILS,20150105,0.9134,0.9134,0.9134,0.9134,0
ILS,20150107,0.9160,0.9160,0.9160,0.9160,0
ILS,20150108,0.9169,0.9169,0.9169,0.9169,0
ILS,20150109,0.9170,0.9170,0.9170,0.9170,0
ILS,20150112,0.9174,0.9174,0.9174,0.9174,0
ILS,20150113,0.9212,0.9212,0.9212,0.9212,0
ILS,20150114,0.9263,0.9263,0.9263,0.9263,0
ILS,20150115,0.9397,0.9397,0.9397,0.9397,0
ILS,20150116,0.9507,0.9507,0.9507,0.9507,0
ILS,20150119,0.9436,0.9436,0.9436,0.9436,0
ILS,20150120,0.9514,0.9514,0.9514,0.9514,0
ILS,20150121,0.9473,0.9473,0.9473,0.9473,0
ILS,20150122,0.9394,0.9394,0.9394,0.9394,0
ILS,20150123,0.9493,0.9493,0.9493,0.9493,0
ILS,20150126,0.9399,0.9399,0.9399,0.9399,0
ILS,20150127,0.9375,0.9375,0.9375,0.9375,0
ILS,20150128,0.9437,0.9437,0.9437,0.9437,0
ILS,20150129,0.9508,0.9508,0.9508,0.9508,0
ILS,20150130,0.9449,0.9449,0.9449,0.9449,0
ILS,20150202,0.9353,0.9353,0.9353,0.9353,0
ILS,20150203,0.9381,0.9381,0.9381,0.9381,0
ILS,20150204,0.9340,0.9340,0.9340,0.9340,0
ILS,20150205,0.9415,0.9415,0.9415,0.9415,0
ILS,20150206,0.9420,0.9420,0.9420,0.9420,0
ILS,20150209,0.9493,0.9493,0.9493,0.9493,0
ILS,20150210,0.9576,0.9576,0.9576,0.9576,0
ILS,20150211,0.9616,0.9616,0.9616,0.9616,0
ILS,20150212,0.9504,0.9504,0.9504,0.9504,0
ILS,20150213,0.9422,0.9422,0.9422,0.9422,0
ILS,20150216,0.9370,0.9370,0.9370,0.9370,0
ILS,20150217,0.9499,0.9499,0.9499,0.9499,0
ILS,20150218,0.9570,0.9570,0.9570,0.9570,0
ILS,20150219,0.9550,0.9550,0.9550,0.9550,0
ILS,20150220,0.9559,0.9559,0.9559,0.9559,0
ILS,20150223,0.9564,0.9564,0.9564,0.9564,0
ILS,20150224,0.9385,0.9385,0.9385,0.9385,0
ILS,20150225,0.9313,0.9313,0.9313,0.9313,0
ILS,20150226,0.9286,0.9286,0.9286,0.9286,0
ILS,20150227,0.9293,0.9293,0.9293,0.9293,0
ILS,20150302,0.9275,0.9275,0.9275,0.9275,0
ILS,20150303,0.9312,0.9312,0.9312,0.9312,0
ILS,20150304,0.9410,0.9410,0.9410,0.9410,0
ILS,20150305,0.9393,0.9393,0.9393,0.9393,0
ILS,20150306,0.9394,0.9394,0.9394,0.9394,0
ILS,20150309,0.9428,0.9428,0.9428,0.9428,0
ILS,20150310,0.9525,0.9525,0.9525,0.9525,0
ILS,20150311,0.9656,0.9656,0.9656,0.9656,0
ILS,20150312,0.9675,0.9675,0.9675,0.9675,0
ILS,20150313,0.9747,0.9747,0.9747,0.9747,0
ILS,20150316,0.9762,0.9762,0.9762,0.9762,0
ILS,20150317,0.9731,0.9731,0.9731,0.9731,0
ILS,20150318,0.9745,0.9745,0.9745,0.9745,0
ILS,20150319,0.9635,0.9635,0.9635,0.9635,0
ILS,20150320,0.9539,0.9539,0.9539,0.9539,0
ILS,20150323,0.9478,0.9478,0.9478,0.9478,0
ILS,20150324,0.9537,0.9537,0.9537,0.9537,0
ILS,20150325,0.9470,0.9470,0.9470,0.9470,0
ILS,20150326,0.9371,0.9371,0.9371,0.9371,0
ILS,20150327,0.9515,0.9515,0.9515,0.9515,0
ILS,20150330,0.9509,0.9509,0.9509,0.9509,0
ILS,20150331,0.9586,0.9586,0.9586,0.9586,0
ILS,20150401,0.9526,0.9526,0.9526,0.9526,0
ILS,20150402,0.9499,0.9499,0.9499,0.9499,0
ILS,20150403,0.9502,0.9502,0.9502,0.9502,0
ILS,20150407,0.9496,0.9496,0.9496,0.9496,0
ILS,20150408,0.9432,0.9432,0.9432,0.9432,0
ILS,20150409,0.9490,0.9490,0.9490,0.9490,0
ILS,20150410,0.9523,0.9523,0.9523,0.9523,0
ILS,20150413,0.9496,0.9496,0.9496,0.9496,0
ILS,20150414,0.9519,0.9519,0.9519,0.9519,0
ILS,20150415,0.9499,0.9499,0.9499,0.9499,0
ILS,20150416,0.9517,0.9517,0.9517,0.9517,0
ILS,20150417,0.9510,0.9510,0.9510,0.9510,0
ILS,20150420,0.9491,0.9491,0.9491,0.9491,0
ILS,20150421,0.9453,0.9453,0.9453,0.9453,0
ILS,20150422,0.9417,0.9417,0.9417,0.9417,0
ILS,20150423,0.9477,0.9477,0.9477,0.9477,0
ILS,20150424,0.9409,0.9409,0.9409,0.9409,0
ILS,20150427,0.9434,0.9434,0.9434,0.9434,0
ILS,20150428,0.9421,0.9421,0.9421,0.9421,0
ILS,20150429,0.9400,0.9400,0.9400,0.9400,0
ILS,20150430,0.9350,0.9350,0.9350,0.9350,0
ILS,20150504,0.9351,0.9351,0.9351,0.9351,0
ILS,20150505,0.9333,0.9333,0.9333,0.9333,0
ILS,20150506,0.9335,0.9335,0.9335,0.9335,0
ILS,20150507,0.9297,0.9297,0.9297,0.9297,0
ILS,20150508,0.9332,0.9332,0.9332,0.9332,0
ILS,20150511,0.9432,0.9432,0.9432,0.9432,0
ILS,20150512,0.9441,0.9441,0.9441,0.9441,0
ILS,20150513,0.9424,0.9424,0.9424,0.9424,0
ILS,20150514,0.9377,0.9377,0.9377,0.9377,0
ILS,20150515,0.9346,0.9346,0.9346,0.9346,0
ILS,20150518,0.9304,0.9304,0.9304,0.9304,0
ILS,20150519,0.9391,0.9391,0.9391,0.9391,0
ILS,20150520,0.9427,0.9427,0.9427,0.9427,0
ILS,20150521,0.9478,0.9478,0.9478,0.9478,0
ILS,20150522,0.9497,0.9497,0.9497,0.9497,0
ILS,20150525,0.9619,0.9619,0.9619,0.9619,0
ILS,20150526,0.9770,0.9770,0.9770,0.9770,0
ILS,20150527,0.9803,0.9803,0.9803,0.9803,0
ILS,20150528,0.9773,0.9773,0.9773,0.9773,0
ILS,20150529,0.9737,0.9737,0.9737,0.9737,0
ILS,20150601,0.9768,0.9768,0.9768,0.9768,0
ILS,20150602,0.9747,0.9747,0.9747,0.9747,0
ILS,20150603,0.9635,0.9635,0.9635,0.9635,0
ILS,20150605,0.9613,0.9613,0.9613,0.9613,0
ILS,20150608,0.9646,0.9646,0.9646,0.9646,0
ILS,20150609,0.9636,0.9636,0.9636,0.9636,0
ILS,20150610,0.9611,0.9611,0.9611,0.9611,0
ILS,20150611,0.9618,0.9618,0.9618,0.9618,0
ILS,20150612,0.9643,0.9643,0.9643,0.9643,0
ILS,20150615,0.9598,0.9598,0.9598,0.9598,0
ILS,20150616,0.9638,0.9638,0.9638,0.9638,0
ILS,20150617,0.9622,0.9622,0.9622,0.9622,0
ILS,20150618,0.9589,0.9589,0.9589,0.9589,0
ILS,20150619,0.9618,0.9618,0.9618,0.9618,0
ILS,20150622,0.9592,0.9592,0.9592,0.9592,0
ILS,20150623,0.9803,0.9803,0.9803,0.9803,0
ILS,20150624,0.9842,0.9842,0.9842,0.9842,0
ILS,20150625,0.9891,0.9891,0.9891,0.9891,0
ILS,20150626,0.9830,0.9830,0.9830,0.9830,0
ILS,20150629,0.9903,0.9903,0.9903,0.9903,0
ILS,20150630,0.9985,0.9985,0.9985,0.9985,0
ILS,20150701,0.9962,0.9962,0.9962,0.9962,0
ILS,20150702,0.9992,0.9992,0.9992,0.9992,0
ILS,20150703,1.0008,1.0008,1.0008,1.0008,0
ILS,20150706,1.0061,1.0061,1.0061,1.0061,0
ILS,20150707,1.0132,1.0132,1.0132,1.0132,0
ILS,20150708,1.0091,1.0091,1.0091,1.0091,0
ILS,20150709,1.0098,1.0098,1.0098,1.0098,0
ILS,20150710,0.9994,0.9994,0.9994,0.9994,0
ILS,20150713,0.9951,0.9951,0.9951,0.9951,0
ILS,20150714,0.9973,0.9973,0.9973,0.9973,0
ILS,20150715,0.9957,0.9957,0.9957,0.9957,0
ILS,20150716,0.9966,0.9966,0.9966,0.9966,0
ILS,20150717,0.9938,0.9938,0.9938,0.9938,0
ILS,20150720,0.9903,0.9903,0.9903,0.9903,0
ILS,20150721,0.9920,0.9920,0.9920,0.9920,0
ILS,20150722,0.9887,0.9887,0.9887,0.9887,0
ILS,20150723,0.9834,0.9834,0.9834,0.9834,0
ILS,20150724,0.9842,0.9842,0.9842,0.9842,0
ILS,20150727,0.9821,0.9821,0.9821,0.9821,0
ILS,20150728,0.9874,0.9874,0.9874,0.9874,0
ILS,20150729,0.9914,0.9914,0.9914,0.9914,0
ILS,20150730,0.9979,0.9979,0.9979,0.9979,0
ILS,20150731,1.0026,1.0026,1.0026,1.0026,0
ILS,20150803,1.0005,1.0005,1.0005,1.0005,0
ILS,20150804,0.9976,0.9976,0.9976,0.9976,0
ILS,20150805,1.0080,1.0080,1.0080,1.0080,0
ILS,20150806,1.0062,1.0062,1.0062,1.0062,0
ILS,20150807,1.0058,1.0058,1.0058,1.0058,0
ILS,20150810,1.0033,1.0033,1.0033,1.0033,0
ILS,20150811,1.0001,1.0001,1.0001,1.0001,0
ILS,20150812,0.9906,0.9906,0.9906,0.9906,0
ILS,20150813,0.9903,0.9903,0.9903,0.9903,0
ILS,20150814,0.9937,0.9937,0.9937,0.9937,0
ILS,20150817,0.9913,0.9913,0.9913,0.9913,0
ILS,20150818,0.9784,0.9784,0.9784,0.9784,0
ILS,20150819,0.9737,0.9737,0.9737,0.9737,0
ILS,20150820,0.9654,0.9654,0.9654,0.9654,0
ILS,20150821,0.9635,0.9635,0.9635,0.9635,0
ILS,20150824,0.9510,0.9510,0.9510,0.9510,0
ILS,20150825,0.9473,0.9473,0.9473,0.9473,0
ILS,20150826,0.9462,0.9462,0.9462,0.9462,0
ILS,20150827,0.9491,0.9491,0.9491,0.9491,0
ILS,20150828,0.9552,0.9552,0.9552,0.9552,0
ILS,20150831,0.9612,0.9612,0.9612,0.9612,0
ILS,20150901,0.9579,0.9579,0.9579,0.9579,0
ILS,20150902,0.9580,0.9580,0.9580,0.9580,0
ILS,20150903,0.9574,0.9574,0.9574,0.9574,0
ILS,20150904,0.9666,0.9666,0.9666,0.9666,0
ILS,20150907,0.9656,0.9656,0.9656,0.9656,0
ILS,20150908,0.9659,0.9659,0.9659,0.9659,0
ILS,20150909,0.9703,0.9703,0.9703,0.9703,0
ILS,20150910,0.9649,0.9649,0.9649,0.9649,0
ILS,20150911,0.9619,0.9619,0.9619,0.9619,0
ILS,20150914,0.9552,0.9552,0.9552,0.9552,0
ILS,20150915,0.9627,0.9627,0.9627,0.9627,0
ILS,20150916,0.9585,0.9585,0.9585,0.9585,0
ILS,20150917,0.9616,0.9616,0.9616,0.9616,0
ILS,20150918,0.9511,0.9511,0.9511,0.9511,0
ILS,20150921,0.9466,0.9466,0.9466,0.9466,0
ILS,20150922,0.9518,0.9518,0.9518,0.9518,0
ILS,20150923,0.9607,0.9607,0.9607,0.9607,0
ILS,20150924,0.9540,0.9540,0.9540,0.9540,0
ILS,20150925,0.9600,0.9600,0.9600,0.9600,0
ILS,20150928,0.9623,0.9623,0.9623,0.9623,0
ILS,20150929,0.9601,0.9601,0.9601,0.9601,0
ILS,20150930,0.9619,0.9619,0.9619,0.9619,0
ILS,20151001,0.9692,0.9692,0.9692,0.9692,0
ILS,20151002,0.9701,0.9701,0.9701,0.9701,0
ILS,20151005,0.9732,0.9732,0.9732,0.9732,0
ILS,20151006,0.9788,0.9788,0.9788,0.9788,0
ILS,20151007,0.9760,0.9760,0.9760,0.9760,0
ILS,20151008,0.9720,0.9720,0.9720,0.9720,0
ILS,20151009,0.9693,0.9693,0.9693,0.9693,0
ILS,20151012,0.9691,0.9691,0.9691,0.9691,0
ILS,20151013,0.9664,0.9664,0.9664,0.9664,0
ILS,20151014,0.9579,0.9579,0.9579,0.9579,0
ILS,20151015,0.9690,0.9690,0.9690,0.9690,0
ILS,20151016,0.9725,0.9725,0.9725,0.9725,0
ILS,20151019,0.9715,0.9715,0.9715,0.9715,0
ILS,20151020,0.9683,0.9683,0.9683,0.9683,0
ILS,20151021,0.9743,0.9743,0.9743,0.9743,0
ILS,20151022,0.9776,0.9776,0.9776,0.9776,0
ILS,20151023,0.9843,0.9843,0.9843,0.9843,0
ILS,20151026,0.9937,0.9937,0.9937,0.9937,0
ILS,20151027,0.9968,0.9968,0.9968,0.9968,0
ILS,20151028,1.0016,1.0016,1.0016,1.0016,0
ILS,20151029,1.0056,1.0056,1.0056,1.0056,0
ILS,20151030,1.0048,1.0048,1.0048,1.0048,0
ILS,20151102,0.9991,0.9991,0.9991,0.9991,0
ILS,20151103,0.9979,0.9979,0.9979,0.9979,0
ILS,20151104,1.0036,1.0036,1.0036,1.0036,0
ILS,20151105,0.9998,0.9998,0.9998,0.9998,0
ILS,20151106,1.0053,1.0053,1.0053,1.0053,0
ILS,20151109,1.0117,1.0117,1.0117,1.0117,0
ILS,20151110,1.0098,1.0098,1.0098,1.0098,0
ILS,20151112,1.0117,1.0117,1.0117,1.0117,0
ILS,20151113,1.0128,1.0128,1.0128,1.0128,0
ILS,20151116,1.0169,1.0169,1.0169,1.0169,0
ILS,20151117,1.0171,1.0171,1.0171,1.0171,0
ILS,20151118,1.0198,1.0198,1.0198,1.0198,0
ILS,20151119,1.0227,1.0227,1.0227,1.0227,0
ILS,20151120,1.0240,1.0240,1.0240,1.0240,0
ILS,20151123,1.0237,1.0237,1.0237,1.0237,0
ILS,20151124,1.0307,1.0307,1.0307,1.0307,0
ILS,20151125,1.0378,1.0378,1.0378,1.0378,0
ILS,20151126,1.0382,1.0382,1.0382,1.0382,0
ILS,20151127,1.0375,1.0375,1.0375,1.0375,0
ILS,20151130,1.0381,1.0381,1.0381,1.0381,0
ILS,20151201,1.0390,1.0390,1.0390,1.0390,0
ILS,20151202,1.0401,1.0401,1.0401,1.0401,0
ILS,20151203,1.0398,1.0398,1.0398,1.0398,0
ILS,20151204,1.0307,1.0307,1.0307,1.0307,0
ILS,20151207,1.0346,1.0346,1.0346,1.0346,0
ILS,20151208,1.0320,1.0320,1.0320,1.0320,0
ILS,20151209,1.0251,1.0251,1.0251,1.0251,0
ILS,20151210,1.0238,1.0238,1.0238,1.0238,0
ILS,20151211,1.0304,1.0304,1.0304,1.0304,0
ILS,20151214,1.0291,1.0291,1.0291,1.0291,0
ILS,20151215,1.0248,1.0248,1.0248,1.0248,0
ILS,20151216,1.0218,1.0218,1.0218,1.0218,0
ILS,20151217,1.0193,1.0193,1.0193,1.0193,0
ILS,20151218,1.0149,1.0149,1.0149,1.0149,0
ILS,20151221,1.0040,1.0040,1.0040,1.0040,0
ILS,20151222,0.9943,0.9943,0.9943,0.9943,0
ILS,20151223,0.9978,0.9978,0.9978,0.9978,0
ILS,20151224,0.9929,0.9929,0.9929,0.9929,0
ILS,20151228,0.9955,0.9955,0.9955,0.9955,0
ILS,20151229,0.9951,0.9951,0.9951,0.9951,0
ILS,20151230,0.9959,0.9959,0.9959,0.9959,0
ILS,20151231,0.9996,0.9996,0.9996,0.9996,0
ILS,20160104,1.0051,1.0051,1.0051,1.0051,0
ILS,20160105,1.0211,1.0211,1.0211,1.0211,0
ILS,20160107,1.0171,1.0171,1.0171,1.0171,0
ILS,20160108,1.0178,1.0178,1.0178,1.0178,0
ILS,20160111,1.0231,1.0231,1.0231,1.0231,0
ILS,20160112,1.0215,1.0215,1.0215,1.0215,0
ILS,20160113,1.0172,1.0172,1.0172,1.0172,0
ILS,20160114,1.0138,1.0138,1.0138,1.0138,0
ILS,20160115,1.0254,1.0254,1.0254,1.0254,0
ILS,20160118,1.0386,1.0386,1.0386,1.0386,0
ILS,20160119,1.0356,1.0356,1.0356,1.0356,0
ILS,20160120,1.0277,1.0277,1.0277,1.0277,0
ILS,20160121,1.0391,1.0391,1.0391,1.0391,0
ILS,20160122,1.0333,1.0333,1.0333,1.0333,0
ILS,20160125,1.0385,1.0385,1.0385,1.0385,0
ILS,20160126,1.0429,1.0429,1.0429,1.0429,0
ILS,20160127,1.0351,1.0351,1.0351,1.0351,0
ILS,20160128,1.0317,1.0317,1.0317,1.0317,0
ILS,20160129,1.0305,1.0305,1.0305,1.0305,0
ILS,20160201,1.0262,1.0262,1.0262,1.0262,0
ILS,20160202,1.0186,1.0186,1.0186,1.0186,0
ILS,20160203,1.0160,1.0160,1.0160,1.0160,0
ILS,20160204,1.0103,1.0103,1.0103,1.0103,0
ILS,20160205,1.0157,1.0157,1.0157,1.0157,0
ILS,20160208,1.0182,1.0182,1.0182,1.0182,0
ILS,20160209,1.0237,1.0237,1.0237,1.0237,0
ILS,20160210,1.0195,1.0195,1.0195,1.0195,0
ILS,20160211,1.0099,1.0099,1.0099,1.0099,0
ILS,20160212,1.0071,1.0071,1.0071,1.0071,0
ILS,20160215,1.0098,1.0098,1.0098,1.0098,0
ILS,20160216,1.0079,1.0079,1.0079,1.0079,0
ILS,20160217,1.0105,1.0105,1.0105,1.0105,0
ILS,20160218,1.0113,1.0113,1.0113,1.0113,0
ILS,20160219,1.0103,1.0103,1.0103,1.0103,0
ILS,20160222,1.0091,1.0091,1.0091,1.0091,0
ILS,20160223,1.0142,1.0142,1.0142,1.0142,0
ILS,20160224,1.0140,1.0140,1.0140,1.0140,0
ILS,20160225,1.0145,1.0145,1.0145,1.0145,0
ILS,20160226,1.0137,1.0137,1.0137,1.0137,0
ILS,20160229,1.0221,1.0221,1.0221,1.0221,0
ILS,20160301,1.0228,1.0228,1.0228,1.0228,0
ILS,20160302,1.0244,1.0244,1.0244,1.0244,0
ILS,20160303,1.0225,1.0225,1.0225,1.0225,0
ILS,20160304,1.0124,1.0124,1.0124,1.0124,0
ILS,20160307,1.0114,1.0114,1.0114,1.0114,0
ILS,20160308,1.0054,1.0054,1.0054,1.0054,0
ILS,20160309,1.0072,1.0072,1.0072,1.0072,0
ILS,20160310,1.0092,1.0092,1.0092,1.0092,0
ILS,20160311,1.0030,1.0030,1.0030,1.0030,0
ILS,20160314,0.9922,0.9922,0.9922,0.9922,0
ILS,20160315,0.9926,0.9926,0.9926,0.9926,0
ILS,20160316,0.9935,0.9935,0.9935,0.9935,0
ILS,20160317,0.9881,0.9881,0.9881,0.9881,0
ILS,20160318,0.9824,0.9824,0.9824,0.9824,0
ILS,20160321,0.9830,0.9830,0.9830,0.9830,0
ILS,20160322,0.9863,0.9863,0.9863,0.9863,0
ILS,20160323,0.9885,0.9885,0.9885,0.9885,0
ILS,20160324,0.9965,0.9965,0.9965,0.9965,0
ILS,20160325,0.9942,0.9942,0.9942,0.9942,0
ILS,20160329,0.9924,0.9924,0.9924,0.9924,0
ILS,20160330,0.9892,0.9892,0.9892,0.9892,0
ILS,20160331,0.9963,0.9963,0.9963,0.9963,0
ILS,20160401,0.9822,0.9822,0.9822,0.9822,0
ILS,20160404,0.9849,0.9849,0.9849,0.9849,0
ILS,20160405,0.9846,0.9846,0.9846,0.9846,0
ILS,20160406,0.9834,0.9834,0.9834,0.9834,0
ILS,20160407,0.9893,0.9893,0.9893,0.9893,0
ILS,20160408,0.9962,0.9962,0.9962,0.9962,0
ILS,20160411,0.9946,0.9946,0.9946,0.9946,0
ILS,20160412,0.9954,0.9954,0.9954,0.9954,0
ILS,20160413,1.0008,1.0008,1.0008,1.0008,0
ILS,20160414,1.0083,1.0083,1.0083,1.0083,0
ILS,20160415,1.0089,1.0089,1.0089,1.0089,0
ILS,20160418,1.0069,1.0069,1.0069,1.0069,0
ILS,20160419,1.0053,1.0053,1.0053,1.0053,0
ILS,20160420,1.0054,1.0054,1.0054,1.0054,0
ILS,20160421,1.0076,1.0076,1.0076,1.0076,0
ILS,20160422,1.0173,1.0173,1.0173,1.0173,0
ILS,20160425,1.0326,1.0326,1.0326,1.0326,0
ILS,20160426,1.0339,1.0339,1.0339,1.0339,0
ILS,20160427,1.0299,1.0299,1.0299,1.0299,0
ILS,20160428,1.0299,1.0299,1.0299,1.0299,0
ILS,20160429,1.0334,1.0334,1.0334,1.0334,0
ILS,20160502,1.0195,1.0195,1.0195,1.0195,0
ILS,20160504,1.0147,1.0147,1.0147,1.0147,0
ILS,20160505,1.0178,1.0178,1.0178,1.0178,0
ILS,20160506,1.0234,1.0234,1.0234,1.0234,0
ILS,20160509,1.0254,1.0254,1.0254,1.0254,0
ILS,20160510,1.0282,1.0282,1.0282,1.0282,0
ILS,20160511,1.0305,1.0305,1.0305,1.0305,0
ILS,20160512,1.0320,1.0320,1.0320,1.0320,0
ILS,20160513,1.0282,1.0282,1.0282,1.0282,0
ILS,20160516,1.0196,1.0196,1.0196,1.0196,0
ILS,20160517,1.0105,1.0105,1.0105,1.0105,0
ILS,20160518,1.0169,1.0169,1.0169,1.0169,0
ILS,20160519,1.0164,1.0164,1.0164,1.0164,0
ILS,20160520,1.0165,1.0165,1.0165,1.0165,0
ILS,20160523,1.0191,1.0191,1.0191,1.0191,0
ILS,20160524,1.0287,1.0287,1.0287,1.0287,0
ILS,20160525,1.0289,1.0289,1.0289,1.0289,0
ILS,20160527,1.0250,1.0250,1.0250,1.0250,0
ILS,20160530,1.0253,1.0253,1.0253,1.0253,0
ILS,20160531,1.0229,1.0229,1.0229,1.0229,0
ILS,20160601,1.0226,1.0226,1.0226,1.0226,0
ILS,20160602,1.0177,1.0177,1.0177,1.0177,0
ILS,20160603,1.0178,1.0178,1.0178,1.0178,0
ILS,20160606,1.0071,1.0071,1.0071,1.0071,0
ILS,20160607,1.0049,1.0049,1.0049,1.0049,0
ILS,20160608,0.9942,0.9942,0.9942,0.9942,0
ILS,20160609,0.9919,0.9919,0.9919,0.9919,0
ILS,20160610,1.0015,1.0015,1.0015,1.0015,0
ILS,20160613,1.0069,1.0069,1.0069,1.0069,0
ILS,20160614,1.0212,1.0212,1.0212,1.0212,0
ILS,20160615,1.0154,1.0154,1.0154,1.0154,0
ILS,20160616,1.0203,1.0203,1.0203,1.0203,0
ILS,20160617,1.0183,1.0183,1.0183,1.0183,0
ILS,20160620,1.0031,1.0031,1.0031,1.0031,0
ILS,20160621,1.0029,1.0029,1.0029,1.0029,0
ILS,20160622,1.0087,1.0087,1.0087,1.0087,0
ILS,20160623,1.0050,1.0050,1.0050,1.0050,0
ILS,20160624,1.0298,1.0298,1.0298,1.0298,0
ILS,20160627,1.0325,1.0325,1.0325,1.0325,0
ILS,20160628,1.0326,1.0326,1.0326,1.0326,0
ILS,20160629,1.0332,1.0332,1.0332,1.0332,0
ILS,20160630,1.0346,1.0346,1.0346,1.0346,0
ILS,20160701,1.0269,1.0269,1.0269,1.0269,0
ILS,20160704,1.0338,1.0338,1.0338,1.0338,0
ILS,20160705,1.0342,1.0342,1.0342,1.0342,0
ILS,20160706,1.0316,1.0316,1.0316,1.0316,0
ILS,20160707,1.0310,1.0310,1.0310,1.0310,0
ILS,20160708,1.0305,1.0305,1.0305,1.0305,0
ILS,20160711,1.0319,1.0319,1.0319,1.0319,0
ILS,20160712,1.0279,1.0279,1.0279,1.0279,0
ILS,20160713,1.0275,1.0275,1.0275,1.0275,0
ILS,20160714,1.0292,1.0292,1.0292,1.0292,0
ILS,20160715,1.0298,1.0298,1.0298,1.0298,0
ILS,20160718,1.0322,1.0322,1.0322,1.0322,0
ILS,20160719,1.0264,1.0264,1.0264,1.0264,0
ILS,20160720,1.0300,1.0300,1.0300,1.0300,0
ILS,20160721,1.0296,1.0296,1.0296,1.0296,0
ILS,20160722,1.0289,1.0289,1.0289,1.0289,0
ILS,20160725,1.0326,1.0326,1.0326,1.0326,0
ILS,20160726,1.0323,1.0323,1.0323,1.0323,0
ILS,20160727,1.0351,1.0351,1.0351,1.0351,0
ILS,20160728,1.0308,1.0308,1.0308,1.0308,0
ILS,20160729,1.0277,1.0277,1.0277,1.0277,0
ILS,20160801,1.0253,1.0253,1.0253,1.0253,0
ILS,20160802,1.0192,1.0192,1.0192,1.0192,0
ILS,20160803,1.0071,1.0071,1.0071,1.0071,0
ILS,20160804,1.0086,1.0086,1.0086,1.0086,0
ILS,20160805,1.0076,1.0076,1.0076,1.0076,0
ILS,20160808,1.0091,1.0091,1.0091,1.0091,0
ILS,20160809,1.0071,1.0071,1.0071,1.0071,0
ILS,20160810,1.0029,1.0029,1.0029,1.0029,0
ILS,20160811,1.0019,1.0019,1.0019,1.0019,0
ILS,20160812,1.0028,1.0028,1.0028,1.0028,0
ILS,20160816,1.0019,1.0019,1.0019,1.0019,0
ILS,20160817,1.0037,1.0037,1.0037,1.0037,0
ILS,20160818,1.0016,1.0016,1.0016,1.0016,0
ILS,20160819,1.0046,1.0046,1.0046,1.0046,0
ILS,20160822,1.0096,1.0096,1.0096,1.0096,0
ILS,20160823,1.0099,1.0099,1.0099,1.0099,0
ILS,20160824,1.0123,1.0123,1.0123,1.0123,0
ILS,20160825,1.0136,1.0136,1.0136,1.0136,0
ILS,20160826,1.0197,1.0197,1.0197,1.0197,0
ILS,20160829,1.0247,1.0247,1.0247,1.0247,0
ILS,20160830,1.0265,1.0265,1.0265,1.0265,0
ILS,20160831,1.0315,1.0315,1.0315,1.0315,0
ILS,20160901,1.0354,1.0354,1.0354,1.0354,0
ILS,20160902,1.0387,1.0387,1.0387,1.0387,0
ILS,20160905,1.0339,1.0339,1.0339,1.0339,0
ILS,20160906,1.0333,1.0333,1.0333,1.0333,0
ILS,20160907,1.0209,1.0209,1.0209,1.0209,0
ILS,20160908,1.0193,1.0193,1.0193,1.0193,0
ILS,20160909,1.0227,1.0227,1.0227,1.0227,0
ILS,20160912,1.0256,1.0256,1.0256,1.0256,0
ILS,20160913,1.0272,1.0272,1.0272,1.0272,0
ILS,20160914,1.0220,1.0220,1.0220,1.0220,0
ILS,20160915,1.0189,1.0189,1.0189,1.0189,0
ILS,20160916,1.0238,1.0238,1.0238,1.0238,0
ILS,20160919,1.0222,1.0222,1.0222,1.0222,0
ILS,20160920,1.0188,1.0188,1.0188,1.0188,0
ILS,20160921,1.0216,1.0216,1.0216,1.0216,0
ILS,20160922,1.0149,1.0149,1.0149,1.0149,0
ILS,20160923,1.0188,1.0188,1.0188,1.0188,0
ILS,20160926,1.0172,1.0172,1.0172,1.0172,0
ILS,20160927,1.0194,1.0194,1.0194,1.0194,0
ILS,20160928,1.0186,1.0186,1.0186,1.0186,0
ILS,20160929,1.0223,1.0223,1.0223,1.0223,0
ILS,20160930,1.0254,1.0254,1.0254,1.0254,0
ILS,20161003,1.0199,1.0199,1.0199,1.0199,0
ILS,20161004,1.0221,1.0221,1.0221,1.0221,0
ILS,20161005,1.0153,1.0153,1.0153,1.0153,0
ILS,20161006,1.0167,1.0167,1.0167,1.0167,0
ILS,20161007,1.0153,1.0153,1.0153,1.0153,0
ILS,20161010,1.0117,1.0117,1.0117,1.0117,0
ILS,20161011,1.0136,1.0136,1.0136,1.0136,0
ILS,20161012,1.0185,1.0185,1.0185,1.0185,0
ILS,20161013,1.0259,1.0259,1.0259,1.0259,0
ILS,20161014,1.0212,1.0212,1.0212,1.0212,0
ILS,20161017,1.0267,1.0267,1.0267,1.0267,0
ILS,20161018,1.0265,1.0265,1.0265,1.0265,0
ILS,20161019,1.0272,1.0272,1.0272,1.0272,0
ILS,20161020,1.0273,1.0273,1.0273,1.0273,0
ILS,20161021,1.0342,1.0342,1.0342,1.0342,0
ILS,20161024,1.0280,1.0280,1.0280,1.0280,0
ILS,20161025,1.0280,1.0280,1.0280,1.0280,0
ILS,20161026,1.0293,1.0293,1.0293,1.0293,0
ILS,20161027,1.0347,1.0347,1.0347,1.0347,0
ILS,20161028,1.0297,1.0297,1.0297,1.0297,0
ILS,20161031,1.0266,1.0266,1.0266,1.0266,0
ILS,20161102,1.0222,1.0222,1.0222,1.0222,0
ILS,20161103,1.0220,1.0220,1.0220,1.0220,0
ILS,20161104,1.0208,1.0208,1.0208,1.0208,0
ILS,20161107,1.0276,1.0276,1.0276,1.0276,0
ILS,20161108,1.0273,1.0273,1.0273,1.0273,0
ILS,20161109,1.0342,1.0342,1.0342,1.0342,0
ILS,20161110,1.0391,1.0391,1.0391,1.0391,0
ILS,20161114,1.0593,1.0593,1.0593,1.0593,0
ILS,20161115,1.0630,1.0630,1.0630,1.0630,0
ILS,20161116,1.0750,1.0750,1.0750,1.0750,0
ILS,20161117,1.0758,1.0758,1.0758,1.0758,0
ILS,20161118,1.0837,1.0837,1.0837,1.0837,0
ILS,20161121,1.0787,1.0787,1.0787,1.0787,0
ILS,20161122,1.0750,1.0750,1.0750,1.0750,0
ILS,20161123,1.0767,1.0767,1.0767,1.0767,0
ILS,20161124,1.0814,1.0814,1.0814,1.0814,0
ILS,20161125,1.0747,1.0747,1.0747,1.0747,0
ILS,20161128,1.0746,1.0746,1.0746,1.0746,0
ILS,20161129,1.0893,1.0893,1.0893,1.0893,0
ILS,20161130,1.0887,1.0887,1.0887,1.0887,0
ILS,20161201,1.0960,1.0960,1.0960,1.0960,0
ILS,20161202,1.1011,1.1011,1.1011,1.1011,0
ILS,20161205,1.1056,1.1056,1.1056,1.1056,0
ILS,20161206,1.0995,1.0995,1.0995,1.0995,0
ILS,20161207,1.0839,1.0839,1.0839,1.0839,0
ILS,20161208,1.0857,1.0857,1.0857,1.0857,0
ILS,20161209,1.0945,1.0945,1.0945,1.0945,0
ILS,20161212,1.0998,1.0998,1.0998,1.0998,0
ILS,20161213,1.1018,1.1018,1.1018,1.1018,0
ILS,20161214,1.0988,1.0988,1.0988,1.0988,0
ILS,20161215,1.1027,1.1027,1.1027,1.1027,0
ILS,20161216,1.0972,1.0972,1.0972,1.0972,0
ILS,20161219,1.0926,1.0926,1.0926,1.0926,0
ILS,20161220,1.1013,1.1013,1.1013,1.1013,0
ILS,20161221,1.1063,1.1063,1.1063,1.1063,0
ILS,20161222,1.1031,1.1031,1.1031,1.1031,0
ILS,20161223,1.1013,1.1013,1.1013,1.1013,0
ILS,20161227,1.0960,1.0960,1.0960,1.0960,0
ILS,20161228,1.0963,1.0963,1.0963,1.0963,0
ILS,20161229,1.0971,1.0971,1.0971,1.0971,0
ILS,20161230,1.0866,1.0866,1.0866,1.0866,0
ILS,20170102,1.0936,1.0936,1.0936,1.0936,0
ILS,20170103,1.0977,1.0977,1.0977,1.0977,0
ILS,20170104,1.0911,1.0911,1.0911,1.0911,0
ILS,20170105,1.0812,1.0812,1.0812,1.0812,0
ILS,20170109,1.0786,1.0786,1.0786,1.0786,0
ILS,20170110,1.0737,1.0737,1.0737,1.0737,0
ILS,20170111,1.0755,1.0755,1.0755,1.0755,0
ILS,20170112,1.0739,1.0739,1.0739,1.0739,0
ILS,20170113,1.0758,1.0758,1.0758,1.0758,0
ILS,20170116,1.0807,1.0807,1.0807,1.0807,0
ILS,20170117,1.0735,1.0735,1.0735,1.0735,0
ILS,20170118,1.0726,1.0726,1.0726,1.0726,0
ILS,20170119,1.0761,1.0761,1.0761,1.0761,0
ILS,20170120,1.0760,1.0760,1.0760,1.0760,0
ILS,20170123,1.0730,1.0730,1.0730,1.0730,0
ILS,20170124,1.0734,1.0734,1.0734,1.0734,0
ILS,20170125,1.0721,1.0721,1.0721,1.0721,0
ILS,20170126,1.0719,1.0719,1.0719,1.0719,0
ILS,20170127,1.0694,1.0694,1.0694,1.0694,0
ILS,20170130,1.0699,1.0699,1.0699,1.0699,0
ILS,20170131,1.0731,1.0731,1.0731,1.0731,0
ILS,20170201,1.0637,1.0637,1.0637,1.0637,0
ILS,20170202,1.0584,1.0584,1.0584,1.0584,0
ILS,20170203,1.0646,1.0646,1.0646,1.0646,0
ILS,20170206,1.0630,1.0630,1.0630,1.0630,0
ILS,20170207,1.0730,1.0730,1.0730,1.0730,0
ILS,20170208,1.0783,1.0783,1.0783,1.0783,0
ILS,20170209,1.0775,1.0775,1.0775,1.0775,0
ILS,20170210,1.0800,1.0800,1.0800,1.0800,0
ILS,20170213,1.0810,1.0810,1.0810,1.0810,0
ILS,20170214,1.0816,1.0816,1.0816,1.0816,0
ILS,20170215,1.0873,1.0873,1.0873,1.0873,0
ILS,20170216,1.0860,1.0860,1.0860,1.0860,0
ILS,20170217,1.0951,1.0951,1.0951,1.0951,0
ILS,20170220,1.0980,1.0980,1.0980,1.0980,0
ILS,20170221,1.1033,1.1033,1.1033,1.1033,0
ILS,20170222,1.1032,1.1032,1.1032,1.1032,0
ILS,20170223,1.1020,1.1020,1.1020,1.1020,0
ILS,20170224,1.0997,1.0997,1.0997,1.0997,0
ILS,20170227,1.1055,1.1055,1.1055,1.1055,0
ILS,20170228,1.1111,1.1111,1.1111,1.1111,0
ILS,20170301,1.1180,1.1180,1.1180,1.1180,0
ILS,20170302,1.1052,1.1052,1.1052,1.1052,0
ILS,20170303,1.1091,1.1091,1.1091,1.1091,0
ILS,20170306,1.1021,1.1021,1.1021,1.1021,0
ILS,20170307,1.1106,1.1106,1.1106,1.1106,0
ILS,20170308,1.1088,1.1088,1.1088,1.1088,0
ILS,20170309,1.1054,1.1054,1.1054,1.1054,0
ILS,20170310,1.1088,1.1088,1.1088,1.1088,0
ILS,20170313,1.1127,1.1127,1.1127,1.1127,0
ILS,20170314,1.1116,1.1116,1.1116,1.1116,0
ILS,20170315,1.1122,1.1122,1.1122,1.1122,0
ILS,20170316,1.1093,1.1093,1.1093,1.1093,0
ILS,20170317,1.0999,1.0999,1.0999,1.0999,0
ILS,20170320,1.0965,1.0965,1.0965,1.0965,0
ILS,20170321,1.0916,1.0916,1.0916,1.0916,0
ILS,20170322,1.0857,1.0857,1.0857,1.0857,0
ILS,20170323,1.0867,1.0867,1.0867,1.0867,0
ILS,20170324,1.0843,1.0843,1.0843,1.0843,0
ILS,20170327,1.0853,1.0853,1.0853,1.0853,0
ILS,20170328,1.0837,1.0837,1.0837,1.0837,0
ILS,20170329,1.0838,1.0838,1.0838,1.0838,0
ILS,20170330,1.0894,1.0894,1.0894,1.0894,0
ILS,20170331,1.0869,1.0869,1.0869,1.0869,0
ILS,20170403,1.0932,1.0932,1.0932,1.0932,0
ILS,20170404,1.0958,1.0958,1.0958,1.0958,0
ILS,20170405,1.0889,1.0889,1.0889,1.0889,0
ILS,20170406,1.0907,1.0907,1.0907,1.0907,0
ILS,20170407,1.0880,1.0880,1.0880,1.0880,0
ILS,20170410,1.0917,1.0917,1.0917,1.0917,0
ILS,20170411,1.0927,1.0927,1.0927,1.0927,0
ILS,20170412,1.0947,1.0947,1.0947,1.0947,0
ILS,20170413,1.0929,1.0929,1.0929,1.0929,0
ILS,20170414,1.0893,1.0893,1.0893,1.0893,0
ILS,20170418,1.0881,1.0881,1.0881,1.0881,0
ILS,20170419,1.0775,1.0775,1.0775,1.0775,0
ILS,20170420,1.0812,1.0812,1.0812,1.0812,0
ILS,20170421,1.0830,1.0830,1.0830,1.0830,0
ILS,20170424,1.0698,1.0698,1.0698,1.0698,0
ILS,20170425,1.0657,1.0657,1.0657,1.0657,0
ILS,20170426,1.0663,1.0663,1.0663,1.0663,0
ILS,20170427,1.0650,1.0650,1.0650,1.0650,0
ILS,20170428,1.0700,1.0700,1.0700,1.0700,0
ILS,20170502,1.0731,1.0731,1.0731,1.0731,0
ILS,20170504,1.0672,1.0672,1.0672,1.0672,0
ILS,20170505,1.0655,1.0655,1.0655,1.0655,0
ILS,20170508,1.0661,1.0661,1.0661,1.0661,0
ILS,20170509,1.0750,1.0750,1.0750,1.0750,0
ILS,20170510,1.0741,1.0741,1.0741,1.0741,0
ILS,20170511,1.0729,1.0729,1.0729,1.0729,0
ILS,20170512,1.0756,1.0756,1.0756,1.0756,0
ILS,20170515,1.0678,1.0678,1.0678,1.0678,0
ILS,20170516,1.0551,1.0551,1.0551,1.0551,0
ILS,20170517,1.0484,1.0484,1.0484,1.0484,0
ILS,20170518,1.0498,1.0498,1.0498,1.0498,0
ILS,20170519,1.0507,1.0507,1.0507,1.0507,0
ILS,20170522,1.0450,1.0450,1.0450,1.0450,0
ILS,20170523,1.0419,1.0419,1.0419,1.0419,0
ILS,20170524,1.0445,1.0445,1.0445,1.0445,0
ILS,20170525,1.0387,1.0387,1.0387,1.0387,0
ILS,20170526,1.0425,1.0425,1.0425,1.0425,0
ILS,20170529,1.0460,1.0460,1.0460,1.0460,0
ILS,20170530,1.0516,1.0516,1.0516,1.0516,0
ILS,20170531,1.0532,1.0532,1.0532,1.0532,0
ILS,20170601,1.0508,1.0508,1.0508,1.0508,0
ILS,20170602,1.0487,1.0487,1.0487,1.0487,0
ILS,20170605,1.0450,1.0450,1.0450,1.0450,0
ILS,20170606,1.0514,1.0514,1.0514,1.0514,0
ILS,20170607,1.0511,1.0511,1.0511,1.0511,0
ILS,20170608,1.0564,1.0564,1.0564,1.0564,0
ILS,20170609,1.0606,1.0606,1.0606,1.0606,0
ILS,20170612,1.0572,1.0572,1.0572,1.0572,0
ILS,20170613,1.0565,1.0565,1.0565,1.0565,0
ILS,20170614,1.0634,1.0634,1.0634,1.0634,0
ILS,20170616,1.0705,1.0705,1.0705,1.0705,0
ILS,20170619,1.0676,1.0676,1.0676,1.0676,0
ILS,20170620,1.0730,1.0730,1.0730,1.0730,0
ILS,20170621,1.0742,1.0742,1.0742,1.0742,0
ILS,20170622,1.0720,1.0720,1.0720,1.0720,0
ILS,20170623,1.0685,1.0685,1.0685,1.0685,0
ILS,20170626,1.0651,1.0651,1.0651,1.0651,0
ILS,20170627,1.0643,1.0643,1.0643,1.0643,0
ILS,20170628,1.0579,1.0579,1.0579,1.0579,0
ILS,20170629,1.0620,1.0620,1.0620,1.0620,0
ILS,20170630,1.0603,1.0603,1.0603,1.0603,0
ILS,20170703,1.0650,1.0650,1.0650,1.0650,0
ILS,20170704,1.0663,1.0663,1.0663,1.0663,0
ILS,20170705,1.0645,1.0645,1.0645,1.0645,0
ILS,20170706,1.0596,1.0596,1.0596,1.0596,0
ILS,20170707,1.0503,1.0503,1.0503,1.0503,0
ILS,20170710,1.0478,1.0478,1.0478,1.0478,0
ILS,20170711,1.0438,1.0438,1.0438,1.0438,0
ILS,20170712,1.0398,1.0398,1.0398,1.0398,0
ILS,20170713,1.0498,1.0498,1.0498,1.0498,0
ILS,20170714,1.0456,1.0456,1.0456,1.0456,0
ILS,20170717,1.0354,1.0354,1.0354,1.0354,0
ILS,20170718,1.0202,1.0202,1.0202,1.0202,0
ILS,20170719,1.0200,1.0200,1.0200,1.0200,0
ILS,20170720,1.0252,1.0252,1.0252,1.0252,0
ILS,20170721,1.0180,1.0180,1.0180,1.0180,0
ILS,20170724,1.0162,1.0162,1.0162,1.0162,0
ILS,20170725,1.0235,1.0235,1.0235,1.0235,0
ILS,20170726,1.0246,1.0246,1.0246,1.0246,0
ILS,20170727,1.0243,1.0243,1.0243,1.0243,0
ILS,20170728,1.0219,1.0219,1.0219,1.0219,0
ILS,20170731,1.0200,1.0200,1.0200,1.0200,0
ILS,20170801,1.0096,1.0096,1.0096,1.0096,0
ILS,20170802,1.0028,1.0028,1.0028,1.0028,0
ILS,20170803,1.0020,1.0020,1.0020,1.0020,0
ILS,20170804,0.9873,0.9873,0.9873,0.9873,0
ILS,20170807,0.9935,0.9935,0.9935,0.9935,0
ILS,20170808,0.9964,0.9964,0.9964,0.9964,0
ILS,20170809,1.0100,1.0100,1.0100,1.0100,0
ILS,20170810,1.0118,1.0118,1.0118,1.0118,0
ILS,20170811,1.0166,1.0166,1.0166,1.0166,0
ILS,20170814,1.0133,1.0133,1.0133,1.0133,0
ILS,20170816,1.0077,1.0077,1.0077,1.0077,0
ILS,20170817,1.0006,1.0006,1.0006,1.0006,0
ILS,20170818,1.0062,1.0062,1.0062,1.0062,0
ILS,20170821,1.0039,1.0039,1.0039,1.0039,0
ILS,20170822,1.0036,1.0036,1.0036,1.0036,0
ILS,20170823,1.0024,1.0024,1.0024,1.0024,0
ILS,20170824,1.0067,1.0067,1.0067,1.0067,0
ILS,20170825,1.0043,1.0043,1.0043,1.0043,0
ILS,20170828,0.9977,0.9977,0.9977,0.9977,0
ILS,20170829,0.9900,0.9900,0.9900,0.9900,0
ILS,20170830,0.9985,0.9985,0.9985,0.9985,0
ILS,20170831,0.9984,0.9984,0.9984,0.9984,0
ILS,20170901,0.9972,0.9972,0.9972,0.9972,0
ILS,20170904,0.9974,0.9974,0.9974,0.9974,0
ILS,20170905,0.9966,0.9966,0.9966,0.9966,0
ILS,20170906,0.9968,0.9968,0.9968,0.9968,0
ILS,20170907,1.0019,1.0019,1.0019,1.0019,0
ILS,20170908,1.0056,1.0056,1.0056,1.0056,0
ILS,20170911,1.0008,1.0008,1.0008,1.0008,0
ILS,20170912,1.0075,1.0075,1.0075,1.0075,0
ILS,20170913,1.0077,1.0077,1.0077,1.0077,0
ILS,20170914,1.0166,1.0166,1.0166,1.0166,0
ILS,20170915,1.0192,1.0192,1.0192,1.0192,0
ILS,20170918,1.0171,1.0171,1.0171,1.0171,0
ILS,20170919,1.0173,1.0173,1.0173,1.0173,0
ILS,20170920,1.0167,1.0167,1.0167,1.0167,0
ILS,20170921,1.0218,1.0218,1.0218,1.0218,0
ILS,20170922,1.0193,1.0193,1.0193,1.0193,0
ILS,20170925,1.0215,1.0215,1.0215,1.0215,0
ILS,20170926,1.0284,1.0284,1.0284,1.0284,0
ILS,20170927,1.0350,1.0350,1.0350,1.0350,0
ILS,20170928,1.0383,1.0383,1.0383,1.0383,0
ILS,20170929,1.0353,1.0353,1.0353,1.0353,0
ILS,20171002,1.0373,1.0373,1.0373,1.0373,0
ILS,20171003,1.0380,1.0380,1.0380,1.0380,0
ILS,20171004,1.0391,1.0391,1.0391,1.0391,0
ILS,20171005,1.0416,1.0416,1.0416,1.0416,0
ILS,20171006,1.0452,1.0452,1.0452,1.0452,0
ILS,20171009,1.0461,1.0461,1.0461,1.0461,0
ILS,20171010,1.0408,1.0408,1.0408,1.0408,0
ILS,20171011,1.0326,1.0326,1.0326,1.0326,0
ILS,20171012,1.0329,1.0329,1.0329,1.0329,0
ILS,20171013,1.0284,1.0284,1.0284,1.0284,0
ILS,20171016,1.0291,1.0291,1.0291,1.0291,0
ILS,20171017,1.0246,1.0246,1.0246,1.0246,0
ILS,20171018,1.0252,1.0252,1.0252,1.0252,0
ILS,20171019,1.0255,1.0255,1.0255,1.0255,0
ILS,20171020,1.0298,1.0298,1.0298,1.0298,0
ILS,20171023,1.0324,1.0324,1.0324,1.0324,0
ILS,20171024,1.0302,1.0302,1.0302,1.0302,0
ILS,20171025,1.0261,1.0261,1.0261,1.0261,0
ILS,20171026,1.0234,1.0234,1.0234,1.0234,0
ILS,20171027,1.0341,1.0341,1.0341,1.0341,0
ILS,20171030,1.0336,1.0336,1.0336,1.0336,0
ILS,20171031,1.0370,1.0370,1.0370,1.0370,0
ILS,20171102,1.0373,1.0373,1.0373,1.0373,0
ILS,20171103,1.0372,1.0372,1.0372,1.0372,0
