Name,Date,Open,High,Low,Close,Volume
AGI004,20120423,100.25,100.25,100.25,100.25,0
AGI004,20120424,100.27,100.27,100.27,100.27,0
AGI004,20120425,100.28,100.28,100.28,100.28,0
AGI004,20120426,100.28,100.28,100.28,100.28,0
AGI004,20120427,100.26,100.26,100.26,100.26,0
AGI004,20120430,100.29,100.29,100.29,100.29,0
AGI004,20120502,100.30,100.30,100.30,100.30,0
AGI004,20120504,100.32,100.32,100.32,100.32,0
AGI004,20120507,100.35,100.35,100.35,100.35,0
AGI004,20120508,100.36,100.36,100.36,100.36,0
AGI004,20120509,100.36,100.36,100.36,100.36,0
AGI004,20120510,100.38,100.38,100.38,100.38,0
AGI004,20120511,100.39,100.39,100.39,100.39,0
AGI004,20120514,100.59,100.59,100.59,100.59,0
AGI004,20120515,100.58,100.58,100.58,100.58,0
AGI004,20120516,100.61,100.61,100.61,100.61,0
AGI004,20120517,100.53,100.53,100.53,100.53,0
AGI004,20120518,100.55,100.55,100.55,100.55,0
AGI004,20120521,100.60,100.60,100.60,100.60,0
AGI004,20120522,100.61,100.61,100.61,100.61,0
AGI004,20120523,100.63,100.63,100.63,100.63,0
AGI004,20120524,100.63,100.63,100.63,100.63,0
AGI004,20120525,100.64,100.64,100.64,100.64,0
AGI004,20120528,100.69,100.69,100.69,100.69,0
AGI004,20120529,100.70,100.70,100.70,100.70,0
AGI004,20120530,100.68,100.68,100.68,100.68,0
AGI004,20120531,100.69,100.69,100.69,100.69,0
AGI004,20120601,100.70,100.70,100.70,100.70,0
AGI004,20120604,100.75,100.75,100.75,100.75,0
AGI004,20120605,100.75,100.75,100.75,100.75,0
AGI004,20120606,100.87,100.87,100.87,100.87,0
AGI004,20120608,100.88,100.88,100.88,100.88,0
AGI004,20120611,100.91,100.91,100.91,100.91,0
AGI004,20120612,100.89,100.89,100.89,100.89,0
AGI004,20120613,100.89,100.89,100.89,100.89,0
AGI004,20120614,100.89,100.89,100.89,100.89,0
AGI004,20120615,100.90,100.90,100.90,100.90,0
AGI004,20120618,100.93,100.93,100.93,100.93,0
AGI004,20120619,100.93,100.93,100.93,100.93,0
AGI004,20120620,100.93,100.93,100.93,100.93,0
AGI004,20120621,100.95,100.95,100.95,100.95,0
AGI004,20120622,101.00,101.00,101.00,101.00,0
AGI004,20120625,101.06,101.06,101.06,101.06,0
AGI004,20120626,101.08,101.08,101.08,101.08,0
AGI004,20120627,101.10,101.10,101.10,101.10,0
AGI004,20120628,101.12,101.12,101.12,101.12,0
AGI004,20120629,101.14,101.14,101.14,101.14,0
AGI004,20120702,101.20,101.20,101.20,101.20,0
AGI004,20120703,101.23,101.23,101.23,101.23,0
AGI004,20120704,101.25,101.25,101.25,101.25,0
AGI004,20120705,101.27,101.27,101.27,101.27,0
AGI004,20120706,101.28,101.28,101.28,101.28,0
AGI004,20120709,101.34,101.34,101.34,101.34,0
AGI004,20120710,101.34,101.34,101.34,101.34,0
AGI004,20120711,101.27,101.27,101.27,101.27,0
AGI004,20120712,101.30,101.30,101.30,101.30,0
AGI004,20120713,101.32,101.32,101.32,101.32,0
AGI004,20120716,101.37,101.37,101.37,101.37,0
AGI004,20120717,101.32,101.32,101.32,101.32,0
AGI004,20120718,101.34,101.34,101.34,101.34,0
AGI004,20120719,101.38,101.38,101.38,101.38,0
AGI004,20120720,101.40,101.40,101.40,101.40,0
AGI004,20120723,101.48,101.48,101.48,101.48,0
AGI004,20120724,101.48,101.48,101.48,101.48,0
AGI004,20120725,101.50,101.50,101.50,101.50,0
AGI004,20120726,101.52,101.52,101.52,101.52,0
AGI004,20120727,101.54,101.54,101.54,101.54,0
AGI004,20120730,101.61,101.61,101.61,101.61,0
AGI004,20120731,101.63,101.63,101.63,101.63,0
AGI004,20120801,101.78,101.78,101.78,101.78,0
AGI004,20120802,101.80,101.80,101.80,101.80,0
AGI004,20120803,101.77,101.77,101.77,101.77,0
AGI004,20120806,101.76,101.76,101.76,101.76,0
AGI004,20120807,101.77,101.77,101.77,101.77,0
AGI004,20120808,101.79,101.79,101.79,101.79,0
AGI004,20120809,101.81,101.81,101.81,101.81,0
AGI004,20120810,101.83,101.83,101.83,101.83,0
AGI004,20120813,101.89,101.89,101.89,101.89,0
AGI004,20120814,101.89,101.89,101.89,101.89,0
AGI004,20120816,101.93,101.93,101.93,101.93,0
AGI004,20120817,101.95,101.95,101.95,101.95,0
AGI004,20120820,101.98,101.98,101.98,101.98,0
AGI004,20120821,101.99,101.99,101.99,101.99,0
AGI004,20120822,102.04,102.04,102.04,102.04,0
AGI004,20120823,102.07,102.07,102.07,102.07,0
AGI004,20120824,102.10,102.10,102.10,102.10,0
AGI004,20120827,102.17,102.17,102.17,102.17,0
AGI004,20120828,102.17,102.17,102.17,102.17,0
AGI004,20120829,102.15,102.15,102.15,102.15,0
AGI004,20120830,102.17,102.17,102.17,102.17,0
AGI004,20120831,102.18,102.18,102.18,102.18,0
AGI004,20120903,101.99,101.99,101.99,101.99,0
AGI004,20120904,102.02,102.02,102.02,102.02,0
AGI004,20120905,102.03,102.03,102.03,102.03,0
AGI004,20120906,101.98,101.98,101.98,101.98,0
AGI004,20120907,102.00,102.00,102.00,102.00,0
AGI004,20120910,102.07,102.07,102.07,102.07,0
AGI004,20120911,102.08,102.08,102.08,102.08,0
AGI004,20120912,102.10,102.10,102.10,102.10,0
AGI004,20120913,102.12,102.12,102.12,102.12,0
AGI004,20120914,102.14,102.14,102.14,102.14,0
AGI004,20120917,102.23,102.23,102.23,102.23,0
AGI004,20120919,102.26,102.26,102.26,102.26,0
AGI004,20120920,102.31,102.31,102.31,102.31,0
AGI004,20120924,102.41,102.41,102.41,102.41,0
AGI004,20120925,102.42,102.42,102.42,102.42,0
AGI004,20120926,102.43,102.43,102.43,102.43,0
AGI004,20120927,102.46,102.46,102.46,102.46,0
AGI004,20120928,102.47,102.47,102.47,102.47,0
AGI004,20121001,102.53,102.53,102.53,102.53,0
AGI004,20121002,102.55,102.55,102.55,102.55,0
AGI004,20121003,102.58,102.58,102.58,102.58,0
AGI004,20121004,102.60,102.60,102.60,102.60,0
AGI004,20121005,102.63,102.63,102.63,102.63,0
AGI004,20121008,102.69,102.69,102.69,102.69,0
AGI004,20121009,102.71,102.71,102.71,102.71,0
AGI004,20121010,102.72,102.72,102.72,102.72,0
AGI004,20121012,102.76,102.76,102.76,102.76,0
AGI004,20121015,102.88,102.88,102.88,102.88,0
AGI004,20121016,102.99,102.99,102.99,102.99,0
AGI004,20121017,102.99,102.99,102.99,102.99,0
AGI004,20121018,103.01,103.01,103.01,103.01,0
AGI004,20121019,103.03,103.03,103.03,103.03,0
AGI004,20121022,103.10,103.10,103.10,103.10,0
AGI004,20121023,103.12,103.12,103.12,103.12,0
AGI004,20121024,103.14,103.14,103.14,103.14,0
AGI004,20121025,103.15,103.15,103.15,103.15,0
AGI004,20121026,103.22,103.22,103.22,103.22,0
AGI004,20121029,103.12,103.12,103.12,103.12,0
AGI004,20121030,103.10,103.10,103.10,103.10,0
AGI004,20121031,103.12,103.12,103.12,103.12,0
AGI004,20121102,103.12,103.12,103.12,103.12,0
AGI004,20121105,103.19,103.19,103.19,103.19,0
AGI004,20121106,103.21,103.21,103.21,103.21,0
AGI004,20121108,103.30,103.30,103.30,103.30,0
AGI004,20121109,103.32,103.32,103.32,103.32,0
AGI004,20121112,103.38,103.38,103.38,103.38,0
AGI004,20121113,103.41,103.41,103.41,103.41,0
AGI004,20121114,103.43,103.43,103.43,103.43,0
AGI004,20121115,103.45,103.45,103.45,103.45,0
AGI004,20121119,103.50,103.50,103.50,103.50,0
AGI004,20121120,103.52,103.52,103.52,103.52,0
AGI004,20121121,103.56,103.56,103.56,103.56,0
AGI004,20121122,103.59,103.59,103.59,103.59,0
AGI004,20121123,103.61,103.61,103.61,103.61,0
AGI004,20121126,103.68,103.68,103.68,103.68,0
AGI004,20121127,103.70,103.70,103.70,103.70,0
AGI004,20121128,103.72,103.72,103.72,103.72,0
AGI004,20121129,103.74,103.74,103.74,103.74,0
AGI004,20121130,103.76,103.76,103.76,103.76,0
AGI004,20121203,103.83,103.83,103.83,103.83,0
AGI004,20121204,103.85,103.85,103.85,103.85,0
AGI004,20121205,103.87,103.87,103.87,103.87,0
AGI004,20121206,103.90,103.90,103.90,103.90,0
AGI004,20121207,103.92,103.92,103.92,103.92,0
AGI004,20121210,103.99,103.99,103.99,103.99,0
AGI004,20121211,104.01,104.01,104.01,104.01,0
AGI004,20121212,104.03,104.03,104.03,104.03,0
AGI004,20121213,104.03,104.03,104.03,104.03,0
AGI004,20121214,104.06,104.06,104.06,104.06,0
AGI004,20121217,104.14,104.14,104.14,104.14,0
AGI004,20121218,104.17,104.17,104.17,104.17,0
AGI004,20121219,104.20,104.20,104.20,104.20,0
AGI004,20121220,104.24,104.24,104.24,104.24,0
AGI004,20121221,104.26,104.26,104.26,104.26,0
AGI004,20121227,104.40,104.40,104.40,104.40,0
AGI004,20121228,104.43,104.43,104.43,104.43,0
AGI004,20130102,104.50,104.50,104.50,104.50,0
AGI004,20130103,104.52,104.52,104.52,104.52,0
AGI004,20130104,104.54,104.54,104.54,104.54,0
AGI004,20130107,104.60,104.60,104.60,104.60,0
AGI004,20130108,104.63,104.63,104.63,104.63,0
AGI004,20130109,104.65,104.65,104.65,104.65,0
AGI004,20130110,104.69,104.69,104.69,104.69,0
AGI004,20130111,104.71,104.71,104.71,104.71,0
AGI004,20130114,104.77,104.77,104.77,104.77,0
AGI004,20130115,104.80,104.80,104.80,104.80,0
AGI004,20130116,104.83,104.83,104.83,104.83,0
AGI004,20130117,104.85,104.85,104.85,104.85,0
AGI004,20130118,104.87,104.87,104.87,104.87,0
AGI004,20130121,104.80,104.80,104.80,104.80,0
AGI004,20130122,104.84,104.84,104.84,104.84,0
AGI004,20130123,104.85,104.85,104.85,104.85,0
AGI004,20130124,104.89,104.89,104.89,104.89,0
AGI004,20130125,104.90,104.90,104.90,104.90,0
AGI004,20130128,104.97,104.97,104.97,104.97,0
AGI004,20130129,104.98,104.98,104.98,104.98,0
AGI004,20130130,105.01,105.01,105.01,105.01,0
AGI004,20130131,105.03,105.03,105.03,105.03,0
AGI004,20130201,105.07,105.07,105.07,105.07,0
AGI004,20130204,105.13,105.13,105.13,105.13,0
AGI004,20130205,105.14,105.14,105.14,105.14,0
AGI004,20130206,105.17,105.17,105.17,105.17,0
AGI004,20130207,105.17,105.17,105.17,105.17,0
AGI004,20130208,105.19,105.19,105.19,105.19,0
AGI004,20130211,105.23,105.23,105.23,105.23,0
AGI004,20130212,105.25,105.25,105.25,105.25,0
AGI004,20130213,105.27,105.27,105.27,105.27,0
AGI004,20130214,105.28,105.28,105.28,105.28,0
AGI004,20130215,105.31,105.31,105.31,105.31,0
AGI004,20130218,105.37,105.37,105.37,105.37,0
AGI004,20130219,105.39,105.39,105.39,105.39,0
AGI004,20130220,105.40,105.40,105.40,105.40,0
AGI004,20130221,105.42,105.42,105.42,105.42,0
AGI004,20130222,105.44,105.44,105.44,105.44,0
AGI004,20130225,105.49,105.49,105.49,105.49,0
AGI004,20130226,105.51,105.51,105.51,105.51,0
AGI004,20130227,105.53,105.53,105.53,105.53,0
AGI004,20130228,105.48,105.48,105.48,105.48,0
AGI004,20130301,105.40,105.40,105.40,105.40,0
AGI004,20130304,105.44,105.44,105.44,105.44,0
AGI004,20130305,105.47,105.47,105.47,105.47,0
AGI004,20130306,105.46,105.46,105.46,105.46,0
AGI004,20130307,105.48,105.48,105.48,105.48,0
AGI004,20130308,105.50,105.50,105.50,105.50,0
AGI004,20130311,105.56,105.56,105.56,105.56,0
AGI004,20130312,105.57,105.57,105.57,105.57,0
AGI004,20130313,105.59,105.59,105.59,105.59,0
AGI004,20130314,105.60,105.60,105.60,105.60,0
AGI004,20130315,105.63,105.63,105.63,105.63,0
AGI004,20130318,105.65,105.65,105.65,105.65,0
AGI004,20130319,105.67,105.67,105.67,105.67,0
AGI004,20130320,105.69,105.69,105.69,105.69,0
AGI004,20130321,105.71,105.71,105.71,105.71,0
AGI004,20130322,105.72,105.72,105.72,105.72,0
AGI004,20130325,105.75,105.75,105.75,105.75,0
AGI004,20130326,105.78,105.78,105.78,105.78,0
AGI004,20130327,105.80,105.80,105.80,105.80,0
AGI004,20130328,105.82,105.82,105.82,105.82,0
AGI004,20130402,105.90,105.90,105.90,105.90,0
AGI004,20130403,105.93,105.93,105.93,105.93,0
AGI004,20130404,105.95,105.95,105.95,105.95,0
AGI004,20130405,105.97,105.97,105.97,105.97,0
AGI004,20130408,106.01,106.01,106.01,106.01,0
AGI004,20130409,106.02,106.02,106.02,106.02,0
AGI004,20130410,106.05,106.05,106.05,106.05,0
AGI004,20130411,106.07,106.07,106.07,106.07,0
AGI004,20130412,106.07,106.07,106.07,106.07,0
AGI004,20130415,106.14,106.14,106.14,106.14,0
AGI004,20130417,106.16,106.16,106.16,106.16,0
AGI004,20130418,106.18,106.18,106.18,106.18,0
AGI004,20130419,106.20,106.20,106.20,106.20,0
AGI004,20130422,106.25,106.25,106.25,106.25,0
AGI004,20130423,106.26,106.26,106.26,106.26,0
AGI004,20130424,106.27,106.27,106.27,106.27,0
AGI004,20130425,106.30,106.30,106.30,106.30,0
AGI004,20130426,106.30,106.30,106.30,106.30,0
AGI004,20130429,106.36,106.36,106.36,106.36,0
AGI004,20130430,106.37,106.37,106.37,106.37,0
AGI004,20130502,106.40,106.40,106.40,106.40,0
AGI004,20130506,106.46,106.46,106.46,106.46,0
AGI004,20130507,106.47,106.47,106.47,106.47,0
AGI004,20130508,106.49,106.49,106.49,106.49,0
AGI004,20130509,106.50,106.50,106.50,106.50,0
AGI004,20130510,106.54,106.54,106.54,106.54,0
AGI004,20130513,106.55,106.55,106.55,106.55,0
AGI004,20130514,106.59,106.59,106.59,106.59,0
AGI004,20130515,106.61,106.61,106.61,106.61,0
AGI004,20130516,106.62,106.62,106.62,106.62,0
AGI004,20130517,106.64,106.64,106.64,106.64,0
AGI004,20130520,106.69,106.69,106.69,106.69,0
AGI004,20130521,106.70,106.70,106.70,106.70,0
AGI004,20130522,106.72,106.72,106.72,106.72,0
AGI004,20130523,106.73,106.73,106.73,106.73,0
AGI004,20130524,106.74,106.74,106.74,106.74,0
AGI004,20130527,106.80,106.80,106.80,106.80,0
AGI004,20130528,106.81,106.81,106.81,106.81,0
AGI004,20130529,106.83,106.83,106.83,106.83,0
AGI004,20130531,106.87,106.87,106.87,106.87,0
AGI004,20130603,106.91,106.91,106.91,106.91,0
AGI004,20130604,106.94,106.94,106.94,106.94,0
AGI004,20130605,106.95,106.95,106.95,106.95,0
AGI004,20130606,106.97,106.97,106.97,106.97,0
AGI004,20130607,106.98,106.98,106.98,106.98,0
AGI004,20130610,107.02,107.02,107.02,107.02,0
AGI004,20130611,107.03,107.03,107.03,107.03,0
AGI004,20130612,107.05,107.05,107.05,107.05,0
AGI004,20130613,107.07,107.07,107.07,107.07,0
AGI004,20130614,107.09,107.09,107.09,107.09,0
AGI004,20130617,107.22,107.22,107.22,107.22,0
AGI004,20130618,107.22,107.22,107.22,107.22,0
AGI004,20130619,107.24,107.24,107.24,107.24,0
AGI004,20130620,107.24,107.24,107.24,107.24,0
AGI004,20130621,107.26,107.26,107.26,107.26,0
AGI004,20130624,107.31,107.31,107.31,107.31,0
AGI004,20130625,107.31,107.31,107.31,107.31,0
AGI004,20130626,107.33,107.33,107.33,107.33,0
AGI004,20130627,107.35,107.35,107.35,107.35,0
AGI004,20130628,107.38,107.38,107.38,107.38,0
AGI004,20130701,107.43,107.43,107.43,107.43,0
AGI004,20130703,107.46,107.46,107.46,107.46,0
AGI004,20130704,107.48,107.48,107.48,107.48,0
AGI004,20130705,107.48,107.48,107.48,107.48,0
AGI004,20130708,107.53,107.53,107.53,107.53,0
AGI004,20130709,107.55,107.55,107.55,107.55,0
AGI004,20130710,107.56,107.56,107.56,107.56,0
AGI004,20130711,107.57,107.57,107.57,107.57,0
AGI004,20130712,107.59,107.59,107.59,107.59,0
AGI004,20130715,107.63,107.63,107.63,107.63,0
AGI004,20130716,107.64,107.64,107.64,107.64,0
AGI004,20130717,107.65,107.65,107.65,107.65,0
AGI004,20130718,107.67,107.67,107.67,107.67,0
AGI004,20130719,107.69,107.69,107.69,107.69,0
AGI004,20130722,107.72,107.72,107.72,107.72,0
AGI004,20130723,107.74,107.74,107.74,107.74,0
AGI004,20130724,107.76,107.76,107.76,107.76,0
AGI004,20130725,107.77,107.77,107.77,107.77,0
AGI004,20130726,107.78,107.78,107.78,107.78,0
AGI004,20130729,107.82,107.82,107.82,107.82,0
AGI004,20130730,107.83,107.83,107.83,107.83,0
AGI004,20130731,107.84,107.84,107.84,107.84,0
AGI004,20130801,107.86,107.86,107.86,107.86,0
AGI004,20130802,107.88,107.88,107.88,107.88,0
AGI004,20130805,107.92,107.92,107.92,107.92,0
AGI004,20130806,107.93,107.93,107.93,107.93,0
AGI004,20130807,107.94,107.94,107.94,107.94,0
AGI004,20130808,107.95,107.95,107.95,107.95,0
AGI004,20130809,107.97,107.97,107.97,107.97,0
AGI004,20130812,108.01,108.01,108.01,108.01,0
AGI004,20130813,108.02,108.02,108.02,108.02,0
AGI004,20130814,108.03,108.03,108.03,108.03,0
AGI004,20130816,108.06,108.06,108.06,108.06,0
AGI004,20130819,108.10,108.10,108.10,108.10,0
AGI004,20130820,108.11,108.11,108.11,108.11,0
AGI004,20130821,108.13,108.13,108.13,108.13,0
AGI004,20130822,108.14,108.14,108.14,108.14,0
AGI004,20130823,108.15,108.15,108.15,108.15,0
AGI004,20130826,108.19,108.19,108.19,108.19,0
AGI004,20130827,108.21,108.21,108.21,108.21,0
AGI004,20130828,108.22,108.22,108.22,108.22,0
AGI004,20130829,108.24,108.24,108.24,108.24,0
AGI004,20130830,108.25,108.25,108.25,108.25,0
AGI004,20130902,108.29,108.29,108.29,108.29,0
AGI004,20130903,108.31,108.31,108.31,108.31,0
AGI004,20130904,108.32,108.32,108.32,108.32,0
AGI004,20130905,108.33,108.33,108.33,108.33,0
AGI004,20130906,108.34,108.34,108.34,108.34,0
AGI004,20130909,108.39,108.39,108.39,108.39,0
AGI004,20130910,108.40,108.40,108.40,108.40,0
AGI004,20130911,108.41,108.41,108.41,108.41,0
AGI004,20130912,108.42,108.42,108.42,108.42,0
AGI004,20130913,108.44,108.44,108.44,108.44,0
AGI004,20130916,108.48,108.48,108.48,108.48,0
AGI004,20130917,108.49,108.49,108.49,108.49,0
AGI004,20130918,108.50,108.50,108.50,108.50,0
AGI004,20130919,108.51,108.51,108.51,108.51,0
AGI004,20130920,108.52,108.52,108.52,108.52,0
AGI004,20130923,108.57,108.57,108.57,108.57,0
AGI004,20130924,108.58,108.58,108.58,108.58,0
AGI004,20130925,108.58,108.58,108.58,108.58,0
AGI004,20130926,108.60,108.60,108.60,108.60,0
AGI004,20130927,108.62,108.62,108.62,108.62,0
AGI004,20130930,108.65,108.65,108.65,108.65,0
AGI004,20131001,108.66,108.66,108.66,108.66,0
AGI004,20131002,108.68,108.68,108.68,108.68,0
AGI004,20131003,108.69,108.69,108.69,108.69,0
AGI004,20131004,108.71,108.71,108.71,108.71,0
AGI004,20131007,108.75,108.75,108.75,108.75,0
AGI004,20131008,108.76,108.76,108.76,108.76,0
AGI004,20131009,108.77,108.77,108.77,108.77,0
AGI004,20131010,108.78,108.78,108.78,108.78,0
AGI004,20131014,108.82,108.82,108.82,108.82,0
AGI004,20131015,108.84,108.84,108.84,108.84,0
AGI004,20131016,108.86,108.86,108.86,108.86,0
AGI004,20131017,108.87,108.87,108.87,108.87,0
AGI004,20131018,108.88,108.88,108.88,108.88,0
AGI004,20131021,108.92,108.92,108.92,108.92,0
AGI004,20131022,108.93,108.93,108.93,108.93,0
AGI004,20131023,108.94,108.94,108.94,108.94,0
AGI004,20131024,108.96,108.96,108.96,108.96,0
AGI004,20131025,108.97,108.97,108.97,108.97,0
AGI004,20131028,109.01,109.01,109.01,109.01,0
AGI004,20131029,109.02,109.02,109.02,109.02,0
AGI004,20131030,109.03,109.03,109.03,109.03,0
AGI004,20131031,109.04,109.04,109.04,109.04,0
AGI004,20131104,109.10,109.10,109.10,109.10,0
AGI004,20131105,109.11,109.11,109.11,109.11,0
AGI004,20131106,109.12,109.12,109.12,109.12,0
AGI004,20131107,109.13,109.13,109.13,109.13,0
AGI004,20131108,109.14,109.14,109.14,109.14,0
AGI004,20131112,109.20,109.20,109.20,109.20,0
AGI004,20131113,109.20,109.20,109.20,109.20,0
AGI004,20131114,109.21,109.21,109.21,109.21,0
AGI004,20131115,109.22,109.22,109.22,109.22,0
AGI004,20131118,109.26,109.26,109.26,109.26,0
AGI004,20131119,109.27,109.27,109.27,109.27,0
AGI004,20131120,109.29,109.29,109.29,109.29,0
AGI004,20131121,109.29,109.29,109.29,109.29,0
AGI004,20131122,109.30,109.30,109.30,109.30,0
AGI004,20131125,109.34,109.34,109.34,109.34,0
AGI004,20131126,109.35,109.35,109.35,109.35,0
AGI004,20131127,109.37,109.37,109.37,109.37,0
AGI004,20131128,109.38,109.38,109.38,109.38,0
AGI004,20131129,109.40,109.40,109.40,109.40,0
AGI004,20131202,109.49,109.49,109.49,109.49,0
AGI004,20131203,109.49,109.49,109.49,109.49,0
AGI004,20131204,109.49,109.49,109.49,109.49,0
AGI004,20131205,109.51,109.51,109.51,109.51,0
AGI004,20131206,109.53,109.53,109.53,109.53,0
AGI004,20131209,109.59,109.59,109.59,109.59,0
AGI004,20131210,109.59,109.59,109.59,109.59,0
AGI004,20131211,109.60,109.60,109.60,109.60,0
AGI004,20131212,109.62,109.62,109.62,109.62,0
AGI004,20131213,109.63,109.63,109.63,109.63,0
AGI004,20131216,109.66,109.66,109.66,109.66,0
AGI004,20131217,109.66,109.66,109.66,109.66,0
AGI004,20131218,109.67,109.67,109.67,109.67,0
AGI004,20131219,109.67,109.67,109.67,109.67,0
AGI004,20131220,109.69,109.69,109.69,109.69,0
AGI004,20131223,109.72,109.72,109.72,109.72,0
AGI004,20131227,109.71,109.71,109.71,109.71,0
AGI004,20131230,109.74,109.74,109.74,109.74,0
AGI004,20140102,109.80,109.80,109.80,109.80,0
AGI004,20140103,109.81,109.81,109.81,109.81,0
AGI004,20140107,109.85,109.85,109.85,109.85,0
AGI004,20140108,109.86,109.86,109.86,109.86,0
AGI004,20140109,109.87,109.87,109.87,109.87,0
AGI004,20140110,109.90,109.90,109.90,109.90,0
AGI004,20140113,109.93,109.93,109.93,109.93,0
AGI004,20140114,109.92,109.92,109.92,109.92,0
AGI004,20140115,109.93,109.93,109.93,109.93,0
AGI004,20140116,109.93,109.93,109.93,109.93,0
AGI004,20140117,109.95,109.95,109.95,109.95,0
AGI004,20140120,109.99,109.99,109.99,109.99,0
AGI004,20140121,110.01,110.01,110.01,110.01,0
AGI004,20140122,110.01,110.01,110.01,110.01,0
AGI004,20140123,110.02,110.02,110.02,110.02,0
AGI004,20140124,110.05,110.05,110.05,110.05,0
AGI004,20140127,110.11,110.11,110.11,110.11,0
AGI004,20140128,110.11,110.11,110.11,110.11,0
AGI004,20140129,110.12,110.12,110.12,110.12,0
AGI004,20140130,110.12,110.12,110.12,110.12,0
AGI004,20140131,110.12,110.12,110.12,110.12,0
AGI004,20140203,110.16,110.16,110.16,110.16,0
AGI004,20140204,110.16,110.16,110.16,110.16,0
AGI004,20140205,110.19,110.19,110.19,110.19,0
AGI004,20140206,110.23,110.23,110.23,110.23,0
AGI004,20140207,110.24,110.24,110.24,110.24,0
AGI004,20140210,110.27,110.27,110.27,110.27,0
AGI004,20140211,110.28,110.28,110.28,110.28,0
AGI004,20140212,110.27,110.27,110.27,110.27,0
AGI004,20140213,110.28,110.28,110.28,110.28,0
AGI004,20140214,110.30,110.30,110.30,110.30,0
AGI004,20140217,110.33,110.33,110.33,110.33,0
AGI004,20140218,110.34,110.34,110.34,110.34,0
AGI004,20140219,110.35,110.35,110.35,110.35,0
AGI004,20140220,110.36,110.36,110.36,110.36,0
AGI004,20140221,110.37,110.37,110.37,110.37,0
AGI004,20140224,110.41,110.41,110.41,110.41,0
AGI004,20140225,110.41,110.41,110.41,110.41,0
AGI004,20140226,110.42,110.42,110.42,110.42,0
AGI004,20140227,110.44,110.44,110.44,110.44,0
AGI004,20140228,110.45,110.45,110.45,110.45,0
AGI004,20140303,110.48,110.48,110.48,110.48,0
AGI004,20140304,110.49,110.49,110.49,110.49,0
AGI004,20140305,110.50,110.50,110.50,110.50,0
AGI004,20140306,110.51,110.51,110.51,110.51,0
AGI004,20140307,110.52,110.52,110.52,110.52,0
AGI004,20140310,110.55,110.55,110.55,110.55,0
AGI004,20140311,110.57,110.57,110.57,110.57,0
AGI004,20140312,110.58,110.58,110.58,110.58,0
AGI004,20140313,110.59,110.59,110.59,110.59,0
AGI004,20140314,110.61,110.61,110.61,110.61,0
AGI004,20140317,110.66,110.66,110.66,110.66,0
AGI004,20140318,110.66,110.66,110.66,110.66,0
AGI004,20140319,110.67,110.67,110.67,110.67,0
AGI004,20140320,110.69,110.69,110.69,110.69,0
AGI004,20140321,110.69,110.69,110.69,110.69,0
AGI004,20140324,110.72,110.72,110.72,110.72,0
AGI004,20140325,110.73,110.73,110.73,110.73,0
AGI004,20140326,110.74,110.74,110.74,110.74,0
AGI004,20140327,110.73,110.73,110.73,110.73,0
AGI004,20140328,110.74,110.74,110.74,110.74,0
AGI004,20140331,110.69,110.69,110.69,110.69,0
AGI004,20140401,110.64,110.64,110.64,110.64,0
AGI004,20140402,110.73,110.73,110.73,110.73,0
AGI004,20140403,110.75,110.75,110.75,110.75,0
AGI004,20140404,110.77,110.77,110.77,110.77,0
AGI004,20140407,110.80,110.80,110.80,110.80,0
AGI004,20140408,110.74,110.74,110.74,110.74,0
AGI004,20140409,110.73,110.73,110.73,110.73,0
AGI004,20140410,110.78,110.78,110.78,110.78,0
AGI004,20140411,110.80,110.80,110.80,110.80,0
AGI004,20140414,110.80,110.80,110.80,110.80,0
AGI004,20140415,110.84,110.84,110.84,110.84,0
AGI004,20140416,110.84,110.84,110.84,110.84,0
AGI004,20140417,110.86,110.86,110.86,110.86,0
AGI004,20140422,110.92,110.92,110.92,110.92,0
AGI004,20140423,110.94,110.94,110.94,110.94,0
AGI004,20140424,110.95,110.95,110.95,110.95,0
AGI004,20140425,110.97,110.97,110.97,110.97,0
AGI004,20140428,110.98,110.98,110.98,110.98,0
AGI004,20140429,111.00,111.00,111.00,111.00,0
AGI004,20140430,111.00,111.00,111.00,111.00,0
AGI004,20140502,111.03,111.03,111.03,111.03,0
AGI004,20140505,111.06,111.06,111.06,111.06,0
AGI004,20140506,111.06,111.06,111.06,111.06,0
AGI004,20140507,111.08,111.08,111.08,111.08,0
AGI004,20140508,111.09,111.09,111.09,111.09,0
AGI004,20140509,111.10,111.10,111.10,111.10,0
AGI004,20140512,111.14,111.14,111.14,111.14,0
AGI004,20140513,111.15,111.15,111.15,111.15,0
AGI004,20140514,111.16,111.16,111.16,111.16,0
AGI004,20140515,111.16,111.16,111.16,111.16,0
AGI004,20140516,111.18,111.18,111.18,111.18,0
AGI004,20140519,111.21,111.21,111.21,111.21,0
AGI004,20140520,111.23,111.23,111.23,111.23,0
AGI004,20140521,111.21,111.21,111.21,111.21,0
AGI004,20140522,111.23,111.23,111.23,111.23,0
AGI004,20140523,111.25,111.25,111.25,111.25,0
AGI004,20140526,111.17,111.17,111.17,111.17,0
AGI004,20140527,111.20,111.20,111.20,111.20,0
AGI004,20140528,111.22,111.22,111.22,111.22,0
AGI004,20140529,111.23,111.23,111.23,111.23,0
AGI004,20140530,111.24,111.24,111.24,111.24,0
AGI004,20140602,110.97,110.97,110.97,110.97,0
AGI004,20140603,111.12,111.12,111.12,111.12,0
AGI004,20140604,111.14,111.14,111.14,111.14,0
AGI004,20140605,111.16,111.16,111.16,111.16,0
AGI004,20140606,111.18,111.18,111.18,111.18,0
AGI004,20140609,111.21,111.21,111.21,111.21,0
AGI004,20140610,111.23,111.23,111.23,111.23,0
AGI004,20140611,111.24,111.24,111.24,111.24,0
AGI004,20140612,111.26,111.26,111.26,111.26,0
AGI004,20140613,111.26,111.26,111.26,111.26,0
AGI004,20140616,111.29,111.29,111.29,111.29,0
AGI004,20140617,111.29,111.29,111.29,111.29,0
AGI004,20140618,111.31,111.31,111.31,111.31,0
AGI004,20140620,111.33,111.33,111.33,111.33,0
AGI004,20140623,111.37,111.37,111.37,111.37,0
AGI004,20140624,111.37,111.37,111.37,111.37,0
AGI004,20140625,111.39,111.39,111.39,111.39,0
AGI004,20140626,111.39,111.39,111.39,111.39,0
AGI004,20140627,111.41,111.41,111.41,111.41,0
AGI004,20140630,111.49,111.49,111.49,111.49,0
AGI004,20140701,111.49,111.49,111.49,111.49,0
AGI004,20140702,111.50,111.50,111.50,111.50,0
AGI004,20140703,111.51,111.51,111.51,111.51,0
AGI004,20140704,111.52,111.52,111.52,111.52,0
AGI004,20140707,111.50,111.50,111.50,111.50,0
AGI004,20140708,111.52,111.52,111.52,111.52,0
AGI004,20140709,111.51,111.51,111.51,111.51,0
AGI004,20140710,111.53,111.53,111.53,111.53,0
AGI004,20140711,111.54,111.54,111.54,111.54,0
AGI004,20140714,111.58,111.58,111.58,111.58,0
AGI004,20140715,111.59,111.59,111.59,111.59,0
AGI004,20140716,111.60,111.60,111.60,111.60,0
AGI004,20140717,111.61,111.61,111.61,111.61,0
AGI004,20140718,111.62,111.62,111.62,111.62,0
AGI004,20140721,111.66,111.66,111.66,111.66,0
AGI004,20140722,111.67,111.67,111.67,111.67,0
AGI004,20140723,111.68,111.68,111.68,111.68,0
AGI004,20140724,111.70,111.70,111.70,111.70,0
AGI004,20140725,111.71,111.71,111.71,111.71,0
AGI004,20140728,111.75,111.75,111.75,111.75,0
AGI004,20140729,111.76,111.76,111.76,111.76,0
AGI004,20140730,111.77,111.77,111.77,111.77,0
AGI004,20140731,111.78,111.78,111.78,111.78,0
AGI004,20140801,111.79,111.79,111.79,111.79,0
AGI004,20140804,111.82,111.82,111.82,111.82,0
AGI004,20140805,111.83,111.83,111.83,111.83,0
AGI004,20140806,111.81,111.81,111.81,111.81,0
AGI004,20140807,111.82,111.82,111.82,111.82,0
AGI004,20140808,111.85,111.85,111.85,111.85,0
AGI004,20140811,111.88,111.88,111.88,111.88,0
AGI004,20140812,111.88,111.88,111.88,111.88,0
AGI004,20140813,111.91,111.91,111.91,111.91,0
AGI004,20140814,111.92,111.92,111.92,111.92,0
AGI004,20140818,111.97,111.97,111.97,111.97,0
AGI004,20140820,112.00,112.00,112.00,112.00,0
AGI004,20140821,112.00,112.00,112.00,112.00,0
AGI004,20140822,112.02,112.02,112.02,112.02,0
AGI004,20140825,112.06,112.06,112.06,112.06,0
AGI004,20140826,112.07,112.07,112.07,112.07,0
AGI004,20140827,112.07,112.07,112.07,112.07,0
AGI004,20140828,112.10,112.10,112.10,112.10,0
AGI004,20140829,112.13,112.13,112.13,112.13,0
AGI004,20140901,112.17,112.17,112.17,112.17,0
AGI004,20140902,112.18,112.18,112.18,112.18,0
AGI004,20140903,112.19,112.19,112.19,112.19,0
AGI004,20140904,112.20,112.20,112.20,112.20,0
AGI004,20140905,112.21,112.21,112.21,112.21,0
AGI004,20140908,112.25,112.25,112.25,112.25,0
AGI004,20140909,112.26,112.26,112.26,112.26,0
AGI004,20140910,112.27,112.27,112.27,112.27,0
AGI004,20140911,112.27,112.27,112.27,112.27,0
AGI004,20140912,112.32,112.32,112.32,112.32,0
AGI004,20140915,112.40,112.40,112.40,112.40,0
AGI004,20140916,112.41,112.41,112.41,112.41,0
AGI004,20140917,112.42,112.42,112.42,112.42,0
AGI004,20140918,112.47,112.47,112.47,112.47,0
AGI004,20140919,112.53,112.53,112.53,112.53,0
AGI004,20140922,112.56,112.56,112.56,112.56,0
AGI004,20140923,112.57,112.57,112.57,112.57,0
AGI004,20140924,112.60,112.60,112.60,112.60,0
AGI004,20140925,112.61,112.61,112.61,112.61,0
AGI004,20140926,112.62,112.62,112.62,112.62,0
AGI004,20140929,112.64,112.64,112.64,112.64,0
AGI004,20140930,112.70,112.70,112.70,112.70,0
AGI004,20141001,112.71,112.71,112.71,112.71,0
AGI004,20141002,112.72,112.72,112.72,112.72,0
AGI004,20141003,112.68,112.68,112.68,112.68,0
AGI004,20141006,112.76,112.76,112.76,112.76,0
AGI004,20141007,112.77,112.77,112.77,112.77,0
AGI004,20141008,112.79,112.79,112.79,112.79,0
AGI004,20141009,112.79,112.79,112.79,112.79,0
AGI004,20141010,112.81,112.81,112.81,112.81,0
AGI004,20141013,112.84,112.84,112.84,112.84,0
AGI004,20141014,112.82,112.82,112.82,112.82,0
AGI004,20141015,112.82,112.82,112.82,112.82,0
AGI004,20141016,112.84,112.84,112.84,112.84,0
AGI004,20141017,112.86,112.86,112.86,112.86,0
AGI004,20141020,112.92,112.92,112.92,112.92,0
AGI004,20141021,112.91,112.91,112.91,112.91,0
AGI004,20141022,112.92,112.92,112.92,112.92,0
AGI004,20141023,112.95,112.95,112.95,112.95,0
AGI004,20141024,112.95,112.95,112.95,112.95,0
AGI004,20141027,112.99,112.99,112.99,112.99,0
AGI004,20141028,112.99,112.99,112.99,112.99,0
AGI004,20141029,113.01,113.01,113.01,113.01,0
AGI004,20141030,113.05,113.05,113.05,113.05,0
AGI004,20141031,113.06,113.06,113.06,113.06,0
AGI004,20141103,113.20,113.20,113.20,113.20,0
AGI004,20141104,113.20,113.20,113.20,113.20,0
AGI004,20141105,113.21,113.21,113.21,113.21,0
AGI004,20141106,113.22,113.22,113.22,113.22,0
AGI004,20141107,113.24,113.24,113.24,113.24,0
AGI004,20141110,113.27,113.27,113.27,113.27,0
AGI004,20141112,113.29,113.29,113.29,113.29,0
AGI004,20141113,113.31,113.31,113.31,113.31,0
AGI004,20141114,113.32,113.32,113.32,113.32,0
AGI004,20141117,113.35,113.35,113.35,113.35,0
AGI004,20141118,113.38,113.38,113.38,113.38,0
AGI004,20141119,113.39,113.39,113.39,113.39,0
AGI004,20141120,113.43,113.43,113.43,113.43,0
AGI004,20141121,113.43,113.43,113.43,113.43,0
AGI004,20141124,113.46,113.46,113.46,113.46,0
AGI004,20141125,113.47,113.47,113.47,113.47,0
AGI004,20141126,113.49,113.49,113.49,113.49,0
AGI004,20141127,113.50,113.50,113.50,113.50,0
AGI004,20141128,113.53,113.53,113.53,113.53,0
AGI004,20141201,113.55,113.55,113.55,113.55,0
AGI004,20141202,113.58,113.58,113.58,113.58,0
AGI004,20141203,113.59,113.59,113.59,113.59,0
AGI004,20141204,113.61,113.61,113.61,113.61,0
AGI004,20141205,113.61,113.61,113.61,113.61,0
AGI004,20141208,113.65,113.65,113.65,113.65,0
AGI004,20141209,113.66,113.66,113.66,113.66,0
AGI004,20141210,113.68,113.68,113.68,113.68,0
AGI004,20141211,113.69,113.69,113.69,113.69,0
AGI004,20141212,113.68,113.68,113.68,113.68,0
AGI004,20141215,113.72,113.72,113.72,113.72,0
AGI004,20141216,113.73,113.73,113.73,113.73,0
AGI004,20141217,113.74,113.74,113.74,113.74,0
AGI004,20141218,113.75,113.75,113.75,113.75,0
AGI004,20141219,113.78,113.78,113.78,113.78,0
AGI004,20141222,113.80,113.80,113.80,113.80,0
AGI004,20141223,113.80,113.80,113.80,113.80,0
AGI004,20141229,113.90,113.90,113.90,113.90,0
AGI004,20141230,113.92,113.92,113.92,113.92,0
AGI004,20150102,113.96,113.96,113.96,113.96,0
AGI004,20150105,113.98,113.98,113.98,113.98,0
AGI004,20150107,114.00,114.00,114.00,114.00,0
AGI004,20150108,114.01,114.01,114.01,114.01,0
AGI004,20150109,114.02,114.02,114.02,114.02,0
AGI004,20150112,114.06,114.06,114.06,114.06,0
AGI004,20150113,114.07,114.07,114.07,114.07,0
AGI004,20150114,114.06,114.06,114.06,114.06,0
AGI004,20150115,114.07,114.07,114.07,114.07,0
AGI004,20150116,114.08,114.08,114.08,114.08,0
AGI004,20150119,114.12,114.12,114.12,114.12,0
AGI004,20150120,114.15,114.15,114.15,114.15,0
AGI004,20150121,114.15,114.15,114.15,114.15,0
AGI004,20150122,114.16,114.16,114.16,114.16,0
AGI004,20150123,114.17,114.17,114.17,114.17,0
AGI004,20150126,114.20,114.20,114.20,114.20,0
AGI004,20150127,114.21,114.21,114.21,114.21,0
AGI004,20150128,114.22,114.22,114.22,114.22,0
AGI004,20150129,114.23,114.23,114.23,114.23,0
AGI004,20150130,114.26,114.26,114.26,114.26,0
AGI004,20150202,114.48,114.48,114.48,114.48,0
AGI004,20150203,114.46,114.46,114.46,114.46,0
AGI004,20150204,114.48,114.48,114.48,114.48,0
AGI004,20150205,114.49,114.49,114.49,114.49,0
AGI004,20150206,114.50,114.50,114.50,114.50,0
AGI004,20150209,114.53,114.53,114.53,114.53,0
AGI004,20150210,114.56,114.56,114.56,114.56,0
AGI004,20150211,114.54,114.54,114.54,114.54,0
AGI004,20150212,114.54,114.54,114.54,114.54,0
AGI004,20150213,114.55,114.55,114.55,114.55,0
AGI004,20150216,114.59,114.59,114.59,114.59,0
AGI004,20150217,114.60,114.60,114.60,114.60,0
AGI004,20150218,114.61,114.61,114.61,114.61,0
AGI004,20150219,114.62,114.62,114.62,114.62,0
AGI004,20150220,114.61,114.61,114.61,114.61,0
AGI004,20150223,114.65,114.65,114.65,114.65,0
AGI004,20150224,114.66,114.66,114.66,114.66,0
AGI004,20150225,114.67,114.67,114.67,114.67,0
AGI004,20150226,114.59,114.59,114.59,114.59,0
AGI004,20150227,114.60,114.60,114.60,114.60,0
AGI004,20150302,114.74,114.74,114.74,114.74,0
AGI004,20150303,114.82,114.82,114.82,114.82,0
AGI004,20150304,114.81,114.81,114.81,114.81,0
AGI004,20150305,114.79,114.79,114.79,114.79,0
AGI004,20150306,114.82,114.82,114.82,114.82,0
AGI004,20150309,114.83,114.83,114.83,114.83,0
AGI004,20150310,114.85,114.85,114.85,114.85,0
AGI004,20150311,114.86,114.86,114.86,114.86,0
AGI004,20150312,114.83,114.83,114.83,114.83,0
AGI004,20150313,114.84,114.84,114.84,114.84,0
AGI004,20150316,114.89,114.89,114.89,114.89,0
AGI004,20150317,114.88,114.88,114.88,114.88,0
AGI004,20150318,114.89,114.89,114.89,114.89,0
AGI004,20150319,114.91,114.91,114.91,114.91,0
AGI004,20150320,114.99,114.99,114.99,114.99,0
AGI004,20150323,115.04,115.04,115.04,115.04,0
AGI004,20150324,115.01,115.01,115.01,115.01,0
AGI004,20150325,115.02,115.02,115.02,115.02,0
AGI004,20150326,115.03,115.03,115.03,115.03,0
AGI004,20150327,115.03,115.03,115.03,115.03,0
AGI004,20150330,115.07,115.07,115.07,115.07,0
AGI004,20150331,115.10,115.10,115.10,115.10,0
AGI004,20150401,115.14,115.14,115.14,115.14,0
AGI004,20150402,115.15,115.15,115.15,115.15,0
AGI004,20150407,115.20,115.20,115.20,115.20,0
AGI004,20150408,115.20,115.20,115.20,115.20,0
AGI004,20150409,115.21,115.21,115.21,115.21,0
AGI004,20150410,115.21,115.21,115.21,115.21,0
AGI004,20150413,115.22,115.22,115.22,115.22,0
AGI004,20150414,115.23,115.23,115.23,115.23,0
AGI004,20150415,115.24,115.24,115.24,115.24,0
AGI004,20150416,115.24,115.24,115.24,115.24,0
AGI004,20150417,115.24,115.24,115.24,115.24,0
AGI004,20150420,115.31,115.31,115.31,115.31,0
AGI004,20150421,115.33,115.33,115.33,115.33,0
AGI004,20150422,115.34,115.34,115.34,115.34,0
AGI004,20150423,115.35,115.35,115.35,115.35,0
AGI004,20150424,115.35,115.35,115.35,115.35,0
AGI004,20150427,115.38,115.38,115.38,115.38,0
AGI004,20150428,115.38,115.38,115.38,115.38,0
AGI004,20150429,115.38,115.38,115.38,115.38,0
AGI004,20150430,115.41,115.41,115.41,115.41,0
AGI004,20150504,115.46,115.46,115.46,115.46,0
AGI004,20150505,115.47,115.47,115.47,115.47,0
AGI004,20150506,115.48,115.48,115.48,115.48,0
AGI004,20150507,115.49,115.49,115.49,115.49,0
AGI004,20150508,115.50,115.50,115.50,115.50,0
AGI004,20150511,115.41,115.41,115.41,115.41,0
AGI004,20150512,115.45,115.45,115.45,115.45,0
AGI004,20150513,115.47,115.47,115.47,115.47,0
AGI004,20150514,115.46,115.46,115.46,115.46,0
AGI004,20150515,115.48,115.48,115.48,115.48,0
AGI004,20150518,115.52,115.52,115.52,115.52,0
AGI004,20150519,115.54,115.54,115.54,115.54,0
AGI004,20150520,115.57,115.57,115.57,115.57,0
AGI004,20150521,115.57,115.57,115.57,115.57,0
AGI004,20150522,115.57,115.57,115.57,115.57,0
AGI004,20150525,115.62,115.62,115.62,115.62,0
AGI004,20150526,115.63,115.63,115.63,115.63,0
AGI004,20150527,115.66,115.66,115.66,115.66,0
AGI004,20150528,115.66,115.66,115.66,115.66,0
AGI004,20150529,115.68,115.68,115.68,115.68,0
AGI004,20150601,115.82,115.82,115.82,115.82,0
AGI004,20150602,115.82,115.82,115.82,115.82,0
AGI004,20150603,115.83,115.83,115.83,115.83,0
AGI004,20150605,115.85,115.85,115.85,115.85,0
AGI004,20150608,115.88,115.88,115.88,115.88,0
AGI004,20150609,115.88,115.88,115.88,115.88,0
AGI004,20150610,115.89,115.89,115.89,115.89,0
AGI004,20150611,115.89,115.89,115.89,115.89,0
AGI004,20150612,115.91,115.91,115.91,115.91,0
AGI004,20150615,115.95,115.95,115.95,115.95,0
AGI004,20150616,115.94,115.94,115.94,115.94,0
AGI004,20150617,115.94,115.94,115.94,115.94,0
AGI004,20150618,115.95,115.95,115.95,115.95,0
AGI004,20150619,115.95,115.95,115.95,115.95,0
AGI004,20150622,115.96,115.96,115.96,115.96,0
AGI004,20150623,115.97,115.97,115.97,115.97,0
AGI004,20150624,116.00,116.00,116.00,116.00,0
AGI004,20150625,116.03,116.03,116.03,116.03,0
AGI004,20150626,116.04,116.04,116.04,116.04,0
AGI004,20150629,116.03,116.03,116.03,116.03,0
AGI004,20150630,116.05,116.05,116.05,116.05,0
AGI004,20150701,116.07,116.07,116.07,116.07,0
AGI004,20150702,116.08,116.08,116.08,116.08,0
AGI004,20150703,116.09,116.09,116.09,116.09,0
AGI004,20150706,116.11,116.11,116.11,116.11,0
AGI004,20150707,116.10,116.10,116.10,116.10,0
AGI004,20150708,116.10,116.10,116.10,116.10,0
AGI004,20150709,116.13,116.13,116.13,116.13,0
AGI004,20150710,116.15,116.15,116.15,116.15,0
AGI004,20150713,116.18,116.18,116.18,116.18,0
AGI004,20150714,116.18,116.18,116.18,116.18,0
AGI004,20150715,116.20,116.20,116.20,116.20,0
AGI004,20150716,116.22,116.22,116.22,116.22,0
AGI004,20150717,116.24,116.24,116.24,116.24,0
AGI004,20150720,116.27,116.27,116.27,116.27,0
AGI004,20150721,116.28,116.28,116.28,116.28,0
AGI004,20150722,116.29,116.29,116.29,116.29,0
AGI004,20150723,116.30,116.30,116.30,116.30,0
AGI004,20150724,116.29,116.29,116.29,116.29,0
AGI004,20150727,116.31,116.31,116.31,116.31,0
AGI004,20150728,116.33,116.33,116.33,116.33,0
AGI004,20150729,116.33,116.33,116.33,116.33,0
AGI004,20150730,116.32,116.32,116.32,116.32,0
AGI004,20150731,116.40,116.40,116.40,116.40,0
AGI004,20150803,116.50,116.50,116.50,116.50,0
AGI004,20150804,116.50,116.50,116.50,116.50,0
AGI004,20150805,116.51,116.51,116.51,116.51,0
AGI004,20150806,116.50,116.50,116.50,116.50,0
AGI004,20150807,116.52,116.52,116.52,116.52,0
AGI004,20150810,116.55,116.55,116.55,116.55,0
AGI004,20150811,116.56,116.56,116.56,116.56,0
AGI004,20150812,116.55,116.55,116.55,116.55,0
AGI004,20150813,116.55,116.55,116.55,116.55,0
AGI004,20150814,116.56,116.56,116.56,116.56,0
AGI004,20150817,116.57,116.57,116.57,116.57,0
AGI004,20150818,116.58,116.58,116.58,116.58,0
AGI004,20150819,116.57,116.57,116.57,116.57,0
AGI004,20150820,116.60,116.60,116.60,116.60,0
AGI004,20150821,116.61,116.61,116.61,116.61,0
AGI004,20150824,116.64,116.64,116.64,116.64,0
AGI004,20150825,116.63,116.63,116.63,116.63,0
AGI004,20150826,116.63,116.63,116.63,116.63,0
AGI004,20150827,116.64,116.64,116.64,116.64,0
AGI004,20150828,116.66,116.66,116.66,116.66,0
AGI004,20150831,116.70,116.70,116.70,116.70,0
AGI004,20150901,116.69,116.69,116.69,116.69,0
AGI004,20150902,116.70,116.70,116.70,116.70,0
AGI004,20150903,116.72,116.72,116.72,116.72,0
AGI004,20150904,116.72,116.72,116.72,116.72,0
AGI004,20150907,116.74,116.74,116.74,116.74,0
AGI004,20150908,116.74,116.74,116.74,116.74,0
AGI004,20150909,116.76,116.76,116.76,116.76,0
AGI004,20150910,116.77,116.77,116.77,116.77,0
AGI004,20150911,116.78,116.78,116.78,116.78,0
AGI004,20150914,116.83,116.83,116.83,116.83,0
AGI004,20150915,116.84,116.84,116.84,116.84,0
AGI004,20150916,116.84,116.84,116.84,116.84,0
AGI004,20150917,116.84,116.84,116.84,116.84,0
AGI004,20150918,116.86,116.86,116.86,116.86,0
AGI004,20150921,116.88,116.88,116.88,116.88,0
AGI004,20150922,116.89,116.89,116.89,116.89,0
AGI004,20150923,116.90,116.90,116.90,116.90,0
AGI004,20150924,116.92,116.92,116.92,116.92,0
AGI004,20150925,116.94,116.94,116.94,116.94,0
AGI004,20150928,116.96,116.96,116.96,116.96,0
AGI004,20150929,116.97,116.97,116.97,116.97,0
AGI004,20150930,116.99,116.99,116.99,116.99,0
AGI004,20151001,116.96,116.96,116.96,116.96,0
AGI004,20151002,117.01,117.01,117.01,117.01,0
AGI004,20151005,117.05,117.05,117.05,117.05,0
AGI004,20151006,117.06,117.06,117.06,117.06,0
AGI004,20151007,117.06,117.06,117.06,117.06,0
AGI004,20151008,117.06,117.06,117.06,117.06,0
AGI004,20151009,117.07,117.07,117.07,117.07,0
AGI004,20151012,117.10,117.10,117.10,117.10,0
AGI004,20151013,117.09,117.09,117.09,117.09,0
AGI004,20151014,117.10,117.10,117.10,117.10,0
AGI004,20151015,117.10,117.10,117.10,117.10,0
AGI004,20151016,117.10,117.10,117.10,117.10,0
AGI004,20151019,117.12,117.12,117.12,117.12,0
AGI004,20151020,117.13,117.13,117.13,117.13,0
AGI004,20151021,117.13,117.13,117.13,117.13,0
AGI004,20151022,117.16,117.16,117.16,117.16,0
AGI004,20151023,117.17,117.17,117.17,117.17,0
AGI004,20151026,117.19,117.19,117.19,117.19,0
AGI004,20151027,117.20,117.20,117.20,117.20,0
AGI004,20151028,117.20,117.20,117.20,117.20,0
AGI004,20151029,117.23,117.23,117.23,117.23,0
AGI004,20151030,117.24,117.24,117.24,117.24,0
AGI004,20151102,117.26,117.26,117.26,117.26,0
AGI004,20151103,117.28,117.28,117.28,117.28,0
AGI004,20151104,117.28,117.28,117.28,117.28,0
AGI004,20151105,117.26,117.26,117.26,117.26,0
AGI004,20151106,117.27,117.27,117.27,117.27,0
AGI004,20151109,117.30,117.30,117.30,117.30,0
AGI004,20151110,117.31,117.31,117.31,117.31,0
AGI004,20151112,117.33,117.33,117.33,117.33,0
AGI004,20151113,117.35,117.35,117.35,117.35,0
AGI004,20151116,117.42,117.42,117.42,117.42,0
AGI004,20151117,117.40,117.40,117.40,117.40,0
AGI004,20151118,117.40,117.40,117.40,117.40,0
AGI004,20151119,117.38,117.38,117.38,117.38,0
AGI004,20151120,117.44,117.44,117.44,117.44,0
AGI004,20151123,117.44,117.44,117.44,117.44,0
AGI004,20151124,117.44,117.44,117.44,117.44,0
AGI004,20151125,117.45,117.45,117.45,117.45,0
AGI004,20151126,117.45,117.45,117.45,117.45,0
AGI004,20151127,117.45,117.45,117.45,117.45,0
AGI004,20151130,117.49,117.49,117.49,117.49,0
AGI004,20151201,117.51,117.51,117.51,117.51,0
AGI004,20151202,117.51,117.51,117.51,117.51,0
AGI004,20151203,117.52,117.52,117.52,117.52,0
AGI004,20151204,117.51,117.51,117.51,117.51,0
AGI004,20151207,117.57,117.57,117.57,117.57,0
AGI004,20151208,117.55,117.55,117.55,117.55,0
AGI004,20151209,117.55,117.55,117.55,117.55,0
AGI004,20151210,117.56,117.56,117.56,117.56,0
AGI004,20151211,117.57,117.57,117.57,117.57,0
AGI004,20151214,117.51,117.51,117.51,117.51,0
AGI004,20151215,117.56,117.56,117.56,117.56,0
AGI004,20151216,117.57,117.57,117.57,117.57,0
AGI004,20151217,117.58,117.58,117.58,117.58,0
AGI004,20151218,117.59,117.59,117.59,117.59,0
AGI004,20151221,117.64,117.64,117.64,117.64,0
AGI004,20151222,117.65,117.65,117.65,117.65,0
AGI004,20151223,117.67,117.67,117.67,117.67,0
AGI004,20151228,117.71,117.71,117.71,117.71,0
AGI004,20151229,117.71,117.71,117.71,117.71,0
AGI004,20151230,117.74,117.74,117.74,117.74,0
AGI004,20160104,117.75,117.75,117.75,117.75,0
AGI004,20160105,117.75,117.75,117.75,117.75,0
AGI004,20160107,117.81,117.81,117.81,117.81,0
AGI004,20160108,117.82,117.82,117.82,117.82,0
AGI004,20160111,117.85,117.85,117.85,117.85,0
AGI004,20160112,117.86,117.86,117.86,117.86,0
AGI004,20160113,117.89,117.89,117.89,117.89,0
AGI004,20160114,117.88,117.88,117.88,117.88,0
AGI004,20160115,117.90,117.90,117.90,117.90,0
AGI004,20160118,117.92,117.92,117.92,117.92,0
AGI004,20160119,117.90,117.90,117.90,117.90,0
AGI004,20160120,117.90,117.90,117.90,117.90,0
AGI004,20160121,117.84,117.84,117.84,117.84,0
AGI004,20160122,117.91,117.91,117.91,117.91,0
AGI004,20160125,117.94,117.94,117.94,117.94,0
AGI004,20160126,117.95,117.95,117.95,117.95,0
AGI004,20160127,117.96,117.96,117.96,117.96,0
AGI004,20160128,117.96,117.96,117.96,117.96,0
AGI004,20160129,117.95,117.95,117.95,117.95,0
AGI004,20160201,117.94,117.94,117.94,117.94,0
AGI004,20160202,117.87,117.87,117.87,117.87,0
AGI004,20160203,117.87,117.87,117.87,117.87,0
AGI004,20160204,117.85,117.85,117.85,117.85,0
AGI004,20160205,117.82,117.82,117.82,117.82,0
AGI004,20160208,117.84,117.84,117.84,117.84,0
AGI004,20160209,117.86,117.86,117.86,117.86,0
AGI004,20160210,117.89,117.89,117.89,117.89,0
AGI004,20160211,117.89,117.89,117.89,117.89,0
AGI004,20160212,117.90,117.90,117.90,117.90,0
AGI004,20160215,117.92,117.92,117.92,117.92,0
AGI004,20160216,117.93,117.93,117.93,117.93,0
AGI004,20160217,117.95,117.95,117.95,117.95,0
AGI004,20160218,117.94,117.94,117.94,117.94,0
AGI004,20160219,117.96,117.96,117.96,117.96,0
AGI004,20160222,117.96,117.96,117.96,117.96,0
AGI004,20160223,118.00,118.00,118.00,118.00,0
AGI004,20160224,118.01,118.01,118.01,118.01,0
AGI004,20160225,118.03,118.03,118.03,118.03,0
AGI004,20160226,118.05,118.05,118.05,118.05,0
AGI004,20160229,118.00,118.00,118.00,118.00,0
AGI004,20160301,117.98,117.98,117.98,117.98,0
AGI004,20160302,118.03,118.03,118.03,118.03,0
AGI004,20160303,118.07,118.07,118.07,118.07,0
AGI004,20160304,118.08,118.08,118.08,118.08,0
AGI004,20160307,118.14,118.14,118.14,118.14,0
AGI004,20160308,118.13,118.13,118.13,118.13,0
AGI004,20160309,118.14,118.14,118.14,118.14,0
AGI004,20160310,118.15,118.15,118.15,118.15,0
AGI004,20160311,118.17,118.17,118.17,118.17,0
AGI004,20160314,118.17,118.17,118.17,118.17,0
AGI004,20160315,118.18,118.18,118.18,118.18,0
AGI004,20160316,118.16,118.16,118.16,118.16,0
AGI004,20160317,118.21,118.21,118.21,118.21,0
AGI004,20160318,118.23,118.23,118.23,118.23,0
AGI004,20160321,118.21,118.21,118.21,118.21,0
AGI004,20160322,118.37,118.37,118.37,118.37,0
AGI004,20160323,118.39,118.39,118.39,118.39,0
AGI004,20160324,118.37,118.37,118.37,118.37,0
AGI004,20160329,118.45,118.45,118.45,118.45,0
AGI004,20160330,118.44,118.44,118.44,118.44,0
AGI004,20160331,118.46,118.46,118.46,118.46,0
AGI004,20160401,118.51,118.51,118.51,118.51,0
AGI004,20160404,118.62,118.62,118.62,118.62,0
AGI004,20160405,118.53,118.53,118.53,118.53,0
AGI004,20160406,118.53,118.53,118.53,118.53,0
AGI004,20160407,118.54,118.54,118.54,118.54,0
AGI004,20160408,118.54,118.54,118.54,118.54,0
AGI004,20160411,118.57,118.57,118.57,118.57,0
AGI004,20160412,118.58,118.58,118.58,118.58,0
AGI004,20160413,118.57,118.57,118.57,118.57,0
AGI004,20160414,118.57,118.57,118.57,118.57,0
AGI004,20160415,118.60,118.60,118.60,118.60,0
AGI004,20160418,118.61,118.61,118.61,118.61,0
AGI004,20160419,118.62,118.62,118.62,118.62,0
AGI004,20160420,118.61,118.61,118.61,118.61,0
AGI004,20160421,118.64,118.64,118.64,118.64,0
AGI004,20160422,118.63,118.63,118.63,118.63,0
AGI004,20160425,118.64,118.64,118.64,118.64,0
AGI004,20160426,118.66,118.66,118.66,118.66,0
AGI004,20160427,118.69,118.69,118.69,118.69,0
AGI004,20160428,118.68,118.68,118.68,118.68,0
AGI004,20160429,118.71,118.71,118.71,118.71,0
AGI004,20160502,118.75,118.75,118.75,118.75,0
AGI004,20160504,118.76,118.76,118.76,118.76,0
AGI004,20160505,118.77,118.77,118.77,118.77,0
AGI004,20160506,118.78,118.78,118.78,118.78,0
AGI004,20160509,118.81,118.81,118.81,118.81,0
AGI004,20160510,118.81,118.81,118.81,118.81,0
AGI004,20160511,118.78,118.78,118.78,118.78,0
AGI004,20160512,118.82,118.82,118.82,118.82,0
AGI004,20160513,118.84,118.84,118.84,118.84,0
AGI004,20160516,118.87,118.87,118.87,118.87,0
AGI004,20160517,118.84,118.84,118.84,118.84,0
AGI004,20160518,118.86,118.86,118.86,118.86,0
AGI004,20160519,118.88,118.88,118.88,118.88,0
AGI004,20160520,118.89,118.89,118.89,118.89,0
AGI004,20160523,118.95,118.95,118.95,118.95,0
AGI004,20160524,118.96,118.96,118.96,118.96,0
AGI004,20160525,118.96,118.96,118.96,118.96,0
AGI004,20160527,118.98,118.98,118.98,118.98,0
AGI004,20160530,119.03,119.03,119.03,119.03,0
AGI004,20160531,119.03,119.03,119.03,119.03,0
AGI004,20160601,119.04,119.04,119.04,119.04,0
AGI004,20160602,119.05,119.05,119.05,119.05,0
AGI004,20160603,119.05,119.05,119.05,119.05,0
AGI004,20160606,119.08,119.08,119.08,119.08,0
AGI004,20160607,119.09,119.09,119.09,119.09,0
AGI004,20160608,119.10,119.10,119.10,119.10,0
AGI004,20160609,119.11,119.11,119.11,119.11,0
AGI004,20160610,119.12,119.12,119.12,119.12,0
AGI004,20160613,119.15,119.15,119.15,119.15,0
AGI004,20160614,119.14,119.14,119.14,119.14,0
AGI004,20160615,119.15,119.15,119.15,119.15,0
AGI004,20160616,119.16,119.16,119.16,119.16,0
AGI004,20160617,119.12,119.12,119.12,119.12,0
AGI004,20160620,119.18,119.18,119.18,119.18,0
AGI004,20160621,119.19,119.19,119.19,119.19,0
AGI004,20160622,119.20,119.20,119.20,119.20,0
AGI004,20160623,119.21,119.21,119.21,119.21,0
AGI004,20160624,119.21,119.21,119.21,119.21,0
AGI004,20160627,119.24,119.24,119.24,119.24,0
AGI004,20160628,119.24,119.24,119.24,119.24,0
AGI004,20160629,119.28,119.28,119.28,119.28,0
AGI004,20160630,119.28,119.28,119.28,119.28,0
AGI004,20160701,119.27,119.27,119.27,119.27,0
AGI004,20160704,119.30,119.30,119.30,119.30,0
AGI004,20160705,119.30,119.30,119.30,119.30,0
AGI004,20160706,119.31,119.31,119.31,119.31,0
AGI004,20160707,119.31,119.31,119.31,119.31,0
AGI004,20160708,119.33,119.33,119.33,119.33,0
AGI004,20160711,119.36,119.36,119.36,119.36,0
AGI004,20160712,119.36,119.36,119.36,119.36,0
AGI004,20160713,119.38,119.38,119.38,119.38,0
AGI004,20160714,119.39,119.39,119.39,119.39,0
AGI004,20160715,119.41,119.41,119.41,119.41,0
AGI004,20160718,119.44,119.44,119.44,119.44,0
AGI004,20160719,119.44,119.44,119.44,119.44,0
AGI004,20160720,119.45,119.45,119.45,119.45,0
AGI004,20160721,119.45,119.45,119.45,119.45,0
AGI004,20160722,119.44,119.44,119.44,119.44,0
AGI004,20160725,119.49,119.49,119.49,119.49,0
AGI004,20160726,119.52,119.52,119.52,119.52,0
AGI004,20160727,119.50,119.50,119.50,119.50,0
AGI004,20160728,119.54,119.54,119.54,119.54,0
AGI004,20160729,119.53,119.53,119.53,119.53,0
AGI004,20160801,119.56,119.56,119.56,119.56,0
AGI004,20160802,119.58,119.58,119.58,119.58,0
AGI004,20160803,119.56,119.56,119.56,119.56,0
AGI004,20160804,119.53,119.53,119.53,119.53,0
AGI004,20160805,119.49,119.49,119.49,119.49,0
AGI004,20160808,119.52,119.52,119.52,119.52,0
AGI004,20160809,119.53,119.53,119.53,119.53,0
AGI004,20160810,119.55,119.55,119.55,119.55,0
AGI004,20160811,119.57,119.57,119.57,119.57,0
AGI004,20160812,119.64,119.64,119.64,119.64,0
AGI004,20160816,119.67,119.67,119.67,119.67,0
AGI004,20160817,119.67,119.67,119.67,119.67,0
AGI004,20160818,119.68,119.68,119.68,119.68,0
AGI004,20160819,119.69,119.69,119.69,119.69,0
AGI004,20160822,119.70,119.70,119.70,119.70,0
AGI004,20160823,119.71,119.71,119.71,119.71,0
AGI004,20160824,119.71,119.71,119.71,119.71,0
AGI004,20160825,119.72,119.72,119.72,119.72,0
AGI004,20160826,119.73,119.73,119.73,119.73,0
AGI004,20160829,119.70,119.70,119.70,119.70,0
AGI004,20160830,119.71,119.71,119.71,119.71,0
AGI004,20160831,119.72,119.72,119.72,119.72,0
AGI004,20160901,119.77,119.77,119.77,119.77,0
AGI004,20160902,119.77,119.77,119.77,119.77,0
AGI004,20160905,119.77,119.77,119.77,119.77,0
AGI004,20160906,119.79,119.79,119.79,119.79,0
AGI004,20160907,119.80,119.80,119.80,119.80,0
AGI004,20160908,119.81,119.81,119.81,119.81,0
AGI004,20160909,119.81,119.81,119.81,119.81,0
AGI004,20160912,119.78,119.78,119.78,119.78,0
AGI004,20160913,119.82,119.82,119.82,119.82,0
AGI004,20160914,119.82,119.82,119.82,119.82,0
AGI004,20160915,119.83,119.83,119.83,119.83,0
AGI004,20160916,119.82,119.82,119.82,119.82,0
AGI004,20160919,119.85,119.85,119.85,119.85,0
AGI004,20160920,119.85,119.85,119.85,119.85,0
AGI004,20160921,119.87,119.87,119.87,119.87,0
AGI004,20160922,119.87,119.87,119.87,119.87,0
AGI004,20160923,119.88,119.88,119.88,119.88,0
AGI004,20160926,119.87,119.87,119.87,119.87,0
AGI004,20160927,119.88,119.88,119.88,119.88,0
AGI004,20160928,119.87,119.87,119.87,119.87,0
AGI004,20160929,119.88,119.88,119.88,119.88,0
AGI004,20160930,119.88,119.88,119.88,119.88,0
AGI004,20161003,119.90,119.90,119.90,119.90,0
AGI004,20161004,119.91,119.91,119.91,119.91,0
AGI004,20161005,119.92,119.92,119.92,119.92,0
AGI004,20161006,119.92,119.92,119.92,119.92,0
AGI004,20161007,119.93,119.93,119.93,119.93,0
AGI004,20161010,119.94,119.94,119.94,119.94,0
AGI004,20161011,119.96,119.96,119.96,119.96,0
AGI004,20161012,119.97,119.97,119.97,119.97,0
AGI004,20161013,119.98,119.98,119.98,119.98,0
AGI004,20161014,119.97,119.97,119.97,119.97,0
AGI004,20161017,120.00,120.00,120.00,120.00,0
AGI004,20161018,120.00,120.00,120.00,120.00,0
AGI004,20161019,120.01,120.01,120.01,120.01,0
AGI004,20161020,119.98,119.98,119.98,119.98,0
AGI004,20161021,119.98,119.98,119.98,119.98,0
AGI004,20161024,119.97,119.97,119.97,119.97,0
AGI004,20161025,119.99,119.99,119.99,119.99,0
AGI004,20161026,119.94,119.94,119.94,119.94,0
AGI004,20161027,119.97,119.97,119.97,119.97,0
AGI004,20161028,120.09,120.09,120.09,120.09,0
AGI004,20161031,119.96,119.96,119.96,119.96,0
AGI004,20161102,119.94,119.94,119.94,119.94,0
AGI004,20161103,119.84,119.84,119.84,119.84,0
AGI004,20161104,119.86,119.86,119.86,119.86,0
AGI004,20161107,119.91,119.91,119.91,119.91,0
AGI004,20161108,119.91,119.91,119.91,119.91,0
AGI004,20161109,119.91,119.91,119.91,119.91,0
AGI004,20161110,119.70,119.70,119.70,119.70,0
AGI004,20161114,119.70,119.70,119.70,119.70,0
AGI004,20161115,119.67,119.67,119.67,119.67,0
AGI004,20161116,119.74,119.74,119.74,119.74,0
AGI004,20161117,119.77,119.77,119.77,119.77,0
AGI004,20161118,119.81,119.81,119.81,119.81,0
AGI004,20161121,119.85,119.85,119.85,119.85,0
AGI004,20161122,120.02,120.02,120.02,120.02,0
AGI004,20161123,119.93,119.93,119.93,119.93,0
AGI004,20161124,119.98,119.98,119.98,119.98,0
AGI004,20161125,119.93,119.93,119.93,119.93,0
AGI004,20161128,119.94,119.94,119.94,119.94,0
AGI004,20161129,120.19,120.19,120.19,120.19,0
AGI004,20161130,120.02,120.02,120.02,120.02,0
AGI004,20161201,120.05,120.05,120.05,120.05,0
AGI004,20161202,120.06,120.06,120.06,120.06,0
AGI004,20161205,120.07,120.07,120.07,120.07,0
AGI004,20161206,120.16,120.16,120.16,120.16,0
AGI004,20161207,120.09,120.09,120.09,120.09,0
AGI004,20161208,120.16,120.16,120.16,120.16,0
AGI004,20161209,119.94,119.94,119.94,119.94,0
AGI004,20161212,119.70,119.70,119.70,119.70,0
AGI004,20161213,119.79,119.79,119.79,119.79,0
AGI004,20161214,119.82,119.82,119.82,119.82,0
AGI004,20161215,119.81,119.81,119.81,119.81,0
AGI004,20161216,119.75,119.75,119.75,119.75,0
AGI004,20161219,119.63,119.63,119.63,119.63,0
AGI004,20161220,119.65,119.65,119.65,119.65,0
AGI004,20161221,119.69,119.69,119.69,119.69,0
AGI004,20161222,119.63,119.63,119.63,119.63,0
AGI004,20161223,119.56,119.56,119.56,119.56,0
AGI004,20161227,119.53,119.53,119.53,119.53,0
AGI004,20161228,119.55,119.55,119.55,119.55,0
AGI004,20161229,119.58,119.58,119.58,119.58,0
AGI004,20161230,119.60,119.60,119.60,119.60,0
AGI004,20170102,119.65,119.65,119.65,119.65,0
AGI004,20170103,119.59,119.59,119.59,119.59,0
AGI004,20170104,119.62,119.62,119.62,119.62,0
AGI004,20170105,119.62,119.62,119.62,119.62,0
AGI004,20170109,119.46,119.46,119.46,119.46,0
AGI004,20170110,119.40,119.40,119.40,119.40,0
AGI004,20170111,119.46,119.46,119.46,119.46,0
AGI004,20170112,119.40,119.40,119.40,119.40,0
AGI004,20170113,119.43,119.43,119.43,119.43,0
AGI004,20170116,119.45,119.45,119.45,119.45,0
AGI004,20170117,119.46,119.46,119.46,119.46,0
AGI004,20170118,119.54,119.54,119.54,119.54,0
AGI004,20170119,119.50,119.50,119.50,119.50,0
AGI004,20170120,119.52,119.52,119.52,119.52,0
AGI004,20170123,119.58,119.58,119.58,119.58,0
AGI004,20170124,119.60,119.60,119.60,119.60,0
AGI004,20170125,119.61,119.61,119.61,119.61,0
AGI004,20170126,119.59,119.59,119.59,119.59,0
AGI004,20170127,119.55,119.55,119.55,119.55,0
AGI004,20170130,119.62,119.62,119.62,119.62,0
AGI004,20170131,119.65,119.65,119.65,119.65,0
AGI004,20170201,119.68,119.68,119.68,119.68,0
AGI004,20170202,119.74,119.74,119.74,119.74,0
AGI004,20170203,119.74,119.74,119.74,119.74,0
AGI004,20170206,119.79,119.79,119.79,119.79,0
AGI004,20170207,119.83,119.83,119.83,119.83,0
AGI004,20170208,119.83,119.83,119.83,119.83,0
AGI004,20170209,119.83,119.83,119.83,119.83,0
AGI004,20170210,119.85,119.85,119.85,119.85,0
AGI004,20170213,119.93,119.93,119.93,119.93,0
AGI004,20170214,119.97,119.97,119.97,119.97,0
AGI004,20170215,119.97,119.97,119.97,119.97,0
AGI004,20170216,120.01,120.01,120.01,120.01,0
AGI004,20170217,120.04,120.04,120.04,120.04,0
AGI004,20170220,120.07,120.07,120.07,120.07,0
AGI004,20170221,120.08,120.08,120.08,120.08,0
AGI004,20170222,120.10,120.10,120.10,120.10,0
AGI004,20170223,120.18,120.18,120.18,120.18,0
AGI004,20170224,120.08,120.08,120.08,120.08,0
AGI004,20170227,120.15,120.15,120.15,120.15,0
AGI004,20170228,120.21,120.21,120.21,120.21,0
AGI004,20170301,120.33,120.33,120.33,120.33,0
AGI004,20170302,120.30,120.30,120.30,120.30,0
AGI004,20170303,120.34,120.34,120.34,120.34,0
AGI004,20170306,120.41,120.41,120.41,120.41,0
AGI004,20170307,120.43,120.43,120.43,120.43,0
AGI004,20170308,120.28,120.28,120.28,120.28,0
AGI004,20170309,120.37,120.37,120.37,120.37,0
AGI004,20170310,120.39,120.39,120.39,120.39,0
AGI004,20170313,120.44,120.44,120.44,120.44,0
AGI004,20170314,120.39,120.39,120.39,120.39,0
AGI004,20170315,120.41,120.41,120.41,120.41,0
AGI004,20170316,120.42,120.42,120.42,120.42,0
AGI004,20170317,120.44,120.44,120.44,120.44,0
AGI004,20170320,120.43,120.43,120.43,120.43,0
AGI004,20170321,120.42,120.42,120.42,120.42,0
AGI004,20170322,120.44,120.44,120.44,120.44,0
AGI004,20170323,120.47,120.47,120.47,120.47,0
AGI004,20170324,120.49,120.49,120.49,120.49,0
AGI004,20170327,120.52,120.52,120.52,120.52,0
AGI004,20170328,120.64,120.64,120.64,120.64,0
AGI004,20170329,120.65,120.65,120.65,120.65,0
AGI004,20170330,120.68,120.68,120.68,120.68,0
AGI004,20170331,120.69,120.69,120.69,120.69,0
AGI004,20170403,120.73,120.73,120.73,120.73,0
AGI004,20170404,120.70,120.70,120.70,120.70,0
AGI004,20170405,120.72,120.72,120.72,120.72,0
AGI004,20170406,120.74,120.74,120.74,120.74,0
AGI004,20170407,120.80,120.80,120.80,120.80,0
AGI004,20170410,120.84,120.84,120.84,120.84,0
AGI004,20170411,120.83,120.83,120.83,120.83,0
AGI004,20170412,120.87,120.87,120.87,120.87,0
AGI004,20170413,120.86,120.86,120.86,120.86,0
AGI004,20170418,120.91,120.91,120.91,120.91,0
AGI004,20170419,120.91,120.91,120.91,120.91,0
AGI004,20170420,120.92,120.92,120.92,120.92,0
AGI004,20170421,120.94,120.94,120.94,120.94,0
AGI004,20170424,120.92,120.92,120.92,120.92,0
AGI004,20170425,120.89,120.89,120.89,120.89,0
AGI004,20170426,120.92,120.92,120.92,120.92,0
AGI004,20170427,120.94,120.94,120.94,120.94,0
AGI004,20170428,120.90,120.90,120.90,120.90,0
AGI004,20170502,120.95,120.95,120.95,120.95,0
AGI004,20170504,120.92,120.92,120.92,120.92,0
AGI004,20170505,120.98,120.98,120.98,120.98,0
AGI004,20170508,121.06,121.06,121.06,121.06,0
AGI004,20170509,121.02,121.02,121.02,121.02,0
AGI004,20170510,120.98,120.98,120.98,120.98,0
AGI004,20170511,121.00,121.00,121.00,121.00,0
AGI004,20170512,121.08,121.08,121.08,121.08,0
AGI004,20170515,121.06,121.06,121.06,121.06,0
AGI004,20170516,121.06,121.06,121.06,121.06,0
AGI004,20170517,121.03,121.03,121.03,121.03,0
AGI004,20170518,121.10,121.10,121.10,121.10,0
AGI004,20170519,121.10,121.10,121.10,121.10,0
AGI004,20170522,121.16,121.16,121.16,121.16,0
AGI004,20170523,121.18,121.18,121.18,121.18,0
AGI004,20170524,121.18,121.18,121.18,121.18,0
AGI004,20170525,121.14,121.14,121.14,121.14,0
AGI004,20170526,121.17,121.17,121.17,121.17,0
AGI004,20170529,121.15,121.15,121.15,121.15,0
AGI004,20170530,121.16,121.16,121.16,121.16,0
AGI004,20170531,121.19,121.19,121.19,121.19,0
AGI004,20170601,121.24,121.24,121.24,121.24,0
AGI004,20170602,121.28,121.28,121.28,121.28,0
AGI004,20170605,121.26,121.26,121.26,121.26,0
AGI004,20170606,121.29,121.29,121.29,121.29,0
AGI004,20170607,121.34,121.34,121.34,121.34,0
AGI004,20170608,121.34,121.34,121.34,121.34,0
AGI004,20170609,121.36,121.36,121.36,121.36,0
AGI004,20170612,121.39,121.39,121.39,121.39,0
AGI004,20170613,121.42,121.42,121.42,121.42,0
AGI004,20170614,121.45,121.45,121.45,121.45,0
AGI004,20170616,121.47,121.47,121.47,121.47,0
AGI004,20170619,121.50,121.50,121.50,121.50,0
AGI004,20170620,121.55,121.55,121.55,121.55,0
AGI004,20170621,121.55,121.55,121.55,121.55,0
AGI004,20170622,121.57,121.57,121.57,121.57,0
AGI004,20170623,121.56,121.56,121.56,121.56,0
AGI004,20170626,121.59,121.59,121.59,121.59,0
AGI004,20170627,121.60,121.60,121.60,121.60,0
AGI004,20170628,121.62,121.62,121.62,121.62,0
AGI004,20170629,121.64,121.64,121.64,121.64,0
AGI004,20170630,121.64,121.64,121.64,121.64,0
AGI004,20170703,121.71,121.71,121.71,121.71,0
AGI004,20170704,121.71,121.71,121.71,121.71,0
AGI004,20170705,121.76,121.76,121.76,121.76,0
AGI004,20170706,121.73,121.73,121.73,121.73,0
AGI004,20170707,121.74,121.74,121.74,121.74,0
AGI004,20170710,121.83,121.83,121.83,121.83,0
AGI004,20170711,121.84,121.84,121.84,121.84,0
AGI004,20170712,121.85,121.85,121.85,121.85,0
AGI004,20170713,121.93,121.93,121.93,121.93,0
AGI004,20170714,121.88,121.88,121.88,121.88,0
AGI004,20170717,121.96,121.96,121.96,121.96,0
AGI004,20170718,121.89,121.89,121.89,121.89,0
AGI004,20170719,121.95,121.95,121.95,121.95,0
AGI004,20170720,122.00,122.00,122.00,122.00,0
AGI004,20170721,122.00,122.00,122.00,122.00,0
AGI004,20170724,122.01,122.01,122.01,122.01,0
AGI004,20170725,122.01,122.01,122.01,122.01,0
AGI004,20170726,122.01,122.01,122.01,122.01,0
AGI004,20170727,122.00,122.00,122.00,122.00,0
AGI004,20170728,122.00,122.00,122.00,122.00,0
AGI004,20170731,122.07,122.07,122.07,122.07,0
AGI004,20170801,122.00,122.00,122.00,122.00,0
AGI004,20170802,122.11,122.11,122.11,122.11,0
AGI004,20170803,122.07,122.07,122.07,122.07,0
AGI004,20170804,122.08,122.08,122.08,122.08,0
AGI004,20170807,122.11,122.11,122.11,122.11,0
AGI004,20170808,122.10,122.10,122.10,122.10,0
AGI004,20170809,122.12,122.12,122.12,122.12,0
AGI004,20170810,122.13,122.13,122.13,122.13,0
AGI004,20170811,122.12,122.12,122.12,122.12,0
AGI004,20170814,122.11,122.11,122.11,122.11,0
AGI004,20170816,122.14,122.14,122.14,122.14,0
AGI004,20170817,122.13,122.13,122.13,122.13,0
AGI004,20170818,122.12,122.12,122.12,122.12,0
AGI004,20170821,122.15,122.15,122.15,122.15,0
AGI004,20170822,122.15,122.15,122.15,122.15,0
AGI004,20170823,122.11,122.11,122.11,122.11,0
AGI004,20170824,122.10,122.10,122.10,122.10,0
AGI004,20170825,122.13,122.13,122.13,122.13,0
AGI004,20170828,122.19,122.19,122.19,122.19,0
AGI004,20170829,122.24,122.24,122.24,122.24,0
AGI004,20170830,122.24,122.24,122.24,122.24,0
AGI004,20170831,122.30,122.30,122.30,122.30,0
AGI004,20170901,122.27,122.27,122.27,122.27,0
AGI004,20170904,122.30,122.30,122.30,122.30,0
AGI004,20170905,122.31,122.31,122.31,122.31,0
AGI004,20170906,122.36,122.36,122.36,122.36,0
AGI004,20170907,122.44,122.44,122.44,122.44,0
AGI004,20170908,122.44,122.44,122.44,122.44,0
AGI004,20170911,122.47,122.47,122.47,122.47,0
AGI004,20170912,122.50,122.50,122.50,122.50,0
AGI004,20170913,122.44,122.44,122.44,122.44,0
AGI004,20170914,122.45,122.45,122.45,122.45,0
AGI004,20170915,122.49,122.49,122.49,122.49,0
AGI004,20170918,122.53,122.53,122.53,122.53,0
AGI004,20170919,122.51,122.51,122.51,122.51,0
AGI004,20170920,122.54,122.54,122.54,122.54,0
AGI004,20170921,122.57,122.57,122.57,122.57,0
