Name,Date,Open,High,Low,Close,Volume
AIG017,20121220,5.12,5.12,5.12,5.12,0
AIG017,20121221,5.11,5.11,5.11,5.11,0
AIG017,20121227,5.09,5.09,5.09,5.09,0
AIG017,20121228,5.08,5.08,5.08,5.08,0
AIG017,20130102,5.16,5.16,5.16,5.16,0
AIG017,20130103,5.18,5.18,5.18,5.18,0
AIG017,20130104,5.27,5.27,5.27,5.27,0
AIG017,20130107,5.27,5.27,5.27,5.27,0
AIG017,20130108,5.25,5.25,5.25,5.25,0
AIG017,20130109,5.25,5.25,5.25,5.25,0
AIG017,20130110,5.24,5.24,5.24,5.24,0
AIG017,20130111,5.24,5.24,5.24,5.24,0
AIG017,20130114,5.23,5.23,5.23,5.23,0
AIG017,20130115,5.23,5.23,5.23,5.23,0
AIG017,20130116,5.26,5.26,5.26,5.26,0
AIG017,20130117,5.25,5.25,5.25,5.25,0
AIG017,20130118,5.27,5.27,5.27,5.27,0
AIG017,20130121,5.31,5.31,5.31,5.31,0
AIG017,20130122,5.31,5.31,5.31,5.31,0
AIG017,20130123,5.31,5.31,5.31,5.31,0
AIG017,20130124,5.35,5.35,5.35,5.35,0
AIG017,20130125,5.37,5.37,5.37,5.37,0
AIG017,20130128,5.36,5.36,5.36,5.36,0
AIG017,20130129,5.38,5.38,5.38,5.38,0
AIG017,20130130,5.36,5.36,5.36,5.36,0
AIG017,20130131,5.36,5.36,5.36,5.36,0
AIG017,20130201,5.37,5.37,5.37,5.37,0
AIG017,20130204,5.32,5.32,5.32,5.32,0
AIG017,20130205,5.34,5.34,5.34,5.34,0
AIG017,20130206,5.33,5.33,5.33,5.33,0
AIG017,20130207,5.32,5.32,5.32,5.32,0
AIG017,20130208,5.34,5.34,5.34,5.34,0
AIG017,20130211,5.33,5.33,5.33,5.33,0
AIG017,20130212,5.36,5.36,5.36,5.36,0
AIG017,20130213,5.37,5.37,5.37,5.37,0
AIG017,20130214,5.37,5.37,5.37,5.37,0
AIG017,20130215,5.41,5.41,5.41,5.41,0
AIG017,20130218,5.39,5.39,5.39,5.39,0
AIG017,20130219,5.42,5.42,5.42,5.42,0
AIG017,20130220,5.40,5.40,5.40,5.40,0
AIG017,20130221,5.38,5.38,5.38,5.38,0
AIG017,20130222,5.38,5.38,5.38,5.38,0
AIG017,20130225,5.38,5.38,5.38,5.38,0
AIG017,20130226,5.36,5.36,5.36,5.36,0
AIG017,20130227,5.38,5.38,5.38,5.38,0
AIG017,20130228,5.41,5.41,5.41,5.41,0
AIG017,20130301,5.40,5.40,5.40,5.40,0
AIG017,20130304,5.43,5.43,5.43,5.43,0
AIG017,20130305,5.47,5.47,5.47,5.47,0
AIG017,20130306,5.47,5.47,5.47,5.47,0
AIG017,20130307,5.50,5.50,5.50,5.50,0
AIG017,20130308,5.48,5.48,5.48,5.48,0
AIG017,20130311,5.50,5.50,5.50,5.50,0
AIG017,20130312,5.51,5.51,5.51,5.51,0
AIG017,20130313,5.50,5.50,5.50,5.50,0
AIG017,20130314,5.53,5.53,5.53,5.53,0
AIG017,20130315,5.54,5.54,5.54,5.54,0
AIG017,20130318,5.52,5.52,5.52,5.52,0
AIG017,20130319,5.53,5.53,5.53,5.53,0
AIG017,20130320,5.55,5.55,5.55,5.55,0
AIG017,20130321,5.55,5.55,5.55,5.55,0
AIG017,20130322,5.57,5.57,5.57,5.57,0
AIG017,20130325,5.52,5.52,5.52,5.52,0
AIG017,20130326,5.56,5.56,5.56,5.56,0
AIG017,20130327,5.57,5.57,5.57,5.57,0
AIG017,20130328,5.63,5.63,5.63,5.63,0
AIG017,20130402,5.65,5.65,5.65,5.65,0
AIG017,20130403,5.67,5.67,5.67,5.67,0
AIG017,20130404,5.63,5.63,5.63,5.63,0
AIG017,20130405,5.55,5.55,5.55,5.55,0
AIG017,20130408,5.55,5.55,5.55,5.55,0
AIG017,20130409,5.53,5.53,5.53,5.53,0
AIG017,20130410,5.56,5.56,5.56,5.56,0
AIG017,20130411,5.60,5.60,5.60,5.60,0
AIG017,20130412,5.60,5.60,5.60,5.60,0
AIG017,20130415,5.56,5.56,5.56,5.56,0
AIG017,20130417,5.50,5.50,5.50,5.50,0
AIG017,20130418,5.49,5.49,5.49,5.49,0
AIG017,20130419,5.50,5.50,5.50,5.50,0
AIG017,20130422,5.51,5.51,5.51,5.51,0
AIG017,20130423,5.58,5.58,5.58,5.58,0
AIG017,20130424,5.60,5.60,5.60,5.60,0
AIG017,20130425,5.63,5.63,5.63,5.63,0
AIG017,20130426,5.64,5.64,5.64,5.64,0
AIG017,20130429,5.66,5.66,5.66,5.66,0
AIG017,20130430,5.67,5.67,5.67,5.67,0
AIG017,20130502,5.67,5.67,5.67,5.67,0
AIG017,20130506,5.71,5.71,5.71,5.71,0
AIG017,20130507,5.74,5.74,5.74,5.74,0
AIG017,20130508,5.75,5.75,5.75,5.75,0
AIG017,20130509,5.74,5.74,5.74,5.74,0
AIG017,20130510,5.78,5.78,5.78,5.78,0
AIG017,20130513,5.79,5.79,5.79,5.79,0
AIG017,20130514,5.79,5.79,5.79,5.79,0
AIG017,20130515,5.83,5.83,5.83,5.83,0
AIG017,20130516,5.86,5.86,5.86,5.86,0
AIG017,20130517,5.84,5.84,5.84,5.84,0
AIG017,20130520,5.84,5.84,5.84,5.84,0
AIG017,20130521,5.86,5.86,5.86,5.86,0
AIG017,20130522,5.86,5.86,5.86,5.86,0
AIG017,20130523,5.81,5.81,5.81,5.81,0
AIG017,20130524,5.79,5.79,5.79,5.79,0
AIG017,20130527,5.81,5.81,5.81,5.81,0
AIG017,20130528,5.85,5.85,5.85,5.85,0
AIG017,20130529,5.82,5.82,5.82,5.82,0
AIG017,20130531,5.79,5.79,5.79,5.79,0
AIG017,20130603,5.76,5.76,5.76,5.76,0
AIG017,20130604,5.77,5.77,5.77,5.77,0
AIG017,20130605,5.71,5.71,5.71,5.71,0
AIG017,20130606,5.70,5.70,5.70,5.70,0
AIG017,20130607,5.72,5.72,5.72,5.72,0
AIG017,20130610,5.72,5.72,5.72,5.72,0
AIG017,20130611,5.68,5.68,5.68,5.68,0
AIG017,20130612,5.70,5.70,5.70,5.70,0
AIG017,20130613,5.67,5.67,5.67,5.67,0
AIG017,20130614,5.67,5.67,5.67,5.67,0
AIG017,20130617,5.72,5.72,5.72,5.72,0
AIG017,20130618,5.72,5.72,5.72,5.72,0
AIG017,20130619,5.72,5.72,5.72,5.72,0
AIG017,20130620,5.64,5.64,5.64,5.64,0
AIG017,20130621,5.60,5.60,5.60,5.60,0
AIG017,20130624,5.53,5.53,5.53,5.53,0
AIG017,20130625,5.53,5.53,5.53,5.53,0
AIG017,20130626,5.61,5.61,5.61,5.61,0
AIG017,20130627,5.65,5.65,5.65,5.65,0
AIG017,20130628,5.62,5.62,5.62,5.62,0
AIG017,20130701,5.65,5.65,5.65,5.65,0
AIG017,20130702,5.64,5.64,5.64,5.64,0
AIG017,20130703,5.62,5.62,5.62,5.62,0
AIG017,20130704,5.64,5.64,5.64,5.64,0
AIG017,20130705,5.65,5.65,5.65,5.65,0
AIG017,20130708,5.70,5.70,5.70,5.70,0
AIG017,20130709,5.72,5.72,5.72,5.72,0
AIG017,20130710,5.73,5.73,5.73,5.73,0
AIG017,20130711,5.78,5.78,5.78,5.78,0
AIG017,20130712,5.79,5.79,5.79,5.79,0
AIG017,20130715,5.77,5.77,5.77,5.77,0
AIG017,20130716,5.75,5.75,5.75,5.75,0
AIG017,20130717,5.73,5.73,5.73,5.73,0
AIG017,20130718,5.74,5.74,5.74,5.74,0
AIG017,20130719,5.72,5.72,5.72,5.72,0
AIG017,20130722,5.71,5.71,5.71,5.71,0
AIG017,20130723,5.71,5.71,5.71,5.71,0
AIG017,20130724,5.69,5.69,5.69,5.69,0
AIG017,20130725,5.68,5.68,5.68,5.68,0
AIG017,20130726,5.64,5.64,5.64,5.64,0
AIG017,20130729,5.64,5.64,5.64,5.64,0
AIG017,20130730,5.65,5.65,5.65,5.65,0
AIG017,20130731,5.66,5.66,5.66,5.66,0
AIG017,20130801,5.69,5.69,5.69,5.69,0
AIG017,20130802,5.74,5.74,5.74,5.74,0
AIG017,20130805,5.69,5.69,5.69,5.69,0
AIG017,20130806,5.69,5.69,5.69,5.69,0
AIG017,20130807,5.67,5.67,5.67,5.67,0
AIG017,20130808,5.65,5.65,5.65,5.65,0
AIG017,20130809,5.62,5.62,5.62,5.62,0
AIG017,20130812,5.63,5.63,5.63,5.63,0
AIG017,20130813,5.63,5.63,5.63,5.63,0
AIG017,20130814,5.67,5.67,5.67,5.67,0
AIG017,20130816,5.61,5.61,5.61,5.61,0
AIG017,20130819,5.64,5.64,5.64,5.64,0
AIG017,20130820,5.60,5.60,5.60,5.60,0
AIG017,20130821,5.57,5.57,5.57,5.57,0
AIG017,20130822,5.59,5.59,5.59,5.59,0
AIG017,20130823,5.58,5.58,5.58,5.58,0
AIG017,20130826,5.58,5.58,5.58,5.58,0
AIG017,20130827,5.56,5.56,5.56,5.56,0
AIG017,20130828,5.49,5.49,5.49,5.49,0
AIG017,20130829,5.57,5.57,5.57,5.57,0
AIG017,20130830,5.55,5.55,5.55,5.55,0
AIG017,20130902,5.55,5.55,5.55,5.55,0
AIG017,20130903,5.61,5.61,5.61,5.61,0
AIG017,20130904,5.59,5.59,5.59,5.59,0
AIG017,20130905,5.63,5.63,5.63,5.63,0
AIG017,20130906,5.67,5.67,5.67,5.67,0
AIG017,20130909,5.64,5.64,5.64,5.64,0
AIG017,20130910,5.68,5.68,5.68,5.68,0
AIG017,20130911,5.67,5.67,5.67,5.67,0
AIG017,20130912,5.64,5.64,5.64,5.64,0
AIG017,20130913,5.63,5.63,5.63,5.63,0
AIG017,20130916,5.64,5.64,5.64,5.64,0
AIG017,20130917,5.67,5.67,5.67,5.67,0
AIG017,20130918,5.71,5.71,5.71,5.71,0
AIG017,20130919,5.66,5.66,5.66,5.66,0
AIG017,20130920,5.69,5.69,5.69,5.69,0
AIG017,20130923,5.67,5.67,5.67,5.67,0
AIG017,20130924,5.66,5.66,5.66,5.66,0
AIG017,20130925,5.63,5.63,5.63,5.63,0
AIG017,20130926,5.65,5.65,5.65,5.65,0
AIG017,20130927,5.64,5.64,5.64,5.64,0
AIG017,20130930,5.60,5.60,5.60,5.60,0
AIG017,20131001,5.59,5.59,5.59,5.59,0
AIG017,20131002,5.58,5.58,5.58,5.58,0
AIG017,20131003,5.54,5.54,5.54,5.54,0
AIG017,20131004,5.51,5.51,5.51,5.51,0
AIG017,20131007,5.50,5.50,5.50,5.50,0
AIG017,20131008,5.47,5.47,5.47,5.47,0
AIG017,20131009,5.44,5.44,5.44,5.44,0
AIG017,20131010,5.48,5.48,5.48,5.48,0
AIG017,20131011,5.49,5.49,5.49,5.49,0
AIG017,20131014,5.52,5.52,5.52,5.52,0
AIG017,20131015,5.52,5.52,5.52,5.52,0
AIG017,20131016,5.51,5.51,5.51,5.51,0
AIG017,20131017,5.54,5.54,5.54,5.54,0
AIG017,20131018,5.57,5.57,5.57,5.57,0
AIG017,20131021,5.61,5.61,5.61,5.61,0
AIG017,20131022,5.65,5.65,5.65,5.65,0
AIG017,20131023,5.62,5.62,5.62,5.62,0
AIG017,20131030,5.68,5.68,5.68,5.68,0
AIG017,20131031,5.66,5.66,5.66,5.66,0
AIG017,20131104,5.73,5.73,5.73,5.73,0
AIG017,20131105,5.72,5.72,5.72,5.72,0
AIG017,20131106,5.75,5.75,5.75,5.75,0
AIG017,20131107,5.72,5.72,5.72,5.72,0
AIG017,20131108,5.73,5.73,5.73,5.73,0
AIG017,20131112,5.82,5.82,5.82,5.82,0
AIG017,20131113,5.79,5.79,5.79,5.79,0
AIG017,20131114,5.80,5.80,5.80,5.80,0
AIG017,20131115,5.84,5.84,5.84,5.84,0
AIG017,20131118,5.83,5.83,5.83,5.83,0
AIG017,20131119,5.80,5.80,5.80,5.80,0
AIG017,20131120,5.79,5.79,5.79,5.79,0
AIG017,20131121,5.82,5.82,5.82,5.82,0
AIG017,20131122,5.80,5.80,5.80,5.80,0
AIG017,20131125,5.81,5.81,5.81,5.81,0
AIG017,20131126,5.78,5.78,5.78,5.78,0
AIG017,20131127,5.78,5.78,5.78,5.78,0
AIG017,20131128,5.78,5.78,5.78,5.78,0
AIG017,20131129,5.78,5.78,5.78,5.78,0
AIG017,20131202,5.76,5.76,5.76,5.76,0
AIG017,20131203,5.74,5.74,5.74,5.74,0
AIG017,20131204,5.67,5.67,5.67,5.67,0
AIG017,20131205,5.68,5.68,5.68,5.68,0
AIG017,20131206,5.66,5.66,5.66,5.66,0
AIG017,20131209,5.65,5.65,5.65,5.65,0
AIG017,20131210,5.62,5.62,5.62,5.62,0
AIG017,20131211,5.59,5.59,5.59,5.59,0
AIG017,20131212,5.53,5.53,5.53,5.53,0
AIG017,20131213,5.50,5.50,5.50,5.50,0
AIG017,20131216,5.53,5.53,5.53,5.53,0
AIG017,20131217,5.52,5.52,5.52,5.52,0
AIG017,20131218,5.56,5.56,5.56,5.56,0
AIG017,20131219,5.62,5.62,5.62,5.62,0
AIG017,20131220,5.65,5.65,5.65,5.65,0
AIG017,20131223,5.66,5.66,5.66,5.66,0
AIG017,20131227,5.69,5.69,5.69,5.69,0
AIG017,20131230,5.69,5.69,5.69,5.69,0
AIG017,20140102,5.69,5.69,5.69,5.69,0
AIG017,20140103,5.71,5.71,5.71,5.71,0
AIG017,20140107,5.72,5.72,5.72,5.72,0
AIG017,20140108,5.70,5.70,5.70,5.70,0
AIG017,20140109,5.69,5.69,5.69,5.69,0
AIG017,20140110,5.70,5.70,5.70,5.70,0
AIG017,20140113,5.64,5.64,5.64,5.64,0
AIG017,20140114,5.62,5.62,5.62,5.62,0
AIG017,20140115,5.66,5.66,5.66,5.66,0
AIG017,20140116,5.69,5.69,5.69,5.69,0
AIG017,20140117,5.69,5.69,5.69,5.69,0
AIG017,20140120,5.71,5.71,5.71,5.71,0
AIG017,20140121,5.74,5.74,5.74,5.74,0
AIG017,20140122,5.75,5.75,5.75,5.75,0
AIG017,20140123,5.69,5.69,5.69,5.69,0
AIG017,20140124,5.64,5.64,5.64,5.64,0
AIG017,20140127,5.61,5.61,5.61,5.61,0
AIG017,20140128,5.55,5.55,5.55,5.55,0
AIG017,20140129,5.55,5.55,5.55,5.55,0
AIG017,20140130,5.57,5.57,5.57,5.57,0
AIG017,20140131,5.56,5.56,5.56,5.56,0
AIG017,20140203,5.58,5.58,5.58,5.58,0
AIG017,20140204,5.50,5.50,5.50,5.50,0
AIG017,20140205,5.46,5.46,5.46,5.46,0
AIG017,20140206,5.50,5.50,5.50,5.50,0
AIG017,20140207,5.55,5.55,5.55,5.55,0
AIG017,20140210,5.55,5.55,5.55,5.55,0
AIG017,20140211,5.56,5.56,5.56,5.56,0
AIG017,20140212,5.60,5.60,5.60,5.60,0
AIG017,20140213,5.59,5.59,5.59,5.59,0
AIG017,20140214,5.60,5.60,5.60,5.60,0
AIG017,20140217,5.63,5.63,5.63,5.63,0
AIG017,20140218,5.63,5.63,5.63,5.63,0
AIG017,20140219,5.64,5.64,5.64,5.64,0
AIG017,20140220,5.67,5.67,5.67,5.67,0
AIG017,20140221,5.67,5.67,5.67,5.67,0
AIG017,20140224,5.65,5.65,5.65,5.65,0
AIG017,20140225,5.66,5.66,5.66,5.66,0
AIG017,20140226,5.66,5.66,5.66,5.66,0
AIG017,20140227,5.72,5.72,5.72,5.72,0
AIG017,20140228,5.69,5.69,5.69,5.69,0
AIG017,20140303,5.67,5.67,5.67,5.67,0
AIG017,20140304,5.73,5.73,5.73,5.73,0
AIG017,20140305,5.74,5.74,5.74,5.74,0
AIG017,20140306,5.76,5.76,5.76,5.76,0
AIG017,20140307,5.71,5.71,5.71,5.71,0
AIG017,20140310,5.69,5.69,5.69,5.69,0
AIG017,20140311,5.73,5.73,5.73,5.73,0
AIG017,20140312,5.70,5.70,5.70,5.70,0
AIG017,20140313,5.64,5.64,5.64,5.64,0
AIG017,20140314,5.62,5.62,5.62,5.62,0
AIG017,20140317,5.64,5.64,5.64,5.64,0
AIG017,20140318,5.67,5.67,5.67,5.67,0
AIG017,20140319,5.65,5.65,5.65,5.65,0
AIG017,20140320,5.63,5.63,5.63,5.63,0
AIG017,20140321,5.67,5.67,5.67,5.67,0
AIG017,20140324,5.65,5.65,5.65,5.65,0
AIG017,20140325,5.66,5.66,5.66,5.66,0
AIG017,20140326,5.69,5.69,5.69,5.69,0
AIG017,20140327,5.68,5.68,5.68,5.68,0
AIG017,20140328,5.71,5.71,5.71,5.71,0
AIG017,20140331,5.74,5.74,5.74,5.74,0
AIG017,20140401,5.74,5.74,5.74,5.74,0
AIG017,20140402,5.75,5.75,5.75,5.75,0
AIG017,20140403,5.76,5.76,5.76,5.76,0
AIG017,20140404,5.76,5.76,5.76,5.76,0
AIG017,20140407,5.72,5.72,5.72,5.72,0
AIG017,20140408,5.71,5.71,5.71,5.71,0
AIG017,20140409,5.74,5.74,5.74,5.74,0
AIG017,20140410,5.73,5.73,5.73,5.73,0
AIG017,20140411,5.66,5.66,5.66,5.66,0
AIG017,20140414,5.70,5.70,5.70,5.70,0
AIG017,20140415,5.73,5.73,5.73,5.73,0
AIG017,20140416,5.74,5.74,5.74,5.74,0
AIG017,20140417,5.75,5.75,5.75,5.75,0
AIG017,20140422,5.79,5.79,5.79,5.79,0
AIG017,20140423,5.78,5.78,5.78,5.78,0
AIG017,20140424,5.77,5.77,5.77,5.77,0
AIG017,20140425,5.78,5.78,5.78,5.78,0
AIG017,20140428,5.78,5.78,5.78,5.78,0
AIG017,20140429,5.78,5.78,5.78,5.78,0
AIG017,20140430,5.82,5.82,5.82,5.82,0
AIG017,20140502,5.78,5.78,5.78,5.78,0
AIG017,20140505,5.77,5.77,5.77,5.77,0
AIG017,20140506,5.76,5.76,5.76,5.76,0
AIG017,20140507,5.78,5.78,5.78,5.78,0
AIG017,20140508,5.78,5.78,5.78,5.78,0
AIG017,20140509,5.79,5.79,5.79,5.79,0
AIG017,20140512,5.85,5.85,5.85,5.85,0
AIG017,20140513,5.86,5.86,5.86,5.86,0
AIG017,20140514,5.87,5.87,5.87,5.87,0
AIG017,20140515,5.89,5.89,5.89,5.89,0
AIG017,20140516,5.89,5.89,5.89,5.89,0
AIG017,20140519,5.90,5.90,5.90,5.90,0
AIG017,20140520,5.89,5.89,5.89,5.89,0
AIG017,20140521,5.88,5.88,5.88,5.88,0
AIG017,20140522,5.89,5.89,5.89,5.89,0
AIG017,20140523,5.88,5.88,5.88,5.88,0
AIG017,20140526,5.88,5.88,5.88,5.88,0
AIG017,20140527,5.91,5.91,5.91,5.91,0
AIG017,20140528,5.92,5.92,5.92,5.92,0
AIG017,20140529,5.88,5.88,5.88,5.88,0
AIG017,20140530,5.91,5.91,5.91,5.91,0
AIG017,20140602,5.91,5.91,5.91,5.91,0
AIG017,20140603,5.91,5.91,5.91,5.91,0
AIG017,20140604,5.91,5.91,5.91,5.91,0
AIG017,20140605,5.88,5.88,5.88,5.88,0
AIG017,20140606,5.89,5.89,5.89,5.89,0
AIG017,20140609,5.87,5.87,5.87,5.87,0
AIG017,20140610,5.91,5.91,5.91,5.91,0
AIG017,20140611,5.92,5.92,5.92,5.92,0
AIG017,20140612,5.91,5.91,5.91,5.91,0
AIG017,20140613,5.90,5.90,5.90,5.90,0
AIG017,20140616,5.95,5.95,5.95,5.95,0
AIG017,20140617,5.94,5.94,5.94,5.94,0
AIG017,20140618,5.96,5.96,5.96,5.96,0
AIG017,20140620,5.98,5.98,5.98,5.98,0
AIG017,20140623,6.00,6.00,6.00,6.00,0
AIG017,20140624,5.96,5.96,5.96,5.96,0
AIG017,20140625,5.92,5.92,5.92,5.92,0
AIG017,20140626,5.89,5.89,5.89,5.89,0
AIG017,20140627,5.91,5.91,5.91,5.91,0
AIG017,20140630,5.93,5.93,5.93,5.93,0
AIG017,20140701,5.94,5.94,5.94,5.94,0
AIG017,20140702,5.96,5.96,5.96,5.96,0
AIG017,20140703,5.98,5.98,5.98,5.98,0
AIG017,20140704,6.00,6.00,6.00,6.00,0
AIG017,20140707,5.99,5.99,5.99,5.99,0
AIG017,20140708,5.95,5.95,5.95,5.95,0
AIG017,20140709,5.91,5.91,5.91,5.91,0
AIG017,20140710,5.87,5.87,5.87,5.87,0
AIG017,20140711,5.89,5.89,5.89,5.89,0
AIG017,20140714,5.91,5.91,5.91,5.91,0
AIG017,20140715,5.91,5.91,5.91,5.91,0
AIG017,20140716,5.94,5.94,5.94,5.94,0
AIG017,20140717,5.95,5.95,5.95,5.95,0
AIG017,20140718,5.95,5.95,5.95,5.95,0
AIG017,20140721,5.97,5.97,5.97,5.97,0
AIG017,20140722,6.00,6.00,6.00,6.00,0
AIG017,20140723,6.00,6.00,6.00,6.00,0
AIG017,20140724,6.00,6.00,6.00,6.00,0
AIG017,20140725,5.98,5.98,5.98,5.98,0
AIG017,20140728,5.97,5.97,5.97,5.97,0
AIG017,20140729,5.98,5.98,5.98,5.98,0
AIG017,20140730,5.97,5.97,5.97,5.97,0
AIG017,20140731,5.93,5.93,5.93,5.93,0
AIG017,20140801,5.92,5.92,5.92,5.92,0
AIG017,20140804,5.88,5.88,5.88,5.88,0
AIG017,20140805,5.88,5.88,5.88,5.88,0
AIG017,20140806,5.89,5.89,5.89,5.89,0
AIG017,20140807,5.89,5.89,5.89,5.89,0
AIG017,20140808,5.89,5.89,5.89,5.89,0
AIG017,20140811,5.91,5.91,5.91,5.91,0
AIG017,20140812,5.92,5.92,5.92,5.92,0
AIG017,20140813,5.94,5.94,5.94,5.94,0
AIG017,20140814,5.93,5.93,5.93,5.93,0
AIG017,20140818,5.98,5.98,5.98,5.98,0
AIG017,20140820,6.03,6.03,6.03,6.03,0
AIG017,20140821,6.06,6.06,6.06,6.06,0
AIG017,20140822,6.04,6.04,6.04,6.04,0
AIG017,20140825,6.08,6.08,6.08,6.08,0
AIG017,20140826,6.10,6.10,6.10,6.10,0
AIG017,20140827,6.10,6.10,6.10,6.10,0
AIG017,20140828,6.11,6.11,6.11,6.11,0
AIG017,20140829,6.13,6.13,6.13,6.13,0
AIG017,20140901,6.15,6.15,6.15,6.15,0
AIG017,20140902,6.18,6.18,6.18,6.18,0
AIG017,20140903,6.16,6.16,6.16,6.16,0
AIG017,20140904,6.17,6.17,6.17,6.17,0
AIG017,20140905,6.22,6.22,6.22,6.22,0
AIG017,20140908,6.19,6.19,6.19,6.19,0
AIG017,20140909,6.23,6.23,6.23,6.23,0
AIG017,20140910,6.21,6.21,6.21,6.21,0
AIG017,20140918,6.23,6.23,6.23,6.23,0
AIG017,20140919,6.24,6.24,6.24,6.24,0
AIG017,20140922,6.21,6.21,6.21,6.21,0
AIG017,20140923,6.14,6.14,6.14,6.14,0
AIG017,20140924,6.15,6.15,6.15,6.15,0
AIG017,20140925,6.17,6.17,6.17,6.17,0
AIG017,20140929,6.18,6.18,6.18,6.18,0
AIG017,20140930,6.16,6.16,6.16,6.16,0
AIG017,20141001,6.14,6.14,6.14,6.14,0
AIG017,20141002,6.08,6.08,6.08,6.08,0
AIG017,20141006,6.16,6.16,6.16,6.16,0
AIG017,20141007,6.05,6.05,6.05,6.05,0
AIG017,20141008,6.07,6.07,6.07,6.07,0
AIG017,20141009,6.00,6.00,6.00,6.00,0
AIG017,20141010,5.93,5.93,5.93,5.93,0
AIG017,20141013,5.89,5.89,5.89,5.89,0
AIG017,20141014,5.85,5.85,5.85,5.85,0
AIG017,20141015,5.86,5.86,5.86,5.86,0
AIG017,20141016,5.77,5.77,5.77,5.77,0
AIG017,20141017,5.88,5.88,5.88,5.88,0
AIG017,20141020,5.94,5.94,5.94,5.94,0
AIG017,20141021,6.00,6.00,6.00,6.00,0
AIG017,20141022,6.03,6.03,6.03,6.03,0
AIG017,20141023,6.09,6.09,6.09,6.09,0
AIG017,20141024,6.12,6.12,6.12,6.12,0
AIG017,20141027,6.11,6.11,6.11,6.11,0
AIG017,20141028,6.15,6.15,6.15,6.15,0
AIG017,20141029,6.15,6.15,6.15,6.15,0
AIG017,20141030,6.25,6.25,6.25,6.25,0
AIG017,20141031,6.28,6.28,6.28,6.28,0
AIG017,20141103,6.32,6.32,6.32,6.32,0
AIG017,20141104,6.30,6.30,6.30,6.30,0
AIG017,20141105,6.33,6.33,6.33,6.33,0
AIG017,20141106,6.33,6.33,6.33,6.33,0
AIG017,20141107,6.37,6.37,6.37,6.37,0
AIG017,20141110,6.34,6.34,6.34,6.34,0
AIG017,20141112,6.38,6.38,6.38,6.38,0
AIG017,20141113,6.37,6.37,6.37,6.37,0
AIG017,20141114,6.38,6.38,6.38,6.38,0
AIG017,20141117,6.35,6.35,6.35,6.35,0
AIG017,20141118,6.38,6.38,6.38,6.38,0
AIG017,20141119,6.37,6.37,6.37,6.37,0
AIG017,20141120,6.37,6.37,6.37,6.37,0
AIG017,20141121,6.43,6.43,6.43,6.43,0
AIG017,20141124,6.46,6.46,6.46,6.46,0
AIG017,20141125,6.44,6.44,6.44,6.44,0
AIG017,20141126,6.43,6.43,6.43,6.43,0
AIG017,20141127,6.43,6.43,6.43,6.43,0
AIG017,20141128,6.45,6.45,6.45,6.45,0
AIG017,20141201,6.39,6.39,6.39,6.39,0
AIG017,20141202,6.37,6.37,6.37,6.37,0
AIG017,20141203,6.44,6.44,6.44,6.44,0
AIG017,20141204,6.44,6.44,6.44,6.44,0
AIG017,20141205,6.43,6.43,6.43,6.43,0
AIG017,20141208,6.46,6.46,6.46,6.46,0
AIG017,20141209,6.37,6.37,6.37,6.37,0
AIG017,20141210,6.31,6.31,6.31,6.31,0
AIG017,20141211,6.29,6.29,6.29,6.29,0
AIG017,20141212,6.22,6.22,6.22,6.22,0
AIG017,20141215,6.16,6.16,6.16,6.16,0
AIG017,20141216,6.13,6.13,6.13,6.13,0
AIG017,20141217,6.24,6.24,6.24,6.24,0
AIG017,20141218,6.47,6.47,6.47,6.47,0
AIG017,20141219,6.55,6.55,6.55,6.55,0
AIG017,20141222,6.59,6.59,6.59,6.59,0
AIG017,20141223,6.62,6.62,6.62,6.62,0
AIG017,20141229,6.68,6.68,6.68,6.68,0
AIG017,20141230,6.69,6.69,6.69,6.69,0
AIG017,20150102,6.65,6.65,6.65,6.65,0
AIG017,20150105,6.59,6.59,6.59,6.59,0
AIG017,20150107,6.61,6.61,6.61,6.61,0
AIG017,20150108,6.72,6.72,6.72,6.72,0
AIG017,20150109,6.68,6.68,6.68,6.68,0
AIG017,20150112,6.66,6.66,6.66,6.66,0
AIG017,20150113,6.65,6.65,6.65,6.65,0
AIG017,20150114,6.66,6.66,6.66,6.66,0
AIG017,20150115,6.66,6.66,6.66,6.66,0
AIG017,20150116,6.78,6.78,6.78,6.78,0
AIG017,20150119,6.80,6.80,6.80,6.80,0
AIG017,20150120,6.84,6.84,6.84,6.84,0
AIG017,20150121,6.86,6.86,6.86,6.86,0
AIG017,20150122,6.84,6.84,6.84,6.84,0
AIG017,20150123,6.95,6.95,6.95,6.95,0
AIG017,20150126,6.94,6.94,6.94,6.94,0
AIG017,20150127,6.89,6.89,6.89,6.89,0
AIG017,20150128,6.82,6.82,6.82,6.82,0
AIG017,20150129,6.86,6.86,6.86,6.86,0
AIG017,20150130,6.79,6.79,6.79,6.79,0
AIG017,20150202,6.77,6.77,6.77,6.77,0
AIG017,20150203,6.86,6.86,6.86,6.86,0
AIG017,20150204,6.87,6.87,6.87,6.87,0
AIG017,20150205,6.91,6.91,6.91,6.91,0
AIG017,20150206,6.87,6.87,6.87,6.87,0
AIG017,20150209,6.87,6.87,6.87,6.87,0
AIG017,20150210,6.93,6.93,6.93,6.93,0
AIG017,20150211,6.92,6.92,6.92,6.92,0
AIG017,20150212,6.95,6.95,6.95,6.95,0
AIG017,20150213,6.95,6.95,6.95,6.95,0
AIG017,20150216,6.99,6.99,6.99,6.99,0
AIG017,20150217,7.01,7.01,7.01,7.01,0
AIG017,20150218,7.02,7.02,7.02,7.02,0
AIG017,20150219,7.02,7.02,7.02,7.02,0
AIG017,20150220,7.08,7.08,7.08,7.08,0
AIG017,20150223,7.07,7.07,7.07,7.07,0
AIG017,20150224,7.09,7.09,7.09,7.09,0
AIG017,20150225,7.05,7.05,7.05,7.05,0
AIG017,20150226,7.02,7.02,7.02,7.02,0
AIG017,20150227,7.09,7.09,7.09,7.09,0
AIG017,20150302,7.12,7.12,7.12,7.12,0
AIG017,20150303,7.11,7.11,7.11,7.11,0
AIG017,20150304,7.14,7.14,7.14,7.14,0
AIG017,20150305,7.16,7.16,7.16,7.16,0
AIG017,20150306,7.13,7.13,7.13,7.13,0
AIG017,20150309,7.14,7.14,7.14,7.14,0
AIG017,20150310,7.11,7.11,7.11,7.11,0
AIG017,20150311,7.20,7.20,7.20,7.20,0
AIG017,20150312,7.24,7.24,7.24,7.24,0
AIG017,20150313,7.24,7.24,7.24,7.24,0
AIG017,20150316,7.32,7.32,7.32,7.32,0
AIG017,20150317,7.28,7.28,7.28,7.28,0
AIG017,20150318,7.37,7.37,7.37,7.37,0
AIG017,20150319,7.29,7.29,7.29,7.29,0
AIG017,20150320,7.34,7.34,7.34,7.34,0
AIG017,20150323,7.30,7.30,7.30,7.30,0
AIG017,20150324,7.17,7.17,7.17,7.17,0
AIG017,20150325,7.09,7.09,7.09,7.09,0
AIG017,20150326,6.99,6.99,6.99,6.99,0
AIG017,20150327,7.14,7.14,7.14,7.14,0
AIG017,20150330,7.13,7.13,7.13,7.13,0
AIG017,20150331,7.16,7.16,7.16,7.16,0
AIG017,20150401,7.11,7.11,7.11,7.11,0
AIG017,20150402,7.09,7.09,7.09,7.09,0
AIG017,20150407,7.12,7.12,7.12,7.12,0
AIG017,20150408,7.10,7.10,7.10,7.10,0
AIG017,20150409,7.15,7.15,7.15,7.15,0
AIG017,20150410,7.24,7.24,7.24,7.24,0
AIG017,20150413,7.25,7.25,7.25,7.25,0
AIG017,20150414,7.22,7.22,7.22,7.22,0
AIG017,20150415,7.24,7.24,7.24,7.24,0
AIG017,20150416,7.25,7.25,7.25,7.25,0
AIG017,20150417,7.10,7.10,7.10,7.10,0
AIG017,20150420,7.11,7.11,7.11,7.11,0
AIG017,20150421,7.12,7.12,7.12,7.12,0
AIG017,20150422,7.10,7.10,7.10,7.10,0
AIG017,20150423,7.16,7.16,7.16,7.16,0
AIG017,20150424,7.08,7.08,7.08,7.08,0
AIG017,20150427,7.14,7.14,7.14,7.14,0
AIG017,20150428,7.07,7.07,7.07,7.07,0
AIG017,20150429,6.99,6.99,6.99,6.99,0
AIG017,20150430,6.88,6.88,6.88,6.88,0
AIG017,20150504,6.97,6.97,6.97,6.97,0
AIG017,20150505,6.92,6.92,6.92,6.92,0
AIG017,20150506,6.88,6.88,6.88,6.88,0
AIG017,20150507,6.80,6.80,6.80,6.80,0
AIG017,20150508,6.94,6.94,6.94,6.94,0
AIG017,20150511,7.01,7.01,7.01,7.01,0
AIG017,20150512,6.97,6.97,6.97,6.97,0
AIG017,20150513,6.96,6.96,6.96,6.96,0
AIG017,20150514,6.90,6.90,6.90,6.90,0
AIG017,20150515,6.94,6.94,6.94,6.94,0
AIG017,20150518,6.90,6.90,6.90,6.90,0
AIG017,20150519,7.00,7.00,7.00,7.00,0
AIG017,20150520,7.06,7.06,7.06,7.06,0
AIG017,20150521,7.09,7.09,7.09,7.09,0
AIG017,20150522,7.09,7.09,7.09,7.09,0
AIG017,20150525,7.23,7.23,7.23,7.23,0
AIG017,20150526,7.22,7.22,7.22,7.22,0
AIG017,20150527,7.25,7.25,7.25,7.25,0
AIG017,20150528,7.25,7.25,7.25,7.25,0
AIG017,20150529,7.17,7.17,7.17,7.17,0
AIG017,20150601,7.18,7.18,7.18,7.18,0
AIG017,20150602,7.14,7.14,7.14,7.14,0
AIG017,20150603,7.08,7.08,7.08,7.08,0
AIG017,20150605,6.96,6.96,6.96,6.96,0
AIG017,20150608,7.02,7.02,7.02,7.02,0
AIG017,20150609,6.93,6.93,6.93,6.93,0
AIG017,20150610,6.98,6.98,6.98,6.98,0
AIG017,20150611,7.02,7.02,7.02,7.02,0
AIG017,20150612,7.03,7.03,7.03,7.03,0
AIG017,20150615,6.95,6.95,6.95,6.95,0
AIG017,20150616,6.97,6.97,6.97,6.97,0
AIG017,20150617,6.98,6.98,6.98,6.98,0
AIG017,20150618,6.97,6.97,6.97,6.97,0
AIG017,20150619,7.02,7.02,7.02,7.02,0
AIG017,20150622,7.04,7.04,7.04,7.04,0
AIG017,20150623,7.10,7.10,7.10,7.10,0
AIG017,20150624,7.08,7.08,7.08,7.08,0
AIG017,20150625,7.09,7.09,7.09,7.09,0
AIG017,20150626,7.08,7.08,7.08,7.08,0
AIG017,20150629,7.02,7.02,7.02,7.02,0
AIG017,20150630,6.98,6.98,6.98,6.98,0
AIG017,20150701,7.01,7.01,7.01,7.01,0
AIG017,20150702,7.05,7.05,7.05,7.05,0
AIG017,20150703,7.02,7.02,7.02,7.02,0
AIG017,20150706,7.01,7.01,7.01,7.01,0
AIG017,20150707,7.06,7.06,7.06,7.06,0
AIG017,20150708,6.98,6.98,6.98,6.98,0
AIG017,20150709,7.00,7.00,7.00,7.00,0
AIG017,20150710,7.03,7.03,7.03,7.03,0
AIG017,20150713,7.05,7.05,7.05,7.05,0
AIG017,20150714,7.10,7.10,7.10,7.10,0
AIG017,20150715,7.08,7.08,7.08,7.08,0
AIG017,20150716,7.13,7.13,7.13,7.13,0
AIG017,20150717,7.13,7.13,7.13,7.13,0
AIG017,20150727,6.89,6.89,6.89,6.89,0
AIG017,20150728,6.92,6.92,6.92,6.92,0
AIG017,20150729,7.01,7.01,7.01,7.01,0
AIG017,20150730,7.07,7.07,7.07,7.07,0
AIG017,20150731,7.11,7.11,7.11,7.11,0
AIG017,20150803,7.08,7.08,7.08,7.08,0
AIG017,20150804,7.08,7.08,7.08,7.08,0
AIG017,20150805,7.16,7.16,7.16,7.16,0
AIG017,20150806,7.13,7.13,7.13,7.13,0
AIG017,20150807,7.10,7.10,7.10,7.10,0
AIG017,20150810,7.12,7.12,7.12,7.12,0
AIG017,20150811,7.06,7.06,7.06,7.06,0
AIG017,20150812,6.95,6.95,6.95,6.95,0
AIG017,20150813,6.93,6.93,6.93,6.93,0
AIG017,20150814,6.92,6.92,6.92,6.92,0
AIG017,20150817,6.93,6.93,6.93,6.93,0
AIG017,20150818,6.91,6.91,6.91,6.91,0
AIG017,20150819,6.89,6.89,6.89,6.89,0
AIG017,20150820,6.75,6.75,6.75,6.75,0
AIG017,20150821,6.56,6.56,6.56,6.56,0
AIG017,20150824,6.28,6.28,6.28,6.28,0
AIG017,20150825,6.23,6.23,6.23,6.23,0
AIG017,20150826,6.32,6.32,6.32,6.32,0
AIG017,20150827,6.51,6.51,6.51,6.51,0
AIG017,20150828,6.55,6.55,6.55,6.55,0
AIG017,20150831,6.57,6.57,6.57,6.57,0
AIG017,20150901,6.40,6.40,6.40,6.40,0
AIG017,20150902,6.44,6.44,6.44,6.44,0
AIG017,20150903,6.48,6.48,6.48,6.48,0
AIG017,20150904,6.46,6.46,6.46,6.46,0
AIG017,20150907,6.44,6.44,6.44,6.44,0
AIG017,20150908,6.55,6.55,6.55,6.55,0
AIG017,20150909,6.51,6.51,6.51,6.51,0
AIG017,20150910,6.49,6.49,6.49,6.49,0
AIG017,20150911,6.44,6.44,6.44,6.44,0
AIG017,20150914,6.39,6.39,6.39,6.39,0
AIG017,20150915,6.42,6.42,6.42,6.42,0
AIG017,20150916,6.51,6.51,6.51,6.51,0
AIG017,20150917,6.52,6.52,6.52,6.52,0
AIG017,20150918,6.37,6.37,6.37,6.37,0
AIG017,20150921,6.42,6.42,6.42,6.42,0
AIG017,20150922,6.39,6.39,6.39,6.39,0
AIG017,20150923,6.43,6.43,6.43,6.43,0
AIG017,20150924,6.36,6.36,6.36,6.36,0
AIG017,20150925,6.42,6.42,6.42,6.42,0
AIG017,20150928,6.33,6.33,6.33,6.33,0
AIG017,20150929,6.29,6.29,6.29,6.29,0
AIG017,20150930,6.37,6.37,6.37,6.37,0
AIG017,20151001,6.44,6.44,6.44,6.44,0
AIG017,20151002,6.50,6.50,6.50,6.50,0
AIG017,20151005,6.55,6.55,6.55,6.55,0
AIG017,20151006,6.62,6.62,6.62,6.62,0
AIG017,20151007,6.62,6.62,6.62,6.62,0
AIG017,20151008,6.68,6.68,6.68,6.68,0
AIG017,20151009,6.66,6.66,6.66,6.66,0
AIG017,20151012,6.64,6.64,6.64,6.64,0
AIG017,20151013,6.60,6.60,6.60,6.60,0
AIG017,20151014,6.56,6.56,6.56,6.56,0
AIG017,20151015,6.60,6.60,6.60,6.60,0
AIG017,20151016,6.65,6.65,6.65,6.65,0
AIG017,20151019,6.66,6.66,6.66,6.66,0
AIG017,20151020,6.65,6.65,6.65,6.65,0
AIG017,20151021,6.68,6.68,6.68,6.68,0
AIG017,20151022,6.76,6.76,6.76,6.76,0
AIG017,20151023,6.87,6.87,6.87,6.87,0
AIG017,20151026,6.96,6.96,6.96,6.96,0
AIG017,20151027,6.93,6.93,6.93,6.93,0
AIG017,20151028,6.98,6.98,6.98,6.98,0
AIG017,20151029,7.05,7.05,7.05,7.05,0
AIG017,20151030,7.00,7.00,7.00,7.00,0
AIG017,20151102,7.00,7.00,7.00,7.00,0
AIG017,20151103,7.05,7.05,7.05,7.05,0
AIG017,20151104,7.08,7.08,7.08,7.08,0
AIG017,20151105,7.07,7.07,7.07,7.07,0
AIG017,20151106,7.05,7.05,7.05,7.05,0
AIG017,20151109,7.11,7.11,7.11,7.11,0
AIG017,20151110,7.08,7.08,7.08,7.08,0
AIG017,20151112,7.02,7.02,7.02,7.02,0
AIG017,20151113,6.93,6.93,6.93,6.93,0
AIG017,20151116,7.00,7.00,7.00,7.00,0
AIG017,20151117,7.08,7.08,7.08,7.08,0
AIG017,20151118,7.13,7.13,7.13,7.13,0
AIG017,20151119,7.16,7.16,7.16,7.16,0
AIG017,20151120,7.14,7.14,7.14,7.14,0
AIG017,20151123,7.14,7.14,7.14,7.14,0
AIG017,20151124,7.12,7.12,7.12,7.12,0
AIG017,20151125,7.19,7.19,7.19,7.19,0
AIG017,20151126,7.21,7.21,7.21,7.21,0
AIG017,20151127,7.21,7.21,7.21,7.21,0
AIG017,20151130,7.16,7.16,7.16,7.16,0
AIG017,20151201,7.18,7.18,7.18,7.18,0
AIG017,20151202,7.17,7.17,7.17,7.17,0
AIG017,20151203,7.12,7.12,7.12,7.12,0
AIG017,20151204,7.04,7.04,7.04,7.04,0
AIG017,20151207,7.08,7.08,7.08,7.08,0
AIG017,20151208,6.99,6.99,6.99,6.99,0
AIG017,20151209,6.91,6.91,6.91,6.91,0
AIG017,20151210,6.89,6.89,6.89,6.89,0
AIG017,20151211,6.82,6.82,6.82,6.82,0
AIG017,20151214,6.78,6.78,6.78,6.78,0
AIG017,20151215,6.78,6.78,6.78,6.78,0
AIG017,20151216,6.88,6.88,6.88,6.88,0
AIG017,20151217,6.85,6.85,6.85,6.85,0
AIG017,20151218,6.74,6.74,6.74,6.74,0
AIG017,20151221,6.68,6.68,6.68,6.68,0
AIG017,20151222,6.67,6.67,6.67,6.67,0
AIG017,20151223,6.75,6.75,6.75,6.75,0
AIG017,20151228,6.74,6.74,6.74,6.74,0
AIG017,20151229,6.78,6.78,6.78,6.78,0
AIG017,20151230,6.79,6.79,6.79,6.79,0
AIG017,20160104,6.67,6.67,6.67,6.67,0
AIG017,20160105,6.78,6.78,6.78,6.78,0
AIG017,20160107,6.59,6.59,6.59,6.59,0
AIG017,20160108,6.52,6.52,6.52,6.52,0
AIG017,20160111,6.52,6.52,6.52,6.52,0
AIG017,20160112,6.59,6.59,6.59,6.59,0
AIG017,20160113,6.50,6.50,6.50,6.50,0
AIG017,20160114,6.47,6.47,6.47,6.47,0
AIG017,20160115,6.45,6.45,6.45,6.45,0
AIG017,20160118,6.56,6.56,6.56,6.56,0
AIG017,20160119,6.57,6.57,6.57,6.57,0
AIG017,20160120,6.44,6.44,6.44,6.44,0
AIG017,20160121,6.53,6.53,6.53,6.53,0
AIG017,20160122,6.62,6.62,6.62,6.62,0
AIG017,20160125,6.64,6.64,6.64,6.64,0
AIG017,20160126,6.67,6.67,6.67,6.67,0
AIG017,20160127,6.66,6.66,6.66,6.66,0
AIG017,20160128,6.63,6.63,6.63,6.63,0
AIG017,20160129,6.75,6.75,6.75,6.75,0
AIG017,20160201,6.79,6.79,6.79,6.79,0
AIG017,20160202,6.69,6.69,6.69,6.69,0
AIG017,20160203,6.70,6.70,6.70,6.70,0
AIG017,20160204,6.70,6.70,6.70,6.70,0
AIG017,20160205,6.65,6.65,6.65,6.65,0
AIG017,20160208,6.53,6.53,6.53,6.53,0
AIG017,20160209,6.50,6.50,6.50,6.50,0
AIG017,20160210,6.48,6.48,6.48,6.48,0
AIG017,20160211,6.37,6.37,6.37,6.37,0
AIG017,20160212,6.44,6.44,6.44,6.44,0
AIG017,20160215,6.51,6.51,6.51,6.51,0
AIG017,20160216,6.58,6.58,6.58,6.58,0
AIG017,20160217,6.67,6.67,6.67,6.67,0
AIG017,20160218,6.70,6.70,6.70,6.70,0
AIG017,20160219,6.70,6.70,6.70,6.70,0
AIG017,20160222,6.73,6.73,6.73,6.73,0
AIG017,20160223,6.73,6.73,6.73,6.73,0
AIG017,20160224,6.68,6.68,6.68,6.68,0
AIG017,20160225,6.74,6.74,6.74,6.74,0
AIG017,20160226,6.74,6.74,6.74,6.74,0
AIG017,20160229,6.74,6.74,6.74,6.74,0
AIG017,20160301,6.84,6.84,6.84,6.84,0
AIG017,20160302,6.86,6.86,6.86,6.86,0
AIG017,20160303,6.90,6.90,6.90,6.90,0
AIG017,20160304,6.93,6.93,6.93,6.93,0
AIG017,20160307,6.94,6.94,6.94,6.94,0
AIG017,20160308,6.88,6.88,6.88,6.88,0
AIG017,20160309,6.90,6.90,6.90,6.90,0
AIG017,20160310,6.86,6.86,6.86,6.86,0
AIG017,20160311,6.95,6.95,6.95,6.95,0
AIG017,20160314,6.96,6.96,6.96,6.96,0
AIG017,20160315,6.92,6.92,6.92,6.92,0
AIG017,20160316,6.94,6.94,6.94,6.94,0
AIG017,20160317,6.93,6.93,6.93,6.93,0
AIG017,20160318,6.95,6.95,6.95,6.95,0
AIG017,20160321,6.96,6.96,6.96,6.96,0
AIG017,20160322,6.96,6.96,6.96,6.96,0
AIG017,20160323,6.95,6.95,6.95,6.95,0
AIG017,20160324,6.90,6.90,6.90,6.90,0
AIG017,20160329,6.95,6.95,6.95,6.95,0
AIG017,20160330,6.98,6.98,6.98,6.98,0
AIG017,20160331,6.94,6.94,6.94,6.94,0
AIG017,20160401,6.90,6.90,6.90,6.90,0
AIG017,20160404,6.91,6.91,6.91,6.91,0
AIG017,20160405,6.83,6.83,6.83,6.83,0
AIG017,20160406,6.89,6.89,6.89,6.89,0
AIG017,20160407,6.85,6.85,6.85,6.85,0
AIG017,20160408,6.89,6.89,6.89,6.89,0
AIG017,20160411,6.88,6.88,6.88,6.88,0
AIG017,20160412,6.92,6.92,6.92,6.92,0
AIG017,20160413,7.05,7.05,7.05,7.05,0
AIG017,20160414,7.08,7.08,7.08,7.08,0
AIG017,20160415,7.06,7.06,7.06,7.06,0
AIG017,20160418,7.08,7.08,7.08,7.08,0
AIG017,20160419,7.13,7.13,7.13,7.13,0
AIG017,20160420,7.16,7.16,7.16,7.16,0
AIG017,20160421,7.15,7.15,7.15,7.15,0
AIG017,20160422,7.14,7.14,7.14,7.14,0
AIG017,20160425,7.11,7.11,7.11,7.11,0
AIG017,20160426,7.10,7.10,7.10,7.10,0
AIG017,20160427,7.11,7.11,7.11,7.11,0
AIG017,20160428,7.08,7.08,7.08,7.08,0
AIG017,20160429,7.00,7.00,7.00,7.00,0
AIG017,20160502,7.01,7.01,7.01,7.01,0
AIG017,20160504,6.92,6.92,6.92,6.92,0
AIG017,20160505,6.93,6.93,6.93,6.93,0
AIG017,20160506,6.93,6.93,6.93,6.93,0
AIG017,20160509,6.96,6.96,6.96,6.96,0
AIG017,20160510,7.02,7.02,7.02,7.02,0
AIG017,20160511,6.99,6.99,6.99,6.99,0
AIG017,20160512,6.97,6.97,6.97,6.97,0
AIG017,20160513,6.95,6.95,6.95,6.95,0
AIG017,20160516,6.97,6.97,6.97,6.97,0
AIG017,20160517,6.97,6.97,6.97,6.97,0
AIG017,20160518,6.99,6.99,6.99,6.99,0
AIG017,20160519,6.94,6.94,6.94,6.94,0
AIG017,20160520,6.99,6.99,6.99,6.99,0
AIG017,20160523,6.99,6.99,6.99,6.99,0
AIG017,20160524,7.06,7.06,7.06,7.06,0
AIG017,20160525,7.12,7.12,7.12,7.12,0
AIG017,20160527,7.14,7.14,7.14,7.14,0
AIG017,20160530,7.14,7.14,7.14,7.14,0
AIG017,20160531,7.13,7.13,7.13,7.13,0
AIG017,20160601,7.13,7.13,7.13,7.13,0
AIG017,20160602,7.13,7.13,7.13,7.13,0
AIG017,20160603,7.11,7.11,7.11,7.11,0
AIG017,20160606,7.13,7.13,7.13,7.13,0
AIG017,20160607,7.16,7.16,7.16,7.16,0
AIG017,20160608,7.16,7.16,7.16,7.16,0
AIG017,20160609,7.14,7.14,7.14,7.14,0
AIG017,20160610,7.06,7.06,7.06,7.06,0
AIG017,20160613,6.99,6.99,6.99,6.99,0
AIG017,20160614,6.93,6.93,6.93,6.93,0
AIG017,20160615,6.96,6.96,6.96,6.96,0
AIG017,20160616,6.93,6.93,6.93,6.93,0
AIG017,20160617,6.96,6.96,6.96,6.96,0
AIG017,20160620,7.06,7.06,7.06,7.06,0
AIG017,20160621,7.08,7.08,7.08,7.08,0
AIG017,20160622,7.09,7.09,7.09,7.09,0
AIG017,20160623,7.12,7.12,7.12,7.12,0
AIG017,20160624,6.90,6.90,6.90,6.90,0
AIG017,20160627,6.78,6.78,6.78,6.78,0
AIG017,20160628,6.87,6.87,6.87,6.87,0
AIG017,20160629,6.98,6.98,6.98,6.98,0
AIG017,20160630,7.04,7.04,7.04,7.04,0
AIG017,20160701,7.08,7.08,7.08,7.08,0
AIG017,20160704,7.08,7.08,7.08,7.08,0
AIG017,20160705,7.02,7.02,7.02,7.02,0
AIG017,20160706,7.02,7.02,7.02,7.02,0
AIG017,20160707,7.04,7.04,7.04,7.04,0
AIG017,20160708,7.12,7.12,7.12,7.12,0
AIG017,20160711,7.17,7.17,7.17,7.17,0
AIG017,20160712,7.23,7.23,7.23,7.23,0
AIG017,20160713,7.21,7.21,7.21,7.21,0
AIG017,20160714,7.26,7.26,7.26,7.26,0
AIG017,20160715,7.24,7.24,7.24,7.24,0
AIG017,20160718,7.25,7.25,7.25,7.25,0
AIG017,20160719,7.25,7.25,7.25,7.25,0
AIG017,20160720,7.29,7.29,7.29,7.29,0
AIG017,20160721,7.27,7.27,7.27,7.27,0
AIG017,20160722,7.28,7.28,7.28,7.28,0
AIG017,20160725,7.28,7.28,7.28,7.28,0
AIG017,20160726,7.29,7.29,7.29,7.29,0
AIG017,20160727,7.29,7.29,7.29,7.29,0
AIG017,20160728,7.28,7.28,7.28,7.28,0
AIG017,20160729,7.31,7.31,7.31,7.31,0
AIG017,20160801,7.30,7.30,7.30,7.30,0
AIG017,20160802,7.23,7.23,7.23,7.23,0
AIG017,20160803,7.23,7.23,7.23,7.23,0
AIG017,20160804,7.26,7.26,7.26,7.26,0
AIG017,20160805,7.31,7.31,7.31,7.31,0
AIG017,20160808,7.33,7.33,7.33,7.33,0
AIG017,20160809,7.36,7.36,7.36,7.36,0
AIG017,20160810,7.34,7.34,7.34,7.34,0
AIG017,20160811,7.37,7.37,7.37,7.37,0
AIG017,20160812,7.36,7.36,7.36,7.36,0
AIG017,20160816,7.36,7.36,7.36,7.36,0
AIG017,20160817,7.34,7.34,7.34,7.34,0
AIG017,20160818,7.34,7.34,7.34,7.34,0
AIG017,20160819,7.34,7.34,7.34,7.34,0
AIG017,20160822,7.35,7.35,7.35,7.35,0
AIG017,20160823,7.37,7.37,7.37,7.37,0
AIG017,20160824,7.36,7.36,7.36,7.36,0
AIG017,20160825,7.33,7.33,7.33,7.33,0
AIG017,20160826,7.32,7.32,7.32,7.32,0
AIG017,20160829,7.35,7.35,7.35,7.35,0
AIG017,20160830,7.36,7.36,7.36,7.36,0
AIG017,20160831,7.33,7.33,7.33,7.33,0
AIG017,20160901,7.32,7.32,7.32,7.32,0
AIG017,20160902,7.37,7.37,7.37,7.37,0
AIG017,20160905,7.38,7.38,7.38,7.38,0
AIG017,20160906,7.37,7.37,7.37,7.37,0
AIG017,20160907,7.39,7.39,7.39,7.39,0
AIG017,20160908,7.37,7.37,7.37,7.37,0
AIG017,20160909,7.27,7.27,7.27,7.27,0
AIG017,20160912,7.26,7.26,7.26,7.26,0
AIG017,20160913,7.21,7.21,7.21,7.21,0
AIG017,20160914,7.20,7.20,7.20,7.20,0
AIG017,20160915,7.22,7.22,7.22,7.22,0
AIG017,20160916,7.21,7.21,7.21,7.21,0
AIG017,20160919,7.25,7.25,7.25,7.25,0
AIG017,20160920,7.26,7.26,7.26,7.26,0
AIG017,20160921,7.32,7.32,7.32,7.32,0
AIG017,20160922,7.37,7.37,7.37,7.37,0
AIG017,20160923,7.35,7.35,7.35,7.35,0
AIG017,20160926,7.28,7.28,7.28,7.28,0
AIG017,20160927,7.31,7.31,7.31,7.31,0
AIG017,20160928,7.33,7.33,7.33,7.33,0
AIG017,20160929,7.33,7.33,7.33,7.33,0
AIG017,20160930,7.33,7.33,7.33,7.33,0
AIG017,20161003,7.33,7.33,7.33,7.33,0
AIG017,20161004,7.35,7.35,7.35,7.35,0
AIG017,20161005,7.35,7.35,7.35,7.35,0
AIG017,20161006,7.34,7.34,7.34,7.34,0
AIG017,20161007,7.32,7.32,7.32,7.32,0
AIG017,20161010,7.36,7.36,7.36,7.36,0
AIG017,20161011,7.31,7.31,7.31,7.31,0
AIG017,20161012,7.28,7.28,7.28,7.28,0
AIG017,20161013,7.25,7.25,7.25,7.25,0
AIG017,20161014,7.28,7.28,7.28,7.28,0
AIG017,20161017,7.27,7.27,7.27,7.27,0
AIG017,20161018,7.30,7.30,7.30,7.30,0
AIG017,20161019,7.32,7.32,7.32,7.32,0
AIG017,20161020,7.32,7.32,7.32,7.32,0
AIG017,20161021,7.32,7.32,7.32,7.32,0
AIG017,20161024,7.34,7.34,7.34,7.34,0
AIG017,20161025,7.31,7.31,7.31,7.31,0
AIG017,20161026,7.31,7.31,7.31,7.31,0
AIG017,20161027,7.30,7.30,7.30,7.30,0
AIG017,20161028,7.30,7.30,7.30,7.30,0
AIG017,20161031,7.27,7.27,7.27,7.27,0
AIG017,20161102,7.18,7.18,7.18,7.18,0
AIG017,20161103,7.16,7.16,7.16,7.16,0
AIG017,20161104,7.13,7.13,7.13,7.13,0
AIG017,20161107,7.24,7.24,7.24,7.24,0
AIG017,20161108,7.25,7.25,7.25,7.25,0
AIG017,20161109,7.30,7.30,7.30,7.30,0
AIG017,20161110,7.35,7.35,7.35,7.35,0
AIG017,20161114,7.34,7.34,7.34,7.34,0
AIG017,20161115,7.37,7.37,7.37,7.37,0
AIG017,20161116,7.38,7.38,7.38,7.38,0
AIG017,20161117,7.40,7.40,7.40,7.40,0
AIG017,20161118,7.40,7.40,7.40,7.40,0
AIG017,20161121,7.42,7.42,7.42,7.42,0
AIG017,20161122,7.41,7.41,7.41,7.41,0
AIG017,20161123,7.43,7.43,7.43,7.43,0
AIG017,20161124,7.43,7.43,7.43,7.43,0
AIG017,20161125,7.45,7.45,7.45,7.45,0
AIG017,20161128,7.43,7.43,7.43,7.43,0
AIG017,20161129,7.43,7.43,7.43,7.43,0
AIG017,20161130,7.45,7.45,7.45,7.45,0
AIG017,20161201,7.40,7.40,7.40,7.40,0
AIG017,20161202,7.38,7.38,7.38,7.38,0
AIG017,20161205,7.40,7.40,7.40,7.40,0
AIG017,20161206,7.42,7.42,7.42,7.42,0
AIG017,20161207,7.50,7.50,7.50,7.50,0
AIG017,20161208,7.56,7.56,7.56,7.56,0
AIG017,20161209,7.60,7.60,7.60,7.60,0
AIG017,20161212,7.59,7.59,7.59,7.59,0
AIG017,20161213,7.62,7.62,7.62,7.62,0
AIG017,20161214,7.59,7.59,7.59,7.59,0
AIG017,20161215,7.62,7.62,7.62,7.62,0
AIG017,20161216,7.61,7.61,7.61,7.61,0
AIG017,20161219,7.61,7.61,7.61,7.61,0
AIG017,20161220,7.63,7.63,7.63,7.63,0
AIG017,20161221,7.61,7.61,7.61,7.61,0
AIG017,20161222,7.60,7.60,7.60,7.60,0
AIG017,20161223,7.61,7.61,7.61,7.61,0
AIG017,20161227,7.62,7.62,7.62,7.62,0
AIG017,20161228,7.61,7.61,7.61,7.61,0
AIG017,20161229,7.57,7.57,7.57,7.57,0
AIG017,20161230,7.57,7.57,7.57,7.57,0
AIG017,20170102,7.56,7.56,7.56,7.56,0
AIG017,20170103,7.61,7.61,7.61,7.61,0
AIG017,20170104,7.65,7.65,7.65,7.65,0
AIG017,20170105,7.65,7.65,7.65,7.65,0
AIG017,20170109,7.66,7.66,7.66,7.66,0
AIG017,20170110,7.66,7.66,7.66,7.66,0
AIG017,20170111,7.68,7.68,7.68,7.68,0
AIG017,20170112,7.64,7.64,7.64,7.64,0
AIG017,20170113,7.69,7.69,7.69,7.69,0
AIG017,20170116,7.69,7.69,7.69,7.69,0
AIG017,20170117,7.64,7.64,7.64,7.64,0
AIG017,20170118,7.64,7.64,7.64,7.64,0
AIG017,20170119,7.64,7.64,7.64,7.64,0
AIG017,20170120,7.65,7.65,7.65,7.65,0
AIG017,20170123,7.60,7.60,7.60,7.60,0
AIG017,20170124,7.63,7.63,7.63,7.63,0
AIG017,20170125,7.68,7.68,7.68,7.68,0
AIG017,20170126,7.69,7.69,7.69,7.69,0
AIG017,20170127,7.69,7.69,7.69,7.69,0
AIG017,20170130,7.64,7.64,7.64,7.64,0
AIG017,20170131,7.62,7.62,7.62,7.62,0
AIG017,20170201,7.62,7.62,7.62,7.62,0
AIG017,20170202,7.61,7.61,7.61,7.61,0
AIG017,20170203,7.67,7.67,7.67,7.67,0
AIG017,20170206,7.65,7.65,7.65,7.65,0
AIG017,20170207,7.67,7.67,7.67,7.67,0
AIG017,20170208,7.66,7.66,7.66,7.66,0
AIG017,20170209,7.68,7.68,7.68,7.68,0
AIG017,20170210,7.72,7.72,7.72,7.72,0
AIG017,20170213,7.76,7.76,7.76,7.76,0
AIG017,20170214,7.77,7.77,7.77,7.77,0
AIG017,20170215,7.81,7.81,7.81,7.81,0
AIG017,20170216,7.80,7.80,7.80,7.80,0
AIG017,20170217,7.81,7.81,7.81,7.81,0
AIG017,20170220,7.82,7.82,7.82,7.82,0
AIG017,20170221,7.87,7.87,7.87,7.87,0
AIG017,20170222,7.87,7.87,7.87,7.87,0
AIG017,20170223,7.86,7.86,7.86,7.86,0
AIG017,20170224,7.83,7.83,7.83,7.83,0
AIG017,20170227,7.83,7.83,7.83,7.83,0
AIG017,20170228,7.82,7.82,7.82,7.82,0
AIG017,20170301,7.92,7.92,7.92,7.92,0
AIG017,20170302,7.90,7.90,7.90,7.90,0
AIG017,20170303,7.89,7.89,7.89,7.89,0
AIG017,20170306,7.86,7.86,7.86,7.86,0
AIG017,20170307,7.85,7.85,7.85,7.85,0
AIG017,20170308,7.85,7.85,7.85,7.85,0
AIG017,20170309,7.85,7.85,7.85,7.85,0
AIG017,20170310,7.87,7.87,7.87,7.87,0
AIG017,20170313,7.88,7.88,7.88,7.88,0
AIG017,20170314,7.86,7.86,7.86,7.86,0
AIG017,20170315,7.90,7.90,7.90,7.90,0
AIG017,20170316,7.91,7.91,7.91,7.91,0
AIG017,20170317,7.91,7.91,7.91,7.91,0
AIG017,20170320,7.89,7.89,7.89,7.89,0
AIG017,20170321,7.83,7.83,7.83,7.83,0
AIG017,20170322,7.80,7.80,7.80,7.80,0
AIG017,20170323,7.82,7.82,7.82,7.82,0
AIG017,20170324,7.82,7.82,7.82,7.82,0
AIG017,20170327,7.78,7.78,7.78,7.78,0
AIG017,20170328,7.82,7.82,7.82,7.82,0
AIG017,20170329,7.85,7.85,7.85,7.85,0
AIG017,20170330,7.87,7.87,7.87,7.87,0
AIG017,20170331,7.86,7.86,7.86,7.86,0
AIG017,20170403,7.84,7.84,7.84,7.84,0
AIG017,20170404,7.84,7.84,7.84,7.84,0
AIG017,20170405,7.84,7.84,7.84,7.84,0
AIG017,20170406,7.84,7.84,7.84,7.84,0
AIG017,20170407,7.85,7.85,7.85,7.85,0
AIG017,20170410,7.86,7.86,7.86,7.86,0
AIG017,20170411,7.85,7.85,7.85,7.85,0
AIG017,20170412,7.84,7.84,7.84,7.84,0
AIG017,20170413,7.82,7.82,7.82,7.82,0
AIG017,20170418,7.79,7.79,7.79,7.79,0
AIG017,20170419,7.78,7.78,7.78,7.78,0
AIG017,20170420,7.79,7.79,7.79,7.79,0
AIG017,20170421,7.81,7.81,7.81,7.81,0
AIG017,20170424,7.87,7.87,7.87,7.87,0
AIG017,20170425,7.90,7.90,7.90,7.90,0
AIG017,20170426,7.93,7.93,7.93,7.93,0
AIG017,20170427,7.93,7.93,7.93,7.93,0
AIG017,20170428,7.91,7.91,7.91,7.91,0
AIG017,20170502,7.93,7.93,7.93,7.93,0
AIG017,20170504,7.95,7.95,7.95,7.95,0
AIG017,20170505,7.97,7.97,7.97,7.97,0
AIG017,20170508,7.98,7.98,7.98,7.98,0
AIG017,20170509,7.99,7.99,7.99,7.99,0
AIG017,20170510,7.99,7.99,7.99,7.99,0
AIG017,20170511,7.97,7.97,7.97,7.97,0
AIG017,20170512,7.97,7.97,7.97,7.97,0
AIG017,20170515,7.98,7.98,7.98,7.98,0
AIG017,20170516,7.97,7.97,7.97,7.97,0
AIG017,20170517,7.88,7.88,7.88,7.88,0
AIG017,20170518,7.85,7.85,7.85,7.85,0
AIG017,20170519,7.90,7.90,7.90,7.90,0
AIG017,20170522,7.92,7.92,7.92,7.92,0
AIG017,20170523,7.93,7.93,7.93,7.93,0
AIG017,20170524,7.95,7.95,7.95,7.95,0
AIG017,20170525,7.96,7.96,7.96,7.96,0
AIG017,20170526,7.96,7.96,7.96,7.96,0
AIG017,20170529,7.96,7.96,7.96,7.96,0
AIG017,20170530,7.96,7.96,7.96,7.96,0
AIG017,20170531,7.95,7.95,7.95,7.95,0
AIG017,20170601,8.00,8.00,8.00,8.00,0
AIG017,20170602,8.04,8.04,8.04,8.04,0
AIG017,20170605,8.03,8.03,8.03,8.03,0
AIG017,20170606,7.99,7.99,7.99,7.99,0
AIG017,20170607,7.99,7.99,7.99,7.99,0
AIG017,20170608,7.99,7.99,7.99,7.99,0
AIG017,20170609,8.01,8.01,8.01,8.01,0
AIG017,20170612,7.99,7.99,7.99,7.99,0
AIG017,20170613,8.03,8.03,8.03,8.03,0
AIG017,20170614,8.01,8.01,8.01,8.01,0
AIG017,20170616,8.01,8.01,8.01,8.01,0
AIG017,20170619,8.06,8.06,8.06,8.06,0
AIG017,20170620,8.05,8.05,8.05,8.05,0
AIG017,20170621,8.04,8.04,8.04,8.04,0
AIG017,20170622,8.04,8.04,8.04,8.04,0
AIG017,20170623,8.03,8.03,8.03,8.03,0
AIG017,20170626,8.05,8.05,8.05,8.05,0
AIG017,20170627,8.00,8.00,8.00,8.00,0
AIG017,20170628,8.01,8.01,8.01,8.01,0
AIG017,20170629,7.94,7.94,7.94,7.94,0
AIG017,20170630,7.94,7.94,7.94,7.94,0
AIG017,20170703,7.97,7.97,7.97,7.97,0
AIG017,20170704,7.97,7.97,7.97,7.97,0
AIG017,20170705,7.97,7.97,7.97,7.97,0
AIG017,20170706,7.91,7.91,7.91,7.91,0
AIG017,20170707,7.92,7.92,7.92,7.92,0
AIG017,20170710,7.93,7.93,7.93,7.93,0
AIG017,20170711,7.91,7.91,7.91,7.91,0
AIG017,20170712,7.97,7.97,7.97,7.97,0
AIG017,20170713,7.98,7.98,7.98,7.98,0
AIG017,20170714,8.00,8.00,8.00,8.00,0
AIG017,20170717,8.00,8.00,8.00,8.00,0
AIG017,20170718,7.96,7.96,7.96,7.96,0
AIG017,20170719,7.99,7.99,7.99,7.99,0
AIG017,20170720,7.99,7.99,7.99,7.99,0
AIG017,20170721,7.96,7.96,7.96,7.96,0
AIG017,20170724,7.95,7.95,7.95,7.95,0
AIG017,20170725,7.96,7.96,7.96,7.96,0
AIG017,20170726,7.97,7.97,7.97,7.97,0
AIG017,20170727,7.95,7.95,7.95,7.95,0
AIG017,20170728,7.91,7.91,7.91,7.91,0
AIG017,20170731,7.91,7.91,7.91,7.91,0
AIG017,20170801,7.92,7.92,7.92,7.92,0
AIG017,20170802,7.91,7.91,7.91,7.91,0
AIG017,20170803,7.90,7.90,7.90,7.90,0
AIG017,20170804,7.94,7.94,7.94,7.94,0
AIG017,20170807,7.93,7.93,7.93,7.93,0
AIG017,20170808,7.94,7.94,7.94,7.94,0
AIG017,20170809,7.90,7.90,7.90,7.90,0
AIG017,20170810,7.84,7.84,7.84,7.84,0
AIG017,20170811,7.81,7.81,7.81,7.81,0
AIG017,20170814,7.87,7.87,7.87,7.87,0
AIG017,20170816,7.91,7.91,7.91,7.91,0
AIG017,20170817,7.85,7.85,7.85,7.85,0
AIG017,20170818,7.82,7.82,7.82,7.82,0
AIG017,20170821,7.81,7.81,7.81,7.81,0
AIG017,20170822,7.86,7.86,7.86,7.86,0
AIG017,20170823,7.83,7.83,7.83,7.83,0
AIG017,20170824,7.83,7.83,7.83,7.83,0
AIG017,20170825,7.83,7.83,7.83,7.83,0
AIG017,20170828,7.81,7.81,7.81,7.81,0
AIG017,20170829,7.78,7.78,7.78,7.78,0
AIG017,20170830,7.81,7.81,7.81,7.81,0
AIG017,20170831,7.86,7.86,7.86,7.86,0
AIG017,20170901,7.88,7.88,7.88,7.88,0
AIG017,20170904,7.86,7.86,7.86,7.86,0
AIG017,20170905,7.83,7.83,7.83,7.83,0
AIG017,20170906,7.83,7.83,7.83,7.83,0
AIG017,20170907,7.83,7.83,7.83,7.83,0
AIG017,20170908,7.84,7.84,7.84,7.84,0
AIG017,20170911,7.91,7.91,7.91,7.91,0
AIG017,20170912,7.94,7.94,7.94,7.94,0
AIG017,20170913,7.94,7.94,7.94,7.94,0
AIG017,20170914,7.95,7.95,7.95,7.95,0
AIG017,20170915,7.91,7.91,7.91,7.91,0
AIG017,20170918,7.93,7.93,7.93,7.93,0
AIG017,20170919,7.93,7.93,7.93,7.93,0
AIG017,20170920,7.93,7.93,7.93,7.93,0
AIG017,20170921,7.93,7.93,7.93,7.93,0
