Name,Date,Open,High,Low,Close,Volume
AIP017,20110602,100.00,100.00,100.00,100.00,0
AIP017,20110603,100.01,100.01,100.01,100.01,0
AIP017,20110606,100.02,100.02,100.02,100.02,0
AIP017,20110607,100.02,100.02,100.02,100.02,0
AIP017,20110608,100.03,100.03,100.03,100.03,0
AIP017,20110609,100.03,100.03,100.03,100.03,0
AIP017,20110610,100.04,100.04,100.04,100.04,0
AIP017,20110613,100.05,100.05,100.05,100.05,0
AIP017,20110614,100.05,100.05,100.05,100.05,0
AIP017,20110615,100.06,100.06,100.06,100.06,0
AIP017,20110616,100.06,100.06,100.06,100.06,0
AIP017,20110617,100.07,100.07,100.07,100.07,0
AIP017,20110620,100.09,100.09,100.09,100.09,0
AIP017,20110621,100.79,100.79,100.79,100.79,0
AIP017,20110622,100.80,100.80,100.80,100.80,0
AIP017,20110624,101.08,101.08,101.08,101.08,0
AIP017,20110627,101.04,101.04,101.04,101.04,0
AIP017,20110628,101.03,101.03,101.03,101.03,0
AIP017,20110629,101.22,101.22,101.22,101.22,0
AIP017,20110630,101.22,101.22,101.22,101.22,0
AIP017,20110701,101.66,101.66,101.66,101.66,0
AIP017,20110704,101.80,101.80,101.80,101.80,0
AIP017,20110705,101.98,101.98,101.98,101.98,0
AIP017,20110706,102.23,102.23,102.23,102.23,0
AIP017,20110707,102.82,102.82,102.82,102.82,0
AIP017,20110708,102.65,102.65,102.65,102.65,0
AIP017,20110711,102.72,102.72,102.72,102.72,0
AIP017,20110712,103.06,103.06,103.06,103.06,0
AIP017,20110713,103.78,103.78,103.78,103.78,0
AIP017,20110714,103.32,103.32,103.32,103.32,0
AIP017,20110715,103.46,103.46,103.46,103.46,0
AIP017,20110718,103.26,103.26,103.26,103.26,0
AIP017,20110719,103.20,103.20,103.20,103.20,0
AIP017,20110720,103.53,103.53,103.53,103.53,0
AIP017,20110721,103.34,103.34,103.34,103.34,0
AIP017,20110722,103.15,103.15,103.15,103.15,0
AIP017,20110725,103.29,103.29,103.29,103.29,0
AIP017,20110726,103.47,103.47,103.47,103.47,0
AIP017,20110727,103.24,103.24,103.24,103.24,0
AIP017,20110728,103.41,103.41,103.41,103.41,0
AIP017,20110729,103.25,103.25,103.25,103.25,0
AIP017,20110801,103.04,103.04,103.04,103.04,0
AIP017,20110802,103.10,103.10,103.10,103.10,0
AIP017,20110803,100.68,100.68,100.68,100.68,0
AIP017,20110804,98.35,98.35,98.35,98.35,0
AIP017,20110805,95.18,95.18,95.18,95.18,0
AIP017,20110808,90.42,90.42,90.42,90.42,0
AIP017,20110809,89.51,89.51,89.51,89.51,0
AIP017,20110810,88.00,88.00,88.00,88.00,0
AIP017,20110811,92.12,92.12,92.12,92.12,0
AIP017,20110812,91.85,91.85,91.85,91.85,0
AIP017,20110816,92.27,92.27,92.27,92.27,0
AIP017,20110817,92.30,92.30,92.30,92.30,0
AIP017,20110818,90.96,90.96,90.96,90.96,0
AIP017,20110819,90.96,90.96,90.96,90.96,0
AIP017,20110822,90.10,90.10,90.10,90.10,0
AIP017,20110823,90.36,90.36,90.36,90.36,0
AIP017,20110824,90.18,90.18,90.18,90.18,0
AIP017,20110825,90.11,90.11,90.11,90.11,0
AIP017,20110826,90.20,90.20,90.20,90.20,0
AIP017,20110829,92.28,92.28,92.28,92.28,0
AIP017,20110830,93.24,93.24,93.24,93.24,0
AIP017,20110831,94.27,94.27,94.27,94.27,0
AIP017,20110901,95.30,95.30,95.30,95.30,0
AIP017,20110902,95.46,95.46,95.46,95.46,0
AIP017,20110905,94.95,94.95,94.95,94.95,0
AIP017,20110906,94.46,94.46,94.46,94.46,0
AIP017,20110907,96.38,96.38,96.38,96.38,0
AIP017,20110908,96.74,96.74,96.74,96.74,0
AIP017,20110909,98.32,98.32,98.32,98.32,0
AIP017,20110912,98.11,98.11,98.11,98.11,0
AIP017,20110913,98.72,98.72,98.72,98.72,0
AIP017,20110914,96.71,96.71,96.71,96.71,0
AIP017,20110915,97.89,97.89,97.89,97.89,0
AIP017,20110916,97.88,97.88,97.88,97.88,0
AIP017,20110919,97.15,97.15,97.15,97.15,0
AIP017,20110920,97.90,97.90,97.90,97.90,0
AIP017,20110921,97.63,97.63,97.63,97.63,0
AIP017,20110922,95.69,95.69,95.69,95.69,0
AIP017,20110923,94.91,94.91,94.91,94.91,0
AIP017,20110926,92.53,92.53,92.53,92.53,0
AIP017,20110927,94.95,94.95,94.95,94.95,0
AIP017,20110928,94.74,94.74,94.74,94.74,0
AIP017,20110929,94.96,94.96,94.96,94.96,0
AIP017,20110930,94.55,94.55,94.55,94.55,0
AIP017,20111003,94.27,94.27,94.27,94.27,0
AIP017,20111004,92.41,92.41,92.41,92.41,0
AIP017,20111005,92.33,92.33,92.33,92.33,0
AIP017,20111006,93.22,93.22,93.22,93.22,0
AIP017,20111007,94.42,94.42,94.42,94.42,0
AIP017,20111010,93.68,93.68,93.68,93.68,0
AIP017,20111011,94.73,94.73,94.73,94.73,0
AIP017,20111012,94.48,94.48,94.48,94.48,0
AIP017,20111013,94.86,94.86,94.86,94.86,0
AIP017,20111014,94.62,94.62,94.62,94.62,0
AIP017,20111017,94.21,94.21,94.21,94.21,0
AIP017,20111018,95.41,95.41,95.41,95.41,0
AIP017,20111019,95.20,95.20,95.20,95.20,0
AIP017,20111020,94.15,94.15,94.15,94.15,0
AIP017,20111021,95.77,95.77,95.77,95.77,0
AIP017,20111024,97.25,97.25,97.25,97.25,0
AIP017,20111025,96.84,96.84,96.84,96.84,0
AIP017,20111026,96.98,96.98,96.98,96.98,0
AIP017,20111027,98.47,98.47,98.47,98.47,0
AIP017,20111028,97.64,97.64,97.64,97.64,0
AIP017,20111031,97.75,97.75,97.75,97.75,0
AIP017,20111102,99.37,99.37,99.37,99.37,0
AIP017,20111103,98.11,98.11,98.11,98.11,0
AIP017,20111104,98.10,98.10,98.10,98.10,0
AIP017,20111107,99.24,99.24,99.24,99.24,0
AIP017,20111108,98.90,98.90,98.90,98.90,0
AIP017,20111109,98.74,98.74,98.74,98.74,0
AIP017,20111110,97.46,97.46,97.46,97.46,0
AIP017,20111114,98.93,98.93,98.93,98.93,0
AIP017,20111115,99.23,99.23,99.23,99.23,0
AIP017,20111116,99.18,99.18,99.18,99.18,0
AIP017,20111117,99.91,99.91,99.91,99.91,0
AIP017,20111118,98.01,98.01,98.01,98.01,0
AIP017,20111121,96.85,96.85,96.85,96.85,0
AIP017,20111122,96.68,96.68,96.68,96.68,0
AIP017,20111123,95.99,95.99,95.99,95.99,0
AIP017,20111124,96.75,96.75,96.75,96.75,0
AIP017,20111125,97.18,97.18,97.18,97.18,0
AIP017,20111128,98.09,98.09,98.09,98.09,0
AIP017,20111129,99.13,99.13,99.13,99.13,0
AIP017,20111130,100.88,100.88,100.88,100.88,0
AIP017,20111201,100.65,100.65,100.65,100.65,0
AIP017,20111202,100.29,100.29,100.29,100.29,0
AIP017,20111205,100.87,100.87,100.87,100.87,0
AIP017,20111206,100.23,100.23,100.23,100.23,0
AIP017,20111207,100.41,100.41,100.41,100.41,0
AIP017,20111208,99.65,99.65,99.65,99.65,0
AIP017,20111209,100.08,100.08,100.08,100.08,0
AIP017,20111212,99.93,99.93,99.93,99.93,0
AIP017,20111213,100.30,100.30,100.30,100.30,0
AIP017,20111214,100.33,100.33,100.33,100.33,0
AIP017,20111215,100.05,100.05,100.05,100.05,0
AIP017,20111216,99.32,99.32,99.32,99.32,0
AIP017,20111219,98.18,98.18,98.18,98.18,0
AIP017,20111220,98.13,98.13,98.13,98.13,0
AIP017,20111221,98.41,98.41,98.41,98.41,0
AIP017,20111222,98.74,98.74,98.74,98.74,0
AIP017,20111223,99.36,99.36,99.36,99.36,0
AIP017,20111227,98.74,98.74,98.74,98.74,0
AIP017,20111228,97.92,97.92,97.92,97.92,0
AIP017,20111229,99.02,99.02,99.02,99.02,0
AIP017,20111230,99.20,99.20,99.20,99.20,0
AIP017,20120102,99.83,99.83,99.83,99.83,0
AIP017,20120103,100.84,100.84,100.84,100.84,0
AIP017,20120104,100.88,100.88,100.88,100.88,0
AIP017,20120105,102.04,102.04,102.04,102.04,0
AIP017,20120109,102.11,102.11,102.11,102.11,0
AIP017,20120110,103.66,103.66,103.66,103.66,0
AIP017,20120111,103.01,103.01,103.01,103.01,0
AIP017,20120112,103.61,103.61,103.61,103.61,0
AIP017,20120113,101.99,101.99,101.99,101.99,0
AIP017,20120116,103.02,103.02,103.02,103.02,0
AIP017,20120117,103.31,103.31,103.31,103.31,0
AIP017,20120118,103.45,103.45,103.45,103.45,0
AIP017,20120119,103.84,103.84,103.84,103.84,0
AIP017,20120120,103.72,103.72,103.72,103.72,0
AIP017,20120123,103.77,103.77,103.77,103.77,0
AIP017,20120124,102.50,102.50,102.50,102.50,0
AIP017,20120125,102.58,102.58,102.58,102.58,0
AIP017,20120126,102.65,102.65,102.65,102.65,0
AIP017,20120127,102.51,102.51,102.51,102.51,0
AIP017,20120130,102.02,102.02,102.02,102.02,0
AIP017,20120131,102.52,102.52,102.52,102.52,0
AIP017,20120201,103.28,103.28,103.28,103.28,0
AIP017,20120202,104.53,104.53,104.53,104.53,0
AIP017,20120203,104.72,104.72,104.72,104.72,0
AIP017,20120206,105.02,105.02,105.02,105.02,0
AIP017,20120207,104.42,104.42,104.42,104.42,0
AIP017,20120208,104.86,104.86,104.86,104.86,0
AIP017,20120209,105.23,105.23,105.23,105.23,0
AIP017,20120210,104.27,104.27,104.27,104.27,0
AIP017,20120213,104.82,104.82,104.82,104.82,0
AIP017,20120214,105.00,105.00,105.00,105.00,0
AIP017,20120215,105.43,105.43,105.43,105.43,0
AIP017,20120216,107.15,107.15,107.15,107.15,0
AIP017,20120217,106.34,106.34,106.34,106.34,0
AIP017,20120220,105.90,105.90,105.90,105.90,0
AIP017,20120221,105.31,105.31,105.31,105.31,0
AIP017,20120222,105.72,105.72,105.72,105.72,0
AIP017,20120223,104.47,104.47,104.47,104.47,0
AIP017,20120224,104.31,104.31,104.31,104.31,0
AIP017,20120227,103.71,103.71,103.71,103.71,0
AIP017,20120228,104.21,104.21,104.21,104.21,0
AIP017,20120229,104.14,104.14,104.14,104.14,0
AIP017,20120301,104.48,104.48,104.48,104.48,0
AIP017,20120302,105.07,105.07,105.07,105.07,0
AIP017,20120305,105.31,105.31,105.31,105.31,0
AIP017,20120306,103.78,103.78,103.78,103.78,0
AIP017,20120307,104.09,104.09,104.09,104.09,0
AIP017,20120308,104.63,104.63,104.63,104.63,0
AIP017,20120309,105.05,105.05,105.05,105.05,0
AIP017,20120312,104.73,104.73,104.73,104.73,0
AIP017,20120313,105.67,105.67,105.67,105.67,0
AIP017,20120314,107.07,107.07,107.07,107.07,0
AIP017,20120315,107.12,107.12,107.12,107.12,0
AIP017,20120316,106.75,106.75,106.75,106.75,0
AIP017,20120319,105.66,105.66,105.66,105.66,0
AIP017,20120320,104.51,104.51,104.51,104.51,0
AIP017,20120321,104.31,104.31,104.31,104.31,0
AIP017,20120322,104.78,104.78,104.78,104.78,0
AIP017,20120323,104.28,104.28,104.28,104.28,0
AIP017,20120326,104.33,104.33,104.33,104.33,0
AIP017,20120327,104.09,104.09,104.09,104.09,0
AIP017,20120328,103.86,103.86,103.86,103.86,0
AIP017,20120329,102.88,102.88,102.88,102.88,0
AIP017,20120330,103.76,103.76,103.76,103.76,0
AIP017,20120402,103.44,103.44,103.44,103.44,0
AIP017,20120403,103.92,103.92,103.92,103.92,0
AIP017,20120404,103.89,103.89,103.89,103.89,0
AIP017,20120405,104.50,104.50,104.50,104.50,0
AIP017,20120410,103.68,103.68,103.68,103.68,0
AIP017,20120411,104.20,104.20,104.20,104.20,0
AIP017,20120412,104.29,104.29,104.29,104.29,0
AIP017,20120413,104.16,104.16,104.16,104.16,0
AIP017,20120416,105.24,105.24,105.24,105.24,0
AIP017,20120417,104.29,104.29,104.29,104.29,0
AIP017,20120418,104.27,104.27,104.27,104.27,0
AIP017,20120419,104.30,104.30,104.30,104.30,0
AIP017,20120420,103.99,103.99,103.99,103.99,0
AIP017,20120424,103.25,103.25,103.25,103.25,0
AIP017,20120425,102.86,102.86,102.86,102.86,0
AIP017,20120426,102.76,102.76,102.76,102.76,0
AIP017,20120427,103.35,103.35,103.35,103.35,0
AIP017,20120430,102.98,102.98,102.98,102.98,0
AIP017,20120502,103.33,103.33,103.33,103.33,0
AIP017,20120504,103.14,103.14,103.14,103.14,0
AIP017,20120507,103.31,103.31,103.31,103.31,0
AIP017,20120508,102.43,102.43,102.43,102.43,0
AIP017,20120509,101.75,101.75,101.75,101.75,0
AIP017,20120510,103.09,103.09,103.09,103.09,0
AIP017,20120511,102.56,102.56,102.56,102.56,0
AIP017,20120514,102.58,102.58,102.58,102.58,0
AIP017,20120515,102.54,102.54,102.54,102.54,0
AIP017,20120516,102.81,102.81,102.81,102.81,0
AIP017,20120517,102.33,102.33,102.33,102.33,0
AIP017,20120518,101.40,101.40,101.40,101.40,0
AIP017,20120521,100.54,100.54,100.54,100.54,0
AIP017,20120522,101.16,101.16,101.16,101.16,0
AIP017,20120523,100.62,100.62,100.62,100.62,0
AIP017,20120524,101.73,101.73,101.73,101.73,0
AIP017,20120528,101.00,101.00,101.00,101.00,0
AIP017,20120529,103.19,103.19,103.19,103.19,0
AIP017,20120530,102.97,102.97,102.97,102.97,0
AIP017,20120531,103.25,103.25,103.25,103.25,0
AIP017,20120601,103.31,103.31,103.31,103.31,0
AIP017,20120604,101.74,101.74,101.74,101.74,0
AIP017,20120605,101.65,101.65,101.65,101.65,0
AIP017,20120606,101.61,101.61,101.61,101.61,0
AIP017,20120608,101.86,101.86,101.86,101.86,0
AIP017,20120611,101.51,101.51,101.51,101.51,0
AIP017,20120612,102.64,102.64,102.64,102.64,0
AIP017,20120613,103.17,103.17,103.17,103.17,0
AIP017,20120614,102.39,102.39,102.39,102.39,0
AIP017,20120615,102.13,102.13,102.13,102.13,0
AIP017,20120618,101.84,101.84,101.84,101.84,0
AIP017,20120619,103.64,103.64,103.64,103.64,0
AIP017,20120620,102.75,102.75,102.75,102.75,0
AIP017,20120621,102.48,102.48,102.48,102.48,0
AIP017,20120622,102.13,102.13,102.13,102.13,0
AIP017,20120625,101.20,101.20,101.20,101.20,0
AIP017,20120626,101.58,101.58,101.58,101.58,0
AIP017,20120627,101.97,101.97,101.97,101.97,0
AIP017,20120628,102.36,102.36,102.36,102.36,0
AIP017,20120629,103.09,103.09,103.09,103.09,0
AIP017,20120702,102.31,102.31,102.31,102.31,0
AIP017,20120703,103.18,103.18,103.18,103.18,0
AIP017,20120704,103.16,103.16,103.16,103.16,0
AIP017,20120705,103.86,103.86,103.86,103.86,0
AIP017,20120706,103.80,103.80,103.80,103.80,0
AIP017,20120709,104.25,104.25,104.25,104.25,0
AIP017,20120710,103.79,103.79,103.79,103.79,0
AIP017,20120711,103.21,103.21,103.21,103.21,0
AIP017,20120712,102.53,102.53,102.53,102.53,0
AIP017,20120713,103.71,103.71,103.71,103.71,0
AIP017,20120716,103.45,103.45,103.45,103.45,0
AIP017,20120717,103.06,103.06,103.06,103.06,0
AIP017,20120718,102.98,102.98,102.98,102.98,0
AIP017,20120719,103.29,103.29,103.29,103.29,0
AIP017,20120720,102.89,102.89,102.89,102.89,0
AIP017,20120723,101.93,101.93,101.93,101.93,0
AIP017,20120724,102.45,102.45,102.45,102.45,0
AIP017,20120725,102.52,102.52,102.52,102.52,0
AIP017,20120726,102.81,102.81,102.81,102.81,0
AIP017,20120727,102.58,102.58,102.58,102.58,0
AIP017,20120730,103.03,103.03,103.03,103.03,0
AIP017,20120731,102.58,102.58,102.58,102.58,0
AIP017,20120801,102.60,102.60,102.60,102.60,0
AIP017,20120802,101.95,101.95,101.95,101.95,0
AIP017,20120803,102.95,102.95,102.95,102.95,0
AIP017,20120806,102.21,102.21,102.21,102.21,0
AIP017,20120807,102.14,102.14,102.14,102.14,0
AIP017,20120808,103.14,103.14,103.14,103.14,0
AIP017,20120809,103.38,103.38,103.38,103.38,0
AIP017,20120813,103.63,103.63,103.63,103.63,0
AIP017,20120814,103.71,103.71,103.71,103.71,0
AIP017,20120816,103.87,103.87,103.87,103.87,0
AIP017,20120817,103.25,103.25,103.25,103.25,0
AIP017,20120820,103.13,103.13,103.13,103.13,0
AIP017,20120821,103.42,103.42,103.42,103.42,0
AIP017,20120822,102.62,102.62,102.62,102.62,0
AIP017,20120823,102.44,102.44,102.44,102.44,0
AIP017,20120824,102.54,102.54,102.54,102.54,0
AIP017,20120827,102.25,102.25,102.25,102.25,0
AIP017,20120828,101.96,101.96,101.96,101.96,0
AIP017,20120829,102.31,102.31,102.31,102.31,0
AIP017,20120830,102.42,102.42,102.42,102.42,0
AIP017,20120831,102.95,102.95,102.95,102.95,0
AIP017,20120903,103.48,103.48,103.48,103.48,0
AIP017,20120904,102.83,102.83,102.83,102.83,0
AIP017,20120905,103.48,103.48,103.48,103.48,0
AIP017,20120906,102.77,102.77,102.77,102.77,0
AIP017,20120907,103.15,103.15,103.15,103.15,0
AIP017,20120910,102.51,102.51,102.51,102.51,0
AIP017,20120911,102.64,102.64,102.64,102.64,0
AIP017,20120912,102.02,102.02,102.02,102.02,0
AIP017,20120913,102.38,102.38,102.38,102.38,0
AIP017,20120914,103.30,103.30,103.30,103.30,0
AIP017,20120917,103.25,103.25,103.25,103.25,0
AIP017,20120918,103.79,103.79,103.79,103.79,0
AIP017,20120919,104.18,104.18,104.18,104.18,0
AIP017,20120920,104.97,104.97,104.97,104.97,0
AIP017,20120921,104.31,104.31,104.31,104.31,0
AIP017,20120924,105.20,105.20,105.20,105.20,0
AIP017,20120925,105.21,105.21,105.21,105.21,0
AIP017,20120926,104.64,104.64,104.64,104.64,0
AIP017,20120927,105.28,105.28,105.28,105.28,0
AIP017,20120928,104.89,104.89,104.89,104.89,0
AIP017,20121001,105.48,105.48,105.48,105.48,0
AIP017,20121002,105.49,105.49,105.49,105.49,0
AIP017,20121003,105.58,105.58,105.58,105.58,0
AIP017,20121004,104.95,104.95,104.95,104.95,0
AIP017,20121005,105.05,105.05,105.05,105.05,0
AIP017,20121008,104.35,104.35,104.35,104.35,0
AIP017,20121009,104.30,104.30,104.30,104.30,0
AIP017,20121010,104.51,104.51,104.51,104.51,0
AIP017,20121011,105.36,105.36,105.36,105.36,0
AIP017,20121012,104.62,104.62,104.62,104.62,0
AIP017,20121015,104.34,104.34,104.34,104.34,0
AIP017,20121016,104.93,104.93,104.93,104.93,0
AIP017,20121017,104.85,104.85,104.85,104.85,0
AIP017,20121018,104.99,104.99,104.99,104.99,0
AIP017,20121019,104.93,104.93,104.93,104.93,0
AIP017,20121022,105.05,105.05,105.05,105.05,0
AIP017,20121023,104.49,104.49,104.49,104.49,0
AIP017,20121024,105.27,105.27,105.27,105.27,0
AIP017,20121025,105.15,105.15,105.15,105.15,0
AIP017,20121026,105.22,105.22,105.22,105.22,0
AIP017,20121029,104.99,104.99,104.99,104.99,0
AIP017,20121030,105.05,105.05,105.05,105.05,0
AIP017,20121031,104.68,104.68,104.68,104.68,0
AIP017,20121102,105.73,105.73,105.73,105.73,0
AIP017,20121105,106.03,106.03,106.03,106.03,0
AIP017,20121106,106.44,106.44,106.44,106.44,0
AIP017,20121107,105.68,105.68,105.68,105.68,0
AIP017,20121108,106.68,106.68,106.68,106.68,0
AIP017,20121109,106.21,106.21,106.21,106.21,0
AIP017,20121112,106.52,106.52,106.52,106.52,0
AIP017,20121113,106.34,106.34,106.34,106.34,0
AIP017,20121114,105.96,105.96,105.96,105.96,0
AIP017,20121115,105.23,105.23,105.23,105.23,0
AIP017,20121116,105.06,105.06,105.06,105.06,0
AIP017,20121119,105.59,105.59,105.59,105.59,0
AIP017,20121120,105.05,105.05,105.05,105.05,0
AIP017,20121121,104.84,104.84,104.84,104.84,0
AIP017,20121122,104.38,104.38,104.38,104.38,0
AIP017,20121123,104.80,104.80,104.80,104.80,0
AIP017,20121126,104.42,104.42,104.42,104.42,0
AIP017,20121127,104.32,104.32,104.32,104.32,0
AIP017,20121128,104.26,104.26,104.26,104.26,0
AIP017,20121129,104.68,104.68,104.68,104.68,0
AIP017,20121130,105.00,105.00,105.00,105.00,0
AIP017,20121203,104.77,104.77,104.77,104.77,0
AIP017,20121204,105.41,105.41,105.41,105.41,0
AIP017,20121205,105.78,105.78,105.78,105.78,0
AIP017,20121206,106.69,106.69,106.69,106.69,0
AIP017,20121207,108.25,108.25,108.25,108.25,0
AIP017,20121210,108.67,108.67,108.67,108.67,0
AIP017,20121211,108.07,108.07,108.07,108.07,0
AIP017,20121212,107.84,107.84,107.84,107.84,0
AIP017,20121213,107.68,107.68,107.68,107.68,0
AIP017,20121214,107.28,107.28,107.28,107.28,0
AIP017,20121217,106.75,106.75,106.75,106.75,0
AIP017,20121218,107.14,107.14,107.14,107.14,0
AIP017,20121219,106.74,106.74,106.74,106.74,0
AIP017,20121220,107.08,107.08,107.08,107.08,0
AIP017,20121221,106.40,106.40,106.40,106.40,0
AIP017,20121227,107.35,107.35,107.35,107.35,0
AIP017,20121228,107.64,107.64,107.64,107.64,0
AIP017,20130102,108.73,108.73,108.73,108.73,0
AIP017,20130103,109.85,109.85,109.85,109.85,0
AIP017,20130104,111.73,111.73,111.73,111.73,0
AIP017,20130107,111.42,111.42,111.42,111.42,0
AIP017,20130108,110.47,110.47,110.47,110.47,0
AIP017,20130109,110.81,110.81,110.81,110.81,0
AIP017,20130110,110.31,110.31,110.31,110.31,0
AIP017,20130111,109.78,109.78,109.78,109.78,0
AIP017,20130114,110.13,110.13,110.13,110.13,0
AIP017,20130115,109.59,109.59,109.59,109.59,0
AIP017,20130116,110.31,110.31,110.31,110.31,0
AIP017,20130117,110.03,110.03,110.03,110.03,0
AIP017,20130118,110.52,110.52,110.52,110.52,0
AIP017,20130121,111.51,111.51,111.51,111.51,0
AIP017,20130122,111.39,111.39,111.39,111.39,0
AIP017,20130123,110.89,110.89,110.89,110.89,0
AIP017,20130124,111.70,111.70,111.70,111.70,0
AIP017,20130125,110.59,110.59,110.59,110.59,0
AIP017,20130128,109.69,109.69,109.69,109.69,0
AIP017,20130129,110.55,110.55,110.55,110.55,0
AIP017,20130130,109.78,109.78,109.78,109.78,0
AIP017,20130131,109.40,109.40,109.40,109.40,0
AIP017,20130201,109.86,109.86,109.86,109.86,0
AIP017,20130204,109.13,109.13,109.13,109.13,0
AIP017,20130205,109.77,109.77,109.77,109.77,0
AIP017,20130206,109.61,109.61,109.61,109.61,0
AIP017,20130207,109.41,109.41,109.41,109.41,0
AIP017,20130208,110.07,110.07,110.07,110.07,0
AIP017,20130211,109.69,109.69,109.69,109.69,0
AIP017,20130212,110.13,110.13,110.13,110.13,0
AIP017,20130213,110.45,110.45,110.45,110.45,0
AIP017,20130214,110.87,110.87,110.87,110.87,0
AIP017,20130215,111.70,111.70,111.70,111.70,0
AIP017,20130218,111.55,111.55,111.55,111.55,0
AIP017,20130219,111.37,111.37,111.37,111.37,0
AIP017,20130220,110.77,110.77,110.77,110.77,0
AIP017,20130221,111.21,111.21,111.21,111.21,0
AIP017,20130222,110.78,110.78,110.78,110.78,0
AIP017,20130225,111.01,111.01,111.01,111.01,0
AIP017,20130226,110.85,110.85,110.85,110.85,0
AIP017,20130227,111.63,111.63,111.63,111.63,0
AIP017,20130228,112.42,112.42,112.42,112.42,0
AIP017,20130301,112.47,112.47,112.47,112.47,0
AIP017,20130304,111.80,111.80,111.80,111.80,0
AIP017,20130305,112.22,112.22,112.22,112.22,0
AIP017,20130306,112.54,112.54,112.54,112.54,0
AIP017,20130307,113.11,113.11,113.11,113.11,0
AIP017,20130308,113.06,113.06,113.06,113.06,0
AIP017,20130311,113.10,113.10,113.10,113.10,0
AIP017,20130312,113.02,113.02,113.02,113.02,0
AIP017,20130313,112.65,112.65,112.65,112.65,0
AIP017,20130314,112.79,112.79,112.79,112.79,0
AIP017,20130315,112.25,112.25,112.25,112.25,0
AIP017,20130318,111.57,111.57,111.57,111.57,0
AIP017,20130319,111.03,111.03,111.03,111.03,0
AIP017,20130320,111.40,111.40,111.40,111.40,0
AIP017,20130321,111.77,111.77,111.77,111.77,0
AIP017,20130322,111.22,111.22,111.22,111.22,0
AIP017,20130325,110.17,110.17,110.17,110.17,0
AIP017,20130326,111.98,111.98,111.98,111.98,0
AIP017,20130327,112.77,112.77,112.77,112.77,0
AIP017,20130328,113.36,113.36,113.36,113.36,0
AIP017,20130402,112.91,112.91,112.91,112.91,0
AIP017,20130403,112.67,112.67,112.67,112.67,0
AIP017,20130404,112.55,112.55,112.55,112.55,0
AIP017,20130405,111.09,111.09,111.09,111.09,0
AIP017,20130408,110.11,110.11,110.11,110.11,0
AIP017,20130409,110.00,110.00,110.00,110.00,0
AIP017,20130410,110.23,110.23,110.23,110.23,0
AIP017,20130411,110.62,110.62,110.62,110.62,0
AIP017,20130412,110.59,110.59,110.59,110.59,0
AIP017,20130415,109.49,109.49,109.49,109.49,0
AIP017,20130417,108.25,108.25,108.25,108.25,0
AIP017,20130418,108.87,108.87,108.87,108.87,0
AIP017,20130419,109.27,109.27,109.27,109.27,0
AIP017,20130422,109.41,109.41,109.41,109.41,0
AIP017,20130423,110.38,110.38,110.38,110.38,0
AIP017,20130424,110.81,110.81,110.81,110.81,0
AIP017,20130425,111.52,111.52,111.52,111.52,0
AIP017,20130426,111.83,111.83,111.83,111.83,0
AIP017,20130429,111.61,111.61,111.61,111.61,0
AIP017,20130430,112.11,112.11,112.11,112.11,0
AIP017,20130502,111.52,111.52,111.52,111.52,0
AIP017,20130506,112.88,112.88,112.88,112.88,0
AIP017,20130507,113.41,113.41,113.41,113.41,0
AIP017,20130508,113.69,113.69,113.69,113.69,0
AIP017,20130509,113.01,113.01,113.01,113.01,0
AIP017,20130510,113.60,113.60,113.60,113.60,0
AIP017,20130513,113.80,113.80,113.80,113.80,0
AIP017,20130514,114.14,114.14,114.14,114.14,0
AIP017,20130515,114.95,114.95,114.95,114.95,0
AIP017,20130516,115.40,115.40,115.40,115.40,0
AIP017,20130517,115.36,115.36,115.36,115.36,0
AIP017,20130520,114.94,114.94,114.94,114.94,0
AIP017,20130521,115.26,115.26,115.26,115.26,0
AIP017,20130522,115.25,115.25,115.25,115.25,0
AIP017,20130523,113.77,113.77,113.77,113.77,0
AIP017,20130524,113.68,113.68,113.68,113.68,0
AIP017,20130527,114.33,114.33,114.33,114.33,0
AIP017,20130528,114.96,114.96,114.96,114.96,0
AIP017,20130529,115.10,115.10,115.10,115.10,0
AIP017,20130531,114.78,114.78,114.78,114.78,0
AIP017,20130603,113.24,113.24,113.24,113.24,0
AIP017,20130604,113.27,113.27,113.27,113.27,0
AIP017,20130605,111.85,111.85,111.85,111.85,0
AIP017,20130606,111.42,111.42,111.42,111.42,0
AIP017,20130607,112.48,112.48,112.48,112.48,0
AIP017,20130610,110.07,110.07,110.07,110.07,0
AIP017,20130611,109.09,109.09,109.09,109.09,0
AIP017,20130612,108.19,108.19,108.19,108.19,0
AIP017,20130613,107.58,107.58,107.58,107.58,0
AIP017,20130614,107.28,107.28,107.28,107.28,0
AIP017,20130617,107.72,107.72,107.72,107.72,0
AIP017,20130618,107.24,107.24,107.24,107.24,0
AIP017,20130619,107.22,107.22,107.22,107.22,0
AIP017,20130620,106.38,106.38,106.38,106.38,0
AIP017,20130621,105.48,105.48,105.48,105.48,0
AIP017,20130624,104.99,104.99,104.99,104.99,0
AIP017,20130625,104.57,104.57,104.57,104.57,0
AIP017,20130626,106.71,106.71,106.71,106.71,0
AIP017,20130628,108.55,108.55,108.55,108.55,0
AIP017,20130701,109.32,109.32,109.32,109.32,0
AIP017,20130702,109.07,109.07,109.07,109.07,0
AIP017,20130703,108.48,108.48,108.48,108.48,0
AIP017,20130704,108.61,108.61,108.61,108.61,0
AIP017,20130705,107.81,107.81,107.81,107.81,0
AIP017,20130708,108.25,108.25,108.25,108.25,0
AIP017,20130709,108.51,108.51,108.51,108.51,0
AIP017,20130710,109.05,109.05,109.05,109.05,0
AIP017,20130711,109.51,109.51,109.51,109.51,0
AIP017,20130712,109.84,109.84,109.84,109.84,0
AIP017,20130715,109.59,109.59,109.59,109.59,0
AIP017,20130716,109.17,109.17,109.17,109.17,0
AIP017,20130717,108.84,108.84,108.84,108.84,0
AIP017,20130718,108.74,108.74,108.74,108.74,0
AIP017,20130719,108.28,108.28,108.28,108.28,0
AIP017,20130722,107.88,107.88,107.88,107.88,0
AIP017,20130723,108.58,108.58,108.58,108.58,0
AIP017,20130724,108.15,108.15,108.15,108.15,0
AIP017,20130725,108.58,108.58,108.58,108.58,0
AIP017,20130726,107.73,107.73,107.73,107.73,0
AIP017,20130729,107.44,107.44,107.44,107.44,0
AIP017,20130730,107.28,107.28,107.28,107.28,0
AIP017,20130731,107.01,107.01,107.01,107.01,0
AIP017,20130801,108.01,108.01,108.01,108.01,0
AIP017,20130802,109.49,109.49,109.49,109.49,0
AIP017,20130805,107.98,107.98,107.98,107.98,0
AIP017,20130806,107.31,107.31,107.31,107.31,0
AIP017,20130807,106.82,106.82,106.82,106.82,0
AIP017,20130808,106.96,106.96,106.96,106.96,0
AIP017,20130809,106.97,106.97,106.97,106.97,0
AIP017,20130812,107.76,107.76,107.76,107.76,0
AIP017,20130813,107.96,107.96,107.96,107.96,0
AIP017,20130814,108.64,108.64,108.64,108.64,0
AIP017,20130816,108.06,108.06,108.06,108.06,0
AIP017,20130819,107.54,107.54,107.54,107.54,0
AIP017,20130820,105.91,105.91,105.91,105.91,0
AIP017,20130821,105.18,105.18,105.18,105.18,0
AIP017,20130822,105.33,105.33,105.33,105.33,0
AIP017,20130823,105.52,105.52,105.52,105.52,0
AIP017,20130826,105.59,105.59,105.59,105.59,0
AIP017,20130827,104.22,104.22,104.22,104.22,0
AIP017,20130828,103.59,103.59,103.59,103.59,0
AIP017,20130829,105.40,105.40,105.40,105.40,0
AIP017,20130830,105.51,105.51,105.51,105.51,0
AIP017,20130902,106.36,106.36,106.36,106.36,0
AIP017,20130903,106.75,106.75,106.75,106.75,0
AIP017,20130904,106.59,106.59,106.59,106.59,0
AIP017,20130905,106.86,106.86,106.86,106.86,0
AIP017,20130906,108.63,108.63,108.63,108.63,0
AIP017,20130909,109.25,109.25,109.25,109.25,0
AIP017,20130910,110.04,110.04,110.04,110.04,0
AIP017,20130911,109.40,109.40,109.40,109.40,0
AIP017,20130912,108.88,108.88,108.88,108.88,0
AIP017,20130913,108.32,108.32,108.32,108.32,0
AIP017,20130916,108.66,108.66,108.66,108.66,0
AIP017,20130917,109.14,109.14,109.14,109.14,0
AIP017,20130918,109.25,109.25,109.25,109.25,0
AIP017,20130919,109.20,109.20,109.20,109.20,0
AIP017,20130920,109.47,109.47,109.47,109.47,0
AIP017,20130923,109.28,109.28,109.28,109.28,0
AIP017,20130924,109.33,109.33,109.33,109.33,0
AIP017,20130925,109.09,109.09,109.09,109.09,0
AIP017,20130926,109.21,109.21,109.21,109.21,0
AIP017,20130927,109.10,109.10,109.10,109.10,0
AIP017,20130930,108.19,108.19,108.19,108.19,0
AIP017,20131001,108.75,108.75,108.75,108.75,0
AIP017,20131002,109.00,109.00,109.00,109.00,0
AIP017,20131003,108.83,108.83,108.83,108.83,0
AIP017,20131004,108.97,108.97,108.97,108.97,0
AIP017,20131007,108.89,108.89,108.89,108.89,0
AIP017,20131008,108.72,108.72,108.72,108.72,0
AIP017,20131009,108.59,108.59,108.59,108.59,0
AIP017,20131010,109.74,109.74,109.74,109.74,0
AIP017,20131011,109.93,109.93,109.93,109.93,0
AIP017,20131014,110.00,110.00,110.00,110.00,0
AIP017,20131015,110.46,110.46,110.46,110.46,0
AIP017,20131016,110.64,110.64,110.64,110.64,0
AIP017,20131017,110.16,110.16,110.16,110.16,0
AIP017,20131018,110.38,110.38,110.38,110.38,0
AIP017,20131021,110.97,110.97,110.97,110.97,0
AIP017,20131022,110.95,110.95,110.95,110.95,0
AIP017,20131023,109.64,109.64,109.64,109.64,0
AIP017,20131024,109.47,109.47,109.47,109.47,0
AIP017,20131025,109.37,109.37,109.37,109.37,0
AIP017,20131028,109.29,109.29,109.29,109.29,0
AIP017,20131029,109.90,109.90,109.90,109.90,0
AIP017,20131030,110.08,110.08,110.08,110.08,0
AIP017,20131031,109.63,109.63,109.63,109.63,0
AIP017,20131104,110.34,110.34,110.34,110.34,0
AIP017,20131105,109.73,109.73,109.73,109.73,0
AIP017,20131106,109.76,109.76,109.76,109.76,0
AIP017,20131107,109.10,109.10,109.10,109.10,0
AIP017,20131108,108.82,108.82,108.82,108.82,0
AIP017,20131112,109.10,109.10,109.10,109.10,0
AIP017,20131113,107.94,107.94,107.94,107.94,0
AIP017,20131114,108.17,108.17,108.17,108.17,0
AIP017,20131115,109.27,109.27,109.27,109.27,0
AIP017,20131118,109.93,109.93,109.93,109.93,0
AIP017,20131119,109.76,109.76,109.76,109.76,0
AIP017,20131120,109.50,109.50,109.50,109.50,0
AIP017,20131121,109.55,109.55,109.55,109.55,0
AIP017,20131122,109.41,109.41,109.41,109.41,0
AIP017,20131125,109.53,109.53,109.53,109.53,0
AIP017,20131126,108.87,108.87,108.87,108.87,0
AIP017,20131127,109.08,109.08,109.08,109.08,0
AIP017,20131128,109.10,109.10,109.10,109.10,0
AIP017,20131129,109.49,109.49,109.49,109.49,0
AIP017,20131202,109.52,109.52,109.52,109.52,0
AIP017,20131203,108.68,108.68,108.68,108.68,0
AIP017,20131204,108.15,108.15,108.15,108.15,0
AIP017,20131205,108.01,108.01,108.01,108.01,0
AIP017,20131206,107.96,107.96,107.96,107.96,0
AIP017,20131209,108.03,108.03,108.03,108.03,0
AIP017,20131210,107.51,107.51,107.51,107.51,0
AIP017,20131211,106.88,106.88,106.88,106.88,0
AIP017,20131212,106.24,106.24,106.24,106.24,0
AIP017,20131213,106.12,106.12,106.12,106.12,0
AIP017,20131216,106.18,106.18,106.18,106.18,0
AIP017,20131217,105.91,105.91,105.91,105.91,0
AIP017,20131218,105.92,105.92,105.92,105.92,0
AIP017,20131219,105.74,105.74,105.74,105.74,0
AIP017,20131220,106.00,106.00,106.00,106.00,0
AIP017,20131223,106.14,106.14,106.14,106.14,0
AIP017,20131227,105.55,105.55,105.55,105.55,0
AIP017,20131230,106.16,106.16,106.16,106.16,0
AIP017,20140102,105.82,105.82,105.82,105.82,0
AIP017,20140103,105.76,105.76,105.76,105.76,0
AIP017,20140107,105.75,105.75,105.75,105.75,0
AIP017,20140108,106.00,106.00,106.00,106.00,0
AIP017,20140109,105.09,105.09,105.09,105.09,0
AIP017,20140110,105.41,105.41,105.41,105.41,0
AIP017,20140113,105.52,105.52,105.52,105.52,0
AIP017,20140114,105.25,105.25,105.25,105.25,0
AIP017,20140115,105.44,105.44,105.44,105.44,0
AIP017,20140116,105.26,105.26,105.26,105.26,0
AIP017,20140117,105.16,105.16,105.16,105.16,0
AIP017,20140120,105.27,105.27,105.27,105.27,0
AIP017,20140121,105.61,105.61,105.61,105.61,0
AIP017,20140122,105.92,105.92,105.92,105.92,0
AIP017,20140123,104.74,104.74,104.74,104.74,0
AIP017,20140124,103.97,103.97,103.97,103.97,0
AIP017,20140127,103.27,103.27,103.27,103.27,0
AIP017,20140128,102.91,102.91,102.91,102.91,0
AIP017,20140129,103.17,103.17,103.17,103.17,0
AIP017,20140130,104.18,104.18,104.18,104.18,0
AIP017,20140131,104.18,104.18,104.18,104.18,0
AIP017,20140203,104.00,104.00,104.00,104.00,0
AIP017,20140204,103.24,103.24,103.24,103.24,0
AIP017,20140205,102.38,102.38,102.38,102.38,0
AIP017,20140206,103.13,103.13,103.13,103.13,0
AIP017,20140207,103.24,103.24,103.24,103.24,0
AIP017,20140210,102.88,102.88,102.88,102.88,0
AIP017,20140211,103.16,103.16,103.16,103.16,0
AIP017,20140212,103.61,103.61,103.61,103.61,0
AIP017,20140213,103.10,103.10,103.10,103.10,0
AIP017,20140214,103.44,103.44,103.44,103.44,0
AIP017,20140217,103.63,103.63,103.63,103.63,0
AIP017,20140218,103.42,103.42,103.42,103.42,0
AIP017,20140219,103.29,103.29,103.29,103.29,0
AIP017,20140220,103.33,103.33,103.33,103.33,0
AIP017,20140221,103.77,103.77,103.77,103.77,0
AIP017,20140224,103.49,103.49,103.49,103.49,0
AIP017,20140225,103.13,103.13,103.13,103.13,0
AIP017,20140226,102.98,102.98,102.98,102.98,0
AIP017,20140227,104.19,104.19,104.19,104.19,0
AIP017,20140228,103.79,103.79,103.79,103.79,0
AIP017,20140303,102.62,102.62,102.62,102.62,0
AIP017,20140304,103.58,103.58,103.58,103.58,0
AIP017,20140305,103.61,103.61,103.61,103.61,0
AIP017,20140306,104.35,104.35,104.35,104.35,0
AIP017,20140307,103.34,103.34,103.34,103.34,0
AIP017,20140310,102.57,102.57,102.57,102.57,0
AIP017,20140311,103.28,103.28,103.28,103.28,0
AIP017,20140312,102.45,102.45,102.45,102.45,0
AIP017,20140313,101.62,101.62,101.62,101.62,0
AIP017,20140314,101.75,101.75,101.75,101.75,0
AIP017,20140317,102.52,102.52,102.52,102.52,0
AIP017,20140318,102.91,102.91,102.91,102.91,0
AIP017,20140319,102.34,102.34,102.34,102.34,0
AIP017,20140320,102.36,102.36,102.36,102.36,0
AIP017,20140321,102.35,102.35,102.35,102.35,0
AIP017,20140324,102.66,102.66,102.66,102.66,0
AIP017,20140325,102.73,102.73,102.73,102.73,0
AIP017,20140326,103.36,103.36,103.36,103.36,0
AIP017,20140327,103.88,103.88,103.88,103.88,0
AIP017,20140328,104.43,104.43,104.43,104.43,0
AIP017,20140331,104.74,104.74,104.74,104.74,0
AIP017,20140401,105.22,105.22,105.22,105.22,0
AIP017,20140402,105.37,105.37,105.37,105.37,0
AIP017,20140403,105.54,105.54,105.54,105.54,0
AIP017,20140404,105.91,105.91,105.91,105.91,0
AIP017,20140407,105.94,105.94,105.94,105.94,0
AIP017,20140408,105.87,105.87,105.87,105.87,0
AIP017,20140409,105.94,105.94,105.94,105.94,0
AIP017,20140410,105.97,105.97,105.97,105.97,0
AIP017,20140411,105.58,105.58,105.58,105.58,0
AIP017,20140414,105.98,105.98,105.98,105.98,0
AIP017,20140415,105.43,105.43,105.43,105.43,0
AIP017,20140416,105.41,105.41,105.41,105.41,0
AIP017,20140417,106.03,106.03,106.03,106.03,0
AIP017,20140422,106.19,106.19,106.19,106.19,0
AIP017,20140423,105.62,105.62,105.62,105.62,0
AIP017,20140424,105.51,105.51,105.51,105.51,0
AIP017,20140425,104.98,104.98,104.98,104.98,0
AIP017,20140428,105.12,105.12,105.12,105.12,0
AIP017,20140429,105.41,105.41,105.41,105.41,0
AIP017,20140430,105.52,105.52,105.52,105.52,0
AIP017,20140502,105.51,105.51,105.51,105.51,0
AIP017,20140505,105.37,105.37,105.37,105.37,0
AIP017,20140506,105.30,105.30,105.30,105.30,0
AIP017,20140507,105.39,105.39,105.39,105.39,0
AIP017,20140509,105.51,105.51,105.51,105.51,0
AIP017,20140512,106.37,106.37,106.37,106.37,0
AIP017,20140513,106.73,106.73,106.73,106.73,0
AIP017,20140514,107.93,107.93,107.93,107.93,0
AIP017,20140515,107.79,107.79,107.79,107.79,0
AIP017,20140516,108.26,108.26,108.26,108.26,0
AIP017,20140519,108.59,108.59,108.59,108.59,0
AIP017,20140520,108.56,108.56,108.56,108.56,0
AIP017,20140521,108.50,108.50,108.50,108.50,0
AIP017,20140522,108.93,108.93,108.93,108.93,0
AIP017,20140523,108.98,108.98,108.98,108.98,0
AIP017,20140526,108.92,108.92,108.92,108.92,0
AIP017,20140527,108.67,108.67,108.67,108.67,0
AIP017,20140528,108.97,108.97,108.97,108.97,0
AIP017,20140529,108.24,108.24,108.24,108.24,0
AIP017,20140530,108.38,108.38,108.38,108.38,0
AIP017,20140602,108.43,108.43,108.43,108.43,0
AIP017,20140603,108.72,108.72,108.72,108.72,0
AIP017,20140604,108.76,108.76,108.76,108.76,0
AIP017,20140605,108.37,108.37,108.37,108.37,0
AIP017,20140609,108.36,108.36,108.36,108.36,0
AIP017,20140610,109.50,109.50,109.50,109.50,0
AIP017,20140611,109.57,109.57,109.57,109.57,0
AIP017,20140612,109.48,109.48,109.48,109.48,0
AIP017,20140613,109.04,109.04,109.04,109.04,0
AIP017,20140616,109.70,109.70,109.70,109.70,0
AIP017,20140617,109.08,109.08,109.08,109.08,0
AIP017,20140618,109.20,109.20,109.20,109.20,0
AIP017,20140620,109.04,109.04,109.04,109.04,0
AIP017,20140623,109.39,109.39,109.39,109.39,0
AIP017,20140624,109.28,109.28,109.28,109.28,0
AIP017,20140625,108.52,108.52,108.52,108.52,0
AIP017,20140626,108.50,108.50,108.50,108.50,0
AIP017,20140627,109.03,109.03,109.03,109.03,0
AIP017,20140630,109.30,109.30,109.30,109.30,0
AIP017,20140701,109.09,109.09,109.09,109.09,0
AIP017,20140702,109.47,109.47,109.47,109.47,0
AIP017,20140703,109.63,109.63,109.63,109.63,0
AIP017,20140704,109.82,109.82,109.82,109.82,0
AIP017,20140707,109.84,109.84,109.84,109.84,0
AIP017,20140708,109.45,109.45,109.45,109.45,0
AIP017,20140709,108.94,108.94,108.94,108.94,0
AIP017,20140710,108.82,108.82,108.82,108.82,0
AIP017,20140711,109.11,109.11,109.11,109.11,0
AIP017,20140714,109.26,109.26,109.26,109.26,0
AIP017,20140715,109.84,109.84,109.84,109.84,0
AIP017,20140716,109.85,109.85,109.85,109.85,0
AIP017,20140717,109.85,109.85,109.85,109.85,0
AIP017,20140718,110.00,110.00,110.00,110.00,0
AIP017,20140721,109.99,109.99,109.99,109.99,0
AIP017,20140722,110.81,110.81,110.81,110.81,0
AIP017,20140723,110.93,110.93,110.93,110.93,0
AIP017,20140724,110.99,110.99,110.99,110.99,0
AIP017,20140725,111.08,111.08,111.08,111.08,0
AIP017,20140728,111.08,111.08,111.08,111.08,0
AIP017,20140729,111.30,111.30,111.30,111.30,0
AIP017,20140730,111.32,111.32,111.32,111.32,0
AIP017,20140731,110.68,110.68,110.68,110.68,0
AIP017,20140801,110.66,110.66,110.66,110.66,0
AIP017,20140804,111.02,111.02,111.02,111.02,0
AIP017,20140805,110.75,110.75,110.75,110.75,0
AIP017,20140806,110.52,110.52,110.52,110.52,0
AIP017,20140807,110.39,110.39,110.39,110.39,0
AIP017,20140808,110.33,110.33,110.33,110.33,0
AIP017,20140811,110.93,110.93,110.93,110.93,0
AIP017,20140812,111.24,111.24,111.24,111.24,0
AIP017,20140813,111.66,111.66,111.66,111.66,0
AIP017,20140814,111.61,111.61,111.61,111.61,0
AIP017,20140818,112.25,112.25,112.25,112.25,0
AIP017,20140819,112.72,112.72,112.72,112.72,0
AIP017,20140820,112.91,112.91,112.91,112.91,0
AIP017,20140821,113.03,113.03,113.03,113.03,0
AIP017,20140822,113.01,113.01,113.01,113.01,0
AIP017,20140825,113.53,113.53,113.53,113.53,0
AIP017,20140826,113.82,113.82,113.82,113.82,0
AIP017,20140827,114.41,114.41,114.41,114.41,0
AIP017,20140828,114.01,114.01,114.01,114.01,0
AIP017,20140829,114.42,114.42,114.42,114.42,0
AIP017,20140901,114.87,114.87,114.87,114.87,0
AIP017,20140902,114.74,114.74,114.74,114.74,0
AIP017,20140903,115.04,115.04,115.04,115.04,0
AIP017,20140904,115.23,115.23,115.23,115.23,0
AIP017,20140905,115.42,115.42,115.42,115.42,0
AIP017,20140908,115.47,115.47,115.47,115.47,0
AIP017,20140909,115.19,115.19,115.19,115.19,0
AIP017,20140910,114.47,114.47,114.47,114.47,0
AIP017,20140911,114.00,114.00,114.00,114.00,0
AIP017,20140912,113.62,113.62,113.62,113.62,0
AIP017,20140915,113.27,113.27,113.27,113.27,0
AIP017,20140916,112.63,112.63,112.63,112.63,0
AIP017,20140917,112.90,112.90,112.90,112.90,0
AIP017,20140918,112.92,112.92,112.92,112.92,0
AIP017,20140919,113.06,113.06,113.06,113.06,0
AIP017,20140922,112.43,112.43,112.43,112.43,0
AIP017,20140923,111.37,111.37,111.37,111.37,0
AIP017,20140924,111.68,111.68,111.68,111.68,0
AIP017,20140925,111.79,111.79,111.79,111.79,0
AIP017,20140926,111.52,111.52,111.52,111.52,0
AIP017,20140929,111.44,111.44,111.44,111.44,0
AIP017,20140930,111.26,111.26,111.26,111.26,0
AIP017,20141001,111.35,111.35,111.35,111.35,0
AIP017,20141002,110.44,110.44,110.44,110.44,0
AIP017,20141003,111.30,111.30,111.30,111.30,0
AIP017,20141006,112.55,112.55,112.55,112.55,0
AIP017,20141007,111.83,111.83,111.83,111.83,0
AIP017,20141008,110.73,110.73,110.73,110.73,0
AIP017,20141009,110.69,110.69,110.69,110.69,0
AIP017,20141010,110.13,110.13,110.13,110.13,0
AIP017,20141013,110.18,110.18,110.18,110.18,0
AIP017,20141014,110.20,110.20,110.20,110.20,0
AIP017,20141015,109.84,109.84,109.84,109.84,0
AIP017,20141016,108.40,108.40,108.40,108.40,0
AIP017,20141017,108.97,108.97,108.97,108.97,0
AIP017,20141020,109.63,109.63,109.63,109.63,0
AIP017,20141021,109.91,109.91,109.91,109.91,0
AIP017,20141022,110.86,110.86,110.86,110.86,0
AIP017,20141023,111.08,111.08,111.08,111.08,0
AIP017,20141024,110.98,110.98,110.98,110.98,0
AIP017,20141027,110.25,110.25,110.25,110.25,0
AIP017,20141028,111.11,111.11,111.11,111.11,0
AIP017,20141029,111.47,111.47,111.47,111.47,0
AIP017,20141030,112.47,112.47,112.47,112.47,0
AIP017,20141031,112.62,112.62,112.62,112.62,0
AIP017,20141103,113.16,113.16,113.16,113.16,0
AIP017,20141104,112.86,112.86,112.86,112.86,0
AIP017,20141105,112.71,112.71,112.71,112.71,0
AIP017,20141106,112.16,112.16,112.16,112.16,0
AIP017,20141107,112.56,112.56,112.56,112.56,0
AIP017,20141110,112.43,112.43,112.43,112.43,0
AIP017,20141112,112.73,112.73,112.73,112.73,0
AIP017,20141113,112.32,112.32,112.32,112.32,0
AIP017,20141114,112.37,112.37,112.37,112.37,0
AIP017,20141117,111.82,111.82,111.82,111.82,0
AIP017,20141118,111.74,111.74,111.74,111.74,0
AIP017,20141119,111.49,111.49,111.49,111.49,0
AIP017,20141120,111.46,111.46,111.46,111.46,0
AIP017,20141121,112.28,112.28,112.28,112.28,0
AIP017,20141124,112.73,112.73,112.73,112.73,0
AIP017,20141125,112.41,112.41,112.41,112.41,0
AIP017,20141126,112.15,112.15,112.15,112.15,0
AIP017,20141127,112.31,112.31,112.31,112.31,0
AIP017,20141128,112.04,112.04,112.04,112.04,0
AIP017,20141201,110.70,110.70,110.70,110.70,0
AIP017,20141202,110.84,110.84,110.84,110.84,0
AIP017,20141203,111.59,111.59,111.59,111.59,0
AIP017,20141204,111.61,111.61,111.61,111.61,0
AIP017,20141205,111.26,111.26,111.26,111.26,0
AIP017,20141208,111.66,111.66,111.66,111.66,0
AIP017,20141209,109.93,109.93,109.93,109.93,0
AIP017,20141210,109.29,109.29,109.29,109.29,0
AIP017,20141211,109.01,109.01,109.01,109.01,0
AIP017,20141212,108.61,108.61,108.61,108.61,0
AIP017,20141215,107.38,107.38,107.38,107.38,0
AIP017,20141216,105.84,105.84,105.84,105.84,0
AIP017,20141217,107.41,107.41,107.41,107.41,0
AIP017,20141218,109.72,109.72,109.72,109.72,0
AIP017,20141219,111.17,111.17,111.17,111.17,0
AIP017,20141222,111.93,111.93,111.93,111.93,0
AIP017,20141223,112.12,112.12,112.12,112.12,0
AIP017,20141229,113.31,113.31,113.31,113.31,0
AIP017,20141230,113.49,113.49,113.49,113.49,0
AIP017,20150102,114.06,114.06,114.06,114.06,0
AIP017,20150105,113.67,113.67,113.67,113.67,0
AIP017,20150107,114.52,114.52,114.52,114.52,0
AIP017,20150108,115.76,115.76,115.76,115.76,0
AIP017,20150109,115.34,115.34,115.34,115.34,0
AIP017,20150112,114.64,114.64,114.64,114.64,0
AIP017,20150113,115.45,115.45,115.45,115.45,0
AIP017,20150114,115.29,115.29,115.29,115.29,0
AIP017,20150115,115.30,115.30,115.30,115.30,0
AIP017,20150116,116.53,116.53,116.53,116.53,0
AIP017,20150119,116.31,116.31,116.31,116.31,0
AIP017,20150120,116.82,116.82,116.82,116.82,0
AIP017,20150121,117.99,117.99,117.99,117.99,0
AIP017,20150122,117.76,117.76,117.76,117.76,0
AIP017,20150123,119.25,119.25,119.25,119.25,0
AIP017,20150126,119.03,119.03,119.03,119.03,0
AIP017,20150127,118.55,118.55,118.55,118.55,0
AIP017,20150128,118.50,118.50,118.50,118.50,0
AIP017,20150129,118.30,118.30,118.30,118.30,0
AIP017,20150130,117.49,117.49,117.49,117.49,0
AIP017,20150202,116.77,116.77,116.77,116.77,0
AIP017,20150203,117.76,117.76,117.76,117.76,0
AIP017,20150204,117.30,117.30,117.30,117.30,0
AIP017,20150205,117.81,117.81,117.81,117.81,0
AIP017,20150206,117.06,117.06,117.06,117.06,0
AIP017,20150209,117.26,117.26,117.26,117.26,0
AIP017,20150210,117.92,117.92,117.92,117.92,0
AIP017,20150211,117.37,117.37,117.37,117.37,0
AIP017,20150212,117.72,117.72,117.72,117.72,0
AIP017,20150213,117.93,117.93,117.93,117.93,0
AIP017,20150216,118.06,118.06,118.06,118.06,0
AIP017,20150217,118.11,118.11,118.11,118.11,0
AIP017,20150218,118.31,118.31,118.31,118.31,0
AIP017,20150219,118.24,118.24,118.24,118.24,0
AIP017,20150220,118.44,118.44,118.44,118.44,0
AIP017,20150223,118.41,118.41,118.41,118.41,0
AIP017,20150224,118.89,118.89,118.89,118.89,0
AIP017,20150225,118.40,118.40,118.40,118.40,0
AIP017,20150226,118.09,118.09,118.09,118.09,0
AIP017,20150227,119.04,119.04,119.04,119.04,0
AIP017,20150302,119.00,119.00,119.00,119.00,0
AIP017,20150303,119.02,119.02,119.02,119.02,0
AIP017,20150304,119.21,119.21,119.21,119.21,0
AIP017,20150305,119.16,119.16,119.16,119.16,0
AIP017,20150306,119.03,119.03,119.03,119.03,0
AIP017,20150309,118.84,118.84,118.84,118.84,0
AIP017,20150310,118.67,118.67,118.67,118.67,0
AIP017,20150311,121.13,121.13,121.13,121.13,0
AIP017,20150312,121.57,121.57,121.57,121.57,0
AIP017,20150313,121.20,121.20,121.20,121.20,0
AIP017,20150316,121.69,121.69,121.69,121.69,0
AIP017,20150317,121.45,121.45,121.45,121.45,0
AIP017,20150318,122.13,122.13,122.13,122.13,0
AIP017,20150319,121.85,121.85,121.85,121.85,0
AIP017,20150320,122.15,122.15,122.15,122.15,0
AIP017,20150323,121.90,121.90,121.90,121.90,0
AIP017,20150324,120.70,120.70,120.70,120.70,0
AIP017,20150325,120.32,120.32,120.32,120.32,0
AIP017,20150326,118.82,118.82,118.82,118.82,0
AIP017,20150327,120.40,120.40,120.40,120.40,0
AIP017,20150330,120.86,120.86,120.86,120.86,0
AIP017,20150331,122.08,122.08,122.08,122.08,0
AIP017,20150401,121.88,121.88,121.88,121.88,0
AIP017,20150402,121.75,121.75,121.75,121.75,0
AIP017,20150407,122.67,122.67,122.67,122.67,0
AIP017,20150408,122.64,122.64,122.64,122.64,0
AIP017,20150409,123.49,123.49,123.49,123.49,0
AIP017,20150410,124.84,124.84,124.84,124.84,0
AIP017,20150413,125.65,125.65,125.65,125.65,0
AIP017,20150414,125.29,125.29,125.29,125.29,0
AIP017,20150415,124.84,124.84,124.84,124.84,0
AIP017,20150416,125.77,125.77,125.77,125.77,0
AIP017,20150417,124.22,124.22,124.22,124.22,0
AIP017,20150420,123.95,123.95,123.95,123.95,0
AIP017,20150421,124.17,124.17,124.17,124.17,0
AIP017,20150422,124.11,124.11,124.11,124.11,0
AIP017,20150423,124.93,124.93,124.93,124.93,0
AIP017,20150424,124.57,124.57,124.57,124.57,0
AIP017,20150427,125.82,125.82,125.82,125.82,0
AIP017,20150428,124.56,124.56,124.56,124.56,0
AIP017,20150429,122.97,122.97,122.97,122.97,0
AIP017,20150430,121.54,121.54,121.54,121.54,0
AIP017,20150504,122.48,122.48,122.48,122.48,0
AIP017,20150505,121.34,121.34,121.34,121.34,0
AIP017,20150506,120.74,120.74,120.74,120.74,0
AIP017,20150507,119.01,119.01,119.01,119.01,0
AIP017,20150508,120.74,120.74,120.74,120.74,0
AIP017,20150511,121.82,121.82,121.82,121.82,0
AIP017,20150512,121.29,121.29,121.29,121.29,0
AIP017,20150513,121.25,121.25,121.25,121.25,0
AIP017,20150514,120.57,120.57,120.57,120.57,0
AIP017,20150515,120.61,120.61,120.61,120.61,0
AIP017,20150518,120.19,120.19,120.19,120.19,0
AIP017,20150519,121.56,121.56,121.56,121.56,0
AIP017,20150520,122.25,122.25,122.25,122.25,0
AIP017,20150521,122.07,122.07,122.07,122.07,0
AIP017,20150522,122.60,122.60,122.60,122.60,0
AIP017,20150525,124.24,124.24,124.24,124.24,0
AIP017,20150526,124.15,124.15,124.15,124.15,0
AIP017,20150527,123.88,123.88,123.88,123.88,0
AIP017,20150528,123.04,123.04,123.04,123.04,0
AIP017,20150529,122.22,122.22,122.22,122.22,0
AIP017,20150601,122.07,122.07,122.07,122.07,0
AIP017,20150602,121.08,121.08,121.08,121.08,0
AIP017,20150603,119.23,119.23,119.23,119.23,0
AIP017,20150605,117.78,117.78,117.78,117.78,0
AIP017,20150608,117.72,117.72,117.72,117.72,0
AIP017,20150609,116.11,116.11,116.11,116.11,0
AIP017,20150610,116.71,116.71,116.71,116.71,0
AIP017,20150611,116.90,116.90,116.90,116.90,0
AIP017,20150612,117.40,117.40,117.40,117.40,0
AIP017,20150615,115.85,115.85,115.85,115.85,0
AIP017,20150616,116.17,116.17,116.17,116.17,0
AIP017,20150617,115.99,115.99,115.99,115.99,0
AIP017,20150618,115.98,115.98,115.98,115.98,0
AIP017,20150622,117.42,117.42,117.42,117.42,0
AIP017,20150623,117.89,117.89,117.89,117.89,0
AIP017,20150624,118.41,118.41,118.41,118.41,0
AIP017,20150625,118.43,118.43,118.43,118.43,0
AIP017,20150626,118.15,118.15,118.15,118.15,0
AIP017,20150629,117.21,117.21,117.21,117.21,0
AIP017,20150630,118.58,118.58,118.58,118.58,0
AIP017,20150701,118.92,118.92,118.92,118.92,0
AIP017,20150702,119.15,119.15,119.15,119.15,0
AIP017,20150703,118.17,118.17,118.17,118.17,0
AIP017,20150706,117.58,117.58,117.58,117.58,0
AIP017,20150707,117.31,117.31,117.31,117.31,0
AIP017,20150708,115.24,115.24,115.24,115.24,0
AIP017,20150709,116.68,116.68,116.68,116.68,0
AIP017,20150710,116.09,116.09,116.09,116.09,0
AIP017,20150713,116.61,116.61,116.61,116.61,0
AIP017,20150714,116.62,116.62,116.62,116.62,0
AIP017,20150715,116.14,116.14,116.14,116.14,0
AIP017,20150716,116.80,116.80,116.80,116.80,0
AIP017,20150717,116.97,116.97,116.97,116.97,0
AIP017,20150720,116.80,116.80,116.80,116.80,0
AIP017,20150721,117.03,117.03,117.03,117.03,0
AIP017,20150722,116.04,116.04,116.04,116.04,0
AIP017,20150723,115.38,115.38,115.38,115.38,0
AIP017,20150724,114.40,114.40,114.40,114.40,0
AIP017,20150727,112.25,112.25,112.25,112.25,0
AIP017,20150728,111.71,111.71,111.71,111.71,0
AIP017,20150729,113.10,113.10,113.10,113.10,0
AIP017,20150730,113.73,113.73,113.73,113.73,0
AIP017,20150731,115.05,115.05,115.05,115.05,0
AIP017,20150803,113.77,113.77,113.77,113.77,0
AIP017,20150804,114.22,114.22,114.22,114.22,0
AIP017,20150805,116.00,116.00,116.00,116.00,0
AIP017,20150806,115.38,115.38,115.38,115.38,0
AIP017,20150807,115.20,115.20,115.20,115.20,0
AIP017,20150810,115.10,115.10,115.10,115.10,0
AIP017,20150811,114.05,114.05,114.05,114.05,0
AIP017,20150812,112.30,112.30,112.30,112.30,0
AIP017,20150813,111.98,111.98,111.98,111.98,0
AIP017,20150814,111.87,111.87,111.87,111.87,0
AIP017,20150817,111.26,111.26,111.26,111.26,0
AIP017,20150818,110.55,110.55,110.55,110.55,0
AIP017,20150819,110.12,110.12,110.12,110.12,0
AIP017,20150820,109.37,109.37,109.37,109.37,0
AIP017,20150821,107.00,107.00,107.00,107.00,0
AIP017,20150824,101.24,101.24,101.24,101.24,0
AIP017,20150825,102.65,102.65,102.65,102.65,0
AIP017,20150826,103.16,103.16,103.16,103.16,0
AIP017,20150827,106.40,106.40,106.40,106.40,0
AIP017,20150828,107.04,107.04,107.04,107.04,0
AIP017,20150831,107.86,107.86,107.86,107.86,0
AIP017,20150901,105.88,105.88,105.88,105.88,0
AIP017,20150902,105.80,105.80,105.80,105.80,0
AIP017,20150903,106.61,106.61,106.61,106.61,0
AIP017,20150904,105.94,105.94,105.94,105.94,0
AIP017,20150907,104.89,104.89,104.89,104.89,0
AIP017,20150908,105.89,105.89,105.89,105.89,0
AIP017,20150909,106.79,106.79,106.79,106.79,0
AIP017,20150910,106.22,106.22,106.22,106.22,0
AIP017,20150911,105.38,105.38,105.38,105.38,0
AIP017,20150914,105.44,105.44,105.44,105.44,0
AIP017,20150915,105.88,105.88,105.88,105.88,0
AIP017,20150916,107.00,107.00,107.00,107.00,0
AIP017,20150917,106.90,106.90,106.90,106.90,0
AIP017,20150918,106.09,106.09,106.09,106.09,0
AIP017,20150921,106.30,106.30,106.30,106.30,0
AIP017,20150922,105.95,105.95,105.95,105.95,0
AIP017,20150923,105.87,105.87,105.87,105.87,0
AIP017,20150924,104.67,104.67,104.67,104.67,0
AIP017,20150925,105.69,105.69,105.69,105.69,0
AIP017,20150928,104.73,104.73,104.73,104.73,0
AIP017,20150929,104.40,104.40,104.40,104.40,0
AIP017,20150930,105.42,105.42,105.42,105.42,0
AIP017,20151001,105.91,105.91,105.91,105.91,0
AIP017,20151002,106.01,106.01,106.01,106.01,0
AIP017,20151005,107.33,107.33,107.33,107.33,0
AIP017,20151006,107.73,107.73,107.73,107.73,0
AIP017,20151007,108.40,108.40,108.40,108.40,0
AIP017,20151008,108.27,108.27,108.27,108.27,0
AIP017,20151009,108.62,108.62,108.62,108.62,0
AIP017,20151012,108.71,108.71,108.71,108.71,0
AIP017,20151013,108.08,108.08,108.08,108.08,0
AIP017,20151014,108.00,108.00,108.00,108.00,0
AIP017,20151015,108.53,108.53,108.53,108.53,0
AIP017,20151016,109.15,109.15,109.15,109.15,0
AIP017,20151019,109.37,109.37,109.37,109.37,0
AIP017,20151020,109.68,109.68,109.68,109.68,0
AIP017,20151021,109.96,109.96,109.96,109.96,0
AIP017,20151022,110.76,110.76,110.76,110.76,0
AIP017,20151023,112.32,112.32,112.32,112.32,0
AIP017,20151026,113.13,113.13,113.13,113.13,0
AIP017,20151027,112.90,112.90,112.90,112.90,0
AIP017,20151028,113.24,113.24,113.24,113.24,0
AIP017,20151029,112.45,112.45,112.45,112.45,0
AIP017,20151030,112.05,112.05,112.05,112.05,0
AIP017,20151102,112.24,112.24,112.24,112.24,0
AIP017,20151103,112.70,112.70,112.70,112.70,0
AIP017,20151104,113.45,113.45,113.45,113.45,0
AIP017,20151105,113.16,113.16,113.16,113.16,0
AIP017,20151106,112.55,112.55,112.55,112.55,0
AIP017,20151109,112.91,112.91,112.91,112.91,0
AIP017,20151110,112.21,112.21,112.21,112.21,0
AIP017,20151112,111.97,111.97,111.97,111.97,0
AIP017,20151113,111.07,111.07,111.07,111.07,0
AIP017,20151116,110.92,110.92,110.92,110.92,0
AIP017,20151117,112.14,112.14,112.14,112.14,0
AIP017,20151118,112.12,112.12,112.12,112.12,0
AIP017,20151119,112.76,112.76,112.76,112.76,0
AIP017,20151120,113.37,113.37,113.37,113.37,0
AIP017,20151123,113.37,113.37,113.37,113.37,0
AIP017,20151124,113.24,113.24,113.24,113.24,0
AIP017,20151125,113.39,113.39,113.39,113.39,0
AIP017,20151126,113.51,113.51,113.51,113.51,0
AIP017,20151127,112.77,112.77,112.77,112.77,0
AIP017,20151130,112.10,112.10,112.10,112.10,0
AIP017,20151201,112.81,112.81,112.81,112.81,0
AIP017,20151202,112.80,112.80,112.80,112.80,0
AIP017,20151203,112.30,112.30,112.30,112.30,0
AIP017,20151204,110.56,110.56,110.56,110.56,0
AIP017,20151207,110.71,110.71,110.71,110.71,0
AIP017,20151208,109.64,109.64,109.64,109.64,0
AIP017,20151209,109.23,109.23,109.23,109.23,0
AIP017,20151210,107.99,107.99,107.99,107.99,0
AIP017,20151211,106.83,106.83,106.83,106.83,0
AIP017,20151214,106.46,106.46,106.46,106.46,0
AIP017,20151215,107.44,107.44,107.44,107.44,0
AIP017,20151216,108.38,108.38,108.38,108.38,0
AIP017,20151217,108.85,108.85,108.85,108.85,0
AIP017,20151218,108.21,108.21,108.21,108.21,0
AIP017,20151221,107.70,107.70,107.70,107.70,0
AIP017,20151222,106.97,106.97,106.97,106.97,0
AIP017,20151223,107.89,107.89,107.89,107.89,0
AIP017,20151228,107.42,107.42,107.42,107.42,0
AIP017,20151229,107.63,107.63,107.63,107.63,0
AIP017,20151230,107.23,107.23,107.23,107.23,0
AIP017,20160104,106.27,106.27,106.27,106.27,0
AIP017,20160105,108.41,108.41,108.41,108.41,0
AIP017,20160107,106.36,106.36,106.36,106.36,0
AIP017,20160108,106.06,106.06,106.06,106.06,0
AIP017,20160111,105.24,105.24,105.24,105.24,0
AIP017,20160112,105.77,105.77,105.77,105.77,0
AIP017,20160113,105.77,105.77,105.77,105.77,0
AIP017,20160114,104.66,104.66,104.66,104.66,0
AIP017,20160115,104.54,104.54,104.54,104.54,0
AIP017,20160118,105.83,105.83,105.83,105.83,0
AIP017,20160119,106.03,106.03,106.03,106.03,0
AIP017,20160120,104.09,104.09,104.09,104.09,0
AIP017,20160121,105.10,105.10,105.10,105.10,0
AIP017,20160122,106.24,106.24,106.24,106.24,0
AIP017,20160125,107.28,107.28,107.28,107.28,0
AIP017,20160126,107.29,107.29,107.29,107.29,0
AIP017,20160127,107.02,107.02,107.02,107.02,0
AIP017,20160128,106.77,106.77,106.77,106.77,0
AIP017,20160129,108.12,108.12,108.12,108.12,0
AIP017,20160201,107.99,107.99,107.99,107.99,0
AIP017,20160202,106.73,106.73,106.73,106.73,0
AIP017,20160203,106.30,106.30,106.30,106.30,0
AIP017,20160204,106.24,106.24,106.24,106.24,0
AIP017,20160205,106.24,106.24,106.24,106.24,0
AIP017,20160208,105.46,105.46,105.46,105.46,0
AIP017,20160209,105.49,105.49,105.49,105.49,0
AIP017,20160210,105.22,105.22,105.22,105.22,0
AIP017,20160211,103.92,103.92,103.92,103.92,0
AIP017,20160212,103.47,103.47,103.47,103.47,0
AIP017,20160215,104.84,104.84,104.84,104.84,0
AIP017,20160216,105.21,105.21,105.21,105.21,0
AIP017,20160218,106.76,106.76,106.76,106.76,0
AIP017,20160219,106.56,106.56,106.56,106.56,0
AIP017,20160222,106.94,106.94,106.94,106.94,0
AIP017,20160223,107.06,107.06,107.06,107.06,0
AIP017,20160224,106.34,106.34,106.34,106.34,0
AIP017,20160225,106.64,106.64,106.64,106.64,0
AIP017,20160226,106.84,106.84,106.84,106.84,0
AIP017,20160229,107.43,107.43,107.43,107.43,0
AIP017,20160301,108.22,108.22,108.22,108.22,0
AIP017,20160302,108.90,108.90,108.90,108.90,0
AIP017,20160303,109.40,109.40,109.40,109.40,0
AIP017,20160304,109.62,109.62,109.62,109.62,0
AIP017,20160307,109.76,109.76,109.76,109.76,0
AIP017,20160308,109.02,109.02,109.02,109.02,0
AIP017,20160309,109.38,109.38,109.38,109.38,0
AIP017,20160310,109.36,109.36,109.36,109.36,0
AIP017,20160311,109.30,109.30,109.30,109.30,0
AIP017,20160314,108.55,108.55,108.55,108.55,0
AIP017,20160315,108.16,108.16,108.16,108.16,0
AIP017,20160316,108.42,108.42,108.42,108.42,0
AIP017,20160317,108.73,108.73,108.73,108.73,0
AIP017,20160318,109.13,109.13,109.13,109.13,0
AIP017,20160321,109.17,109.17,109.17,109.17,0
AIP017,20160322,109.41,109.41,109.41,109.41,0
AIP017,20160323,108.84,108.84,108.84,108.84,0
AIP017,20160324,108.79,108.79,108.79,108.79,0
AIP017,20160329,108.42,108.42,108.42,108.42,0
AIP017,20160330,108.97,108.97,108.97,108.97,0
AIP017,20160331,109.39,109.39,109.39,109.39,0
AIP017,20160401,107.48,107.48,107.48,107.48,0
AIP017,20160404,107.99,107.99,107.99,107.99,0
AIP017,20160405,107.13,107.13,107.13,107.13,0
AIP017,20160406,107.09,107.09,107.09,107.09,0
AIP017,20160407,106.76,106.76,106.76,106.76,0
AIP017,20160408,107.97,107.97,107.97,107.97,0
AIP017,20160411,108.02,108.02,108.02,108.02,0
AIP017,20160412,107.95,107.95,107.95,107.95,0
AIP017,20160413,109.53,109.53,109.53,109.53,0
AIP017,20160414,110.31,110.31,110.31,110.31,0
AIP017,20160415,110.40,110.40,110.40,110.40,0
AIP017,20160418,110.01,110.01,110.01,110.01,0
AIP017,20160419,110.44,110.44,110.44,110.44,0
AIP017,20160420,110.02,110.02,110.02,110.02,0
AIP017,20160421,110.25,110.25,110.25,110.25,0
AIP017,20160422,110.90,110.90,110.90,110.90,0
AIP017,20160425,111.66,111.66,111.66,111.66,0
AIP017,20160426,111.90,111.90,111.90,111.90,0
AIP017,20160427,111.46,111.46,111.46,111.46,0
AIP017,20160428,111.40,111.40,111.40,111.40,0
AIP017,20160429,111.05,111.05,111.05,111.05,0
AIP017,20160502,109.50,109.50,109.50,109.50,0
AIP017,20160504,107.95,107.95,107.95,107.95,0
AIP017,20160505,108.29,108.29,108.29,108.29,0
AIP017,20160506,108.32,108.32,108.32,108.32,0
AIP017,20160509,108.25,108.25,108.25,108.25,0
AIP017,20160510,108.70,108.70,108.70,108.70,0
AIP017,20160511,108.81,108.81,108.81,108.81,0
AIP017,20160512,108.67,108.67,108.67,108.67,0
AIP017,20160513,107.91,107.91,107.91,107.91,0
AIP017,20160516,107.50,107.50,107.50,107.50,0
AIP017,20160517,107.48,107.48,107.48,107.48,0
AIP017,20160518,108.31,108.31,108.31,108.31,0
AIP017,20160519,107.70,107.70,107.70,107.70,0
AIP017,20160520,108.71,108.71,108.71,108.71,0
AIP017,20160523,109.23,109.23,109.23,109.23,0
AIP017,20160524,110.04,110.04,110.04,110.04,0
AIP017,20160525,110.60,110.60,110.60,110.60,0
AIP017,20160527,110.55,110.55,110.55,110.55,0
AIP017,20160530,110.70,110.70,110.70,110.70,0
AIP017,20160531,110.56,110.56,110.56,110.56,0
AIP017,20160601,110.41,110.41,110.41,110.41,0
AIP017,20160602,110.43,110.43,110.43,110.43,0
AIP017,20160603,111.22,111.22,111.22,111.22,0
AIP017,20160608,110.09,110.09,110.09,110.09,0
AIP017,20160609,109.57,109.57,109.57,109.57,0
AIP017,20160610,109.61,109.61,109.61,109.61,0
AIP017,20160613,109.26,109.26,109.26,109.26,0
AIP017,20160614,109.76,109.76,109.76,109.76,0
AIP017,20160615,109.98,109.98,109.98,109.98,0
AIP017,20160616,109.35,109.35,109.35,109.35,0
AIP017,20160617,109.78,109.78,109.78,109.78,0
AIP017,20160620,109.90,109.90,109.90,109.90,0
AIP017,20160621,110.08,110.08,110.08,110.08,0
AIP017,20160622,110.68,110.68,110.68,110.68,0
AIP017,20160623,110.17,110.17,110.17,110.17,0
AIP017,20160624,109.50,109.50,109.50,109.50,0
AIP017,20160627,108.97,108.97,108.97,108.97,0
AIP017,20160628,109.80,109.80,109.80,109.80,0
AIP017,20160629,110.75,110.75,110.75,110.75,0
AIP017,20160630,111.48,111.48,111.48,111.48,0
AIP017,20160701,111.47,111.47,111.47,111.47,0
AIP017,20160704,112.35,112.35,112.35,112.35,0
AIP017,20160705,111.75,111.75,111.75,111.75,0
AIP017,20160706,111.41,111.41,111.41,111.41,0
AIP017,20160707,111.84,111.84,111.84,111.84,0
AIP017,20160708,111.88,111.88,111.88,111.88,0
AIP017,20160711,113.30,113.30,113.30,113.30,0
AIP017,20160712,113.47,113.47,113.47,113.47,0
AIP017,20160713,113.41,113.41,113.41,113.41,0
AIP017,20160714,113.80,113.80,113.80,113.80,0
AIP017,20160715,113.75,113.75,113.75,113.75,0
AIP017,20160718,113.93,113.93,113.93,113.93,0
AIP017,20160719,113.33,113.33,113.33,113.33,0
AIP017,20160720,113.77,113.77,113.77,113.77,0
AIP017,20160721,113.60,113.60,113.60,113.60,0
AIP017,20160722,113.22,113.22,113.22,113.22,0
AIP017,20160725,113.82,113.82,113.82,113.82,0
AIP017,20160726,114.06,114.06,114.06,114.06,0
AIP017,20160727,114.43,114.43,114.43,114.43,0
AIP017,20160728,113.81,113.81,113.81,113.81,0
AIP017,20160729,113.65,113.65,113.65,113.65,0
AIP017,20160801,113.67,113.67,113.67,113.67,0
AIP017,20160802,113.03,113.03,113.03,113.03,0
AIP017,20160803,112.07,112.07,112.07,112.07,0
AIP017,20160804,112.46,112.46,112.46,112.46,0
AIP017,20160805,113.07,113.07,113.07,113.07,0
AIP017,20160808,113.80,113.80,113.80,113.80,0
AIP017,20160809,113.77,113.77,113.77,113.77,0
AIP017,20160810,113.62,113.62,113.62,113.62,0
AIP017,20160811,113.93,113.93,113.93,113.93,0
AIP017,20160812,113.80,113.80,113.80,113.80,0
AIP017,20160816,113.69,113.69,113.69,113.69,0
AIP017,20160817,113.59,113.59,113.59,113.59,0
AIP017,20160818,113.56,113.56,113.56,113.56,0
AIP017,20160819,113.19,113.19,113.19,113.19,0
AIP017,20160822,113.22,113.22,113.22,113.22,0
AIP017,20160823,113.64,113.64,113.64,113.64,0
AIP017,20160824,113.22,113.22,113.22,113.22,0
AIP017,20160825,113.33,113.33,113.33,113.33,0
AIP017,20160826,113.95,113.95,113.95,113.95,0
AIP017,20160829,114.30,114.30,114.30,114.30,0
AIP017,20160830,114.54,114.54,114.54,114.54,0
AIP017,20160831,114.63,114.63,114.63,114.63,0
AIP017,20160902,115.31,115.31,115.31,115.31,0
AIP017,20160905,115.34,115.34,115.34,115.34,0
AIP017,20160906,115.94,115.94,115.94,115.94,0
AIP017,20160907,115.51,115.51,115.51,115.51,0
AIP017,20160908,115.03,115.03,115.03,115.03,0
AIP017,20160909,114.33,114.33,114.33,114.33,0
AIP017,20160912,113.64,113.64,113.64,113.64,0
AIP017,20160913,113.55,113.55,113.55,113.55,0
AIP017,20160914,113.45,113.45,113.45,113.45,0
AIP017,20160915,113.45,113.45,113.45,113.45,0
AIP017,20160916,113.09,113.09,113.09,113.09,0
AIP017,20160919,114.17,114.17,114.17,114.17,0
AIP017,20160920,113.84,113.84,113.84,113.84,0
AIP017,20160921,114.62,114.62,114.62,114.62,0
AIP017,20160922,114.77,114.77,114.77,114.77,0
AIP017,20160923,114.99,114.99,114.99,114.99,0
AIP017,20160926,114.07,114.07,114.07,114.07,0
AIP017,20160927,114.18,114.18,114.18,114.18,0
AIP017,20160929,114.91,114.91,114.91,114.91,0
AIP017,20160930,114.82,114.82,114.82,114.82,0
AIP017,20161003,114.49,114.49,114.49,114.49,0
AIP017,20161004,115.04,115.04,115.04,115.04,0
AIP017,20161005,114.74,114.74,114.74,114.74,0
AIP017,20161006,114.76,114.76,114.76,114.76,0
AIP017,20161007,114.56,114.56,114.56,114.56,0
AIP017,20161010,114.45,114.45,114.45,114.45,0
AIP017,20161011,113.65,113.65,113.65,113.65,0
AIP017,20161012,114.10,114.10,114.10,114.10,0
AIP017,20161013,113.97,113.97,113.97,113.97,0
AIP017,20161014,114.22,114.22,114.22,114.22,0
AIP017,20161017,114.44,114.44,114.44,114.44,0
AIP017,20161018,115.05,115.05,115.05,115.05,0
AIP017,20161019,115.77,115.77,115.77,115.77,0
AIP017,20161020,115.76,115.76,115.76,115.76,0
AIP017,20161021,116.26,116.26,116.26,116.26,0
AIP017,20161024,116.68,116.68,116.68,116.68,0
AIP017,20161025,116.26,116.26,116.26,116.26,0
AIP017,20161026,115.68,115.68,115.68,115.68,0
AIP017,20161027,116.01,116.01,116.01,116.01,0
AIP017,20161028,115.62,115.62,115.62,115.62,0
AIP017,20161031,115.28,115.28,115.28,115.28,0
AIP017,20161102,113.02,113.02,113.02,113.02,0
AIP017,20161103,112.99,112.99,112.99,112.99,0
AIP017,20161104,112.12,112.12,112.12,112.12,0
AIP017,20161107,113.60,113.60,113.60,113.60,0
AIP017,20161108,114.04,114.04,114.04,114.04,0
AIP017,20161109,113.59,113.59,113.59,113.59,0
AIP017,20161110,113.97,113.97,113.97,113.97,0
AIP017,20161114,113.11,113.11,113.11,113.11,0
AIP017,20161115,113.42,113.42,113.42,113.42,0
AIP017,20161116,115.04,115.04,115.04,115.04,0
AIP017,20161117,115.04,115.04,115.04,115.04,0
AIP017,20161118,116.36,116.36,116.36,116.36,0
AIP017,20161121,116.07,116.07,116.07,116.07,0
AIP017,20161122,116.16,116.16,116.16,116.16,0
AIP017,20161123,116.19,116.19,116.19,116.19,0
AIP017,20161124,116.57,116.57,116.57,116.57,0
AIP017,20161125,116.35,116.35,116.35,116.35,0
AIP017,20161128,116.52,116.52,116.52,116.52,0
AIP017,20161129,116.82,116.82,116.82,116.82,0
AIP017,20161130,116.83,116.83,116.83,116.83,0
AIP017,20161201,117.10,117.10,117.10,117.10,0
AIP017,20161202,116.95,116.95,116.95,116.95,0
AIP017,20161205,117.16,117.16,117.16,117.16,0
AIP017,20161206,117.19,117.19,117.19,117.19,0
AIP017,20161207,116.57,116.57,116.57,116.57,0
AIP017,20161208,117.15,117.15,117.15,117.15,0
AIP017,20161209,117.90,117.90,117.90,117.90,0
AIP017,20161212,117.99,117.99,117.99,117.99,0
AIP017,20161213,118.12,118.12,118.12,118.12,0
AIP017,20161214,117.67,117.67,117.67,117.67,0
AIP017,20161215,117.68,117.68,117.68,117.68,0
AIP017,20161216,117.49,117.49,117.49,117.49,0
AIP017,20161219,117.06,117.06,117.06,117.06,0
AIP017,20161220,117.42,117.42,117.42,117.42,0
AIP017,20161221,117.35,117.35,117.35,117.35,0
AIP017,20161222,116.16,116.16,116.16,116.16,0
AIP017,20161223,116.03,116.03,116.03,116.03,0
AIP017,20161227,116.04,116.04,116.04,116.04,0
AIP017,20161228,116.75,116.75,116.75,116.75,0
AIP017,20161229,117.00,117.00,117.00,117.00,0
AIP017,20161230,116.59,116.59,116.59,116.59,0
AIP017,20170102,117.14,117.14,117.14,117.14,0
AIP017,20170103,117.55,117.55,117.55,117.55,0
AIP017,20170104,117.47,117.47,117.47,117.47,0
AIP017,20170105,117.38,117.38,117.38,117.38,0
AIP017,20170109,116.97,116.97,116.97,116.97,0
AIP017,20170110,116.96,116.96,116.96,116.96,0
AIP017,20170111,117.14,117.14,117.14,117.14,0
AIP017,20170112,117.00,117.00,117.00,117.00,0
AIP017,20170113,116.89,116.89,116.89,116.89,0
AIP017,20170116,117.07,117.07,117.07,117.07,0
AIP017,20170117,116.60,116.60,116.60,116.60,0
AIP017,20170118,116.52,116.52,116.52,116.52,0
AIP017,20170119,116.62,116.62,116.62,116.62,0
AIP017,20170120,116.60,116.60,116.60,116.60,0
AIP017,20170123,116.54,116.54,116.54,116.54,0
AIP017,20170124,116.91,116.91,116.91,116.91,0
AIP017,20170125,117.03,117.03,117.03,117.03,0
AIP017,20170126,117.19,117.19,117.19,117.19,0
AIP017,20170127,117.10,117.10,117.10,117.10,0
AIP017,20170130,116.57,116.57,116.57,116.57,0
AIP017,20170131,116.33,116.33,116.33,116.33,0
AIP017,20170201,115.99,115.99,115.99,115.99,0
AIP017,20170202,115.70,115.70,115.70,115.70,0
AIP017,20170203,116.28,116.28,116.28,116.28,0
AIP017,20170206,116.20,116.20,116.20,116.20,0
AIP017,20170207,116.80,116.80,116.80,116.80,0
AIP017,20170208,117.20,117.20,117.20,117.20,0
AIP017,20170209,117.36,117.36,117.36,117.36,0
AIP017,20170210,117.70,117.70,117.70,117.70,0
AIP017,20170213,118.06,118.06,118.06,118.06,0
AIP017,20170214,118.04,118.04,118.04,118.04,0
AIP017,20170215,118.61,118.61,118.61,118.61,0
AIP017,20170216,118.59,118.59,118.59,118.59,0
AIP017,20170217,118.44,118.44,118.44,118.44,0
AIP017,20170220,118.69,118.69,118.69,118.69,0
AIP017,20170221,119.19,119.19,119.19,119.19,0
AIP017,20170222,119.40,119.40,119.40,119.40,0
AIP017,20170223,119.63,119.63,119.63,119.63,0
AIP017,20170224,118.81,118.81,118.81,118.81,0
AIP017,20170227,118.78,118.78,118.78,118.78,0
AIP017,20170228,118.62,118.62,118.62,118.62,0
AIP017,20170301,118.79,118.79,118.79,118.79,0
AIP017,20170302,118.49,118.49,118.49,118.49,0
AIP017,20170303,118.71,118.71,118.71,118.71,0
AIP017,20170306,118.22,118.22,118.22,118.22,0
AIP017,20170307,118.67,118.67,118.67,118.67,0
AIP017,20170308,118.64,118.64,118.64,118.64,0
AIP017,20170309,117.95,117.95,117.95,117.95,0
AIP017,20170310,117.94,117.94,117.94,117.94,0
AIP017,20170313,118.71,118.71,118.71,118.71,0
AIP017,20170314,118.63,118.63,118.63,118.63,0
AIP017,20170315,118.74,118.74,118.74,118.74,0
AIP017,20170316,119.43,119.43,119.43,119.43,0
AIP017,20170317,118.88,118.88,118.88,118.88,0
AIP017,20170320,119.03,119.03,119.03,119.03,0
AIP017,20170321,118.29,118.29,118.29,118.29,0
AIP017,20170322,118.24,118.24,118.24,118.24,0
AIP017,20170323,118.42,118.42,118.42,118.42,0
AIP017,20170324,118.00,118.00,118.00,118.00,0
AIP017,20170327,117.25,117.25,117.25,117.25,0
AIP017,20170328,117.32,117.32,117.32,117.32,0
AIP017,20170329,117.29,117.29,117.29,117.29,0
AIP017,20170330,117.47,117.47,117.47,117.47,0
AIP017,20170331,117.18,117.18,117.18,117.18,0
AIP017,20170403,117.98,117.98,117.98,117.98,0
AIP017,20170404,118.48,118.48,118.48,118.48,0
AIP017,20170405,118.71,118.71,118.71,118.71,0
AIP017,20170406,118.52,118.52,118.52,118.52,0
AIP017,20170407,118.06,118.06,118.06,118.06,0
AIP017,20170410,118.35,118.35,118.35,118.35,0
AIP017,20170411,118.28,118.28,118.28,118.28,0
AIP017,20170412,118.54,118.54,118.54,118.54,0
AIP017,20170413,118.47,118.47,118.47,118.47,0
AIP017,20170418,117.91,117.91,117.91,117.91,0
AIP017,20170419,117.40,117.40,117.40,117.40,0
AIP017,20170420,117.77,117.77,117.77,117.77,0
AIP017,20170421,118.60,118.60,118.60,118.60,0
AIP017,20170424,117.75,117.75,117.75,117.75,0
AIP017,20170425,117.95,117.95,117.95,117.95,0
AIP017,20170426,117.77,117.77,117.77,117.77,0
AIP017,20170427,117.73,117.73,117.73,117.73,0
AIP017,20170428,117.53,117.53,117.53,117.53,0
AIP017,20170502,118.16,118.16,118.16,118.16,0
AIP017,20170504,117.67,117.67,117.67,117.67,0
AIP017,20170505,117.24,117.24,117.24,117.24,0
AIP017,20170508,117.65,117.65,117.65,117.65,0
AIP017,20170509,118.42,118.42,118.42,118.42,0
AIP017,20170510,118.75,118.75,118.75,118.75,0
AIP017,20170511,118.98,118.98,118.98,118.98,0
AIP017,20170512,119.38,119.38,119.38,119.38,0
AIP017,20170515,119.17,119.17,119.17,119.17,0
AIP017,20170516,118.44,118.44,118.44,118.44,0
AIP017,20170517,117.95,117.95,117.95,117.95,0
AIP017,20170518,116.82,116.82,116.82,116.82,0
AIP017,20170519,117.55,117.55,117.55,117.55,0
AIP017,20170522,117.54,117.54,117.54,117.54,0
AIP017,20170523,116.96,116.96,116.96,116.96,0
AIP017,20170524,117.51,117.51,117.51,117.51,0
AIP017,20170525,116.58,116.58,116.58,116.58,0
AIP017,20170526,117.38,117.38,117.38,117.38,0
AIP017,20170529,117.43,117.43,117.43,117.43,0
AIP017,20170530,117.51,117.51,117.51,117.51,0
AIP017,20170531,117.18,117.18,117.18,117.18,0
AIP017,20170601,117.34,117.34,117.34,117.34,0
AIP017,20170602,118.02,118.02,118.02,118.02,0
AIP017,20170605,117.40,117.40,117.40,117.40,0
AIP017,20170606,117.86,117.86,117.86,117.86,0
AIP017,20170607,117.80,117.80,117.80,117.80,0
AIP017,20170608,118.37,118.37,118.37,118.37,0
AIP017,20170609,118.49,118.49,118.49,118.49,0
AIP017,20170612,117.47,117.47,117.47,117.47,0
AIP017,20170613,117.84,117.84,117.84,117.84,0
AIP017,20170614,118.47,118.47,118.47,118.47,0
AIP017,20170616,118.24,118.24,118.24,118.24,0
AIP017,20170619,118.47,118.47,118.47,118.47,0
AIP017,20170620,118.88,118.88,118.88,118.88,0
AIP017,20170621,119.27,119.27,119.27,119.27,0
AIP017,20170622,119.18,119.18,119.18,119.18,0
AIP017,20170623,118.73,118.73,118.73,118.73,0
AIP017,20170626,119.21,119.21,119.21,119.21,0
AIP017,20170627,118.39,118.39,118.39,118.39,0
AIP017,20170628,117.73,117.73,117.73,117.73,0
AIP017,20170629,117.53,117.53,117.53,117.53,0
AIP017,20170630,117.45,117.45,117.45,117.45,0
AIP017,20170703,117.92,117.92,117.92,117.92,0
AIP017,20170704,117.78,117.78,117.78,117.78,0
AIP017,20170705,117.94,117.94,117.94,117.94,0
AIP017,20170706,117.73,117.73,117.73,117.73,0
AIP017,20170707,117.30,117.30,117.30,117.30,0
AIP017,20170710,117.54,117.54,117.54,117.54,0
AIP017,20170711,118.09,118.09,118.09,118.09,0
AIP017,20170712,118.61,118.61,118.61,118.61,0
AIP017,20170713,119.30,119.30,119.30,119.30,0
AIP017,20170714,119.44,119.44,119.44,119.44,0
AIP017,20170717,119.12,119.12,119.12,119.12,0
AIP017,20170718,118.43,118.43,118.43,118.43,0
AIP017,20170719,118.82,118.82,118.82,118.82,0
AIP017,20170720,119.01,119.01,119.01,119.01,0
AIP017,20170721,118.32,118.32,118.32,118.32,0
AIP017,20170724,118.73,118.73,118.73,118.73,0
AIP017,20170725,119.01,119.01,119.01,119.01,0
AIP017,20170726,119.20,119.20,119.20,119.20,0
AIP017,20170727,119.06,119.06,119.06,119.06,0
AIP017,20170728,118.56,118.56,118.56,118.56,0
AIP017,20170731,118.33,118.33,118.33,118.33,0
AIP017,20170801,118.07,118.07,118.07,118.07,0
AIP017,20170802,118.02,118.02,118.02,118.02,0
AIP017,20170803,117.84,117.84,117.84,117.84,0
AIP017,20170804,117.53,117.53,117.53,117.53,0
AIP017,20170807,118.15,118.15,118.15,118.15,0
AIP017,20170808,118.35,118.35,118.35,118.35,0
AIP017,20170809,118.15,118.15,118.15,118.15,0
AIP017,20170810,117.78,117.78,117.78,117.78,0
AIP017,20170811,117.14,117.14,117.14,117.14,0
AIP017,20170814,117.67,117.67,117.67,117.67,0
AIP017,20170816,118.37,118.37,118.37,118.37,0
AIP017,20170817,117.85,117.85,117.85,117.85,0
AIP017,20170818,117.24,117.24,117.24,117.24,0
AIP017,20170821,117.18,117.18,117.18,117.18,0
AIP017,20170822,117.63,117.63,117.63,117.63,0
AIP017,20170823,117.56,117.56,117.56,117.56,0
AIP017,20170824,117.63,117.63,117.63,117.63,0
AIP017,20170825,117.53,117.53,117.53,117.53,0
AIP017,20170828,117.10,117.10,117.10,117.10,0
AIP017,20170829,116.21,116.21,116.21,116.21,0
AIP017,20170830,116.70,116.70,116.70,116.70,0
AIP017,20170831,117.28,117.28,117.28,117.28,0
AIP017,20170901,117.68,117.68,117.68,117.68,0
AIP017,20170904,117.33,117.33,117.33,117.33,0
AIP017,20170905,117.32,117.32,117.32,117.32,0
AIP017,20170906,117.20,117.20,117.20,117.20,0
AIP017,20170907,117.43,117.43,117.43,117.43,0
AIP017,20170908,117.20,117.20,117.20,117.20,0
AIP017,20170911,117.85,117.85,117.85,117.85,0
AIP017,20170912,118.20,118.20,118.20,118.20,0
AIP017,20170913,118.22,118.22,118.22,118.22,0
AIP017,20170914,118.20,118.20,118.20,118.20,0
AIP017,20170915,118.18,118.18,118.18,118.18,0
AIP017,20170918,118.67,118.67,118.67,118.67,0
AIP017,20170919,118.51,118.51,118.51,118.51,0
AIP017,20170920,118.38,118.38,118.38,118.38,0
AIP017,20170921,118.38,118.38,118.38,118.38,0
