Name,Date,Open,High,Low,Close,Volume
ALL032,20140110,100.01,100.01,100.01,100.01,0
ALL032,20140113,100.03,100.03,100.03,100.03,0
ALL032,20140114,100.03,100.03,100.03,100.03,0
ALL032,20140115,100.04,100.04,100.04,100.04,0
ALL032,20140116,100.04,100.04,100.04,100.04,0
ALL032,20140117,100.05,100.05,100.05,100.05,0
ALL032,20140120,100.06,100.06,100.06,100.06,0
ALL032,20140121,100.07,100.07,100.07,100.07,0
ALL032,20140122,100.07,100.07,100.07,100.07,0
ALL032,20140123,100.13,100.13,100.13,100.13,0
ALL032,20140124,100.16,100.16,100.16,100.16,0
ALL032,20140127,100.18,100.18,100.18,100.18,0
ALL032,20140128,100.16,100.16,100.16,100.16,0
ALL032,20140129,96.94,96.94,96.94,96.94,0
ALL032,20140130,93.32,93.32,93.32,93.32,0
ALL032,20140131,98.33,98.33,98.33,98.33,0
ALL032,20140203,97.37,97.37,97.37,97.37,0
ALL032,20140204,97.45,97.45,97.45,97.45,0
ALL032,20140205,97.52,97.52,97.52,97.52,0
ALL032,20140206,97.70,97.70,97.70,97.70,0
ALL032,20140207,97.90,97.90,97.90,97.90,0
ALL032,20140210,98.13,98.13,98.13,98.13,0
ALL032,20140211,98.41,98.41,98.41,98.41,0
ALL032,20140212,98.68,98.68,98.68,98.68,0
ALL032,20140213,98.56,98.56,98.56,98.56,0
ALL032,20140214,98.92,98.92,98.92,98.92,0
ALL032,20140217,99.20,99.20,99.20,99.20,0
ALL032,20140218,99.15,99.15,99.15,99.15,0
ALL032,20140219,99.45,99.45,99.45,99.45,0
ALL032,20140220,98.74,98.74,98.74,98.74,0
ALL032,20140221,99.54,99.54,99.54,99.54,0
ALL032,20140224,99.35,99.35,99.35,99.35,0
ALL032,20140225,99.76,99.76,99.76,99.76,0
ALL032,20140226,99.88,99.88,99.88,99.88,0
ALL032,20140227,99.90,99.90,99.90,99.90,0
ALL032,20140228,100.49,100.49,100.49,100.49,0
ALL032,20140303,99.61,99.61,99.61,99.61,0
ALL032,20140304,100.20,100.20,100.20,100.20,0
ALL032,20140305,100.76,100.76,100.76,100.76,0
ALL032,20140306,101.14,101.14,101.14,101.14,0
ALL032,20140307,101.03,101.03,101.03,101.03,0
ALL032,20140310,100.69,100.69,100.69,100.69,0
ALL032,20140311,100.46,100.46,100.46,100.46,0
ALL032,20140312,99.59,99.59,99.59,99.59,0
ALL032,20140313,99.54,99.54,99.54,99.54,0
ALL032,20140314,98.54,98.54,98.54,98.54,0
ALL032,20140317,98.54,98.54,98.54,98.54,0
ALL032,20140318,98.78,98.78,98.78,98.78,0
ALL032,20140319,99.38,99.38,99.38,99.38,0
ALL032,20140320,98.72,98.72,98.72,98.72,0
ALL032,20140321,99.25,99.25,99.25,99.25,0
ALL032,20140324,99.22,99.22,99.22,99.22,0
ALL032,20140325,98.95,98.95,98.95,98.95,0
ALL032,20140326,99.54,99.54,99.54,99.54,0
ALL032,20140327,99.28,99.28,99.28,99.28,0
ALL032,20140328,99.32,99.32,99.32,99.32,0
ALL032,20140331,100.06,100.06,100.06,100.06,0
ALL032,20140401,100.72,100.72,100.72,100.72,0
ALL032,20140402,100.73,100.73,100.73,100.73,0
ALL032,20140403,101.16,101.16,101.16,101.16,0
ALL032,20140404,101.07,101.07,101.07,101.07,0
ALL032,20140407,100.46,100.46,100.46,100.46,0
ALL032,20140408,100.18,100.18,100.18,100.18,0
ALL032,20140409,100.56,100.56,100.56,100.56,0
ALL032,20140410,101.37,101.37,101.37,101.37,0
ALL032,20140411,99.89,99.89,99.89,99.89,0
ALL032,20140414,99.26,99.26,99.26,99.26,0
ALL032,20140415,99.34,99.34,99.34,99.34,0
ALL032,20140416,99.73,99.73,99.73,99.73,0
ALL032,20140417,100.25,100.25,100.25,100.25,0
ALL032,20140422,101.06,101.06,101.06,101.06,0
ALL032,20140423,101.30,101.30,101.30,101.30,0
ALL032,20140424,101.43,101.43,101.43,101.43,0
ALL032,20140425,101.60,101.60,101.60,101.60,0
ALL032,20140428,101.22,101.22,101.22,101.22,0
ALL032,20140429,101.28,101.28,101.28,101.28,0
ALL032,20140430,101.25,101.25,101.25,101.25,0
ALL032,20140502,101.66,101.66,101.66,101.66,0
ALL032,20140505,101.21,101.21,101.21,101.21,0
ALL032,20140506,101.56,101.56,101.56,101.56,0
ALL032,20140507,100.82,100.82,100.82,100.82,0
ALL032,20140508,101.00,101.00,101.00,101.00,0
ALL032,20140509,100.86,100.86,100.86,100.86,0
ALL032,20140512,101.14,101.14,101.14,101.14,0
ALL032,20140513,101.72,101.72,101.72,101.72,0
ALL032,20140514,101.83,101.83,101.83,101.83,0
ALL032,20140515,101.70,101.70,101.70,101.70,0
ALL032,20140516,101.33,101.33,101.33,101.33,0
ALL032,20140519,101.21,101.21,101.21,101.21,0
ALL032,20140520,101.58,101.58,101.58,101.58,0
ALL032,20140521,101.61,101.61,101.61,101.61,0
ALL032,20140522,102.53,102.53,102.53,102.53,0
ALL032,20140523,102.73,102.73,102.73,102.73,0
ALL032,20140526,102.90,102.90,102.90,102.90,0
ALL032,20140527,103.41,103.41,103.41,103.41,0
ALL032,20140528,103.77,103.77,103.77,103.77,0
ALL032,20140529,103.74,103.74,103.74,103.74,0
ALL032,20140530,103.84,103.84,103.84,103.84,0
ALL032,20140602,103.89,103.89,103.89,103.89,0
ALL032,20140603,104.01,104.01,104.01,104.01,0
ALL032,20140604,104.50,104.50,104.50,104.50,0
ALL032,20140605,104.63,104.63,104.63,104.63,0
ALL032,20140606,104.94,104.94,104.94,104.94,0
ALL032,20140609,104.94,104.94,104.94,104.94,0
ALL032,20140610,105.48,105.48,105.48,105.48,0
ALL032,20140611,105.51,105.51,105.51,105.51,0
ALL032,20140612,105.49,105.49,105.49,105.49,0
ALL032,20140613,105.39,105.39,105.39,105.39,0
ALL032,20140616,105.38,105.38,105.38,105.38,0
ALL032,20140617,105.72,105.72,105.72,105.72,0
ALL032,20140618,106.01,106.01,106.01,106.01,0
ALL032,20140620,106.41,106.41,106.41,106.41,0
ALL032,20140623,106.44,106.44,106.44,106.44,0
ALL032,20140624,106.14,106.14,106.14,106.14,0
ALL032,20140625,105.72,105.72,105.72,105.72,0
ALL032,20140626,105.75,105.75,105.75,105.75,0
ALL032,20140627,105.82,105.82,105.82,105.82,0
ALL032,20140630,105.98,105.98,105.98,105.98,0
ALL032,20140701,106.09,106.09,106.09,106.09,0
ALL032,20140702,106.39,106.39,106.39,106.39,0
ALL032,20140703,106.56,106.56,106.56,106.56,0
ALL032,20140704,106.96,106.96,106.96,106.96,0
ALL032,20140707,106.96,106.96,106.96,106.96,0
ALL032,20140708,106.28,106.28,106.28,106.28,0
ALL032,20140709,105.49,105.49,105.49,105.49,0
ALL032,20140710,105.11,105.11,105.11,105.11,0
ALL032,20140711,105.25,105.25,105.25,105.25,0
ALL032,20140714,106.10,106.10,106.10,106.10,0
ALL032,20140715,106.21,106.21,106.21,106.21,0
ALL032,20140716,106.44,106.44,106.44,106.44,0
ALL032,20140717,106.42,106.42,106.42,106.42,0
ALL032,20140718,105.74,105.74,105.74,105.74,0
ALL032,20140721,105.78,105.78,105.78,105.78,0
ALL032,20140722,106.38,106.38,106.38,106.38,0
ALL032,20140723,107.24,107.24,107.24,107.24,0
ALL032,20140724,107.38,107.38,107.38,107.38,0
ALL032,20140725,107.34,107.34,107.34,107.34,0
ALL032,20140728,106.73,106.73,106.73,106.73,0
ALL032,20140729,106.70,106.70,106.70,106.70,0
ALL032,20140730,106.66,106.66,106.66,106.66,0
ALL032,20140731,105.81,105.81,105.81,105.81,0
ALL032,20140801,104.28,104.28,104.28,104.28,0
ALL032,20140804,104.20,104.20,104.20,104.20,0
ALL032,20140805,104.69,104.69,104.69,104.69,0
ALL032,20140806,103.65,103.65,103.65,103.65,0
ALL032,20140807,103.68,103.68,103.68,103.68,0
ALL032,20140808,102.43,102.43,102.43,102.43,0
ALL032,20140811,102.59,102.59,102.59,102.59,0
ALL032,20140812,104.59,104.59,104.59,104.59,0
ALL032,20140813,104.67,104.67,104.67,104.67,0
ALL032,20140814,104.60,104.60,104.60,104.60,0
ALL032,20140818,105.58,105.58,105.58,105.58,0
ALL032,20140819,106.20,106.20,106.20,106.20,0
ALL032,20140820,106.23,106.23,106.23,106.23,0
ALL032,20140821,106.42,106.42,106.42,106.42,0
ALL032,20140822,106.57,106.57,106.57,106.57,0
ALL032,20140825,106.94,106.94,106.94,106.94,0
ALL032,20140826,107.24,107.24,107.24,107.24,0
ALL032,20140827,107.65,107.65,107.65,107.65,0
ALL032,20140828,107.44,107.44,107.44,107.44,0
ALL032,20140829,107.13,107.13,107.13,107.13,0
ALL032,20140901,106.97,106.97,106.97,106.97,0
ALL032,20140902,107.49,107.49,107.49,107.49,0
ALL032,20140903,107.61,107.61,107.61,107.61,0
ALL032,20140904,107.74,107.74,107.74,107.74,0
ALL032,20140905,108.01,108.01,108.01,108.01,0
ALL032,20140908,107.57,107.57,107.57,107.57,0
ALL032,20140909,108.08,108.08,108.08,108.08,0
ALL032,20140910,107.66,107.66,107.66,107.66,0
ALL032,20140911,107.77,107.77,107.77,107.77,0
ALL032,20140912,107.81,107.81,107.81,107.81,0
ALL032,20140915,107.82,107.82,107.82,107.82,0
ALL032,20140916,107.42,107.42,107.42,107.42,0
ALL032,20140917,108.08,108.08,108.08,108.08,0
ALL032,20140918,108.19,108.19,108.19,108.19,0
ALL032,20140919,108.87,108.87,108.87,108.87,0
ALL032,20140922,108.08,108.08,108.08,108.08,0
ALL032,20140923,107.09,107.09,107.09,107.09,0
ALL032,20140924,106.66,106.66,106.66,106.66,0
ALL032,20140925,107.12,107.12,107.12,107.12,0
ALL032,20140926,105.95,105.95,105.95,105.95,0
ALL032,20140929,105.94,105.94,105.94,105.94,0
ALL032,20140930,105.82,105.82,105.82,105.82,0
ALL032,20141001,105.96,105.96,105.96,105.96,0
ALL032,20141002,104.73,104.73,104.73,104.73,0
ALL032,20141003,104.78,104.78,104.78,104.78,0
ALL032,20141006,105.28,105.28,105.28,105.28,0
ALL032,20141007,103.85,103.85,103.85,103.85,0
ALL032,20141008,102.46,102.46,102.46,102.46,0
ALL032,20141009,103.36,103.36,103.36,103.36,0
ALL032,20141010,100.62,100.62,100.62,100.62,0
ALL032,20141013,100.10,100.10,100.10,100.10,0
ALL032,20141014,99.13,99.13,99.13,99.13,0
ALL032,20141015,99.30,99.30,99.30,99.30,0
ALL032,20141016,98.15,98.15,98.15,98.15,0
ALL032,20141017,99.73,99.73,99.73,99.73,0
ALL032,20141020,99.84,99.84,99.84,99.84,0
ALL032,20141021,100.28,100.28,100.28,100.28,0
ALL032,20141022,101.82,101.82,101.82,101.82,0
ALL032,20141023,102.28,102.28,102.28,102.28,0
ALL032,20141024,102.73,102.73,102.73,102.73,0
ALL032,20141027,102.31,102.31,102.31,102.31,0
ALL032,20141028,102.90,102.90,102.90,102.90,0
ALL032,20141029,102.93,102.93,102.93,102.93,0
ALL032,20141030,103.34,103.34,103.34,103.34,0
ALL032,20141031,105.09,105.09,105.09,105.09,0
ALL032,20141103,104.99,104.99,104.99,104.99,0
ALL032,20141104,104.95,104.95,104.95,104.95,0
ALL032,20141105,104.65,104.65,104.65,104.65,0
ALL032,20141106,104.53,104.53,104.53,104.53,0
ALL032,20141107,105.17,105.17,105.17,105.17,0
ALL032,20141110,105.08,105.08,105.08,105.08,0
ALL032,20141112,105.44,105.44,105.44,105.44,0
ALL032,20141113,105.84,105.84,105.84,105.84,0
ALL032,20141114,105.75,105.75,105.75,105.75,0
ALL032,20141117,105.08,105.08,105.08,105.08,0
ALL032,20141118,106.20,106.20,106.20,106.20,0
ALL032,20141119,106.46,106.46,106.46,106.46,0
ALL032,20141120,105.90,105.90,105.90,105.90,0
ALL032,20141121,106.92,106.92,106.92,106.92,0
ALL032,20141124,107.92,107.92,107.92,107.92,0
ALL032,20141125,108.06,108.06,108.06,108.06,0
ALL032,20141126,108.31,108.31,108.31,108.31,0
ALL032,20141127,108.32,108.32,108.32,108.32,0
ALL032,20141128,108.11,108.11,108.11,108.11,0
ALL032,20141201,107.57,107.57,107.57,107.57,0
ALL032,20141202,107.92,107.92,107.92,107.92,0
ALL032,20141203,108.50,108.50,108.50,108.50,0
ALL032,20141204,108.88,108.88,108.88,108.88,0
ALL032,20141205,109.08,109.08,109.08,109.08,0
ALL032,20141208,109.14,109.14,109.14,109.14,0
ALL032,20141209,108.12,108.12,108.12,108.12,0
ALL032,20141210,108.00,108.00,108.00,108.00,0
ALL032,20141211,107.38,107.38,107.38,107.38,0
ALL032,20141212,106.70,106.70,106.70,106.70,0
ALL032,20141215,106.73,106.73,106.73,106.73,0
ALL032,20141216,104.67,104.67,104.67,104.67,0
ALL032,20141217,104.94,104.94,104.94,104.94,0
ALL032,20141218,106.96,106.96,106.96,106.96,0
ALL032,20141219,108.23,108.23,108.23,108.23,0
ALL032,20141222,108.69,108.69,108.69,108.69,0
ALL032,20141223,108.90,108.90,108.90,108.90,0
ALL032,20141229,109.36,109.36,109.36,109.36,0
ALL032,20141230,109.20,109.20,109.20,109.20,0
ALL032,20150102,109.55,109.55,109.55,109.55,0
ALL032,20150105,109.30,109.30,109.30,109.30,0
ALL032,20150107,107.59,107.59,107.59,107.59,0
ALL032,20150108,108.58,108.58,108.58,108.58,0
ALL032,20150109,109.58,109.58,109.58,109.58,0
ALL032,20150112,109.51,109.51,109.51,109.51,0
ALL032,20150113,109.59,109.59,109.59,109.59,0
ALL032,20150114,109.46,109.46,109.46,109.46,0
ALL032,20150115,108.56,108.56,108.56,108.56,0
ALL032,20150116,109.06,109.06,109.06,109.06,0
ALL032,20150119,109.28,109.28,109.28,109.28,0
ALL032,20150120,110.40,110.40,110.40,110.40,0
ALL032,20150121,110.82,110.82,110.82,110.82,0
ALL032,20150122,111.33,111.33,111.33,111.33,0
ALL032,20150123,113.24,113.24,113.24,113.24,0
ALL032,20150126,113.09,113.09,113.09,113.09,0
ALL032,20150127,113.34,113.34,113.34,113.34,0
ALL032,20150128,112.98,112.98,112.98,112.98,0
ALL032,20150129,112.10,112.10,112.10,112.10,0
ALL032,20150130,112.17,112.17,112.17,112.17,0
ALL032,20150202,111.59,111.59,111.59,111.59,0
ALL032,20150203,112.49,112.49,112.49,112.49,0
ALL032,20150204,112.59,112.59,112.59,112.59,0
ALL032,20150205,113.02,113.02,113.02,113.02,0
ALL032,20150206,112.81,112.81,112.81,112.81,0
ALL032,20150209,112.13,112.13,112.13,112.13,0
ALL032,20150210,112.49,112.49,112.49,112.49,0
ALL032,20150211,112.76,112.76,112.76,112.76,0
ALL032,20150212,113.09,113.09,113.09,113.09,0
ALL032,20150213,113.86,113.86,113.86,113.86,0
ALL032,20150216,113.89,113.89,113.89,113.89,0
ALL032,20150217,114.01,114.01,114.01,114.01,0
ALL032,20150218,114.52,114.52,114.52,114.52,0
ALL032,20150219,114.74,114.74,114.74,114.74,0
ALL032,20150220,114.79,114.79,114.79,114.79,0
ALL032,20150223,115.06,115.06,115.06,115.06,0
ALL032,20150224,115.26,115.26,115.26,115.26,0
ALL032,20150225,115.64,115.64,115.64,115.64,0
ALL032,20150226,115.87,115.87,115.87,115.87,0
ALL032,20150227,116.15,116.15,116.15,116.15,0
ALL032,20150302,116.41,116.41,116.41,116.41,0
ALL032,20150303,116.39,116.39,116.39,116.39,0
ALL032,20150304,115.38,115.38,115.38,115.38,0
ALL032,20150305,115.85,115.85,115.85,115.85,0
ALL032,20150306,116.25,116.25,116.25,116.25,0
ALL032,20150309,115.27,115.27,115.27,115.27,0
ALL032,20150310,114.98,114.98,114.98,114.98,0
ALL032,20150311,114.78,114.78,114.78,114.78,0
ALL032,20150312,115.13,115.13,115.13,115.13,0
ALL032,20150313,115.53,115.53,115.53,115.53,0
ALL032,20150316,115.83,115.83,115.83,115.83,0
ALL032,20150317,115.77,115.77,115.77,115.77,0
ALL032,20150318,116.17,116.17,116.17,116.17,0
ALL032,20150319,117.06,117.06,117.06,117.06,0
ALL032,20150320,117.00,117.00,117.00,117.00,0
ALL032,20150323,117.35,117.35,117.35,117.35,0
ALL032,20150324,117.45,117.45,117.45,117.45,0
ALL032,20150325,117.27,117.27,117.27,117.27,0
ALL032,20150326,115.34,115.34,115.34,115.34,0
ALL032,20150327,115.86,115.86,115.86,115.86,0
ALL032,20150330,116.86,116.86,116.86,116.86,0
ALL032,20150331,117.26,117.26,117.26,117.26,0
ALL032,20150401,116.86,116.86,116.86,116.86,0
ALL032,20150402,117.14,117.14,117.14,117.14,0
ALL032,20150407,118.23,118.23,118.23,118.23,0
ALL032,20150408,119.33,119.33,119.33,119.33,0
ALL032,20150409,120.03,120.03,120.03,120.03,0
ALL032,20150410,121.00,121.00,121.00,121.00,0
ALL032,20150413,121.94,121.94,121.94,121.94,0
ALL032,20150414,121.41,121.41,121.41,121.41,0
ALL032,20150415,121.79,121.79,121.79,121.79,0
ALL032,20150416,122.05,122.05,122.05,122.05,0
ALL032,20150417,121.53,121.53,121.53,121.53,0
ALL032,20150420,120.52,120.52,120.52,120.52,0
ALL032,20150421,121.62,121.62,121.62,121.62,0
ALL032,20150422,121.28,121.28,121.28,121.28,0
ALL032,20150423,121.39,121.39,121.39,121.39,0
ALL032,20150424,121.90,121.90,121.90,121.90,0
ALL032,20150427,122.06,122.06,122.06,122.06,0
ALL032,20150428,122.21,122.21,122.21,122.21,0
ALL032,20150429,121.73,121.73,121.73,121.73,0
ALL032,20150430,120.03,120.03,120.03,120.03,0
ALL032,20150504,120.02,120.02,120.02,120.02,0
ALL032,20150505,120.27,120.27,120.27,120.27,0
ALL032,20150506,118.81,118.81,118.81,118.81,0
ALL032,20150507,117.12,117.12,117.12,117.12,0
ALL032,20150508,118.95,118.95,118.95,118.95,0
ALL032,20150511,120.09,120.09,120.09,120.09,0
ALL032,20150512,119.02,119.02,119.02,119.02,0
ALL032,20150513,119.95,119.95,119.95,119.95,0
ALL032,20150514,119.90,119.90,119.90,119.90,0
ALL032,20150515,120.38,120.38,120.38,120.38,0
ALL032,20150518,120.25,120.25,120.25,120.25,0
ALL032,20150519,121.19,121.19,121.19,121.19,0
ALL032,20150520,120.94,120.94,120.94,120.94,0
ALL032,20150521,121.22,121.22,121.22,121.22,0
ALL032,20150522,121.59,121.59,121.59,121.59,0
ALL032,20150525,121.64,121.64,121.64,121.64,0
ALL032,20150526,121.56,121.56,121.56,121.56,0
ALL032,20150527,120.94,120.94,120.94,120.94,0
ALL032,20150528,121.19,121.19,121.19,121.19,0
ALL032,20150529,120.57,120.57,120.57,120.57,0
ALL032,20150601,120.31,120.31,120.31,120.31,0
ALL032,20150602,119.30,119.30,119.30,119.30,0
ALL032,20150603,119.54,119.54,119.54,119.54,0
ALL032,20150605,117.99,117.99,117.99,117.99,0
ALL032,20150608,117.86,117.86,117.86,117.86,0
ALL032,20150609,116.50,116.50,116.50,116.50,0
ALL032,20150610,116.85,116.85,116.85,116.85,0
ALL032,20150611,118.39,118.39,118.39,118.39,0
ALL032,20150612,118.50,118.50,118.50,118.50,0
ALL032,20150615,117.29,117.29,117.29,117.29,0
ALL032,20150616,116.35,116.35,116.35,116.35,0
ALL032,20150617,117.35,117.35,117.35,117.35,0
ALL032,20150618,116.61,116.61,116.61,116.61,0
ALL032,20150622,118.56,118.56,118.56,118.56,0
ALL032,20150623,118.57,118.57,118.57,118.57,0
ALL032,20150624,119.61,119.61,119.61,119.61,0
ALL032,20150625,118.96,118.96,118.96,118.96,0
ALL032,20150626,117.88,117.88,117.88,117.88,0
ALL032,20150629,116.53,116.53,116.53,116.53,0
ALL032,20150630,115.84,115.84,115.84,115.84,0
ALL032,20150701,116.58,116.58,116.58,116.58,0
ALL032,20150702,116.46,116.46,116.46,116.46,0
ALL032,20150703,115.93,115.93,115.93,115.93,0
ALL032,20150706,114.46,114.46,114.46,114.46,0
ALL032,20150707,114.35,114.35,114.35,114.35,0
ALL032,20150708,111.88,111.88,111.88,111.88,0
ALL032,20150709,112.99,112.99,112.99,112.99,0
ALL032,20150710,114.46,114.46,114.46,114.46,0
ALL032,20150713,115.85,115.85,115.85,115.85,0
ALL032,20150714,116.28,116.28,116.28,116.28,0
ALL032,20150715,116.69,116.69,116.69,116.69,0
ALL032,20150716,117.52,117.52,117.52,117.52,0
ALL032,20150717,117.71,117.71,117.71,117.71,0
ALL032,20150720,117.74,117.74,117.74,117.74,0
ALL032,20150721,117.38,117.38,117.38,117.38,0
ALL032,20150722,116.71,116.71,116.71,116.71,0
ALL032,20150723,116.47,116.47,116.47,116.47,0
ALL032,20150724,115.87,115.87,115.87,115.87,0
ALL032,20150727,113.86,113.86,113.86,113.86,0
ALL032,20150728,113.22,113.22,113.22,113.22,0
ALL032,20150729,113.21,113.21,113.21,113.21,0
ALL032,20150730,114.46,114.46,114.46,114.46,0
ALL032,20150731,114.63,114.63,114.63,114.63,0
ALL032,20150803,114.57,114.57,114.57,114.57,0
ALL032,20150804,114.50,114.50,114.50,114.50,0
ALL032,20150805,114.81,114.81,114.81,114.81,0
ALL032,20150806,114.97,114.97,114.97,114.97,0
ALL032,20150807,114.16,114.16,114.16,114.16,0
ALL032,20150810,113.98,113.98,113.98,113.98,0
ALL032,20150811,114.24,114.24,114.24,114.24,0
ALL032,20150812,111.33,111.33,111.33,111.33,0
ALL032,20150813,112.78,112.78,112.78,112.78,0
ALL032,20150814,112.51,112.51,112.51,112.51,0
ALL032,20150817,112.48,112.48,112.48,112.48,0
ALL032,20150818,112.49,112.49,112.49,112.49,0
ALL032,20150819,111.67,111.67,111.67,111.67,0
ALL032,20150820,110.17,110.17,110.17,110.17,0
ALL032,20150821,108.39,108.39,108.39,108.39,0
ALL032,20150824,103.36,103.36,103.36,103.36,0
ALL032,20150825,104.11,104.11,104.11,104.11,0
ALL032,20150826,103.35,103.35,103.35,103.35,0
ALL032,20150827,106.28,106.28,106.28,106.28,0
ALL032,20150828,106.43,106.43,106.43,106.43,0
ALL032,20150831,106.58,106.58,106.58,106.58,0
ALL032,20150901,104.35,104.35,104.35,104.35,0
ALL032,20150902,104.16,104.16,104.16,104.16,0
ALL032,20150903,105.62,105.62,105.62,105.62,0
ALL032,20150904,104.54,104.54,104.54,104.54,0
ALL032,20150907,104.22,104.22,104.22,104.22,0
ALL032,20150908,105.58,105.58,105.58,105.58,0
ALL032,20150909,107.51,107.51,107.51,107.51,0
ALL032,20150910,106.11,106.11,106.11,106.11,0
ALL032,20150911,105.47,105.47,105.47,105.47,0
ALL032,20150914,105.89,105.89,105.89,105.89,0
ALL032,20150915,105.20,105.20,105.20,105.20,0
ALL032,20150916,106.95,106.95,106.95,106.95,0
ALL032,20150917,107.66,107.66,107.66,107.66,0
ALL032,20150918,107.46,107.46,107.46,107.46,0
ALL032,20150921,106.71,106.71,106.71,106.71,0
ALL032,20150922,105.62,105.62,105.62,105.62,0
ALL032,20150923,105.05,105.05,105.05,105.05,0
ALL032,20150924,104.27,104.27,104.27,104.27,0
ALL032,20150925,105.21,105.21,105.21,105.21,0
ALL032,20150928,104.46,104.46,104.46,104.46,0
ALL032,20150929,102.70,102.70,102.70,102.70,0
ALL032,20150930,103.54,103.54,103.54,103.54,0
ALL032,20151001,105.00,105.00,105.00,105.00,0
ALL032,20151002,105.08,105.08,105.08,105.08,0
ALL032,20151005,106.30,106.30,106.30,106.30,0
ALL032,20151006,107.34,107.34,107.34,107.34,0
ALL032,20151007,108.29,108.29,108.29,108.29,0
ALL032,20151008,107.61,107.61,107.61,107.61,0
ALL032,20151009,108.63,108.63,108.63,108.63,0
ALL032,20151012,108.56,108.56,108.56,108.56,0
ALL032,20151013,107.91,107.91,107.91,107.91,0
ALL032,20151014,107.34,107.34,107.34,107.34,0
ALL032,20151015,108.33,108.33,108.33,108.33,0
ALL032,20151016,109.12,109.12,109.12,109.12,0
ALL032,20151019,109.24,109.24,109.24,109.24,0
ALL032,20151020,109.04,109.04,109.04,109.04,0
ALL032,20151021,109.17,109.17,109.17,109.17,0
ALL032,20151022,108.82,108.82,108.82,108.82,0
ALL032,20151023,110.79,110.79,110.79,110.79,0
ALL032,20151026,111.54,111.54,111.54,111.54,0
ALL032,20151027,111.23,111.23,111.23,111.23,0
ALL032,20151028,110.95,110.95,110.95,110.95,0
ALL032,20151029,111.26,111.26,111.26,111.26,0
ALL032,20151030,111.45,111.45,111.45,111.45,0
ALL032,20151102,111.28,111.28,111.28,111.28,0
ALL032,20151103,111.78,111.78,111.78,111.78,0
ALL032,20151104,112.74,112.74,112.74,112.74,0
ALL032,20151105,112.55,112.55,112.55,112.55,0
ALL032,20151106,112.18,112.18,112.18,112.18,0
ALL032,20151109,112.27,112.27,112.27,112.27,0
ALL032,20151110,111.32,111.32,111.32,111.32,0
ALL032,20151112,111.88,111.88,111.88,111.88,0
ALL032,20151113,110.35,110.35,110.35,110.35,0
ALL032,20151116,109.62,109.62,109.62,109.62,0
ALL032,20151117,111.28,111.28,111.28,111.28,0
ALL032,20151118,111.04,111.04,111.04,111.04,0
ALL032,20151119,112.52,112.52,112.52,112.52,0
ALL032,20151120,112.48,112.48,112.48,112.48,0
ALL032,20151123,112.43,112.43,112.43,112.43,0
ALL032,20151124,111.91,111.91,111.91,111.91,0
ALL032,20151125,112.40,112.40,112.40,112.40,0
ALL032,20151126,112.77,112.77,112.77,112.77,0
ALL032,20151127,112.43,112.43,112.43,112.43,0
ALL032,20151130,112.36,112.36,112.36,112.36,0
ALL032,20151201,112.89,112.89,112.89,112.89,0
ALL032,20151202,113.28,113.28,113.28,113.28,0
ALL032,20151203,113.15,113.15,113.15,113.15,0
ALL032,20151204,111.05,111.05,111.05,111.05,0
ALL032,20151207,112.04,112.04,112.04,112.04,0
ALL032,20151208,110.71,110.71,110.71,110.71,0
ALL032,20151209,109.91,109.91,109.91,109.91,0
ALL032,20151210,109.41,109.41,109.41,109.41,0
ALL032,20151211,108.90,108.90,108.90,108.90,0
ALL032,20151214,107.99,107.99,107.99,107.99,0
ALL032,20151215,107.77,107.77,107.77,107.77,0
ALL032,20151216,108.85,108.85,108.85,108.85,0
ALL032,20151217,110.17,110.17,110.17,110.17,0
ALL032,20151218,108.91,108.91,108.91,108.91,0
ALL032,20151221,108.55,108.55,108.55,108.55,0
ALL032,20151222,107.88,107.88,107.88,107.88,0
ALL032,20151223,108.81,108.81,108.81,108.81,0
ALL032,20151228,109.46,109.46,109.46,109.46,0
ALL032,20151229,109.83,109.83,109.83,109.83,0
ALL032,20151230,109.99,109.99,109.99,109.99,0
ALL032,20160104,107.53,107.53,107.53,107.53,0
ALL032,20160105,107.07,107.07,107.07,107.07,0
ALL032,20160107,104.01,104.01,104.01,104.01,0
ALL032,20160108,104.88,104.88,104.88,104.88,0
ALL032,20160111,103.23,103.23,103.23,103.23,0
ALL032,20160112,103.09,103.09,103.09,103.09,0
ALL032,20160113,104.01,104.01,104.01,104.01,0
ALL032,20160114,101.60,101.60,101.60,101.60,0
ALL032,20160115,101.22,101.22,101.22,101.22,0
ALL032,20160118,100.45,100.45,100.45,100.45,0
ALL032,20160119,100.94,100.94,100.94,100.94,0
ALL032,20160120,98.84,98.84,98.84,98.84,0
ALL032,20160121,98.51,98.51,98.51,98.51,0
ALL032,20160122,100.98,100.98,100.98,100.98,0
ALL032,20160125,101.65,101.65,101.65,101.65,0
ALL032,20160126,100.34,100.34,100.34,100.34,0
ALL032,20160127,101.43,101.43,101.43,101.43,0
ALL032,20160128,101.85,101.85,101.85,101.85,0
ALL032,20160129,102.35,102.35,102.35,102.35,0
ALL032,20160201,102.97,102.97,102.97,102.97,0
ALL032,20160202,102.42,102.42,102.42,102.42,0
ALL032,20160203,101.22,101.22,101.22,101.22,0
ALL032,20160204,101.46,101.46,101.46,101.46,0
ALL032,20160205,101.19,101.19,101.19,101.19,0
ALL032,20160208,98.32,98.32,98.32,98.32,0
ALL032,20160209,97.21,97.21,97.21,97.21,0
ALL032,20160210,97.88,97.88,97.88,97.88,0
ALL032,20160211,95.61,95.61,95.61,95.61,0
ALL032,20160212,95.94,95.94,95.94,95.94,0
ALL032,20160215,98.09,98.09,98.09,98.09,0
ALL032,20160216,99.22,99.22,99.22,99.22,0
ALL032,20160217,100.14,100.14,100.14,100.14,0
ALL032,20160218,101.29,101.29,101.29,101.29,0
ALL032,20160219,101.37,101.37,101.37,101.37,0
ALL032,20160222,102.15,102.15,102.15,102.15,0
ALL032,20160223,101.91,101.91,101.91,101.91,0
ALL032,20160224,100.58,100.58,100.58,100.58,0
ALL032,20160225,100.86,100.86,100.86,100.86,0
ALL032,20160226,102.72,102.72,102.72,102.72,0
ALL032,20160229,101.55,101.55,101.55,101.55,0
ALL032,20160301,102.84,102.84,102.84,102.84,0
ALL032,20160302,104.10,104.10,104.10,104.10,0
ALL032,20160303,104.34,104.34,104.34,104.34,0
ALL032,20160304,104.64,104.64,104.64,104.64,0
ALL032,20160307,104.81,104.81,104.81,104.81,0
ALL032,20160308,104.14,104.14,104.14,104.14,0
ALL032,20160309,104.25,104.25,104.25,104.25,0
ALL032,20160310,104.38,104.38,104.38,104.38,0
ALL032,20160311,104.70,104.70,104.70,104.70,0
ALL032,20160314,105.72,105.72,105.72,105.72,0
ALL032,20160315,105.08,105.08,105.08,105.08,0
ALL032,20160316,104.90,104.90,104.90,104.90,0
ALL032,20160317,105.19,105.19,105.19,105.19,0
ALL032,20160318,106.12,106.12,106.12,106.12,0
ALL032,20160321,106.59,106.59,106.59,106.59,0
ALL032,20160322,106.20,106.20,106.20,106.20,0
ALL032,20160323,106.56,106.56,106.56,106.56,0
ALL032,20160324,105.31,105.31,105.31,105.31,0
ALL032,20160329,105.57,105.57,105.57,105.57,0
ALL032,20160330,106.59,106.59,106.59,106.59,0
ALL032,20160331,106.60,106.60,106.60,106.60,0
ALL032,20160401,105.70,105.70,105.70,105.70,0
ALL032,20160404,106.20,106.20,106.20,106.20,0
ALL032,20160405,105.02,105.02,105.02,105.02,0
ALL032,20160406,105.02,105.02,105.02,105.02,0
ALL032,20160407,105.71,105.71,105.71,105.71,0
ALL032,20160408,105.26,105.26,105.26,105.26,0
ALL032,20160411,105.70,105.70,105.70,105.70,0
ALL032,20160412,105.41,105.41,105.41,105.41,0
ALL032,20160413,107.01,107.01,107.01,107.01,0
ALL032,20160414,107.68,107.68,107.68,107.68,0
ALL032,20160415,107.66,107.66,107.66,107.66,0
ALL032,20160418,107.27,107.27,107.27,107.27,0
ALL032,20160419,108.66,108.66,108.66,108.66,0
ALL032,20160420,108.29,108.29,108.29,108.29,0
ALL032,20160421,108.89,108.89,108.89,108.89,0
ALL032,20160422,108.26,108.26,108.26,108.26,0
ALL032,20160425,108.03,108.03,108.03,108.03,0
ALL032,20160426,108.15,108.15,108.15,108.15,0
ALL032,20160427,108.25,108.25,108.25,108.25,0
ALL032,20160428,107.62,107.62,107.62,107.62,0
ALL032,20160429,107.65,107.65,107.65,107.65,0
ALL032,20160502,106.81,106.81,106.81,106.81,0
ALL032,20160504,105.38,105.38,105.38,105.38,0
ALL032,20160505,105.39,105.39,105.39,105.39,0
ALL032,20160506,105.06,105.06,105.06,105.06,0
ALL032,20160509,105.62,105.62,105.62,105.62,0
ALL032,20160510,106.10,106.10,106.10,106.10,0
ALL032,20160511,106.21,106.21,106.21,106.21,0
ALL032,20160512,106.03,106.03,106.03,106.03,0
ALL032,20160513,105.16,105.16,105.16,105.16,0
ALL032,20160516,105.12,105.12,105.12,105.12,0
ALL032,20160517,106.27,106.27,106.27,106.27,0
ALL032,20160518,105.45,105.45,105.45,105.45,0
ALL032,20160519,105.25,105.25,105.25,105.25,0
ALL032,20160520,105.83,105.83,105.83,105.83,0
ALL032,20160523,106.40,106.40,106.40,106.40,0
ALL032,20160524,106.21,106.21,106.21,106.21,0
ALL032,20160525,108.21,108.21,108.21,108.21,0
ALL032,20160527,108.54,108.54,108.54,108.54,0
ALL032,20160530,108.68,108.68,108.68,108.68,0
ALL032,20160531,109.00,109.00,109.00,109.00,0
ALL032,20160601,108.60,108.60,108.60,108.60,0
ALL032,20160602,108.53,108.53,108.53,108.53,0
ALL032,20160603,109.13,109.13,109.13,109.13,0
ALL032,20160608,109.43,109.43,109.43,109.43,0
ALL032,20160609,109.16,109.16,109.16,109.16,0
ALL032,20160610,108.23,108.23,108.23,108.23,0
ALL032,20160613,106.35,106.35,106.35,106.35,0
ALL032,20160614,105.13,105.13,105.13,105.13,0
ALL032,20160615,105.62,105.62,105.62,105.62,0
ALL032,20160616,104.61,104.61,104.61,104.61,0
ALL032,20160617,105.44,105.44,105.44,105.44,0
ALL032,20160620,107.34,107.34,107.34,107.34,0
ALL032,20160621,107.71,107.71,107.71,107.71,0
ALL032,20160622,107.88,107.88,107.88,107.88,0
ALL032,20160623,107.85,107.85,107.85,107.85,0
ALL032,20160624,104.85,104.85,104.85,104.85,0
ALL032,20160627,103.64,103.64,103.64,103.64,0
ALL032,20160628,103.05,103.05,103.05,103.05,0
ALL032,20160629,104.64,104.64,104.64,104.64,0
ALL032,20160630,106.09,106.09,106.09,106.09,0
ALL032,20160701,107.08,107.08,107.08,107.08,0
ALL032,20160704,107.30,107.30,107.30,107.30,0
ALL032,20160705,106.09,106.09,106.09,106.09,0
ALL032,20160706,105.04,105.04,105.04,105.04,0
ALL032,20160707,106.09,106.09,106.09,106.09,0
ALL032,20160708,105.97,105.97,105.97,105.97,0
ALL032,20160711,107.57,107.57,107.57,107.57,0
ALL032,20160712,108.97,108.97,108.97,108.97,0
ALL032,20160713,109.22,109.22,109.22,109.22,0
ALL032,20160714,109.72,109.72,109.72,109.72,0
ALL032,20160715,109.54,109.54,109.54,109.54,0
ALL032,20160718,109.99,109.99,109.99,109.99,0
ALL032,20160719,109.41,109.41,109.41,109.41,0
ALL032,20160720,110.07,110.07,110.07,110.07,0
ALL032,20160721,110.26,110.26,110.26,110.26,0
ALL032,20160722,110.22,110.22,110.22,110.22,0
ALL032,20160725,110.63,110.63,110.63,110.63,0
ALL032,20160726,110.45,110.45,110.45,110.45,0
ALL032,20160727,110.67,110.67,110.67,110.67,0
ALL032,20160728,110.69,110.69,110.69,110.69,0
ALL032,20160729,110.51,110.51,110.51,110.51,0
ALL032,20160801,110.92,110.92,110.92,110.92,0
ALL032,20160802,109.94,109.94,109.94,109.94,0
ALL032,20160803,109.33,109.33,109.33,109.33,0
ALL032,20160804,109.91,109.91,109.91,109.91,0
ALL032,20160805,110.50,110.50,110.50,110.50,0
ALL032,20160808,111.58,111.58,111.58,111.58,0
ALL032,20160809,111.52,111.52,111.52,111.52,0
ALL032,20160810,111.78,111.78,111.78,111.78,0
ALL032,20160811,111.69,111.69,111.69,111.69,0
ALL032,20160812,112.19,112.19,112.19,112.19,0
ALL032,20160816,112.25,112.25,112.25,112.25,0
ALL032,20160817,111.41,111.41,111.41,111.41,0
ALL032,20160818,111.84,111.84,111.84,111.84,0
ALL032,20160819,111.58,111.58,111.58,111.58,0
ALL032,20160822,111.83,111.83,111.83,111.83,0
ALL032,20160823,111.94,111.94,111.94,111.94,0
ALL032,20160824,112.05,112.05,112.05,112.05,0
ALL032,20160825,111.34,111.34,111.34,111.34,0
ALL032,20160826,111.29,111.29,111.29,111.29,0
ALL032,20160829,111.31,111.31,111.31,111.31,0
ALL032,20160830,111.80,111.80,111.80,111.80,0
ALL032,20160831,111.81,111.81,111.81,111.81,0
ALL032,20160901,111.84,111.84,111.84,111.84,0
ALL032,20160902,111.65,111.65,111.65,111.65,0
ALL032,20160905,112.55,112.55,112.55,112.55,0
ALL032,20160906,112.94,112.94,112.94,112.94,0
ALL032,20160907,113.05,113.05,113.05,113.05,0
ALL032,20160908,113.21,113.21,113.21,113.21,0
ALL032,20160909,112.58,112.58,112.58,112.58,0
ALL032,20160912,109.70,109.70,109.70,109.70,0
ALL032,20160913,110.67,110.67,110.67,110.67,0
ALL032,20160914,109.98,109.98,109.98,109.98,0
ALL032,20160915,109.90,109.90,109.90,109.90,0
ALL032,20160916,110.50,110.50,110.50,110.50,0
ALL032,20160919,111.05,111.05,111.05,111.05,0
ALL032,20160920,110.96,110.96,110.96,110.96,0
ALL032,20160921,111.42,111.42,111.42,111.42,0
ALL032,20160922,112.12,112.12,112.12,112.12,0
ALL032,20160923,112.37,112.37,112.37,112.37,0
ALL032,20160926,111.24,111.24,111.24,111.24,0
ALL032,20160927,110.98,110.98,110.98,110.98,0
ALL032,20160928,111.59,111.59,111.59,111.59,0
ALL032,20160929,112.20,112.20,112.20,112.20,0
ALL032,20160930,111.00,111.00,111.00,111.00,0
ALL032,20161003,111.72,111.72,111.72,111.72,0
ALL032,20161004,112.17,112.17,112.17,112.17,0
ALL032,20161005,111.63,111.63,111.63,111.63,0
ALL032,20161006,112.00,112.00,112.00,112.00,0
ALL032,20161007,111.50,111.50,111.50,111.50,0
ALL032,20161010,111.12,111.12,111.12,111.12,0
ALL032,20161011,111.19,111.19,111.19,111.19,0
ALL032,20161012,110.46,110.46,110.46,110.46,0
ALL032,20161013,109.64,109.64,109.64,109.64,0
ALL032,20161014,110.14,110.14,110.14,110.14,0
ALL032,20161017,109.74,109.74,109.74,109.74,0
ALL032,20161018,110.49,110.49,110.49,110.49,0
ALL032,20161019,110.69,110.69,110.69,110.69,0
ALL032,20161020,110.84,110.84,110.84,110.84,0
ALL032,20161021,110.73,110.73,110.73,110.73,0
ALL032,20161024,111.19,111.19,111.19,111.19,0
ALL032,20161025,111.12,111.12,111.12,111.12,0
ALL032,20161026,109.94,109.94,109.94,109.94,0
ALL032,20161027,109.77,109.77,109.77,109.77,0
ALL032,20161028,109.21,109.21,109.21,109.21,0
ALL032,20161031,108.94,108.94,108.94,108.94,0
ALL032,20161102,107.70,107.70,107.70,107.70,0
ALL032,20161103,107.18,107.18,107.18,107.18,0
ALL032,20161104,106.36,106.36,106.36,106.36,0
ALL032,20161107,107.47,107.47,107.47,107.47,0
ALL032,20161108,108.24,108.24,108.24,108.24,0
ALL032,20161109,107.27,107.27,107.27,107.27,0
ALL032,20161110,109.84,109.84,109.84,109.84,0
ALL032,20161114,108.40,108.40,108.40,108.40,0
ALL032,20161115,108.20,108.20,108.20,108.20,0
ALL032,20161116,108.83,108.83,108.83,108.83,0
ALL032,20161117,108.79,108.79,108.79,108.79,0
ALL032,20161118,109.26,109.26,109.26,109.26,0
ALL032,20161121,109.10,109.10,109.10,109.10,0
ALL032,20161122,110.12,110.12,110.12,110.12,0
ALL032,20161123,110.11,110.11,110.11,110.11,0
ALL032,20161124,110.00,110.00,110.00,110.00,0
ALL032,20161125,110.10,110.10,110.10,110.10,0
ALL032,20161128,110.03,110.03,110.03,110.03,0
ALL032,20161129,109.90,109.90,109.90,109.90,0
ALL032,20161130,110.17,110.17,110.17,110.17,0
ALL032,20161201,109.98,109.98,109.98,109.98,0
ALL032,20161202,109.03,109.03,109.03,109.03,0
ALL032,20161205,109.01,109.01,109.01,109.01,0
ALL032,20161206,109.83,109.83,109.83,109.83,0
ALL032,20161207,110.39,110.39,110.39,110.39,0
ALL032,20161208,111.13,111.13,111.13,111.13,0
ALL032,20161209,111.80,111.80,111.80,111.80,0
ALL032,20161212,111.78,111.78,111.78,111.78,0
ALL032,20161213,112.16,112.16,112.16,112.16,0
ALL032,20161214,112.29,112.29,112.29,112.29,0
ALL032,20161215,111.74,111.74,111.74,111.74,0
ALL032,20161216,111.71,111.71,111.71,111.71,0
ALL032,20161219,111.87,111.87,111.87,111.87,0
ALL032,20161220,112.25,112.25,112.25,112.25,0
ALL032,20161221,112.64,112.64,112.64,112.64,0
ALL032,20161222,112.28,112.28,112.28,112.28,0
ALL032,20161223,112.13,112.13,112.13,112.13,0
ALL032,20161227,112.30,112.30,112.30,112.30,0
ALL032,20161228,112.62,112.62,112.62,112.62,0
ALL032,20161229,112.67,112.67,112.67,112.67,0
ALL032,20161230,112.11,112.11,112.11,112.11,0
ALL032,20170102,112.53,112.53,112.53,112.53,0
ALL032,20170103,113.09,113.09,113.09,113.09,0
ALL032,20170104,113.01,113.01,113.01,113.01,0
ALL032,20170105,113.53,113.53,113.53,113.53,0
ALL032,20170109,113.14,113.14,113.14,113.14,0
ALL032,20170110,112.93,112.93,112.93,112.93,0
ALL032,20170111,113.25,113.25,113.25,113.25,0
ALL032,20170112,113.22,113.22,113.22,113.22,0
ALL032,20170113,113.19,113.19,113.19,113.19,0
ALL032,20170116,113.12,113.12,113.12,113.12,0
ALL032,20170117,113.10,113.10,113.10,113.10,0
ALL032,20170118,112.85,112.85,112.85,112.85,0
ALL032,20170119,112.87,112.87,112.87,112.87,0
ALL032,20170120,112.95,112.95,112.95,112.95,0
ALL032,20170123,112.97,112.97,112.97,112.97,0
ALL032,20170124,112.80,112.80,112.80,112.80,0
ALL032,20170125,114.25,114.25,114.25,114.25,0
ALL032,20170126,114.76,114.76,114.76,114.76,0
ALL032,20170127,114.31,114.31,114.31,114.31,0
ALL032,20170130,113.96,113.96,113.96,113.96,0
ALL032,20170131,113.37,113.37,113.37,113.37,0
ALL032,20170201,113.33,113.33,113.33,113.33,0
ALL032,20170202,113.34,113.34,113.34,113.34,0
ALL032,20170203,113.67,113.67,113.67,113.67,0
ALL032,20170206,114.31,114.31,114.31,114.31,0
ALL032,20170207,113.95,113.95,113.95,113.95,0
ALL032,20170208,114.11,114.11,114.11,114.11,0
ALL032,20170209,114.06,114.06,114.06,114.06,0
ALL032,20170210,114.83,114.83,114.83,114.83,0
ALL032,20170213,115.23,115.23,115.23,115.23,0
ALL032,20170214,115.58,115.58,115.58,115.58,0
ALL032,20170215,116.04,116.04,116.04,116.04,0
ALL032,20170216,116.32,116.32,116.32,116.32,0
ALL032,20170217,113.68,113.68,113.68,113.68,0
ALL032,20170220,114.02,114.02,114.02,114.02,0
ALL032,20170221,116.57,116.57,116.57,116.57,0
ALL032,20170222,117.06,117.06,117.06,117.06,0
ALL032,20170223,116.92,116.92,116.92,116.92,0
ALL032,20170224,116.50,116.50,116.50,116.50,0
ALL032,20170227,116.25,116.25,116.25,116.25,0
ALL032,20170228,116.24,116.24,116.24,116.24,0
ALL032,20170301,116.40,116.40,116.40,116.40,0
ALL032,20170302,117.17,117.17,117.17,117.17,0
ALL032,20170303,116.46,116.46,116.46,116.46,0
ALL032,20170306,116.34,116.34,116.34,116.34,0
ALL032,20170307,116.36,116.36,116.36,116.36,0
ALL032,20170308,116.17,116.17,116.17,116.17,0
ALL032,20170309,115.79,115.79,115.79,115.79,0
ALL032,20170310,116.27,116.27,116.27,116.27,0
ALL032,20170313,116.33,116.33,116.33,116.33,0
ALL032,20170314,116.57,116.57,116.57,116.57,0
ALL032,20170315,116.47,116.47,116.47,116.47,0
ALL032,20170316,117.45,117.45,117.45,117.45,0
ALL032,20170317,117.44,117.44,117.44,117.44,0
ALL032,20170320,117.38,117.38,117.38,117.38,0
ALL032,20170321,117.44,117.44,117.44,117.44,0
ALL032,20170322,115.34,115.34,115.34,115.34,0
ALL032,20170323,115.83,115.83,115.83,115.83,0
ALL032,20170324,116.07,116.07,116.07,116.07,0
ALL032,20170327,115.46,115.46,115.46,115.46,0
ALL032,20170328,116.15,116.15,116.15,116.15,0
ALL032,20170329,116.71,116.71,116.71,116.71,0
ALL032,20170330,116.98,116.98,116.98,116.98,0
ALL032,20170331,117.10,117.10,117.10,117.10,0
ALL032,20170403,117.61,117.61,117.61,117.61,0
ALL032,20170404,117.02,117.02,117.02,117.02,0
ALL032,20170405,117.23,117.23,117.23,117.23,0
ALL032,20170406,116.70,116.70,116.70,116.70,0
ALL032,20170407,117.05,117.05,117.05,117.05,0
ALL032,20170410,117.28,117.28,117.28,117.28,0
ALL032,20170411,117.29,117.29,117.29,117.29,0
ALL032,20170412,117.75,117.75,117.75,117.75,0
ALL032,20170413,117.02,117.02,117.02,117.02,0
ALL032,20170414,117.02,117.02,117.02,117.02,0
ALL032,20170418,116.83,116.83,116.83,116.83,0
ALL032,20170419,116.61,116.61,116.61,116.61,0
ALL032,20170420,116.81,116.81,116.81,116.81,0
ALL032,20170421,117.25,117.25,117.25,117.25,0
ALL032,20170424,118.29,118.29,118.29,118.29,0
ALL032,20170425,118.72,118.72,118.72,118.72,0
ALL032,20170426,119.15,119.15,119.15,119.15,0
ALL032,20170502,119.68,119.68,119.68,119.68,0
ALL032,20170504,119.93,119.93,119.93,119.93,0
ALL032,20170505,119.91,119.91,119.91,119.91,0
ALL032,20170508,120.37,120.37,120.37,120.37,0
ALL032,20170509,120.57,120.57,120.57,120.57,0
ALL032,20170510,120.57,120.57,120.57,120.57,0
ALL032,20170511,120.89,120.89,120.89,120.89,0
ALL032,20170512,120.89,120.89,120.89,120.89,0
ALL032,20170515,120.59,120.59,120.59,120.59,0
ALL032,20170516,120.79,120.79,120.79,120.79,0
ALL032,20170517,120.45,120.45,120.45,120.45,0
ALL032,20170518,118.67,118.67,118.67,118.67,0
ALL032,20170519,118.92,118.92,118.92,118.92,0
ALL032,20170522,119.74,119.74,119.74,119.74,0
ALL032,20170523,119.70,119.70,119.70,119.70,0
ALL032,20170524,119.76,119.76,119.76,119.76,0
ALL032,20170525,119.72,119.72,119.72,119.72,0
ALL032,20170526,119.66,119.66,119.66,119.66,0
ALL032,20170529,119.73,119.73,119.73,119.73,0
ALL032,20170530,120.78,120.78,120.78,120.78,0
ALL032,20170531,120.79,120.79,120.79,120.79,0
ALL032,20170601,120.85,120.85,120.85,120.85,0
ALL032,20170602,121.83,121.83,121.83,121.83,0
ALL032,20170605,121.77,121.77,121.77,121.77,0
ALL032,20170606,121.52,121.52,121.52,121.52,0
ALL032,20170607,121.31,121.31,121.31,121.31,0
ALL032,20170608,121.54,121.54,121.54,121.54,0
ALL032,20170609,121.72,121.72,121.72,121.72,0
ALL032,20170612,121.05,121.05,121.05,121.05,0
ALL032,20170613,121.24,121.24,121.24,121.24,0
ALL032,20170614,121.72,121.72,121.72,121.72,0
ALL032,20170616,120.92,120.92,120.92,120.92,0
ALL032,20170619,121.44,121.44,121.44,121.44,0
ALL032,20170620,121.90,121.90,121.90,121.90,0
ALL032,20170621,120.73,120.73,120.73,120.73,0
ALL032,20170622,120.79,120.79,120.79,120.79,0
ALL032,20170623,120.76,120.76,120.76,120.76,0
ALL032,20170626,121.42,121.42,121.42,121.42,0
ALL032,20170627,120.73,120.73,120.73,120.73,0
ALL032,20170628,119.62,119.62,119.62,119.62,0
ALL032,20170629,120.43,120.43,120.43,120.43,0
ALL032,20170630,119.45,119.45,119.45,119.45,0
ALL032,20170703,119.63,119.63,119.63,119.63,0
ALL032,20170704,119.45,119.45,119.45,119.45,0
ALL032,20170705,119.68,119.68,119.68,119.68,0
ALL032,20170706,119.83,119.83,119.83,119.83,0
ALL032,20170707,118.75,118.75,118.75,118.75,0
ALL032,20170710,119.54,119.54,119.54,119.54,0
ALL032,20170711,119.58,119.58,119.58,119.58,0
ALL032,20170712,119.78,119.78,119.78,119.78,0
ALL032,20170713,121.09,121.09,121.09,121.09,0
ALL032,20170714,121.19,121.19,121.19,121.19,0
ALL032,20170717,121.61,121.61,121.61,121.61,0
ALL032,20170718,121.51,121.51,121.51,121.51,0
ALL032,20170719,121.53,121.53,121.53,121.53,0
ALL032,20170720,122.22,122.22,122.22,122.22,0
ALL032,20170721,121.98,121.98,121.98,121.98,0
ALL032,20170724,121.25,121.25,121.25,121.25,0
ALL032,20170725,121.41,121.41,121.41,121.41,0
ALL032,20170726,121.79,121.79,121.79,121.79,0
ALL032,20170727,121.97,121.97,121.97,121.97,0
ALL032,20170728,121.13,121.13,121.13,121.13,0
ALL032,20170731,121.18,121.18,121.18,121.18,0
ALL032,20170801,121.23,121.23,121.23,121.23,0
ALL032,20170802,121.41,121.41,121.41,121.41,0
ALL032,20170803,121.18,121.18,121.18,121.18,0
ALL032,20170804,120.99,120.99,120.99,120.99,0
ALL032,20170807,121.54,121.54,121.54,121.54,0
ALL032,20170808,121.76,121.76,121.76,121.76,0
ALL032,20170809,121.16,121.16,121.16,121.16,0
ALL032,20170810,120.88,120.88,120.88,120.88,0
ALL032,20170811,118.87,118.87,118.87,118.87,0
ALL032,20170814,119.81,119.81,119.81,119.81,0
ALL032,20170816,120.84,120.84,120.84,120.84,0
ALL032,20170817,120.94,120.94,120.94,120.94,0
ALL032,20170818,119.48,119.48,119.48,119.48,0
ALL032,20170821,119.41,119.41,119.41,119.41,0
ALL032,20170822,119.75,119.75,119.75,119.75,0
ALL032,20170823,120.43,120.43,120.43,120.43,0
ALL032,20170824,120.39,120.39,120.39,120.39,0
ALL032,20170825,120.41,120.41,120.41,120.41,0
ALL032,20170828,120.05,120.05,120.05,120.05,0
ALL032,20170829,118.84,118.84,118.84,118.84,0
ALL032,20170830,119.82,119.82,119.82,119.82,0
ALL032,20170831,120.47,120.47,120.47,120.47,0
ALL032,20170901,121.39,121.39,121.39,121.39,0
ALL032,20170904,121.04,121.04,121.04,121.04,0
ALL032,20170905,121.45,121.45,121.45,121.45,0
ALL032,20170906,120.58,120.58,120.58,120.58,0
ALL032,20170907,120.93,120.93,120.93,120.93,0
ALL032,20170908,120.78,120.78,120.78,120.78,0
ALL032,20170911,121.71,121.71,121.71,121.71,0
ALL032,20170912,122.47,122.47,122.47,122.47,0
ALL032,20170913,122.55,122.55,122.55,122.55,0
ALL032,20170914,122.90,122.90,122.90,122.90,0
ALL032,20170915,122.90,122.90,122.90,122.90,0
ALL032,20170918,123.31,123.31,123.31,123.31,0
ALL032,20170919,123.30,123.30,123.30,123.30,0
ALL032,20170920,123.47,123.47,123.47,123.47,0
