Name,Date,Open,High,Low,Close,Volume
ALT992,20120928,100.02,100.02,100.02,100.02,0
ALT992,20121001,100.02,100.02,100.02,100.02,0
ALT992,20121002,100.02,100.02,100.02,100.02,0
ALT992,20121003,100.03,100.03,100.03,100.03,0
ALT992,20121004,100.03,100.03,100.03,100.03,0
ALT992,20121005,100.00,100.00,100.00,100.00,0
ALT992,20121008,100.03,100.03,100.03,100.03,0
ALT992,20121009,100.82,100.82,100.82,100.82,0
ALT992,20121010,101.20,101.20,101.20,101.20,0
ALT992,20121011,101.30,101.30,101.30,101.30,0
ALT992,20121012,101.49,101.49,101.49,101.49,0
ALT992,20121015,102.64,102.64,102.64,102.64,0
ALT992,20121016,103.15,103.15,103.15,103.15,0
ALT992,20121017,102.63,102.63,102.63,102.63,0
ALT992,20121018,105.05,105.05,105.05,105.05,0
ALT992,20121019,105.27,105.27,105.27,105.27,0
ALT992,20121022,106.66,106.66,106.66,106.66,0
ALT992,20121023,106.66,106.66,106.66,106.66,0
ALT992,20121024,104.75,104.75,104.75,104.75,0
ALT992,20121025,104.79,104.79,104.79,104.79,0
ALT992,20121026,105.21,105.21,105.21,105.21,0
ALT992,20121029,105.79,105.79,105.79,105.79,0
ALT992,20121030,106.38,106.38,106.38,106.38,0
ALT992,20121031,106.22,106.22,106.22,106.22,0
ALT992,20121102,106.56,106.56,106.56,106.56,0
ALT992,20121105,106.54,106.54,106.54,106.54,0
ALT992,20121106,107.45,107.45,107.45,107.45,0
ALT992,20121107,107.46,107.46,107.46,107.46,0
ALT992,20121108,107.38,107.38,107.38,107.38,0
ALT992,20121109,107.35,107.35,107.35,107.35,0
ALT992,20121112,107.55,107.55,107.55,107.55,0
ALT992,20121113,107.53,107.53,107.53,107.53,0
ALT992,20121114,108.05,108.05,108.05,108.05,0
ALT992,20121115,108.55,108.55,108.55,108.55,0
ALT992,20121116,110.14,110.14,110.14,110.14,0
ALT992,20121119,111.33,111.33,111.33,111.33,0
ALT992,20121120,111.68,111.68,111.68,111.68,0
ALT992,20121121,112.21,112.21,112.21,112.21,0
ALT992,20121122,111.84,111.84,111.84,111.84,0
ALT992,20121123,110.43,110.43,110.43,110.43,0
ALT992,20121126,109.86,109.86,109.86,109.86,0
ALT992,20121127,109.68,109.68,109.68,109.68,0
ALT992,20121128,109.57,109.57,109.57,109.57,0
ALT992,20121129,109.48,109.48,109.48,109.48,0
ALT992,20121130,111.06,111.06,111.06,111.06,0
ALT992,20121203,111.24,111.24,111.24,111.24,0
ALT992,20121204,114.19,114.19,114.19,114.19,0
ALT992,20121205,114.68,114.68,114.68,114.68,0
ALT992,20121206,115.01,115.01,115.01,115.01,0
ALT992,20121207,114.41,114.41,114.41,114.41,0
ALT992,20121210,114.46,114.46,114.46,114.46,0
ALT992,20121211,115.97,115.97,115.97,115.97,0
ALT992,20121212,116.83,116.83,116.83,116.83,0
ALT992,20121213,117.05,117.05,117.05,117.05,0
ALT992,20121214,117.71,117.71,117.71,117.71,0
ALT992,20121217,117.59,117.59,117.59,117.59,0
ALT992,20121218,118.10,118.10,118.10,118.10,0
ALT992,20121219,118.96,118.96,118.96,118.96,0
ALT992,20121220,118.85,118.85,118.85,118.85,0
ALT992,20121221,120.35,120.35,120.35,120.35,0
ALT992,20121227,120.66,120.66,120.66,120.66,0
ALT992,20121228,119.77,119.77,119.77,119.77,0
ALT992,20130102,120.36,120.36,120.36,120.36,0
ALT992,20130103,121.18,121.18,121.18,121.18,0
ALT992,20130104,120.30,120.30,120.30,120.30,0
ALT992,20130107,119.48,119.48,119.48,119.48,0
ALT992,20130108,119.71,119.71,119.71,119.71,0
ALT992,20130109,119.80,119.80,119.80,119.80,0
ALT992,20130110,120.50,120.50,120.50,120.50,0
ALT992,20130111,120.80,120.80,120.80,120.80,0
ALT992,20130114,121.28,121.28,121.28,121.28,0
ALT992,20130115,119.97,119.97,119.97,119.97,0
ALT992,20130116,119.84,119.84,119.84,119.84,0
ALT992,20130117,121.07,121.07,121.07,121.07,0
ALT992,20130118,121.02,121.02,121.02,121.02,0
ALT992,20130121,122.18,122.18,122.18,122.18,0
ALT992,20130122,122.15,122.15,122.15,122.15,0
ALT992,20130123,122.41,122.41,122.41,122.41,0
ALT992,20130124,123.29,123.29,123.29,123.29,0
ALT992,20130125,122.05,122.05,122.05,122.05,0
ALT992,20130128,121.71,121.71,121.71,121.71,0
ALT992,20130129,121.69,121.69,121.69,121.69,0
ALT992,20130130,120.83,120.83,120.83,120.83,0
ALT992,20130131,123.31,123.31,123.31,123.31,0
ALT992,20130201,122.97,122.97,122.97,122.97,0
ALT992,20130204,122.66,122.66,122.66,122.66,0
ALT992,20130205,122.54,122.54,122.54,122.54,0
ALT992,20130206,121.70,121.70,121.70,121.70,0
ALT992,20130207,121.75,121.75,121.75,121.75,0
ALT992,20130208,122.49,122.49,122.49,122.49,0
ALT992,20130211,122.62,122.62,122.62,122.62,0
ALT992,20130212,123.27,123.27,123.27,123.27,0
ALT992,20130213,123.54,123.54,123.54,123.54,0
ALT992,20130214,123.50,123.50,123.50,123.50,0
ALT992,20130215,124.17,124.17,124.17,124.17,0
ALT992,20130218,125.67,125.67,125.67,125.67,0
ALT992,20130219,125.73,125.73,125.73,125.73,0
ALT992,20130220,124.91,124.91,124.91,124.91,0
ALT992,20130221,124.65,124.65,124.65,124.65,0
ALT992,20130222,125.00,125.00,125.00,125.00,0
ALT992,20130225,125.50,125.50,125.50,125.50,0
ALT992,20130226,124.96,124.96,124.96,124.96,0
ALT992,20130227,125.93,125.93,125.93,125.93,0
ALT992,20130228,126.43,126.43,126.43,126.43,0
ALT992,20130301,126.77,126.77,126.77,126.77,0
ALT992,20130304,126.25,126.25,126.25,126.25,0
ALT992,20130305,127.54,127.54,127.54,127.54,0
ALT992,20130306,128.09,128.09,128.09,128.09,0
ALT992,20130307,128.16,128.16,128.16,128.16,0
ALT992,20130308,129.16,129.16,129.16,129.16,0
ALT992,20130311,129.05,129.05,129.05,129.05,0
ALT992,20130312,129.64,129.64,129.64,129.64,0
ALT992,20130313,129.54,129.54,129.54,129.54,0
ALT992,20130314,130.30,130.30,130.30,130.30,0
ALT992,20130315,130.34,130.34,130.34,130.34,0
ALT992,20130318,129.27,129.27,129.27,129.27,0
ALT992,20130319,128.24,128.24,128.24,128.24,0
ALT992,20130320,128.42,128.42,128.42,128.42,0
ALT992,20130321,127.44,127.44,127.44,127.44,0
ALT992,20130322,126.82,126.82,126.82,126.82,0
ALT992,20130325,125.51,125.51,125.51,125.51,0
ALT992,20130326,125.79,125.79,125.79,125.79,0
ALT992,20130327,126.50,126.50,126.50,126.50,0
ALT992,20130328,127.21,127.21,127.21,127.21,0
ALT992,20130402,127.20,127.20,127.20,127.20,0
ALT992,20130403,125.72,125.72,125.72,125.72,0
ALT992,20130404,126.23,126.23,126.23,126.23,0
ALT992,20130405,126.17,126.17,126.17,126.17,0
ALT992,20130408,126.29,126.29,126.29,126.29,0
ALT992,20130409,126.33,126.33,126.33,126.33,0
ALT992,20130410,127.18,127.18,127.18,127.18,0
ALT992,20130411,127.76,127.76,127.76,127.76,0
ALT992,20130412,127.46,127.46,127.46,127.46,0
ALT992,20130415,126.24,126.24,126.24,126.24,0
ALT992,20130417,124.57,124.57,124.57,124.57,0
ALT992,20130418,123.74,123.74,123.74,123.74,0
ALT992,20130419,123.69,123.69,123.69,123.69,0
ALT992,20130422,123.13,123.13,123.13,123.13,0
ALT992,20130423,122.70,122.70,122.70,122.70,0
ALT992,20130424,123.88,123.88,123.88,123.88,0
ALT992,20130425,124.38,124.38,124.38,124.38,0
ALT992,20130426,125.15,125.15,125.15,125.15,0
ALT992,20130429,125.17,125.17,125.17,125.17,0
ALT992,20130430,125.61,125.61,125.61,125.61,0
ALT992,20130502,125.38,125.38,125.38,125.38,0
ALT992,20130506,126.37,126.37,126.37,126.37,0
ALT992,20130507,127.14,127.14,127.14,127.14,0
ALT992,20130508,127.86,127.86,127.86,127.86,0
ALT992,20130509,127.47,127.47,127.47,127.47,0
ALT992,20130510,127.05,127.05,127.05,127.05,0
ALT992,20130513,127.85,127.85,127.85,127.85,0
ALT992,20130514,128.83,128.83,128.83,128.83,0
ALT992,20130515,129.21,129.21,129.21,129.21,0
ALT992,20130516,129.33,129.33,129.33,129.33,0
ALT992,20130517,129.53,129.53,129.53,129.53,0
ALT992,20130520,129.56,129.56,129.56,129.56,0
ALT992,20130521,129.33,129.33,129.33,129.33,0
ALT992,20130522,129.28,129.28,129.28,129.28,0
ALT992,20130523,128.98,128.98,128.98,128.98,0
ALT992,20130524,130.05,130.05,130.05,130.05,0
ALT992,20130527,132.47,132.47,132.47,132.47,0
ALT992,20130528,133.30,133.30,133.30,133.30,0
ALT992,20130529,133.46,133.46,133.46,133.46,0
ALT992,20130531,134.18,134.18,134.18,134.18,0
ALT992,20130603,132.97,132.97,132.97,132.97,0
ALT992,20130604,133.59,133.59,133.59,133.59,0
ALT992,20130605,134.06,134.06,134.06,134.06,0
ALT992,20130606,133.34,133.34,133.34,133.34,0
ALT992,20130607,134.79,134.79,134.79,134.79,0
ALT992,20130610,135.48,135.48,135.48,135.48,0
ALT992,20130611,135.30,135.30,135.30,135.30,0
ALT992,20130612,135.28,135.28,135.28,135.28,0
ALT992,20130613,135.16,135.16,135.16,135.16,0
ALT992,20130614,135.12,135.12,135.12,135.12,0
ALT992,20130617,134.90,134.90,134.90,134.90,0
ALT992,20130618,134.61,134.61,134.61,134.61,0
ALT992,20130619,134.09,134.09,134.09,134.09,0
ALT992,20130620,130.54,130.54,130.54,130.54,0
ALT992,20130621,128.17,128.17,128.17,128.17,0
ALT992,20130624,128.17,128.17,128.17,128.17,0
ALT992,20130625,128.98,128.98,128.98,128.98,0
ALT992,20130626,127.58,127.58,127.58,127.58,0
ALT992,20130627,125.17,125.17,125.17,125.17,0
ALT992,20130628,127.51,127.51,127.51,127.51,0
ALT992,20130701,127.80,127.80,127.80,127.80,0
ALT992,20130702,128.81,128.81,128.81,128.81,0
ALT992,20130703,128.21,128.21,128.21,128.21,0
ALT992,20130704,129.05,129.05,129.05,129.05,0
ALT992,20130705,127.97,127.97,127.97,127.97,0
ALT992,20130708,127.20,127.20,127.20,127.20,0
ALT992,20130709,126.60,126.60,126.60,126.60,0
ALT992,20130710,128.05,128.05,128.05,128.05,0
ALT992,20130711,129.23,129.23,129.23,129.23,0
ALT992,20130712,129.99,129.99,129.99,129.99,0
ALT992,20130715,130.20,130.20,130.20,130.20,0
ALT992,20130716,129.89,129.89,129.89,129.89,0
ALT992,20130717,130.02,130.02,130.02,130.02,0
ALT992,20130718,129.89,129.89,129.89,129.89,0
ALT992,20130719,130.07,130.07,130.07,130.07,0
ALT992,20130722,130.24,130.24,130.24,130.24,0
ALT992,20130723,130.38,130.38,130.38,130.38,0
ALT992,20130724,130.97,130.97,130.97,130.97,0
ALT992,20130725,130.70,130.70,130.70,130.70,0
ALT992,20130726,130.14,130.14,130.14,130.14,0
ALT992,20130729,130.42,130.42,130.42,130.42,0
ALT992,20130730,130.85,130.85,130.85,130.85,0
ALT992,20130731,131.77,131.77,131.77,131.77,0
ALT992,20130801,132.65,132.65,132.65,132.65,0
ALT992,20130802,134.76,134.76,134.76,134.76,0
ALT992,20130805,135.40,135.40,135.40,135.40,0
ALT992,20130806,134.29,134.29,134.29,134.29,0
ALT992,20130807,134.66,134.66,134.66,134.66,0
ALT992,20130808,135.92,135.92,135.92,135.92,0
ALT992,20130809,136.73,136.73,136.73,136.73,0
ALT992,20130812,137.90,137.90,137.90,137.90,0
ALT992,20130813,138.61,138.61,138.61,138.61,0
ALT992,20130814,139.75,139.75,139.75,139.75,0
ALT992,20130816,139.38,139.38,139.38,139.38,0
ALT992,20130819,138.53,138.53,138.53,138.53,0
ALT992,20130820,137.54,137.54,137.54,137.54,0
ALT992,20130821,137.51,137.51,137.51,137.51,0
ALT992,20130822,138.92,138.92,138.92,138.92,0
ALT992,20130823,139.56,139.56,139.56,139.56,0
ALT992,20130826,139.46,139.46,139.46,139.46,0
ALT992,20130827,137.24,137.24,137.24,137.24,0
ALT992,20130828,136.57,136.57,136.57,136.57,0
ALT992,20130829,137.03,137.03,137.03,137.03,0
ALT992,20130830,137.35,137.35,137.35,137.35,0
ALT992,20130902,138.19,138.19,138.19,138.19,0
ALT992,20130903,137.95,137.95,137.95,137.95,0
ALT992,20130904,135.94,135.94,135.94,135.94,0
ALT992,20130905,131.97,131.97,131.97,131.97,0
ALT992,20130906,134.24,134.24,134.24,134.24,0
ALT992,20130909,136.33,136.33,136.33,136.33,0
ALT992,20130910,139.11,139.11,139.11,139.11,0
ALT992,20130911,140.48,140.48,140.48,140.48,0
ALT992,20130912,141.46,141.46,141.46,141.46,0
ALT992,20130913,141.23,141.23,141.23,141.23,0
ALT992,20130916,140.23,140.23,140.23,140.23,0
ALT992,20130917,141.00,141.00,141.00,141.00,0
ALT992,20130918,141.05,141.05,141.05,141.05,0
ALT992,20130919,142.56,142.56,142.56,142.56,0
ALT992,20130920,143.30,143.30,143.30,143.30,0
ALT992,20130923,142.46,142.46,142.46,142.46,0
ALT992,20130924,142.37,142.37,142.37,142.37,0
ALT992,20130925,143.27,143.27,143.27,143.27,0
ALT992,20130926,144.46,144.46,144.46,144.46,0
ALT992,20130927,144.54,144.54,144.54,144.54,0
ALT992,20130930,143.11,143.11,143.11,143.11,0
ALT992,20131001,143.98,143.98,143.98,143.98,0
ALT992,20131002,144.51,144.51,144.51,144.51,0
ALT992,20131003,144.61,144.61,144.61,144.61,0
ALT992,20131004,144.25,144.25,144.25,144.25,0
ALT992,20131007,143.48,143.48,143.48,143.48,0
ALT992,20131008,142.97,142.97,142.97,142.97,0
ALT992,20131009,143.21,143.21,143.21,143.21,0
ALT992,20131010,146.23,146.23,146.23,146.23,0
ALT992,20131011,147.73,147.73,147.73,147.73,0
ALT992,20131014,148.40,148.40,148.40,148.40,0
ALT992,20131015,148.59,148.59,148.59,148.59,0
ALT992,20131016,148.79,148.79,148.79,148.79,0
ALT992,20131017,148.38,148.38,148.38,148.38,0
ALT992,20131018,148.36,148.36,148.36,148.36,0
ALT992,20131021,150.55,150.55,150.55,150.55,0
ALT992,20131022,151.06,151.06,151.06,151.06,0
ALT992,20131023,150.46,150.46,150.46,150.46,0
ALT992,20131024,151.29,151.29,151.29,151.29,0
ALT992,20131025,151.79,151.79,151.79,151.79,0
ALT992,20131028,152.74,152.74,152.74,152.74,0
ALT992,20131029,153.51,153.51,153.51,153.51,0
ALT992,20131030,153.92,153.92,153.92,153.92,0
ALT992,20131031,153.37,153.37,153.37,153.37,0
ALT992,20131104,153.42,153.42,153.42,153.42,0
ALT992,20131105,152.77,152.77,152.77,152.77,0
ALT992,20131106,153.04,153.04,153.04,153.04,0
ALT992,20131107,152.78,152.78,152.78,152.78,0
ALT992,20131108,152.16,152.16,152.16,152.16,0
ALT992,20131112,151.78,151.78,151.78,151.78,0
ALT992,20131113,150.59,150.59,150.59,150.59,0
ALT992,20131114,151.33,151.33,151.33,151.33,0
ALT992,20131115,153.39,153.39,153.39,153.39,0
ALT992,20131118,156.27,156.27,156.27,156.27,0
ALT992,20131119,156.36,156.36,156.36,156.36,0
ALT992,20131120,155.96,155.96,155.96,155.96,0
ALT992,20131121,155.85,155.85,155.85,155.85,0
ALT992,20131122,155.99,155.99,155.99,155.99,0
ALT992,20131125,156.68,156.68,156.68,156.68,0
ALT992,20131126,155.78,155.78,155.78,155.78,0
ALT992,20131127,155.91,155.91,155.91,155.91,0
ALT992,20131128,155.59,155.59,155.59,155.59,0
ALT992,20131129,156.36,156.36,156.36,156.36,0
ALT992,20131202,155.22,155.22,155.22,155.22,0
ALT992,20131203,153.26,153.26,153.26,153.26,0
ALT992,20131204,152.05,152.05,152.05,152.05,0
ALT992,20131205,151.90,151.90,151.90,151.90,0
ALT992,20131206,151.86,151.86,151.86,151.86,0
ALT992,20131209,152.06,152.06,152.06,152.06,0
ALT992,20131210,151.93,151.93,151.93,151.93,0
ALT992,20131211,151.63,151.63,151.63,151.63,0
ALT992,20131212,150.47,150.47,150.47,150.47,0
ALT992,20131213,149.81,149.81,149.81,149.81,0
ALT992,20131216,149.78,149.78,149.78,149.78,0
ALT992,20131217,147.88,147.88,147.88,147.88,0
ALT992,20131218,147.91,147.91,147.91,147.91,0
ALT992,20131219,147.51,147.51,147.51,147.51,0
ALT992,20131220,147.99,147.99,147.99,147.99,0
ALT992,20131223,148.94,148.94,148.94,148.94,0
ALT992,20131227,148.82,148.82,148.82,148.82,0
ALT992,20131230,149.07,149.07,149.07,149.07,0
ALT992,20140102,150.24,150.24,150.24,150.24,0
ALT992,20140103,149.39,149.39,149.39,149.39,0
ALT992,20140107,146.74,146.74,146.74,146.74,0
ALT992,20140108,146.65,146.65,146.65,146.65,0
ALT992,20140109,144.36,144.36,144.36,144.36,0
ALT992,20140110,144.19,144.19,144.19,144.19,0
ALT992,20140113,146.15,146.15,146.15,146.15,0
ALT992,20140114,146.77,146.77,146.77,146.77,0
ALT992,20140115,147.89,147.89,147.89,147.89,0
ALT992,20140116,148.24,148.24,148.24,148.24,0
ALT992,20140117,147.33,147.33,147.33,147.33,0
ALT992,20140120,147.19,147.19,147.19,147.19,0
ALT992,20140121,148.94,148.94,148.94,148.94,0
ALT992,20140122,150.20,150.20,150.20,150.20,0
ALT992,20140123,149.63,149.63,149.63,149.63,0
ALT992,20140124,147.16,147.16,147.16,147.16,0
ALT992,20140127,145.54,145.54,145.54,145.54,0
ALT992,20140128,146.85,146.85,146.85,146.85,0
ALT992,20140129,146.21,146.21,146.21,146.21,0
ALT992,20140130,147.16,147.16,147.16,147.16,0
ALT992,20140131,148.75,148.75,148.75,148.75,0
ALT992,20140203,149.66,149.66,149.66,149.66,0
ALT992,20140204,148.84,148.84,148.84,148.84,0
ALT992,20140205,149.20,149.20,149.20,149.20,0
ALT992,20140206,152.00,152.00,152.00,152.00,0
ALT992,20140207,151.87,151.87,151.87,151.87,0
ALT992,20140210,151.42,151.42,151.42,151.42,0
ALT992,20140211,152.96,152.96,152.96,152.96,0
ALT992,20140212,154.84,154.84,154.84,154.84,0
ALT992,20140213,155.16,155.16,155.16,155.16,0
ALT992,20140214,155.25,155.25,155.25,155.25,0
ALT992,20140217,155.02,155.02,155.02,155.02,0
ALT992,20140218,154.55,154.55,154.55,154.55,0
ALT992,20140219,155.25,155.25,155.25,155.25,0
ALT992,20140220,153.97,153.97,153.97,153.97,0
ALT992,20140221,154.92,154.92,154.92,154.92,0
ALT992,20140224,156.48,156.48,156.48,156.48,0
ALT992,20140225,155.54,155.54,155.54,155.54,0
ALT992,20140226,153.69,153.69,153.69,153.69,0
ALT992,20140227,153.73,153.73,153.73,153.73,0
ALT992,20140228,156.26,156.26,156.26,156.26,0
ALT992,20140303,148.07,148.07,148.07,148.07,0
ALT992,20140304,151.21,151.21,151.21,151.21,0
ALT992,20140305,151.33,151.33,151.33,151.33,0
ALT992,20140306,151.78,151.78,151.78,151.78,0
ALT992,20140307,150.44,150.44,150.44,150.44,0
ALT992,20140310,148.09,148.09,148.09,148.09,0
ALT992,20140311,147.96,147.96,147.96,147.96,0
ALT992,20140312,145.84,145.84,145.84,145.84,0
ALT992,20140313,144.02,144.02,144.02,144.02,0
ALT992,20140314,143.10,143.10,143.10,143.10,0
ALT992,20140317,146.38,146.38,146.38,146.38,0
ALT992,20140318,146.34,146.34,146.34,146.34,0
ALT992,20140319,145.66,145.66,145.66,145.66,0
ALT992,20140320,146.87,146.87,146.87,146.87,0
ALT992,20140321,146.65,146.65,146.65,146.65,0
ALT992,20140324,146.55,146.55,146.55,146.55,0
ALT992,20140325,148.22,148.22,148.22,148.22,0
ALT992,20140326,149.35,149.35,149.35,149.35,0
ALT992,20140327,149.21,149.21,149.21,149.21,0
ALT992,20140328,149.72,149.72,149.72,149.72,0
ALT992,20140331,150.84,150.84,150.84,150.84,0
ALT992,20140401,151.39,151.39,151.39,151.39,0
ALT992,20140402,152.07,152.07,152.07,152.07,0
ALT992,20140403,151.07,151.07,151.07,151.07,0
ALT992,20140404,151.81,151.81,151.81,151.81,0
ALT992,20140407,150.55,150.55,150.55,150.55,0
ALT992,20140408,151.24,151.24,151.24,151.24,0
ALT992,20140409,151.19,151.19,151.19,151.19,0
ALT992,20140410,151.49,151.49,151.49,151.49,0
ALT992,20140411,150.98,150.98,150.98,150.98,0
ALT992,20140414,149.02,149.02,149.02,149.02,0
ALT992,20140415,147.85,147.85,147.85,147.85,0
ALT992,20140416,146.94,146.94,146.94,146.94,0
ALT992,20140417,148.18,148.18,148.18,148.18,0
ALT992,20140422,149.59,149.59,149.59,149.59,0
ALT992,20140423,148.75,148.75,148.75,148.75,0
ALT992,20140424,148.10,148.10,148.10,148.10,0
ALT992,20140425,147.46,147.46,147.46,147.46,0
ALT992,20140428,147.85,147.85,147.85,147.85,0
ALT992,20140429,148.56,148.56,148.56,148.56,0
ALT992,20140430,148.71,148.71,148.71,148.71,0
ALT992,20140502,148.14,148.14,148.14,148.14,0
ALT992,20140505,146.08,146.08,146.08,146.08,0
ALT992,20140506,145.16,145.16,145.16,145.16,0
ALT992,20140507,144.56,144.56,144.56,144.56,0
ALT992,20140508,144.97,144.97,144.97,144.97,0
ALT992,20140509,143.68,143.68,143.68,143.68,0
ALT992,20140512,144.44,144.44,144.44,144.44,0
ALT992,20140513,144.97,144.97,144.97,144.97,0
ALT992,20140514,145.23,145.23,145.23,145.23,0
ALT992,20140515,144.46,144.46,144.46,144.46,0
ALT992,20140516,144.32,144.32,144.32,144.32,0
ALT992,20140519,145.19,145.19,145.19,145.19,0
ALT992,20140520,145.82,145.82,145.82,145.82,0
ALT992,20140521,146.39,146.39,146.39,146.39,0
ALT992,20140522,149.11,149.11,149.11,149.11,0
ALT992,20140523,149.20,149.20,149.20,149.20,0
ALT992,20140526,149.53,149.53,149.53,149.53,0
ALT992,20140527,149.50,149.50,149.50,149.50,0
ALT992,20140528,148.57,148.57,148.57,148.57,0
ALT992,20140529,149.60,149.60,149.60,149.60,0
ALT992,20140530,148.58,148.58,148.58,148.58,0
ALT992,20140602,148.68,148.68,148.68,148.68,0
ALT992,20140603,148.85,148.85,148.85,148.85,0
ALT992,20140604,149.16,149.16,149.16,149.16,0
ALT992,20140605,150.05,150.05,150.05,150.05,0
ALT992,20140606,150.69,150.69,150.69,150.69,0
ALT992,20140609,150.22,150.22,150.22,150.22,0
ALT992,20140610,150.89,150.89,150.89,150.89,0
ALT992,20140611,150.02,150.02,150.02,150.02,0
ALT992,20140612,149.84,149.84,149.84,149.84,0
ALT992,20140613,149.13,149.13,149.13,149.13,0
ALT992,20140616,148.55,148.55,148.55,148.55,0
ALT992,20140617,149.22,149.22,149.22,149.22,0
ALT992,20140618,149.19,149.19,149.19,149.19,0
ALT992,20140620,149.61,149.61,149.61,149.61,0
ALT992,20140623,149.78,149.78,149.78,149.78,0
ALT992,20140624,149.15,149.15,149.15,149.15,0
ALT992,20140625,147.16,147.16,147.16,147.16,0
ALT992,20140626,146.46,146.46,146.46,146.46,0
ALT992,20140627,146.58,146.58,146.58,146.58,0
ALT992,20140630,146.78,146.78,146.78,146.78,0
ALT992,20140701,146.35,146.35,146.35,146.35,0
ALT992,20140702,145.01,145.01,145.01,145.01,0
ALT992,20140703,144.27,144.27,144.27,144.27,0
ALT992,20140704,144.21,144.21,144.21,144.21,0
ALT992,20140707,144.72,144.72,144.72,144.72,0
ALT992,20140708,143.77,143.77,143.77,143.77,0
ALT992,20140709,143.19,143.19,143.19,143.19,0
ALT992,20140710,142.22,142.22,142.22,142.22,0
ALT992,20140711,143.72,143.72,143.72,143.72,0
ALT992,20140714,143.66,143.66,143.66,143.66,0
ALT992,20140715,143.59,143.59,143.59,143.59,0
ALT992,20140716,144.09,144.09,144.09,144.09,0
ALT992,20140717,143.95,143.95,143.95,143.95,0
ALT992,20140718,143.25,143.25,143.25,143.25,0
ALT992,20140721,143.01,143.01,143.01,143.01,0
ALT992,20140722,143.65,143.65,143.65,143.65,0
ALT992,20140723,143.03,143.03,143.03,143.03,0
ALT992,20140724,142.27,142.27,142.27,142.27,0
ALT992,20140725,142.28,142.28,142.28,142.28,0
ALT992,20140728,142.24,142.24,142.24,142.24,0
ALT992,20140729,141.70,141.70,141.70,141.70,0
ALT992,20140730,140.02,140.02,140.02,140.02,0
ALT992,20140731,139.33,139.33,139.33,139.33,0
ALT992,20140801,139.89,139.89,139.89,139.89,0
ALT992,20140804,140.57,140.57,140.57,140.57,0
ALT992,20140805,140.63,140.63,140.63,140.63,0
ALT992,20140806,139.90,139.90,139.90,139.90,0
ALT992,20140807,138.32,138.32,138.32,138.32,0
ALT992,20140808,137.32,137.32,137.32,137.32,0
ALT992,20140811,139.13,139.13,139.13,139.13,0
ALT992,20140812,139.35,139.35,139.35,139.35,0
ALT992,20140813,140.51,140.51,140.51,140.51,0
ALT992,20140814,141.74,141.74,141.74,141.74,0
ALT992,20140818,143.47,143.47,143.47,143.47,0
ALT992,20140820,144.01,144.01,144.01,144.01,0
ALT992,20140821,144.16,144.16,144.16,144.16,0
ALT992,20140822,143.79,143.79,143.79,143.79,0
ALT992,20140825,144.46,144.46,144.46,144.46,0
ALT992,20140826,145.97,145.97,145.97,145.97,0
ALT992,20140827,146.11,146.11,146.11,146.11,0
ALT992,20140828,144.04,144.04,144.04,144.04,0
ALT992,20140829,144.39,144.39,144.39,144.39,0
ALT992,20140901,145.29,145.29,145.29,145.29,0
ALT992,20140902,145.56,145.56,145.56,145.56,0
ALT992,20140903,148.09,148.09,148.09,148.09,0
ALT992,20140904,148.90,148.90,148.90,148.90,0
ALT992,20140905,148.91,148.91,148.91,148.91,0
ALT992,20140908,149.48,149.48,149.48,149.48,0
ALT992,20140909,149.98,149.98,149.98,149.98,0
ALT992,20140910,150.18,150.18,150.18,150.18,0
ALT992,20140918,150.91,150.91,150.91,150.91,0
ALT992,20140919,152.75,152.75,152.75,152.75,0
ALT992,20140922,152.07,152.07,152.07,152.07,0
ALT992,20140923,149.95,149.95,149.95,149.95,0
ALT992,20140924,149.84,149.84,149.84,149.84,0
ALT992,20140925,149.95,149.95,149.95,149.95,0
ALT992,20140929,150.51,150.51,150.51,150.51,0
ALT992,20140930,151.13,151.13,151.13,151.13,0
ALT992,20141001,149.13,149.13,149.13,149.13,0
ALT992,20141002,147.97,147.97,147.97,147.97,0
ALT992,20141006,149.07,149.07,149.07,149.07,0
ALT992,20141007,148.69,148.69,148.69,148.69,0
ALT992,20141008,147.26,147.26,147.26,147.26,0
ALT992,20141009,147.53,147.53,147.53,147.53,0
ALT992,20141010,145.99,145.99,145.99,145.99,0
ALT992,20141013,145.67,145.67,145.67,145.67,0
ALT992,20141014,145.98,145.98,145.98,145.98,0
ALT992,20141015,145.03,145.03,145.03,145.03,0
ALT992,20141016,145.13,145.13,145.13,145.13,0
ALT992,20141017,145.70,145.70,145.70,145.70,0
ALT992,20141020,145.58,145.58,145.58,145.58,0
ALT992,20141021,147.29,147.29,147.29,147.29,0
ALT992,20141022,147.57,147.57,147.57,147.57,0
ALT992,20141023,147.73,147.73,147.73,147.73,0
ALT992,20141024,147.68,147.68,147.68,147.68,0
ALT992,20141027,147.79,147.79,147.79,147.79,0
ALT992,20141028,148.68,148.68,148.68,148.68,0
ALT992,20141029,147.84,147.84,147.84,147.84,0
ALT992,20141030,148.20,148.20,148.20,148.20,0
ALT992,20141031,149.05,149.05,149.05,149.05,0
ALT992,20141103,149.05,149.05,149.05,149.05,0
ALT992,20141104,149.01,149.01,149.01,149.01,0
ALT992,20141105,148.49,148.49,148.49,148.49,0
ALT992,20141106,147.91,147.91,147.91,147.91,0
ALT992,20141107,147.49,147.49,147.49,147.49,0
ALT992,20141110,147.15,147.15,147.15,147.15,0
ALT992,20141112,147.10,147.10,147.10,147.10,0
ALT992,20141113,146.58,146.58,146.58,146.58,0
ALT992,20141114,147.34,147.34,147.34,147.34,0
ALT992,20141117,146.53,146.53,146.53,146.53,0
ALT992,20141118,146.73,146.73,146.73,146.73,0
ALT992,20141119,146.54,146.54,146.54,146.54,0
ALT992,20141120,145.82,145.82,145.82,145.82,0
ALT992,20141121,146.97,146.97,146.97,146.97,0
ALT992,20141124,145.98,145.98,145.98,145.98,0
ALT992,20141125,146.28,146.28,146.28,146.28,0
ALT992,20141126,146.83,146.83,146.83,146.83,0
ALT992,20141127,147.34,147.34,147.34,147.34,0
ALT992,20141128,147.38,147.38,147.38,147.38,0
ALT992,20141201,147.34,147.34,147.34,147.34,0
ALT992,20141202,148.21,148.21,148.21,148.21,0
ALT992,20141203,148.37,148.37,148.37,148.37,0
ALT992,20141204,147.47,147.47,147.47,147.47,0
ALT992,20141205,148.13,148.13,148.13,148.13,0
ALT992,20141208,147.86,147.86,147.86,147.86,0
ALT992,20141209,146.02,146.02,146.02,146.02,0
ALT992,20141210,145.25,145.25,145.25,145.25,0
ALT992,20141211,145.31,145.31,145.31,145.31,0
ALT992,20141212,144.71,144.71,144.71,144.71,0
ALT992,20141215,143.08,143.08,143.08,143.08,0
ALT992,20141216,140.66,140.66,140.66,140.66,0
ALT992,20141217,141.42,141.42,141.42,141.42,0
ALT992,20141218,143.42,143.42,143.42,143.42,0
ALT992,20141219,142.93,142.93,142.93,142.93,0
ALT992,20141222,142.85,142.85,142.85,142.85,0
ALT992,20141223,142.78,142.78,142.78,142.78,0
ALT992,20141229,141.96,141.96,141.96,141.96,0
ALT992,20141230,142.57,142.57,142.57,142.57,0
ALT992,20150102,142.84,142.84,142.84,142.84,0
ALT992,20150105,141.73,141.73,141.73,141.73,0
ALT992,20150107,143.95,143.95,143.95,143.95,0
ALT992,20150108,145.99,145.99,145.99,145.99,0
ALT992,20150109,146.15,146.15,146.15,146.15,0
ALT992,20150112,145.91,145.91,145.91,145.91,0
ALT992,20150113,146.35,146.35,146.35,146.35,0
ALT992,20150114,145.41,145.41,145.41,145.41,0
ALT992,20150115,143.21,143.21,143.21,143.21,0
ALT992,20150116,142.74,142.74,142.74,142.74,0
ALT992,20150119,142.56,142.56,142.56,142.56,0
ALT992,20150120,142.82,142.82,142.82,142.82,0
ALT992,20150121,144.44,144.44,144.44,144.44,0
ALT992,20150122,145.35,145.35,145.35,145.35,0
ALT992,20150123,146.03,146.03,146.03,146.03,0
ALT992,20150126,145.61,145.61,145.61,145.61,0
ALT992,20150127,145.83,145.83,145.83,145.83,0
ALT992,20150128,145.92,145.92,145.92,145.92,0
ALT992,20150129,146.52,146.52,146.52,146.52,0
ALT992,20150130,146.93,146.93,146.93,146.93,0
ALT992,20150202,146.49,146.49,146.49,146.49,0
ALT992,20150203,146.71,146.71,146.71,146.71,0
ALT992,20150204,146.76,146.76,146.76,146.76,0
ALT992,20150205,146.83,146.83,146.83,146.83,0
ALT992,20150206,147.74,147.74,147.74,147.74,0
ALT992,20150209,147.14,147.14,147.14,147.14,0
ALT992,20150210,146.98,146.98,146.98,146.98,0
ALT992,20150211,146.38,146.38,146.38,146.38,0
ALT992,20150212,147.54,147.54,147.54,147.54,0
ALT992,20150213,148.17,148.17,148.17,148.17,0
ALT992,20150216,148.85,148.85,148.85,148.85,0
ALT992,20150217,148.93,148.93,148.93,148.93,0
ALT992,20150218,148.75,148.75,148.75,148.75,0
ALT992,20150219,148.62,148.62,148.62,148.62,0
ALT992,20150220,148.87,148.87,148.87,148.87,0
ALT992,20150223,149.40,149.40,149.40,149.40,0
ALT992,20150224,149.79,149.79,149.79,149.79,0
ALT992,20150225,149.68,149.68,149.68,149.68,0
ALT992,20150226,150.55,150.55,150.55,150.55,0
ALT992,20150227,151.02,151.02,151.02,151.02,0
ALT992,20150302,151.32,151.32,151.32,151.32,0
ALT992,20150303,150.48,150.48,150.48,150.48,0
ALT992,20150304,151.21,151.21,151.21,151.21,0
ALT992,20150305,152.19,152.19,152.19,152.19,0
ALT992,20150306,151.80,151.80,151.80,151.80,0
ALT992,20150309,151.81,151.81,151.81,151.81,0
ALT992,20150310,151.03,151.03,151.03,151.03,0
ALT992,20150311,151.19,151.19,151.19,151.19,0
ALT992,20150312,152.16,152.16,152.16,152.16,0
ALT992,20150313,151.50,151.50,151.50,151.50,0
ALT992,20150316,151.91,151.91,151.91,151.91,0
ALT992,20150317,152.10,152.10,152.10,152.10,0
ALT992,20150318,152.54,152.54,152.54,152.54,0
ALT992,20150319,153.87,153.87,153.87,153.87,0
ALT992,20150320,154.81,154.81,154.81,154.81,0
ALT992,20150323,155.25,155.25,155.25,155.25,0
ALT992,20150324,154.99,154.99,154.99,154.99,0
ALT992,20150325,154.54,154.54,154.54,154.54,0
ALT992,20150326,153.32,153.32,153.32,153.32,0
ALT992,20150327,153.41,153.41,153.41,153.41,0
ALT992,20150330,154.78,154.78,154.78,154.78,0
ALT992,20150331,154.72,154.72,154.72,154.72,0
ALT992,20150401,154.72,154.72,154.72,154.72,0
ALT992,20150402,154.82,154.82,154.82,154.82,0
ALT992,20150407,155.25,155.25,155.25,155.25,0
ALT992,20150408,155.52,155.52,155.52,155.52,0
ALT992,20150409,156.43,156.43,156.43,156.43,0
ALT992,20150410,156.23,156.23,156.23,156.23,0
ALT992,20150413,156.02,156.02,156.02,156.02,0
ALT992,20150414,155.99,155.99,155.99,155.99,0
ALT992,20150415,157.19,157.19,157.19,157.19,0
ALT992,20150416,158.25,158.25,158.25,158.25,0
ALT992,20150417,157.02,157.02,157.02,157.02,0
ALT992,20150420,158.28,158.28,158.28,158.28,0
ALT992,20150421,158.22,158.22,158.22,158.22,0
ALT992,20150422,158.70,158.70,158.70,158.70,0
ALT992,20150423,158.92,158.92,158.92,158.92,0
ALT992,20150424,159.56,159.56,159.56,159.56,0
ALT992,20150427,161.13,161.13,161.13,161.13,0
ALT992,20150428,161.33,161.33,161.33,161.33,0
ALT992,20150429,160.98,160.98,160.98,160.98,0
ALT992,20150430,161.07,161.07,161.07,161.07,0
ALT992,20150504,161.97,161.97,161.97,161.97,0
ALT992,20150505,161.65,161.65,161.65,161.65,0
ALT992,20150506,162.65,162.65,162.65,162.65,0
ALT992,20150507,162.57,162.57,162.57,162.57,0
ALT992,20150508,163.61,163.61,163.61,163.61,0
ALT992,20150511,163.63,163.63,163.63,163.63,0
ALT992,20150512,163.51,163.51,163.51,163.51,0
ALT992,20150513,163.02,163.02,163.02,163.02,0
ALT992,20150514,162.79,162.79,162.79,162.79,0
ALT992,20150515,162.85,162.85,162.85,162.85,0
ALT992,20150518,163.58,163.58,163.58,163.58,0
ALT992,20150519,163.58,163.58,163.58,163.58,0
ALT992,20150520,163.60,163.60,163.60,163.60,0
ALT992,20150521,163.64,163.64,163.64,163.64,0
ALT992,20150522,162.95,162.95,162.95,162.95,0
ALT992,20150525,161.08,161.08,161.08,161.08,0
ALT992,20150526,160.11,160.11,160.11,160.11,0
ALT992,20150527,161.31,161.31,161.31,161.31,0
ALT992,20150528,160.72,160.72,160.72,160.72,0
ALT992,20150529,160.09,160.09,160.09,160.09,0
ALT992,20150601,160.60,160.60,160.60,160.60,0
ALT992,20150602,159.26,159.26,159.26,159.26,0
ALT992,20150603,158.92,158.92,158.92,158.92,0
ALT992,20150605,157.29,157.29,157.29,157.29,0
ALT992,20150608,156.45,156.45,156.45,156.45,0
ALT992,20150609,155.72,155.72,155.72,155.72,0
ALT992,20150610,157.17,157.17,157.17,157.17,0
ALT992,20150611,156.66,156.66,156.66,156.66,0
ALT992,20150612,156.11,156.11,156.11,156.11,0
ALT992,20150615,155.76,155.76,155.76,155.76,0
ALT992,20150616,155.33,155.33,155.33,155.33,0
ALT992,20150617,153.19,153.19,153.19,153.19,0
ALT992,20150618,153.72,153.72,153.72,153.72,0
ALT992,20150619,152.87,152.87,152.87,152.87,0
ALT992,20150622,155.69,155.69,155.69,155.69,0
ALT992,20150623,155.78,155.78,155.78,155.78,0
ALT992,20150624,155.77,155.77,155.77,155.77,0
ALT992,20150625,155.41,155.41,155.41,155.41,0
ALT992,20150626,154.92,154.92,154.92,154.92,0
ALT992,20150629,152.37,152.37,152.37,152.37,0
ALT992,20150630,152.94,152.94,152.94,152.94,0
ALT992,20150701,152.75,152.75,152.75,152.75,0
ALT992,20150702,152.70,152.70,152.70,152.70,0
ALT992,20150703,152.03,152.03,152.03,152.03,0
ALT992,20150706,151.37,151.37,151.37,151.37,0
ALT992,20150707,148.60,148.60,148.60,148.60,0
ALT992,20150708,148.10,148.10,148.10,148.10,0
ALT992,20150709,148.81,148.81,148.81,148.81,0
ALT992,20150710,151.80,151.80,151.80,151.80,0
ALT992,20150713,152.66,152.66,152.66,152.66,0
ALT992,20150714,152.55,152.55,152.55,152.55,0
ALT992,20150715,152.89,152.89,152.89,152.89,0
ALT992,20150716,154.53,154.53,154.53,154.53,0
ALT992,20150717,154.28,154.28,154.28,154.28,0
ALT992,20150720,153.39,153.39,153.39,153.39,0
ALT992,20150721,153.14,153.14,153.14,153.14,0
ALT992,20150722,150.74,150.74,150.74,150.74,0
ALT992,20150723,151.21,151.21,151.21,151.21,0
ALT992,20150724,150.78,150.78,150.78,150.78,0
ALT992,20150727,150.13,150.13,150.13,150.13,0
ALT992,20150728,150.63,150.63,150.63,150.63,0
ALT992,20150729,151.48,151.48,151.48,151.48,0
ALT992,20150730,150.97,150.97,150.97,150.97,0
ALT992,20150731,152.17,152.17,152.17,152.17,0
ALT992,20150803,152.38,152.38,152.38,152.38,0
ALT992,20150804,153.13,153.13,153.13,153.13,0
ALT992,20150805,155.31,155.31,155.31,155.31,0
ALT992,20150806,153.08,153.08,153.08,153.08,0
ALT992,20150807,152.74,152.74,152.74,152.74,0
ALT992,20150810,153.57,153.57,153.57,153.57,0
ALT992,20150811,153.22,153.22,153.22,153.22,0
ALT992,20150812,152.15,152.15,152.15,152.15,0
ALT992,20150813,152.33,152.33,152.33,152.33,0
ALT992,20150814,151.48,151.48,151.48,151.48,0
ALT992,20150817,150.64,150.64,150.64,150.64,0
ALT992,20150818,149.87,149.87,149.87,149.87,0
ALT992,20150819,150.34,150.34,150.34,150.34,0
ALT992,20150820,149.78,149.78,149.78,149.78,0
ALT992,20150821,148.05,148.05,148.05,148.05,0
ALT992,20150824,140.35,140.35,140.35,140.35,0
ALT992,20150825,141.86,141.86,141.86,141.86,0
ALT992,20150826,140.46,140.46,140.46,140.46,0
ALT992,20150827,142.96,142.96,142.96,142.96,0
ALT992,20150828,143.45,143.45,143.45,143.45,0
ALT992,20150831,143.81,143.81,143.81,143.81,0
ALT992,20150901,141.72,141.72,141.72,141.72,0
ALT992,20150902,141.65,141.65,141.65,141.65,0
ALT992,20150903,142.77,142.77,142.77,142.77,0
ALT992,20150904,142.07,142.07,142.07,142.07,0
ALT992,20150907,141.78,141.78,141.78,141.78,0
ALT992,20150908,142.04,142.04,142.04,142.04,0
ALT992,20150909,142.45,142.45,142.45,142.45,0
ALT992,20150910,143.12,143.12,143.12,143.12,0
ALT992,20150911,143.20,143.20,143.20,143.20,0
ALT992,20150914,142.96,142.96,142.96,142.96,0
ALT992,20150915,142.85,142.85,142.85,142.85,0
ALT992,20150916,143.58,143.58,143.58,143.58,0
ALT992,20150917,143.83,143.83,143.83,143.83,0
ALT992,20150918,143.57,143.57,143.57,143.57,0
ALT992,20150921,143.56,143.56,143.56,143.56,0
ALT992,20150922,142.38,142.38,142.38,142.38,0
ALT992,20150923,141.78,141.78,141.78,141.78,0
ALT992,20150924,141.20,141.20,141.20,141.20,0
ALT992,20150925,142.27,142.27,142.27,142.27,0
ALT992,20150928,140.74,140.74,140.74,140.74,0
ALT992,20150929,140.64,140.64,140.64,140.64,0
ALT992,20150930,142.07,142.07,142.07,142.07,0
ALT992,20151001,141.70,141.70,141.70,141.70,0
ALT992,20151002,141.48,141.48,141.48,141.48,0
ALT992,20151005,144.19,144.19,144.19,144.19,0
ALT992,20151006,145.51,145.51,145.51,145.51,0
ALT992,20151007,145.91,145.91,145.91,145.91,0
ALT992,20151008,146.92,146.92,146.92,146.92,0
ALT992,20151009,147.59,147.59,147.59,147.59,0
ALT992,20151012,147.24,147.24,147.24,147.24,0
ALT992,20151013,146.93,146.93,146.93,146.93,0
ALT992,20151014,146.69,146.69,146.69,146.69,0
ALT992,20151015,147.70,147.70,147.70,147.70,0
ALT992,20151016,147.52,147.52,147.52,147.52,0
ALT992,20151019,146.72,146.72,146.72,146.72,0
ALT992,20151020,147.54,147.54,147.54,147.54,0
ALT992,20151021,147.67,147.67,147.67,147.67,0
ALT992,20151022,147.97,147.97,147.97,147.97,0
ALT992,20151023,148.44,148.44,148.44,148.44,0
ALT992,20151026,148.55,148.55,148.55,148.55,0
ALT992,20151027,148.51,148.51,148.51,148.51,0
ALT992,20151028,148.74,148.74,148.74,148.74,0
ALT992,20151029,147.42,147.42,147.42,147.42,0
ALT992,20151030,147.69,147.69,147.69,147.69,0
ALT992,20151102,148.86,148.86,148.86,148.86,0
ALT992,20151103,148.51,148.51,148.51,148.51,0
ALT992,20151104,148.33,148.33,148.33,148.33,0
ALT992,20151105,147.53,147.53,147.53,147.53,0
ALT992,20151106,146.94,146.94,146.94,146.94,0
ALT992,20151109,146.27,146.27,146.27,146.27,0
ALT992,20151110,146.34,146.34,146.34,146.34,0
ALT992,20151112,145.50,145.50,145.50,145.50,0
ALT992,20151113,144.29,144.29,144.29,144.29,0
ALT992,20151116,144.45,144.45,144.45,144.45,0
ALT992,20151117,145.85,145.85,145.85,145.85,0
ALT992,20151118,146.67,146.67,146.67,146.67,0
ALT992,20151119,146.60,146.60,146.60,146.60,0
ALT992,20151120,146.61,146.61,146.61,146.61,0
ALT992,20151123,145.25,145.25,145.25,145.25,0
ALT992,20151124,144.32,144.32,144.32,144.32,0
ALT992,20151125,145.10,145.10,145.10,145.10,0
ALT992,20151126,146.26,146.26,146.26,146.26,0
ALT992,20151127,145.61,145.61,145.61,145.61,0
ALT992,20151130,145.44,145.44,145.44,145.44,0
ALT992,20151201,145.49,145.49,145.49,145.49,0
ALT992,20151202,144.70,144.70,144.70,144.70,0
ALT992,20151203,143.72,143.72,143.72,143.72,0
ALT992,20151204,143.38,143.38,143.38,143.38,0
ALT992,20151207,142.70,142.70,142.70,142.70,0
ALT992,20151208,140.94,140.94,140.94,140.94,0
ALT992,20151209,139.05,139.05,139.05,139.05,0
ALT992,20151210,139.74,139.74,139.74,139.74,0
ALT992,20151211,137.81,137.81,137.81,137.81,0
ALT992,20151214,137.02,137.02,137.02,137.02,0
ALT992,20151215,138.51,138.51,138.51,138.51,0
ALT992,20151216,140.18,140.18,140.18,140.18,0
ALT992,20151217,141.95,141.95,141.95,141.95,0
ALT992,20151218,141.95,141.95,141.95,141.95,0
ALT992,20151221,142.46,142.46,142.46,142.46,0
ALT992,20151222,142.67,142.67,142.67,142.67,0
ALT992,20151223,143.38,143.38,143.38,143.38,0
ALT992,20151228,143.44,143.44,143.44,143.44,0
ALT992,20151229,144.28,144.28,144.28,144.28,0
ALT992,20151230,143.54,143.54,143.54,143.54,0
ALT992,20160104,140.67,140.67,140.67,140.67,0
ALT992,20160105,140.15,140.15,140.15,140.15,0
ALT992,20160107,137.93,137.93,137.93,137.93,0
ALT992,20160108,137.07,137.07,137.07,137.07,0
ALT992,20160111,135.85,135.85,135.85,135.85,0
ALT992,20160112,137.33,137.33,137.33,137.33,0
ALT992,20160113,137.36,137.36,137.36,137.36,0
ALT992,20160114,136.20,136.20,136.20,136.20,0
ALT992,20160115,134.25,134.25,134.25,134.25,0
ALT992,20160118,131.52,131.52,131.52,131.52,0
ALT992,20160119,132.30,132.30,132.30,132.30,0
ALT992,20160120,130.48,130.48,130.48,130.48,0
ALT992,20160121,130.44,130.44,130.44,130.44,0
ALT992,20160122,132.69,132.69,132.69,132.69,0
ALT992,20160125,133.29,133.29,133.29,133.29,0
ALT992,20160126,133.11,133.11,133.11,133.11,0
ALT992,20160127,133.64,133.64,133.64,133.64,0
ALT992,20160128,134.57,134.57,134.57,134.57,0
ALT992,20160129,135.90,135.90,135.90,135.90,0
ALT992,20160201,136.13,136.13,136.13,136.13,0
ALT992,20160202,134.12,134.12,134.12,134.12,0
ALT992,20160203,133.68,133.68,133.68,133.68,0
ALT992,20160204,135.43,135.43,135.43,135.43,0
ALT992,20160205,135.17,135.17,135.17,135.17,0
ALT992,20160208,133.17,133.17,133.17,133.17,0
ALT992,20160209,132.45,132.45,132.45,132.45,0
ALT992,20160210,132.75,132.75,132.75,132.75,0
ALT992,20160211,132.26,132.26,132.26,132.26,0
ALT992,20160212,132.88,132.88,132.88,132.88,0
ALT992,20160215,134.45,134.45,134.45,134.45,0
ALT992,20160216,134.02,134.02,134.02,134.02,0
ALT992,20160217,137.60,137.60,137.60,137.60,0
ALT992,20160218,138.41,138.41,138.41,138.41,0
ALT992,20160219,137.96,137.96,137.96,137.96,0
ALT992,20160222,139.29,139.29,139.29,139.29,0
ALT992,20160223,139.27,139.27,139.27,139.27,0
ALT992,20160224,137.45,137.45,137.45,137.45,0
ALT992,20160225,138.53,138.53,138.53,138.53,0
ALT992,20160226,139.80,139.80,139.80,139.80,0
ALT992,20160229,139.22,139.22,139.22,139.22,0
ALT992,20160301,139.03,139.03,139.03,139.03,0
ALT992,20160302,138.72,138.72,138.72,138.72,0
ALT992,20160303,140.04,140.04,140.04,140.04,0
ALT992,20160304,139.62,139.62,139.62,139.62,0
ALT992,20160307,140.65,140.65,140.65,140.65,0
ALT992,20160308,139.77,139.77,139.77,139.77,0
ALT992,20160309,139.81,139.81,139.81,139.81,0
ALT992,20160310,140.62,140.62,140.62,140.62,0
ALT992,20160311,141.93,141.93,141.93,141.93,0
ALT992,20160314,142.08,142.08,142.08,142.08,0
ALT992,20160315,141.56,141.56,141.56,141.56,0
ALT992,20160316,142.08,142.08,142.08,142.08,0
ALT992,20160317,143.17,143.17,143.17,143.17,0
ALT992,20160318,143.93,143.93,143.93,143.93,0
ALT992,20160321,143.68,143.68,143.68,143.68,0
ALT992,20160322,143.93,143.93,143.93,143.93,0
ALT992,20160323,143.37,143.37,143.37,143.37,0
ALT992,20160324,143.37,143.37,143.37,143.37,0
ALT992,20160329,144.07,144.07,144.07,144.07,0
ALT992,20160330,145.88,145.88,145.88,145.88,0
ALT992,20160331,146.03,146.03,146.03,146.03,0
ALT992,20160401,145.31,145.31,145.31,145.31,0
ALT992,20160404,145.70,145.70,145.70,145.70,0
ALT992,20160405,144.04,144.04,144.04,144.04,0
ALT992,20160406,143.40,143.40,143.40,143.40,0
ALT992,20160407,142.98,142.98,142.98,142.98,0
ALT992,20160408,143.72,143.72,143.72,143.72,0
ALT992,20160411,143.81,143.81,143.81,143.81,0
ALT992,20160412,143.66,143.66,143.66,143.66,0
ALT992,20160413,144.71,144.71,144.71,144.71,0
ALT992,20160414,145.07,145.07,145.07,145.07,0
ALT992,20160415,145.12,145.12,145.12,145.12,0
ALT992,20160418,145.36,145.36,145.36,145.36,0
ALT992,20160419,146.58,146.58,146.58,146.58,0
ALT992,20160420,147.88,147.88,147.88,147.88,0
ALT992,20160421,147.52,147.52,147.52,147.52,0
ALT992,20160422,147.75,147.75,147.75,147.75,0
ALT992,20160425,147.44,147.44,147.44,147.44,0
ALT992,20160426,147.37,147.37,147.37,147.37,0
ALT992,20160427,146.93,146.93,146.93,146.93,0
ALT992,20160428,147.50,147.50,147.50,147.50,0
ALT992,20160429,147.87,147.87,147.87,147.87,0
ALT992,20160502,148.06,148.06,148.06,148.06,0
ALT992,20160504,145.71,145.71,145.71,145.71,0
ALT992,20160505,144.21,144.21,144.21,144.21,0
ALT992,20160506,145.06,145.06,145.06,145.06,0
ALT992,20160509,144.17,144.17,144.17,144.17,0
ALT992,20160510,145.20,145.20,145.20,145.20,0
ALT992,20160511,145.31,145.31,145.31,145.31,0
ALT992,20160512,144.15,144.15,144.15,144.15,0
ALT992,20160513,144.91,144.91,144.91,144.91,0
ALT992,20160516,146.51,146.51,146.51,146.51,0
ALT992,20160517,146.68,146.68,146.68,146.68,0
ALT992,20160518,146.70,146.70,146.70,146.70,0
ALT992,20160519,144.95,144.95,144.95,144.95,0
ALT992,20160520,145.44,145.44,145.44,145.44,0
ALT992,20160523,145.53,145.53,145.53,145.53,0
ALT992,20160524,145.39,145.39,145.39,145.39,0
ALT992,20160525,146.68,146.68,146.68,146.68,0
ALT992,20160527,147.36,147.36,147.36,147.36,0
ALT992,20160530,147.21,147.21,147.21,147.21,0
ALT992,20160531,146.08,146.08,146.08,146.08,0
ALT992,20160601,143.42,143.42,143.42,143.42,0
ALT992,20160602,143.19,143.19,143.19,143.19,0
ALT992,20160603,144.43,144.43,144.43,144.43,0
ALT992,20160606,144.86,144.86,144.86,144.86,0
ALT992,20160607,145.91,145.91,145.91,145.91,0
ALT992,20160608,145.60,145.60,145.60,145.60,0
ALT992,20160609,144.75,144.75,144.75,144.75,0
ALT992,20160610,143.82,143.82,143.82,143.82,0
ALT992,20160613,142.61,142.61,142.61,142.61,0
ALT992,20160614,140.91,140.91,140.91,140.91,0
ALT992,20160615,141.88,141.88,141.88,141.88,0
ALT992,20160616,139.22,139.22,139.22,139.22,0
ALT992,20160617,140.34,140.34,140.34,140.34,0
ALT992,20160620,142.07,142.07,142.07,142.07,0
ALT992,20160621,142.43,142.43,142.43,142.43,0
ALT992,20160622,143.36,143.36,143.36,143.36,0
ALT992,20160623,144.06,144.06,144.06,144.06,0
ALT992,20160624,139.55,139.55,139.55,139.55,0
ALT992,20160627,137.78,137.78,137.78,137.78,0
ALT992,20160628,139.08,139.08,139.08,139.08,0
ALT992,20160629,140.66,140.66,140.66,140.66,0
ALT992,20160630,140.91,140.91,140.91,140.91,0
ALT992,20160701,140.70,140.70,140.70,140.70,0
ALT992,20160704,140.48,140.48,140.48,140.48,0
ALT992,20160705,140.42,140.42,140.42,140.42,0
ALT992,20160706,139.14,139.14,139.14,139.14,0
ALT992,20160707,139.96,139.96,139.96,139.96,0
ALT992,20160708,140.02,140.02,140.02,140.02,0
ALT992,20160711,141.10,141.10,141.10,141.10,0
ALT992,20160712,141.82,141.82,141.82,141.82,0
ALT992,20160713,141.43,141.43,141.43,141.43,0
ALT992,20160714,141.55,141.55,141.55,141.55,0
ALT992,20160715,142.25,142.25,142.25,142.25,0
ALT992,20160718,142.75,142.75,142.75,142.75,0
ALT992,20160719,142.96,142.96,142.96,142.96,0
ALT992,20160720,143.75,143.75,143.75,143.75,0
ALT992,20160721,143.92,143.92,143.92,143.92,0
ALT992,20160722,143.97,143.97,143.97,143.97,0
ALT992,20160725,144.52,144.52,144.52,144.52,0
ALT992,20160726,145.33,145.33,145.33,145.33,0
ALT992,20160727,145.35,145.35,145.35,145.35,0
ALT992,20160728,145.44,145.44,145.44,145.44,0
ALT992,20160729,144.18,144.18,144.18,144.18,0
ALT992,20160801,144.19,144.19,144.19,144.19,0
ALT992,20160802,145.01,145.01,145.01,145.01,0
ALT992,20160803,144.30,144.30,144.30,144.30,0
ALT992,20160804,145.13,145.13,145.13,145.13,0
ALT992,20160805,145.59,145.59,145.59,145.59,0
ALT992,20160808,146.67,146.67,146.67,146.67,0
ALT992,20160809,147.99,147.99,147.99,147.99,0
ALT992,20160810,147.95,147.95,147.95,147.95,0
ALT992,20160811,148.93,148.93,148.93,148.93,0
ALT992,20160812,149.27,149.27,149.27,149.27,0
ALT992,20160816,148.33,148.33,148.33,148.33,0
ALT992,20160817,147.20,147.20,147.20,147.20,0
ALT992,20160818,146.97,146.97,146.97,146.97,0
ALT992,20160819,146.48,146.48,146.48,146.48,0
ALT992,20160822,147.07,147.07,147.07,147.07,0
ALT992,20160823,147.19,147.19,147.19,147.19,0
ALT992,20160824,147.54,147.54,147.54,147.54,0
ALT992,20160825,148.00,148.00,148.00,148.00,0
ALT992,20160826,148.17,148.17,148.17,148.17,0
ALT992,20160829,147.89,147.89,147.89,147.89,0
ALT992,20160830,148.92,148.92,148.92,148.92,0
ALT992,20160831,148.55,148.55,148.55,148.55,0
ALT992,20160901,147.18,147.18,147.18,147.18,0
ALT992,20160902,148.06,148.06,148.06,148.06,0
ALT992,20160905,149.08,149.08,149.08,149.08,0
ALT992,20160906,149.69,149.69,149.69,149.69,0
ALT992,20160907,151.11,151.11,151.11,151.11,0
ALT992,20160908,150.61,150.61,150.61,150.61,0
ALT992,20160909,149.40,149.40,149.40,149.40,0
ALT992,20160912,148.12,148.12,148.12,148.12,0
ALT992,20160913,147.88,147.88,147.88,147.88,0
ALT992,20160914,148.88,148.88,148.88,148.88,0
ALT992,20160915,148.98,148.98,148.98,148.98,0
ALT992,20160916,149.12,149.12,149.12,149.12,0
ALT992,20160919,149.19,149.19,149.19,149.19,0
ALT992,20160920,149.02,149.02,149.02,149.02,0
ALT992,20160921,149.66,149.66,149.66,149.66,0
ALT992,20160922,151.15,151.15,151.15,151.15,0
ALT992,20160923,150.46,150.46,150.46,150.46,0
ALT992,20160926,149.86,149.86,149.86,149.86,0
ALT992,20160927,149.95,149.95,149.95,149.95,0
ALT992,20160928,150.60,150.60,150.60,150.60,0
ALT992,20160929,151.29,151.29,151.29,151.29,0
ALT992,20160930,151.05,151.05,151.05,151.05,0
ALT992,20161003,151.33,151.33,151.33,151.33,0
ALT992,20161004,151.81,151.81,151.81,151.81,0
ALT992,20161005,151.38,151.38,151.38,151.38,0
ALT992,20161006,150.73,150.73,150.73,150.73,0
ALT992,20161007,150.33,150.33,150.33,150.33,0
ALT992,20161010,150.99,150.99,150.99,150.99,0
ALT992,20161011,150.48,150.48,150.48,150.48,0
ALT992,20161012,150.36,150.36,150.36,150.36,0
ALT992,20161013,148.74,148.74,148.74,148.74,0
ALT992,20161014,149.63,149.63,149.63,149.63,0
ALT992,20161017,148.85,148.85,148.85,148.85,0
ALT992,20161018,149.21,149.21,149.21,149.21,0
ALT992,20161019,149.51,149.51,149.51,149.51,0
ALT992,20161020,149.05,149.05,149.05,149.05,0
ALT992,20161021,149.65,149.65,149.65,149.65,0
ALT992,20161024,150.18,150.18,150.18,150.18,0
ALT992,20161025,150.72,150.72,150.72,150.72,0
ALT992,20161026,150.87,150.87,150.87,150.87,0
ALT992,20161027,151.70,151.70,151.70,151.70,0
ALT992,20161028,153.00,153.00,153.00,153.00,0
ALT992,20161031,153.59,153.59,153.59,153.59,0
ALT992,20161102,150.79,150.79,150.79,150.79,0
ALT992,20161103,150.66,150.66,150.66,150.66,0
ALT992,20161104,150.11,150.11,150.11,150.11,0
ALT992,20161107,150.42,150.42,150.42,150.42,0
ALT992,20161108,150.35,150.35,150.35,150.35,0
ALT992,20161109,150.94,150.94,150.94,150.94,0
ALT992,20161110,151.93,151.93,151.93,151.93,0
ALT992,20161114,150.89,150.89,150.89,150.89,0
ALT992,20161115,150.38,150.38,150.38,150.38,0
ALT992,20161116,150.20,150.20,150.20,150.20,0
ALT992,20161117,150.15,150.15,150.15,150.15,0
ALT992,20161118,149.51,149.51,149.51,149.51,0
ALT992,20161121,150.24,150.24,150.24,150.24,0
ALT992,20161122,151.35,151.35,151.35,151.35,0
ALT992,20161123,152.35,152.35,152.35,152.35,0
ALT992,20161124,153.13,153.13,153.13,153.13,0
ALT992,20161125,152.84,152.84,152.84,152.84,0
ALT992,20161128,151.86,151.86,151.86,151.86,0
ALT992,20161129,152.29,152.29,152.29,152.29,0
ALT992,20161130,153.25,153.25,153.25,153.25,0
ALT992,20161201,152.52,152.52,152.52,152.52,0
ALT992,20161202,152.40,152.40,152.40,152.40,0
ALT992,20161205,154.15,154.15,154.15,154.15,0
ALT992,20161206,155.91,155.91,155.91,155.91,0
ALT992,20161207,156.73,156.73,156.73,156.73,0
ALT992,20161208,158.01,158.01,158.01,158.01,0
ALT992,20161209,157.41,157.41,157.41,157.41,0
ALT992,20161212,156.86,156.86,156.86,156.86,0
ALT992,20161213,157.69,157.69,157.69,157.69,0
ALT992,20161214,157.94,157.94,157.94,157.94,0
ALT992,20161215,157.38,157.38,157.38,157.38,0
ALT992,20161216,157.28,157.28,157.28,157.28,0
ALT992,20161219,156.63,156.63,156.63,156.63,0
ALT992,20161220,157.49,157.49,157.49,157.49,0
ALT992,20161221,157.37,157.37,157.37,157.37,0
ALT992,20161222,157.74,157.74,157.74,157.74,0
ALT992,20161223,157.61,157.61,157.61,157.61,0
ALT992,20161227,157.28,157.28,157.28,157.28,0
ALT992,20161228,157.19,157.19,157.19,157.19,0
ALT992,20161229,158.16,158.16,158.16,158.16,0
ALT992,20161230,157.42,157.42,157.42,157.42,0
ALT992,20170102,158.44,158.44,158.44,158.44,0
ALT992,20170103,160.16,160.16,160.16,160.16,0
ALT992,20170104,160.44,160.44,160.44,160.44,0
ALT992,20170105,159.68,159.68,159.68,159.68,0
ALT992,20170109,160.29,160.29,160.29,160.29,0
ALT992,20170110,161.94,161.94,161.94,161.94,0
ALT992,20170111,162.12,162.12,162.12,162.12,0
ALT992,20170112,161.52,161.52,161.52,161.52,0
ALT992,20170113,161.47,161.47,161.47,161.47,0
ALT992,20170116,161.91,161.91,161.91,161.91,0
ALT992,20170117,161.92,161.92,161.92,161.92,0
ALT992,20170118,162.18,162.18,162.18,162.18,0
ALT992,20170119,162.42,162.42,162.42,162.42,0
ALT992,20170120,162.40,162.40,162.40,162.40,0
ALT992,20170123,162.33,162.33,162.33,162.33,0
ALT992,20170124,164.01,164.01,164.01,164.01,0
ALT992,20170125,168.20,168.20,168.20,168.20,0
ALT992,20170126,167.86,167.86,167.86,167.86,0
ALT992,20170127,168.28,168.28,168.28,168.28,0
ALT992,20170130,167.39,167.39,167.39,167.39,0
ALT992,20170131,168.91,168.91,168.91,168.91,0
ALT992,20170201,169.58,169.58,169.58,169.58,0
ALT992,20170202,168.51,168.51,168.51,168.51,0
ALT992,20170203,168.61,168.61,168.61,168.61,0
ALT992,20170206,168.66,168.66,168.66,168.66,0
ALT992,20170207,168.24,168.24,168.24,168.24,0
ALT992,20170208,168.66,168.66,168.66,168.66,0
ALT992,20170209,170.84,170.84,170.84,170.84,0
ALT992,20170210,172.40,172.40,172.40,172.40,0
ALT992,20170213,173.74,173.74,173.74,173.74,0
ALT992,20170214,173.53,173.53,173.53,173.53,0
ALT992,20170215,172.96,172.96,172.96,172.96,0
ALT992,20170216,175.61,175.61,175.61,175.61,0
ALT992,20170217,174.13,174.13,174.13,174.13,0
ALT992,20170220,174.36,174.36,174.36,174.36,0
ALT992,20170221,177.35,177.35,177.35,177.35,0
ALT992,20170222,176.75,176.75,176.75,176.75,0
ALT992,20170223,176.65,176.65,176.65,176.65,0
ALT992,20170224,175.03,175.03,175.03,175.03,0
ALT992,20170227,175.70,175.70,175.70,175.70,0
ALT992,20170228,175.05,175.05,175.05,175.05,0
ALT992,20170301,177.93,177.93,177.93,177.93,0
ALT992,20170302,177.92,177.92,177.92,177.92,0
ALT992,20170303,176.14,176.14,176.14,176.14,0
ALT992,20170306,175.00,175.00,175.00,175.00,0
ALT992,20170307,174.41,174.41,174.41,174.41,0
ALT992,20170308,174.56,174.56,174.56,174.56,0
ALT992,20170309,174.22,174.22,174.22,174.22,0
ALT992,20170310,174.96,174.96,174.96,174.96,0
ALT992,20170313,177.32,177.32,177.32,177.32,0
ALT992,20170314,176.57,176.57,176.57,176.57,0
ALT992,20170315,176.18,176.18,176.18,176.18,0
ALT992,20170316,178.65,178.65,178.65,178.65,0
ALT992,20170317,178.71,178.71,178.71,178.71,0
ALT992,20170320,178.32,178.32,178.32,178.32,0
ALT992,20170321,176.68,176.68,176.68,176.68,0
ALT992,20170322,175.15,175.15,175.15,175.15,0
ALT992,20170323,175.53,175.53,175.53,175.53,0
ALT992,20170324,176.64,176.64,176.64,176.64,0
ALT992,20170327,175.20,175.20,175.20,175.20,0
ALT992,20170328,176.31,176.31,176.31,176.31,0
ALT992,20170329,176.20,176.20,176.20,176.20,0
ALT992,20170330,176.04,176.04,176.04,176.04,0
ALT992,20170331,175.91,175.91,175.91,175.91,0
ALT992,20170403,176.06,176.06,176.06,176.06,0
ALT992,20170404,176.67,176.67,176.67,176.67,0
ALT992,20170405,177.66,177.66,177.66,177.66,0
ALT992,20170406,177.96,177.96,177.96,177.96,0
ALT992,20170407,178.12,178.12,178.12,178.12,0
ALT992,20170410,177.67,177.67,177.67,177.67,0
ALT992,20170411,175.88,175.88,175.88,175.88,0
ALT992,20170412,175.56,175.56,175.56,175.56,0
ALT992,20170413,175.64,175.64,175.64,175.64,0
ALT992,20170418,174.92,174.92,174.92,174.92,0
ALT992,20170419,176.44,176.44,176.44,176.44,0
ALT992,20170420,176.95,176.95,176.95,176.95,0
ALT992,20170421,175.91,175.91,175.91,175.91,0
ALT992,20170424,177.98,177.98,177.98,177.98,0
ALT992,20170425,179.76,179.76,179.76,179.76,0
ALT992,20170426,181.05,181.05,181.05,181.05,0
ALT992,20170427,181.71,181.71,181.71,181.71,0
ALT992,20170428,182.00,182.00,182.00,182.00,0
ALT992,20170502,182.72,182.72,182.72,182.72,0
ALT992,20170504,183.36,183.36,183.36,183.36,0
ALT992,20170505,182.78,182.78,182.78,182.78,0
ALT992,20170508,182.12,182.12,182.12,182.12,0
ALT992,20170509,183.81,183.81,183.81,183.81,0
ALT992,20170510,183.12,183.12,183.12,183.12,0
ALT992,20170511,182.46,182.46,182.46,182.46,0
ALT992,20170512,182.07,182.07,182.07,182.07,0
ALT992,20170515,182.25,182.25,182.25,182.25,0
ALT992,20170516,181.38,181.38,181.38,181.38,0
ALT992,20170517,179.88,179.88,179.88,179.88,0
ALT992,20170518,178.50,178.50,178.50,178.50,0
ALT992,20170519,180.12,180.12,180.12,180.12,0
ALT992,20170522,179.94,179.94,179.94,179.94,0
ALT992,20170523,180.05,180.05,180.05,180.05,0
ALT992,20170524,180.87,180.87,180.87,180.87,0
ALT992,20170525,182.21,182.21,182.21,182.21,0
ALT992,20170526,181.40,181.40,181.40,181.40,0
ALT992,20170529,182.05,182.05,182.05,182.05,0
ALT992,20170530,181.29,181.29,181.29,181.29,0
ALT992,20170531,180.39,180.39,180.39,180.39,0
ALT992,20170601,180.57,180.57,180.57,180.57,0
ALT992,20170602,181.45,181.45,181.45,181.45,0
ALT992,20170605,180.61,180.61,180.61,180.61,0
ALT992,20170606,180.53,180.53,180.53,180.53,0
ALT992,20170607,180.58,180.58,180.58,180.58,0
ALT992,20170608,181.37,181.37,181.37,181.37,0
ALT992,20170609,181.67,181.67,181.67,181.67,0
ALT992,20170612,179.90,179.90,179.90,179.90,0
ALT992,20170613,180.52,180.52,180.52,180.52,0
ALT992,20170614,180.09,180.09,180.09,180.09,0
ALT992,20170616,180.04,180.04,180.04,180.04,0
ALT992,20170619,181.20,181.20,181.20,181.20,0
ALT992,20170620,180.66,180.66,180.66,180.66,0
ALT992,20170621,181.19,181.19,181.19,181.19,0
ALT992,20170622,180.92,180.92,180.92,180.92,0
ALT992,20170623,180.72,180.72,180.72,180.72,0
ALT992,20170626,182.79,182.79,182.79,182.79,0
ALT992,20170627,183.65,183.65,183.65,183.65,0
ALT992,20170628,182.67,182.67,182.67,182.67,0
ALT992,20170629,181.73,181.73,181.73,181.73,0
ALT992,20170630,181.40,181.40,181.40,181.40,0
ALT992,20170703,182.48,182.48,182.48,182.48,0
ALT992,20170704,181.64,181.64,181.64,181.64,0
ALT992,20170705,181.24,181.24,181.24,181.24,0
ALT992,20170706,181.46,181.46,181.46,181.46,0
ALT992,20170707,180.87,180.87,180.87,180.87,0
ALT992,20170710,181.20,181.20,181.20,181.20,0
ALT992,20170711,181.36,181.36,181.36,181.36,0
ALT992,20170712,183.21,183.21,183.21,183.21,0
ALT992,20170713,184.43,184.43,184.43,184.43,0
ALT992,20170714,184.52,184.52,184.52,184.52,0
ALT992,20170717,185.74,185.74,185.74,185.74,0
ALT992,20170718,184.76,184.76,184.76,184.76,0
ALT992,20170719,185.67,185.67,185.67,185.67,0
ALT992,20170720,184.59,184.59,184.59,184.59,0
ALT992,20170721,183.93,183.93,183.93,183.93,0
ALT992,20170724,183.20,183.20,183.20,183.20,0
ALT992,20170725,184.33,184.33,184.33,184.33,0
ALT992,20170726,185.57,185.57,185.57,185.57,0
ALT992,20170727,185.78,185.78,185.78,185.78,0
ALT992,20170728,185.91,185.91,185.91,185.91,0
ALT992,20170731,186.65,186.65,186.65,186.65,0
ALT992,20170801,186.68,186.68,186.68,186.68,0
ALT992,20170802,185.12,185.12,185.12,185.12,0
ALT992,20170803,184.07,184.07,184.07,184.07,0
ALT992,20170804,184.71,184.71,184.71,184.71,0
ALT992,20170807,185.13,185.13,185.13,185.13,0
ALT992,20170808,186.11,186.11,186.11,186.11,0
ALT992,20170809,184.54,184.54,184.54,184.54,0
ALT992,20170810,183.50,183.50,183.50,183.50,0
ALT992,20170811,182.93,182.93,182.93,182.93,0
ALT992,20170814,182.93,182.93,182.93,182.93,0
ALT992,20170816,183.62,183.62,183.62,183.62,0
ALT992,20170817,182.43,182.43,182.43,182.43,0
ALT992,20170818,182.39,182.39,182.39,182.39,0
ALT992,20170821,183.30,183.30,183.30,183.30,0
ALT992,20170822,184.17,184.17,184.17,184.17,0
ALT992,20170823,184.15,184.15,184.15,184.15,0
ALT992,20170824,185.95,185.95,185.95,185.95,0
ALT992,20170825,185.94,185.94,185.94,185.94,0
ALT992,20170828,187.31,187.31,187.31,187.31,0
ALT992,20170829,185.87,185.87,185.87,185.87,0
ALT992,20170830,187.00,187.00,187.00,187.00,0
ALT992,20170831,187.46,187.46,187.46,187.46,0
ALT992,20170901,187.73,187.73,187.73,187.73,0
ALT992,20170904,187.57,187.57,187.57,187.57,0
ALT992,20170905,187.17,187.17,187.17,187.17,0
ALT992,20170906,186.37,186.37,186.37,186.37,0
ALT992,20170907,185.90,185.90,185.90,185.90,0
ALT992,20170908,185.69,185.69,185.69,185.69,0
ALT992,20170911,186.73,186.73,186.73,186.73,0
ALT992,20170912,186.85,186.85,186.85,186.85,0
ALT992,20170913,186.73,186.73,186.73,186.73,0
ALT992,20170914,186.41,186.41,186.41,186.41,0
ALT992,20170915,186.29,186.29,186.29,186.29,0
ALT992,20170918,186.55,186.55,186.55,186.55,0
ALT992,20170919,187.12,187.12,187.12,187.12,0
ALT992,20170920,187.15,187.15,187.15,187.15,0
ALT992,20170921,186.66,186.66,186.66,186.66,0
