Name,Date,Open,High,Low,Close,Volume
BPH028,20140716,100.00,100.00,100.00,100.00,0
BPH028,20140717,100.03,100.03,100.03,100.03,0
BPH028,20140718,100.04,100.04,100.04,100.04,0
BPH028,20140721,100.04,100.04,100.04,100.04,0
BPH028,20140722,100.04,100.04,100.04,100.04,0
BPH028,20140723,100.08,100.08,100.08,100.08,0
BPH028,20140724,100.08,100.08,100.08,100.08,0
BPH028,20140725,100.08,100.08,100.08,100.08,0
BPH028,20140728,100.09,100.09,100.09,100.09,0
BPH028,20140729,100.11,100.11,100.11,100.11,0
BPH028,20140730,100.08,100.08,100.08,100.08,0
BPH028,20140731,99.96,99.96,99.96,99.96,0
BPH028,20140801,100.01,100.01,100.01,100.01,0
BPH028,20140804,100.16,100.16,100.16,100.16,0
BPH028,20140805,100.10,100.10,100.10,100.10,0
BPH028,20140806,100.14,100.14,100.14,100.14,0
BPH028,20140807,100.19,100.19,100.19,100.19,0
BPH028,20140808,100.16,100.16,100.16,100.16,0
BPH028,20140811,100.20,100.20,100.20,100.20,0
BPH028,20140812,100.23,100.23,100.23,100.23,0
BPH028,20140813,100.28,100.28,100.28,100.28,0
BPH028,20140814,100.31,100.31,100.31,100.31,0
BPH028,20140818,100.36,100.36,100.36,100.36,0
BPH028,20140819,100.41,100.41,100.41,100.41,0
BPH028,20140820,100.42,100.42,100.42,100.42,0
BPH028,20140821,100.50,100.50,100.50,100.50,0
BPH028,20140822,100.51,100.51,100.51,100.51,0
BPH028,20140825,100.54,100.54,100.54,100.54,0
BPH028,20140826,100.59,100.59,100.59,100.59,0
BPH028,20140827,100.65,100.65,100.65,100.65,0
BPH028,20140828,100.61,100.61,100.61,100.61,0
BPH028,20140829,100.63,100.63,100.63,100.63,0
BPH028,20140901,100.68,100.68,100.68,100.68,0
BPH028,20140902,100.67,100.67,100.67,100.67,0
BPH028,20140903,100.73,100.73,100.73,100.73,0
BPH028,20140904,100.79,100.79,100.79,100.79,0
BPH028,20140905,100.80,100.80,100.80,100.80,0
BPH028,20140908,100.86,100.86,100.86,100.86,0
BPH028,20140909,100.78,100.78,100.78,100.78,0
BPH028,20140910,100.76,100.76,100.76,100.76,0
BPH028,20140911,100.80,100.80,100.80,100.80,0
BPH028,20140912,100.76,100.76,100.76,100.76,0
BPH028,20140915,100.83,100.83,100.83,100.83,0
BPH028,20140916,100.80,100.80,100.80,100.80,0
BPH028,20140917,100.83,100.83,100.83,100.83,0
BPH028,20140918,100.84,100.84,100.84,100.84,0
BPH028,20140919,100.86,100.86,100.86,100.86,0
BPH028,20140922,100.90,100.90,100.90,100.90,0
BPH028,20140923,100.92,100.92,100.92,100.92,0
BPH028,20140924,100.97,100.97,100.97,100.97,0
BPH028,20140925,101.01,101.01,101.01,101.01,0
BPH028,20140926,100.98,100.98,100.98,100.98,0
BPH028,20140929,100.99,100.99,100.99,100.99,0
BPH028,20140930,100.92,100.92,100.92,100.92,0
BPH028,20141001,100.96,100.96,100.96,100.96,0
BPH028,20141002,100.92,100.92,100.92,100.92,0
BPH028,20141003,100.93,100.93,100.93,100.93,0
BPH028,20141006,100.99,100.99,100.99,100.99,0
BPH028,20141007,101.02,101.02,101.02,101.02,0
BPH028,20141008,101.06,101.06,101.06,101.06,0
BPH028,20141009,101.13,101.13,101.13,101.13,0
BPH028,20141010,101.12,101.12,101.12,101.12,0
BPH028,20141013,101.14,101.14,101.14,101.14,0
BPH028,20141014,101.20,101.20,101.20,101.20,0
BPH028,20141015,101.22,101.22,101.22,101.22,0
BPH028,20141016,101.13,101.13,101.13,101.13,0
BPH028,20141017,101.15,101.15,101.15,101.15,0
BPH028,20141020,101.18,101.18,101.18,101.18,0
BPH028,20141021,101.17,101.17,101.17,101.17,0
BPH028,20141022,101.21,101.21,101.21,101.21,0
BPH028,20141023,101.18,101.18,101.18,101.18,0
BPH028,20141024,101.17,101.17,101.17,101.17,0
BPH028,20141027,101.19,101.19,101.19,101.19,0
BPH028,20141028,101.20,101.20,101.20,101.20,0
BPH028,20141029,101.22,101.22,101.22,101.22,0
BPH028,20141030,101.21,101.21,101.21,101.21,0
BPH028,20141031,101.28,101.28,101.28,101.28,0
BPH028,20141103,101.28,101.28,101.28,101.28,0
BPH028,20141104,101.28,101.28,101.28,101.28,0
BPH028,20141105,101.27,101.27,101.27,101.27,0
BPH028,20141106,101.25,101.25,101.25,101.25,0
BPH028,20141107,101.28,101.28,101.28,101.28,0
BPH028,20141110,101.29,101.29,101.29,101.29,0
BPH028,20141112,101.31,101.31,101.31,101.31,0
BPH028,20141113,101.34,101.34,101.34,101.34,0
BPH028,20141114,101.32,101.32,101.32,101.32,0
BPH028,20141117,101.33,101.33,101.33,101.33,0
BPH028,20141118,101.32,101.32,101.32,101.32,0
BPH028,20141119,101.29,101.29,101.29,101.29,0
BPH028,20141120,101.33,101.33,101.33,101.33,0
BPH028,20141121,101.38,101.38,101.38,101.38,0
BPH028,20141124,101.40,101.40,101.40,101.40,0
BPH028,20141125,101.43,101.43,101.43,101.43,0
BPH028,20141126,101.47,101.47,101.47,101.47,0
BPH028,20141127,101.49,101.49,101.49,101.49,0
BPH028,20141128,101.51,101.51,101.51,101.51,0
BPH028,20141201,101.52,101.52,101.52,101.52,0
BPH028,20141202,101.51,101.51,101.51,101.51,0
BPH028,20141203,101.50,101.50,101.50,101.50,0
BPH028,20141204,101.51,101.51,101.51,101.51,0
BPH028,20141205,101.50,101.50,101.50,101.50,0
BPH028,20141208,101.52,101.52,101.52,101.52,0
BPH028,20141209,101.51,101.51,101.51,101.51,0
BPH028,20141210,101.49,101.49,101.49,101.49,0
BPH028,20141211,101.50,101.50,101.50,101.50,0
BPH028,20141212,101.51,101.51,101.51,101.51,0
BPH028,20141215,101.50,101.50,101.50,101.50,0
BPH028,20141216,101.44,101.44,101.44,101.44,0
BPH028,20141217,101.46,101.46,101.46,101.46,0
BPH028,20141218,101.48,101.48,101.48,101.48,0
BPH028,20141219,101.45,101.45,101.45,101.45,0
BPH028,20141222,101.48,101.48,101.48,101.48,0
BPH028,20141223,101.48,101.48,101.48,101.48,0
BPH028,20141229,101.52,101.52,101.52,101.52,0
BPH028,20141230,101.53,101.53,101.53,101.53,0
BPH028,20150102,101.56,101.56,101.56,101.56,0
BPH028,20150105,101.58,101.58,101.58,101.58,0
BPH028,20150107,101.61,101.61,101.61,101.61,0
BPH028,20150108,101.62,101.62,101.62,101.62,0
BPH028,20150109,101.62,101.62,101.62,101.62,0
BPH028,20150112,101.65,101.65,101.65,101.65,0
BPH028,20150113,101.66,101.66,101.66,101.66,0
BPH028,20150114,101.71,101.71,101.71,101.71,0
BPH028,20150115,101.71,101.71,101.71,101.71,0
BPH028,20150116,101.69,101.69,101.69,101.69,0
BPH028,20150119,101.69,101.69,101.69,101.69,0
BPH028,20150120,101.68,101.68,101.68,101.68,0
BPH028,20150121,101.70,101.70,101.70,101.70,0
BPH028,20150122,101.72,101.72,101.72,101.72,0
BPH028,20150123,101.93,101.93,101.93,101.93,0
BPH028,20150126,101.94,101.94,101.94,101.94,0
BPH028,20150127,101.98,101.98,101.98,101.98,0
BPH028,20150128,102.01,102.01,102.01,102.01,0
BPH028,20150129,102.05,102.05,102.05,102.05,0
BPH028,20150130,102.10,102.10,102.10,102.10,0
BPH028,20150202,102.11,102.11,102.11,102.11,0
BPH028,20150203,102.12,102.12,102.12,102.12,0
BPH028,20150204,102.15,102.15,102.15,102.15,0
BPH028,20150205,102.15,102.15,102.15,102.15,0
BPH028,20150206,102.12,102.12,102.12,102.12,0
BPH028,20150209,102.07,102.07,102.07,102.07,0
BPH028,20150210,102.08,102.08,102.08,102.08,0
BPH028,20150211,102.09,102.09,102.09,102.09,0
BPH028,20150212,102.22,102.22,102.22,102.22,0
BPH028,20150213,102.21,102.21,102.21,102.21,0
BPH028,20150216,102.21,102.21,102.21,102.21,0
BPH028,20150217,102.20,102.20,102.20,102.20,0
BPH028,20150218,102.19,102.19,102.19,102.19,0
BPH028,20150219,102.21,102.21,102.21,102.21,0
BPH028,20150220,102.20,102.20,102.20,102.20,0
BPH028,20150223,102.24,102.24,102.24,102.24,0
BPH028,20150224,102.26,102.26,102.26,102.26,0
BPH028,20150225,102.28,102.28,102.28,102.28,0
BPH028,20150226,102.32,102.32,102.32,102.32,0
BPH028,20150227,102.29,102.29,102.29,102.29,0
BPH028,20150302,102.32,102.32,102.32,102.32,0
BPH028,20150303,102.31,102.31,102.31,102.31,0
BPH028,20150304,102.34,102.34,102.34,102.34,0
BPH028,20150305,102.35,102.35,102.35,102.35,0
BPH028,20150306,102.32,102.32,102.32,102.32,0
BPH028,20150309,102.31,102.31,102.31,102.31,0
BPH028,20150310,102.31,102.31,102.31,102.31,0
BPH028,20150311,102.34,102.34,102.34,102.34,0
BPH028,20150312,102.38,102.38,102.38,102.38,0
BPH028,20150313,102.38,102.38,102.38,102.38,0
BPH028,20150316,102.41,102.41,102.41,102.41,0
BPH028,20150317,102.40,102.40,102.40,102.40,0
BPH028,20150318,102.41,102.41,102.41,102.41,0
BPH028,20150319,102.45,102.45,102.45,102.45,0
BPH028,20150320,102.49,102.49,102.49,102.49,0
BPH028,20150323,102.49,102.49,102.49,102.49,0
BPH028,20150324,102.50,102.50,102.50,102.50,0
BPH028,20150325,102.52,102.52,102.52,102.52,0
BPH028,20150326,102.48,102.48,102.48,102.48,0
BPH028,20150327,102.51,102.51,102.51,102.51,0
BPH028,20150330,102.53,102.53,102.53,102.53,0
BPH028,20150331,102.54,102.54,102.54,102.54,0
BPH028,20150401,102.58,102.58,102.58,102.58,0
BPH028,20150402,102.55,102.55,102.55,102.55,0
BPH028,20150407,102.60,102.60,102.60,102.60,0
BPH028,20150408,102.62,102.62,102.62,102.62,0
BPH028,20150409,102.61,102.61,102.61,102.61,0
BPH028,20150410,102.65,102.65,102.65,102.65,0
BPH028,20150413,102.65,102.65,102.65,102.65,0
BPH028,20150414,102.68,102.68,102.68,102.68,0
BPH028,20150415,102.70,102.70,102.70,102.70,0
BPH028,20150416,102.71,102.71,102.71,102.71,0
BPH028,20150417,102.69,102.69,102.69,102.69,0
BPH028,20150420,102.71,102.71,102.71,102.71,0
BPH028,20150421,102.65,102.65,102.65,102.65,0
BPH028,20150422,102.63,102.63,102.63,102.63,0
BPH028,20150423,102.64,102.64,102.64,102.64,0
BPH028,20150424,102.63,102.63,102.63,102.63,0
BPH028,20150427,102.64,102.64,102.64,102.64,0
BPH028,20150428,102.62,102.62,102.62,102.62,0
BPH028,20150429,102.64,102.64,102.64,102.64,0
BPH028,20150430,102.64,102.64,102.64,102.64,0
BPH028,20150504,102.62,102.62,102.62,102.62,0
BPH028,20150505,102.61,102.61,102.61,102.61,0
BPH028,20150506,102.46,102.46,102.46,102.46,0
BPH028,20150507,102.48,102.48,102.48,102.48,0
BPH028,20150508,102.58,102.58,102.58,102.58,0
BPH028,20150511,102.53,102.53,102.53,102.53,0
BPH028,20150512,102.49,102.49,102.49,102.49,0
BPH028,20150513,102.48,102.48,102.48,102.48,0
BPH028,20150514,102.55,102.55,102.55,102.55,0
BPH028,20150515,102.59,102.59,102.59,102.59,0
BPH028,20150518,102.56,102.56,102.56,102.56,0
BPH028,20150519,102.60,102.60,102.60,102.60,0
BPH028,20150520,102.61,102.61,102.61,102.61,0
BPH028,20150521,102.63,102.63,102.63,102.63,0
BPH028,20150522,102.64,102.64,102.64,102.64,0
BPH028,20150525,102.57,102.57,102.57,102.57,0
BPH028,20150526,102.56,102.56,102.56,102.56,0
BPH028,20150527,102.58,102.58,102.58,102.58,0
BPH028,20150528,102.61,102.61,102.61,102.61,0
BPH028,20150529,102.60,102.60,102.60,102.60,0
BPH028,20150601,102.61,102.61,102.61,102.61,0
BPH028,20150602,102.59,102.59,102.59,102.59,0
BPH028,20150603,102.55,102.55,102.55,102.55,0
BPH028,20150605,102.51,102.51,102.51,102.51,0
BPH028,20150608,102.56,102.56,102.56,102.56,0
BPH028,20150609,102.52,102.52,102.52,102.52,0
BPH028,20150610,102.51,102.51,102.51,102.51,0
BPH028,20150611,102.51,102.51,102.51,102.51,0
BPH028,20150612,102.51,102.51,102.51,102.51,0
BPH028,20150615,102.45,102.45,102.45,102.45,0
BPH028,20150616,102.41,102.41,102.41,102.41,0
BPH028,20150617,102.46,102.46,102.46,102.46,0
BPH028,20150618,102.48,102.48,102.48,102.48,0
BPH028,20150619,102.48,102.48,102.48,102.48,0
BPH028,20150622,102.53,102.53,102.53,102.53,0
BPH028,20150623,102.54,102.54,102.54,102.54,0
BPH028,20150624,102.56,102.56,102.56,102.56,0
BPH028,20150625,102.54,102.54,102.54,102.54,0
BPH028,20150626,102.55,102.55,102.55,102.55,0
BPH028,20150629,102.47,102.47,102.47,102.47,0
BPH028,20150630,102.51,102.51,102.51,102.51,0
BPH028,20150701,102.53,102.53,102.53,102.53,0
BPH028,20150702,102.54,102.54,102.54,102.54,0
BPH028,20150703,102.57,102.57,102.57,102.57,0
BPH028,20150706,102.57,102.57,102.57,102.57,0
BPH028,20150707,102.60,102.60,102.60,102.60,0
BPH028,20150708,102.57,102.57,102.57,102.57,0
BPH028,20150709,102.62,102.62,102.62,102.62,0
BPH028,20150710,102.62,102.62,102.62,102.62,0
BPH028,20150713,102.64,102.64,102.64,102.64,0
BPH028,20150714,102.60,102.60,102.60,102.60,0
BPH028,20150715,102.64,102.64,102.64,102.64,0
BPH028,20150716,102.66,102.66,102.66,102.66,0
BPH028,20150717,102.70,102.70,102.70,102.70,0
BPH028,20150720,102.70,102.70,102.70,102.70,0
BPH028,20150721,102.71,102.71,102.71,102.71,0
BPH028,20150722,102.70,102.70,102.70,102.70,0
BPH028,20150723,102.69,102.69,102.69,102.69,0
BPH028,20150724,102.75,102.75,102.75,102.75,0
BPH028,20150727,102.74,102.74,102.74,102.74,0
BPH028,20150728,102.74,102.74,102.74,102.74,0
BPH028,20150729,102.76,102.76,102.76,102.76,0
BPH028,20150730,102.75,102.75,102.75,102.75,0
BPH028,20150731,102.77,102.77,102.77,102.77,0
BPH028,20150803,102.82,102.82,102.82,102.82,0
BPH028,20150804,102.75,102.75,102.75,102.75,0
BPH028,20150805,102.71,102.71,102.71,102.71,0
BPH028,20150806,102.70,102.70,102.70,102.70,0
BPH028,20150807,102.79,102.79,102.79,102.79,0
BPH028,20150810,102.77,102.77,102.77,102.77,0
BPH028,20150811,102.80,102.80,102.80,102.80,0
BPH028,20150812,102.81,102.81,102.81,102.81,0
BPH028,20150813,102.82,102.82,102.82,102.82,0
BPH028,20150814,102.83,102.83,102.83,102.83,0
BPH028,20150817,102.84,102.84,102.84,102.84,0
BPH028,20150818,102.84,102.84,102.84,102.84,0
BPH028,20150819,102.85,102.85,102.85,102.85,0
BPH028,20150820,102.88,102.88,102.88,102.88,0
BPH028,20150821,102.89,102.89,102.89,102.89,0
BPH028,20150824,102.78,102.78,102.78,102.78,0
BPH028,20150825,102.77,102.77,102.77,102.77,0
BPH028,20150826,102.76,102.76,102.76,102.76,0
BPH028,20150827,102.78,102.78,102.78,102.78,0
BPH028,20150828,102.80,102.80,102.80,102.80,0
BPH028,20150831,102.79,102.79,102.79,102.79,0
BPH028,20150901,102.76,102.76,102.76,102.76,0
BPH028,20150902,102.73,102.73,102.73,102.73,0
BPH028,20150903,102.77,102.77,102.77,102.77,0
BPH028,20150904,102.82,102.82,102.82,102.82,0
BPH028,20150907,102.79,102.79,102.79,102.79,0
BPH028,20150908,102.80,102.80,102.80,102.80,0
BPH028,20150909,102.80,102.80,102.80,102.80,0
BPH028,20150910,102.76,102.76,102.76,102.76,0
BPH028,20150911,102.65,102.65,102.65,102.65,0
BPH028,20150914,102.69,102.69,102.69,102.69,0
BPH028,20150915,102.71,102.71,102.71,102.71,0
BPH028,20150916,102.66,102.66,102.66,102.66,0
BPH028,20150917,102.65,102.65,102.65,102.65,0
BPH028,20150918,102.75,102.75,102.75,102.75,0
BPH028,20150921,102.76,102.76,102.76,102.76,0
BPH028,20150922,102.82,102.82,102.82,102.82,0
BPH028,20150923,102.82,102.82,102.82,102.82,0
BPH028,20150924,102.83,102.83,102.83,102.83,0
BPH028,20150925,102.80,102.80,102.80,102.80,0
BPH028,20150928,102.81,102.81,102.81,102.81,0
BPH028,20150929,102.78,102.78,102.78,102.78,0
BPH028,20150930,102.77,102.77,102.77,102.77,0
BPH028,20151001,102.80,102.80,102.80,102.80,0
BPH028,20151002,102.87,102.87,102.87,102.87,0
BPH028,20151005,102.92,102.92,102.92,102.92,0
BPH028,20151006,102.90,102.90,102.90,102.90,0
BPH028,20151007,102.92,102.92,102.92,102.92,0
BPH028,20151008,102.92,102.92,102.92,102.92,0
BPH028,20151009,102.93,102.93,102.93,102.93,0
BPH028,20151012,102.93,102.93,102.93,102.93,0
BPH028,20151013,102.92,102.92,102.92,102.92,0
BPH028,20151014,102.95,102.95,102.95,102.95,0
BPH028,20151015,102.98,102.98,102.98,102.98,0
BPH028,20151016,102.97,102.97,102.97,102.97,0
BPH028,20151019,102.98,102.98,102.98,102.98,0
BPH028,20151020,102.96,102.96,102.96,102.96,0
BPH028,20151021,102.99,102.99,102.99,102.99,0
BPH028,20151022,103.05,103.05,103.05,103.05,0
BPH028,20151023,103.08,103.08,103.08,103.08,0
BPH028,20151026,103.11,103.11,103.11,103.11,0
BPH028,20151027,103.13,103.13,103.13,103.13,0
BPH028,20151028,103.15,103.15,103.15,103.15,0
BPH028,20151029,103.12,103.12,103.12,103.12,0
BPH028,20151030,103.14,103.14,103.14,103.14,0
BPH028,20151102,103.17,103.17,103.17,103.17,0
BPH028,20151103,103.18,103.18,103.18,103.18,0
BPH028,20151104,103.16,103.16,103.16,103.16,0
BPH028,20151105,103.16,103.16,103.16,103.16,0
BPH028,20151106,103.14,103.14,103.14,103.14,0
BPH028,20151109,103.14,103.14,103.14,103.14,0
BPH028,20151110,103.16,103.16,103.16,103.16,0
BPH028,20151112,103.24,103.24,103.24,103.24,0
BPH028,20151113,103.25,103.25,103.25,103.25,0
BPH028,20151116,103.27,103.27,103.27,103.27,0
BPH028,20151117,103.27,103.27,103.27,103.27,0
BPH028,20151118,103.24,103.24,103.24,103.24,0
BPH028,20151119,103.24,103.24,103.24,103.24,0
BPH028,20151120,103.25,103.25,103.25,103.25,0
BPH028,20151123,103.26,103.26,103.26,103.26,0
BPH028,20151124,103.28,103.28,103.28,103.28,0
BPH028,20151125,103.29,103.29,103.29,103.29,0
BPH028,20151126,103.31,103.31,103.31,103.31,0
BPH028,20151127,103.31,103.31,103.31,103.31,0
BPH028,20151130,103.32,103.32,103.32,103.32,0
BPH028,20151201,103.31,103.31,103.31,103.31,0
BPH028,20151202,103.31,103.31,103.31,103.31,0
BPH028,20151203,103.26,103.26,103.26,103.26,0
BPH028,20151204,103.19,103.19,103.19,103.19,0
BPH028,20151207,103.23,103.23,103.23,103.23,0
BPH028,20151208,103.20,103.20,103.20,103.20,0
BPH028,20151209,103.18,103.18,103.18,103.18,0
BPH028,20151210,103.17,103.17,103.17,103.17,0
BPH028,20151211,103.12,103.12,103.12,103.12,0
BPH028,20151214,103.04,103.04,103.04,103.04,0
BPH028,20151215,103.02,103.02,103.02,103.02,0
BPH028,20151216,103.06,103.06,103.06,103.06,0
BPH028,20151217,103.13,103.13,103.13,103.13,0
BPH028,20151218,103.15,103.15,103.15,103.15,0
BPH028,20151221,103.19,103.19,103.19,103.19,0
BPH028,20151222,103.17,103.17,103.17,103.17,0
BPH028,20151223,103.15,103.15,103.15,103.15,0
BPH028,20151228,103.17,103.17,103.17,103.17,0
BPH028,20151229,103.25,103.25,103.25,103.25,0
BPH028,20151230,103.45,103.45,103.45,103.45,0
BPH028,20160104,103.40,103.40,103.40,103.40,0
BPH028,20160105,103.55,103.55,103.55,103.55,0
BPH028,20160107,103.60,103.60,103.60,103.60,0
BPH028,20160108,103.63,103.63,103.63,103.63,0
BPH028,20160111,103.67,103.67,103.67,103.67,0
BPH028,20160112,103.71,103.71,103.71,103.71,0
BPH028,20160113,103.76,103.76,103.76,103.76,0
BPH028,20160114,103.62,103.62,103.62,103.62,0
BPH028,20160115,103.54,103.54,103.54,103.54,0
BPH028,20160118,103.28,103.28,103.28,103.28,0
BPH028,20160119,103.36,103.36,103.36,103.36,0
BPH028,20160120,103.29,103.29,103.29,103.29,0
BPH028,20160121,103.24,103.24,103.24,103.24,0
BPH028,20160122,103.28,103.28,103.28,103.28,0
BPH028,20160125,103.29,103.29,103.29,103.29,0
BPH028,20160126,103.28,103.28,103.28,103.28,0
BPH028,20160127,103.29,103.29,103.29,103.29,0
BPH028,20160128,103.33,103.33,103.33,103.33,0
BPH028,20160129,103.34,103.34,103.34,103.34,0
BPH028,20160201,103.36,103.36,103.36,103.36,0
BPH028,20160202,103.35,103.35,103.35,103.35,0
BPH028,20160203,103.37,103.37,103.37,103.37,0
BPH028,20160204,103.41,103.41,103.41,103.41,0
BPH028,20160205,103.38,103.38,103.38,103.38,0
BPH028,20160208,103.34,103.34,103.34,103.34,0
BPH028,20160209,103.30,103.30,103.30,103.30,0
BPH028,20160210,103.32,103.32,103.32,103.32,0
BPH028,20160211,103.26,103.26,103.26,103.26,0
BPH028,20160212,103.29,103.29,103.29,103.29,0
BPH028,20160215,103.37,103.37,103.37,103.37,0
BPH028,20160216,103.38,103.38,103.38,103.38,0
BPH028,20160217,103.43,103.43,103.43,103.43,0
BPH028,20160218,103.52,103.52,103.52,103.52,0
BPH028,20160219,103.54,103.54,103.54,103.54,0
BPH028,20160222,103.57,103.57,103.57,103.57,0
BPH028,20160223,103.60,103.60,103.60,103.60,0
BPH028,20160224,103.61,103.61,103.61,103.61,0
BPH028,20160225,103.65,103.65,103.65,103.65,0
BPH028,20160226,103.62,103.62,103.62,103.62,0
BPH028,20160229,103.61,103.61,103.61,103.61,0
BPH028,20160301,103.63,103.63,103.63,103.63,0
BPH028,20160302,103.61,103.61,103.61,103.61,0
BPH028,20160303,103.64,103.64,103.64,103.64,0
BPH028,20160304,103.66,103.66,103.66,103.66,0
BPH028,20160307,103.69,103.69,103.69,103.69,0
BPH028,20160308,103.71,103.71,103.71,103.71,0
BPH028,20160309,103.69,103.69,103.69,103.69,0
BPH028,20160310,103.72,103.72,103.72,103.72,0
BPH028,20160311,103.77,103.77,103.77,103.77,0
BPH028,20160314,103.81,103.81,103.81,103.81,0
BPH028,20160315,103.79,103.79,103.79,103.79,0
BPH028,20160316,103.75,103.75,103.75,103.75,0
BPH028,20160317,103.80,103.80,103.80,103.80,0
BPH028,20160318,103.83,103.83,103.83,103.83,0
BPH028,20160321,103.84,103.84,103.84,103.84,0
BPH028,20160322,103.82,103.82,103.82,103.82,0
BPH028,20160323,103.82,103.82,103.82,103.82,0
BPH028,20160324,103.83,103.83,103.83,103.83,0
BPH028,20160329,103.87,103.87,103.87,103.87,0
BPH028,20160330,103.88,103.88,103.88,103.88,0
BPH028,20160331,103.91,103.91,103.91,103.91,0
BPH028,20160401,103.93,103.93,103.93,103.93,0
BPH028,20160404,103.96,103.96,103.96,103.96,0
BPH028,20160405,103.94,103.94,103.94,103.94,0
BPH028,20160406,103.91,103.91,103.91,103.91,0
BPH028,20160407,103.91,103.91,103.91,103.91,0
BPH028,20160408,103.92,103.92,103.92,103.92,0
BPH028,20160411,103.94,103.94,103.94,103.94,0
BPH028,20160412,103.94,103.94,103.94,103.94,0
BPH028,20160413,103.95,103.95,103.95,103.95,0
BPH028,20160414,103.93,103.93,103.93,103.93,0
BPH028,20160415,103.95,103.95,103.95,103.95,0
BPH028,20160418,103.96,103.96,103.96,103.96,0
BPH028,20160419,103.97,103.97,103.97,103.97,0
BPH028,20160420,103.99,103.99,103.99,103.99,0
BPH028,20160421,103.98,103.98,103.98,103.98,0
BPH028,20160422,103.97,103.97,103.97,103.97,0
BPH028,20160425,103.97,103.97,103.97,103.97,0
BPH028,20160426,103.97,103.97,103.97,103.97,0
BPH028,20160427,104.00,104.00,104.00,104.00,0
BPH028,20160428,104.00,104.00,104.00,104.00,0
BPH028,20160429,104.00,104.00,104.00,104.00,0
BPH028,20160502,104.01,104.01,104.01,104.01,0
BPH028,20160504,104.00,104.00,104.00,104.00,0
BPH028,20160505,104.01,104.01,104.01,104.01,0
BPH028,20160506,104.02,104.02,104.02,104.02,0
BPH028,20160509,104.04,104.04,104.04,104.04,0
BPH028,20160510,104.03,104.03,104.03,104.03,0
BPH028,20160511,104.04,104.04,104.04,104.04,0
BPH028,20160512,104.05,104.05,104.05,104.05,0
BPH028,20160513,104.06,104.06,104.06,104.06,0
BPH028,20160516,104.09,104.09,104.09,104.09,0
BPH028,20160517,104.09,104.09,104.09,104.09,0
BPH028,20160518,104.08,104.08,104.08,104.08,0
BPH028,20160519,104.06,104.06,104.06,104.06,0
BPH028,20160520,104.06,104.06,104.06,104.06,0
BPH028,20160523,104.06,104.06,104.06,104.06,0
BPH028,20160524,104.08,104.08,104.08,104.08,0
BPH028,20160525,104.08,104.08,104.08,104.08,0
BPH028,20160527,104.11,104.11,104.11,104.11,0
BPH028,20160530,104.08,104.08,104.08,104.08,0
BPH028,20160531,104.11,104.11,104.11,104.11,0
BPH028,20160601,104.10,104.10,104.10,104.10,0
BPH028,20160602,104.10,104.10,104.10,104.10,0
BPH028,20160603,104.08,104.08,104.08,104.08,0
BPH028,20160606,104.10,104.10,104.10,104.10,0
BPH028,20160607,104.10,104.10,104.10,104.10,0
BPH028,20160608,104.14,104.14,104.14,104.14,0
BPH028,20160609,104.15,104.15,104.15,104.15,0
BPH028,20160610,104.16,104.16,104.16,104.16,0
BPH028,20160613,104.14,104.14,104.14,104.14,0
BPH028,20160614,104.12,104.12,104.12,104.12,0
BPH028,20160615,104.13,104.13,104.13,104.13,0
BPH028,20160616,104.11,104.11,104.11,104.11,0
BPH028,20160617,104.14,104.14,104.14,104.14,0
BPH028,20160620,104.23,104.23,104.23,104.23,0
BPH028,20160621,104.22,104.22,104.22,104.22,0
BPH028,20160622,104.26,104.26,104.26,104.26,0
BPH028,20160623,104.29,104.29,104.29,104.29,0
BPH028,20160624,104.19,104.19,104.19,104.19,0
BPH028,20160627,104.27,104.27,104.27,104.27,0
BPH028,20160628,104.30,104.30,104.30,104.30,0
BPH028,20160629,104.34,104.34,104.34,104.34,0
BPH028,20160630,104.42,104.42,104.42,104.42,0
BPH028,20160701,104.37,104.37,104.37,104.37,0
BPH028,20160704,104.36,104.36,104.36,104.36,0
BPH028,20160705,104.39,104.39,104.39,104.39,0
BPH028,20160706,104.39,104.39,104.39,104.39,0
BPH028,20160707,104.38,104.38,104.38,104.38,0
BPH028,20160708,104.39,104.39,104.39,104.39,0
BPH028,20160711,104.42,104.42,104.42,104.42,0
BPH028,20160712,104.43,104.43,104.43,104.43,0
BPH028,20160713,104.45,104.45,104.45,104.45,0
BPH028,20160714,104.47,104.47,104.47,104.47,0
BPH028,20160715,104.47,104.47,104.47,104.47,0
BPH028,20160718,104.51,104.51,104.51,104.51,0
BPH028,20160719,104.53,104.53,104.53,104.53,0
BPH028,20160720,104.52,104.52,104.52,104.52,0
BPH028,20160721,104.54,104.54,104.54,104.54,0
BPH028,20160722,104.56,104.56,104.56,104.56,0
BPH028,20160725,104.58,104.58,104.58,104.58,0
BPH028,20160726,104.57,104.57,104.57,104.57,0
BPH028,20160727,104.58,104.58,104.58,104.58,0
BPH028,20160728,104.58,104.58,104.58,104.58,0
BPH028,20160729,104.58,104.58,104.58,104.58,0
BPH028,20160801,104.57,104.57,104.57,104.57,0
BPH028,20160802,104.55,104.55,104.55,104.55,0
BPH028,20160803,104.62,104.62,104.62,104.62,0
BPH028,20160804,104.62,104.62,104.62,104.62,0
BPH028,20160805,104.59,104.59,104.59,104.59,0
BPH028,20160808,104.61,104.61,104.61,104.61,0
BPH028,20160809,104.61,104.61,104.61,104.61,0
BPH028,20160810,104.65,104.65,104.65,104.65,0
BPH028,20160811,104.66,104.66,104.66,104.66,0
BPH028,20160812,104.71,104.71,104.71,104.71,0
BPH028,20160816,104.74,104.74,104.74,104.74,0
BPH028,20160817,104.71,104.71,104.71,104.71,0
BPH028,20160818,104.76,104.76,104.76,104.76,0
BPH028,20160819,104.79,104.79,104.79,104.79,0
BPH028,20160822,104.76,104.76,104.76,104.76,0
BPH028,20160823,104.76,104.76,104.76,104.76,0
BPH028,20160824,104.76,104.76,104.76,104.76,0
BPH028,20160825,104.76,104.76,104.76,104.76,0
BPH028,20160826,104.77,104.77,104.77,104.77,0
BPH028,20160829,104.77,104.77,104.77,104.77,0
BPH028,20160830,104.75,104.75,104.75,104.75,0
BPH028,20160831,104.74,104.74,104.74,104.74,0
BPH028,20160901,104.72,104.72,104.72,104.72,0
BPH028,20160902,104.71,104.71,104.71,104.71,0
BPH028,20160905,104.69,104.69,104.69,104.69,0
BPH028,20160906,104.74,104.74,104.74,104.74,0
BPH028,20160907,104.77,104.77,104.77,104.77,0
BPH028,20160908,104.74,104.74,104.74,104.74,0
BPH028,20160909,104.71,104.71,104.71,104.71,0
BPH028,20160912,104.73,104.73,104.73,104.73,0
BPH028,20160913,104.73,104.73,104.73,104.73,0
BPH028,20160914,104.73,104.73,104.73,104.73,0
BPH028,20160915,104.73,104.73,104.73,104.73,0
BPH028,20160916,104.72,104.72,104.72,104.72,0
BPH028,20160919,104.74,104.74,104.74,104.74,0
BPH028,20160920,104.74,104.74,104.74,104.74,0
BPH028,20160921,104.74,104.74,104.74,104.74,0
BPH028,20160922,104.78,104.78,104.78,104.78,0
BPH028,20160923,104.80,104.80,104.80,104.80,0
BPH028,20160926,104.79,104.79,104.79,104.79,0
BPH028,20160927,104.78,104.78,104.78,104.78,0
BPH028,20160928,104.78,104.78,104.78,104.78,0
BPH028,20160929,104.78,104.78,104.78,104.78,0
BPH028,20160930,104.78,104.78,104.78,104.78,0
BPH028,20161003,104.79,104.79,104.79,104.79,0
BPH028,20161004,104.79,104.79,104.79,104.79,0
BPH028,20161005,104.77,104.77,104.77,104.77,0
BPH028,20161006,104.77,104.77,104.77,104.77,0
BPH028,20161007,104.76,104.76,104.76,104.76,0
BPH028,20161010,104.77,104.77,104.77,104.77,0
BPH028,20161011,104.78,104.78,104.78,104.78,0
BPH028,20161012,104.80,104.80,104.80,104.80,0
BPH028,20161013,104.78,104.78,104.78,104.78,0
BPH028,20161014,104.78,104.78,104.78,104.78,0
BPH028,20161017,104.76,104.76,104.76,104.76,0
BPH028,20161018,104.79,104.79,104.79,104.79,0
BPH028,20161019,104.79,104.79,104.79,104.79,0
BPH028,20161020,104.85,104.85,104.85,104.85,0
BPH028,20161021,104.82,104.82,104.82,104.82,0
BPH028,20161024,104.84,104.84,104.84,104.84,0
BPH028,20161025,104.81,104.81,104.81,104.81,0
BPH028,20161026,104.75,104.75,104.75,104.75,0
BPH028,20161027,104.74,104.74,104.74,104.74,0
BPH028,20161028,104.76,104.76,104.76,104.76,0
BPH028,20161031,104.76,104.76,104.76,104.76,0
BPH028,20161102,104.76,104.76,104.76,104.76,0
BPH028,20161103,104.63,104.63,104.63,104.63,0
BPH028,20161104,104.65,104.65,104.65,104.65,0
BPH028,20161107,104.69,104.69,104.69,104.69,0
BPH028,20161108,104.74,104.74,104.74,104.74,0
BPH028,20161109,104.58,104.58,104.58,104.58,0
BPH028,20161110,104.52,104.52,104.52,104.52,0
BPH028,20161114,104.50,104.50,104.50,104.50,0
BPH028,20161115,104.50,104.50,104.50,104.50,0
BPH028,20161116,104.50,104.50,104.50,104.50,0
BPH028,20161117,104.48,104.48,104.48,104.48,0
BPH028,20161118,104.38,104.38,104.38,104.38,0
BPH028,20161121,104.48,104.48,104.48,104.48,0
BPH028,20161122,104.49,104.49,104.49,104.49,0
BPH028,20161123,104.36,104.36,104.36,104.36,0
BPH028,20161124,104.41,104.41,104.41,104.41,0
BPH028,20161125,104.46,104.46,104.46,104.46,0
BPH028,20161128,104.46,104.46,104.46,104.46,0
BPH028,20161129,104.46,104.46,104.46,104.46,0
BPH028,20161130,104.44,104.44,104.44,104.44,0
BPH028,20161201,104.38,104.38,104.38,104.38,0
BPH028,20161202,104.33,104.33,104.33,104.33,0
BPH028,20161205,104.36,104.36,104.36,104.36,0
BPH028,20161206,104.39,104.39,104.39,104.39,0
BPH028,20161207,104.48,104.48,104.48,104.48,0
BPH028,20161208,104.45,104.45,104.45,104.45,0
BPH028,20161209,104.45,104.45,104.45,104.45,0
BPH028,20161212,104.45,104.45,104.45,104.45,0
BPH028,20161213,104.51,104.51,104.51,104.51,0
BPH028,20161214,104.56,104.56,104.56,104.56,0
BPH028,20161215,104.50,104.50,104.50,104.50,0
BPH028,20161216,104.58,104.58,104.58,104.58,0
BPH028,20161219,104.56,104.56,104.56,104.56,0
BPH028,20161220,104.55,104.55,104.55,104.55,0
BPH028,20161221,104.59,104.59,104.59,104.59,0
BPH028,20161222,104.58,104.58,104.58,104.58,0
BPH028,20161223,104.59,104.59,104.59,104.59,0
BPH028,20161227,104.60,104.60,104.60,104.60,0
BPH028,20161228,104.62,104.62,104.62,104.62,0
BPH028,20161229,104.61,104.61,104.61,104.61,0
BPH028,20161230,104.60,104.60,104.60,104.60,0
BPH028,20170102,104.55,104.55,104.55,104.55,0
BPH028,20170103,104.50,104.50,104.50,104.50,0
BPH028,20170104,104.55,104.55,104.55,104.55,0
BPH028,20170105,104.60,104.60,104.60,104.60,0
BPH028,20170109,104.54,104.54,104.54,104.54,0
BPH028,20170110,104.59,104.59,104.59,104.59,0
BPH028,20170111,104.61,104.61,104.61,104.61,0
BPH028,20170112,104.58,104.58,104.58,104.58,0
BPH028,20170113,104.59,104.59,104.59,104.59,0
BPH028,20170116,104.60,104.60,104.60,104.60,0
BPH028,20170117,104.64,104.64,104.64,104.64,0
BPH028,20170118,104.57,104.57,104.57,104.57,0
BPH028,20170119,104.56,104.56,104.56,104.56,0
BPH028,20170120,104.56,104.56,104.56,104.56,0
BPH028,20170123,104.65,104.65,104.65,104.65,0
BPH028,20170124,104.66,104.66,104.66,104.66,0
BPH028,20170125,104.68,104.68,104.68,104.68,0
BPH028,20170126,104.61,104.61,104.61,104.61,0
BPH028,20170127,104.62,104.62,104.62,104.62,0
BPH028,20170130,104.65,104.65,104.65,104.65,0
BPH028,20170131,104.70,104.70,104.70,104.70,0
BPH028,20170201,104.70,104.70,104.70,104.70,0
BPH028,20170202,104.77,104.77,104.77,104.77,0
BPH028,20170203,104.80,104.80,104.80,104.80,0
BPH028,20170206,104.81,104.81,104.81,104.81,0
BPH028,20170207,104.82,104.82,104.82,104.82,0
BPH028,20170208,104.83,104.83,104.83,104.83,0
BPH028,20170209,104.84,104.84,104.84,104.84,0
BPH028,20170210,104.83,104.83,104.83,104.83,0
BPH028,20170213,104.83,104.83,104.83,104.83,0
BPH028,20170214,104.85,104.85,104.85,104.85,0
BPH028,20170215,104.85,104.85,104.85,104.85,0
BPH028,20170216,104.90,104.90,104.90,104.90,0
BPH028,20170217,104.90,104.90,104.90,104.90,0
BPH028,20170220,104.92,104.92,104.92,104.92,0
BPH028,20170221,104.90,104.90,104.90,104.90,0
BPH028,20170222,104.90,104.90,104.90,104.90,0
BPH028,20170223,104.93,104.93,104.93,104.93,0
BPH028,20170224,104.93,104.93,104.93,104.93,0
BPH028,20170227,104.93,104.93,104.93,104.93,0
BPH028,20170228,104.93,104.93,104.93,104.93,0
BPH028,20170301,104.95,104.95,104.95,104.95,0
BPH028,20170302,104.99,104.99,104.99,104.99,0
BPH028,20170303,105.02,105.02,105.02,105.02,0
BPH028,20170306,105.07,105.07,105.07,105.07,0
BPH028,20170307,105.07,105.07,105.07,105.07,0
BPH028,20170308,105.05,105.05,105.05,105.05,0
BPH028,20170309,105.08,105.08,105.08,105.08,0
BPH028,20170310,105.10,105.10,105.10,105.10,0
BPH028,20170313,105.10,105.10,105.10,105.10,0
BPH028,20170314,105.10,105.10,105.10,105.10,0
BPH028,20170315,105.10,105.10,105.10,105.10,0
BPH028,20170316,105.09,105.09,105.09,105.09,0
BPH028,20170317,105.12,105.12,105.12,105.12,0
BPH028,20170320,105.12,105.12,105.12,105.12,0
BPH028,20170321,105.14,105.14,105.14,105.14,0
BPH028,20170322,105.15,105.15,105.15,105.15,0
BPH028,20170323,105.16,105.16,105.16,105.16,0
BPH028,20170324,105.19,105.19,105.19,105.19,0
BPH028,20170327,105.20,105.20,105.20,105.20,0
BPH028,20170328,105.22,105.22,105.22,105.22,0
BPH028,20170329,105.23,105.23,105.23,105.23,0
BPH028,20170330,105.24,105.24,105.24,105.24,0
BPH028,20170331,105.25,105.25,105.25,105.25,0
BPH028,20170403,105.28,105.28,105.28,105.28,0
BPH028,20170404,105.28,105.28,105.28,105.28,0
BPH028,20170405,105.28,105.28,105.28,105.28,0
BPH028,20170406,105.29,105.29,105.29,105.29,0
BPH028,20170407,105.29,105.29,105.29,105.29,0
BPH028,20170410,105.31,105.31,105.31,105.31,0
BPH028,20170411,105.31,105.31,105.31,105.31,0
BPH028,20170412,105.32,105.32,105.32,105.32,0
BPH028,20170413,105.32,105.32,105.32,105.32,0
BPH028,20170418,105.34,105.34,105.34,105.34,0
BPH028,20170419,105.35,105.35,105.35,105.35,0
BPH028,20170420,105.36,105.36,105.36,105.36,0
BPH028,20170421,105.40,105.40,105.40,105.40,0
BPH028,20170424,105.43,105.43,105.43,105.43,0
BPH028,20170425,105.45,105.45,105.45,105.45,0
BPH028,20170426,105.45,105.45,105.45,105.45,0
BPH028,20170427,105.46,105.46,105.46,105.46,0
BPH028,20170428,105.49,105.49,105.49,105.49,0
BPH028,20170502,105.51,105.51,105.51,105.51,0
BPH028,20170504,105.53,105.53,105.53,105.53,0
BPH028,20170505,105.54,105.54,105.54,105.54,0
BPH028,20170508,105.54,105.54,105.54,105.54,0
BPH028,20170509,105.54,105.54,105.54,105.54,0
BPH028,20170510,105.56,105.56,105.56,105.56,0
BPH028,20170511,105.56,105.56,105.56,105.56,0
BPH028,20170512,105.58,105.58,105.58,105.58,0
BPH028,20170515,105.60,105.60,105.60,105.60,0
BPH028,20170516,105.69,105.69,105.69,105.69,0
BPH028,20170517,105.73,105.73,105.73,105.73,0
BPH028,20170518,105.71,105.71,105.71,105.71,0
BPH028,20170519,105.70,105.70,105.70,105.70,0
BPH028,20170522,105.70,105.70,105.70,105.70,0
BPH028,20170523,105.72,105.72,105.72,105.72,0
BPH028,20170524,105.74,105.74,105.74,105.74,0
BPH028,20170525,105.75,105.75,105.75,105.75,0
BPH028,20170526,105.77,105.77,105.77,105.77,0
BPH028,20170529,105.78,105.78,105.78,105.78,0
BPH028,20170530,105.77,105.77,105.77,105.77,0
BPH028,20170531,105.78,105.78,105.78,105.78,0
BPH028,20170601,105.78,105.78,105.78,105.78,0
BPH028,20170602,105.80,105.80,105.80,105.80,0
BPH028,20170605,105.80,105.80,105.80,105.80,0
BPH028,20170606,105.81,105.81,105.81,105.81,0
BPH028,20170607,105.83,105.83,105.83,105.83,0
BPH028,20170608,105.83,105.83,105.83,105.83,0
BPH028,20170609,105.85,105.85,105.85,105.85,0
BPH028,20170612,105.87,105.87,105.87,105.87,0
BPH028,20170613,105.88,105.88,105.88,105.88,0
BPH028,20170614,105.91,105.91,105.91,105.91,0
BPH028,20170616,105.91,105.91,105.91,105.91,0
BPH028,20170619,105.90,105.90,105.90,105.90,0
BPH028,20170620,105.91,105.91,105.91,105.91,0
BPH028,20170621,105.93,105.93,105.93,105.93,0
BPH028,20170622,105.94,105.94,105.94,105.94,0
BPH028,20170623,105.94,105.94,105.94,105.94,0
BPH028,20170626,105.97,105.97,105.97,105.97,0
BPH028,20170627,105.98,105.98,105.98,105.98,0
BPH028,20170628,105.96,105.96,105.96,105.96,0
BPH028,20170629,105.97,105.97,105.97,105.97,0
BPH028,20170630,106.02,106.02,106.02,106.02,0
BPH028,20170703,106.06,106.06,106.06,106.06,0
BPH028,20170704,106.07,106.07,106.07,106.07,0
BPH028,20170705,106.08,106.08,106.08,106.08,0
BPH028,20170706,106.08,106.08,106.08,106.08,0
BPH028,20170707,106.09,106.09,106.09,106.09,0
BPH028,20170710,106.13,106.13,106.13,106.13,0
BPH028,20170711,106.13,106.13,106.13,106.13,0
BPH028,20170712,106.14,106.14,106.14,106.14,0
BPH028,20170713,106.16,106.16,106.16,106.16,0
BPH028,20170714,106.17,106.17,106.17,106.17,0
BPH028,20170717,106.17,106.17,106.17,106.17,0
BPH028,20170718,106.18,106.18,106.18,106.18,0
BPH028,20170719,106.17,106.17,106.17,106.17,0
BPH028,20170720,106.18,106.18,106.18,106.18,0
BPH028,20170721,106.16,106.16,106.16,106.16,0
BPH028,20170724,106.22,106.22,106.22,106.22,0
BPH028,20170725,106.23,106.23,106.23,106.23,0
BPH028,20170726,106.24,106.24,106.24,106.24,0
BPH028,20170727,106.25,106.25,106.25,106.25,0
BPH028,20170728,106.26,106.26,106.26,106.26,0
BPH028,20170731,106.27,106.27,106.27,106.27,0
BPH028,20170801,106.27,106.27,106.27,106.27,0
BPH028,20170802,106.29,106.29,106.29,106.29,0
BPH028,20170803,106.31,106.31,106.31,106.31,0
BPH028,20170804,106.31,106.31,106.31,106.31,0
BPH028,20170807,106.32,106.32,106.32,106.32,0
BPH028,20170808,106.32,106.32,106.32,106.32,0
BPH028,20170809,106.32,106.32,106.32,106.32,0
BPH028,20170810,106.29,106.29,106.29,106.29,0
BPH028,20170811,106.24,106.24,106.24,106.24,0
BPH028,20170814,106.26,106.26,106.26,106.26,0
BPH028,20170816,106.30,106.30,106.30,106.30,0
BPH028,20170817,106.35,106.35,106.35,106.35,0
BPH028,20170818,106.40,106.40,106.40,106.40,0
BPH028,20170821,106.42,106.42,106.42,106.42,0
BPH028,20170822,106.40,106.40,106.40,106.40,0
BPH028,20170823,106.41,106.41,106.41,106.41,0
BPH028,20170824,106.43,106.43,106.43,106.43,0
BPH028,20170825,106.44,106.44,106.44,106.44,0
BPH028,20170828,106.47,106.47,106.47,106.47,0
BPH028,20170829,106.48,106.48,106.48,106.48,0
BPH028,20170830,106.42,106.42,106.42,106.42,0
BPH028,20170831,106.50,106.50,106.50,106.50,0
BPH028,20170901,106.52,106.52,106.52,106.52,0
BPH028,20170904,106.55,106.55,106.55,106.55,0
BPH028,20170905,106.60,106.60,106.60,106.60,0
BPH028,20170906,106.65,106.65,106.65,106.65,0
BPH028,20170907,106.68,106.68,106.68,106.68,0
BPH028,20170908,106.69,106.69,106.69,106.69,0
BPH028,20170911,106.70,106.70,106.70,106.70,0
BPH028,20170912,106.68,106.68,106.68,106.68,0
BPH028,20170913,106.68,106.68,106.68,106.68,0
BPH028,20170914,106.68,106.68,106.68,106.68,0
BPH028,20170915,106.69,106.69,106.69,106.69,0
BPH028,20170918,106.72,106.72,106.72,106.72,0
BPH028,20170919,106.68,106.68,106.68,106.68,0
BPH028,20170920,106.69,106.69,106.69,106.69,0
BPH028,20170921,106.71,106.71,106.71,106.71,0
