Name,Date,Open,High,Low,Close,Volume
BPH023,20081215,100.00,100.00,100.00,100.00,0
BPH023,20081216,100.00,100.00,100.00,100.00,0
BPH023,20081217,99.91,99.91,99.91,99.91,0
BPH023,20081218,99.83,99.83,99.83,99.83,0
BPH023,20081219,99.75,99.75,99.75,99.75,0
BPH023,20081222,98.95,98.95,98.95,98.95,0
BPH023,20081223,98.58,98.58,98.58,98.58,0
BPH023,20081229,99.63,99.63,99.63,99.63,0
BPH023,20081230,98.56,98.56,98.56,98.56,0
BPH023,20081231,99.56,99.56,99.56,99.56,0
BPH023,20090105,104.64,104.64,104.64,104.64,0
BPH023,20090106,105.38,105.38,105.38,105.38,0
BPH023,20090107,102.04,102.04,102.04,102.04,0
BPH023,20090108,102.37,102.37,102.37,102.37,0
BPH023,20090109,102.51,102.51,102.51,102.51,0
BPH023,20090112,101.43,101.43,101.43,101.43,0
BPH023,20090113,103.82,103.82,103.82,103.82,0
BPH023,20090114,102.90,102.90,102.90,102.90,0
BPH023,20090115,104.82,104.82,104.82,104.82,0
BPH023,20090116,103.71,103.71,103.71,103.71,0
BPH023,20090119,106.66,106.66,106.66,106.66,0
BPH023,20090120,107.48,107.48,107.48,107.48,0
BPH023,20090121,108.56,108.56,108.56,108.56,0
BPH023,20090122,106.97,106.97,106.97,106.97,0
BPH023,20090123,110.46,110.46,110.46,110.46,0
BPH023,20090126,110.92,110.92,110.92,110.92,0
BPH023,20090127,107.75,107.75,107.75,107.75,0
BPH023,20090128,108.80,108.80,108.80,108.80,0
BPH023,20090129,108.99,108.99,108.99,108.99,0
BPH023,20090130,110.34,110.34,110.34,110.34,0
BPH023,20090202,110.69,110.69,110.69,110.69,0
BPH023,20090203,111.62,111.62,111.62,111.62,0
BPH023,20090204,115.23,115.23,115.23,115.23,0
BPH023,20090205,115.53,115.53,115.53,115.53,0
BPH023,20090206,114.71,114.71,114.71,114.71,0
BPH023,20090209,114.36,114.36,114.36,114.36,0
BPH023,20090210,112.05,112.05,112.05,112.05,0
BPH023,20090211,112.74,112.74,112.74,112.74,0
BPH023,20090212,113.99,113.99,113.99,113.99,0
BPH023,20090213,114.42,114.42,114.42,114.42,0
BPH023,20090216,117.21,117.21,117.21,117.21,0
BPH023,20090217,116.95,116.95,116.95,116.95,0
BPH023,20090218,117.26,117.26,117.26,117.26,0
BPH023,20090219,112.66,112.66,112.66,112.66,0
BPH023,20090220,113.57,113.57,113.57,113.57,0
BPH023,20090223,110.86,110.86,110.86,110.86,0
BPH023,20090224,110.68,110.68,110.68,110.68,0
BPH023,20090225,110.49,110.49,110.49,110.49,0
BPH023,20090226,111.90,111.90,111.90,111.90,0
BPH023,20090227,110.60,110.60,110.60,110.60,0
BPH023,20090302,110.83,110.83,110.83,110.83,0
BPH023,20090303,110.85,110.85,110.85,110.85,0
BPH023,20090304,113.05,113.05,113.05,113.05,0
BPH023,20090305,110.74,110.74,110.74,110.74,0
BPH023,20090306,111.33,111.33,111.33,111.33,0
BPH023,20090309,111.10,111.10,111.10,111.10,0
BPH023,20090310,111.69,111.69,111.69,111.69,0
BPH023,20090311,111.14,111.14,111.14,111.14,0
BPH023,20090312,112.46,112.46,112.46,112.46,0
BPH023,20090313,113.25,113.25,113.25,113.25,0
BPH023,20090316,113.70,113.70,113.70,113.70,0
BPH023,20090317,114.98,114.98,114.98,114.98,0
BPH023,20090318,114.70,114.70,114.70,114.70,0
BPH023,20090319,117.02,117.02,117.02,117.02,0
BPH023,20090320,117.39,117.39,117.39,117.39,0
BPH023,20090323,119.66,119.66,119.66,119.66,0
BPH023,20090324,118.09,118.09,118.09,118.09,0
BPH023,20090325,117.64,117.64,117.64,117.64,0
BPH023,20090326,117.99,117.99,117.99,117.99,0
BPH023,20090327,116.85,116.85,116.85,116.85,0
BPH023,20090330,114.69,114.69,114.69,114.69,0
BPH023,20090331,114.72,114.72,114.72,114.72,0
BPH023,20090401,115.53,115.53,115.53,115.53,0
BPH023,20090402,116.39,116.39,116.39,116.39,0
BPH023,20090403,117.59,117.59,117.59,117.59,0
BPH023,20090406,117.78,117.78,117.78,117.78,0
BPH023,20090407,116.54,116.54,116.54,116.54,0
BPH023,20090408,116.14,116.14,116.14,116.14,0
BPH023,20090409,118.21,118.21,118.21,118.21,0
BPH023,20090414,117.74,117.74,117.74,117.74,0
BPH023,20090415,118.07,118.07,118.07,118.07,0
BPH023,20090416,117.66,117.66,117.66,117.66,0
BPH023,20090417,118.19,118.19,118.19,118.19,0
BPH023,20090420,115.72,115.72,115.72,115.72,0
BPH023,20090421,115.50,115.50,115.50,115.50,0
BPH023,20090422,115.39,115.39,115.39,115.39,0
BPH023,20090423,116.72,116.72,116.72,116.72,0
BPH023,20090424,117.97,117.97,117.97,117.97,0
BPH023,20090427,116.94,116.94,116.94,116.94,0
BPH023,20090428,115.77,115.77,115.77,115.77,0
BPH023,20090429,117.45,117.45,117.45,117.45,0
BPH023,20090430,117.23,117.23,117.23,117.23,0
BPH023,20090504,121.25,121.25,121.25,121.25,0
BPH023,20090505,120.87,120.87,120.87,120.87,0
BPH023,20090506,123.24,123.24,123.24,123.24,0
BPH023,20090507,123.76,123.76,123.76,123.76,0
BPH023,20090508,125.64,125.64,125.64,125.64,0
BPH023,20090511,124.94,124.94,124.94,124.94,0
BPH023,20090512,125.82,125.82,125.82,125.82,0
BPH023,20090513,124.90,124.90,124.90,124.90,0
BPH023,20090514,124.43,124.43,124.43,124.43,0
BPH023,20090515,123.76,123.76,123.76,123.76,0
BPH023,20090518,124.00,124.00,124.00,124.00,0
BPH023,20090519,124.88,124.88,124.88,124.88,0
BPH023,20090520,125.16,125.16,125.16,125.16,0
BPH023,20090521,123.78,123.78,123.78,123.78,0
BPH023,20090522,124.72,124.72,124.72,124.72,0
BPH023,20090525,124.95,124.95,124.95,124.95,0
BPH023,20090526,124.88,124.88,124.88,124.88,0
BPH023,20090527,125.47,125.47,125.47,125.47,0
BPH023,20090528,126.53,126.53,126.53,126.53,0
BPH023,20090529,128.19,128.19,128.19,128.19,0
BPH023,20090601,131.15,131.15,131.15,131.15,0
BPH023,20090602,130.45,130.45,130.45,130.45,0
BPH023,20090603,129.32,129.32,129.32,129.32,0
BPH023,20090604,129.78,129.78,129.78,129.78,0
BPH023,20090605,130.72,130.72,130.72,130.72,0
BPH023,20090608,129.04,129.04,129.04,129.04,0
BPH023,20090609,129.85,129.85,129.85,129.85,0
BPH023,20090610,130.98,130.98,130.98,130.98,0
BPH023,20090612,131.09,131.09,131.09,131.09,0
BPH023,20090615,127.97,127.97,127.97,127.97,0
BPH023,20090616,127.40,127.40,127.40,127.40,0
BPH023,20090617,126.00,126.00,126.00,126.00,0
BPH023,20090618,126.08,126.08,126.08,126.08,0
BPH023,20090619,125.65,125.65,125.65,125.65,0
BPH023,20090622,122.25,122.25,122.25,122.25,0
BPH023,20090623,121.48,121.48,121.48,121.48,0
BPH023,20090624,123.10,123.10,123.10,123.10,0
BPH023,20090625,123.59,123.59,123.59,123.59,0
BPH023,20090626,123.75,123.75,123.75,123.75,0
BPH023,20090629,123.91,123.91,123.91,123.91,0
BPH023,20090630,123.19,123.19,123.19,123.19,0
BPH023,20090701,123.53,123.53,123.53,123.53,0
BPH023,20090702,121.15,121.15,121.15,121.15,0
BPH023,20090703,120.53,120.53,120.53,120.53,0
BPH023,20090706,118.83,118.83,118.83,118.83,0
BPH023,20090707,117.57,117.57,117.57,117.57,0
BPH023,20090708,116.37,116.37,116.37,116.37,0
BPH023,20090709,116.83,116.83,116.83,116.83,0
BPH023,20090710,116.06,116.06,116.06,116.06,0
BPH023,20090713,115.96,115.96,115.96,115.96,0
BPH023,20090714,117.59,117.59,117.59,117.59,0
BPH023,20090715,118.31,118.31,118.31,118.31,0
BPH023,20090716,118.90,118.90,118.90,118.90,0
BPH023,20090717,119.94,119.94,119.94,119.94,0
BPH023,20090720,120.73,120.73,120.73,120.73,0
BPH023,20090721,120.99,120.99,120.99,120.99,0
BPH023,20090722,120.33,120.33,120.33,120.33,0
BPH023,20090723,120.90,120.90,120.90,120.90,0
BPH023,20090724,122.36,122.36,122.36,122.36,0
BPH023,20090727,122.29,122.29,122.29,122.29,0
BPH023,20090728,122.44,122.44,122.44,122.44,0
BPH023,20090729,120.94,120.94,120.94,120.94,0
BPH023,20090730,120.45,120.45,120.45,120.45,0
BPH023,20090731,122.06,122.06,122.06,122.06,0
BPH023,20090803,124.50,124.50,124.50,124.50,0
BPH023,20090804,125.49,125.49,125.49,125.49,0
BPH023,20090805,125.83,125.83,125.83,125.83,0
BPH023,20090806,124.83,124.83,124.83,124.83,0
BPH023,20090807,124.90,124.90,124.90,124.90,0
BPH023,20090810,124.22,124.22,124.22,124.22,0
BPH023,20090811,123.61,123.61,123.61,123.61,0
BPH023,20090812,122.96,122.96,122.96,122.96,0
BPH023,20090813,125.30,125.30,125.30,125.30,0
BPH023,20090814,124.47,124.47,124.47,124.47,0
BPH023,20090817,120.42,120.42,120.42,120.42,0
BPH023,20090818,120.33,120.33,120.33,120.33,0
BPH023,20090819,120.43,120.43,120.43,120.43,0
BPH023,20090820,122.11,122.11,122.11,122.11,0
BPH023,20090821,122.28,122.28,122.28,122.28,0
BPH023,20090824,122.66,122.66,122.66,122.66,0
BPH023,20090825,122.56,122.56,122.56,122.56,0
BPH023,20090826,122.49,122.49,122.49,122.49,0
BPH023,20090827,121.73,121.73,121.73,121.73,0
BPH023,20090828,122.70,122.70,122.70,122.70,0
BPH023,20090831,121.59,121.59,121.59,121.59,0
BPH023,20090901,121.93,121.93,121.93,121.93,0
BPH023,20090902,120.43,120.43,120.43,120.43,0
BPH023,20090903,120.99,120.99,120.99,120.99,0
BPH023,20090904,120.31,120.31,120.31,120.31,0
BPH023,20090907,120.51,120.51,120.51,120.51,0
BPH023,20090908,120.93,120.93,120.93,120.93,0
BPH023,20090909,120.93,120.93,120.93,120.93,0
BPH023,20090910,121.21,121.21,121.21,121.21,0
BPH023,20090911,121.12,121.12,121.12,121.12,0
BPH023,20090914,120.27,120.27,120.27,120.27,0
BPH023,20090915,120.76,120.76,120.76,120.76,0
BPH023,20090916,122.48,122.48,122.48,122.48,0
BPH023,20090917,123.18,123.18,123.18,123.18,0
BPH023,20090918,122.65,122.65,122.65,122.65,0
BPH023,20090921,121.91,121.91,121.91,121.91,0
BPH023,20090922,122.67,122.67,122.67,122.67,0
BPH023,20090923,122.41,122.41,122.41,122.41,0
BPH023,20090924,121.22,121.22,121.22,121.22,0
BPH023,20090925,121.23,121.23,121.23,121.23,0
BPH023,20090928,120.97,120.97,120.97,120.97,0
BPH023,20090929,121.02,121.02,121.02,121.02,0
BPH023,20090930,121.72,121.72,121.72,121.72,0
BPH023,20091001,121.45,121.45,121.45,121.45,0
BPH023,20091002,120.49,120.49,120.49,120.49,0
BPH023,20091005,120.72,120.72,120.72,120.72,0
BPH023,20091006,121.35,121.35,121.35,121.35,0
BPH023,20091007,122.43,122.43,122.43,122.43,0
BPH023,20091008,123.12,123.12,123.12,123.12,0
BPH023,20091009,123.09,123.09,123.09,123.09,0
BPH023,20091012,123.87,123.87,123.87,123.87,0
BPH023,20091013,125.23,125.23,125.23,125.23,0
BPH023,20091014,126.52,126.52,126.52,126.52,0
BPH023,20091015,126.76,126.76,126.76,126.76,0
BPH023,20091016,127.16,127.16,127.16,127.16,0
BPH023,20091019,128.86,128.86,128.86,128.86,0
BPH023,20091020,129.07,129.07,129.07,129.07,0
BPH023,20091021,130.01,130.01,130.01,130.01,0
BPH023,20091022,130.71,130.71,130.71,130.71,0
BPH023,20091023,130.71,130.71,130.71,130.71,0
BPH023,20091026,129.55,129.55,129.55,129.55,0
BPH023,20091027,128.75,128.75,128.75,128.75,0
BPH023,20091028,126.36,126.36,126.36,126.36,0
BPH023,20091029,127.81,127.81,127.81,127.81,0
BPH023,20091030,127.42,127.42,127.42,127.42,0
BPH023,20091102,127.18,127.18,127.18,127.18,0
BPH023,20091103,128.56,128.56,128.56,128.56,0
BPH023,20091104,128.92,128.92,128.92,128.92,0
BPH023,20091105,129.04,129.04,129.04,129.04,0
BPH023,20091106,127.96,127.96,127.96,127.96,0
BPH023,20091109,128.21,128.21,128.21,128.21,0
BPH023,20091110,128.07,128.07,128.07,128.07,0
BPH023,20091112,127.72,127.72,127.72,127.72,0
BPH023,20091113,127.10,127.10,127.10,127.10,0
BPH023,20091116,129.30,129.30,129.30,129.30,0
BPH023,20091117,130.36,130.36,130.36,130.36,0
BPH023,20091118,130.76,130.76,130.76,130.76,0
BPH023,20091119,128.67,128.67,128.67,128.67,0
BPH023,20091120,128.95,128.95,128.95,128.95,0
BPH023,20091123,130.95,130.95,130.95,130.95,0
BPH023,20091124,129.42,129.42,129.42,129.42,0
BPH023,20091125,129.57,129.57,129.57,129.57,0
BPH023,20091126,130.34,130.34,130.34,130.34,0
BPH023,20091127,128.50,128.50,128.50,128.50,0
BPH023,20091130,129.12,129.12,129.12,129.12,0
BPH023,20091201,130.92,130.92,130.92,130.92,0
BPH023,20091202,130.18,130.18,130.18,130.18,0
BPH023,20091203,129.95,129.95,129.95,129.95,0
BPH023,20091204,129.96,129.96,129.96,129.96,0
BPH023,20091207,127.17,127.17,127.17,127.17,0
BPH023,20091208,127.53,127.53,127.53,127.53,0
BPH023,20091209,126.45,126.45,126.45,126.45,0
BPH023,20091210,125.14,125.14,125.14,125.14,0
BPH023,20091211,126.61,126.61,126.61,126.61,0
BPH023,20091214,127.70,127.70,127.70,127.70,0
BPH023,20091215,128.06,128.06,128.06,128.06,0
BPH023,20091216,129.06,129.06,129.06,129.06,0
BPH023,20091217,128.01,128.01,128.01,128.01,0
BPH023,20091218,128.24,128.24,128.24,128.24,0
BPH023,20091221,127.69,127.69,127.69,127.69,0
BPH023,20091222,126.83,126.83,126.83,126.83,0
BPH023,20091223,127.45,127.45,127.45,127.45,0
BPH023,20091228,130.68,130.68,130.68,130.68,0
BPH023,20091229,131.29,131.29,131.29,131.29,0
BPH023,20091230,130.96,130.96,130.96,130.96,0
BPH023,20091231,131.42,131.42,131.42,131.42,0
BPH023,20100104,132.44,132.44,132.44,132.44,0
BPH023,20100105,133.54,133.54,133.54,133.54,0
BPH023,20100106,134.40,134.40,134.40,134.40,0
BPH023,20100107,134.69,134.69,134.69,134.69,0
BPH023,20100108,133.12,133.12,133.12,133.12,0
BPH023,20100111,132.96,132.96,132.96,132.96,0
BPH023,20100112,131.60,131.60,131.60,131.60,0
BPH023,20100113,130.68,130.68,130.68,130.68,0
BPH023,20100114,131.05,131.05,131.05,131.05,0
BPH023,20100115,129.81,129.81,129.81,129.81,0
BPH023,20100118,129.61,129.61,129.61,129.61,0
BPH023,20100119,130.51,130.51,130.51,130.51,0
BPH023,20100120,128.39,128.39,128.39,128.39,0
BPH023,20100121,130.32,130.32,130.32,130.32,0
BPH023,20100122,129.79,129.79,129.79,129.79,0
BPH023,20100125,129.65,129.65,129.65,129.65,0
BPH023,20100126,130.03,130.03,130.03,130.03,0
BPH023,20100127,128.52,128.52,128.52,128.52,0
BPH023,20100128,127.28,127.28,127.28,127.28,0
BPH023,20100129,127.02,127.02,127.02,127.02,0
BPH023,20100201,126.56,126.56,126.56,126.56,0
BPH023,20100202,127.27,127.27,127.27,127.27,0
BPH023,20100203,128.21,128.21,128.21,128.21,0
BPH023,20100204,125.19,125.19,125.19,125.19,0
BPH023,20100205,122.67,122.67,122.67,122.67,0
BPH023,20100208,123.19,123.19,123.19,123.19,0
BPH023,20100209,122.84,122.84,122.84,122.84,0
BPH023,20100210,122.81,122.81,122.81,122.81,0
BPH023,20100211,124.02,124.02,124.02,124.02,0
BPH023,20100212,123.19,123.19,123.19,123.19,0
BPH023,20100215,124.27,124.27,124.27,124.27,0
BPH023,20100216,125.00,125.00,125.00,125.00,0
BPH023,20100217,124.50,124.50,124.50,124.50,0
BPH023,20100218,125.37,125.37,125.37,125.37,0
BPH023,20100219,126.87,126.87,126.87,126.87,0
BPH023,20100222,124.83,124.83,124.83,124.83,0
BPH023,20100223,124.37,124.37,124.37,124.37,0
BPH023,20100224,125.35,125.35,125.35,125.35,0
BPH023,20100225,124.47,124.47,124.47,124.47,0
BPH023,20100226,124.35,124.35,124.35,124.35,0
BPH023,20100301,124.46,124.46,124.46,124.46,0
BPH023,20100302,123.35,123.35,123.35,123.35,0
BPH023,20100303,123.33,123.33,123.33,123.33,0
BPH023,20100304,122.72,122.72,122.72,122.72,0
BPH023,20100305,122.09,122.09,122.09,122.09,0
BPH023,20100308,121.13,121.13,121.13,121.13,0
BPH023,20100309,121.35,121.35,121.35,121.35,0
BPH023,20100310,120.29,120.29,120.29,120.29,0
BPH023,20100311,119.59,119.59,119.59,119.59,0
BPH023,20100312,119.19,119.19,119.19,119.19,0
BPH023,20100315,119.12,119.12,119.12,119.12,0
BPH023,20100316,118.65,118.65,118.65,118.65,0
BPH023,20100317,119.29,119.29,119.29,119.29,0
BPH023,20100318,120.01,120.01,120.01,120.01,0
BPH023,20100319,120.93,120.93,120.93,120.93,0
BPH023,20100322,121.59,121.59,121.59,121.59,0
BPH023,20100323,120.69,120.69,120.69,120.69,0
BPH023,20100324,120.14,120.14,120.14,120.14,0
BPH023,20100325,120.74,120.74,120.74,120.74,0
BPH023,20100326,119.68,119.68,119.68,119.68,0
BPH023,20100329,121.20,121.20,121.20,121.20,0
BPH023,20100330,121.45,121.45,121.45,121.45,0
BPH023,20100331,119.70,119.70,119.70,119.70,0
BPH023,20100401,119.18,119.18,119.18,119.18,0
BPH023,20100406,121.69,121.69,121.69,121.69,0
BPH023,20100407,121.31,121.31,121.31,121.31,0
BPH023,20100408,121.69,121.69,121.69,121.69,0
BPH023,20100409,120.54,120.54,120.54,120.54,0
BPH023,20100412,120.90,120.90,120.90,120.90,0
BPH023,20100413,121.35,121.35,121.35,121.35,0
BPH023,20100414,121.23,121.23,121.23,121.23,0
BPH023,20100415,122.10,122.10,122.10,122.10,0
BPH023,20100416,122.11,122.11,122.11,122.11,0
BPH023,20100419,122.31,122.31,122.31,122.31,0
BPH023,20100420,123.19,123.19,123.19,123.19,0
BPH023,20100421,122.91,122.91,122.91,122.91,0
BPH023,20100422,123.41,123.41,123.41,123.41,0
BPH023,20100423,124.10,124.10,124.10,124.10,0
BPH023,20100426,123.83,123.83,123.83,123.83,0
BPH023,20100427,123.44,123.44,123.44,123.44,0
BPH023,20100428,125.61,125.61,125.61,125.61,0
BPH023,20100429,124.83,124.83,124.83,124.83,0
BPH023,20100430,123.96,123.96,123.96,123.96,0
BPH023,20100504,125.52,125.52,125.52,125.52,0
BPH023,20100505,129.04,129.04,129.04,129.04,0
BPH023,20100506,128.47,128.47,128.47,128.47,0
BPH023,20100507,126.01,126.01,126.01,126.01,0
BPH023,20100510,129.17,129.17,129.17,129.17,0
BPH023,20100511,126.96,126.96,126.96,126.96,0
BPH023,20100512,128.30,128.30,128.30,128.30,0
BPH023,20100513,127.93,127.93,127.93,127.93,0
BPH023,20100514,127.65,127.65,127.65,127.65,0
BPH023,20100517,126.32,126.32,126.32,126.32,0
BPH023,20100518,127.67,127.67,127.67,127.67,0
BPH023,20100519,124.56,124.56,124.56,124.56,0
BPH023,20100520,124.65,124.65,124.65,124.65,0
BPH023,20100521,125.10,125.10,125.10,125.10,0
BPH023,20100524,126.10,126.10,126.10,126.10,0
BPH023,20100525,123.32,123.32,123.32,123.32,0
BPH023,20100526,126.22,126.22,126.22,126.22,0
BPH023,20100527,126.86,126.86,126.86,126.86,0
BPH023,20100528,127.95,127.95,127.95,127.95,0
BPH023,20100531,126.45,126.45,126.45,126.45,0
BPH023,20100601,124.16,124.16,124.16,124.16,0
BPH023,20100602,124.67,124.67,124.67,124.67,0
BPH023,20100604,124.78,124.78,124.78,124.78,0
BPH023,20100607,124.14,124.14,124.14,124.14,0
BPH023,20100608,124.60,124.60,124.60,124.60,0
BPH023,20100609,125.55,125.55,125.55,125.55,0
BPH023,20100610,126.87,126.87,126.87,126.87,0
BPH023,20100611,127.70,127.70,127.70,127.70,0
BPH023,20100614,128.95,128.95,128.95,128.95,0
BPH023,20100615,129.02,129.02,129.02,129.02,0
BPH023,20100616,130.47,130.47,130.47,130.47,0
BPH023,20100617,130.25,130.25,130.25,130.25,0
BPH023,20100618,130.72,130.72,130.72,130.72,0
BPH023,20100621,131.43,131.43,131.43,131.43,0
BPH023,20100622,130.77,130.77,130.77,130.77,0
BPH023,20100623,129.74,129.74,129.74,129.74,0
BPH023,20100624,128.87,128.87,128.87,128.87,0
BPH023,20100625,129.74,129.74,129.74,129.74,0
BPH023,20100628,129.92,129.92,129.92,129.92,0
BPH023,20100629,127.00,127.00,127.00,127.00,0
BPH023,20100630,126.91,126.91,126.91,126.91,0
BPH023,20100701,125.73,125.73,125.73,125.73,0
BPH023,20100702,126.60,126.60,126.60,126.60,0
BPH023,20100705,126.95,126.95,126.95,126.95,0
BPH023,20100706,127.83,127.83,127.83,127.83,0
BPH023,20100707,128.10,128.10,128.10,128.10,0
BPH023,20100708,129.31,129.31,129.31,129.31,0
BPH023,20100709,130.29,130.29,130.29,130.29,0
BPH023,20100712,129.06,129.06,129.06,129.06,0
BPH023,20100713,129.17,129.17,129.17,129.17,0
BPH023,20100714,130.39,130.39,130.39,130.39,0
BPH023,20100715,130.71,130.71,130.71,130.71,0
BPH023,20100716,130.10,130.10,130.10,130.10,0
BPH023,20100719,129.65,129.65,129.65,129.65,0
BPH023,20100720,130.97,130.97,130.97,130.97,0
BPH023,20100721,130.90,130.90,130.90,130.90,0
BPH023,20100722,131.57,131.57,131.57,131.57,0
BPH023,20100723,133.37,133.37,133.37,133.37,0
BPH023,20100726,132.11,132.11,132.11,132.11,0
BPH023,20100727,130.22,130.22,130.22,130.22,0
BPH023,20100728,130.33,130.33,130.33,130.33,0
BPH023,20100729,131.00,131.00,131.00,131.00,0
BPH023,20100730,132.62,132.62,132.62,132.62,0
BPH023,20100802,132.38,132.38,132.38,132.38,0
BPH023,20100803,131.72,131.72,131.72,131.72,0
BPH023,20100804,133.72,133.72,133.72,133.72,0
BPH023,20100805,134.34,134.34,134.34,134.34,0
BPH023,20100806,132.75,132.75,132.75,132.75,0
BPH023,20100809,132.45,132.45,132.45,132.45,0
BPH023,20100810,132.89,132.89,132.89,132.89,0
BPH023,20100811,133.80,133.80,133.80,133.80,0
BPH023,20100812,132.75,132.75,132.75,132.75,0
BPH023,20100813,133.31,133.31,133.31,133.31,0
BPH023,20100816,132.38,132.38,132.38,132.38,0
BPH023,20100817,133.29,133.29,133.29,133.29,0
BPH023,20100818,132.58,132.58,132.58,132.58,0
BPH023,20100819,133.39,133.39,133.39,133.39,0
BPH023,20100820,133.61,133.61,133.61,133.61,0
BPH023,20100823,133.48,133.48,133.48,133.48,0
BPH023,20100824,131.21,131.21,131.21,131.21,0
BPH023,20100825,130.91,130.91,130.91,130.91,0
BPH023,20100826,131.88,131.88,131.88,131.88,0
BPH023,20100827,133.06,133.06,133.06,133.06,0
BPH023,20100830,134.33,134.33,134.33,134.33,0
BPH023,20100831,133.11,133.11,133.11,133.11,0
BPH023,20100901,134.25,134.25,134.25,134.25,0
BPH023,20100902,134.92,134.92,134.92,134.92,0
BPH023,20100903,135.83,135.83,135.83,135.83,0
BPH023,20100906,136.06,136.06,136.06,136.06,0
BPH023,20100907,136.99,136.99,136.99,136.99,0
BPH023,20100908,136.79,136.79,136.79,136.79,0
BPH023,20100909,136.95,136.95,136.95,136.95,0
BPH023,20100910,137.46,137.46,137.46,137.46,0
BPH023,20100913,138.59,138.59,138.59,138.59,0
BPH023,20100914,138.60,138.60,138.60,138.60,0
BPH023,20100915,138.92,138.92,138.92,138.92,0
BPH023,20100916,138.63,138.63,138.63,138.63,0
BPH023,20100917,139.74,139.74,139.74,139.74,0
BPH023,20100920,140.39,140.39,140.39,140.39,0
BPH023,20100921,139.51,139.51,139.51,139.51,0
BPH023,20100922,139.29,139.29,139.29,139.29,0
BPH023,20100923,139.08,139.08,139.08,139.08,0
BPH023,20100924,139.76,139.76,139.76,139.76,0
BPH023,20100927,140.12,140.12,140.12,140.12,0
BPH023,20100928,140.17,140.17,140.17,140.17,0
BPH023,20100929,140.27,140.27,140.27,140.27,0
BPH023,20100930,140.74,140.74,140.74,140.74,0
BPH023,20101001,141.53,141.53,141.53,141.53,0
BPH023,20101004,140.57,140.57,140.57,140.57,0
BPH023,20101005,141.51,141.51,141.51,141.51,0
BPH023,20101006,142.40,142.40,142.40,142.40,0
BPH023,20101007,142.29,142.29,142.29,142.29,0
BPH023,20101008,144.07,144.07,144.07,144.07,0
BPH023,20101011,145.93,145.93,145.93,145.93,0
BPH023,20101012,145.69,145.69,145.69,145.69,0
BPH023,20101013,147.16,147.16,147.16,147.16,0
BPH023,20101014,147.06,147.06,147.06,147.06,0
BPH023,20101015,146.47,146.47,146.47,146.47,0
BPH023,20101018,145.35,145.35,145.35,145.35,0
BPH023,20101019,145.22,145.22,145.22,145.22,0
BPH023,20101020,144.77,144.77,144.77,144.77,0
BPH023,20101021,145.75,145.75,145.75,145.75,0
BPH023,20101022,144.78,144.78,144.78,144.78,0
BPH023,20101025,146.77,146.77,146.77,146.77,0
BPH023,20101026,147.30,147.30,147.30,147.30,0
BPH023,20101027,145.75,145.75,145.75,145.75,0
BPH023,20101028,146.51,146.51,146.51,146.51,0
BPH023,20101029,146.37,146.37,146.37,146.37,0
BPH023,20101102,147.76,147.76,147.76,147.76,0
BPH023,20101103,148.34,148.34,148.34,148.34,0
BPH023,20101104,151.10,151.10,151.10,151.10,0
BPH023,20101105,152.00,152.00,152.00,152.00,0
BPH023,20101108,152.27,152.27,152.27,152.27,0
BPH023,20101109,154.48,154.48,154.48,154.48,0
BPH023,20101110,153.60,153.60,153.60,153.60,0
BPH023,20101112,148.92,148.92,148.92,148.92,0
BPH023,20101115,148.28,148.28,148.28,148.28,0
BPH023,20101116,145.60,145.60,145.60,145.60,0
BPH023,20101117,144.19,144.19,144.19,144.19,0
BPH023,20101118,146.04,146.04,146.04,146.04,0
BPH023,20101119,145.74,145.74,145.74,145.74,0
BPH023,20101122,145.08,145.08,145.08,145.08,0
BPH023,20101123,144.43,144.43,144.43,144.43,0
BPH023,20101124,145.16,145.16,145.16,145.16,0
BPH023,20101125,146.20,146.20,146.20,146.20,0
BPH023,20101126,146.06,146.06,146.06,146.06,0
BPH023,20101129,146.96,146.96,146.96,146.96,0
BPH023,20101130,145.93,145.93,145.93,145.93,0
BPH023,20101201,148.41,148.41,148.41,148.41,0
BPH023,20101202,149.71,149.71,149.71,149.71,0
BPH023,20101203,150.40,150.40,150.40,150.40,0
BPH023,20101206,152.45,152.45,152.45,152.45,0
BPH023,20101207,152.74,152.74,152.74,152.74,0
BPH023,20101208,151.29,151.29,151.29,151.29,0
BPH023,20101209,152.14,152.14,152.14,152.14,0
BPH023,20101210,151.71,151.71,151.71,151.71,0
BPH023,20101213,151.94,151.94,151.94,151.94,0
BPH023,20101214,153.51,153.51,153.51,153.51,0
BPH023,20101215,153.15,153.15,153.15,153.15,0
BPH023,20101216,152.86,152.86,152.86,152.86,0
BPH023,20101217,154.29,154.29,154.29,154.29,0
BPH023,20101220,154.90,154.90,154.90,154.90,0
BPH023,20101221,156.20,156.20,156.20,156.20,0
BPH023,20101222,156.29,156.29,156.29,156.29,0
BPH023,20101223,156.71,156.71,156.71,156.71,0
BPH023,20101227,156.87,156.87,156.87,156.87,0
BPH023,20101228,158.56,158.56,158.56,158.56,0
BPH023,20101229,158.14,158.14,158.14,158.14,0
BPH023,20101230,157.17,157.17,157.17,157.17,0
BPH023,20101231,157.87,157.87,157.87,157.87,0
BPH023,20110103,158.88,158.88,158.88,158.88,0
BPH023,20110104,157.66,157.66,157.66,157.66,0
BPH023,20110105,157.62,157.62,157.62,157.62,0
BPH023,20110107,156.75,156.75,156.75,156.75,0
BPH023,20110110,156.59,156.59,156.59,156.59,0
BPH023,20110111,157.96,157.96,157.96,157.96,0
BPH023,20110112,159.90,159.90,159.90,159.90,0
BPH023,20110113,159.16,159.16,159.16,159.16,0
BPH023,20110114,159.30,159.30,159.30,159.30,0
BPH023,20110117,159.31,159.31,159.31,159.31,0
BPH023,20110118,160.39,160.39,160.39,160.39,0
BPH023,20110119,160.25,160.25,160.25,160.25,0
BPH023,20110120,158.70,158.70,158.70,158.70,0
BPH023,20110121,159.77,159.77,159.77,159.77,0
BPH023,20110124,159.75,159.75,159.75,159.75,0
BPH023,20110125,158.30,158.30,158.30,158.30,0
BPH023,20110126,159.59,159.59,159.59,159.59,0
BPH023,20110127,159.67,159.67,159.67,159.67,0
BPH023,20110128,160.66,160.66,160.66,160.66,0
BPH023,20110131,161.32,161.32,161.32,161.32,0
BPH023,20110201,162.94,162.94,162.94,162.94,0
BPH023,20110202,163.94,163.94,163.94,163.94,0
BPH023,20110203,164.85,164.85,164.85,164.85,0
BPH023,20110204,163.23,163.23,163.23,163.23,0
BPH023,20110207,163.56,163.56,163.56,163.56,0
BPH023,20110208,161.97,161.97,161.97,161.97,0
BPH023,20110209,162.07,162.07,162.07,162.07,0
BPH023,20110210,163.47,163.47,163.47,163.47,0
BPH023,20110211,162.41,162.41,162.41,162.41,0
BPH023,20110214,163.23,163.23,163.23,163.23,0
BPH023,20110215,162.36,162.36,162.36,162.36,0
BPH023,20110216,162.37,162.37,162.37,162.37,0
BPH023,20110217,162.60,162.60,162.60,162.60,0
BPH023,20110218,163.24,163.24,163.24,163.24,0
BPH023,20110221,165.05,165.05,165.05,165.05,0
BPH023,20110222,163.30,163.30,163.30,163.30,0
BPH023,20110223,163.52,163.52,163.52,163.52,0
BPH023,20110224,164.37,164.37,164.37,164.37,0
BPH023,20110225,165.51,165.51,165.51,165.51,0
BPH023,20110228,166.99,166.99,166.99,166.99,0
BPH023,20110301,167.05,167.05,167.05,167.05,0
BPH023,20110302,168.30,168.30,168.30,168.30,0
BPH023,20110303,168.44,168.44,168.44,168.44,0
BPH023,20110304,169.77,169.77,169.77,169.77,0
BPH023,20110307,170.49,170.49,170.49,170.49,0
BPH023,20110308,169.39,169.39,169.39,169.39,0
BPH023,20110309,168.49,168.49,168.49,168.49,0
BPH023,20110310,166.69,166.69,166.69,166.69,0
BPH023,20110311,165.23,165.23,165.23,165.23,0
BPH023,20110314,164.67,164.67,164.67,164.67,0
BPH023,20110315,161.00,161.00,161.00,161.00,0
BPH023,20110316,161.91,161.91,161.91,161.91,0
BPH023,20110317,164.32,164.32,164.32,164.32,0
BPH023,20110318,165.35,165.35,165.35,165.35,0
BPH023,20110321,166.24,166.24,166.24,166.24,0
BPH023,20110322,166.84,166.84,166.84,166.84,0
BPH023,20110323,168.11,168.11,168.11,168.11,0
BPH023,20110324,167.72,167.72,167.72,167.72,0
BPH023,20110325,168.65,168.65,168.65,168.65,0
BPH023,20110328,167.57,167.57,167.57,167.57,0
BPH023,20110329,167.74,167.74,167.74,167.74,0
BPH023,20110330,167.21,167.21,167.21,167.21,0
BPH023,20110331,168.69,168.69,168.69,168.69,0
BPH023,20110401,169.58,169.58,169.58,169.58,0
BPH023,20110404,170.20,170.20,170.20,170.20,0
BPH023,20110405,170.06,170.06,170.06,170.06,0
BPH023,20110406,170.52,170.52,170.52,170.52,0
BPH023,20110407,170.37,170.37,170.37,170.37,0
BPH023,20110408,171.08,171.08,171.08,171.08,0
BPH023,20110411,171.53,171.53,171.53,171.53,0
BPH023,20110412,168.31,168.31,168.31,168.31,0
BPH023,20110413,168.88,168.88,168.88,168.88,0
BPH023,20110414,168.37,168.37,168.37,168.37,0
BPH023,20110415,169.26,169.26,169.26,169.26,0
BPH023,20110418,169.04,169.04,169.04,169.04,0
BPH023,20110419,168.85,168.85,168.85,168.85,0
BPH023,20110420,170.41,170.41,170.41,170.41,0
BPH023,20110421,170.34,170.34,170.34,170.34,0
BPH023,20110426,170.26,170.26,170.26,170.26,0
BPH023,20110427,169.64,169.64,169.64,169.64,0
BPH023,20110428,169.72,169.72,169.72,169.72,0
BPH023,20110429,169.54,169.54,169.54,169.54,0
BPH023,20110502,169.81,169.81,169.81,169.81,0
BPH023,20110504,166.34,166.34,166.34,166.34,0
BPH023,20110505,163.47,163.47,163.47,163.47,0
BPH023,20110506,162.16,162.16,162.16,162.16,0
BPH023,20110509,162.86,162.86,162.86,162.86,0
BPH023,20110510,164.11,164.11,164.11,164.11,0
BPH023,20110511,162.37,162.37,162.37,162.37,0
BPH023,20110512,159.82,159.82,159.82,159.82,0
BPH023,20110513,161.28,161.28,161.28,161.28,0
BPH023,20110516,160.46,160.46,160.46,160.46,0
BPH023,20110517,159.07,159.07,159.07,159.07,0
BPH023,20110518,162.94,162.94,162.94,162.94,0
BPH023,20110519,162.05,162.05,162.05,162.05,0
BPH023,20110520,162.68,162.68,162.68,162.68,0
BPH023,20110523,160.65,160.65,160.65,160.65,0
BPH023,20110524,162.04,162.04,162.04,162.04,0
BPH023,20110525,163.35,163.35,163.35,163.35,0
BPH023,20110526,164.00,164.00,164.00,164.00,0
BPH023,20110527,163.83,163.83,163.83,163.83,0
BPH023,20110530,164.24,164.24,164.24,164.24,0
BPH023,20110531,165.92,165.92,165.92,165.92,0
BPH023,20110601,164.67,164.67,164.67,164.67,0
BPH023,20110602,163.73,163.73,163.73,163.73,0
BPH023,20110603,163.58,163.58,163.58,163.58,0
BPH023,20110606,163.96,163.96,163.96,163.96,0
BPH023,20110607,163.20,163.20,163.20,163.20,0
BPH023,20110608,164.91,164.91,164.91,164.91,0
BPH023,20110609,166.54,166.54,166.54,166.54,0
BPH023,20110610,165.29,165.29,165.29,165.29,0
BPH023,20110613,164.29,164.29,164.29,164.29,0
BPH023,20110614,163.71,163.71,163.71,163.71,0
BPH023,20110615,163.95,163.95,163.95,163.95,0
BPH023,20110616,160.67,160.67,160.67,160.67,0
BPH023,20110617,159.46,159.46,159.46,159.46,0
BPH023,20110620,159.07,159.07,159.07,159.07,0
BPH023,20110621,160.37,160.37,160.37,160.37,0
BPH023,20110622,160.24,160.24,160.24,160.24,0
BPH023,20110624,157.57,157.57,157.57,157.57,0
BPH023,20110627,155.45,155.45,155.45,155.45,0
BPH023,20110628,157.33,157.33,157.33,157.33,0
BPH023,20110629,159.88,159.88,159.88,159.88,0
BPH023,20110630,159.78,159.78,159.78,159.78,0
BPH023,20110701,158.57,158.57,158.57,158.57,0
BPH023,20110704,159.09,159.09,159.09,159.09,0
BPH023,20110705,160.33,160.33,160.33,160.33,0
BPH023,20110706,160.60,160.60,160.60,160.60,0
BPH023,20110707,162.34,162.34,162.34,162.34,0
BPH023,20110708,162.67,162.67,162.67,162.67,0
BPH023,20110711,161.47,161.47,161.47,161.47,0
BPH023,20110712,161.30,161.30,161.30,161.30,0
BPH023,20110713,164.43,164.43,164.43,164.43,0
BPH023,20110714,164.09,164.09,164.09,164.09,0
BPH023,20110715,164.50,164.50,164.50,164.50,0
BPH023,20110718,162.92,162.92,162.92,162.92,0
BPH023,20110719,165.04,165.04,165.04,165.04,0
BPH023,20110720,164.23,164.23,164.23,164.23,0
BPH023,20110721,163.68,163.68,163.68,163.68,0
BPH023,20110722,165.08,165.08,165.08,165.08,0
BPH023,20110725,164.46,164.46,164.46,164.46,0
BPH023,20110726,164.76,164.76,164.76,164.76,0
BPH023,20110727,165.68,165.68,165.68,165.68,0
BPH023,20110728,164.97,164.97,164.97,164.97,0
BPH023,20110729,162.35,162.35,162.35,162.35,0
BPH023,20110801,164.20,164.20,164.20,164.20,0
BPH023,20110802,162.10,162.10,162.10,162.10,0
BPH023,20110803,161.04,161.04,161.04,161.04,0
BPH023,20110804,159.14,159.14,159.14,159.14,0
BPH023,20110805,154.80,154.80,154.80,154.80,0
BPH023,20110808,153.59,153.59,153.59,153.59,0
BPH023,20110809,152.06,152.06,152.06,152.06,0
BPH023,20110810,152.12,152.12,152.12,152.12,0
BPH023,20110811,153.76,153.76,153.76,153.76,0
BPH023,20110812,155.20,155.20,155.20,155.20,0
BPH023,20110816,156.60,156.60,156.60,156.60,0
BPH023,20110817,157.94,157.94,157.94,157.94,0
BPH023,20110818,155.27,155.27,155.27,155.27,0
BPH023,20110819,155.18,155.18,155.18,155.18,0
BPH023,20110822,156.66,156.66,156.66,156.66,0
BPH023,20110823,158.23,158.23,158.23,158.23,0
BPH023,20110824,158.07,158.07,158.07,158.07,0
BPH023,20110825,157.61,157.61,157.61,157.61,0
BPH023,20110826,158.24,158.24,158.24,158.24,0
BPH023,20110829,160.08,160.08,160.08,160.08,0
BPH023,20110830,160.98,160.98,160.98,160.98,0
BPH023,20110831,161.88,161.88,161.88,161.88,0
BPH023,20110901,161.22,161.22,161.22,161.22,0
BPH023,20110902,159.95,159.95,159.95,159.95,0
BPH023,20110905,157.58,157.58,157.58,157.58,0
BPH023,20110906,158.19,158.19,158.19,158.19,0
BPH023,20110907,159.82,159.82,159.82,159.82,0
BPH023,20110908,160.76,160.76,160.76,160.76,0
BPH023,20110909,158.77,158.77,158.77,158.77,0
BPH023,20110912,156.07,156.07,156.07,156.07,0
BPH023,20110913,155.79,155.79,155.79,155.79,0
BPH023,20110914,155.78,155.78,155.78,155.78,0
BPH023,20110915,155.78,155.78,155.78,155.78,0
BPH023,20110916,155.41,155.41,155.41,155.41,0
BPH023,20110919,152.80,152.80,152.80,152.80,0
BPH023,20110920,153.62,153.62,153.62,153.62,0
BPH023,20110921,152.71,152.71,152.71,152.71,0
BPH023,20110922,147.09,147.09,147.09,147.09,0
BPH023,20110923,144.59,144.59,144.59,144.59,0
BPH023,20110926,143.15,143.15,143.15,143.15,0
BPH023,20110927,145.70,145.70,145.70,145.70,0
BPH023,20110928,145.62,145.62,145.62,145.62,0
BPH023,20110929,144.73,144.73,144.73,144.73,0
BPH023,20110930,142.78,142.78,142.78,142.78,0
BPH023,20111003,141.06,141.06,141.06,141.06,0
BPH023,20111004,138.32,138.32,138.32,138.32,0
BPH023,20111005,140.24,140.24,140.24,140.24,0
BPH023,20111006,141.81,141.81,141.81,141.81,0
BPH023,20111007,143.08,143.08,143.08,143.08,0
BPH023,20111010,145.44,145.44,145.44,145.44,0
BPH023,20111011,145.48,145.48,145.48,145.48,0
BPH023,20111012,147.41,147.41,147.41,147.41,0
BPH023,20111013,146.47,146.47,146.47,146.47,0
BPH023,20111014,148.39,148.39,148.39,148.39,0
BPH023,20111017,149.57,149.57,149.57,149.57,0
BPH023,20111018,147.15,147.15,147.15,147.15,0
BPH023,20111019,148.46,148.46,148.46,148.46,0
BPH023,20111020,144.91,144.91,144.91,144.91,0
BPH023,20111021,146.39,146.39,146.39,146.39,0
BPH023,20111024,148.71,148.71,148.71,148.71,0
BPH023,20111025,150.34,150.34,150.34,150.34,0
BPH023,20111026,149.74,149.74,149.74,149.74,0
BPH023,20111027,150.49,150.49,150.49,150.49,0
BPH023,20111028,152.04,152.04,152.04,152.04,0
BPH023,20111031,150.12,150.12,150.12,150.12,0
BPH023,20111102,149.34,149.34,149.34,149.34,0
BPH023,20111103,150.52,150.52,150.52,150.52,0
BPH023,20111104,151.07,151.07,151.07,151.07,0
BPH023,20111107,150.61,150.61,150.61,150.61,0
BPH023,20111108,151.18,151.18,151.18,151.18,0
BPH023,20111109,151.72,151.72,151.72,151.72,0
BPH023,20111110,149.64,149.64,149.64,149.64,0
BPH023,20111114,150.68,150.68,150.68,150.68,0
BPH023,20111115,150.17,150.17,150.17,150.17,0
BPH023,20111116,151.41,151.41,151.41,151.41,0
BPH023,20111117,148.74,148.74,148.74,148.74,0
BPH023,20111118,147.57,147.57,147.57,147.57,0
BPH023,20111121,144.67,144.67,144.67,144.67,0
BPH023,20111122,145.94,145.94,145.94,145.94,0
BPH023,20111123,145.43,145.43,145.43,145.43,0
BPH023,20111124,145.32,145.32,145.32,145.32,0
BPH023,20111125,144.68,144.68,144.68,144.68,0
BPH023,20111128,145.79,145.79,145.79,145.79,0
BPH023,20111129,146.00,146.00,146.00,146.00,0
BPH023,20111130,146.50,146.50,146.50,146.50,0
BPH023,20111201,147.41,147.41,147.41,147.41,0
BPH023,20111202,148.21,148.21,148.21,148.21,0
BPH023,20111205,148.09,148.09,148.09,148.09,0
BPH023,20111206,146.82,146.82,146.82,146.82,0
BPH023,20111207,146.80,146.80,146.80,146.80,0
BPH023,20111208,146.37,146.37,146.37,146.37,0
BPH023,20111209,145.06,145.06,145.06,145.06,0
BPH023,20111212,144.72,144.72,144.72,144.72,0
BPH023,20111213,145.51,145.51,145.51,145.51,0
BPH023,20111214,142.34,142.34,142.34,142.34,0
BPH023,20111215,141.17,141.17,141.17,141.17,0
BPH023,20111216,141.39,141.39,141.39,141.39,0
BPH023,20111219,141.32,141.32,141.32,141.32,0
BPH023,20111220,143.30,143.30,143.30,143.30,0
BPH023,20111221,144.58,144.58,144.58,144.58,0
BPH023,20111222,145.15,145.15,145.15,145.15,0
BPH023,20111223,145.29,145.29,145.29,145.29,0
BPH023,20111227,145.44,145.44,145.44,145.44,0
BPH023,20111228,145.26,145.26,145.26,145.26,0
BPH023,20111229,144.02,144.02,144.02,144.02,0
BPH023,20111230,144.63,144.63,144.63,144.63,0
BPH023,20120102,145.72,145.72,145.72,145.72,0
BPH023,20120103,147.21,147.21,147.21,147.21,0
BPH023,20120104,148.60,148.60,148.60,148.60,0
BPH023,20120105,147.71,147.71,147.71,147.71,0
BPH023,20120109,147.08,147.08,147.08,147.08,0
BPH023,20120110,148.68,148.68,148.68,148.68,0
BPH023,20120111,148.65,148.65,148.65,148.65,0
BPH023,20120112,146.88,146.88,146.88,146.88,0
BPH023,20120113,147.61,147.61,147.61,147.61,0
BPH023,20120116,146.31,146.31,146.31,146.31,0
BPH023,20120117,147.30,147.30,147.30,147.30,0
BPH023,20120118,147.08,147.08,147.08,147.08,0
BPH023,20120119,147.46,147.46,147.46,147.46,0
BPH023,20120120,146.94,146.94,146.94,146.94,0
BPH023,20120123,147.59,147.59,147.59,147.59,0
BPH023,20120124,149.26,149.26,149.26,149.26,0
BPH023,20120125,149.26,149.26,149.26,149.26,0
BPH023,20120126,150.82,150.82,150.82,150.82,0
BPH023,20120127,150.37,150.37,150.37,150.37,0
BPH023,20120130,150.19,150.19,150.19,150.19,0
BPH023,20120131,150.75,150.75,150.75,150.75,0
BPH023,20120201,149.56,149.56,149.56,149.56,0
BPH023,20120202,149.27,149.27,149.27,149.27,0
BPH023,20120203,150.63,150.63,150.63,150.63,0
BPH023,20120206,150.33,150.33,150.33,150.33,0
BPH023,20120207,150.70,150.70,150.70,150.70,0
BPH023,20120208,151.95,151.95,151.95,151.95,0
BPH023,20120209,152.31,152.31,152.31,152.31,0
BPH023,20120210,151.25,151.25,151.25,151.25,0
BPH023,20120213,151.48,151.48,151.48,151.48,0
BPH023,20120214,151.35,151.35,151.35,151.35,0
BPH023,20120215,152.01,152.01,152.01,152.01,0
BPH023,20120216,150.64,150.64,150.64,150.64,0
BPH023,20120217,151.72,151.72,151.72,151.72,0
BPH023,20120220,152.52,152.52,152.52,152.52,0
BPH023,20120221,153.28,153.28,153.28,153.28,0
BPH023,20120222,153.61,153.61,153.61,153.61,0
BPH023,20120223,154.14,154.14,154.14,154.14,0
BPH023,20120224,154.21,154.21,154.21,154.21,0
BPH023,20120227,155.14,155.14,155.14,155.14,0
BPH023,20120228,154.70,154.70,154.70,154.70,0
BPH023,20120229,154.48,154.48,154.48,154.48,0
BPH023,20120301,154.34,154.34,154.34,154.34,0
BPH023,20120302,155.03,155.03,155.03,155.03,0
BPH023,20120305,153.01,153.01,153.01,153.01,0
BPH023,20120306,151.76,151.76,151.76,151.76,0
BPH023,20120307,150.83,150.83,150.83,150.83,0
BPH023,20120308,151.29,151.29,151.29,151.29,0
BPH023,20120309,153.81,153.81,153.81,153.81,0
BPH023,20120312,151.98,151.98,151.98,151.98,0
BPH023,20120313,153.13,153.13,153.13,153.13,0
BPH023,20120314,152.85,152.85,152.85,152.85,0
BPH023,20120315,151.98,151.98,151.98,151.98,0
BPH023,20120316,151.16,151.16,151.16,151.16,0
BPH023,20120319,152.26,152.26,152.26,152.26,0
BPH023,20120320,151.21,151.21,151.21,151.21,0
BPH023,20120321,151.70,151.70,151.70,151.70,0
BPH023,20120322,148.69,148.69,148.69,148.69,0
BPH023,20120323,150.75,150.75,150.75,150.75,0
BPH023,20120326,150.64,150.64,150.64,150.64,0
BPH023,20120327,151.67,151.67,151.67,151.67,0
BPH023,20120328,150.46,150.46,150.46,150.46,0
BPH023,20120329,148.97,148.97,148.97,148.97,0
BPH023,20120330,148.91,148.91,148.91,148.91,0
BPH023,20120402,150.40,150.40,150.40,150.40,0
BPH023,20120403,150.37,150.37,150.37,150.37,0
BPH023,20120404,148.52,148.52,148.52,148.52,0
BPH023,20120405,148.71,148.71,148.71,148.71,0
BPH023,20120410,146.40,146.40,146.40,146.40,0
BPH023,20120411,146.33,146.33,146.33,146.33,0
BPH023,20120412,147.29,147.29,147.29,147.29,0
BPH023,20120413,147.06,147.06,147.06,147.06,0
BPH023,20120416,144.77,144.77,144.77,144.77,0
BPH023,20120417,146.07,146.07,146.07,146.07,0
BPH023,20120418,144.38,144.38,144.38,144.38,0
BPH023,20120419,145.04,145.04,145.04,145.04,0
BPH023,20120420,145.06,145.06,145.06,145.06,0
BPH023,20120423,144.31,144.31,144.31,144.31,0
BPH023,20120424,145.13,145.13,145.13,145.13,0
BPH023,20120425,145.20,145.20,145.20,145.20,0
BPH023,20120426,146.06,146.06,146.06,146.06,0
BPH023,20120427,146.22,146.22,146.22,146.22,0
BPH023,20120430,146.40,146.40,146.40,146.40,0
BPH023,20120502,146.63,146.63,146.63,146.63,0
BPH023,20120504,143.09,143.09,143.09,143.09,0
BPH023,20120507,142.52,142.52,142.52,142.52,0
BPH023,20120508,141.81,141.81,141.81,141.81,0
BPH023,20120509,141.52,141.52,141.52,141.52,0
BPH023,20120510,141.85,141.85,141.85,141.85,0
BPH023,20120511,141.41,141.41,141.41,141.41,0
BPH023,20120514,139.29,139.29,139.29,139.29,0
BPH023,20120515,139.89,139.89,139.89,139.89,0
BPH023,20120516,139.06,139.06,139.06,139.06,0
BPH023,20120517,139.41,139.41,139.41,139.41,0
BPH023,20120518,139.62,139.62,139.62,139.62,0
BPH023,20120521,139.91,139.91,139.91,139.91,0
BPH023,20120522,139.74,139.74,139.74,139.74,0
BPH023,20120523,137.38,137.38,137.38,137.38,0
BPH023,20120524,136.78,136.78,136.78,136.78,0
BPH023,20120525,137.56,137.56,137.56,137.56,0
BPH023,20120528,137.48,137.48,137.48,137.48,0
BPH023,20120529,137.68,137.68,137.68,137.68,0
BPH023,20120530,134.65,134.65,134.65,134.65,0
BPH023,20120531,133.86,133.86,133.86,133.86,0
BPH023,20120601,131.20,131.20,131.20,131.20,0
BPH023,20120604,130.83,130.83,130.83,130.83,0
BPH023,20120605,131.62,131.62,131.62,131.62,0
BPH023,20120606,133.50,133.50,133.50,133.50,0
BPH023,20120608,132.71,132.71,132.71,132.71,0
BPH023,20120611,134.12,134.12,134.12,134.12,0
BPH023,20120612,133.16,133.16,133.16,133.16,0
BPH023,20120613,132.58,132.58,132.58,132.58,0
BPH023,20120614,132.71,132.71,132.71,132.71,0
BPH023,20120615,133.67,133.67,133.67,133.67,0
BPH023,20120618,134.00,134.00,134.00,134.00,0
BPH023,20120619,134.42,134.42,134.42,134.42,0
BPH023,20120620,134.08,134.08,134.08,134.08,0
BPH023,20120621,132.98,132.98,132.98,132.98,0
BPH023,20120622,131.81,131.81,131.81,131.81,0
BPH023,20120625,132.59,132.59,132.59,132.59,0
BPH023,20120626,133.37,133.37,133.37,133.37,0
BPH023,20120627,135.26,135.26,135.26,135.26,0
BPH023,20120628,133.50,133.50,133.50,133.50,0
BPH023,20120629,135.81,135.81,135.81,135.81,0
BPH023,20120702,138.03,138.03,138.03,138.03,0
BPH023,20120703,140.47,140.47,140.47,140.47,0
BPH023,20120704,140.91,140.91,140.91,140.91,0
BPH023,20120705,142.91,142.91,142.91,142.91,0
BPH023,20120706,140.70,140.70,140.70,140.70,0
BPH023,20120709,140.80,140.80,140.80,140.80,0
BPH023,20120710,140.97,140.97,140.97,140.97,0
BPH023,20120711,140.89,140.89,140.89,140.89,0
BPH023,20120712,139.97,139.97,139.97,139.97,0
BPH023,20120713,141.82,141.82,141.82,141.82,0
BPH023,20120716,142.40,142.40,142.40,142.40,0
BPH023,20120717,143.46,143.46,143.46,143.46,0
BPH023,20120718,143.77,143.77,143.77,143.77,0
BPH023,20120719,146.09,146.09,146.09,146.09,0
BPH023,20120720,146.74,146.74,146.74,146.74,0
BPH023,20120723,144.42,144.42,144.42,144.42,0
BPH023,20120724,143.30,143.30,143.30,143.30,0
BPH023,20120725,142.72,142.72,142.72,142.72,0
BPH023,20120726,142.48,142.48,142.48,142.48,0
BPH023,20120727,143.57,143.57,143.57,143.57,0
BPH023,20120730,145.50,145.50,145.50,145.50,0
BPH023,20120731,145.08,145.08,145.08,145.08,0
BPH023,20120801,143.99,143.99,143.99,143.99,0
BPH023,20120802,144.04,144.04,144.04,144.04,0
BPH023,20120803,143.94,143.94,143.94,143.94,0
BPH023,20120806,144.71,144.71,144.71,144.71,0
BPH023,20120807,145.99,145.99,145.99,145.99,0
BPH023,20120808,146.31,146.31,146.31,146.31,0
BPH023,20120809,147.41,147.41,147.41,147.41,0
BPH023,20120810,145.77,145.77,145.77,145.77,0
BPH023,20120813,144.40,144.40,144.40,144.40,0
BPH023,20120814,145.21,145.21,145.21,145.21,0
BPH023,20120816,145.18,145.18,145.18,145.18,0
BPH023,20120817,146.92,146.92,146.92,146.92,0
BPH023,20120820,146.61,146.61,146.61,146.61,0
BPH023,20120821,147.47,147.47,147.47,147.47,0
BPH023,20120822,147.98,147.98,147.98,147.98,0
BPH023,20120823,148.09,148.09,148.09,148.09,0
BPH023,20120824,147.78,147.78,147.78,147.78,0
BPH023,20120827,147.32,147.32,147.32,147.32,0
BPH023,20120828,146.69,146.69,146.69,146.69,0
BPH023,20120829,147.14,147.14,147.14,147.14,0
BPH023,20120830,147.57,147.57,147.57,147.57,0
BPH023,20120831,147.46,147.46,147.46,147.46,0
BPH023,20120903,148.29,148.29,148.29,148.29,0
BPH023,20120904,148.71,148.71,148.71,148.71,0
BPH023,20120905,146.79,146.79,146.79,146.79,0
BPH023,20120906,148.10,148.10,148.10,148.10,0
BPH023,20120907,147.62,147.62,147.62,147.62,0
BPH023,20120910,149.14,149.14,149.14,149.14,0
BPH023,20120911,149.22,149.22,149.22,149.22,0
BPH023,20120912,149.63,149.63,149.63,149.63,0
BPH023,20120913,150.37,150.37,150.37,150.37,0
BPH023,20120914,151.87,151.87,151.87,151.87,0
BPH023,20120917,151.27,151.27,151.27,151.27,0
BPH023,20120918,149.98,149.98,149.98,149.98,0
BPH023,20120919,147.80,147.80,147.80,147.80,0
BPH023,20120920,147.84,147.84,147.84,147.84,0
BPH023,20120921,148.64,148.64,148.64,148.64,0
BPH023,20120924,146.65,146.65,146.65,146.65,0
BPH023,20120925,147.39,147.39,147.39,147.39,0
BPH023,20120926,145.63,145.63,145.63,145.63,0
BPH023,20120927,146.87,146.87,146.87,146.87,0
BPH023,20120928,148.65,148.65,148.65,148.65,0
BPH023,20121001,148.40,148.40,148.40,148.40,0
BPH023,20121002,148.29,148.29,148.29,148.29,0
BPH023,20121003,146.76,146.76,146.76,146.76,0
BPH023,20121004,146.78,146.78,146.78,146.78,0
BPH023,20121005,147.09,147.09,147.09,147.09,0
BPH023,20121008,146.98,146.98,146.98,146.98,0
BPH023,20121009,147.88,147.88,147.88,147.88,0
BPH023,20121010,147.57,147.57,147.57,147.57,0
BPH023,20121011,148.06,148.06,148.06,148.06,0
BPH023,20121012,147.08,147.08,147.08,147.08,0
BPH023,20121015,145.78,145.78,145.78,145.78,0
BPH023,20121016,146.12,146.12,146.12,146.12,0
BPH023,20121017,146.45,146.45,146.45,146.45,0
BPH023,20121018,147.20,147.20,147.20,147.20,0
BPH023,20121019,147.49,147.49,147.49,147.49,0
BPH023,20121022,145.86,145.86,145.86,145.86,0
BPH023,20121023,144.09,144.09,144.09,144.09,0
BPH023,20121024,143.44,143.44,143.44,143.44,0
BPH023,20121025,143.70,143.70,143.70,143.70,0
BPH023,20121026,143.05,143.05,143.05,143.05,0
BPH023,20121029,142.34,142.34,142.34,142.34,0
BPH023,20121030,142.32,142.32,142.32,142.32,0
BPH023,20121031,143.47,143.47,143.47,143.47,0
BPH023,20121102,141.96,141.96,141.96,141.96,0
BPH023,20121105,141.19,141.19,141.19,141.19,0
BPH023,20121106,142.09,142.09,142.09,142.09,0
BPH023,20121107,142.26,142.26,142.26,142.26,0
BPH023,20121108,141.60,141.60,141.60,141.60,0
BPH023,20121109,141.90,141.90,141.90,141.90,0
BPH023,20121112,141.38,141.38,141.38,141.38,0
BPH023,20121113,141.15,141.15,141.15,141.15,0
BPH023,20121114,142.06,142.06,142.06,142.06,0
BPH023,20121115,141.76,141.76,141.76,141.76,0
BPH023,20121116,141.14,141.14,141.14,141.14,0
BPH023,20121119,143.16,143.16,143.16,143.16,0
BPH023,20121120,143.01,143.01,143.01,143.01,0
BPH023,20121121,142.68,142.68,142.68,142.68,0
BPH023,20121122,143.06,143.06,143.06,143.06,0
BPH023,20121123,143.19,143.19,143.19,143.19,0
BPH023,20121126,143.52,143.52,143.52,143.52,0
BPH023,20121127,143.99,143.99,143.99,143.99,0
BPH023,20121128,143.02,143.02,143.02,143.02,0
BPH023,20121129,144.31,144.31,144.31,144.31,0
BPH023,20121130,144.02,144.02,144.02,144.02,0
BPH023,20121203,144.75,144.75,144.75,144.75,0
BPH023,20121204,143.70,143.70,143.70,143.70,0
BPH023,20121205,143.84,143.84,143.84,143.84,0
BPH023,20121206,144.12,144.12,144.12,144.12,0
BPH023,20121207,142.89,142.89,142.89,142.89,0
BPH023,20121210,142.55,142.55,142.55,142.55,0
BPH023,20121211,142.30,142.30,142.30,142.30,0
BPH023,20121212,142.80,142.80,142.80,142.80,0
BPH023,20121213,142.40,142.40,142.40,142.40,0
BPH023,20121214,142.39,142.39,142.39,142.39,0
BPH023,20121217,142.98,142.98,142.98,142.98,0
BPH023,20121218,142.88,142.88,142.88,142.88,0
BPH023,20121219,143.43,143.43,143.43,143.43,0
BPH023,20121220,142.65,142.65,142.65,142.65,0
BPH023,20121221,142.64,142.64,142.64,142.64,0
BPH023,20121227,143.23,143.23,143.23,143.23,0
BPH023,20121228,142.65,142.65,142.65,142.65,0
BPH023,20130102,144.67,144.67,144.67,144.67,0
BPH023,20130103,143.92,143.92,143.92,143.92,0
BPH023,20130104,141.79,141.79,141.79,141.79,0
BPH023,20130107,142.16,142.16,142.16,142.16,0
BPH023,20130108,143.12,143.12,143.12,143.12,0
BPH023,20130109,142.67,142.67,142.67,142.67,0
BPH023,20130110,142.42,142.42,142.42,142.42,0
BPH023,20130111,141.95,141.95,141.95,141.95,0
BPH023,20130114,144.05,144.05,144.05,144.05,0
BPH023,20130115,144.46,144.46,144.46,144.46,0
BPH023,20130116,143.67,143.67,143.67,143.67,0
BPH023,20130117,144.76,144.76,144.76,144.76,0
BPH023,20130118,145.35,145.35,145.35,145.35,0
BPH023,20130121,145.45,145.45,145.45,145.45,0
BPH023,20130122,145.28,145.28,145.28,145.28,0
BPH023,20130123,145.88,145.88,145.88,145.88,0
BPH023,20130124,145.02,145.02,145.02,145.02,0
BPH023,20130125,144.62,144.62,144.62,144.62,0
BPH023,20130128,144.80,144.80,144.80,144.80,0
BPH023,20130129,145.42,145.42,145.42,145.42,0
BPH023,20130130,146.17,146.17,146.17,146.17,0
BPH023,20130131,146.42,146.42,146.42,146.42,0
BPH023,20130201,147.34,147.34,147.34,147.34,0
BPH023,20130204,147.06,147.06,147.06,147.06,0
BPH023,20130205,146.04,146.04,146.04,146.04,0
BPH023,20130206,146.28,146.28,146.28,146.28,0
BPH023,20130207,147.40,147.40,147.40,147.40,0
BPH023,20130208,146.80,146.80,146.80,146.80,0
BPH023,20130211,145.34,145.34,145.34,145.34,0
BPH023,20130212,144.49,144.49,144.49,144.49,0
BPH023,20130213,145.68,145.68,145.68,145.68,0
BPH023,20130214,145.21,145.21,145.21,145.21,0
BPH023,20130215,144.24,144.24,144.24,144.24,0
BPH023,20130218,144.44,144.44,144.44,144.44,0
BPH023,20130219,143.93,143.93,143.93,143.93,0
BPH023,20130220,144.04,144.04,144.04,144.04,0
BPH023,20130221,142.12,142.12,142.12,142.12,0
BPH023,20130222,142.54,142.54,142.54,142.54,0
BPH023,20130225,142.46,142.46,142.46,142.46,0
BPH023,20130226,141.95,141.95,141.95,141.95,0
BPH023,20130227,141.55,141.55,141.55,141.55,0
BPH023,20130228,141.93,141.93,141.93,141.93,0
BPH023,20130301,140.80,140.80,140.80,140.80,0
BPH023,20130304,140.06,140.06,140.06,140.06,0
BPH023,20130305,141.20,141.20,141.20,141.20,0
BPH023,20130306,140.50,140.50,140.50,140.50,0
BPH023,20130307,140.23,140.23,140.23,140.23,0
BPH023,20130308,142.11,142.11,142.11,142.11,0
BPH023,20130311,141.41,141.41,141.41,141.41,0
BPH023,20130312,141.89,141.89,141.89,141.89,0
BPH023,20130313,142.00,142.00,142.00,142.00,0
BPH023,20130314,141.41,141.41,141.41,141.41,0
BPH023,20130315,142.20,142.20,142.20,142.20,0
BPH023,20130318,141.14,141.14,141.14,141.14,0
BPH023,20130319,141.51,141.51,141.51,141.51,0
BPH023,20130320,140.75,140.75,140.75,140.75,0
BPH023,20130321,141.32,141.32,141.32,141.32,0
BPH023,20130322,140.76,140.76,140.76,140.76,0
BPH023,20130325,142.72,142.72,142.72,142.72,0
BPH023,20130326,141.84,141.84,141.84,141.84,0
BPH023,20130327,142.58,142.58,142.58,142.58,0
BPH023,20130328,140.93,140.93,140.93,140.93,0
BPH023,20130402,140.36,140.36,140.36,140.36,0
BPH023,20130403,139.05,139.05,139.05,139.05,0
BPH023,20130404,137.38,137.38,137.38,137.38,0
BPH023,20130405,136.87,136.87,136.87,136.87,0
BPH023,20130408,138.44,138.44,138.44,138.44,0
BPH023,20130409,138.16,138.16,138.16,138.16,0
BPH023,20130410,139.16,139.16,139.16,139.16,0
BPH023,20130411,138.54,138.54,138.54,138.54,0
BPH023,20130412,137.06,137.06,137.06,137.06,0
BPH023,20130415,134.71,134.71,134.71,134.71,0
BPH023,20130417,135.75,135.75,135.75,135.75,0
BPH023,20130418,134.78,134.78,134.78,134.78,0
BPH023,20130419,135.14,135.14,135.14,135.14,0
BPH023,20130422,134.90,134.90,134.90,134.90,0
BPH023,20130423,134.34,134.34,134.34,134.34,0
BPH023,20130424,135.18,135.18,135.18,135.18,0
BPH023,20130425,136.74,136.74,136.74,136.74,0
BPH023,20130426,136.31,136.31,136.31,136.31,0
BPH023,20130429,137.35,137.35,137.35,137.35,0
BPH023,20130430,136.36,136.36,136.36,136.36,0
BPH023,20130502,136.31,136.31,136.31,136.31,0
BPH023,20130506,137.93,137.93,137.93,137.93,0
BPH023,20130507,137.03,137.03,137.03,137.03,0
BPH023,20130508,137.01,137.01,137.01,137.01,0
BPH023,20130509,138.18,138.18,138.18,138.18,0
BPH023,20130510,136.71,136.71,136.71,136.71,0
BPH023,20130513,136.97,136.97,136.97,136.97,0
BPH023,20130514,137.18,137.18,137.18,137.18,0
BPH023,20130515,136.19,136.19,136.19,136.19,0
BPH023,20130516,136.07,136.07,136.07,136.07,0
BPH023,20130517,136.86,136.86,136.86,136.86,0
BPH023,20130520,137.23,137.23,137.23,137.23,0
BPH023,20130521,136.53,136.53,136.53,136.53,0
BPH023,20130522,137.30,137.30,137.30,137.30,0
BPH023,20130523,135.72,135.72,135.72,135.72,0
BPH023,20130524,136.70,136.70,136.70,136.70,0
BPH023,20130527,136.20,136.20,136.20,136.20,0
BPH023,20130528,137.35,137.35,137.35,137.35,0
BPH023,20130529,135.61,135.61,135.61,135.61,0
BPH023,20130531,136.32,136.32,136.32,136.32,0
BPH023,20130603,135.97,135.97,135.97,135.97,0
BPH023,20130604,136.38,136.38,136.38,136.38,0
BPH023,20130605,136.85,136.85,136.85,136.85,0
BPH023,20130606,136.34,136.34,136.34,136.34,0
BPH023,20130607,137.34,137.34,137.34,137.34,0
BPH023,20130610,136.81,136.81,136.81,136.81,0
BPH023,20130611,135.94,135.94,135.94,135.94,0
BPH023,20130612,135.90,135.90,135.90,135.90,0
BPH023,20130613,135.96,135.96,135.96,135.96,0
BPH023,20130614,136.31,136.31,136.31,136.31,0
BPH023,20130617,136.44,136.44,136.44,136.44,0
BPH023,20130618,136.54,136.54,136.54,136.54,0
BPH023,20130619,136.91,136.91,136.91,136.91,0
BPH023,20130620,134.60,134.60,134.60,134.60,0
BPH023,20130621,133.83,133.83,133.83,133.83,0
BPH023,20130624,131.96,131.96,131.96,131.96,0
BPH023,20130625,133.27,133.27,133.27,133.27,0
BPH023,20130626,132.30,132.30,132.30,132.30,0
BPH023,20130627,132.48,132.48,132.48,132.48,0
BPH023,20130628,132.75,132.75,132.75,132.75,0
BPH023,20130701,132.69,132.69,132.69,132.69,0
BPH023,20130702,132.94,132.94,132.94,132.94,0
BPH023,20130703,133.72,133.72,133.72,133.72,0
BPH023,20130704,134.50,134.50,134.50,134.50,0
BPH023,20130705,133.97,133.97,133.97,133.97,0
BPH023,20130708,133.87,133.87,133.87,133.87,0
BPH023,20130709,134.54,134.54,134.54,134.54,0
BPH023,20130710,135.13,135.13,135.13,135.13,0
BPH023,20130711,135.76,135.76,135.76,135.76,0
BPH023,20130712,135.86,135.86,135.86,135.86,0
BPH023,20130715,135.52,135.52,135.52,135.52,0
BPH023,20130716,136.04,136.04,136.04,136.04,0
BPH023,20130717,136.71,136.71,136.71,136.71,0
BPH023,20130718,137.41,137.41,137.41,137.41,0
BPH023,20130719,137.20,137.20,137.20,137.20,0
BPH023,20130722,137.14,137.14,137.14,137.14,0
BPH023,20130723,136.99,136.99,136.99,136.99,0
BPH023,20130724,136.74,136.74,136.74,136.74,0
BPH023,20130725,135.33,135.33,135.33,135.33,0
BPH023,20130726,135.04,135.04,135.04,135.04,0
BPH023,20130729,135.12,135.12,135.12,135.12,0
BPH023,20130730,134.34,134.34,134.34,134.34,0
BPH023,20130731,134.71,134.71,134.71,134.71,0
BPH023,20130801,135.49,135.49,135.49,135.49,0
BPH023,20130802,135.01,135.01,135.01,135.01,0
BPH023,20130805,135.05,135.05,135.05,135.05,0
BPH023,20130806,133.87,133.87,133.87,133.87,0
BPH023,20130807,133.60,133.60,133.60,133.60,0
BPH023,20130808,133.84,133.84,133.84,133.84,0
BPH023,20130809,135.57,135.57,135.57,135.57,0
BPH023,20130812,136.30,136.30,136.30,136.30,0
BPH023,20130813,137.86,137.86,137.86,137.86,0
BPH023,20130814,138.01,138.01,138.01,138.01,0
BPH023,20130816,139.85,139.85,139.85,139.85,0
BPH023,20130819,139.63,139.63,139.63,139.63,0
BPH023,20130820,139.12,139.12,139.12,139.12,0
BPH023,20130821,139.02,139.02,139.02,139.02,0
BPH023,20130822,138.56,138.56,138.56,138.56,0
BPH023,20130823,139.04,139.04,139.04,139.04,0
BPH023,20130826,139.91,139.91,139.91,139.91,0
BPH023,20130827,140.35,140.35,140.35,140.35,0
BPH023,20130828,141.22,141.22,141.22,141.22,0
BPH023,20130829,140.59,140.59,140.59,140.59,0
BPH023,20130830,139.83,139.83,139.83,139.83,0
BPH023,20130902,139.53,139.53,139.53,139.53,0
BPH023,20130903,140.01,140.01,140.01,140.01,0
BPH023,20130904,138.80,138.80,138.80,138.80,0
BPH023,20130905,138.84,138.84,138.84,138.84,0
BPH023,20130906,139.45,139.45,139.45,139.45,0
BPH023,20130909,139.94,139.94,139.94,139.94,0
BPH023,20130910,139.37,139.37,139.37,139.37,0
BPH023,20130911,139.45,139.45,139.45,139.45,0
BPH023,20130912,139.73,139.73,139.73,139.73,0
BPH023,20130913,139.63,139.63,139.63,139.63,0
BPH023,20130916,139.04,139.04,139.04,139.04,0
BPH023,20130917,138.51,138.51,138.51,138.51,0
BPH023,20130918,138.62,138.62,138.62,138.62,0
BPH023,20130919,140.46,140.46,140.46,140.46,0
BPH023,20130920,139.05,139.05,139.05,139.05,0
BPH023,20130923,138.59,138.59,138.59,138.59,0
BPH023,20130924,137.62,137.62,137.62,137.62,0
BPH023,20130925,138.43,138.43,138.43,138.43,0
BPH023,20130926,138.61,138.61,138.61,138.61,0
BPH023,20130927,138.61,138.61,138.61,138.61,0
BPH023,20130930,137.87,137.87,137.87,137.87,0
BPH023,20131001,137.23,137.23,137.23,137.23,0
BPH023,20131002,137.63,137.63,137.63,137.63,0
BPH023,20131003,138.00,138.00,138.00,138.00,0
BPH023,20131004,138.22,138.22,138.22,138.22,0
BPH023,20131007,138.63,138.63,138.63,138.63,0
BPH023,20131008,138.88,138.88,138.88,138.88,0
BPH023,20131009,138.08,138.08,138.08,138.08,0
BPH023,20131010,138.93,138.93,138.93,138.93,0
BPH023,20131011,138.32,138.32,138.32,138.32,0
BPH023,20131014,138.29,138.29,138.29,138.29,0
BPH023,20131015,139.64,139.64,139.64,139.64,0
BPH023,20131016,139.35,139.35,139.35,139.35,0
BPH023,20131017,139.31,139.31,139.31,139.31,0
BPH023,20131018,139.39,139.39,139.39,139.39,0
BPH023,20131021,139.50,139.50,139.50,139.50,0
BPH023,20131022,138.83,138.83,138.83,138.83,0
BPH023,20131023,138.38,138.38,138.38,138.38,0
BPH023,20131024,137.80,137.80,137.80,137.80,0
BPH023,20131025,138.11,138.11,138.11,138.11,0
BPH023,20131028,138.21,138.21,138.21,138.21,0
BPH023,20131029,138.04,138.04,138.04,138.04,0
BPH023,20131030,138.14,138.14,138.14,138.14,0
BPH023,20131031,138.02,138.02,138.02,138.02,0
BPH023,20131104,135.37,135.37,135.37,135.37,0
BPH023,20131105,135.20,135.20,135.20,135.20,0
BPH023,20131106,135.58,135.58,135.58,135.58,0
BPH023,20131107,136.13,136.13,136.13,136.13,0
BPH023,20131108,135.79,135.79,135.79,135.79,0
BPH023,20131112,135.53,135.53,135.53,135.53,0
BPH023,20131113,135.34,135.34,135.34,135.34,0
BPH023,20131114,135.47,135.47,135.47,135.47,0
BPH023,20131115,135.80,135.80,135.80,135.80,0
BPH023,20131118,136.22,136.22,136.22,136.22,0
BPH023,20131119,135.83,135.83,135.83,135.83,0
BPH023,20131120,136.34,136.34,136.34,136.34,0
BPH023,20131121,136.36,136.36,136.36,136.36,0
BPH023,20131122,136.68,136.68,136.68,136.68,0
BPH023,20131125,136.56,136.56,136.56,136.56,0
BPH023,20131126,136.58,136.58,136.58,136.58,0
BPH023,20131127,136.27,136.27,136.27,136.27,0
BPH023,20131128,136.21,136.21,136.21,136.21,0
BPH023,20131129,137.13,137.13,137.13,137.13,0
BPH023,20131202,136.56,136.56,136.56,136.56,0
BPH023,20131203,136.92,136.92,136.92,136.92,0
BPH023,20131204,137.58,137.58,137.58,137.58,0
BPH023,20131205,137.06,137.06,137.06,137.06,0
BPH023,20131206,137.58,137.58,137.58,137.58,0
BPH023,20131209,137.85,137.85,137.85,137.85,0
BPH023,20131210,138.07,138.07,138.07,138.07,0
BPH023,20131211,138.24,138.24,138.24,138.24,0
BPH023,20131212,138.05,138.05,138.05,138.05,0
BPH023,20131213,137.86,137.86,137.86,137.86,0
BPH023,20131216,138.08,138.08,138.08,138.08,0
BPH023,20131217,137.38,137.38,137.38,137.38,0
BPH023,20131218,137.05,137.05,137.05,137.05,0
BPH023,20131219,137.63,137.63,137.63,137.63,0
BPH023,20131220,137.70,137.70,137.70,137.70,0
BPH023,20131223,137.66,137.66,137.66,137.66,0
BPH023,20131227,138.92,138.92,138.92,138.92,0
BPH023,20131230,138.37,138.37,138.37,138.37,0
BPH023,20140102,137.11,137.11,137.11,137.11,0
BPH023,20140103,136.02,136.02,136.02,136.02,0
BPH023,20140107,136.05,136.05,136.05,136.05,0
BPH023,20140108,135.41,135.41,135.41,135.41,0
BPH023,20140109,134.51,134.51,134.51,134.51,0
BPH023,20140110,133.71,133.71,133.71,133.71,0
BPH023,20140113,135.16,135.16,135.16,135.16,0
BPH023,20140114,135.08,135.08,135.08,135.08,0
BPH023,20140115,136.48,136.48,136.48,136.48,0
BPH023,20140116,137.06,137.06,137.06,137.06,0
BPH023,20140117,136.87,136.87,136.87,136.87,0
BPH023,20140120,136.47,136.47,136.47,136.47,0
BPH023,20140121,136.65,136.65,136.65,136.65,0
BPH023,20140122,136.66,136.66,136.66,136.66,0
BPH023,20140123,137.15,137.15,137.15,137.15,0
BPH023,20140124,136.75,136.75,136.75,136.75,0
BPH023,20140127,136.70,136.70,136.70,136.70,0
BPH023,20140128,136.55,136.55,136.55,136.55,0
BPH023,20140129,136.81,136.81,136.81,136.81,0
BPH023,20140130,137.64,137.64,137.64,137.64,0
BPH023,20140131,136.95,136.95,136.95,136.95,0
BPH023,20140203,136.57,136.57,136.57,136.57,0
BPH023,20140204,137.41,137.41,137.41,137.41,0
BPH023,20140205,137.48,137.48,137.48,137.48,0
BPH023,20140206,137.82,137.82,137.82,137.82,0
BPH023,20140207,138.42,138.42,138.42,138.42,0
BPH023,20140210,138.59,138.59,138.59,138.59,0
BPH023,20140211,138.88,138.88,138.88,138.88,0
BPH023,20140212,140.21,140.21,140.21,140.21,0
BPH023,20140213,139.99,139.99,139.99,139.99,0
BPH023,20140214,140.30,140.30,140.30,140.30,0
BPH023,20140217,140.97,140.97,140.97,140.97,0
BPH023,20140218,141.49,141.49,141.49,141.49,0
BPH023,20140219,142.43,142.43,142.43,142.43,0
BPH023,20140220,142.42,142.42,142.42,142.42,0
BPH023,20140221,142.44,142.44,142.44,142.44,0
BPH023,20140224,143.61,143.61,143.61,143.61,0
BPH023,20140225,142.72,142.72,142.72,142.72,0
BPH023,20140226,143.15,143.15,143.15,143.15,0
BPH023,20140227,142.50,142.50,142.50,142.50,0
BPH023,20140228,142.26,142.26,142.26,142.26,0
BPH023,20140303,143.57,143.57,143.57,143.57,0
BPH023,20140304,143.72,143.72,143.72,143.72,0
BPH023,20140305,143.84,143.84,143.84,143.84,0
BPH023,20140306,143.27,143.27,143.27,143.27,0
BPH023,20140307,144.22,144.22,144.22,144.22,0
BPH023,20140310,143.49,143.49,143.49,143.49,0
BPH023,20140311,142.51,142.51,142.51,142.51,0
BPH023,20140312,141.61,141.61,141.61,141.61,0
BPH023,20140313,141.77,141.77,141.77,141.77,0
BPH023,20140314,140.96,140.96,140.96,140.96,0
BPH023,20140317,140.87,140.87,140.87,140.87,0
BPH023,20140318,141.50,141.50,141.50,141.50,0
BPH023,20140319,141.52,141.52,141.52,141.52,0
BPH023,20140320,140.91,140.91,140.91,140.91,0
BPH023,20140321,141.17,141.17,141.17,141.17,0
BPH023,20140324,140.90,140.90,140.90,140.90,0
BPH023,20140325,141.75,141.75,141.75,141.75,0
BPH023,20140326,141.63,141.63,141.63,141.63,0
BPH023,20140327,142.43,142.43,142.43,142.43,0
BPH023,20140328,142.82,142.82,142.82,142.82,0
BPH023,20140331,141.81,141.81,141.81,141.81,0
BPH023,20140401,142.60,142.60,142.60,142.60,0
BPH023,20140402,141.86,141.86,141.86,141.86,0
BPH023,20140403,142.07,142.07,142.07,142.07,0
BPH023,20140404,142.73,142.73,142.73,142.73,0
BPH023,20140407,142.43,142.43,142.43,142.43,0
BPH023,20140408,143.20,143.20,143.20,143.20,0
BPH023,20140409,144.06,144.06,144.06,144.06,0
BPH023,20140410,144.29,144.29,144.29,144.29,0
BPH023,20140411,144.49,144.49,144.49,144.49,0
BPH023,20140414,144.58,144.58,144.58,144.58,0
BPH023,20140415,144.32,144.32,144.32,144.32,0
BPH023,20140416,144.99,144.99,144.99,144.99,0
BPH023,20140417,144.77,144.77,144.77,144.77,0
BPH023,20140422,144.55,144.55,144.55,144.55,0
BPH023,20140423,144.63,144.63,144.63,144.63,0
BPH023,20140424,145.17,145.17,145.17,145.17,0
BPH023,20140425,144.77,144.77,144.77,144.77,0
BPH023,20140428,144.28,144.28,144.28,144.28,0
BPH023,20140429,144.80,144.80,144.80,144.80,0
BPH023,20140430,143.24,143.24,143.24,143.24,0
BPH023,20140502,143.36,143.36,143.36,143.36,0
BPH023,20140505,143.17,143.17,143.17,143.17,0
BPH023,20140506,143.02,143.02,143.02,143.02,0
BPH023,20140507,142.75,142.75,142.75,142.75,0
BPH023,20140508,143.09,143.09,143.09,143.09,0
BPH023,20140509,142.89,142.89,142.89,142.89,0
BPH023,20140512,142.21,142.21,142.21,142.21,0
BPH023,20140513,142.98,142.98,142.98,142.98,0
BPH023,20140514,143.32,143.32,143.32,143.32,0
BPH023,20140515,142.36,142.36,142.36,142.36,0
BPH023,20140516,142.52,142.52,142.52,142.52,0
BPH023,20140519,142.39,142.39,142.39,142.39,0
BPH023,20140520,142.44,142.44,142.44,142.44,0
BPH023,20140521,143.09,143.09,143.09,143.09,0
BPH023,20140522,143.16,143.16,143.16,143.16,0
BPH023,20140523,142.76,142.76,142.76,142.76,0
BPH023,20140526,142.92,142.92,142.92,142.92,0
BPH023,20140527,142.48,142.48,142.48,142.48,0
BPH023,20140528,141.89,141.89,141.89,141.89,0
BPH023,20140529,142.31,142.31,142.31,142.31,0
BPH023,20140530,141.28,141.28,141.28,141.28,0
BPH023,20140602,141.26,141.26,141.26,141.26,0
BPH023,20140603,140.81,140.81,140.81,140.81,0
BPH023,20140604,140.88,140.88,140.88,140.88,0
BPH023,20140605,140.69,140.69,140.69,140.69,0
BPH023,20140606,141.00,141.00,141.00,141.00,0
BPH023,20140609,141.84,141.84,141.84,141.84,0
BPH023,20140610,141.48,141.48,141.48,141.48,0
BPH023,20140611,141.47,141.47,141.47,141.47,0
BPH023,20140612,141.65,141.65,141.65,141.65,0
BPH023,20140613,142.90,142.90,142.90,142.90,0
BPH023,20140616,142.65,142.65,142.65,142.65,0
BPH023,20140617,142.79,142.79,142.79,142.79,0
BPH023,20140618,142.81,142.81,142.81,142.81,0
BPH023,20140620,144.18,144.18,144.18,144.18,0
BPH023,20140623,143.55,143.55,143.55,143.55,0
BPH023,20140624,143.93,143.93,143.93,143.93,0
BPH023,20140625,143.41,143.41,143.41,143.41,0
BPH023,20140626,143.75,143.75,143.75,143.75,0
BPH023,20140627,143.81,143.81,143.81,143.81,0
BPH023,20140630,142.96,142.96,142.96,142.96,0
BPH023,20140701,141.67,141.67,141.67,141.67,0
BPH023,20140702,141.89,141.89,141.89,141.89,0
BPH023,20140703,141.90,141.90,141.90,141.90,0
BPH023,20140704,141.59,141.59,141.59,141.59,0
BPH023,20140707,140.43,140.43,140.43,140.43,0
BPH023,20140708,140.18,140.18,140.18,140.18,0
BPH023,20140709,139.52,139.52,139.52,139.52,0
BPH023,20140710,138.49,138.49,138.49,138.49,0
BPH023,20140711,137.70,137.70,137.70,137.70,0
BPH023,20140714,137.34,137.34,137.34,137.34,0
BPH023,20140715,136.98,136.98,136.98,136.98,0
BPH023,20140716,137.52,137.52,137.52,137.52,0
BPH023,20140717,137.49,137.49,137.49,137.49,0
BPH023,20140718,137.39,137.39,137.39,137.39,0
BPH023,20140721,136.96,136.96,136.96,136.96,0
BPH023,20140722,137.14,137.14,137.14,137.14,0
BPH023,20140723,137.08,137.08,137.08,137.08,0
BPH023,20140724,137.35,137.35,137.35,137.35,0
BPH023,20140725,137.11,137.11,137.11,137.11,0
BPH023,20140728,137.06,137.06,137.06,137.06,0
BPH023,20140729,136.57,136.57,136.57,136.57,0
BPH023,20140730,136.32,136.32,136.32,136.32,0
BPH023,20140731,135.78,135.78,135.78,135.78,0
BPH023,20140801,134.69,134.69,134.69,134.69,0
BPH023,20140804,135.05,135.05,135.05,135.05,0
BPH023,20140805,134.52,134.52,134.52,134.52,0
BPH023,20140806,135.20,135.20,135.20,135.20,0
BPH023,20140807,134.69,134.69,134.69,134.69,0
BPH023,20140808,133.60,133.60,133.60,133.60,0
BPH023,20140811,134.49,134.49,134.49,134.49,0
BPH023,20140812,133.68,133.68,133.68,133.68,0
BPH023,20140813,133.00,133.00,133.00,133.00,0
BPH023,20140814,132.49,132.49,132.49,132.49,0
BPH023,20140818,132.49,132.49,132.49,132.49,0
BPH023,20140819,132.46,132.46,132.46,132.46,0
BPH023,20140820,132.31,132.31,132.31,132.31,0
BPH023,20140821,132.37,132.37,132.37,132.37,0
BPH023,20140822,133.12,133.12,133.12,133.12,0
BPH023,20140825,132.60,132.60,132.60,132.60,0
BPH023,20140826,133.00,133.00,133.00,133.00,0
BPH023,20140827,133.05,133.05,133.05,133.05,0
BPH023,20140828,132.75,132.75,132.75,132.75,0
BPH023,20140829,132.96,132.96,132.96,132.96,0
BPH023,20140901,132.72,132.72,132.72,132.72,0
BPH023,20140902,131.92,131.92,131.92,131.92,0
BPH023,20140903,131.60,131.60,131.60,131.60,0
BPH023,20140904,132.65,132.65,132.65,132.65,0
BPH023,20140905,131.04,131.04,131.04,131.04,0
BPH023,20140908,130.99,130.99,130.99,130.99,0
BPH023,20140909,130.00,130.00,130.00,130.00,0
BPH023,20140910,129.76,129.76,129.76,129.76,0
BPH023,20140911,128.89,128.89,128.89,128.89,0
BPH023,20140912,128.72,128.72,128.72,128.72,0
BPH023,20140915,128.56,128.56,128.56,128.56,0
BPH023,20140916,129.02,129.02,129.02,129.02,0
BPH023,20140917,129.53,129.53,129.53,129.53,0
BPH023,20140918,128.30,128.30,128.30,128.30,0
BPH023,20140919,127.94,127.94,127.94,127.94,0
BPH023,20140922,126.53,126.53,126.53,126.53,0
BPH023,20140923,127.10,127.10,127.10,127.10,0
BPH023,20140924,127.40,127.40,127.40,127.40,0
BPH023,20140925,126.84,126.84,126.84,126.84,0
BPH023,20140926,127.85,127.85,127.85,127.85,0
BPH023,20140929,127.86,127.86,127.86,127.86,0
BPH023,20140930,127.94,127.94,127.94,127.94,0
BPH023,20141001,127.35,127.35,127.35,127.35,0
BPH023,20141002,125.36,125.36,125.36,125.36,0
BPH023,20141003,125.77,125.77,125.77,125.77,0
BPH023,20141006,126.42,126.42,126.42,126.42,0
BPH023,20141007,127.63,127.63,127.63,127.63,0
BPH023,20141008,126.30,126.30,126.30,126.30,0
BPH023,20141009,127.27,127.27,127.27,127.27,0
BPH023,20141010,125.99,125.99,125.99,125.99,0
BPH023,20141013,125.57,125.57,125.57,125.57,0
BPH023,20141014,125.86,125.86,125.86,125.86,0
BPH023,20141015,123.60,123.60,123.60,123.60,0
BPH023,20141016,124.03,124.03,124.03,124.03,0
BPH023,20141017,125.21,125.21,125.21,125.21,0
BPH023,20141020,123.85,123.85,123.85,123.85,0
BPH023,20141021,125.44,125.44,125.44,125.44,0
BPH023,20141022,125.90,125.90,125.90,125.90,0
BPH023,20141023,125.39,125.39,125.39,125.39,0
BPH023,20141024,124.74,124.74,124.74,124.74,0
BPH023,20141027,124.24,124.24,124.24,124.24,0
BPH023,20141028,124.88,124.88,124.88,124.88,0
BPH023,20141029,126.26,126.26,126.26,126.26,0
BPH023,20141030,125.20,125.20,125.20,125.20,0
BPH023,20141031,124.87,124.87,124.87,124.87,0
BPH023,20141103,124.98,124.98,124.98,124.98,0
BPH023,20141104,123.14,123.14,123.14,123.14,0
BPH023,20141105,123.30,123.30,123.30,123.30,0
BPH023,20141106,124.00,124.00,124.00,124.00,0
BPH023,20141107,123.99,123.99,123.99,123.99,0
BPH023,20141110,124.52,124.52,124.52,124.52,0
BPH023,20141112,123.95,123.95,123.95,123.95,0
BPH023,20141113,123.11,123.11,123.11,123.11,0
BPH023,20141114,122.64,122.64,122.64,122.64,0
BPH023,20141117,123.14,123.14,123.14,123.14,0
BPH023,20141118,122.61,122.61,122.61,122.61,0
BPH023,20141119,122.89,122.89,122.89,122.89,0
BPH023,20141120,122.86,122.86,122.86,122.86,0
BPH023,20141121,124.61,124.61,124.61,124.61,0
BPH023,20141124,123.79,123.79,123.79,123.79,0
BPH023,20141125,123.10,123.10,123.10,123.10,0
BPH023,20141126,123.14,123.14,123.14,123.14,0
BPH023,20141127,121.25,121.25,121.25,121.25,0
BPH023,20141128,120.38,120.38,120.38,120.38,0
BPH023,20141201,119.31,119.31,119.31,119.31,0
BPH023,20141202,119.56,119.56,119.56,119.56,0
BPH023,20141203,118.59,118.59,118.59,118.59,0
BPH023,20141204,117.38,117.38,117.38,117.38,0
BPH023,20141205,118.37,118.37,118.37,118.37,0
BPH023,20141208,116.92,116.92,116.92,116.92,0
BPH023,20141209,117.06,117.06,117.06,117.06,0
BPH023,20141210,116.17,116.17,116.17,116.17,0
BPH023,20141211,116.48,116.48,116.48,116.48,0
BPH023,20141212,115.59,115.59,115.59,115.59,0
BPH023,20141215,115.09,115.09,115.09,115.09,0
BPH023,20141216,114.37,114.37,114.37,114.37,0
BPH023,20141217,114.01,114.01,114.01,114.01,0
BPH023,20141218,114.14,114.14,114.14,114.14,0
BPH023,20141219,113.96,113.96,113.96,113.96,0
BPH023,20141222,113.20,113.20,113.20,113.20,0
BPH023,20141223,113.41,113.41,113.41,113.41,0
BPH023,20141229,112.30,112.30,112.30,112.30,0
BPH023,20141230,111.81,111.81,111.81,111.81,0
BPH023,20150102,110.77,110.77,110.77,110.77,0
BPH023,20150105,109.97,109.97,109.97,109.97,0
BPH023,20150107,109.41,109.41,109.41,109.41,0
BPH023,20150108,109.19,109.19,109.19,109.19,0
BPH023,20150109,108.96,108.96,108.96,108.96,0
BPH023,20150112,108.25,108.25,108.25,108.25,0
BPH023,20150113,107.72,107.72,107.72,107.72,0
BPH023,20150114,106.98,106.98,106.98,106.98,0
BPH023,20150115,108.67,108.67,108.67,108.67,0
BPH023,20150116,108.50,108.50,108.50,108.50,0
BPH023,20150119,107.71,107.71,107.71,107.71,0
BPH023,20150120,107.10,107.10,107.10,107.10,0
BPH023,20150121,107.27,107.27,107.27,107.27,0
BPH023,20150122,107.99,107.99,107.99,107.99,0
BPH023,20150123,106.34,106.34,106.34,106.34,0
BPH023,20150126,106.04,106.04,106.04,106.04,0
BPH023,20150127,106.17,106.17,106.17,106.17,0
BPH023,20150128,106.53,106.53,106.53,106.53,0
BPH023,20150129,104.73,104.73,104.73,104.73,0
BPH023,20150130,105.27,105.27,105.27,105.27,0
BPH023,20150202,107.48,107.48,107.48,107.48,0
BPH023,20150203,108.19,108.19,108.19,108.19,0
BPH023,20150204,108.88,108.88,108.88,108.88,0
BPH023,20150205,108.63,108.63,108.63,108.63,0
BPH023,20150206,109.35,109.35,109.35,109.35,0
BPH023,20150209,110.18,110.18,110.18,110.18,0
BPH023,20150210,109.00,109.00,109.00,109.00,0
BPH023,20150211,108.29,108.29,108.29,108.29,0
BPH023,20150212,108.47,108.47,108.47,108.47,0
BPH023,20150213,110.51,110.51,110.51,110.51,0
BPH023,20150216,110.76,110.76,110.76,110.76,0
BPH023,20150217,109.09,109.09,109.09,109.09,0
BPH023,20150218,109.63,109.63,109.63,109.63,0
BPH023,20150219,109.20,109.20,109.20,109.20,0
BPH023,20150220,108.81,108.81,108.81,108.81,0
BPH023,20150223,107.97,107.97,107.97,107.97,0
BPH023,20150224,108.21,108.21,108.21,108.21,0
BPH023,20150225,108.03,108.03,108.03,108.03,0
BPH023,20150226,109.04,109.04,109.04,109.04,0
BPH023,20150227,108.62,108.62,108.62,108.62,0
BPH023,20150302,108.94,108.94,108.94,108.94,0
BPH023,20150303,107.93,107.93,107.93,107.93,0
BPH023,20150304,107.86,107.86,107.86,107.86,0
BPH023,20150305,108.33,108.33,108.33,108.33,0
BPH023,20150306,107.77,107.77,107.77,107.77,0
BPH023,20150309,107.32,107.32,107.32,107.32,0
BPH023,20150310,105.79,105.79,105.79,105.79,0
BPH023,20150311,105.66,105.66,105.66,105.66,0
BPH023,20150312,105.37,105.37,105.37,105.37,0
BPH023,20150313,104.55,104.55,104.55,104.55,0
BPH023,20150316,103.07,103.07,103.07,103.07,0
BPH023,20150317,102.94,102.94,102.94,102.94,0
BPH023,20150318,102.82,102.82,102.82,102.82,0
BPH023,20150319,103.86,103.86,103.86,103.86,0
BPH023,20150320,104.30,104.30,104.30,104.30,0
BPH023,20150323,105.04,105.04,105.04,105.04,0
BPH023,20150324,106.01,106.01,106.01,106.01,0
BPH023,20150325,105.77,105.77,105.77,105.77,0
BPH023,20150326,107.23,107.23,107.23,107.23,0
BPH023,20150327,105.37,105.37,105.37,105.37,0
BPH023,20150330,105.25,105.25,105.25,105.25,0
BPH023,20150331,104.63,104.63,104.63,104.63,0
BPH023,20150401,104.83,104.83,104.83,104.83,0
BPH023,20150402,105.44,105.44,105.44,105.44,0
BPH023,20150407,107.15,107.15,107.15,107.15,0
BPH023,20150408,106.47,106.47,106.47,106.47,0
BPH023,20150409,105.64,105.64,105.64,105.64,0
BPH023,20150410,105.80,105.80,105.80,105.80,0
BPH023,20150413,105.64,105.64,105.64,105.64,0
BPH023,20150414,105.49,105.49,105.49,105.49,0
BPH023,20150415,106.75,106.75,106.75,106.75,0
BPH023,20150416,107.02,107.02,107.02,107.02,0
BPH023,20150417,108.44,108.44,108.44,108.44,0
BPH023,20150420,107.32,107.32,107.32,107.32,0
BPH023,20150421,106.57,106.57,106.57,106.57,0
BPH023,20150422,107.30,107.30,107.30,107.30,0
BPH023,20150423,107.65,107.65,107.65,107.65,0
BPH023,20150424,108.01,108.01,108.01,108.01,0
BPH023,20150427,107.93,107.93,107.93,107.93,0
BPH023,20150428,107.85,107.85,107.85,107.85,0
BPH023,20150429,108.03,108.03,108.03,108.03,0
BPH023,20150430,109.45,109.45,109.45,109.45,0
BPH023,20150504,109.12,109.12,109.12,109.12,0
BPH023,20150505,109.58,109.58,109.58,109.58,0
BPH023,20150506,109.62,109.62,109.62,109.62,0
BPH023,20150507,109.19,109.19,109.19,109.19,0
BPH023,20150508,109.30,109.30,109.30,109.30,0
BPH023,20150511,109.04,109.04,109.04,109.04,0
BPH023,20150512,109.91,109.91,109.91,109.91,0
BPH023,20150513,109.38,109.38,109.38,109.38,0
BPH023,20150514,110.39,110.39,110.39,110.39,0
BPH023,20150515,109.63,109.63,109.63,109.63,0
BPH023,20150518,110.02,110.02,110.02,110.02,0
BPH023,20150519,108.74,108.74,108.74,108.74,0
BPH023,20150520,107.97,107.97,107.97,107.97,0
BPH023,20150521,108.92,108.92,108.92,108.92,0
BPH023,20150522,108.65,108.65,108.65,108.65,0
BPH023,20150525,107.57,107.57,107.57,107.57,0
BPH023,20150526,106.03,106.03,106.03,106.03,0
BPH023,20150527,105.76,105.76,105.76,105.76,0
BPH023,20150528,105.58,105.58,105.58,105.58,0
BPH023,20150529,106.31,106.31,106.31,106.31,0
BPH023,20150601,106.33,106.33,106.33,106.33,0
BPH023,20150602,106.20,106.20,106.20,106.20,0
BPH023,20150603,106.35,106.35,106.35,106.35,0
BPH023,20150605,106.30,106.30,106.30,106.30,0
BPH023,20150608,105.36,105.36,105.36,105.36,0
BPH023,20150609,107.02,107.02,107.02,107.02,0
BPH023,20150610,107.74,107.74,107.74,107.74,0
BPH023,20150611,106.85,106.85,106.85,106.85,0
BPH023,20150612,105.65,105.65,105.65,105.65,0
BPH023,20150615,105.42,105.42,105.42,105.42,0
BPH023,20150616,105.54,105.54,105.54,105.54,0
BPH023,20150617,105.93,105.93,105.93,105.93,0
BPH023,20150618,106.09,106.09,106.09,106.09,0
BPH023,20150619,104.68,104.68,104.68,104.68,0
BPH023,20150622,104.68,104.68,104.68,104.68,0
BPH023,20150623,106.24,106.24,106.24,106.24,0
BPH023,20150624,106.71,106.71,106.71,106.71,0
BPH023,20150625,106.10,106.10,106.10,106.10,0
BPH023,20150626,107.07,107.07,107.07,107.07,0
BPH023,20150629,106.15,106.15,106.15,106.15,0
BPH023,20150630,106.46,106.46,106.46,106.46,0
BPH023,20150701,107.70,107.70,107.70,107.70,0
BPH023,20150702,107.57,107.57,107.57,107.57,0
BPH023,20150703,106.62,106.62,106.62,106.62,0
BPH023,20150706,105.24,105.24,105.24,105.24,0
BPH023,20150707,102.81,102.81,102.81,102.81,0
BPH023,20150708,103.27,103.27,103.27,103.27,0
BPH023,20150709,104.23,104.23,104.23,104.23,0
BPH023,20150710,104.25,104.25,104.25,104.25,0
BPH023,20150713,105.04,105.04,105.04,105.04,0
BPH023,20150714,104.76,104.76,104.76,104.76,0
BPH023,20150715,104.64,104.64,104.64,104.64,0
BPH023,20150716,104.18,104.18,104.18,104.18,0
BPH023,20150717,103.27,103.27,103.27,103.27,0
BPH023,20150720,102.61,102.61,102.61,102.61,0
BPH023,20150721,102.07,102.07,102.07,102.07,0
BPH023,20150722,101.97,101.97,101.97,101.97,0
BPH023,20150723,101.13,101.13,101.13,101.13,0
BPH023,20150724,99.75,99.75,99.75,99.75,0
BPH023,20150727,98.84,98.84,98.84,98.84,0
BPH023,20150728,99.59,99.59,99.59,99.59,0
BPH023,20150729,100.05,100.05,100.05,100.05,0
BPH023,20150730,99.91,99.91,99.91,99.91,0
BPH023,20150731,98.38,98.38,98.38,98.38,0
BPH023,20150803,97.78,97.78,97.78,97.78,0
BPH023,20150804,98.09,98.09,98.09,98.09,0
BPH023,20150805,97.83,97.83,97.83,97.83,0
BPH023,20150806,97.02,97.02,97.02,97.02,0
BPH023,20150807,97.13,97.13,97.13,97.13,0
BPH023,20150810,98.33,98.33,98.33,98.33,0
BPH023,20150811,97.48,97.48,97.48,97.48,0
BPH023,20150812,97.77,97.77,97.77,97.77,0
BPH023,20150813,97.29,97.29,97.29,97.29,0
BPH023,20150814,97.66,97.66,97.66,97.66,0
BPH023,20150817,97.30,97.30,97.30,97.30,0
BPH023,20150818,96.88,96.88,96.88,96.88,0
BPH023,20150819,96.07,96.07,96.07,96.07,0
BPH023,20150820,96.12,96.12,96.12,96.12,0
BPH023,20150821,94.74,94.74,94.74,94.74,0
BPH023,20150824,92.33,92.33,92.33,92.33,0
BPH023,20150825,93.85,93.85,93.85,93.85,0
BPH023,20150826,92.88,92.88,92.88,92.88,0
BPH023,20150827,94.44,94.44,94.44,94.44,0
BPH023,20150828,96.70,96.70,96.70,96.70,0
BPH023,20150831,96.45,96.45,96.45,96.45,0
BPH023,20150901,96.35,96.35,96.35,96.35,0
BPH023,20150902,95.42,95.42,95.42,95.42,0
BPH023,20150903,97.73,97.73,97.73,97.73,0
BPH023,20150904,95.80,95.80,95.80,95.80,0
BPH023,20150907,95.04,95.04,95.04,95.04,0
BPH023,20150908,96.01,96.01,96.01,96.01,0
BPH023,20150909,96.09,96.09,96.09,96.09,0
BPH023,20150910,95.58,95.58,95.58,95.58,0
BPH023,20150911,95.21,95.21,95.21,95.21,0
BPH023,20150914,95.74,95.74,95.74,95.74,0
BPH023,20150915,95.43,95.43,95.43,95.43,0
BPH023,20150916,96.09,96.09,96.09,96.09,0
BPH023,20150917,96.10,96.10,96.10,96.10,0
BPH023,20150918,95.41,95.41,95.41,95.41,0
BPH023,20150921,95.52,95.52,95.52,95.52,0
BPH023,20150922,94.45,94.45,94.45,94.45,0
BPH023,20150923,94.32,94.32,94.32,94.32,0
BPH023,20150924,93.42,93.42,93.42,93.42,0
BPH023,20150925,94.56,94.56,94.56,94.56,0
BPH023,20150928,93.56,93.56,93.56,93.56,0
BPH023,20150929,94.19,94.19,94.19,94.19,0
BPH023,20150930,94.84,94.84,94.84,94.84,0
BPH023,20151001,94.68,94.68,94.68,94.68,0
BPH023,20151002,93.42,93.42,93.42,93.42,0
BPH023,20151005,95.83,95.83,95.83,95.83,0
BPH023,20151006,96.56,96.56,96.56,96.56,0
BPH023,20151007,97.05,97.05,97.05,97.05,0
BPH023,20151008,97.04,97.04,97.04,97.04,0
BPH023,20151009,97.87,97.87,97.87,97.87,0
BPH023,20151012,97.67,97.67,97.67,97.67,0
BPH023,20151013,97.04,97.04,97.04,97.04,0
BPH023,20151014,96.57,96.57,96.57,96.57,0
BPH023,20151015,96.66,96.66,96.66,96.66,0
BPH023,20151016,96.35,96.35,96.35,96.35,0
BPH023,20151019,95.81,95.81,95.81,95.81,0
BPH023,20151020,95.61,95.61,95.61,95.61,0
BPH023,20151021,95.19,95.19,95.19,95.19,0
BPH023,20151022,95.79,95.79,95.79,95.79,0
BPH023,20151023,94.58,94.58,94.58,94.58,0
BPH023,20151026,94.21,94.21,94.21,94.21,0
BPH023,20151027,93.51,93.51,93.51,93.51,0
BPH023,20151028,94.90,94.90,94.90,94.90,0
BPH023,20151029,94.58,94.58,94.58,94.58,0
BPH023,20151030,94.27,94.27,94.27,94.27,0
BPH023,20151102,94.13,94.13,94.13,94.13,0
BPH023,20151103,95.07,95.07,95.07,95.07,0
BPH023,20151104,94.31,94.31,94.31,94.31,0
BPH023,20151105,93.53,93.53,93.53,93.53,0
BPH023,20151106,93.07,93.07,93.07,93.07,0
BPH023,20151109,91.97,91.97,91.97,91.97,0
BPH023,20151110,91.83,91.83,91.83,91.83,0
BPH023,20151112,90.21,90.21,90.21,90.21,0
BPH023,20151113,89.99,89.99,89.99,89.99,0
BPH023,20151116,89.14,89.14,89.14,89.14,0
BPH023,20151117,89.49,89.49,89.49,89.49,0
BPH023,20151118,89.11,89.11,89.11,89.11,0
BPH023,20151119,89.19,89.19,89.19,89.19,0
BPH023,20151120,89.72,89.72,89.72,89.72,0
BPH023,20151123,89.14,89.14,89.14,89.14,0
BPH023,20151124,89.83,89.83,89.83,89.83,0
BPH023,20151125,89.59,89.59,89.59,89.59,0
BPH023,20151126,89.77,89.77,89.77,89.77,0
BPH023,20151127,89.06,89.06,89.06,89.06,0
BPH023,20151130,89.22,89.22,89.22,89.22,0
BPH023,20151201,89.01,89.01,89.01,89.01,0
BPH023,20151202,88.83,88.83,88.83,88.83,0
BPH023,20151203,86.87,86.87,86.87,86.87,0
BPH023,20151204,89.41,89.41,89.41,89.41,0
BPH023,20151207,87.74,87.74,87.74,87.74,0
BPH023,20151208,87.16,87.16,87.16,87.16,0
BPH023,20151209,86.96,86.96,86.96,86.96,0
BPH023,20151210,87.45,87.45,87.45,87.45,0
BPH023,20151211,86.07,86.07,86.07,86.07,0
BPH023,20151214,85.05,85.05,85.05,85.05,0
BPH023,20151215,86.17,86.17,86.17,86.17,0
BPH023,20151216,84.94,84.94,84.94,84.94,0
BPH023,20151217,84.51,84.51,84.51,84.51,0
BPH023,20151218,85.52,85.52,85.52,85.52,0
BPH023,20151221,85.21,85.21,85.21,85.21,0
BPH023,20151222,85.58,85.58,85.58,85.58,0
BPH023,20151223,86.46,86.46,86.46,86.46,0
BPH023,20151228,86.58,86.58,86.58,86.58,0
BPH023,20151229,87.57,87.57,87.57,87.57,0
BPH023,20151230,86.87,86.87,86.87,86.87,0
BPH023,20160104,86.70,86.70,86.70,86.70,0
BPH023,20160105,86.11,86.11,86.11,86.11,0
BPH023,20160107,84.75,84.75,84.75,84.75,0
BPH023,20160108,84.39,84.39,84.39,84.39,0
BPH023,20160111,83.32,83.32,83.32,83.32,0
BPH023,20160112,82.45,82.45,82.45,82.45,0
BPH023,20160113,82.50,82.50,82.50,82.50,0
BPH023,20160114,82.56,82.56,82.56,82.56,0
BPH023,20160115,81.35,81.35,81.35,81.35,0
BPH023,20160118,81.23,81.23,81.23,81.23,0
BPH023,20160119,81.58,81.58,81.58,81.58,0
BPH023,20160120,80.26,80.26,80.26,80.26,0
BPH023,20160121,80.93,80.93,80.93,80.93,0
BPH023,20160122,82.30,82.30,82.30,82.30,0
BPH023,20160125,81.79,81.79,81.79,81.79,0
BPH023,20160126,82.40,82.40,82.40,82.40,0
BPH023,20160127,82.96,82.96,82.96,82.96,0
BPH023,20160128,83.01,83.01,83.01,83.01,0
BPH023,20160129,83.43,83.43,83.43,83.43,0
BPH023,20160201,82.72,82.72,82.72,82.72,0
BPH023,20160202,81.96,81.96,81.96,81.96,0
BPH023,20160203,82.09,82.09,82.09,82.09,0
BPH023,20160204,83.36,83.36,83.36,83.36,0
BPH023,20160205,83.41,83.41,83.41,83.41,0
BPH023,20160208,83.07,83.07,83.07,83.07,0
BPH023,20160209,81.37,81.37,81.37,81.37,0
BPH023,20160210,81.27,81.27,81.27,81.27,0
BPH023,20160211,80.76,80.76,80.76,80.76,0
BPH023,20160212,82.48,82.48,82.48,82.48,0
BPH023,20160215,82.61,82.61,82.61,82.61,0
BPH023,20160216,82.25,82.25,82.25,82.25,0
BPH023,20160217,83.43,83.43,83.43,83.43,0
BPH023,20160218,83.38,83.38,83.38,83.38,0
BPH023,20160219,82.64,82.64,82.64,82.64,0
BPH023,20160222,84.23,84.23,84.23,84.23,0
BPH023,20160223,82.89,82.89,82.89,82.89,0
BPH023,20160224,82.25,82.25,82.25,82.25,0
BPH023,20160225,82.49,82.49,82.49,82.49,0
BPH023,20160226,83.84,83.84,83.84,83.84,0
BPH023,20160229,84.05,84.05,84.05,84.05,0
BPH023,20160301,84.02,84.02,84.02,84.02,0
BPH023,20160302,84.65,84.65,84.65,84.65,0
BPH023,20160303,85.03,85.03,85.03,85.03,0
BPH023,20160304,86.32,86.32,86.32,86.32,0
BPH023,20160307,87.52,87.52,87.52,87.52,0
BPH023,20160308,86.45,86.45,86.45,86.45,0
BPH023,20160309,87.23,87.23,87.23,87.23,0
BPH023,20160310,86.18,86.18,86.18,86.18,0
BPH023,20160311,87.60,87.60,87.60,87.60,0
BPH023,20160314,87.40,87.40,87.40,87.40,0
BPH023,20160315,86.71,86.71,86.71,86.71,0
BPH023,20160316,87.56,87.56,87.56,87.56,0
BPH023,20160317,89.45,89.45,89.45,89.45,0
BPH023,20160318,89.34,89.34,89.34,89.34,0
BPH023,20160321,89.14,89.14,89.14,89.14,0
BPH023,20160322,89.00,89.00,89.00,89.00,0
BPH023,20160323,87.70,87.70,87.70,87.70,0
BPH023,20160324,87.21,87.21,87.21,87.21,0
BPH023,20160329,86.90,86.90,86.90,86.90,0
BPH023,20160330,87.65,87.65,87.65,87.65,0
BPH023,20160331,87.52,87.52,87.52,87.52,0
BPH023,20160401,86.64,86.64,86.64,86.64,0
BPH023,20160404,86.02,86.02,86.02,86.02,0
BPH023,20160405,84.98,84.98,84.98,84.98,0
BPH023,20160406,85.11,85.11,85.11,85.11,0
BPH023,20160407,84.61,84.61,84.61,84.61,0
BPH023,20160408,85.97,85.97,85.97,85.97,0
BPH023,20160411,86.24,86.24,86.24,86.24,0
BPH023,20160412,87.73,87.73,87.73,87.73,0
BPH023,20160413,89.09,89.09,89.09,89.09,0
BPH023,20160414,88.86,88.86,88.86,88.86,0
BPH023,20160415,88.30,88.30,88.30,88.30,0
BPH023,20160418,88.90,88.90,88.90,88.90,0
BPH023,20160419,90.43,90.43,90.43,90.43,0
BPH023,20160420,91.76,91.76,91.76,91.76,0
BPH023,20160421,91.77,91.77,91.77,91.77,0
BPH023,20160422,91.88,91.88,91.88,91.88,0
BPH023,20160425,91.17,91.17,91.17,91.17,0
BPH023,20160426,91.37,91.37,91.37,91.37,0
BPH023,20160427,92.06,92.06,92.06,92.06,0
BPH023,20160428,92.92,92.92,92.92,92.92,0
BPH023,20160429,93.38,93.38,93.38,93.38,0
BPH023,20160502,93.08,93.08,93.08,93.08,0
BPH023,20160504,90.82,90.82,90.82,90.82,0
BPH023,20160505,90.53,90.53,90.53,90.53,0
BPH023,20160506,90.91,90.91,90.91,90.91,0
BPH023,20160509,88.87,88.87,88.87,88.87,0
BPH023,20160510,89.72,89.72,89.72,89.72,0
BPH023,20160511,91.05,91.05,91.05,91.05,0
BPH023,20160512,90.53,90.53,90.53,90.53,0
BPH023,20160513,90.49,90.49,90.49,90.49,0
BPH023,20160516,90.77,90.77,90.77,90.77,0
BPH023,20160517,91.55,91.55,91.55,91.55,0
BPH023,20160518,91.25,91.25,91.25,91.25,0
BPH023,20160519,90.14,90.14,90.14,90.14,0
BPH023,20160520,90.88,90.88,90.88,90.88,0
BPH023,20160523,90.53,90.53,90.53,90.53,0
BPH023,20160524,91.02,91.02,91.02,91.02,0
BPH023,20160525,91.51,91.51,91.51,91.51,0
BPH023,20160527,92.04,92.04,92.04,92.04,0
BPH023,20160530,91.72,91.72,91.72,91.72,0
BPH023,20160531,91.74,91.74,91.74,91.74,0
BPH023,20160601,91.26,91.26,91.26,91.26,0
BPH023,20160602,91.99,91.99,91.99,91.99,0
BPH023,20160603,91.70,91.70,91.70,91.70,0
BPH023,20160606,93.62,93.62,93.62,93.62,0
BPH023,20160607,93.79,93.79,93.79,93.79,0
BPH023,20160608,94.89,94.89,94.89,94.89,0
BPH023,20160609,94.52,94.52,94.52,94.52,0
BPH023,20160610,93.91,93.91,93.91,93.91,0
BPH023,20160613,93.16,93.16,93.16,93.16,0
BPH023,20160614,92.22,92.22,92.22,92.22,0
BPH023,20160615,92.76,92.76,92.76,92.76,0
BPH023,20160616,92.39,92.39,92.39,92.39,0
BPH023,20160617,92.94,92.94,92.94,92.94,0
BPH023,20160620,94.41,94.41,94.41,94.41,0
BPH023,20160621,94.00,94.00,94.00,94.00,0
BPH023,20160622,93.64,93.64,93.64,93.64,0
BPH023,20160623,94.10,94.10,94.10,94.10,0
BPH023,20160624,92.09,92.09,92.09,92.09,0
BPH023,20160627,91.13,91.13,91.13,91.13,0
BPH023,20160628,92.43,92.43,92.43,92.43,0
BPH023,20160629,93.83,93.83,93.83,93.83,0
BPH023,20160630,94.28,94.28,94.28,94.28,0
BPH023,20160701,94.63,94.63,94.63,94.63,0
BPH023,20160704,94.76,94.76,94.76,94.76,0
BPH023,20160705,93.30,93.30,93.30,93.30,0
BPH023,20160706,92.69,92.69,92.69,92.69,0
BPH023,20160707,92.70,92.70,92.70,92.70,0
BPH023,20160708,93.08,93.08,93.08,93.08,0
BPH023,20160711,93.59,93.59,93.59,93.59,0
BPH023,20160712,94.66,94.66,94.66,94.66,0
BPH023,20160713,94.78,94.78,94.78,94.78,0
BPH023,20160714,95.18,95.18,95.18,95.18,0
BPH023,20160715,95.14,95.14,95.14,95.14,0
BPH023,20160718,94.18,94.18,94.18,94.18,0
BPH023,20160719,94.02,94.02,94.02,94.02,0
BPH023,20160720,93.23,93.23,93.23,93.23,0
BPH023,20160721,93.38,93.38,93.38,93.38,0
BPH023,20160722,93.01,93.01,93.01,93.01,0
BPH023,20160725,92.20,92.20,92.20,92.20,0
BPH023,20160726,92.36,92.36,92.36,92.36,0
BPH023,20160727,92.14,92.14,92.14,92.14,0
BPH023,20160728,92.20,92.20,92.20,92.20,0
BPH023,20160729,92.19,92.19,92.19,92.19,0
BPH023,20160801,91.64,91.64,91.64,91.64,0
BPH023,20160802,90.90,90.90,90.90,90.90,0
BPH023,20160803,91.45,91.45,91.45,91.45,0
BPH023,20160804,92.02,92.02,92.02,92.02,0
BPH023,20160805,92.39,92.39,92.39,92.39,0
BPH023,20160808,92.71,92.71,92.71,92.71,0
BPH023,20160809,92.69,92.69,92.69,92.69,0
BPH023,20160810,92.10,92.10,92.10,92.10,0
BPH023,20160811,92.54,92.54,92.54,92.54,0
BPH023,20160812,92.60,92.60,92.60,92.60,0
BPH023,20160816,93.46,93.46,93.46,93.46,0
BPH023,20160817,93.47,93.47,93.47,93.47,0
BPH023,20160818,94.05,94.05,94.05,94.05,0
BPH023,20160819,93.65,93.65,93.65,93.65,0
BPH023,20160822,93.20,93.20,93.20,93.20,0
BPH023,20160823,93.70,93.70,93.70,93.70,0
BPH023,20160824,92.91,92.91,92.91,92.91,0
BPH023,20160825,92.56,92.56,92.56,92.56,0
BPH023,20160826,92.87,92.87,92.87,92.87,0
BPH023,20160829,92.54,92.54,92.54,92.54,0
BPH023,20160830,91.55,91.55,91.55,91.55,0
BPH023,20160831,90.81,90.81,90.81,90.81,0
BPH023,20160901,90.20,90.20,90.20,90.20,0
BPH023,20160902,91.40,91.40,91.40,91.40,0
BPH023,20160905,91.57,91.57,91.57,91.57,0
BPH023,20160906,91.28,91.28,91.28,91.28,0
BPH023,20160907,92.05,92.05,92.05,92.05,0
BPH023,20160908,92.90,92.90,92.90,92.90,0
BPH023,20160909,92.38,92.38,92.38,92.38,0
BPH023,20160912,92.11,92.11,92.11,92.11,0
BPH023,20160913,90.76,90.76,90.76,90.76,0
BPH023,20160914,90.45,90.45,90.45,90.45,0
BPH023,20160915,90.82,90.82,90.82,90.82,0
BPH023,20160916,91.25,91.25,91.25,91.25,0
BPH023,20160919,91.55,91.55,91.55,91.55,0
BPH023,20160920,91.74,91.74,91.74,91.74,0
BPH023,20160921,92.33,92.33,92.33,92.33,0
BPH023,20160922,93.29,93.29,93.29,93.29,0
BPH023,20160923,92.54,92.54,92.54,92.54,0
BPH023,20160926,92.31,92.31,92.31,92.31,0
BPH023,20160927,91.67,91.67,91.67,91.67,0
BPH023,20160928,92.02,92.02,92.02,92.02,0
BPH023,20160929,93.13,93.13,93.13,93.13,0
BPH023,20160930,92.91,92.91,92.91,92.91,0
BPH023,20161003,93.20,93.20,93.20,93.20,0
BPH023,20161004,93.59,93.59,93.59,93.59,0
BPH023,20161005,94.02,94.02,94.02,94.02,0
BPH023,20161006,93.62,93.62,93.62,93.62,0
BPH023,20161007,93.66,93.66,93.66,93.66,0
BPH023,20161010,94.65,94.65,94.65,94.65,0
BPH023,20161011,94.05,94.05,94.05,94.05,0
BPH023,20161012,94.04,94.04,94.04,94.04,0
BPH023,20161013,93.61,93.61,93.61,93.61,0
BPH023,20161014,94.23,94.23,94.23,94.23,0
BPH023,20161017,93.90,93.90,93.90,93.90,0
BPH023,20161018,94.71,94.71,94.71,94.71,0
BPH023,20161019,95.16,95.16,95.16,95.16,0
BPH023,20161020,94.63,94.63,94.63,94.63,0
BPH023,20161021,94.58,94.58,94.58,94.58,0
BPH023,20161024,94.61,94.61,94.61,94.61,0
BPH023,20161025,94.93,94.93,94.93,94.93,0
BPH023,20161026,94.81,94.81,94.81,94.81,0
BPH023,20161027,95.21,95.21,95.21,95.21,0
BPH023,20161028,95.27,95.27,95.27,95.27,0
BPH023,20161031,94.77,94.77,94.77,94.77,0
BPH023,20161102,93.83,93.83,93.83,93.83,0
BPH023,20161103,94.03,94.03,94.03,94.03,0
BPH023,20161104,93.71,93.71,93.71,93.71,0
BPH023,20161107,94.44,94.44,94.44,94.44,0
BPH023,20161108,95.23,95.23,95.23,95.23,0
BPH023,20161109,96.05,96.05,96.05,96.05,0
BPH023,20161110,95.91,95.91,95.91,95.91,0
BPH023,20161114,94.36,94.36,94.36,94.36,0
BPH023,20161115,95.42,95.42,95.42,95.42,0
BPH023,20161116,95.24,95.24,95.24,95.24,0
BPH023,20161117,95.54,95.54,95.54,95.54,0
BPH023,20161118,95.14,95.14,95.14,95.14,0
BPH023,20161121,96.64,96.64,96.64,96.64,0
BPH023,20161122,97.24,97.24,97.24,97.24,0
BPH023,20161123,97.73,97.73,97.73,97.73,0
BPH023,20161124,97.77,97.77,97.77,97.77,0
BPH023,20161125,97.28,97.28,97.28,97.28,0
BPH023,20161128,97.92,97.92,97.92,97.92,0
BPH023,20161129,96.18,96.18,96.18,96.18,0
BPH023,20161130,97.68,97.68,97.68,97.68,0
BPH023,20161201,98.32,98.32,98.32,98.32,0
BPH023,20161202,98.05,98.05,98.05,98.05,0
BPH023,20161205,98.89,98.89,98.89,98.89,0
BPH023,20161206,99.25,99.25,99.25,99.25,0
BPH023,20161207,98.78,98.78,98.78,98.78,0
BPH023,20161208,99.35,99.35,99.35,99.35,0
BPH023,20161209,99.25,99.25,99.25,99.25,0
BPH023,20161212,99.33,99.33,99.33,99.33,0
BPH023,20161213,98.94,98.94,98.94,98.94,0
BPH023,20161214,98.71,98.71,98.71,98.71,0
BPH023,20161215,98.56,98.56,98.56,98.56,0
BPH023,20161216,98.49,98.49,98.49,98.49,0
BPH023,20161219,97.96,97.96,97.96,97.96,0
BPH023,20161220,98.29,98.29,98.29,98.29,0
BPH023,20161221,98.14,98.14,98.14,98.14,0
BPH023,20161222,97.91,97.91,97.91,97.91,0
BPH023,20161223,97.92,97.92,97.92,97.92,0
BPH023,20161227,98.39,98.39,98.39,98.39,0
BPH023,20161228,98.94,98.94,98.94,98.94,0
BPH023,20161229,98.90,98.90,98.90,98.90,0
BPH023,20161230,98.93,98.93,98.93,98.93,0
BPH023,20170102,98.87,98.87,98.87,98.87,0
BPH023,20170103,98.66,98.66,98.66,98.66,0
BPH023,20170104,98.92,98.92,98.92,98.92,0
BPH023,20170105,98.95,98.95,98.95,98.95,0
BPH023,20170109,98.38,98.38,98.38,98.38,0
BPH023,20170110,99.35,99.35,99.35,99.35,0
BPH023,20170111,99.65,99.65,99.65,99.65,0
BPH023,20170112,100.06,100.06,100.06,100.06,0
BPH023,20170113,100.51,100.51,100.51,100.51,0
BPH023,20170116,100.26,100.26,100.26,100.26,0
BPH023,20170117,100.26,100.26,100.26,100.26,0
BPH023,20170118,100.43,100.43,100.43,100.43,0
BPH023,20170119,100.12,100.12,100.12,100.12,0
BPH023,20170120,100.02,100.02,100.02,100.02,0
BPH023,20170123,100.11,100.11,100.11,100.11,0
BPH023,20170124,100.68,100.68,100.68,100.68,0
BPH023,20170125,100.86,100.86,100.86,100.86,0
BPH023,20170126,100.63,100.63,100.63,100.63,0
BPH023,20170127,100.09,100.09,100.09,100.09,0
BPH023,20170130,99.20,99.20,99.20,99.20,0
BPH023,20170131,99.38,99.38,99.38,99.38,0
BPH023,20170201,100.16,100.16,100.16,100.16,0
BPH023,20170202,100.35,100.35,100.35,100.35,0
BPH023,20170203,99.76,99.76,99.76,99.76,0
BPH023,20170206,99.87,99.87,99.87,99.87,0
BPH023,20170207,99.22,99.22,99.22,99.22,0
BPH023,20170208,99.20,99.20,99.20,99.20,0
BPH023,20170209,99.83,99.83,99.83,99.83,0
BPH023,20170210,100.55,100.55,100.55,100.55,0
BPH023,20170213,100.55,100.55,100.55,100.55,0
BPH023,20170214,100.51,100.51,100.51,100.51,0
BPH023,20170215,100.67,100.67,100.67,100.67,0
BPH023,20170216,100.51,100.51,100.51,100.51,0
BPH023,20170217,100.34,100.34,100.34,100.34,0
BPH023,20170220,100.55,100.55,100.55,100.55,0
BPH023,20170221,100.86,100.86,100.86,100.86,0
BPH023,20170222,100.28,100.28,100.28,100.28,0
BPH023,20170223,100.28,100.28,100.28,100.28,0
BPH023,20170224,100.04,100.04,100.04,100.04,0
BPH023,20170227,99.70,99.70,99.70,99.70,0
BPH023,20170228,99.73,99.73,99.73,99.73,0
BPH023,20170301,100.81,100.81,100.81,100.81,0
BPH023,20170302,100.29,100.29,100.29,100.29,0
BPH023,20170303,99.89,99.89,99.89,99.89,0
BPH023,20170306,99.84,99.84,99.84,99.84,0
BPH023,20170307,99.14,99.14,99.14,99.14,0
BPH023,20170308,98.99,98.99,98.99,98.99,0
BPH023,20170309,97.74,97.74,97.74,97.74,0
BPH023,20170310,97.67,97.67,97.67,97.67,0
BPH023,20170313,98.29,98.29,98.29,98.29,0
BPH023,20170314,97.71,97.71,97.71,97.71,0
BPH023,20170315,98.31,98.31,98.31,98.31,0
BPH023,20170316,98.96,98.96,98.96,98.96,0
BPH023,20170317,99.17,99.17,99.17,99.17,0
BPH023,20170320,99.05,99.05,99.05,99.05,0
BPH023,20170321,98.36,98.36,98.36,98.36,0
BPH023,20170322,98.36,98.36,98.36,98.36,0
BPH023,20170323,98.32,98.32,98.32,98.32,0
BPH023,20170324,98.21,98.21,98.21,98.21,0
BPH023,20170327,97.70,97.70,97.70,97.70,0
BPH023,20170328,98.33,98.33,98.33,98.33,0
BPH023,20170329,98.95,98.95,98.95,98.95,0
BPH023,20170330,99.07,99.07,99.07,99.07,0
BPH023,20170331,98.52,98.52,98.52,98.52,0
BPH023,20170403,98.65,98.65,98.65,98.65,0
BPH023,20170404,98.74,98.74,98.74,98.74,0
BPH023,20170405,99.43,99.43,99.43,99.43,0
BPH023,20170406,99.52,99.52,99.52,99.52,0
BPH023,20170407,99.65,99.65,99.65,99.65,0
BPH023,20170410,99.49,99.49,99.49,99.49,0
BPH023,20170411,99.30,99.30,99.30,99.30,0
BPH023,20170412,99.11,99.11,99.11,99.11,0
BPH023,20170413,99.20,99.20,99.20,99.20,0
BPH023,20170418,98.06,98.06,98.06,98.06,0
BPH023,20170419,98.06,98.06,98.06,98.06,0
BPH023,20170420,97.81,97.81,97.81,97.81,0
BPH023,20170421,97.30,97.30,97.30,97.30,0
BPH023,20170424,97.27,97.27,97.27,97.27,0
BPH023,20170425,97.27,97.27,97.27,97.27,0
BPH023,20170426,97.97,97.97,97.97,97.97,0
BPH023,20170427,97.07,97.07,97.07,97.07,0
BPH023,20170428,97.55,97.55,97.55,97.55,0
BPH023,20170502,97.67,97.67,97.67,97.67,0
BPH023,20170504,95.43,95.43,95.43,95.43,0
BPH023,20170505,95.92,95.92,95.92,95.92,0
BPH023,20170508,95.68,95.68,95.68,95.68,0
BPH023,20170509,95.93,95.93,95.93,95.93,0
BPH023,20170510,96.14,96.14,96.14,96.14,0
BPH023,20170511,96.37,96.37,96.37,96.37,0
BPH023,20170512,96.51,96.51,96.51,96.51,0
BPH023,20170515,97.42,97.42,97.42,97.42,0
BPH023,20170516,97.29,97.29,97.29,97.29,0
BPH023,20170517,97.15,97.15,97.15,97.15,0
BPH023,20170518,96.93,96.93,96.93,96.93,0
BPH023,20170519,97.55,97.55,97.55,97.55,0
BPH023,20170522,98.12,98.12,98.12,98.12,0
BPH023,20170523,98.50,98.50,98.50,98.50,0
BPH023,20170524,98.08,98.08,98.08,98.08,0
BPH023,20170525,98.00,98.00,98.00,98.00,0
BPH023,20170526,97.58,97.58,97.58,97.58,0
BPH023,20170529,97.44,97.44,97.44,97.44,0
BPH023,20170530,96.78,96.78,96.78,96.78,0
BPH023,20170531,95.91,95.91,95.91,95.91,0
BPH023,20170601,96.45,96.45,96.45,96.45,0
BPH023,20170602,95.78,95.78,95.78,95.78,0
BPH023,20170605,95.81,95.81,95.81,95.81,0
BPH023,20170606,96.16,96.16,96.16,96.16,0
BPH023,20170607,95.94,95.94,95.94,95.94,0
BPH023,20170608,96.54,96.54,96.54,96.54,0
BPH023,20170609,96.58,96.58,96.58,96.58,0
BPH023,20170612,96.15,96.15,96.15,96.15,0
BPH023,20170613,95.85,95.85,95.85,95.85,0
BPH023,20170614,94.77,94.77,94.77,94.77,0
BPH023,20170616,94.26,94.26,94.26,94.26,0
BPH023,20170619,94.93,94.93,94.93,94.93,0
BPH023,20170620,93.74,93.74,93.74,93.74,0
BPH023,20170621,93.63,93.63,93.63,93.63,0
BPH023,20170622,93.38,93.38,93.38,93.38,0
BPH023,20170623,93.37,93.37,93.37,93.37,0
BPH023,20170626,93.19,93.19,93.19,93.19,0
BPH023,20170627,93.83,93.83,93.83,93.83,0
BPH023,20170628,93.99,93.99,93.99,93.99,0
BPH023,20170629,94.47,94.47,94.47,94.47,0
BPH023,20170630,94.78,94.78,94.78,94.78,0
BPH023,20170703,96.14,96.14,96.14,96.14,0
BPH023,20170704,95.95,95.95,95.95,95.95,0
BPH023,20170705,95.30,95.30,95.30,95.30,0
BPH023,20170706,95.25,95.25,95.25,95.25,0
BPH023,20170707,94.91,94.91,94.91,94.91,0
BPH023,20170710,95.10,95.10,95.10,95.10,0
BPH023,20170711,95.32,95.32,95.32,95.32,0
BPH023,20170712,96.03,96.03,96.03,96.03,0
BPH023,20170713,96.18,96.18,96.18,96.18,0
BPH023,20170714,96.20,96.20,96.20,96.20,0
BPH023,20170717,96.82,96.82,96.82,96.82,0
BPH023,20170718,96.70,96.70,96.70,96.70,0
BPH023,20170719,97.12,97.12,97.12,97.12,0
BPH023,20170720,97.01,97.01,97.01,97.01,0
BPH023,20170721,96.92,96.92,96.92,96.92,0
BPH023,20170724,96.60,96.60,96.60,96.60,0
BPH023,20170725,97.64,97.64,97.64,97.64,0
BPH023,20170726,97.97,97.97,97.97,97.97,0
BPH023,20170727,98.77,98.77,98.77,98.77,0
BPH023,20170728,98.65,98.65,98.65,98.65,0
BPH023,20170731,98.72,98.72,98.72,98.72,0
BPH023,20170801,98.65,98.65,98.65,98.65,0
BPH023,20170802,98.77,98.77,98.77,98.77,0
BPH023,20170803,98.82,98.82,98.82,98.82,0
BPH023,20170804,99.22,99.22,99.22,99.22,0
BPH023,20170807,98.99,98.99,98.99,98.99,0
BPH023,20170808,99.70,99.70,99.70,99.70,0
BPH023,20170809,99.35,99.35,99.35,99.35,0
BPH023,20170810,99.12,99.12,99.12,99.12,0
BPH023,20170811,97.74,97.74,97.74,97.74,0
BPH023,20170814,97.94,97.94,97.94,97.94,0
BPH023,20170816,98.11,98.11,98.11,98.11,0
BPH023,20170817,97.44,97.44,97.44,97.44,0
BPH023,20170818,97.62,97.62,97.62,97.62,0
BPH023,20170821,97.82,97.82,97.82,97.82,0
BPH023,20170822,98.36,98.36,98.36,98.36,0
BPH023,20170823,98.70,98.70,98.70,98.70,0
BPH023,20170824,98.97,98.97,98.97,98.97,0
BPH023,20170825,98.82,98.82,98.82,98.82,0
BPH023,20170828,99.14,99.14,99.14,99.14,0
BPH023,20170829,99.05,99.05,99.05,99.05,0
BPH023,20170830,99.08,99.08,99.08,99.08,0
BPH023,20170831,99.77,99.77,99.77,99.77,0
BPH023,20170901,100.48,100.48,100.48,100.48,0
BPH023,20170904,100.48,100.48,100.48,100.48,0
BPH023,20170905,100.46,100.46,100.46,100.46,0
BPH023,20170906,100.71,100.71,100.71,100.71,0
BPH023,20170907,100.63,100.63,100.63,100.63,0
BPH023,20170908,99.86,99.86,99.86,99.86,0
BPH023,20170911,99.99,99.99,99.99,99.99,0
BPH023,20170912,99.95,99.95,99.95,99.95,0
BPH023,20170913,99.92,99.92,99.92,99.92,0
BPH023,20170914,99.87,99.87,99.87,99.87,0
BPH023,20170915,99.36,99.36,99.36,99.36,0
BPH023,20170918,99.56,99.56,99.56,99.56,0
BPH023,20170919,99.62,99.62,99.62,99.62,0
BPH023,20170920,100.12,100.12,100.12,100.12,0
BPH023,20170921,99.60,99.60,99.60,99.60,0
