Name,Date,Open,High,Low,Close,Volume
BPS005,20130925,1000.00,1000.00,1000.00,1000.00,0
BPS005,20130926,1001.41,1001.41,1001.41,1001.41,0
BPS005,20130927,1001.45,1001.45,1001.45,1001.45,0
BPS005,20130930,1001.57,1001.57,1001.57,1001.57,0
BPS005,20131001,1004.05,1004.05,1004.05,1004.05,0
BPS005,20131002,1004.04,1004.04,1004.04,1004.04,0
BPS005,20131003,1004.16,1004.16,1004.16,1004.16,0
BPS005,20131004,1004.54,1004.54,1004.54,1004.54,0
BPS005,20131007,1004.94,1004.94,1004.94,1004.94,0
BPS005,20131008,1005.08,1005.08,1005.08,1005.08,0
BPS005,20131009,1005.22,1005.22,1005.22,1005.22,0
BPS005,20131010,1005.36,1005.36,1005.36,1005.36,0
BPS005,20131011,1005.51,1005.51,1005.51,1005.51,0
BPS005,20131014,1005.53,1005.53,1005.53,1005.53,0
BPS005,20131015,1006.03,1006.03,1006.03,1006.03,0
BPS005,20131016,1006.18,1006.18,1006.18,1006.18,0
BPS005,20131017,1005.84,1005.84,1005.84,1005.84,0
BPS005,20131018,1005.99,1005.99,1005.99,1005.99,0
BPS005,20131021,1006.80,1006.80,1006.80,1006.80,0
BPS005,20131022,1006.94,1006.94,1006.94,1006.94,0
BPS005,20131023,1007.10,1007.10,1007.10,1007.10,0
BPS005,20131024,1006.92,1006.92,1006.92,1006.92,0
BPS005,20131025,1007.40,1007.40,1007.40,1007.40,0
BPS005,20131028,1007.57,1007.57,1007.57,1007.57,0
BPS005,20131029,1007.75,1007.75,1007.75,1007.75,0
BPS005,20131030,1007.91,1007.91,1007.91,1007.91,0
BPS005,20131031,1008.17,1008.17,1008.17,1008.17,0
BPS005,20131104,1009.70,1009.70,1009.70,1009.70,0
BPS005,20131105,1009.48,1009.48,1009.48,1009.48,0
BPS005,20131106,1009.43,1009.43,1009.43,1009.43,0
BPS005,20131107,1009.34,1009.34,1009.34,1009.34,0
BPS005,20131108,1009.42,1009.42,1009.42,1009.42,0
BPS005,20131112,1009.88,1009.88,1009.88,1009.88,0
BPS005,20131113,1010.00,1010.00,1010.00,1010.00,0
BPS005,20131114,1010.11,1010.11,1010.11,1010.11,0
BPS005,20131115,1009.89,1009.89,1009.89,1009.89,0
BPS005,20131118,1010.46,1010.46,1010.46,1010.46,0
BPS005,20131119,1010.90,1010.90,1010.90,1010.90,0
BPS005,20131120,1011.00,1011.00,1011.00,1011.00,0
BPS005,20131121,1010.88,1010.88,1010.88,1010.88,0
BPS005,20131122,1011.05,1011.05,1011.05,1011.05,0
BPS005,20131125,1011.40,1011.40,1011.40,1011.40,0
BPS005,20131126,1011.52,1011.52,1011.52,1011.52,0
BPS005,20131127,1011.63,1011.63,1011.63,1011.63,0
BPS005,20131128,1011.74,1011.74,1011.74,1011.74,0
BPS005,20131129,1011.75,1011.75,1011.75,1011.75,0
BPS005,20131202,1013.81,1013.81,1013.81,1013.81,0
BPS005,20131203,1013.91,1013.91,1013.91,1013.91,0
BPS005,20131204,1013.76,1013.76,1013.76,1013.76,0
BPS005,20131205,1014.10,1014.10,1014.10,1014.10,0
BPS005,20131206,1014.20,1014.20,1014.20,1014.20,0
BPS005,20131209,1014.52,1014.52,1014.52,1014.52,0
BPS005,20131210,1014.53,1014.53,1014.53,1014.53,0
BPS005,20131211,1014.44,1014.44,1014.44,1014.44,0
BPS005,20131212,1014.53,1014.53,1014.53,1014.53,0
BPS005,20131213,1014.67,1014.67,1014.67,1014.67,0
BPS005,20131216,1014.97,1014.97,1014.97,1014.97,0
BPS005,20131217,1015.35,1015.35,1015.35,1015.35,0
BPS005,20131218,1015.38,1015.38,1015.38,1015.38,0
BPS005,20131219,1015.48,1015.48,1015.48,1015.48,0
BPS005,20131220,1015.44,1015.44,1015.44,1015.44,0
BPS005,20131223,1016.01,1016.01,1016.01,1016.01,0
BPS005,20131227,1016.31,1016.31,1016.31,1016.31,0
BPS005,20131230,1016.79,1016.79,1016.79,1016.79,0
BPS005,20140102,1017.59,1017.59,1017.59,1017.59,0
BPS005,20140103,1017.38,1017.38,1017.38,1017.38,0
BPS005,20140107,1017.51,1017.51,1017.51,1017.51,0
BPS005,20140108,1017.69,1017.69,1017.69,1017.69,0
BPS005,20140109,1017.99,1017.99,1017.99,1017.99,0
BPS005,20140110,1018.08,1018.08,1018.08,1018.08,0
BPS005,20140113,1018.29,1018.29,1018.29,1018.29,0
BPS005,20140114,1018.38,1018.38,1018.38,1018.38,0
BPS005,20140115,1018.48,1018.48,1018.48,1018.48,0
BPS005,20140116,1018.58,1018.58,1018.58,1018.58,0
BPS005,20140117,1018.68,1018.68,1018.68,1018.68,0
BPS005,20140120,1018.81,1018.81,1018.81,1018.81,0
BPS005,20140121,1018.75,1018.75,1018.75,1018.75,0
BPS005,20140122,1018.78,1018.78,1018.78,1018.78,0
BPS005,20140123,1018.88,1018.88,1018.88,1018.88,0
BPS005,20140124,1018.97,1018.97,1018.97,1018.97,0
BPS005,20140127,1019.25,1019.25,1019.25,1019.25,0
BPS005,20140128,1019.50,1019.50,1019.50,1019.50,0
BPS005,20140129,1019.59,1019.59,1019.59,1019.59,0
BPS005,20140130,1019.69,1019.69,1019.69,1019.69,0
BPS005,20140131,1019.86,1019.86,1019.86,1019.86,0
BPS005,20140203,1020.61,1020.61,1020.61,1020.61,0
BPS005,20140204,1020.65,1020.65,1020.65,1020.65,0
BPS005,20140205,1020.73,1020.73,1020.73,1020.73,0
BPS005,20140206,1020.87,1020.87,1020.87,1020.87,0
BPS005,20140207,1020.98,1020.98,1020.98,1020.98,0
BPS005,20140210,1021.39,1021.39,1021.39,1021.39,0
BPS005,20140211,1021.28,1021.28,1021.28,1021.28,0
BPS005,20140212,1021.54,1021.54,1021.54,1021.54,0
BPS005,20140213,1021.65,1021.65,1021.65,1021.65,0
BPS005,20140214,1021.82,1021.82,1021.82,1021.82,0
BPS005,20140217,1021.86,1021.86,1021.86,1021.86,0
BPS005,20140218,1021.99,1021.99,1021.99,1021.99,0
BPS005,20140219,1022.16,1022.16,1022.16,1022.16,0
BPS005,20140220,1022.26,1022.26,1022.26,1022.26,0
BPS005,20140221,1022.32,1022.32,1022.32,1022.32,0
BPS005,20140224,1023.48,1023.48,1023.48,1023.48,0
BPS005,20140225,1023.44,1023.44,1023.44,1023.44,0
BPS005,20140226,1023.46,1023.46,1023.46,1023.46,0
BPS005,20140227,1023.56,1023.56,1023.56,1023.56,0
BPS005,20140228,1023.53,1023.53,1023.53,1023.53,0
BPS005,20140303,1025.45,1025.45,1025.45,1025.45,0
BPS005,20140304,1025.29,1025.29,1025.29,1025.29,0
BPS005,20140305,1025.83,1025.83,1025.83,1025.83,0
BPS005,20140306,1025.39,1025.39,1025.39,1025.39,0
BPS005,20140307,1025.96,1025.96,1025.96,1025.96,0
BPS005,20140310,1026.29,1026.29,1026.29,1026.29,0
BPS005,20140311,1026.65,1026.65,1026.65,1026.65,0
BPS005,20140312,1026.55,1026.55,1026.55,1026.55,0
BPS005,20140313,1026.70,1026.70,1026.70,1026.70,0
BPS005,20140314,1026.50,1026.50,1026.50,1026.50,0
BPS005,20140317,1026.79,1026.79,1026.79,1026.79,0
BPS005,20140318,1027.05,1027.05,1027.05,1027.05,0
BPS005,20140319,1027.10,1027.10,1027.10,1027.10,0
BPS005,20140320,1027.06,1027.06,1027.06,1027.06,0
BPS005,20140321,1027.26,1027.26,1027.26,1027.26,0
BPS005,20140324,1027.78,1027.78,1027.78,1027.78,0
BPS005,20140325,1027.70,1027.70,1027.70,1027.70,0
BPS005,20140326,1027.94,1027.94,1027.94,1027.94,0
BPS005,20140327,1028.03,1028.03,1028.03,1028.03,0
BPS005,20140328,1027.87,1027.87,1027.87,1027.87,0
BPS005,20140331,1027.97,1027.97,1027.97,1027.97,0
BPS005,20140401,1030.37,1030.37,1030.37,1030.37,0
BPS005,20140402,1030.54,1030.54,1030.54,1030.54,0
BPS005,20140403,1030.33,1030.33,1030.33,1030.33,0
BPS005,20140404,1030.96,1030.96,1030.96,1030.96,0
BPS005,20140407,1031.28,1031.28,1031.28,1031.28,0
BPS005,20140408,1031.41,1031.41,1031.41,1031.41,0
BPS005,20140409,1030.80,1030.80,1030.80,1030.80,0
BPS005,20140410,1030.96,1030.96,1030.96,1030.96,0
BPS005,20140411,1031.08,1031.08,1031.08,1031.08,0
BPS005,20140414,1031.18,1031.18,1031.18,1031.18,0
BPS005,20140415,1031.40,1031.40,1031.40,1031.40,0
BPS005,20140416,1031.54,1031.54,1031.54,1031.54,0
BPS005,20140417,1031.69,1031.69,1031.69,1031.69,0
BPS005,20140422,1032.23,1032.23,1032.23,1032.23,0
BPS005,20140423,1032.46,1032.46,1032.46,1032.46,0
BPS005,20140424,1032.56,1032.56,1032.56,1032.56,0
BPS005,20140425,1032.40,1032.40,1032.40,1032.40,0
BPS005,20140428,1032.93,1032.93,1032.93,1032.93,0
BPS005,20140429,1032.92,1032.92,1032.92,1032.92,0
BPS005,20140430,1033.00,1033.00,1033.00,1033.00,0
BPS005,20140502,1032.76,1032.76,1032.76,1032.76,0
BPS005,20140505,1033.58,1033.58,1033.58,1033.58,0
BPS005,20140506,1033.33,1033.33,1033.33,1033.33,0
BPS005,20140507,1033.51,1033.51,1033.51,1033.51,0
BPS005,20140508,1033.99,1033.99,1033.99,1033.99,0
BPS005,20140509,1034.35,1034.35,1034.35,1034.35,0
BPS005,20140512,1034.76,1034.76,1034.76,1034.76,0
BPS005,20140513,1034.70,1034.70,1034.70,1034.70,0
BPS005,20140514,1034.80,1034.80,1034.80,1034.80,0
BPS005,20140515,1035.02,1035.02,1035.02,1035.02,0
BPS005,20140516,1035.11,1035.11,1035.11,1035.11,0
BPS005,20140519,1035.16,1035.16,1035.16,1035.16,0
BPS005,20140520,1035.58,1035.58,1035.58,1035.58,0
BPS005,20140521,1035.59,1035.59,1035.59,1035.59,0
BPS005,20140522,1035.50,1035.50,1035.50,1035.50,0
BPS005,20140523,1035.44,1035.44,1035.44,1035.44,0
BPS005,20140526,1035.90,1035.90,1035.90,1035.90,0
BPS005,20140527,1036.01,1036.01,1036.01,1036.01,0
BPS005,20140528,1035.71,1035.71,1035.71,1035.71,0
BPS005,20140529,1035.99,1035.99,1035.99,1035.99,0
BPS005,20140530,1036.36,1036.36,1036.36,1036.36,0
BPS005,20140602,1036.61,1036.61,1036.61,1036.61,0
BPS005,20140603,1037.22,1037.22,1037.22,1037.22,0
BPS005,20140604,1037.39,1037.39,1037.39,1037.39,0
BPS005,20140605,1037.55,1037.55,1037.55,1037.55,0
BPS005,20140606,1038.05,1038.05,1038.05,1038.05,0
BPS005,20140609,1038.22,1038.22,1038.22,1038.22,0
BPS005,20140610,1038.27,1038.27,1038.27,1038.27,0
BPS005,20140611,1038.32,1038.32,1038.32,1038.32,0
BPS005,20140612,1038.48,1038.48,1038.48,1038.48,0
BPS005,20140613,1038.57,1038.57,1038.57,1038.57,0
BPS005,20140616,1039.07,1039.07,1039.07,1039.07,0
BPS005,20140617,1039.37,1039.37,1039.37,1039.37,0
BPS005,20140618,1039.57,1039.57,1039.57,1039.57,0
BPS005,20140620,1039.86,1039.86,1039.86,1039.86,0
BPS005,20140623,1040.18,1040.18,1040.18,1040.18,0
BPS005,20140624,1040.11,1040.11,1040.11,1040.11,0
BPS005,20140625,1040.21,1040.21,1040.21,1040.21,0
BPS005,20140626,1040.24,1040.24,1040.24,1040.24,0
BPS005,20140627,1040.13,1040.13,1040.13,1040.13,0
BPS005,20140630,1040.52,1040.52,1040.52,1040.52,0
BPS005,20140701,1040.87,1040.87,1040.87,1040.87,0
BPS005,20140702,1041.14,1041.14,1041.14,1041.14,0
BPS005,20140703,1041.31,1041.31,1041.31,1041.31,0
BPS005,20140704,1041.49,1041.49,1041.49,1041.49,0
BPS005,20140707,1041.56,1041.56,1041.56,1041.56,0
BPS005,20140708,1041.42,1041.42,1041.42,1041.42,0
BPS005,20140709,1041.53,1041.53,1041.53,1041.53,0
BPS005,20140710,1041.64,1041.64,1041.64,1041.64,0
BPS005,20140711,1041.68,1041.68,1041.68,1041.68,0
BPS005,20140714,1042.05,1042.05,1042.05,1042.05,0
BPS005,20140715,1042.25,1042.25,1042.25,1042.25,0
BPS005,20140716,1042.12,1042.12,1042.12,1042.12,0
BPS005,20140717,1042.04,1042.04,1042.04,1042.04,0
BPS005,20140718,1042.19,1042.19,1042.19,1042.19,0
BPS005,20140721,1042.51,1042.51,1042.51,1042.51,0
BPS005,20140722,1042.30,1042.30,1042.30,1042.30,0
BPS005,20140723,1042.54,1042.54,1042.54,1042.54,0
BPS005,20140724,1042.88,1042.88,1042.88,1042.88,0
BPS005,20140725,1042.94,1042.94,1042.94,1042.94,0
BPS005,20140728,1043.01,1043.01,1043.01,1043.01,0
BPS005,20140729,1043.17,1043.17,1043.17,1043.17,0
BPS005,20140730,1043.04,1043.04,1043.04,1043.04,0
BPS005,20140731,1043.37,1043.37,1043.37,1043.37,0
BPS005,20140801,1043.30,1043.30,1043.30,1043.30,0
BPS005,20140804,1044.04,1044.04,1044.04,1044.04,0
BPS005,20140805,1044.34,1044.34,1044.34,1044.34,0
BPS005,20140806,1044.29,1044.29,1044.29,1044.29,0
BPS005,20140807,1044.44,1044.44,1044.44,1044.44,0
BPS005,20140808,1044.63,1044.63,1044.63,1044.63,0
BPS005,20140811,1045.03,1045.03,1045.03,1045.03,0
BPS005,20140812,1045.14,1045.14,1045.14,1045.14,0
BPS005,20140813,1045.30,1045.30,1045.30,1045.30,0
BPS005,20140814,1045.45,1045.45,1045.45,1045.45,0
BPS005,20140818,1045.93,1045.93,1045.93,1045.93,0
BPS005,20140819,1046.08,1046.08,1046.08,1046.08,0
BPS005,20140821,1046.35,1046.35,1046.35,1046.35,0
BPS005,20140822,1046.45,1046.45,1046.45,1046.45,0
BPS005,20140825,1046.86,1046.86,1046.86,1046.86,0
BPS005,20140826,1046.91,1046.91,1046.91,1046.91,0
BPS005,20140827,1047.58,1047.58,1047.58,1047.58,0
BPS005,20140828,1047.93,1047.93,1047.93,1047.93,0
BPS005,20140829,1047.44,1047.44,1047.44,1047.44,0
BPS005,20140902,1047.55,1047.55,1047.55,1047.55,0
BPS005,20140903,1047.66,1047.66,1047.66,1047.66,0
BPS005,20140904,1048.10,1048.10,1048.10,1048.10,0
BPS005,20140905,1048.26,1048.26,1048.26,1048.26,0
BPS005,20140908,1048.86,1048.86,1048.86,1048.86,0
BPS005,20140909,1048.45,1048.45,1048.45,1048.45,0
BPS005,20140910,1048.27,1048.27,1048.27,1048.27,0
BPS005,20140911,1048.44,1048.44,1048.44,1048.44,0
BPS005,20140919,1048.93,1048.93,1048.93,1048.93,0
BPS005,20140922,1049.55,1049.55,1049.55,1049.55,0
BPS005,20140923,1049.71,1049.71,1049.71,1049.71,0
BPS005,20140924,1049.85,1049.85,1049.85,1049.85,0
BPS005,20140925,1050.00,1050.00,1050.00,1050.00,0
BPS005,20140926,1050.15,1050.15,1050.15,1050.15,0
BPS005,20140930,1050.69,1050.69,1050.69,1050.69,0
BPS005,20141001,1050.82,1050.82,1050.82,1050.82,0
BPS005,20141002,1050.74,1050.74,1050.74,1050.74,0
BPS005,20141003,1050.68,1050.68,1050.68,1050.68,0
BPS005,20141007,1050.99,1050.99,1050.99,1050.99,0
BPS005,20141008,1051.16,1051.16,1051.16,1051.16,0
BPS005,20141009,1051.40,1051.40,1051.40,1051.40,0
BPS005,20141010,1051.34,1051.34,1051.34,1051.34,0
BPS005,20141013,1051.62,1051.62,1051.62,1051.62,0
BPS005,20141014,1051.93,1051.93,1051.93,1051.93,0
BPS005,20141015,1052.26,1052.26,1052.26,1052.26,0
BPS005,20141016,1052.29,1052.29,1052.29,1052.29,0
BPS005,20141017,1052.23,1052.23,1052.23,1052.23,0
BPS005,20141020,1052.59,1052.59,1052.59,1052.59,0
BPS005,20141021,1052.57,1052.57,1052.57,1052.57,0
BPS005,20141022,1052.60,1052.60,1052.60,1052.60,0
BPS005,20141023,1052.48,1052.48,1052.48,1052.48,0
BPS005,20141027,1052.65,1052.65,1052.65,1052.65,0
BPS005,20141028,1052.72,1052.72,1052.72,1052.72,0
BPS005,20141029,1052.94,1052.94,1052.94,1052.94,0
BPS005,20141030,1052.96,1052.96,1052.96,1052.96,0
BPS005,20141031,1053.17,1053.17,1053.17,1053.17,0
BPS005,20141103,1053.94,1053.94,1053.94,1053.94,0
BPS005,20141104,1054.30,1054.30,1054.30,1054.30,0
BPS005,20141105,1053.86,1053.86,1053.86,1053.86,0
BPS005,20141106,1054.23,1054.23,1054.23,1054.23,0
BPS005,20141107,1054.03,1054.03,1054.03,1054.03,0
BPS005,20141110,1054.50,1054.50,1054.50,1054.50,0
BPS005,20141112,1054.61,1054.61,1054.61,1054.61,0
BPS005,20141113,1054.98,1054.98,1054.98,1054.98,0
BPS005,20141114,1054.84,1054.84,1054.84,1054.84,0
BPS005,20141117,1055.27,1055.27,1055.27,1055.27,0
BPS005,20141118,1055.25,1055.25,1055.25,1055.25,0
BPS005,20141119,1055.26,1055.26,1055.26,1055.26,0
BPS005,20141120,1055.09,1055.09,1055.09,1055.09,0
BPS005,20141121,1055.33,1055.33,1055.33,1055.33,0
BPS005,20141124,1055.53,1055.53,1055.53,1055.53,0
BPS005,20141125,1055.52,1055.52,1055.52,1055.52,0
BPS005,20141126,1055.79,1055.79,1055.79,1055.79,0
BPS005,20141127,1055.95,1055.95,1055.95,1055.95,0
BPS005,20141128,1056.16,1056.16,1056.16,1056.16,0
BPS005,20141201,1056.80,1056.80,1056.80,1056.80,0
BPS005,20141202,1056.56,1056.56,1056.56,1056.56,0
BPS005,20141203,1056.57,1056.57,1056.57,1056.57,0
BPS005,20141204,1056.74,1056.74,1056.74,1056.74,0
BPS005,20141205,1057.21,1057.21,1057.21,1057.21,0
BPS005,20141208,1057.51,1057.51,1057.51,1057.51,0
BPS005,20141209,1057.68,1057.68,1057.68,1057.68,0
BPS005,20141210,1057.51,1057.51,1057.51,1057.51,0
BPS005,20141211,1057.55,1057.55,1057.55,1057.55,0
BPS005,20141212,1057.74,1057.74,1057.74,1057.74,0
BPS005,20141215,1057.85,1057.85,1057.85,1057.85,0
BPS005,20141216,1057.81,1057.81,1057.81,1057.81,0
BPS005,20141217,1057.68,1057.68,1057.68,1057.68,0
BPS005,20141218,1057.64,1057.64,1057.64,1057.64,0
BPS005,20141219,1057.68,1057.68,1057.68,1057.68,0
BPS005,20141222,1057.45,1057.45,1057.45,1057.45,0
BPS005,20141223,1057.70,1057.70,1057.70,1057.70,0
BPS005,20141229,1058.15,1058.15,1058.15,1058.15,0
BPS005,20141230,1058.55,1058.55,1058.55,1058.55,0
BPS005,20150102,1059.05,1059.05,1059.05,1059.05,0
BPS005,20150105,1059.52,1059.52,1059.52,1059.52,0
BPS005,20150107,1058.86,1058.86,1058.86,1058.86,0
BPS005,20150108,1059.79,1059.79,1059.79,1059.79,0
BPS005,20150109,1060.02,1060.02,1060.02,1060.02,0
BPS005,20150112,1060.14,1060.14,1060.14,1060.14,0
BPS005,20150113,1060.10,1060.10,1060.10,1060.10,0
BPS005,20150114,1060.09,1060.09,1060.09,1060.09,0
BPS005,20150115,1060.51,1060.51,1060.51,1060.51,0
BPS005,20150116,1060.56,1060.56,1060.56,1060.56,0
BPS005,20150119,1060.99,1060.99,1060.99,1060.99,0
BPS005,20150120,1060.97,1060.97,1060.97,1060.97,0
BPS005,20150121,1061.01,1061.01,1061.01,1061.01,0
BPS005,20150122,1061.01,1061.01,1061.01,1061.01,0
BPS005,20150123,1062.03,1062.03,1062.03,1062.03,0
BPS005,20150126,1062.45,1062.45,1062.45,1062.45,0
BPS005,20150127,1061.97,1061.97,1061.97,1061.97,0
BPS005,20150128,1062.28,1062.28,1062.28,1062.28,0
BPS005,20150129,1062.45,1062.45,1062.45,1062.45,0
BPS005,20150130,1062.77,1062.77,1062.77,1062.77,0
BPS005,20150202,1064.04,1064.04,1064.04,1064.04,0
BPS005,20150203,1064.28,1064.28,1064.28,1064.28,0
BPS005,20150204,1064.10,1064.10,1064.10,1064.10,0
BPS005,20150205,1064.23,1064.23,1064.23,1064.23,0
BPS005,20150206,1064.35,1064.35,1064.35,1064.35,0
BPS005,20150209,1064.55,1064.55,1064.55,1064.55,0
BPS005,20150210,1064.41,1064.41,1064.41,1064.41,0
BPS005,20150211,1064.43,1064.43,1064.43,1064.43,0
BPS005,20150212,1064.50,1064.50,1064.50,1064.50,0
BPS005,20150213,1064.81,1064.81,1064.81,1064.81,0
BPS005,20150216,1065.04,1065.04,1065.04,1065.04,0
BPS005,20150217,1065.22,1065.22,1065.22,1065.22,0
BPS005,20150218,1064.86,1064.86,1064.86,1064.86,0
BPS005,20150219,1065.10,1065.10,1065.10,1065.10,0
BPS005,20150220,1065.12,1065.12,1065.12,1065.12,0
BPS005,20150223,1065.32,1065.32,1065.32,1065.32,0
BPS005,20150224,1065.45,1065.45,1065.45,1065.45,0
BPS005,20150225,1065.58,1065.58,1065.58,1065.58,0
BPS005,20150226,1065.73,1065.73,1065.73,1065.73,0
BPS005,20150227,1065.75,1065.75,1065.75,1065.75,0
BPS005,20150302,1065.94,1065.94,1065.94,1065.94,0
BPS005,20150303,1065.97,1065.97,1065.97,1065.97,0
BPS005,20150304,1065.98,1065.98,1065.98,1065.98,0
BPS005,20150305,1066.33,1066.33,1066.33,1066.33,0
BPS005,20150306,1066.77,1066.77,1066.77,1066.77,0
BPS005,20150309,1066.74,1066.74,1066.74,1066.74,0
BPS005,20150310,1066.31,1066.31,1066.31,1066.31,0
BPS005,20150311,1066.55,1066.55,1066.55,1066.55,0
BPS005,20150312,1066.68,1066.68,1066.68,1066.68,0
BPS005,20150313,1067.09,1067.09,1067.09,1067.09,0
BPS005,20150316,1067.17,1067.17,1067.17,1067.17,0
BPS005,20150317,1067.26,1067.26,1067.26,1067.26,0
BPS005,20150318,1067.39,1067.39,1067.39,1067.39,0
BPS005,20150319,1067.52,1067.52,1067.52,1067.52,0
BPS005,20150320,1067.64,1067.64,1067.64,1067.64,0
BPS005,20150323,1067.82,1067.82,1067.82,1067.82,0
BPS005,20150324,1068.23,1068.23,1068.23,1068.23,0
BPS005,20150325,1068.24,1068.24,1068.24,1068.24,0
BPS005,20150326,1068.21,1068.21,1068.21,1068.21,0
BPS005,20150327,1068.23,1068.23,1068.23,1068.23,0
BPS005,20150330,1068.50,1068.50,1068.50,1068.50,0
BPS005,20150331,1068.45,1068.45,1068.45,1068.45,0
BPS005,20150401,1068.54,1068.54,1068.54,1068.54,0
BPS005,20150402,1068.70,1068.70,1068.70,1068.70,0
BPS005,20150407,1069.19,1069.19,1069.19,1069.19,0
BPS005,20150408,1069.31,1069.31,1069.31,1069.31,0
BPS005,20150409,1069.54,1069.54,1069.54,1069.54,0
BPS005,20150410,1069.52,1069.52,1069.52,1069.52,0
BPS005,20150413,1069.83,1069.83,1069.83,1069.83,0
BPS005,20150414,1069.89,1069.89,1069.89,1069.89,0
BPS005,20150415,1069.64,1069.64,1069.64,1069.64,0
BPS005,20150416,1069.61,1069.61,1069.61,1069.61,0
BPS005,20150417,1069.67,1069.67,1069.67,1069.67,0
BPS005,20150420,1069.80,1069.80,1069.80,1069.80,0
BPS005,20150421,1070.00,1070.00,1070.00,1070.00,0
BPS005,20150422,1069.77,1069.77,1069.77,1069.77,0
BPS005,20150423,1069.87,1069.87,1069.87,1069.87,0
BPS005,20150424,1070.04,1070.04,1070.04,1070.04,0
BPS005,20150427,1070.26,1070.26,1070.26,1070.26,0
BPS005,20150428,1070.36,1070.36,1070.36,1070.36,0
BPS005,20150429,1070.08,1070.08,1070.08,1070.08,0
BPS005,20150430,1070.15,1070.15,1070.15,1070.15,0
BPS005,20150504,1070.40,1070.40,1070.40,1070.40,0
BPS005,20150505,1070.38,1070.38,1070.38,1070.38,0
BPS005,20150506,1069.85,1069.85,1069.85,1069.85,0
BPS005,20150507,1069.93,1069.93,1069.93,1069.93,0
BPS005,20150508,1070.97,1070.97,1070.97,1070.97,0
BPS005,20150511,1071.21,1071.21,1071.21,1071.21,0
BPS005,20150512,1070.82,1070.82,1070.82,1070.82,0
BPS005,20150513,1071.31,1071.31,1071.31,1071.31,0
BPS005,20150514,1071.30,1071.30,1071.30,1071.30,0
BPS005,20150515,1071.52,1071.52,1071.52,1071.52,0
BPS005,20150518,1071.74,1071.74,1071.74,1071.74,0
BPS005,20150519,1071.86,1071.86,1071.86,1071.86,0
BPS005,20150520,1071.92,1071.92,1071.92,1071.92,0
BPS005,20150521,1072.05,1072.05,1072.05,1072.05,0
BPS005,20150522,1072.12,1072.12,1072.12,1072.12,0
BPS005,20150525,1072.26,1072.26,1072.26,1072.26,0
BPS005,20150526,1072.29,1072.29,1072.29,1072.29,0
BPS005,20150527,1072.39,1072.39,1072.39,1072.39,0
BPS005,20150528,1072.52,1072.52,1072.52,1072.52,0
BPS005,20150529,1072.61,1072.61,1072.61,1072.61,0
BPS005,20150601,1073.97,1073.97,1073.97,1073.97,0
BPS005,20150602,1073.73,1073.73,1073.73,1073.73,0
BPS005,20150603,1073.69,1073.69,1073.69,1073.69,0
BPS005,20150605,1073.80,1073.80,1073.80,1073.80,0
BPS005,20150608,1074.12,1074.12,1074.12,1074.12,0
BPS005,20150609,1074.28,1074.28,1074.28,1074.28,0
BPS005,20150610,1074.42,1074.42,1074.42,1074.42,0
BPS005,20150611,1074.41,1074.41,1074.41,1074.41,0
BPS005,20150612,1074.58,1074.58,1074.58,1074.58,0
BPS005,20150615,1074.79,1074.79,1074.79,1074.79,0
BPS005,20150616,1074.55,1074.55,1074.55,1074.55,0
BPS005,20150617,1074.73,1074.73,1074.73,1074.73,0
BPS005,20150618,1074.93,1074.93,1074.93,1074.93,0
BPS005,20150619,1074.89,1074.89,1074.89,1074.89,0
BPS005,20150622,1075.24,1075.24,1075.24,1075.24,0
BPS005,20150623,1075.27,1075.27,1075.27,1075.27,0
BPS005,20150624,1075.41,1075.41,1075.41,1075.41,0
BPS005,20150625,1075.45,1075.45,1075.45,1075.45,0
BPS005,20150626,1075.60,1075.60,1075.60,1075.60,0
BPS005,20150629,1075.51,1075.51,1075.51,1075.51,0
BPS005,20150630,1075.48,1075.48,1075.48,1075.48,0
BPS005,20150701,1075.60,1075.60,1075.60,1075.60,0
BPS005,20150702,1075.67,1075.67,1075.67,1075.67,0
BPS005,20150703,1075.93,1075.93,1075.93,1075.93,0
BPS005,20150706,1076.04,1076.04,1076.04,1076.04,0
BPS005,20150707,1076.03,1076.03,1076.03,1076.03,0
BPS005,20150708,1076.02,1076.02,1076.02,1076.02,0
BPS005,20150709,1076.07,1076.07,1076.07,1076.07,0
BPS005,20150710,1075.97,1075.97,1075.97,1075.97,0
BPS005,20150713,1076.33,1076.33,1076.33,1076.33,0
BPS005,20150714,1076.30,1076.30,1076.30,1076.30,0
BPS005,20150715,1076.28,1076.28,1076.28,1076.28,0
BPS005,20150716,1076.37,1076.37,1076.37,1076.37,0
BPS005,20150717,1076.67,1076.67,1076.67,1076.67,0
BPS005,20150720,1076.87,1076.87,1076.87,1076.87,0
BPS005,20150721,1076.85,1076.85,1076.85,1076.85,0
BPS005,20150722,1076.73,1076.73,1076.73,1076.73,0
BPS005,20150723,1076.71,1076.71,1076.71,1076.71,0
BPS005,20150724,1076.59,1076.59,1076.59,1076.59,0
BPS005,20150727,1076.92,1076.92,1076.92,1076.92,0
BPS005,20150728,1077.05,1077.05,1077.05,1077.05,0
BPS005,20150729,1077.34,1077.34,1077.34,1077.34,0
BPS005,20150730,1077.36,1077.36,1077.36,1077.36,0
BPS005,20150731,1077.52,1077.52,1077.52,1077.52,0
BPS005,20150803,1077.07,1077.07,1077.07,1077.07,0
BPS005,20150804,1077.25,1077.25,1077.25,1077.25,0
BPS005,20150805,1077.17,1077.17,1077.17,1077.17,0
BPS005,20150806,1077.25,1077.25,1077.25,1077.25,0
BPS005,20150807,1077.94,1077.94,1077.94,1077.94,0
BPS005,20150810,1078.20,1078.20,1078.20,1078.20,0
BPS005,20150811,1078.34,1078.34,1078.34,1078.34,0
BPS005,20150812,1078.09,1078.09,1078.09,1078.09,0
BPS005,20150813,1077.73,1077.73,1077.73,1077.73,0
BPS005,20150814,1077.81,1077.81,1077.81,1077.81,0
BPS005,20150817,1077.96,1077.96,1077.96,1077.96,0
BPS005,20150818,1078.03,1078.03,1078.03,1078.03,0
BPS005,20150819,1078.05,1078.05,1078.05,1078.05,0
BPS005,20150820,1078.05,1078.05,1078.05,1078.05,0
BPS005,20150821,1078.24,1078.24,1078.24,1078.24,0
BPS005,20150824,1078.24,1078.24,1078.24,1078.24,0
BPS005,20150825,1077.74,1077.74,1077.74,1077.74,0
BPS005,20150826,1077.95,1077.95,1077.95,1077.95,0
BPS005,20150827,1077.93,1077.93,1077.93,1077.93,0
BPS005,20150828,1078.08,1078.08,1078.08,1078.08,0
BPS005,20150831,1078.13,1078.13,1078.13,1078.13,0
BPS005,20150901,1078.71,1078.71,1078.71,1078.71,0
BPS005,20150902,1078.73,1078.73,1078.73,1078.73,0
BPS005,20150903,1078.74,1078.74,1078.74,1078.74,0
BPS005,20150904,1078.95,1078.95,1078.95,1078.95,0
BPS005,20150907,1078.98,1078.98,1078.98,1078.98,0
BPS005,20150908,1079.12,1079.12,1079.12,1079.12,0
BPS005,20150909,1078.91,1078.91,1078.91,1078.91,0
BPS005,20150910,1079.38,1079.38,1079.38,1079.38,0
BPS005,20150911,1079.26,1079.26,1079.26,1079.26,0
BPS005,20150914,1079.32,1079.32,1079.32,1079.32,0
BPS005,20150915,1078.83,1078.83,1078.83,1078.83,0
BPS005,20150916,1079.06,1079.06,1079.06,1079.06,0
BPS005,20150917,1078.91,1078.91,1078.91,1078.91,0
BPS005,20150918,1079.18,1079.18,1079.18,1079.18,0
BPS005,20150921,1079.36,1079.36,1079.36,1079.36,0
BPS005,20150922,1079.40,1079.40,1079.40,1079.40,0
BPS005,20150923,1079.85,1079.85,1079.85,1079.85,0
BPS005,20150924,1080.01,1080.01,1080.01,1080.01,0
BPS005,20150925,1080.06,1080.06,1080.06,1080.06,0
BPS005,20150928,1080.29,1080.29,1080.29,1080.29,0
BPS005,20150929,1080.02,1080.02,1080.02,1080.02,0
BPS005,20150930,1080.23,1080.23,1080.23,1080.23,0
BPS005,20151001,1079.93,1079.93,1079.93,1079.93,0
BPS005,20151002,1080.21,1080.21,1080.21,1080.21,0
BPS005,20151005,1080.31,1080.31,1080.31,1080.31,0
BPS005,20151006,1080.43,1080.43,1080.43,1080.43,0
BPS005,20151007,1080.59,1080.59,1080.59,1080.59,0
BPS005,20151008,1081.02,1081.02,1081.02,1081.02,0
BPS005,20151009,1081.02,1081.02,1081.02,1081.02,0
BPS005,20151012,1081.15,1081.15,1081.15,1081.15,0
BPS005,20151013,1081.43,1081.43,1081.43,1081.43,0
BPS005,20151014,1081.49,1081.49,1081.49,1081.49,0
BPS005,20151015,1081.80,1081.80,1081.80,1081.80,0
BPS005,20151016,1081.40,1081.40,1081.40,1081.40,0
BPS005,20151019,1081.97,1081.97,1081.97,1081.97,0
BPS005,20151020,1082.11,1082.11,1082.11,1082.11,0
BPS005,20151021,1082.13,1082.13,1082.13,1082.13,0
BPS005,20151022,1082.56,1082.56,1082.56,1082.56,0
BPS005,20151023,1082.81,1082.81,1082.81,1082.81,0
BPS005,20151026,1083.11,1083.11,1083.11,1083.11,0
BPS005,20151027,1083.24,1083.24,1083.24,1083.24,0
BPS005,20151028,1083.24,1083.24,1083.24,1083.24,0
BPS005,20151029,1083.40,1083.40,1083.40,1083.40,0
BPS005,20151030,1083.19,1083.19,1083.19,1083.19,0
BPS005,20151102,1083.33,1083.33,1083.33,1083.33,0
BPS005,20151103,1083.52,1083.52,1083.52,1083.52,0
BPS005,20151104,1083.54,1083.54,1083.54,1083.54,0
BPS005,20151105,1083.57,1083.57,1083.57,1083.57,0
BPS005,20151106,1083.79,1083.79,1083.79,1083.79,0
BPS005,20151109,1084.12,1084.12,1084.12,1084.12,0
BPS005,20151110,1084.15,1084.15,1084.15,1084.15,0
BPS005,20151112,1084.41,1084.41,1084.41,1084.41,0
BPS005,20151113,1084.47,1084.47,1084.47,1084.47,0
BPS005,20151116,1083.39,1083.39,1083.39,1083.39,0
BPS005,20151117,1083.14,1083.14,1083.14,1083.14,0
BPS005,20151118,1082.96,1082.96,1082.96,1082.96,0
BPS005,20151119,1082.96,1082.96,1082.96,1082.96,0
BPS005,20151120,1083.77,1083.77,1083.77,1083.77,0
BPS005,20151123,1082.10,1082.10,1082.10,1082.10,0
BPS005,20151124,1082.57,1082.57,1082.57,1082.57,0
BPS005,20151125,1081.43,1081.43,1081.43,1081.43,0
BPS005,20151126,1084.54,1084.54,1084.54,1084.54,0
BPS005,20151127,1084.41,1084.41,1084.41,1084.41,0
BPS005,20151130,1084.60,1084.60,1084.60,1084.60,0
BPS005,20151201,1084.89,1084.89,1084.89,1084.89,0
BPS005,20151202,1084.90,1084.90,1084.90,1084.90,0
BPS005,20151203,1084.87,1084.87,1084.87,1084.87,0
BPS005,20151204,1084.53,1084.53,1084.53,1084.53,0
BPS005,20151207,1084.63,1084.63,1084.63,1084.63,0
BPS005,20151208,1083.33,1083.33,1083.33,1083.33,0
BPS005,20151209,1082.52,1082.52,1082.52,1082.52,0
BPS005,20151210,1084.09,1084.09,1084.09,1084.09,0
BPS005,20151211,1084.02,1084.02,1084.02,1084.02,0
BPS005,20151214,1083.80,1083.80,1083.80,1083.80,0
BPS005,20151215,1082.75,1082.75,1082.75,1082.75,0
BPS005,20151216,1083.64,1083.64,1083.64,1083.64,0
BPS005,20151217,1084.20,1084.20,1084.20,1084.20,0
BPS005,20151218,1083.30,1083.30,1083.30,1083.30,0
BPS005,20151221,1084.58,1084.58,1084.58,1084.58,0
BPS005,20151222,1083.78,1083.78,1083.78,1083.78,0
BPS005,20151223,1083.85,1083.85,1083.85,1083.85,0
BPS005,20151228,1084.47,1084.47,1084.47,1084.47,0
BPS005,20151229,1085.19,1085.19,1085.19,1085.19,0
BPS005,20151230,1086.18,1086.18,1086.18,1086.18,0
BPS005,20160104,1086.18,1086.18,1086.18,1086.18,0
BPS005,20160105,1086.47,1086.47,1086.47,1086.47,0
BPS005,20160107,1087.80,1087.80,1087.80,1087.80,0
BPS005,20160108,1087.59,1087.59,1087.59,1087.59,0
BPS005,20160111,1087.75,1087.75,1087.75,1087.75,0
BPS005,20160112,1087.34,1087.34,1087.34,1087.34,0
BPS005,20160113,1085.90,1085.90,1085.90,1085.90,0
BPS005,20160114,1085.56,1085.56,1085.56,1085.56,0
BPS005,20160115,1084.84,1084.84,1084.84,1084.84,0
BPS005,20160118,1084.87,1084.87,1084.87,1084.87,0
BPS005,20160119,1084.67,1084.67,1084.67,1084.67,0
BPS005,20160120,1084.87,1084.87,1084.87,1084.87,0
BPS005,20160121,1084.71,1084.71,1084.71,1084.71,0
BPS005,20160122,1084.37,1084.37,1084.37,1084.37,0
BPS005,20160125,1085.05,1085.05,1085.05,1085.05,0
BPS005,20160126,1084.69,1084.69,1084.69,1084.69,0
BPS005,20160127,1083.66,1083.66,1083.66,1083.66,0
BPS005,20160128,1082.30,1082.30,1082.30,1082.30,0
BPS005,20160129,1081.89,1081.89,1081.89,1081.89,0
BPS005,20160201,1081.76,1081.76,1081.76,1081.76,0
BPS005,20160202,1081.50,1081.50,1081.50,1081.50,0
BPS005,20160203,1081.70,1081.70,1081.70,1081.70,0
BPS005,20160204,1081.72,1081.72,1081.72,1081.72,0
BPS005,20160205,1081.95,1081.95,1081.95,1081.95,0
BPS005,20160208,1082.08,1082.08,1082.08,1082.08,0
BPS005,20160209,1081.61,1081.61,1081.61,1081.61,0
BPS005,20160210,1082.03,1082.03,1082.03,1082.03,0
BPS005,20160211,1082.16,1082.16,1082.16,1082.16,0
BPS005,20160212,1082.01,1082.01,1082.01,1082.01,0
BPS005,20160215,1082.35,1082.35,1082.35,1082.35,0
BPS005,20160216,1082.26,1082.26,1082.26,1082.26,0
BPS005,20160217,1082.18,1082.18,1082.18,1082.18,0
BPS005,20160218,1083.24,1083.24,1083.24,1083.24,0
BPS005,20160219,1084.03,1084.03,1084.03,1084.03,0
BPS005,20160222,1084.95,1084.95,1084.95,1084.95,0
BPS005,20160223,1084.95,1084.95,1084.95,1084.95,0
BPS005,20160224,1085.04,1085.04,1085.04,1085.04,0
BPS005,20160225,1085.29,1085.29,1085.29,1085.29,0
BPS005,20160226,1085.51,1085.51,1085.51,1085.51,0
BPS005,20160229,1085.31,1085.31,1085.31,1085.31,0
BPS005,20160301,1086.14,1086.14,1086.14,1086.14,0
BPS005,20160302,1085.65,1085.65,1085.65,1085.65,0
BPS005,20160303,1085.50,1085.50,1085.50,1085.50,0
BPS005,20160304,1085.71,1085.71,1085.71,1085.71,0
BPS005,20160307,1086.82,1086.82,1086.82,1086.82,0
BPS005,20160308,1087.29,1087.29,1087.29,1087.29,0
BPS005,20160309,1087.29,1087.29,1087.29,1087.29,0
BPS005,20160310,1087.24,1087.24,1087.24,1087.24,0
BPS005,20160311,1087.48,1087.48,1087.48,1087.48,0
BPS005,20160314,1087.96,1087.96,1087.96,1087.96,0
BPS005,20160315,1088.19,1088.19,1088.19,1088.19,0
BPS005,20160316,1088.22,1088.22,1088.22,1088.22,0
BPS005,20160317,1088.53,1088.53,1088.53,1088.53,0
BPS005,20160318,1087.66,1087.66,1087.66,1087.66,0
BPS005,20160321,1088.48,1088.48,1088.48,1088.48,0
BPS005,20160322,1088.36,1088.36,1088.36,1088.36,0
BPS005,20160323,1088.93,1088.93,1088.93,1088.93,0
BPS005,20160324,1089.22,1089.22,1089.22,1089.22,0
BPS005,20160329,1089.96,1089.96,1089.96,1089.96,0
BPS005,20160330,1090.16,1090.16,1090.16,1090.16,0
BPS005,20160331,1089.41,1089.41,1089.41,1089.41,0
BPS005,20160401,1089.72,1089.72,1089.72,1089.72,0
BPS005,20160404,1090.30,1090.30,1090.30,1090.30,0
BPS005,20160405,1090.42,1090.42,1090.42,1090.42,0
BPS005,20160406,1090.24,1090.24,1090.24,1090.24,0
BPS005,20160407,1090.42,1090.42,1090.42,1090.42,0
BPS005,20160408,1090.73,1090.73,1090.73,1090.73,0
BPS005,20160411,1090.61,1090.61,1090.61,1090.61,0
BPS005,20160412,1090.48,1090.48,1090.48,1090.48,0
BPS005,20160413,1091.15,1091.15,1091.15,1091.15,0
BPS005,20160414,1091.53,1091.53,1091.53,1091.53,0
BPS005,20160415,1092.21,1092.21,1092.21,1092.21,0
BPS005,20160418,1092.67,1092.67,1092.67,1092.67,0
BPS005,20160419,1092.58,1092.58,1092.58,1092.58,0
BPS005,20160420,1092.78,1092.78,1092.78,1092.78,0
BPS005,20160421,1091.47,1091.47,1091.47,1091.47,0
BPS005,20160422,1091.52,1091.52,1091.52,1091.52,0
BPS005,20160425,1092.01,1092.01,1092.01,1092.01,0
BPS005,20160426,1093.50,1093.50,1093.50,1093.50,0
BPS005,20160427,1093.47,1093.47,1093.47,1093.47,0
BPS005,20160428,1093.52,1093.52,1093.52,1093.52,0
BPS005,20160429,1093.87,1093.87,1093.87,1093.87,0
BPS005,20160502,1094.48,1094.48,1094.48,1094.48,0
BPS005,20160504,1094.83,1094.83,1094.83,1094.83,0
BPS005,20160505,1094.90,1094.90,1094.90,1094.90,0
BPS005,20160506,1094.53,1094.53,1094.53,1094.53,0
BPS005,20160509,1094.12,1094.12,1094.12,1094.12,0
BPS005,20160510,1094.09,1094.09,1094.09,1094.09,0
BPS005,20160511,1094.02,1094.02,1094.02,1094.02,0
BPS005,20160512,1095.57,1095.57,1095.57,1095.57,0
BPS005,20160513,1095.65,1095.65,1095.65,1095.65,0
BPS005,20160516,1096.15,1096.15,1096.15,1096.15,0
BPS005,20160517,1096.38,1096.38,1096.38,1096.38,0
BPS005,20160518,1096.09,1096.09,1096.09,1096.09,0
BPS005,20160519,1096.10,1096.10,1096.10,1096.10,0
BPS005,20160520,1096.17,1096.17,1096.17,1096.17,0
BPS005,20160523,1096.55,1096.55,1096.55,1096.55,0
BPS005,20160524,1096.75,1096.75,1096.75,1096.75,0
BPS005,20160525,1097.98,1097.98,1097.98,1097.98,0
BPS005,20160527,1098.21,1098.21,1098.21,1098.21,0
BPS005,20160530,1098.52,1098.52,1098.52,1098.52,0
BPS005,20160531,1098.60,1098.60,1098.60,1098.60,0
BPS005,20160601,1096.88,1096.88,1096.88,1096.88,0
BPS005,20160602,1097.03,1097.03,1097.03,1097.03,0
BPS005,20160603,1096.33,1096.33,1096.33,1096.33,0
BPS005,20160606,1096.84,1096.84,1096.84,1096.84,0
BPS005,20160607,1097.47,1097.47,1097.47,1097.47,0
BPS005,20160608,1097.08,1097.08,1097.08,1097.08,0
BPS005,20160609,1096.63,1096.63,1096.63,1096.63,0
BPS005,20160610,1095.35,1095.35,1095.35,1095.35,0
BPS005,20160613,1095.92,1095.92,1095.92,1095.92,0
BPS005,20160614,1096.80,1096.80,1096.80,1096.80,0
BPS005,20160615,1096.89,1096.89,1096.89,1096.89,0
BPS005,20160616,1097.02,1097.02,1097.02,1097.02,0
BPS005,20160617,1097.74,1097.74,1097.74,1097.74,0
BPS005,20160620,1097.29,1097.29,1097.29,1097.29,0
BPS005,20160621,1096.71,1096.71,1096.71,1096.71,0
BPS005,20160622,1097.85,1097.85,1097.85,1097.85,0
BPS005,20160623,1098.15,1098.15,1098.15,1098.15,0
BPS005,20160624,1098.04,1098.04,1098.04,1098.04,0
BPS005,20160627,1098.51,1098.51,1098.51,1098.51,0
BPS005,20160628,1099.19,1099.19,1099.19,1099.19,0
BPS005,20160629,1099.95,1099.95,1099.95,1099.95,0
BPS005,20160630,1098.87,1098.87,1098.87,1098.87,0
BPS005,20160701,1098.45,1098.45,1098.45,1098.45,0
BPS005,20160704,1098.33,1098.33,1098.33,1098.33,0
BPS005,20160705,1096.41,1096.41,1096.41,1096.41,0
BPS005,20160706,1096.42,1096.42,1096.42,1096.42,0
BPS005,20160707,1096.56,1096.56,1096.56,1096.56,0
BPS005,20160708,1095.04,1095.04,1095.04,1095.04,0
BPS005,20160711,1095.50,1095.50,1095.50,1095.50,0
BPS005,20160712,1095.58,1095.58,1095.58,1095.58,0
BPS005,20160713,1095.87,1095.87,1095.87,1095.87,0
BPS005,20160714,1095.65,1095.65,1095.65,1095.65,0
BPS005,20160715,1095.66,1095.66,1095.66,1095.66,0
BPS005,20160718,1096.00,1096.00,1096.00,1096.00,0
BPS005,20160719,1096.25,1096.25,1096.25,1096.25,0
BPS005,20160720,1096.17,1096.17,1096.17,1096.17,0
BPS005,20160721,1096.61,1096.61,1096.61,1096.61,0
BPS005,20160722,1096.98,1096.98,1096.98,1096.98,0
BPS005,20160725,1096.96,1096.96,1096.96,1096.96,0
BPS005,20160726,1098.00,1098.00,1098.00,1098.00,0
BPS005,20160727,1098.07,1098.07,1098.07,1098.07,0
BPS005,20160728,1097.86,1097.86,1097.86,1097.86,0
BPS005,20160729,1098.00,1098.00,1098.00,1098.00,0
BPS005,20160801,1097.72,1097.72,1097.72,1097.72,0
BPS005,20160802,1099.71,1099.71,1099.71,1099.71,0
BPS005,20160803,1099.97,1099.97,1099.97,1099.97,0
BPS005,20160804,1099.88,1099.88,1099.88,1099.88,0
BPS005,20160805,1100.14,1100.14,1100.14,1100.14,0
BPS005,20160808,1100.10,1100.10,1100.10,1100.10,0
BPS005,20160809,1100.90,1100.90,1100.90,1100.90,0
BPS005,20160810,1101.60,1101.60,1101.60,1101.60,0
BPS005,20160811,1101.86,1101.86,1101.86,1101.86,0
BPS005,20160812,1102.04,1102.04,1102.04,1102.04,0
BPS005,20160816,1103.13,1103.13,1103.13,1103.13,0
BPS005,20160817,1103.30,1103.30,1103.30,1103.30,0
BPS005,20160818,1103.34,1103.34,1103.34,1103.34,0
BPS005,20160819,1103.44,1103.44,1103.44,1103.44,0
BPS005,20160822,1102.85,1102.85,1102.85,1102.85,0
BPS005,20160823,1103.06,1103.06,1103.06,1103.06,0
BPS005,20160824,1103.04,1103.04,1103.04,1103.04,0
BPS005,20160825,1103.21,1103.21,1103.21,1103.21,0
BPS005,20160826,1103.25,1103.25,1103.25,1103.25,0
BPS005,20160829,1103.88,1103.88,1103.88,1103.88,0
BPS005,20160830,1104.16,1104.16,1104.16,1104.16,0
BPS005,20160831,1104.63,1104.63,1104.63,1104.63,0
BPS005,20160901,1104.11,1104.11,1104.11,1104.11,0
BPS005,20160902,1104.41,1104.41,1104.41,1104.41,0
BPS005,20160905,1104.22,1104.22,1104.22,1104.22,0
BPS005,20160906,1104.58,1104.58,1104.58,1104.58,0
BPS005,20160907,1104.81,1104.81,1104.81,1104.81,0
BPS005,20160908,1104.75,1104.75,1104.75,1104.75,0
BPS005,20160909,1104.77,1104.77,1104.77,1104.77,0
BPS005,20160912,1104.59,1104.59,1104.59,1104.59,0
BPS005,20160913,1104.84,1104.84,1104.84,1104.84,0
BPS005,20160914,1104.57,1104.57,1104.57,1104.57,0
BPS005,20160915,1103.37,1103.37,1103.37,1103.37,0
BPS005,20160916,1103.48,1103.48,1103.48,1103.48,0
BPS005,20160919,1104.70,1104.70,1104.70,1104.70,0
BPS005,20160920,1104.85,1104.85,1104.85,1104.85,0
BPS005,20160921,1104.69,1104.69,1104.69,1104.69,0
BPS005,20160922,1104.76,1104.76,1104.76,1104.76,0
BPS005,20160923,1104.96,1104.96,1104.96,1104.96,0
BPS005,20160926,1105.88,1105.88,1105.88,1105.88,0
BPS005,20160927,1106.05,1106.05,1106.05,1106.05,0
BPS005,20160928,1105.99,1105.99,1105.99,1105.99,0
BPS005,20160929,1106.49,1106.49,1106.49,1106.49,0
BPS005,20160930,1106.73,1106.73,1106.73,1106.73,0
BPS005,20161003,1105.01,1105.01,1105.01,1105.01,0
BPS005,20161004,1105.50,1105.50,1105.50,1105.50,0
BPS005,20161005,1105.30,1105.30,1105.30,1105.30,0
BPS005,20161006,1103.08,1103.08,1103.08,1103.08,0
BPS005,20161007,1103.31,1103.31,1103.31,1103.31,0
BPS005,20161010,1103.88,1103.88,1103.88,1103.88,0
BPS005,20161011,1104.09,1104.09,1104.09,1104.09,0
BPS005,20161012,1104.48,1104.48,1104.48,1104.48,0
BPS005,20161013,1104.68,1104.68,1104.68,1104.68,0
BPS005,20161014,1105.11,1105.11,1105.11,1105.11,0
BPS005,20161017,1105.34,1105.34,1105.34,1105.34,0
BPS005,20161018,1105.40,1105.40,1105.40,1105.40,0
BPS005,20161019,1105.31,1105.31,1105.31,1105.31,0
BPS005,20161020,1105.38,1105.38,1105.38,1105.38,0
BPS005,20161021,1105.00,1105.00,1105.00,1105.00,0
BPS005,20161024,1103.04,1103.04,1103.04,1103.04,0
BPS005,20161025,1101.97,1101.97,1101.97,1101.97,0
BPS005,20161026,1102.09,1102.09,1102.09,1102.09,0
BPS005,20161027,1099.01,1099.01,1099.01,1099.01,0
BPS005,20161028,1098.96,1098.96,1098.96,1098.96,0
BPS005,20161031,1099.68,1099.68,1099.68,1099.68,0
BPS005,20161102,1100.23,1100.23,1100.23,1100.23,0
BPS005,20161103,1100.10,1100.10,1100.10,1100.10,0
BPS005,20161104,1099.62,1099.62,1099.62,1099.62,0
BPS005,20161107,1100.14,1100.14,1100.14,1100.14,0
BPS005,20161108,1101.41,1101.41,1101.41,1101.41,0
BPS005,20161109,1101.89,1101.89,1101.89,1101.89,0
BPS005,20161110,1101.69,1101.69,1101.69,1101.69,0
BPS005,20161114,1099.97,1099.97,1099.97,1099.97,0
BPS005,20161115,1100.15,1100.15,1100.15,1100.15,0
BPS005,20161116,1100.53,1100.53,1100.53,1100.53,0
BPS005,20161117,1101.94,1101.94,1101.94,1101.94,0
BPS005,20161118,1101.63,1101.63,1101.63,1101.63,0
BPS005,20161121,1101.61,1101.61,1101.61,1101.61,0
BPS005,20161122,1102.32,1102.32,1102.32,1102.32,0
BPS005,20161123,1102.56,1102.56,1102.56,1102.56,0
BPS005,20161124,1102.37,1102.37,1102.37,1102.37,0
BPS005,20161125,1104.17,1104.17,1104.17,1104.17,0
BPS005,20161128,1105.53,1105.53,1105.53,1105.53,0
BPS005,20161129,1103.87,1103.87,1103.87,1103.87,0
BPS005,20161130,1105.50,1105.50,1105.50,1105.50,0
BPS005,20161201,1106.78,1106.78,1106.78,1106.78,0
BPS005,20161202,1107.28,1107.28,1107.28,1107.28,0
BPS005,20161205,1103.10,1103.10,1103.10,1103.10,0
BPS005,20161206,1103.59,1103.59,1103.59,1103.59,0
BPS005,20161207,1103.42,1103.42,1103.42,1103.42,0
BPS005,20161208,1103.54,1103.54,1103.54,1103.54,0
BPS005,20161209,1102.95,1102.95,1102.95,1102.95,0
BPS005,20161212,1100.37,1100.37,1100.37,1100.37,0
BPS005,20161213,1100.35,1100.35,1100.35,1100.35,0
BPS005,20161214,1100.76,1100.76,1100.76,1100.76,0
BPS005,20161215,1100.73,1100.73,1100.73,1100.73,0
BPS005,20161216,1100.58,1100.58,1100.58,1100.58,0
BPS005,20161219,1101.12,1101.12,1101.12,1101.12,0
BPS005,20161220,1100.88,1100.88,1100.88,1100.88,0
BPS005,20161221,1102.28,1102.28,1102.28,1102.28,0
BPS005,20161222,1101.32,1101.32,1101.32,1101.32,0
BPS005,20161223,1099.68,1099.68,1099.68,1099.68,0
BPS005,20161227,1099.67,1099.67,1099.67,1099.67,0
BPS005,20161228,1098.69,1098.69,1098.69,1098.69,0
BPS005,20161229,1097.70,1097.70,1097.70,1097.70,0
BPS005,20161230,1099.02,1099.02,1099.02,1099.02,0
BPS005,20170102,1101.40,1101.40,1101.40,1101.40,0
BPS005,20170103,1102.07,1102.07,1102.07,1102.07,0
BPS005,20170104,1103.94,1103.94,1103.94,1103.94,0
BPS005,20170105,1101.52,1101.52,1101.52,1101.52,0
BPS005,20170109,1096.30,1096.30,1096.30,1096.30,0
BPS005,20170110,1094.85,1094.85,1094.85,1094.85,0
BPS005,20170111,1098.38,1098.38,1098.38,1098.38,0
BPS005,20170112,1097.79,1097.79,1097.79,1097.79,0
BPS005,20170113,1098.34,1098.34,1098.34,1098.34,0
BPS005,20170116,1098.90,1098.90,1098.90,1098.90,0
BPS005,20170117,1099.64,1099.64,1099.64,1099.64,0
BPS005,20170118,1098.61,1098.61,1098.61,1098.61,0
BPS005,20170119,1098.46,1098.46,1098.46,1098.46,0
BPS005,20170120,1098.72,1098.72,1098.72,1098.72,0
BPS005,20170123,1099.55,1099.55,1099.55,1099.55,0
BPS005,20170124,1099.05,1099.05,1099.05,1099.05,0
BPS005,20170125,1099.68,1099.68,1099.68,1099.68,0
BPS005,20170126,1102.51,1102.51,1102.51,1102.51,0
BPS005,20170127,1102.74,1102.74,1102.74,1102.74,0
BPS005,20170130,1105.17,1105.17,1105.17,1105.17,0
BPS005,20170131,1105.99,1105.99,1105.99,1105.99,0
BPS005,20170201,1106.32,1106.32,1106.32,1106.32,0
BPS005,20170202,1107.20,1107.20,1107.20,1107.20,0
BPS005,20170203,1107.63,1107.63,1107.63,1107.63,0
BPS005,20170206,1107.77,1107.77,1107.77,1107.77,0
BPS005,20170207,1108.47,1108.47,1108.47,1108.47,0
BPS005,20170208,1109.38,1109.38,1109.38,1109.38,0
BPS005,20170209,1108.95,1108.95,1108.95,1108.95,0
BPS005,20170210,1109.02,1109.02,1109.02,1109.02,0
BPS005,20170213,1110.70,1110.70,1110.70,1110.70,0
BPS005,20170214,1112.20,1112.20,1112.20,1112.20,0
BPS005,20170215,1111.68,1111.68,1111.68,1111.68,0
BPS005,20170216,1110.73,1110.73,1110.73,1110.73,0
BPS005,20170217,1112.35,1112.35,1112.35,1112.35,0
BPS005,20170220,1112.66,1112.66,1112.66,1112.66,0
BPS005,20170221,1112.74,1112.74,1112.74,1112.74,0
BPS005,20170222,1112.72,1112.72,1112.72,1112.72,0
BPS005,20170223,1113.98,1113.98,1113.98,1113.98,0
BPS005,20170224,1113.27,1113.27,1113.27,1113.27,0
BPS005,20170227,1113.07,1113.07,1113.07,1113.07,0
BPS005,20170228,1114.41,1114.41,1114.41,1114.41,0
BPS005,20170301,1115.54,1115.54,1115.54,1115.54,0
BPS005,20170302,1112.78,1112.78,1112.78,1112.78,0
BPS005,20170303,1115.79,1115.79,1115.79,1115.79,0
BPS005,20170306,1115.38,1115.38,1115.38,1115.38,0
BPS005,20170307,1115.54,1115.54,1115.54,1115.54,0
BPS005,20170308,1114.42,1114.42,1114.42,1114.42,0
BPS005,20170309,1115.88,1115.88,1115.88,1115.88,0
BPS005,20170310,1115.72,1115.72,1115.72,1115.72,0
BPS005,20170313,1116.03,1116.03,1116.03,1116.03,0
BPS005,20170314,1115.84,1115.84,1115.84,1115.84,0
BPS005,20170315,1115.74,1115.74,1115.74,1115.74,0
BPS005,20170316,1115.79,1115.79,1115.79,1115.79,0
BPS005,20170317,1116.00,1116.00,1116.00,1116.00,0
BPS005,20170320,1116.77,1116.77,1116.77,1116.77,0
BPS005,20170321,1116.90,1116.90,1116.90,1116.90,0
BPS005,20170322,1117.13,1117.13,1117.13,1117.13,0
BPS005,20170323,1117.64,1117.64,1117.64,1117.64,0
BPS005,20170324,1117.98,1117.98,1117.98,1117.98,0
BPS005,20170327,1118.44,1118.44,1118.44,1118.44,0
BPS005,20170328,1118.56,1118.56,1118.56,1118.56,0
BPS005,20170329,1119.55,1119.55,1119.55,1119.55,0
BPS005,20170330,1119.76,1119.76,1119.76,1119.76,0
BPS005,20170331,1119.80,1119.80,1119.80,1119.80,0
BPS005,20170403,1122.87,1122.87,1122.87,1122.87,0
BPS005,20170404,1123.78,1123.78,1123.78,1123.78,0
BPS005,20170405,1123.95,1123.95,1123.95,1123.95,0
BPS005,20170406,1122.73,1122.73,1122.73,1122.73,0
BPS005,20170407,1124.48,1124.48,1124.48,1124.48,0
BPS005,20170410,1124.81,1124.81,1124.81,1124.81,0
BPS005,20170411,1124.45,1124.45,1124.45,1124.45,0
BPS005,20170412,1126.77,1126.77,1126.77,1126.77,0
BPS005,20170413,1127.70,1127.70,1127.70,1127.70,0
BPS005,20170418,1128.34,1128.34,1128.34,1128.34,0
BPS005,20170419,1128.41,1128.41,1128.41,1128.41,0
BPS005,20170420,1128.43,1128.43,1128.43,1128.43,0
BPS005,20170421,1126.65,1126.65,1126.65,1126.65,0
BPS005,20170424,1126.96,1126.96,1126.96,1126.96,0
BPS005,20170425,1127.06,1127.06,1127.06,1127.06,0
BPS005,20170426,1125.56,1125.56,1125.56,1125.56,0
BPS005,20170427,1126.52,1126.52,1126.52,1126.52,0
BPS005,20170428,1127.53,1127.53,1127.53,1127.53,0
BPS005,20170502,1127.33,1127.33,1127.33,1127.33,0
BPS005,20170504,1127.55,1127.55,1127.55,1127.55,0
BPS005,20170505,1129.40,1129.40,1129.40,1129.40,0
BPS005,20170508,1129.82,1129.82,1129.82,1129.82,0
BPS005,20170509,1129.81,1129.81,1129.81,1129.81,0
BPS005,20170510,1129.80,1129.80,1129.80,1129.80,0
BPS005,20170511,1130.27,1130.27,1130.27,1130.27,0
BPS005,20170512,1130.40,1130.40,1130.40,1130.40,0
BPS005,20170515,1130.77,1130.77,1130.77,1130.77,0
BPS005,20170516,1130.68,1130.68,1130.68,1130.68,0
BPS005,20170517,1135.38,1135.38,1135.38,1135.38,0
BPS005,20170518,1135.56,1135.56,1135.56,1135.56,0
BPS005,20170519,1135.49,1135.49,1135.49,1135.49,0
BPS005,20170522,1134.35,1134.35,1134.35,1134.35,0
BPS005,20170523,1134.44,1134.44,1134.44,1134.44,0
BPS005,20170524,1134.33,1134.33,1134.33,1134.33,0
BPS005,20170525,1134.43,1134.43,1134.43,1134.43,0
BPS005,20170526,1135.15,1135.15,1135.15,1135.15,0
BPS005,20170529,1133.95,1133.95,1133.95,1133.95,0
BPS005,20170530,1133.98,1133.98,1133.98,1133.98,0
BPS005,20170531,1134.71,1134.71,1134.71,1134.71,0
BPS005,20170601,1136.46,1136.46,1136.46,1136.46,0
BPS005,20170602,1135.83,1135.83,1135.83,1135.83,0
BPS005,20170605,1135.64,1135.64,1135.64,1135.64,0
BPS005,20170606,1133.66,1133.66,1133.66,1133.66,0
BPS005,20170607,1133.21,1133.21,1133.21,1133.21,0
BPS005,20170608,1135.65,1135.65,1135.65,1135.65,0
BPS005,20170609,1133.56,1133.56,1133.56,1133.56,0
BPS005,20170612,1135.64,1135.64,1135.64,1135.64,0
BPS005,20170613,1133.57,1133.57,1133.57,1133.57,0
BPS005,20170614,1133.55,1133.55,1133.55,1133.55,0
BPS005,20170616,1135.98,1135.98,1135.98,1135.98,0
BPS005,20170619,1135.10,1135.10,1135.10,1135.10,0
BPS005,20170620,1135.15,1135.15,1135.15,1135.15,0
BPS005,20170621,1135.24,1135.24,1135.24,1135.24,0
BPS005,20170622,1135.47,1135.47,1135.47,1135.47,0
BPS005,20170623,1133.86,1133.86,1133.86,1133.86,0
BPS005,20170626,1134.02,1134.02,1134.02,1134.02,0
BPS005,20170627,1134.12,1134.12,1134.12,1134.12,0
BPS005,20170628,1134.21,1134.21,1134.21,1134.21,0
BPS005,20170629,1135.94,1135.94,1135.94,1135.94,0
BPS005,20170630,1136.97,1136.97,1136.97,1136.97,0
BPS005,20170703,1135.54,1135.54,1135.54,1135.54,0
BPS005,20170704,1137.76,1137.76,1137.76,1137.76,0
BPS005,20170705,1137.88,1137.88,1137.88,1137.88,0
BPS005,20170706,1137.91,1137.91,1137.91,1137.91,0
BPS005,20170707,1136.65,1136.65,1136.65,1136.65,0
BPS005,20170710,1137.86,1137.86,1137.86,1137.86,0
BPS005,20170711,1137.94,1137.94,1137.94,1137.94,0
BPS005,20170712,1137.51,1137.51,1137.51,1137.51,0
BPS005,20170713,1138.24,1138.24,1138.24,1138.24,0
BPS005,20170714,1136.88,1136.88,1136.88,1136.88,0
BPS005,20170717,1137.68,1137.68,1137.68,1137.68,0
BPS005,20170718,1137.04,1137.04,1137.04,1137.04,0
BPS005,20170719,1136.71,1136.71,1136.71,1136.71,0
BPS005,20170720,1137.17,1137.17,1137.17,1137.17,0
BPS005,20170721,1134.64,1134.64,1134.64,1134.64,0
BPS005,20170724,1136.11,1136.11,1136.11,1136.11,0
BPS005,20170725,1133.56,1133.56,1133.56,1133.56,0
BPS005,20170726,1134.07,1134.07,1134.07,1134.07,0
BPS005,20170727,1134.05,1134.05,1134.05,1134.05,0
BPS005,20170728,1133.51,1133.51,1133.51,1133.51,0
BPS005,20170731,1136.67,1136.67,1136.67,1136.67,0
BPS005,20170801,1135.91,1135.91,1135.91,1135.91,0
BPS005,20170802,1136.81,1136.81,1136.81,1136.81,0
BPS005,20170803,1134.10,1134.10,1134.10,1134.10,0
BPS005,20170804,1134.22,1134.22,1134.22,1134.22,0
BPS005,20170807,1134.34,1134.34,1134.34,1134.34,0
BPS005,20170808,1134.19,1134.19,1134.19,1134.19,0
BPS005,20170809,1134.30,1134.30,1134.30,1134.30,0
BPS005,20170810,1134.27,1134.27,1134.27,1134.27,0
BPS005,20170811,1134.11,1134.11,1134.11,1134.11,0
BPS005,20170814,1135.18,1135.18,1135.18,1135.18,0
BPS005,20170816,1139.37,1139.37,1139.37,1139.37,0
BPS005,20170817,1134.75,1134.75,1134.75,1134.75,0
BPS005,20170818,1136.50,1136.50,1136.50,1136.50,0
BPS005,20170821,1137.54,1137.54,1137.54,1137.54,0
BPS005,20170822,1135.93,1135.93,1135.93,1135.93,0
BPS005,20170823,1135.82,1135.82,1135.82,1135.82,0
BPS005,20170824,1135.82,1135.82,1135.82,1135.82,0
BPS005,20170825,1135.43,1135.43,1135.43,1135.43,0
BPS005,20170828,1135.95,1135.95,1135.95,1135.95,0
BPS005,20170829,1136.45,1136.45,1136.45,1136.45,0
BPS005,20170830,1136.82,1136.82,1136.82,1136.82,0
BPS005,20170831,1137.08,1137.08,1137.08,1137.08,0
BPS005,20170901,1137.46,1137.46,1137.46,1137.46,0
BPS005,20170904,1137.59,1137.59,1137.59,1137.59,0
BPS005,20170905,1137.88,1137.88,1137.88,1137.88,0
BPS005,20170906,1138.41,1138.41,1138.41,1138.41,0
BPS005,20170907,1139.85,1139.85,1139.85,1139.85,0
BPS005,20170908,1138.63,1138.63,1138.63,1138.63,0
BPS005,20170911,1138.90,1138.90,1138.90,1138.90,0
BPS005,20170912,1139.11,1139.11,1139.11,1139.11,0
BPS005,20170913,1138.74,1138.74,1138.74,1138.74,0
BPS005,20170914,1138.82,1138.82,1138.82,1138.82,0
BPS005,20170915,1139.11,1139.11,1139.11,1139.11,0
BPS005,20170918,1139.59,1139.59,1139.59,1139.59,0
BPS005,20170919,1139.62,1139.62,1139.62,1139.62,0
BPS005,20170920,1139.87,1139.87,1139.87,1139.87,0
BPS005,20170921,1139.93,1139.93,1139.93,1139.93,0
