Name,Date,Open,High,Low,Close,Volume
BPS003,20110407,100.00,100.00,100.00,100.00,0
BPS003,20110510,100.23,100.23,100.23,100.23,0
BPS003,20110511,100.23,100.23,100.23,100.23,0
BPS003,20110512,100.23,100.23,100.23,100.23,0
BPS003,20110513,100.23,100.23,100.23,100.23,0
BPS003,20110516,100.23,100.23,100.23,100.23,0
BPS003,20110517,100.22,100.22,100.22,100.22,0
BPS003,20110518,100.22,100.22,100.22,100.22,0
BPS003,20110519,100.22,100.22,100.22,100.22,0
BPS003,20110520,100.22,100.22,100.22,100.22,0
BPS003,20110523,100.22,100.22,100.22,100.22,0
BPS003,20110524,100.21,100.21,100.21,100.21,0
BPS003,20110525,100.22,100.22,100.22,100.22,0
BPS003,20110526,100.21,100.21,100.21,100.21,0
BPS003,20110527,100.21,100.21,100.21,100.21,0
BPS003,20110530,100.24,100.24,100.24,100.24,0
BPS003,20110531,100.26,100.26,100.26,100.26,0
BPS003,20110601,100.28,100.28,100.28,100.28,0
BPS003,20110602,100.29,100.29,100.29,100.29,0
BPS003,20110603,100.29,100.29,100.29,100.29,0
BPS003,20110606,100.28,100.28,100.28,100.28,0
BPS003,20110607,100.32,100.32,100.32,100.32,0
BPS003,20110608,100.31,100.31,100.31,100.31,0
BPS003,20110609,100.28,100.28,100.28,100.28,0
BPS003,20110610,100.24,100.24,100.24,100.24,0
BPS003,20110613,100.30,100.30,100.30,100.30,0
BPS003,20110614,100.40,100.40,100.40,100.40,0
BPS003,20110615,100.33,100.33,100.33,100.33,0
BPS003,20110616,100.30,100.30,100.30,100.30,0
BPS003,20110617,100.33,100.33,100.33,100.33,0
BPS003,20110620,100.29,100.29,100.29,100.29,0
BPS003,20110621,100.33,100.33,100.33,100.33,0
BPS003,20110622,100.24,100.24,100.24,100.24,0
BPS003,20110624,100.25,100.25,100.25,100.25,0
BPS003,20110627,100.24,100.24,100.24,100.24,0
BPS003,20110628,100.27,100.27,100.27,100.27,0
BPS003,20110629,100.41,100.41,100.41,100.41,0
BPS003,20110630,100.35,100.35,100.35,100.35,0
BPS003,20110701,100.41,100.41,100.41,100.41,0
BPS003,20110704,100.41,100.41,100.41,100.41,0
BPS003,20110705,100.43,100.43,100.43,100.43,0
BPS003,20110706,100.36,100.36,100.36,100.36,0
BPS003,20110707,100.90,100.90,100.90,100.90,0
BPS003,20110708,100.86,100.86,100.86,100.86,0
BPS003,20110711,100.47,100.47,100.47,100.47,0
BPS003,20110712,100.49,100.49,100.49,100.49,0
BPS003,20110713,100.77,100.77,100.77,100.77,0
BPS003,20110714,100.73,100.73,100.73,100.73,0
BPS003,20110715,100.80,100.80,100.80,100.80,0
BPS003,20110718,100.35,100.35,100.35,100.35,0
BPS003,20110719,100.45,100.45,100.45,100.45,0
BPS003,20110720,100.33,100.33,100.33,100.33,0
BPS003,20110721,100.46,100.46,100.46,100.46,0
BPS003,20110722,100.53,100.53,100.53,100.53,0
BPS003,20110725,100.47,100.47,100.47,100.47,0
BPS003,20110726,100.47,100.47,100.47,100.47,0
BPS003,20110727,100.18,100.18,100.18,100.18,0
BPS003,20110728,100.55,100.55,100.55,100.55,0
BPS003,20110729,100.60,100.60,100.60,100.60,0
BPS003,20110801,100.81,100.81,100.81,100.81,0
BPS003,20110802,100.41,100.41,100.41,100.41,0
BPS003,20110803,99.30,99.30,99.30,99.30,0
BPS003,20110804,98.12,98.12,98.12,98.12,0
BPS003,20110805,97.57,97.57,97.57,97.57,0
BPS003,20110808,96.30,96.30,96.30,96.30,0
BPS003,20110809,95.16,95.16,95.16,95.16,0
BPS003,20110810,93.71,93.71,93.71,93.71,0
BPS003,20110811,95.51,95.51,95.51,95.51,0
BPS003,20110812,96.29,96.29,96.29,96.29,0
BPS003,20110816,96.92,96.92,96.92,96.92,0
BPS003,20110817,97.14,97.14,97.14,97.14,0
BPS003,20110818,95.24,95.24,95.24,95.24,0
BPS003,20110819,95.45,95.45,95.45,95.45,0
BPS003,20110822,96.03,96.03,96.03,96.03,0
BPS003,20110823,96.37,96.37,96.37,96.37,0
BPS003,20110824,96.29,96.29,96.29,96.29,0
BPS003,20110825,96.44,96.44,96.44,96.44,0
BPS003,20110826,96.46,96.46,96.46,96.46,0
BPS003,20110829,97.26,97.26,97.26,97.26,0
BPS003,20110830,97.78,97.78,97.78,97.78,0
BPS003,20110831,98.02,98.02,98.02,98.02,0
BPS003,20110901,97.35,97.35,97.35,97.35,0
BPS003,20110902,96.58,96.58,96.58,96.58,0
BPS003,20110905,95.49,95.49,95.49,95.49,0
BPS003,20110906,95.61,95.61,95.61,95.61,0
BPS003,20110907,96.72,96.72,96.72,96.72,0
BPS003,20110908,97.01,97.01,97.01,97.01,0
BPS003,20110909,95.96,95.96,95.96,95.96,0
BPS003,20110912,95.03,95.03,95.03,95.03,0
BPS003,20110913,95.25,95.25,95.25,95.25,0
BPS003,20110914,95.52,95.52,95.52,95.52,0
BPS003,20110915,96.19,96.19,96.19,96.19,0
BPS003,20110916,96.63,96.63,96.63,96.63,0
BPS003,20110919,96.19,96.19,96.19,96.19,0
BPS003,20110920,96.37,96.37,96.37,96.37,0
BPS003,20110921,96.21,96.21,96.21,96.21,0
BPS003,20110922,94.08,94.08,94.08,94.08,0
BPS003,20110923,93.85,93.85,93.85,93.85,0
BPS003,20110926,93.86,93.86,93.86,93.86,0
BPS003,20110927,94.75,94.75,94.75,94.75,0
BPS003,20110928,94.63,94.63,94.63,94.63,0
BPS003,20110929,94.62,94.62,94.62,94.62,0
BPS003,20110930,94.34,94.34,94.34,94.34,0
BPS003,20111003,93.90,93.90,93.90,93.90,0
BPS003,20111004,93.42,93.42,93.42,93.42,0
BPS003,20111005,93.91,93.91,93.91,93.91,0
BPS003,20111006,94.47,94.47,94.47,94.47,0
BPS003,20111007,94.73,94.73,94.73,94.73,0
BPS003,20111010,95.48,95.48,95.48,95.48,0
BPS003,20111011,95.51,95.51,95.51,95.51,0
BPS003,20111012,96.20,96.20,96.20,96.20,0
BPS003,20111013,95.93,95.93,95.93,95.93,0
BPS003,20111014,96.09,96.09,96.09,96.09,0
BPS003,20111017,95.73,95.73,95.73,95.73,0
BPS003,20111018,95.65,95.65,95.65,95.65,0
BPS003,20111019,95.57,95.57,95.57,95.57,0
BPS003,20111020,94.98,94.98,94.98,94.98,0
BPS003,20111021,95.58,95.58,95.58,95.58,0
BPS003,20111024,96.17,96.17,96.17,96.17,0
BPS003,20111025,96.02,96.02,96.02,96.02,0
BPS003,20111026,96.07,96.07,96.07,96.07,0
BPS003,20111027,96.61,96.61,96.61,96.61,0
BPS003,20111028,96.59,96.59,96.59,96.59,0
BPS003,20111031,96.33,96.33,96.33,96.33,0
BPS003,20111102,96.08,96.08,96.08,96.08,0
BPS003,20111103,96.42,96.42,96.42,96.42,0
BPS003,20111104,96.21,96.21,96.21,96.21,0
BPS003,20111107,96.27,96.27,96.27,96.27,0
BPS003,20111108,96.38,96.38,96.38,96.38,0
BPS003,20111109,95.68,95.68,95.68,95.68,0
BPS003,20111110,95.50,95.50,95.50,95.50,0
BPS003,20111114,95.91,95.91,95.91,95.91,0
BPS003,20111115,95.71,95.71,95.71,95.71,0
BPS003,20111116,96.00,96.00,96.00,96.00,0
BPS003,20111117,95.57,95.57,95.57,95.57,0
BPS003,20111118,95.43,95.43,95.43,95.43,0
BPS003,20111121,94.60,94.60,94.60,94.60,0
BPS003,20111122,94.84,94.84,94.84,94.84,0
BPS003,20111123,94.20,94.20,94.20,94.20,0
BPS003,20111124,94.20,94.20,94.20,94.20,0
BPS003,20111125,94.09,94.09,94.09,94.09,0
BPS003,20111128,94.55,94.55,94.55,94.55,0
BPS003,20111129,94.30,94.30,94.30,94.30,0
BPS003,20111130,95.67,95.67,95.67,95.67,0
BPS003,20111201,95.57,95.57,95.57,95.57,0
BPS003,20111202,95.70,95.70,95.70,95.70,0
BPS003,20111205,96.06,96.06,96.06,96.06,0
BPS003,20111206,95.52,95.52,95.52,95.52,0
BPS003,20111207,95.59,95.59,95.59,95.59,0
BPS003,20111208,95.12,95.12,95.12,95.12,0
BPS003,20111209,95.44,95.44,95.44,95.44,0
BPS003,20111212,94.78,94.78,94.78,94.78,0
BPS003,20111213,94.82,94.82,94.82,94.82,0
BPS003,20111214,94.77,94.77,94.77,94.77,0
BPS003,20111215,94.80,94.80,94.80,94.80,0
BPS003,20111216,94.33,94.33,94.33,94.33,0
BPS003,20111219,94.03,94.03,94.03,94.03,0
BPS003,20111220,94.41,94.41,94.41,94.41,0
BPS003,20111221,94.57,94.57,94.57,94.57,0
BPS003,20111222,94.55,94.55,94.55,94.55,0
BPS003,20111223,94.73,94.73,94.73,94.73,0
BPS003,20111227,94.72,94.72,94.72,94.72,0
BPS003,20111228,94.46,94.46,94.46,94.46,0
BPS003,20111229,94.68,94.68,94.68,94.68,0
BPS003,20111230,94.53,94.53,94.53,94.53,0
BPS003,20120102,95.13,95.13,95.13,95.13,0
BPS003,20120103,95.39,95.39,95.39,95.39,0
BPS003,20120104,95.19,95.19,95.19,95.19,0
BPS003,20120105,95.15,95.15,95.15,95.15,0
BPS003,20120109,94.81,94.81,94.81,94.81,0
BPS003,20120110,95.05,95.05,95.05,95.05,0
BPS003,20120111,94.93,94.93,94.93,94.93,0
BPS003,20120112,95.40,95.40,95.40,95.40,0
BPS003,20120113,95.35,95.35,95.35,95.35,0
BPS003,20120116,95.77,95.77,95.77,95.77,0
BPS003,20120117,96.29,96.29,96.29,96.29,0
BPS003,20120118,96.68,96.68,96.68,96.68,0
BPS003,20120119,96.86,96.86,96.86,96.86,0
BPS003,20120120,97.14,97.14,97.14,97.14,0
BPS003,20120123,97.23,97.23,97.23,97.23,0
BPS003,20120124,97.11,97.11,97.11,97.11,0
BPS003,20120125,96.99,96.99,96.99,96.99,0
BPS003,20120126,97.60,97.60,97.60,97.60,0
BPS003,20120127,97.74,97.74,97.74,97.74,0
BPS003,20120130,97.95,97.95,97.95,97.95,0
BPS003,20120131,98.51,98.51,98.51,98.51,0
BPS003,20120201,99.01,99.01,99.01,99.01,0
BPS003,20120202,99.04,99.04,99.04,99.04,0
BPS003,20120203,99.07,99.07,99.07,99.07,0
BPS003,20120206,99.27,99.27,99.27,99.27,0
BPS003,20120207,99.24,99.24,99.24,99.24,0
BPS003,20120208,99.37,99.37,99.37,99.37,0
BPS003,20120209,99.13,99.13,99.13,99.13,0
BPS003,20120210,98.63,98.63,98.63,98.63,0
BPS003,20120213,98.93,98.93,98.93,98.93,0
BPS003,20120214,98.83,98.83,98.83,98.83,0
BPS003,20120215,98.91,98.91,98.91,98.91,0
BPS003,20120216,98.67,98.67,98.67,98.67,0
BPS003,20120217,99.16,99.16,99.16,99.16,0
BPS003,20120220,99.13,99.13,99.13,99.13,0
BPS003,20120221,99.03,99.03,99.03,99.03,0
BPS003,20120222,98.80,98.80,98.80,98.80,0
BPS003,20120223,98.53,98.53,98.53,98.53,0
BPS003,20120224,98.71,98.71,98.71,98.71,0
BPS003,20120227,98.60,98.60,98.60,98.60,0
BPS003,20120228,98.68,98.68,98.68,98.68,0
BPS003,20120229,98.67,98.67,98.67,98.67,0
BPS003,20120301,98.72,98.72,98.72,98.72,0
BPS003,20120302,98.91,98.91,98.91,98.91,0
BPS003,20120305,98.48,98.48,98.48,98.48,0
BPS003,20120306,98.02,98.02,98.02,98.02,0
BPS003,20120307,98.25,98.25,98.25,98.25,0
BPS003,20120308,98.73,98.73,98.73,98.73,0
BPS003,20120309,98.87,98.87,98.87,98.87,0
BPS003,20120312,99.01,99.01,99.01,99.01,0
BPS003,20120313,99.07,99.07,99.07,99.07,0
BPS003,20120314,99.68,99.68,99.68,99.68,0
BPS003,20120315,99.82,99.82,99.82,99.82,0
BPS003,20120316,99.58,99.58,99.58,99.58,0
BPS003,20120319,99.46,99.46,99.46,99.46,0
BPS003,20120320,99.11,99.11,99.11,99.11,0
BPS003,20120321,99.04,99.04,99.04,99.04,0
BPS003,20120322,98.48,98.48,98.48,98.48,0
BPS003,20120323,98.83,98.83,98.83,98.83,0
BPS003,20120326,99.13,99.13,99.13,99.13,0
BPS003,20120327,99.37,99.37,99.37,99.37,0
BPS003,20120328,99.23,99.23,99.23,99.23,0
BPS003,20120329,98.71,98.71,98.71,98.71,0
BPS003,20120330,99.05,99.05,99.05,99.05,0
BPS003,20120402,99.47,99.47,99.47,99.47,0
BPS003,20120403,99.32,99.32,99.32,99.32,0
BPS003,20120404,98.88,98.88,98.88,98.88,0
BPS003,20120405,98.82,98.82,98.82,98.82,0
BPS003,20120410,98.29,98.29,98.29,98.29,0
BPS003,20120411,98.61,98.61,98.61,98.61,0
BPS003,20120412,98.97,98.97,98.97,98.97,0
BPS003,20120413,98.52,98.52,98.52,98.52,0
BPS003,20120416,98.55,98.55,98.55,98.55,0
BPS003,20120417,98.92,98.92,98.92,98.92,0
BPS003,20120418,98.63,98.63,98.63,98.63,0
BPS003,20120419,98.50,98.50,98.50,98.50,0
BPS003,20120420,98.38,98.38,98.38,98.38,0
BPS003,20120423,97.64,97.64,97.64,97.64,0
BPS003,20120424,97.84,97.84,97.84,97.84,0
BPS003,20120425,97.89,97.89,97.89,97.89,0
BPS003,20120426,98.16,98.16,98.16,98.16,0
BPS003,20120427,98.65,98.65,98.65,98.65,0
BPS003,20120430,98.62,98.62,98.62,98.62,0
BPS003,20120502,98.54,98.54,98.54,98.54,0
BPS003,20120504,98.37,98.37,98.37,98.37,0
BPS003,20120507,98.41,98.41,98.41,98.41,0
BPS003,20120508,97.85,97.85,97.85,97.85,0
BPS003,20120509,97.64,97.64,97.64,97.64,0
BPS003,20120510,97.92,97.92,97.92,97.92,0
BPS003,20120511,97.81,97.81,97.81,97.81,0
BPS003,20120514,97.19,97.19,97.19,97.19,0
BPS003,20120515,96.91,96.91,96.91,96.91,0
BPS003,20120516,96.88,96.88,96.88,96.88,0
BPS003,20120517,96.15,96.15,96.15,96.15,0
BPS003,20120518,96.23,96.23,96.23,96.23,0
BPS003,20120521,96.80,96.80,96.80,96.80,0
BPS003,20120522,96.93,96.93,96.93,96.93,0
BPS003,20120523,96.18,96.18,96.18,96.18,0
BPS003,20120524,96.06,96.06,96.06,96.06,0
BPS003,20120525,96.19,96.19,96.19,96.19,0
BPS003,20120528,96.36,96.36,96.36,96.36,0
BPS003,20120529,96.86,96.86,96.86,96.86,0
BPS003,20120530,96.64,96.64,96.64,96.64,0
BPS003,20120531,96.94,96.94,96.94,96.94,0
BPS003,20120601,96.51,96.51,96.51,96.51,0
BPS003,20120604,96.55,96.55,96.55,96.55,0
BPS003,20120605,96.14,96.14,96.14,96.14,0
BPS003,20120606,96.97,96.97,96.97,96.97,0
BPS003,20120608,97.69,97.69,97.69,97.69,0
BPS003,20120611,97.85,97.85,97.85,97.85,0
BPS003,20120612,98.46,98.46,98.46,98.46,0
BPS003,20120613,98.47,98.47,98.47,98.47,0
BPS003,20120614,98.28,98.28,98.28,98.28,0
BPS003,20120615,98.70,98.70,98.70,98.70,0
BPS003,20120618,98.64,98.64,98.64,98.64,0
BPS003,20120619,99.42,99.42,99.42,99.42,0
BPS003,20120620,99.36,99.36,99.36,99.36,0
BPS003,20120621,99.03,99.03,99.03,99.03,0
BPS003,20120622,99.04,99.04,99.04,99.04,0
BPS003,20120625,98.84,98.84,98.84,98.84,0
BPS003,20120626,99.34,99.34,99.34,99.34,0
BPS003,20120627,99.62,99.62,99.62,99.62,0
BPS003,20120628,98.98,98.98,98.98,98.98,0
BPS003,20120629,99.56,99.56,99.56,99.56,0
BPS003,20120702,99.49,99.49,99.49,99.49,0
BPS003,20120703,99.74,99.74,99.74,99.74,0
BPS003,20120704,99.72,99.72,99.72,99.72,0
BPS003,20120705,100.01,100.01,100.01,100.01,0
BPS003,20120706,99.93,99.93,99.93,99.93,0
BPS003,20120709,99.36,99.36,99.36,99.36,0
BPS003,20120710,99.44,99.44,99.44,99.44,0
BPS003,20120711,99.05,99.05,99.05,99.05,0
BPS003,20120712,98.97,98.97,98.97,98.97,0
BPS003,20120713,99.37,99.37,99.37,99.37,0
BPS003,20120716,99.39,99.39,99.39,99.39,0
BPS003,20120717,99.21,99.21,99.21,99.21,0
BPS003,20120718,99.21,99.21,99.21,99.21,0
BPS003,20120719,99.42,99.42,99.42,99.42,0
BPS003,20120720,99.06,99.06,99.06,99.06,0
BPS003,20120723,98.15,98.15,98.15,98.15,0
BPS003,20120724,98.35,98.35,98.35,98.35,0
BPS003,20120725,98.37,98.37,98.37,98.37,0
BPS003,20120726,98.42,98.42,98.42,98.42,0
BPS003,20120727,98.96,98.96,98.96,98.96,0
BPS003,20120730,99.36,99.36,99.36,99.36,0
BPS003,20120731,99.37,99.37,99.37,99.37,0
BPS003,20120801,99.32,99.32,99.32,99.32,0
BPS003,20120802,99.09,99.09,99.09,99.09,0
BPS003,20120803,99.70,99.70,99.70,99.70,0
BPS003,20120806,100.22,100.22,100.22,100.22,0
BPS003,20120807,100.19,100.19,100.19,100.19,0
BPS003,20120808,100.17,100.17,100.17,100.17,0
BPS003,20120809,100.80,100.80,100.80,100.80,0
BPS003,20120810,100.66,100.66,100.66,100.66,0
BPS003,20120813,100.66,100.66,100.66,100.66,0
BPS003,20120814,100.76,100.76,100.76,100.76,0
BPS003,20120816,101.06,101.06,101.06,101.06,0
BPS003,20120817,100.73,100.73,100.73,100.73,0
BPS003,20120820,100.51,100.51,100.51,100.51,0
BPS003,20120821,100.66,100.66,100.66,100.66,0
BPS003,20120822,100.47,100.47,100.47,100.47,0
BPS003,20120823,100.44,100.44,100.44,100.44,0
BPS003,20120824,100.54,100.54,100.54,100.54,0
BPS003,20120827,100.55,100.55,100.55,100.55,0
BPS003,20120828,100.41,100.41,100.41,100.41,0
BPS003,20120829,100.23,100.23,100.23,100.23,0
BPS003,20120830,100.29,100.29,100.29,100.29,0
BPS003,20120831,100.63,100.63,100.63,100.63,0
BPS003,20120903,100.75,100.75,100.75,100.75,0
BPS003,20120904,100.56,100.56,100.56,100.56,0
BPS003,20120905,100.65,100.65,100.65,100.65,0
BPS003,20120906,101.12,101.12,101.12,101.12,0
BPS003,20120907,101.55,101.55,101.55,101.55,0
BPS003,20120910,101.94,101.94,101.94,101.94,0
BPS003,20120911,102.17,102.17,102.17,102.17,0
BPS003,20120912,102.17,102.17,102.17,102.17,0
BPS003,20120913,102.20,102.20,102.20,102.20,0
BPS003,20120914,103.08,103.08,103.08,103.08,0
BPS003,20120917,102.99,102.99,102.99,102.99,0
BPS003,20120918,103.08,103.08,103.08,103.08,0
BPS003,20120919,103.29,103.29,103.29,103.29,0
BPS003,20120920,102.98,102.98,102.98,102.98,0
BPS003,20120921,102.90,102.90,102.90,102.90,0
BPS003,20120924,102.69,102.69,102.69,102.69,0
BPS003,20120925,102.89,102.89,102.89,102.89,0
BPS003,20120926,102.53,102.53,102.53,102.53,0
BPS003,20120927,102.90,102.90,102.90,102.90,0
BPS003,20120928,102.87,102.87,102.87,102.87,0
BPS003,20121001,103.28,103.28,103.28,103.28,0
BPS003,20121002,103.34,103.34,103.34,103.34,0
BPS003,20121003,103.23,103.23,103.23,103.23,0
BPS003,20121004,103.01,103.01,103.01,103.01,0
BPS003,20121005,103.53,103.53,103.53,103.53,0
BPS003,20121008,103.40,103.40,103.40,103.40,0
BPS003,20121009,103.13,103.13,103.13,103.13,0
BPS003,20121010,103.26,103.26,103.26,103.26,0
BPS003,20121011,103.24,103.24,103.24,103.24,0
BPS003,20121012,103.04,103.04,103.04,103.04,0
BPS003,20121015,103.19,103.19,103.19,103.19,0
BPS003,20121016,103.42,103.42,103.42,103.42,0
BPS003,20121017,103.51,103.51,103.51,103.51,0
BPS003,20121018,103.62,103.62,103.62,103.62,0
BPS003,20121019,102.96,102.96,102.96,102.96,0
BPS003,20121022,102.92,102.92,102.92,102.92,0
BPS003,20121023,102.31,102.31,102.31,102.31,0
BPS003,20121024,102.48,102.48,102.48,102.48,0
BPS003,20121025,102.63,102.63,102.63,102.63,0
BPS003,20121026,102.58,102.58,102.58,102.58,0
BPS003,20121029,102.50,102.50,102.50,102.50,0
BPS003,20121030,102.59,102.59,102.59,102.59,0
BPS003,20121031,102.58,102.58,102.58,102.58,0
BPS003,20121102,102.98,102.98,102.98,102.98,0
BPS003,20121105,103.01,103.01,103.01,103.01,0
BPS003,20121106,103.09,103.09,103.09,103.09,0
BPS003,20121107,102.87,102.87,102.87,102.87,0
BPS003,20121108,103.05,103.05,103.05,103.05,0
BPS003,20121109,102.70,102.70,102.70,102.70,0
BPS003,20121112,102.85,102.85,102.85,102.85,0
BPS003,20121113,103.02,103.02,103.02,103.02,0
BPS003,20121114,103.14,103.14,103.14,103.14,0
BPS003,20121115,103.07,103.07,103.07,103.07,0
BPS003,20121116,102.98,102.98,102.98,102.98,0
BPS003,20121119,103.56,103.56,103.56,103.56,0
BPS003,20121120,103.62,103.62,103.62,103.62,0
BPS003,20121121,103.46,103.46,103.46,103.46,0
BPS003,20121122,103.32,103.32,103.32,103.32,0
BPS003,20121123,103.58,103.58,103.58,103.58,0
BPS003,20121126,103.76,103.76,103.76,103.76,0
BPS003,20121127,103.81,103.81,103.81,103.81,0
BPS003,20121128,103.69,103.69,103.69,103.69,0
BPS003,20121129,103.84,103.84,103.84,103.84,0
BPS003,20121130,104.01,104.01,104.01,104.01,0
BPS003,20121203,104.24,104.24,104.24,104.24,0
BPS003,20121204,104.55,104.55,104.55,104.55,0
BPS003,20121205,104.91,104.91,104.91,104.91,0
BPS003,20121206,105.20,105.20,105.20,105.20,0
BPS003,20121207,104.67,104.67,104.67,104.67,0
BPS003,20121210,105.01,105.01,105.01,105.01,0
BPS003,20121211,105.64,105.64,105.64,105.64,0
BPS003,20121212,105.84,105.84,105.84,105.84,0
BPS003,20121213,105.83,105.83,105.83,105.83,0
BPS003,20121214,106.08,106.08,106.08,106.08,0
BPS003,20121217,106.24,106.24,106.24,106.24,0
BPS003,20121218,106.55,106.55,106.55,106.55,0
BPS003,20121219,107.04,107.04,107.04,107.04,0
BPS003,20121220,106.96,106.96,106.96,106.96,0
BPS003,20121221,106.92,106.92,106.92,106.92,0
BPS003,20121227,107.26,107.26,107.26,107.26,0
BPS003,20121228,107.29,107.29,107.29,107.29,0
BPS003,20130102,107.94,107.94,107.94,107.94,0
BPS003,20130103,107.87,107.87,107.87,107.87,0
BPS003,20130104,107.71,107.71,107.71,107.71,0
BPS003,20130107,107.37,107.37,107.37,107.37,0
BPS003,20130108,107.44,107.44,107.44,107.44,0
BPS003,20130109,106.98,106.98,106.98,106.98,0
BPS003,20130110,107.18,107.18,107.18,107.18,0
BPS003,20130111,106.87,106.87,106.87,106.87,0
BPS003,20130114,107.05,107.05,107.05,107.05,0
BPS003,20130115,106.71,106.71,106.71,106.71,0
BPS003,20130116,106.36,106.36,106.36,106.36,0
BPS003,20130117,107.05,107.05,107.05,107.05,0
BPS003,20130118,107.15,107.15,107.15,107.15,0
BPS003,20130121,107.37,107.37,107.37,107.37,0
BPS003,20130122,107.48,107.48,107.48,107.48,0
BPS003,20130123,107.40,107.40,107.40,107.40,0
BPS003,20130124,107.23,107.23,107.23,107.23,0
BPS003,20130125,107.34,107.34,107.34,107.34,0
BPS003,20130128,106.87,106.87,106.87,106.87,0
BPS003,20130129,106.71,106.71,106.71,106.71,0
BPS003,20130130,106.81,106.81,106.81,106.81,0
BPS003,20130131,106.47,106.47,106.47,106.47,0
BPS003,20130201,106.67,106.67,106.67,106.67,0
BPS003,20130204,106.81,106.81,106.81,106.81,0
BPS003,20130205,106.37,106.37,106.37,106.37,0
BPS003,20130206,106.23,106.23,106.23,106.23,0
BPS003,20130207,106.13,106.13,106.13,106.13,0
BPS003,20130208,106.24,106.24,106.24,106.24,0
BPS003,20130211,106.75,106.75,106.75,106.75,0
BPS003,20130212,106.48,106.48,106.48,106.48,0
BPS003,20130213,106.46,106.46,106.46,106.46,0
BPS003,20130214,106.29,106.29,106.29,106.29,0
BPS003,20130215,106.45,106.45,106.45,106.45,0
BPS003,20130218,106.95,106.95,106.95,106.95,0
BPS003,20130219,107.01,107.01,107.01,107.01,0
BPS003,20130220,106.82,106.82,106.82,106.82,0
BPS003,20130221,106.11,106.11,106.11,106.11,0
BPS003,20130222,106.39,106.39,106.39,106.39,0
BPS003,20130225,106.72,106.72,106.72,106.72,0
BPS003,20130226,106.48,106.48,106.48,106.48,0
BPS003,20130227,106.67,106.67,106.67,106.67,0
BPS003,20130228,106.85,106.85,106.85,106.85,0
BPS003,20130301,106.84,106.84,106.84,106.84,0
BPS003,20130304,106.96,106.96,106.96,106.96,0
BPS003,20130305,107.18,107.18,107.18,107.18,0
BPS003,20130306,107.55,107.55,107.55,107.55,0
BPS003,20130307,107.48,107.48,107.48,107.48,0
BPS003,20130308,107.57,107.57,107.57,107.57,0
BPS003,20130311,107.58,107.58,107.58,107.58,0
BPS003,20130312,107.51,107.51,107.51,107.51,0
BPS003,20130313,107.47,107.47,107.47,107.47,0
BPS003,20130314,107.72,107.72,107.72,107.72,0
BPS003,20130315,108.04,108.04,108.04,108.04,0
BPS003,20130318,107.34,107.34,107.34,107.34,0
BPS003,20130319,107.07,107.07,107.07,107.07,0
BPS003,20130320,107.12,107.12,107.12,107.12,0
BPS003,20130321,106.81,106.81,106.81,106.81,0
BPS003,20130322,106.12,106.12,106.12,106.12,0
BPS003,20130325,106.36,106.36,106.36,106.36,0
BPS003,20130326,105.51,105.51,105.51,105.51,0
BPS003,20130327,105.56,105.56,105.56,105.56,0
BPS003,20130328,106.21,106.21,106.21,106.21,0
BPS003,20130402,106.22,106.22,106.22,106.22,0
BPS003,20130403,106.09,106.09,106.09,106.09,0
BPS003,20130404,105.70,105.70,105.70,105.70,0
BPS003,20130405,105.66,105.66,105.66,105.66,0
BPS003,20130408,105.97,105.97,105.97,105.97,0
BPS003,20130409,105.82,105.82,105.82,105.82,0
BPS003,20130410,106.26,106.26,106.26,106.26,0
BPS003,20130411,106.35,106.35,106.35,106.35,0
BPS003,20130412,106.53,106.53,106.53,106.53,0
BPS003,20130415,105.91,105.91,105.91,105.91,0
BPS003,20130417,105.39,105.39,105.39,105.39,0
BPS003,20130418,105.04,105.04,105.04,105.04,0
BPS003,20130419,104.67,104.67,104.67,104.67,0
BPS003,20130422,104.85,104.85,104.85,104.85,0
BPS003,20130423,104.52,104.52,104.52,104.52,0
BPS003,20130424,104.52,104.52,104.52,104.52,0
BPS003,20130425,104.86,104.86,104.86,104.86,0
BPS003,20130426,105.13,105.13,105.13,105.13,0
BPS003,20130429,105.25,105.25,105.25,105.25,0
BPS003,20130430,105.04,105.04,105.04,105.04,0
BPS003,20130502,105.70,105.70,105.70,105.70,0
BPS003,20130506,105.75,105.75,105.75,105.75,0
BPS003,20130507,106.22,106.22,106.22,106.22,0
BPS003,20130508,106.28,106.28,106.28,106.28,0
BPS003,20130509,106.44,106.44,106.44,106.44,0
BPS003,20130510,106.21,106.21,106.21,106.21,0
BPS003,20130513,106.23,106.23,106.23,106.23,0
BPS003,20130514,106.65,106.65,106.65,106.65,0
BPS003,20130515,107.38,107.38,107.38,107.38,0
BPS003,20130516,107.43,107.43,107.43,107.43,0
BPS003,20130517,107.63,107.63,107.63,107.63,0
BPS003,20130520,107.87,107.87,107.87,107.87,0
BPS003,20130521,107.53,107.53,107.53,107.53,0
BPS003,20130522,107.17,107.17,107.17,107.17,0
BPS003,20130523,106.88,106.88,106.88,106.88,0
BPS003,20130524,107.12,107.12,107.12,107.12,0
BPS003,20130527,107.58,107.58,107.58,107.58,0
BPS003,20130528,108.75,108.75,108.75,108.75,0
BPS003,20130529,108.62,108.62,108.62,108.62,0
BPS003,20130531,108.68,108.68,108.68,108.68,0
BPS003,20130603,108.60,108.60,108.60,108.60,0
BPS003,20130604,108.62,108.62,108.62,108.62,0
BPS003,20130605,108.97,108.97,108.97,108.97,0
BPS003,20130606,109.04,109.04,109.04,109.04,0
BPS003,20130607,108.92,108.92,108.92,108.92,0
BPS003,20130610,109.81,109.81,109.81,109.81,0
BPS003,20130611,109.50,109.50,109.50,109.50,0
BPS003,20130612,109.68,109.68,109.68,109.68,0
BPS003,20130613,109.46,109.46,109.46,109.46,0
BPS003,20130614,109.54,109.54,109.54,109.54,0
BPS003,20130617,109.43,109.43,109.43,109.43,0
BPS003,20130618,109.39,109.39,109.39,109.39,0
BPS003,20130619,109.52,109.52,109.52,109.52,0
BPS003,20130620,108.00,108.00,108.00,108.00,0
BPS003,20130621,107.03,107.03,107.03,107.03,0
BPS003,20130624,106.26,106.26,106.26,106.26,0
BPS003,20130625,106.76,106.76,106.76,106.76,0
BPS003,20130626,106.32,106.32,106.32,106.32,0
BPS003,20130627,106.44,106.44,106.44,106.44,0
BPS003,20130628,105.72,105.72,105.72,105.72,0
BPS003,20130701,106.45,106.45,106.45,106.45,0
BPS003,20130702,106.59,106.59,106.59,106.59,0
BPS003,20130703,106.69,106.69,106.69,106.69,0
BPS003,20130704,106.82,106.82,106.82,106.82,0
BPS003,20130705,106.95,106.95,106.95,106.95,0
BPS003,20130708,106.30,106.30,106.30,106.30,0
BPS003,20130709,105.89,105.89,105.89,105.89,0
BPS003,20130710,106.18,106.18,106.18,106.18,0
BPS003,20130711,107.24,107.24,107.24,107.24,0
BPS003,20130712,107.94,107.94,107.94,107.94,0
BPS003,20130715,107.90,107.90,107.90,107.90,0
BPS003,20130716,108.05,108.05,108.05,108.05,0
BPS003,20130717,108.00,108.00,108.00,108.00,0
BPS003,20130718,107.75,107.75,107.75,107.75,0
BPS003,20130719,108.12,108.12,108.12,108.12,0
BPS003,20130722,108.46,108.46,108.46,108.46,0
BPS003,20130723,108.40,108.40,108.40,108.40,0
BPS003,20130724,108.60,108.60,108.60,108.60,0
BPS003,20130725,108.30,108.30,108.30,108.30,0
BPS003,20130726,108.13,108.13,108.13,108.13,0
BPS003,20130729,107.90,107.90,107.90,107.90,0
BPS003,20130730,107.91,107.91,107.91,107.91,0
BPS003,20130731,108.24,108.24,108.24,108.24,0
BPS003,20130801,108.86,108.86,108.86,108.86,0
BPS003,20130802,109.60,109.60,109.60,109.60,0
BPS003,20130805,109.84,109.84,109.84,109.84,0
BPS003,20130806,109.80,109.80,109.80,109.80,0
BPS003,20130807,109.61,109.61,109.61,109.61,0
BPS003,20130808,110.52,110.52,110.52,110.52,0
BPS003,20130809,110.13,110.13,110.13,110.13,0
BPS003,20130812,110.42,110.42,110.42,110.42,0
BPS003,20130813,111.06,111.06,111.06,111.06,0
BPS003,20130814,111.42,111.42,111.42,111.42,0
BPS003,20130816,111.38,111.38,111.38,111.38,0
BPS003,20130819,110.78,110.78,110.78,110.78,0
BPS003,20130820,110.60,110.60,110.60,110.60,0
BPS003,20130821,110.84,110.84,110.84,110.84,0
BPS003,20130822,111.08,111.08,111.08,111.08,0
BPS003,20130823,111.45,111.45,111.45,111.45,0
BPS003,20130826,111.59,111.59,111.59,111.59,0
BPS003,20130827,110.69,110.69,110.69,110.69,0
BPS003,20130828,110.27,110.27,110.27,110.27,0
BPS003,20130829,110.38,110.38,110.38,110.38,0
BPS003,20130830,110.21,110.21,110.21,110.21,0
BPS003,20130902,110.89,110.89,110.89,110.89,0
BPS003,20130903,110.60,110.60,110.60,110.60,0
BPS003,20130904,110.37,110.37,110.37,110.37,0
BPS003,20130905,108.44,108.44,108.44,108.44,0
BPS003,20130906,108.44,108.44,108.44,108.44,0
BPS003,20130909,109.13,109.13,109.13,109.13,0
BPS003,20130910,110.70,110.70,110.70,110.70,0
BPS003,20130911,110.71,110.71,110.71,110.71,0
BPS003,20130912,111.28,111.28,111.28,111.28,0
BPS003,20130913,111.59,111.59,111.59,111.59,0
BPS003,20130916,111.58,111.58,111.58,111.58,0
BPS003,20130917,111.17,111.17,111.17,111.17,0
BPS003,20130918,111.35,111.35,111.35,111.35,0
BPS003,20130919,112.12,112.12,112.12,112.12,0
BPS003,20130920,111.93,111.93,111.93,111.93,0
BPS003,20130923,112.00,112.00,112.00,112.00,0
BPS003,20130924,111.73,111.73,111.73,111.73,0
BPS003,20130925,111.58,111.58,111.58,111.58,0
BPS003,20130926,112.07,112.07,112.07,112.07,0
BPS003,20130927,112.13,112.13,112.13,112.13,0
BPS003,20130930,111.76,111.76,111.76,111.76,0
BPS003,20131001,111.52,111.52,111.52,111.52,0
BPS003,20131002,111.67,111.67,111.67,111.67,0
BPS003,20131003,112.12,112.12,112.12,112.12,0
BPS003,20131004,111.84,111.84,111.84,111.84,0
BPS003,20131007,111.57,111.57,111.57,111.57,0
BPS003,20131008,111.74,111.74,111.74,111.74,0
BPS003,20131009,111.75,111.75,111.75,111.75,0
BPS003,20131010,112.53,112.53,112.53,112.53,0
BPS003,20131011,113.55,113.55,113.55,113.55,0
BPS003,20131014,113.47,113.47,113.47,113.47,0
BPS003,20131015,114.24,114.24,114.24,114.24,0
BPS003,20131016,113.93,113.93,113.93,113.93,0
BPS003,20131017,113.85,113.85,113.85,113.85,0
BPS003,20131018,113.14,113.14,113.14,113.14,0
BPS003,20131021,114.01,114.01,114.01,114.01,0
BPS003,20131022,114.22,114.22,114.22,114.22,0
BPS003,20131023,114.19,114.19,114.19,114.19,0
BPS003,20131024,114.41,114.41,114.41,114.41,0
BPS003,20131025,114.44,114.44,114.44,114.44,0
BPS003,20131028,114.78,114.78,114.78,114.78,0
BPS003,20131029,114.89,114.89,114.89,114.89,0
BPS003,20131030,114.89,114.89,114.89,114.89,0
BPS003,20131031,114.29,114.29,114.29,114.29,0
BPS003,20131104,114.26,114.26,114.26,114.26,0
BPS003,20131105,114.50,114.50,114.50,114.50,0
BPS003,20131106,114.10,114.10,114.10,114.10,0
BPS003,20131107,114.34,114.34,114.34,114.34,0
BPS003,20131108,113.99,113.99,113.99,113.99,0
BPS003,20131112,114.26,114.26,114.26,114.26,0
BPS003,20131113,113.55,113.55,113.55,113.55,0
BPS003,20131114,113.91,113.91,113.91,113.91,0
BPS003,20131115,114.31,114.31,114.31,114.31,0
BPS003,20131118,114.64,114.64,114.64,114.64,0
BPS003,20131119,115.05,115.05,115.05,115.05,0
BPS003,20131120,114.88,114.88,114.88,114.88,0
BPS003,20131121,114.78,114.78,114.78,114.78,0
BPS003,20131122,115.10,115.10,115.10,115.10,0
BPS003,20131125,115.67,115.67,115.67,115.67,0
BPS003,20131126,115.20,115.20,115.20,115.20,0
BPS003,20131127,114.78,114.78,114.78,114.78,0
BPS003,20131128,114.58,114.58,114.58,114.58,0
BPS003,20131129,114.60,114.60,114.60,114.60,0
BPS003,20131202,114.65,114.65,114.65,114.65,0
BPS003,20131203,113.63,113.63,113.63,113.63,0
BPS003,20131204,113.46,113.46,113.46,113.46,0
BPS003,20131205,113.21,113.21,113.21,113.21,0
BPS003,20131206,113.27,113.27,113.27,113.27,0
BPS003,20131209,113.73,113.73,113.73,113.73,0
BPS003,20131210,113.77,113.77,113.77,113.77,0
BPS003,20131211,113.55,113.55,113.55,113.55,0
BPS003,20131212,112.79,112.79,112.79,112.79,0
BPS003,20131213,112.72,112.72,112.72,112.72,0
BPS003,20131216,112.57,112.57,112.57,112.57,0
BPS003,20131217,112.16,112.16,112.16,112.16,0
BPS003,20131218,111.89,111.89,111.89,111.89,0
BPS003,20131219,112.10,112.10,112.10,112.10,0
BPS003,20131220,111.69,111.69,111.69,111.69,0
BPS003,20131223,112.25,112.25,112.25,112.25,0
BPS003,20131227,112.22,112.22,112.22,112.22,0
BPS003,20131230,112.20,112.20,112.20,112.20,0
BPS003,20140102,112.70,112.70,112.70,112.70,0
BPS003,20140103,112.77,112.77,112.77,112.77,0
BPS003,20140107,111.88,111.88,111.88,111.88,0
BPS003,20140108,111.72,111.72,111.72,111.72,0
BPS003,20140109,111.64,111.64,111.64,111.64,0
BPS003,20140110,110.87,110.87,110.87,110.87,0
BPS003,20140113,111.82,111.82,111.82,111.82,0
BPS003,20140114,111.73,111.73,111.73,111.73,0
BPS003,20140115,112.18,112.18,112.18,112.18,0
BPS003,20140116,112.33,112.33,112.33,112.33,0
BPS003,20140117,112.17,112.17,112.17,112.17,0
BPS003,20140120,111.98,111.98,111.98,111.98,0
BPS003,20140121,112.55,112.55,112.55,112.55,0
BPS003,20140122,113.01,113.01,113.01,113.01,0
BPS003,20140123,113.04,113.04,113.04,113.04,0
BPS003,20140124,112.23,112.23,112.23,112.23,0
BPS003,20140127,111.17,111.17,111.17,111.17,0
BPS003,20140128,111.56,111.56,111.56,111.56,0
BPS003,20140129,111.82,111.82,111.82,111.82,0
BPS003,20140130,111.01,111.01,111.01,111.01,0
BPS003,20140131,111.77,111.77,111.77,111.77,0
BPS003,20140203,112.14,112.14,112.14,112.14,0
BPS003,20140204,111.84,111.84,111.84,111.84,0
BPS003,20140205,112.14,112.14,112.14,112.14,0
BPS003,20140206,113.01,113.01,113.01,113.01,0
BPS003,20140207,113.21,113.21,113.21,113.21,0
BPS003,20140210,113.36,113.36,113.36,113.36,0
BPS003,20140211,113.49,113.49,113.49,113.49,0
BPS003,20140212,114.08,114.08,114.08,114.08,0
BPS003,20140213,114.02,114.02,114.02,114.02,0
BPS003,20140214,114.22,114.22,114.22,114.22,0
BPS003,20140217,114.52,114.52,114.52,114.52,0
BPS003,20140218,114.31,114.31,114.31,114.31,0
BPS003,20140219,114.01,114.01,114.01,114.01,0
BPS003,20140220,113.77,113.77,113.77,113.77,0
BPS003,20140221,114.20,114.20,114.20,114.20,0
BPS003,20140224,114.76,114.76,114.76,114.76,0
BPS003,20140225,115.03,115.03,115.03,115.03,0
BPS003,20140226,114.67,114.67,114.67,114.67,0
BPS003,20140227,114.05,114.05,114.05,114.05,0
BPS003,20140228,114.68,114.68,114.68,114.68,0
BPS003,20140303,113.15,113.15,113.15,113.15,0
BPS003,20140304,113.65,113.65,113.65,113.65,0
BPS003,20140305,114.08,114.08,114.08,114.08,0
BPS003,20140306,113.94,113.94,113.94,113.94,0
BPS003,20140307,113.90,113.90,113.90,113.90,0
BPS003,20140310,113.12,113.12,113.12,113.12,0
BPS003,20140311,112.75,112.75,112.75,112.75,0
BPS003,20140312,112.36,112.36,112.36,112.36,0
BPS003,20140313,112.16,112.16,112.16,112.16,0
BPS003,20140314,110.68,110.68,110.68,110.68,0
BPS003,20140317,111.68,111.68,111.68,111.68,0
BPS003,20140318,111.97,111.97,111.97,111.97,0
BPS003,20140319,112.02,112.02,112.02,112.02,0
BPS003,20140320,111.89,111.89,111.89,111.89,0
BPS003,20140321,112.31,112.31,112.31,112.31,0
BPS003,20140324,112.02,112.02,112.02,112.02,0
BPS003,20140325,112.44,112.44,112.44,112.44,0
BPS003,20140326,113.23,113.23,113.23,113.23,0
BPS003,20140327,113.03,113.03,113.03,113.03,0
BPS003,20140328,113.15,113.15,113.15,113.15,0
BPS003,20140331,113.59,113.59,113.59,113.59,0
BPS003,20140401,114.07,114.07,114.07,114.07,0
BPS003,20140402,114.40,114.40,114.40,114.40,0
BPS003,20140403,114.29,114.29,114.29,114.29,0
BPS003,20140404,113.84,113.84,113.84,113.84,0
BPS003,20140407,113.93,113.93,113.93,113.93,0
BPS003,20140408,113.74,113.74,113.74,113.74,0
BPS003,20140409,114.18,114.18,114.18,114.18,0
BPS003,20140410,114.18,114.18,114.18,114.18,0
BPS003,20140411,113.67,113.67,113.67,113.67,0
BPS003,20140414,113.31,113.31,113.31,113.31,0
BPS003,20140415,113.19,113.19,113.19,113.19,0
BPS003,20140416,112.78,112.78,112.78,112.78,0
BPS003,20140417,112.94,112.94,112.94,112.94,0
BPS003,20140422,113.60,113.60,113.60,113.60,0
BPS003,20140423,113.72,113.72,113.72,113.72,0
BPS003,20140424,113.77,113.77,113.77,113.77,0
BPS003,20140425,113.28,113.28,113.28,113.28,0
BPS003,20140428,113.33,113.33,113.33,113.33,0
BPS003,20140429,113.39,113.39,113.39,113.39,0
BPS003,20140430,113.55,113.55,113.55,113.55,0
BPS003,20140502,113.20,113.20,113.20,113.20,0
BPS003,20140505,112.95,112.95,112.95,112.95,0
BPS003,20140506,112.85,112.85,112.85,112.85,0
BPS003,20140507,112.00,112.00,112.00,112.00,0
BPS003,20140508,112.56,112.56,112.56,112.56,0
BPS003,20140509,112.42,112.42,112.42,112.42,0
BPS003,20140512,112.09,112.09,112.09,112.09,0
BPS003,20140513,112.72,112.72,112.72,112.72,0
BPS003,20140514,112.79,112.79,112.79,112.79,0
BPS003,20140515,112.92,112.92,112.92,112.92,0
BPS003,20140516,112.30,112.30,112.30,112.30,0
BPS003,20140519,112.39,112.39,112.39,112.39,0
BPS003,20140520,112.83,112.83,112.83,112.83,0
BPS003,20140521,112.90,112.90,112.90,112.90,0
BPS003,20140522,113.33,113.33,113.33,113.33,0
BPS003,20140523,114.01,114.01,114.01,114.01,0
BPS003,20140526,114.01,114.01,114.01,114.01,0
BPS003,20140527,113.98,113.98,113.98,113.98,0
BPS003,20140528,113.74,113.74,113.74,113.74,0
BPS003,20140529,113.78,113.78,113.78,113.78,0
BPS003,20140530,113.85,113.85,113.85,113.85,0
BPS003,20140602,113.69,113.69,113.69,113.69,0
BPS003,20140603,114.09,114.09,114.09,114.09,0
BPS003,20140604,113.70,113.70,113.70,113.70,0
BPS003,20140605,114.36,114.36,114.36,114.36,0
BPS003,20140606,114.40,114.40,114.40,114.40,0
BPS003,20140609,114.96,114.96,114.96,114.96,0
BPS003,20140610,114.81,114.81,114.81,114.81,0
BPS003,20140611,114.64,114.64,114.64,114.64,0
BPS003,20140612,114.42,114.42,114.42,114.42,0
BPS003,20140613,114.26,114.26,114.26,114.26,0
BPS003,20140616,114.39,114.39,114.39,114.39,0
BPS003,20140617,114.76,114.76,114.76,114.76,0
BPS003,20140618,114.95,114.95,114.95,114.95,0
BPS003,20140620,115.05,115.05,115.05,115.05,0
BPS003,20140623,115.08,115.08,115.08,115.08,0
BPS003,20140624,114.93,114.93,114.93,114.93,0
BPS003,20140625,114.48,114.48,114.48,114.48,0
BPS003,20140626,113.97,113.97,113.97,113.97,0
BPS003,20140627,113.66,113.66,113.66,113.66,0
BPS003,20140630,113.62,113.62,113.62,113.62,0
BPS003,20140701,113.82,113.82,113.82,113.82,0
BPS003,20140702,113.29,113.29,113.29,113.29,0
BPS003,20140703,112.94,112.94,112.94,112.94,0
BPS003,20140704,113.05,113.05,113.05,113.05,0
BPS003,20140707,113.19,113.19,113.19,113.19,0
BPS003,20140708,113.23,113.23,113.23,113.23,0
BPS003,20140709,112.92,112.92,112.92,112.92,0
BPS003,20140710,112.53,112.53,112.53,112.53,0
BPS003,20140711,113.02,113.02,113.02,113.02,0
BPS003,20140714,113.58,113.58,113.58,113.58,0
BPS003,20140715,113.57,113.57,113.57,113.57,0
BPS003,20140716,113.85,113.85,113.85,113.85,0
BPS003,20140717,113.43,113.43,113.43,113.43,0
BPS003,20140718,113.45,113.45,113.45,113.45,0
BPS003,20140721,113.31,113.31,113.31,113.31,0
BPS003,20140722,113.48,113.48,113.48,113.48,0
BPS003,20140723,113.71,113.71,113.71,113.71,0
BPS003,20140724,113.71,113.71,113.71,113.71,0
BPS003,20140725,113.69,113.69,113.69,113.69,0
BPS003,20140728,113.76,113.76,113.76,113.76,0
BPS003,20140729,113.38,113.38,113.38,113.38,0
BPS003,20140730,112.75,112.75,112.75,112.75,0
BPS003,20140731,112.32,112.32,112.32,112.32,0
BPS003,20140801,111.64,111.64,111.64,111.64,0
BPS003,20140804,112.85,112.85,112.85,112.85,0
BPS003,20140805,113.53,113.53,113.53,113.53,0
BPS003,20140806,112.89,112.89,112.89,112.89,0
BPS003,20140807,112.46,112.46,112.46,112.46,0
BPS003,20140808,111.82,111.82,111.82,111.82,0
BPS003,20140811,112.48,112.48,112.48,112.48,0
BPS003,20140812,112.77,112.77,112.77,112.77,0
BPS003,20140813,112.87,112.87,112.87,112.87,0
BPS003,20140814,113.12,113.12,113.12,113.12,0
BPS003,20140818,113.81,113.81,113.81,113.81,0
BPS003,20140819,114.44,114.44,114.44,114.44,0
BPS003,20140821,114.59,114.59,114.59,114.59,0
BPS003,20140822,114.24,114.24,114.24,114.24,0
BPS003,20140825,114.36,114.36,114.36,114.36,0
BPS003,20140826,114.51,114.51,114.51,114.51,0
BPS003,20140827,115.17,115.17,115.17,115.17,0
BPS003,20140828,114.29,114.29,114.29,114.29,0
BPS003,20140829,114.05,114.05,114.05,114.05,0
BPS003,20140902,114.21,114.21,114.21,114.21,0
BPS003,20140903,115.17,115.17,115.17,115.17,0
BPS003,20140904,115.68,115.68,115.68,115.68,0
BPS003,20140905,115.96,115.96,115.96,115.96,0
BPS003,20140908,116.23,116.23,116.23,116.23,0
BPS003,20140909,116.30,116.30,116.30,116.30,0
BPS003,20140910,116.23,116.23,116.23,116.23,0
BPS003,20140911,115.78,115.78,115.78,115.78,0
BPS003,20140919,117.08,117.08,117.08,117.08,0
BPS003,20140922,117.21,117.21,117.21,117.21,0
BPS003,20140923,116.58,116.58,116.58,116.58,0
BPS003,20140924,116.45,116.45,116.45,116.45,0
BPS003,20140925,116.67,116.67,116.67,116.67,0
BPS003,20140926,116.00,116.00,116.00,116.00,0
BPS003,20140930,116.45,116.45,116.45,116.45,0
BPS003,20141001,116.17,116.17,116.17,116.17,0
BPS003,20141002,115.23,115.23,115.23,115.23,0
BPS003,20141003,115.46,115.46,115.46,115.46,0
BPS003,20141007,115.43,115.43,115.43,115.43,0
BPS003,20141008,114.90,114.90,114.90,114.90,0
BPS003,20141009,115.15,115.15,115.15,115.15,0
BPS003,20141010,114.26,114.26,114.26,114.26,0
BPS003,20141013,114.31,114.31,114.31,114.31,0
BPS003,20141014,113.93,113.93,113.93,113.93,0
BPS003,20141015,114.34,114.34,114.34,114.34,0
BPS003,20141016,113.58,113.58,113.58,113.58,0
BPS003,20141017,114.03,114.03,114.03,114.03,0
BPS003,20141020,114.15,114.15,114.15,114.15,0
BPS003,20141021,114.21,114.21,114.21,114.21,0
BPS003,20141022,114.79,114.79,114.79,114.79,0
BPS003,20141023,114.89,114.89,114.89,114.89,0
BPS003,20141027,114.65,114.65,114.65,114.65,0
BPS003,20141028,114.84,114.84,114.84,114.84,0
BPS003,20141029,114.98,114.98,114.98,114.98,0
BPS003,20141030,114.65,114.65,114.65,114.65,0
BPS003,20141031,115.10,115.10,115.10,115.10,0
BPS003,20141103,115.14,115.14,115.14,115.14,0
BPS003,20141104,115.31,115.31,115.31,115.31,0
BPS003,20141105,115.10,115.10,115.10,115.10,0
BPS003,20141106,115.09,115.09,115.09,115.09,0
BPS003,20141107,114.86,114.86,114.86,114.86,0
BPS003,20141110,114.61,114.61,114.61,114.61,0
BPS003,20141112,114.60,114.60,114.60,114.60,0
BPS003,20141113,114.62,114.62,114.62,114.62,0
BPS003,20141114,114.34,114.34,114.34,114.34,0
BPS003,20141117,114.66,114.66,114.66,114.66,0
BPS003,20141118,114.92,114.92,114.92,114.92,0
BPS003,20141119,114.97,114.97,114.97,114.97,0
BPS003,20141120,114.65,114.65,114.65,114.65,0
BPS003,20141121,114.75,114.75,114.75,114.75,0
BPS003,20141124,115.19,115.19,115.19,115.19,0
BPS003,20141125,114.83,114.83,114.83,114.83,0
BPS003,20141126,114.95,114.95,114.95,114.95,0
BPS003,20141127,115.15,115.15,115.15,115.15,0
BPS003,20141128,115.21,115.21,115.21,115.21,0
BPS003,20141201,114.84,114.84,114.84,114.84,0
BPS003,20141202,115.08,115.08,115.08,115.08,0
BPS003,20141203,115.60,115.60,115.60,115.60,0
BPS003,20141204,115.71,115.71,115.71,115.71,0
BPS003,20141205,115.41,115.41,115.41,115.41,0
BPS003,20141208,115.14,115.14,115.14,115.14,0
BPS003,20141209,114.89,114.89,114.89,114.89,0
BPS003,20141210,114.67,114.67,114.67,114.67,0
BPS003,20141211,114.24,114.24,114.24,114.24,0
BPS003,20141212,114.10,114.10,114.10,114.10,0
BPS003,20141215,114.08,114.08,114.08,114.08,0
BPS003,20141216,113.11,113.11,113.11,113.11,0
BPS003,20141217,112.86,112.86,112.86,112.86,0
BPS003,20141218,113.53,113.53,113.53,113.53,0
BPS003,20141219,113.49,113.49,113.49,113.49,0
BPS003,20141222,113.36,113.36,113.36,113.36,0
BPS003,20141223,113.60,113.60,113.60,113.60,0
BPS003,20141229,113.06,113.06,113.06,113.06,0
BPS003,20141230,113.37,113.37,113.37,113.37,0
BPS003,20150102,113.47,113.47,113.47,113.47,0
BPS003,20150105,113.29,113.29,113.29,113.29,0
BPS003,20150107,113.33,113.33,113.33,113.33,0
BPS003,20150108,114.41,114.41,114.41,114.41,0
BPS003,20150109,114.59,114.59,114.59,114.59,0
BPS003,20150112,114.53,114.53,114.53,114.53,0
BPS003,20150113,114.64,114.64,114.64,114.64,0
BPS003,20150114,114.26,114.26,114.26,114.26,0
BPS003,20150115,113.17,113.17,113.17,113.17,0
BPS003,20150116,112.83,112.83,112.83,112.83,0
BPS003,20150119,112.84,112.84,112.84,112.84,0
BPS003,20150120,113.14,113.14,113.14,113.14,0
BPS003,20150121,113.22,113.22,113.22,113.22,0
BPS003,20150122,113.53,113.53,113.53,113.53,0
BPS003,20150123,114.13,114.13,114.13,114.13,0
BPS003,20150126,113.84,113.84,113.84,113.84,0
BPS003,20150127,114.23,114.23,114.23,114.23,0
BPS003,20150128,113.95,113.95,113.95,113.95,0
BPS003,20150129,114.33,114.33,114.33,114.33,0
BPS003,20150130,114.51,114.51,114.51,114.51,0
BPS003,20150202,114.73,114.73,114.73,114.73,0
BPS003,20150203,114.72,114.72,114.72,114.72,0
BPS003,20150204,114.41,114.41,114.41,114.41,0
BPS003,20150205,114.33,114.33,114.33,114.33,0
BPS003,20150206,114.38,114.38,114.38,114.38,0
BPS003,20150209,114.37,114.37,114.37,114.37,0
BPS003,20150210,114.35,114.35,114.35,114.35,0
BPS003,20150211,114.10,114.10,114.10,114.10,0
BPS003,20150212,114.13,114.13,114.13,114.13,0
BPS003,20150213,114.39,114.39,114.39,114.39,0
BPS003,20150216,114.84,114.84,114.84,114.84,0
BPS003,20150217,114.98,114.98,114.98,114.98,0
BPS003,20150218,114.82,114.82,114.82,114.82,0
BPS003,20150219,114.69,114.69,114.69,114.69,0
BPS003,20150220,114.45,114.45,114.45,114.45,0
BPS003,20150223,114.56,114.56,114.56,114.56,0
BPS003,20150224,114.63,114.63,114.63,114.63,0
BPS003,20150225,114.70,114.70,114.70,114.70,0
BPS003,20150226,114.67,114.67,114.67,114.67,0
BPS003,20150227,114.89,114.89,114.89,114.89,0
BPS003,20150302,114.85,114.85,114.85,114.85,0
BPS003,20150303,114.68,114.68,114.68,114.68,0
BPS003,20150304,114.17,114.17,114.17,114.17,0
BPS003,20150305,114.77,114.77,114.77,114.77,0
BPS003,20150306,114.81,114.81,114.81,114.81,0
BPS003,20150309,114.55,114.55,114.55,114.55,0
BPS003,20150310,114.34,114.34,114.34,114.34,0
BPS003,20150311,114.32,114.32,114.32,114.32,0
BPS003,20150312,114.35,114.35,114.35,114.35,0
BPS003,20150313,114.26,114.26,114.26,114.26,0
BPS003,20150316,114.13,114.13,114.13,114.13,0
BPS003,20150317,114.37,114.37,114.37,114.37,0
BPS003,20150318,114.50,114.50,114.50,114.50,0
BPS003,20150319,114.97,114.97,114.97,114.97,0
BPS003,20150320,115.20,115.20,115.20,115.20,0
BPS003,20150323,115.98,115.98,115.98,115.98,0
BPS003,20150324,116.10,116.10,116.10,116.10,0
BPS003,20150325,116.00,116.00,116.00,116.00,0
BPS003,20150326,115.60,115.60,115.60,115.60,0
BPS003,20150327,115.53,115.53,115.53,115.53,0
BPS003,20150330,115.85,115.85,115.85,115.85,0
BPS003,20150331,115.79,115.79,115.79,115.79,0
BPS003,20150401,115.96,115.96,115.96,115.96,0
BPS003,20150402,116.03,116.03,116.03,116.03,0
BPS003,20150407,116.54,116.54,116.54,116.54,0
BPS003,20150408,116.74,116.74,116.74,116.74,0
BPS003,20150409,116.76,116.76,116.76,116.76,0
BPS003,20150410,117.10,117.10,117.10,117.10,0
BPS003,20150413,116.90,116.90,116.90,116.90,0
BPS003,20150414,116.74,116.74,116.74,116.74,0
BPS003,20150415,117.17,117.17,117.17,117.17,0
BPS003,20150416,117.39,117.39,117.39,117.39,0
BPS003,20150417,117.81,117.81,117.81,117.81,0
BPS003,20150420,117.38,117.38,117.38,117.38,0
BPS003,20150421,117.88,117.88,117.88,117.88,0
BPS003,20150422,117.51,117.51,117.51,117.51,0
BPS003,20150423,117.49,117.49,117.49,117.49,0
BPS003,20150424,117.57,117.57,117.57,117.57,0
BPS003,20150427,118.05,118.05,118.05,118.05,0
BPS003,20150428,117.90,117.90,117.90,117.90,0
BPS003,20150429,117.75,117.75,117.75,117.75,0
BPS003,20150430,117.58,117.58,117.58,117.58,0
BPS003,20150504,117.78,117.78,117.78,117.78,0
BPS003,20150505,117.73,117.73,117.73,117.73,0
BPS003,20150506,117.51,117.51,117.51,117.51,0
BPS003,20150507,117.34,117.34,117.34,117.34,0
BPS003,20150508,118.18,118.18,118.18,118.18,0
BPS003,20150511,118.39,118.39,118.39,118.39,0
BPS003,20150512,117.79,117.79,117.79,117.79,0
BPS003,20150513,117.97,117.97,117.97,117.97,0
BPS003,20150514,117.79,117.79,117.79,117.79,0
BPS003,20150515,117.73,117.73,117.73,117.73,0
BPS003,20150518,117.64,117.64,117.64,117.64,0
BPS003,20150519,117.82,117.82,117.82,117.82,0
BPS003,20150520,117.32,117.32,117.32,117.32,0
BPS003,20150521,117.50,117.50,117.50,117.50,0
BPS003,20150522,117.47,117.47,117.47,117.47,0
BPS003,20150525,116.81,116.81,116.81,116.81,0
BPS003,20150526,116.42,116.42,116.42,116.42,0
BPS003,20150527,116.35,116.35,116.35,116.35,0
BPS003,20150528,116.48,116.48,116.48,116.48,0
BPS003,20150529,116.36,116.36,116.36,116.36,0
BPS003,20150601,116.13,116.13,116.13,116.13,0
BPS003,20150602,115.91,115.91,115.91,115.91,0
BPS003,20150603,115.82,115.82,115.82,115.82,0
BPS003,20150605,115.23,115.23,115.23,115.23,0
BPS003,20150608,115.05,115.05,115.05,115.05,0
BPS003,20150609,114.71,114.71,114.71,114.71,0
BPS003,20150610,114.87,114.87,114.87,114.87,0
BPS003,20150611,114.96,114.96,114.96,114.96,0
BPS003,20150612,114.94,114.94,114.94,114.94,0
BPS003,20150615,114.76,114.76,114.76,114.76,0
BPS003,20150616,114.29,114.29,114.29,114.29,0
BPS003,20150617,114.52,114.52,114.52,114.52,0
BPS003,20150618,113.70,113.70,113.70,113.70,0
BPS003,20150619,114.16,114.16,114.16,114.16,0
BPS003,20150622,114.40,114.40,114.40,114.40,0
BPS003,20150623,114.78,114.78,114.78,114.78,0
BPS003,20150624,114.61,114.61,114.61,114.61,0
BPS003,20150625,114.71,114.71,114.71,114.71,0
BPS003,20150626,114.33,114.33,114.33,114.33,0
BPS003,20150629,113.42,113.42,113.42,113.42,0
BPS003,20150630,113.40,113.40,113.40,113.40,0
BPS003,20150701,113.78,113.78,113.78,113.78,0
BPS003,20150702,113.42,113.42,113.42,113.42,0
BPS003,20150703,113.35,113.35,113.35,113.35,0
BPS003,20150706,112.99,112.99,112.99,112.99,0
BPS003,20150707,113.13,113.13,113.13,113.13,0
BPS003,20150708,112.04,112.04,112.04,112.04,0
BPS003,20150709,112.20,112.20,112.20,112.20,0
BPS003,20150710,112.85,112.85,112.85,112.85,0
BPS003,20150713,113.40,113.40,113.40,113.40,0
BPS003,20150714,113.13,113.13,113.13,113.13,0
BPS003,20150715,113.21,113.21,113.21,113.21,0
BPS003,20150716,113.78,113.78,113.78,113.78,0
BPS003,20150717,113.87,113.87,113.87,113.87,0
BPS003,20150720,113.82,113.82,113.82,113.82,0
BPS003,20150721,113.59,113.59,113.59,113.59,0
BPS003,20150722,113.02,113.02,113.02,113.02,0
BPS003,20150723,112.65,112.65,112.65,112.65,0
BPS003,20150724,112.72,112.72,112.72,112.72,0
BPS003,20150727,112.43,112.43,112.43,112.43,0
BPS003,20150728,112.98,112.98,112.98,112.98,0
BPS003,20150729,113.43,113.43,113.43,113.43,0
BPS003,20150730,112.85,112.85,112.85,112.85,0
BPS003,20150731,112.93,112.93,112.93,112.93,0
BPS003,20150803,113.49,113.49,113.49,113.49,0
BPS003,20150804,113.56,113.56,113.56,113.56,0
BPS003,20150805,113.95,113.95,113.95,113.95,0
BPS003,20150806,113.23,113.23,113.23,113.23,0
BPS003,20150807,113.26,113.26,113.26,113.26,0
BPS003,20150810,113.46,113.46,113.46,113.46,0
BPS003,20150811,113.81,113.81,113.81,113.81,0
BPS003,20150812,113.35,113.35,113.35,113.35,0
BPS003,20150813,113.77,113.77,113.77,113.77,0
BPS003,20150814,113.74,113.74,113.74,113.74,0
BPS003,20150817,113.46,113.46,113.46,113.46,0
BPS003,20150818,113.16,113.16,113.16,113.16,0
BPS003,20150819,113.10,113.10,113.10,113.10,0
BPS003,20150820,113.27,113.27,113.27,113.27,0
BPS003,20150821,112.94,112.94,112.94,112.94,0
BPS003,20150824,111.32,111.32,111.32,111.32,0
BPS003,20150825,110.81,110.81,110.81,110.81,0
BPS003,20150826,110.22,110.22,110.22,110.22,0
BPS003,20150827,111.09,111.09,111.09,111.09,0
BPS003,20150828,111.40,111.40,111.40,111.40,0
BPS003,20150831,111.63,111.63,111.63,111.63,0
BPS003,20150901,111.27,111.27,111.27,111.27,0
BPS003,20150902,111.24,111.24,111.24,111.24,0
BPS003,20150903,111.53,111.53,111.53,111.53,0
BPS003,20150904,111.59,111.59,111.59,111.59,0
BPS003,20150907,111.47,111.47,111.47,111.47,0
BPS003,20150908,111.41,111.41,111.41,111.41,0
BPS003,20150909,111.74,111.74,111.74,111.74,0
BPS003,20150910,111.72,111.72,111.72,111.72,0
BPS003,20150911,111.90,111.90,111.90,111.90,0
BPS003,20150914,111.72,111.72,111.72,111.72,0
BPS003,20150915,111.72,111.72,111.72,111.72,0
BPS003,20150916,111.72,111.72,111.72,111.72,0
BPS003,20150917,112.12,112.12,112.12,112.12,0
BPS003,20150918,112.16,112.16,112.16,112.16,0
BPS003,20150921,111.86,111.86,111.86,111.86,0
BPS003,20150922,111.69,111.69,111.69,111.69,0
BPS003,20150923,111.37,111.37,111.37,111.37,0
BPS003,20150924,111.04,111.04,111.04,111.04,0
BPS003,20150925,111.09,111.09,111.09,111.09,0
BPS003,20150928,110.56,110.56,110.56,110.56,0
BPS003,20150929,110.31,110.31,110.31,110.31,0
BPS003,20150930,110.67,110.67,110.67,110.67,0
BPS003,20151001,110.93,110.93,110.93,110.93,0
BPS003,20151002,110.80,110.80,110.80,110.80,0
BPS003,20151005,111.22,111.22,111.22,111.22,0
BPS003,20151006,111.57,111.57,111.57,111.57,0
BPS003,20151007,111.79,111.79,111.79,111.79,0
BPS003,20151008,111.66,111.66,111.66,111.66,0
BPS003,20151009,112.37,112.37,112.37,112.37,0
BPS003,20151012,112.30,112.30,112.30,112.30,0
BPS003,20151013,112.12,112.12,112.12,112.12,0
BPS003,20151014,112.10,112.10,112.10,112.10,0
BPS003,20151015,112.36,112.36,112.36,112.36,0
BPS003,20151016,112.54,112.54,112.54,112.54,0
BPS003,20151019,112.57,112.57,112.57,112.57,0
BPS003,20151020,112.63,112.63,112.63,112.63,0
BPS003,20151021,112.61,112.61,112.61,112.61,0
BPS003,20151022,112.34,112.34,112.34,112.34,0
BPS003,20151023,112.76,112.76,112.76,112.76,0
BPS003,20151026,112.86,112.86,112.86,112.86,0
BPS003,20151027,112.65,112.65,112.65,112.65,0
BPS003,20151028,112.56,112.56,112.56,112.56,0
BPS003,20151029,112.07,112.07,112.07,112.07,0
BPS003,20151030,111.82,111.82,111.82,111.82,0
BPS003,20151102,112.06,112.06,112.06,112.06,0
BPS003,20151103,112.10,112.10,112.10,112.10,0
BPS003,20151104,112.33,112.33,112.33,112.33,0
BPS003,20151105,112.13,112.13,112.13,112.13,0
BPS003,20151106,111.84,111.84,111.84,111.84,0
BPS003,20151109,111.42,111.42,111.42,111.42,0
BPS003,20151110,111.33,111.33,111.33,111.33,0
BPS003,20151112,111.38,111.38,111.38,111.38,0
BPS003,20151113,110.94,110.94,110.94,110.94,0
BPS003,20151116,110.38,110.38,110.38,110.38,0
BPS003,20151117,110.96,110.96,110.96,110.96,0
BPS003,20151118,110.75,110.75,110.75,110.75,0
BPS003,20151119,111.07,111.07,111.07,111.07,0
BPS003,20151120,111.04,111.04,111.04,111.04,0
BPS003,20151123,110.59,110.59,110.59,110.59,0
BPS003,20151124,110.17,110.17,110.17,110.17,0
BPS003,20151125,110.14,110.14,110.14,110.14,0
BPS003,20151126,110.14,110.14,110.14,110.14,0
BPS003,20151127,110.16,110.16,110.16,110.16,0
BPS003,20151130,109.79,109.79,109.79,109.79,0
BPS003,20151201,109.80,109.80,109.80,109.80,0
BPS003,20151202,109.35,109.35,109.35,109.35,0
BPS003,20151203,109.08,109.08,109.08,109.08,0
BPS003,20151204,108.16,108.16,108.16,108.16,0
BPS003,20151207,108.40,108.40,108.40,108.40,0
BPS003,20151208,107.85,107.85,107.85,107.85,0
BPS003,20151209,107.21,107.21,107.21,107.21,0
BPS003,20151210,107.44,107.44,107.44,107.44,0
BPS003,20151211,107.07,107.07,107.07,107.07,0
BPS003,20151214,106.56,106.56,106.56,106.56,0
BPS003,20151215,106.30,106.30,106.30,106.30,0
BPS003,20151216,106.80,106.80,106.80,106.80,0
BPS003,20151217,107.43,107.43,107.43,107.43,0
BPS003,20151218,107.38,107.38,107.38,107.38,0
BPS003,20151221,107.78,107.78,107.78,107.78,0
BPS003,20151222,107.60,107.60,107.60,107.60,0
BPS003,20151223,107.91,107.91,107.91,107.91,0
BPS003,20151228,107.90,107.90,107.90,107.90,0
BPS003,20151229,108.25,108.25,108.25,108.25,0
BPS003,20151230,108.27,108.27,108.27,108.27,0
BPS003,20160104,107.80,107.80,107.80,107.80,0
BPS003,20160105,107.53,107.53,107.53,107.53,0
BPS003,20160107,107.10,107.10,107.10,107.10,0
BPS003,20160108,106.86,106.86,106.86,106.86,0
BPS003,20160111,106.61,106.61,106.61,106.61,0
BPS003,20160112,107.06,107.06,107.06,107.06,0
BPS003,20160113,107.58,107.58,107.58,107.58,0
BPS003,20160114,107.09,107.09,107.09,107.09,0
BPS003,20160115,106.98,106.98,106.98,106.98,0
BPS003,20160118,106.29,106.29,106.29,106.29,0
BPS003,20160119,106.36,106.36,106.36,106.36,0
BPS003,20160120,105.79,105.79,105.79,105.79,0
BPS003,20160121,105.76,105.76,105.76,105.76,0
BPS003,20160122,106.03,106.03,106.03,106.03,0
BPS003,20160125,106.08,106.08,106.08,106.08,0
BPS003,20160126,105.81,105.81,105.81,105.81,0
BPS003,20160127,105.78,105.78,105.78,105.78,0
BPS003,20160128,106.24,106.24,106.24,106.24,0
BPS003,20160129,106.33,106.33,106.33,106.33,0
BPS003,20160201,106.34,106.34,106.34,106.34,0
BPS003,20160202,106.36,106.36,106.36,106.36,0
BPS003,20160203,106.06,106.06,106.06,106.06,0
BPS003,20160204,106.59,106.59,106.59,106.59,0
BPS003,20160205,106.95,106.95,106.95,106.95,0
BPS003,20160208,106.54,106.54,106.54,106.54,0
BPS003,20160209,106.37,106.37,106.37,106.37,0
BPS003,20160210,106.62,106.62,106.62,106.62,0
BPS003,20160211,105.93,105.93,105.93,105.93,0
BPS003,20160212,106.43,106.43,106.43,106.43,0
BPS003,20160215,106.78,106.78,106.78,106.78,0
BPS003,20160216,106.53,106.53,106.53,106.53,0
BPS003,20160217,107.28,107.28,107.28,107.28,0
BPS003,20160218,108.22,108.22,108.22,108.22,0
BPS003,20160219,107.95,107.95,107.95,107.95,0
BPS003,20160222,108.60,108.60,108.60,108.60,0
BPS003,20160223,108.34,108.34,108.34,108.34,0
BPS003,20160224,108.04,108.04,108.04,108.04,0
BPS003,20160225,108.32,108.32,108.32,108.32,0
BPS003,20160226,108.51,108.51,108.51,108.51,0
BPS003,20160229,108.20,108.20,108.20,108.20,0
BPS003,20160301,108.01,108.01,108.01,108.01,0
BPS003,20160302,108.06,108.06,108.06,108.06,0
BPS003,20160303,108.29,108.29,108.29,108.29,0
BPS003,20160304,108.89,108.89,108.89,108.89,0
BPS003,20160307,109.28,109.28,109.28,109.28,0
BPS003,20160308,109.41,109.41,109.41,109.41,0
BPS003,20160309,109.00,109.00,109.00,109.00,0
BPS003,20160310,109.34,109.34,109.34,109.34,0
BPS003,20160311,109.54,109.54,109.54,109.54,0
BPS003,20160314,109.81,109.81,109.81,109.81,0
BPS003,20160315,109.74,109.74,109.74,109.74,0
BPS003,20160316,109.60,109.60,109.60,109.60,0
BPS003,20160317,109.89,109.89,109.89,109.89,0
BPS003,20160318,110.24,110.24,110.24,110.24,0
BPS003,20160321,110.31,110.31,110.31,110.31,0
BPS003,20160322,110.07,110.07,110.07,110.07,0
BPS003,20160323,110.58,110.58,110.58,110.58,0
BPS003,20160324,109.95,109.95,109.95,109.95,0
BPS003,20160329,110.45,110.45,110.45,110.45,0
BPS003,20160330,111.07,111.07,111.07,111.07,0
BPS003,20160331,111.22,111.22,111.22,111.22,0
BPS003,20160401,111.20,111.20,111.20,111.20,0
BPS003,20160404,111.31,111.31,111.31,111.31,0
BPS003,20160405,110.89,110.89,110.89,110.89,0
BPS003,20160406,110.50,110.50,110.50,110.50,0
BPS003,20160407,110.18,110.18,110.18,110.18,0
BPS003,20160408,110.11,110.11,110.11,110.11,0
BPS003,20160411,110.29,110.29,110.29,110.29,0
BPS003,20160412,110.15,110.15,110.15,110.15,0
BPS003,20160413,110.72,110.72,110.72,110.72,0
BPS003,20160414,110.96,110.96,110.96,110.96,0
BPS003,20160415,111.03,111.03,111.03,111.03,0
BPS003,20160418,110.80,110.80,110.80,110.80,0
BPS003,20160419,111.27,111.27,111.27,111.27,0
BPS003,20160420,111.41,111.41,111.41,111.41,0
BPS003,20160421,111.18,111.18,111.18,111.18,0
BPS003,20160422,110.95,110.95,110.95,110.95,0
BPS003,20160425,110.96,110.96,110.96,110.96,0
BPS003,20160426,111.00,111.00,111.00,111.00,0
BPS003,20160427,110.85,110.85,110.85,110.85,0
BPS003,20160428,110.46,110.46,110.46,110.46,0
BPS003,20160429,110.51,110.51,110.51,110.51,0
BPS003,20160502,110.94,110.94,110.94,110.94,0
BPS003,20160504,110.32,110.32,110.32,110.32,0
BPS003,20160505,109.78,109.78,109.78,109.78,0
BPS003,20160506,109.52,109.52,109.52,109.52,0
BPS003,20160509,109.95,109.95,109.95,109.95,0
BPS003,20160510,109.53,109.53,109.53,109.53,0
BPS003,20160511,109.24,109.24,109.24,109.24,0
BPS003,20160512,109.67,109.67,109.67,109.67,0
BPS003,20160513,109.21,109.21,109.21,109.21,0
BPS003,20160516,110.13,110.13,110.13,110.13,0
BPS003,20160517,110.64,110.64,110.64,110.64,0
BPS003,20160518,110.11,110.11,110.11,110.11,0
BPS003,20160519,109.63,109.63,109.63,109.63,0
BPS003,20160520,109.29,109.29,109.29,109.29,0
BPS003,20160523,109.03,109.03,109.03,109.03,0
BPS003,20160524,109.55,109.55,109.55,109.55,0
BPS003,20160525,109.99,109.99,109.99,109.99,0
BPS003,20160527,110.10,110.10,110.10,110.10,0
BPS003,20160530,109.76,109.76,109.76,109.76,0
BPS003,20160531,109.84,109.84,109.84,109.84,0
BPS003,20160601,108.28,108.28,108.28,108.28,0
BPS003,20160602,108.00,108.00,108.00,108.00,0
BPS003,20160603,108.49,108.49,108.49,108.49,0
BPS003,20160606,108.76,108.76,108.76,108.76,0
BPS003,20160607,109.25,109.25,109.25,109.25,0
BPS003,20160608,109.36,109.36,109.36,109.36,0
BPS003,20160609,109.08,109.08,109.08,109.08,0
BPS003,20160610,108.37,108.37,108.37,108.37,0
BPS003,20160613,107.79,107.79,107.79,107.79,0
BPS003,20160614,107.43,107.43,107.43,107.43,0
BPS003,20160615,107.61,107.61,107.61,107.61,0
BPS003,20160616,107.10,107.10,107.10,107.10,0
BPS003,20160617,107.30,107.30,107.30,107.30,0
BPS003,20160620,108.14,108.14,108.14,108.14,0
BPS003,20160621,108.45,108.45,108.45,108.45,0
BPS003,20160622,109.08,109.08,109.08,109.08,0
BPS003,20160623,109.47,109.47,109.47,109.47,0
BPS003,20160624,107.77,107.77,107.77,107.77,0
BPS003,20160627,107.92,107.92,107.92,107.92,0
BPS003,20160628,108.15,108.15,108.15,108.15,0
BPS003,20160629,108.20,108.20,108.20,108.20,0
BPS003,20160630,108.23,108.23,108.23,108.23,0
BPS003,20160701,108.48,108.48,108.48,108.48,0
BPS003,20160704,108.22,108.22,108.22,108.22,0
BPS003,20160705,108.19,108.19,108.19,108.19,0
BPS003,20160706,107.74,107.74,107.74,107.74,0
BPS003,20160707,108.11,108.11,108.11,108.11,0
BPS003,20160708,107.92,107.92,107.92,107.92,0
BPS003,20160711,108.36,108.36,108.36,108.36,0
BPS003,20160712,108.72,108.72,108.72,108.72,0
BPS003,20160713,108.72,108.72,108.72,108.72,0
BPS003,20160714,108.54,108.54,108.54,108.54,0
BPS003,20160715,108.84,108.84,108.84,108.84,0
BPS003,20160718,109.28,109.28,109.28,109.28,0
BPS003,20160719,109.29,109.29,109.29,109.29,0
BPS003,20160720,109.41,109.41,109.41,109.41,0
BPS003,20160721,109.54,109.54,109.54,109.54,0
BPS003,20160722,109.60,109.60,109.60,109.60,0
BPS003,20160725,110.00,110.00,110.00,110.00,0
BPS003,20160726,109.99,109.99,109.99,109.99,0
BPS003,20160727,109.80,109.80,109.80,109.80,0
BPS003,20160728,109.66,109.66,109.66,109.66,0
BPS003,20160729,109.41,109.41,109.41,109.41,0
BPS003,20160801,109.47,109.47,109.47,109.47,0
BPS003,20160802,110.20,110.20,110.20,110.20,0
BPS003,20160803,110.20,110.20,110.20,110.20,0
BPS003,20160804,110.39,110.39,110.39,110.39,0
BPS003,20160805,110.76,110.76,110.76,110.76,0
BPS003,20160808,111.11,111.11,111.11,111.11,0
BPS003,20160809,111.22,111.22,111.22,111.22,0
BPS003,20160810,111.76,111.76,111.76,111.76,0
BPS003,20160811,111.92,111.92,111.92,111.92,0
BPS003,20160812,112.23,112.23,112.23,112.23,0
BPS003,20160816,112.06,112.06,112.06,112.06,0
BPS003,20160817,111.61,111.61,111.61,111.61,0
BPS003,20160818,111.36,111.36,111.36,111.36,0
BPS003,20160819,111.03,111.03,111.03,111.03,0
BPS003,20160822,110.95,110.95,110.95,110.95,0
BPS003,20160823,110.76,110.76,110.76,110.76,0
BPS003,20160824,110.77,110.77,110.77,110.77,0
BPS003,20160825,110.65,110.65,110.65,110.65,0
BPS003,20160826,110.82,110.82,110.82,110.82,0
BPS003,20160829,110.66,110.66,110.66,110.66,0
BPS003,20160830,111.08,111.08,111.08,111.08,0
BPS003,20160831,111.12,111.12,111.12,111.12,0
BPS003,20160901,110.65,110.65,110.65,110.65,0
BPS003,20160902,110.30,110.30,110.30,110.30,0
BPS003,20160905,110.72,110.72,110.72,110.72,0
BPS003,20160906,110.73,110.73,110.73,110.73,0
BPS003,20160907,111.57,111.57,111.57,111.57,0
BPS003,20160908,111.59,111.59,111.59,111.59,0
BPS003,20160909,110.67,110.67,110.67,110.67,0
BPS003,20160912,109.26,109.26,109.26,109.26,0
BPS003,20160913,109.45,109.45,109.45,109.45,0
BPS003,20160914,109.38,109.38,109.38,109.38,0
BPS003,20160915,109.70,109.70,109.70,109.70,0
BPS003,20160916,109.83,109.83,109.83,109.83,0
BPS003,20160919,110.04,110.04,110.04,110.04,0
BPS003,20160920,110.02,110.02,110.02,110.02,0
BPS003,20160921,110.34,110.34,110.34,110.34,0
BPS003,20160922,110.67,110.67,110.67,110.67,0
BPS003,20160923,110.92,110.92,110.92,110.92,0
BPS003,20160926,110.59,110.59,110.59,110.59,0
BPS003,20160927,110.35,110.35,110.35,110.35,0
BPS003,20160928,110.49,110.49,110.49,110.49,0
BPS003,20160929,110.58,110.58,110.58,110.58,0
BPS003,20160930,110.53,110.53,110.53,110.53,0
BPS003,20161003,110.48,110.48,110.48,110.48,0
BPS003,20161004,110.96,110.96,110.96,110.96,0
BPS003,20161005,111.47,111.47,111.47,111.47,0
BPS003,20161006,110.93,110.93,110.93,110.93,0
BPS003,20161007,110.84,110.84,110.84,110.84,0
BPS003,20161010,111.05,111.05,111.05,111.05,0
BPS003,20161011,111.06,111.06,111.06,111.06,0
BPS003,20161012,110.84,110.84,110.84,110.84,0
BPS003,20161013,110.72,110.72,110.72,110.72,0
BPS003,20161014,110.47,110.47,110.47,110.47,0
BPS003,20161017,110.16,110.16,110.16,110.16,0
BPS003,20161018,110.22,110.22,110.22,110.22,0
BPS003,20161019,110.31,110.31,110.31,110.31,0
BPS003,20161020,110.97,110.97,110.97,110.97,0
BPS003,20161021,111.17,111.17,111.17,111.17,0
BPS003,20161024,111.31,111.31,111.31,111.31,0
BPS003,20161025,111.87,111.87,111.87,111.87,0
BPS003,20161026,111.60,111.60,111.60,111.60,0
BPS003,20161027,111.48,111.48,111.48,111.48,0
BPS003,20161028,111.50,111.50,111.50,111.50,0
BPS003,20161031,112.13,112.13,112.13,112.13,0
BPS003,20161102,111.31,111.31,111.31,111.31,0
BPS003,20161103,110.71,110.71,110.71,110.71,0
BPS003,20161104,110.52,110.52,110.52,110.52,0
BPS003,20161107,110.76,110.76,110.76,110.76,0
BPS003,20161108,110.88,110.88,110.88,110.88,0
BPS003,20161109,110.63,110.63,110.63,110.63,0
BPS003,20161110,111.60,111.60,111.60,111.60,0
BPS003,20161114,110.35,110.35,110.35,110.35,0
BPS003,20161115,110.17,110.17,110.17,110.17,0
BPS003,20161116,109.97,109.97,109.97,109.97,0
BPS003,20161117,110.03,110.03,110.03,110.03,0
BPS003,20161118,109.22,109.22,109.22,109.22,0
BPS003,20161121,109.47,109.47,109.47,109.47,0
BPS003,20161122,110.06,110.06,110.06,110.06,0
BPS003,20161123,110.29,110.29,110.29,110.29,0
BPS003,20161124,110.52,110.52,110.52,110.52,0
BPS003,20161125,110.54,110.54,110.54,110.54,0
BPS003,20161128,110.81,110.81,110.81,110.81,0
BPS003,20161129,110.67,110.67,110.67,110.67,0
BPS003,20161130,110.96,110.96,110.96,110.96,0
BPS003,20161201,110.69,110.69,110.69,110.69,0
BPS003,20161202,110.56,110.56,110.56,110.56,0
BPS003,20161205,110.50,110.50,110.50,110.50,0
BPS003,20161206,111.47,111.47,111.47,111.47,0
BPS003,20161207,112.11,112.11,112.11,112.11,0
BPS003,20161208,112.61,112.61,112.61,112.61,0
BPS003,20161209,112.76,112.76,112.76,112.76,0
BPS003,20161212,112.04,112.04,112.04,112.04,0
BPS003,20161213,112.88,112.88,112.88,112.88,0
BPS003,20161214,113.22,113.22,113.22,113.22,0
BPS003,20161215,113.10,113.10,113.10,113.10,0
BPS003,20161216,112.99,112.99,112.99,112.99,0
BPS003,20161219,112.99,112.99,112.99,112.99,0
BPS003,20161220,113.21,113.21,113.21,113.21,0
BPS003,20161221,113.51,113.51,113.51,113.51,0
BPS003,20161222,113.12,113.12,113.12,113.12,0
BPS003,20161223,113.17,113.17,113.17,113.17,0
BPS003,20161227,113.15,113.15,113.15,113.15,0
BPS003,20161228,113.33,113.33,113.33,113.33,0
BPS003,20161229,113.26,113.26,113.26,113.26,0
BPS003,20161230,113.46,113.46,113.46,113.46,0
BPS003,20170102,113.72,113.72,113.72,113.72,0
BPS003,20170103,114.14,114.14,114.14,114.14,0
BPS003,20170104,114.42,114.42,114.42,114.42,0
BPS003,20170105,114.30,114.30,114.30,114.30,0
BPS003,20170109,114.28,114.28,114.28,114.28,0
BPS003,20170110,114.61,114.61,114.61,114.61,0
BPS003,20170111,114.92,114.92,114.92,114.92,0
BPS003,20170112,114.96,114.96,114.96,114.96,0
BPS003,20170113,114.74,114.74,114.74,114.74,0
BPS003,20170116,114.93,114.93,114.93,114.93,0
BPS003,20170117,114.74,114.74,114.74,114.74,0
BPS003,20170118,114.66,114.66,114.66,114.66,0
BPS003,20170119,114.72,114.72,114.72,114.72,0
BPS003,20170120,114.70,114.70,114.70,114.70,0
BPS003,20170123,114.83,114.83,114.83,114.83,0
BPS003,20170124,115.09,115.09,115.09,115.09,0
BPS003,20170125,115.72,115.72,115.72,115.72,0
BPS003,20170126,115.85,115.85,115.85,115.85,0
BPS003,20170127,116.00,116.00,116.00,116.00,0
BPS003,20170130,115.77,115.77,115.77,115.77,0
BPS003,20170131,115.88,115.88,115.88,115.88,0
BPS003,20170201,115.99,115.99,115.99,115.99,0
BPS003,20170202,115.98,115.98,115.98,115.98,0
BPS003,20170203,116.12,116.12,116.12,116.12,0
BPS003,20170206,116.17,116.17,116.17,116.17,0
BPS003,20170207,116.20,116.20,116.20,116.20,0
BPS003,20170208,116.26,116.26,116.26,116.26,0
BPS003,20170209,116.88,116.88,116.88,116.88,0
BPS003,20170210,117.28,117.28,117.28,117.28,0
BPS003,20170213,117.44,117.44,117.44,117.44,0
BPS003,20170214,117.34,117.34,117.34,117.34,0
BPS003,20170215,117.43,117.43,117.43,117.43,0
BPS003,20170216,118.02,118.02,118.02,118.02,0
BPS003,20170217,117.68,117.68,117.68,117.68,0
BPS003,20170220,117.79,117.79,117.79,117.79,0
BPS003,20170221,118.27,118.27,118.27,118.27,0
BPS003,20170222,118.30,118.30,118.30,118.30,0
BPS003,20170223,118.51,118.51,118.51,118.51,0
BPS003,20170224,118.04,118.04,118.04,118.04,0
BPS003,20170227,118.01,118.01,118.01,118.01,0
BPS003,20170228,117.84,117.84,117.84,117.84,0
BPS003,20170301,118.53,118.53,118.53,118.53,0
BPS003,20170302,118.56,118.56,118.56,118.56,0
BPS003,20170303,118.41,118.41,118.41,118.41,0
BPS003,20170306,118.49,118.49,118.49,118.49,0
BPS003,20170307,118.22,118.22,118.22,118.22,0
BPS003,20170308,118.09,118.09,118.09,118.09,0
BPS003,20170309,117.78,117.78,117.78,117.78,0
BPS003,20170310,117.88,117.88,117.88,117.88,0
BPS003,20170313,118.20,118.20,118.20,118.20,0
BPS003,20170314,118.12,118.12,118.12,118.12,0
BPS003,20170315,118.08,118.08,118.08,118.08,0
BPS003,20170316,118.67,118.67,118.67,118.67,0
BPS003,20170317,118.73,118.73,118.73,118.73,0
BPS003,20170320,118.58,118.58,118.58,118.58,0
BPS003,20170321,118.21,118.21,118.21,118.21,0
BPS003,20170322,118.04,118.04,118.04,118.04,0
BPS003,20170323,118.76,118.76,118.76,118.76,0
BPS003,20170324,118.65,118.65,118.65,118.65,0
BPS003,20170327,118.40,118.40,118.40,118.40,0
BPS003,20170328,118.59,118.59,118.59,118.59,0
BPS003,20170329,118.49,118.49,118.49,118.49,0
BPS003,20170330,118.42,118.42,118.42,118.42,0
BPS003,20170331,118.23,118.23,118.23,118.23,0
BPS003,20170403,118.69,118.69,118.69,118.69,0
BPS003,20170404,118.86,118.86,118.86,118.86,0
BPS003,20170405,118.94,118.94,118.94,118.94,0
BPS003,20170406,118.88,118.88,118.88,118.88,0
BPS003,20170407,118.82,118.82,118.82,118.82,0
BPS003,20170410,118.73,118.73,118.73,118.73,0
BPS003,20170411,118.50,118.50,118.50,118.50,0
BPS003,20170412,118.33,118.33,118.33,118.33,0
BPS003,20170413,118.13,118.13,118.13,118.13,0
BPS003,20170418,118.18,118.18,118.18,118.18,0
BPS003,20170419,118.45,118.45,118.45,118.45,0
BPS003,20170420,118.51,118.51,118.51,118.51,0
BPS003,20170421,118.27,118.27,118.27,118.27,0
BPS003,20170424,118.86,118.86,118.86,118.86,0
BPS003,20170425,119.40,119.40,119.40,119.40,0
BPS003,20170426,119.59,119.59,119.59,119.59,0
BPS003,20170427,119.68,119.68,119.68,119.68,0
BPS003,20170428,119.61,119.61,119.61,119.61,0
BPS003,20170502,119.96,119.96,119.96,119.96,0
BPS003,20170504,119.80,119.80,119.80,119.80,0
BPS003,20170505,119.79,119.79,119.79,119.79,0
BPS003,20170508,120.03,120.03,120.03,120.03,0
BPS003,20170509,120.37,120.37,120.37,120.37,0
BPS003,20170510,120.25,120.25,120.25,120.25,0
BPS003,20170511,120.11,120.11,120.11,120.11,0
BPS003,20170512,120.30,120.30,120.30,120.30,0
BPS003,20170515,120.34,120.34,120.34,120.34,0
BPS003,20170516,119.89,119.89,119.89,119.89,0
BPS003,20170517,119.35,119.35,119.35,119.35,0
BPS003,20170518,119.21,119.21,119.21,119.21,0
BPS003,20170519,119.46,119.46,119.46,119.46,0
BPS003,20170522,119.66,119.66,119.66,119.66,0
BPS003,20170523,119.52,119.52,119.52,119.52,0
BPS003,20170524,119.71,119.71,119.71,119.71,0
BPS003,20170525,120.02,120.02,120.02,120.02,0
BPS003,20170526,119.87,119.87,119.87,119.87,0
BPS003,20170529,119.85,119.85,119.85,119.85,0
BPS003,20170530,119.53,119.53,119.53,119.53,0
BPS003,20170531,119.42,119.42,119.42,119.42,0
BPS003,20170601,119.49,119.49,119.49,119.49,0
BPS003,20170602,119.82,119.82,119.82,119.82,0
BPS003,20170605,119.56,119.56,119.56,119.56,0
BPS003,20170606,119.65,119.65,119.65,119.65,0
BPS003,20170607,119.75,119.75,119.75,119.75,0
BPS003,20170608,120.01,120.01,120.01,120.01,0
BPS003,20170609,119.95,119.95,119.95,119.95,0
BPS003,20170612,119.47,119.47,119.47,119.47,0
BPS003,20170613,119.57,119.57,119.57,119.57,0
BPS003,20170614,119.49,119.49,119.49,119.49,0
BPS003,20170616,119.50,119.50,119.50,119.50,0
BPS003,20170619,119.77,119.77,119.77,119.77,0
BPS003,20170620,119.70,119.70,119.70,119.70,0
BPS003,20170621,119.78,119.78,119.78,119.78,0
BPS003,20170622,119.64,119.64,119.64,119.64,0
BPS003,20170623,119.49,119.49,119.49,119.49,0
BPS003,20170626,119.79,119.79,119.79,119.79,0
BPS003,20170627,119.84,119.84,119.84,119.84,0
BPS003,20170628,119.49,119.49,119.49,119.49,0
BPS003,20170629,119.58,119.58,119.58,119.58,0
BPS003,20170630,119.57,119.57,119.57,119.57,0
BPS003,20170703,119.75,119.75,119.75,119.75,0
BPS003,20170704,119.38,119.38,119.38,119.38,0
BPS003,20170705,119.49,119.49,119.49,119.49,0
BPS003,20170706,119.35,119.35,119.35,119.35,0
BPS003,20170707,119.30,119.30,119.30,119.30,0
BPS003,20170710,119.45,119.45,119.45,119.45,0
BPS003,20170711,119.35,119.35,119.35,119.35,0
BPS003,20170712,119.71,119.71,119.71,119.71,0
BPS003,20170713,119.98,119.98,119.98,119.98,0
BPS003,20170714,120.07,120.07,120.07,120.07,0
BPS003,20170717,120.26,120.26,120.26,120.26,0
BPS003,20170718,120.10,120.10,120.10,120.10,0
BPS003,20170719,120.13,120.13,120.13,120.13,0
BPS003,20170720,120.15,120.15,120.15,120.15,0
BPS003,20170721,119.85,119.85,119.85,119.85,0
BPS003,20170724,119.92,119.92,119.92,119.92,0
BPS003,20170725,119.89,119.89,119.89,119.89,0
BPS003,20170726,120.09,120.09,120.09,120.09,0
BPS003,20170727,120.00,120.00,120.00,120.00,0
BPS003,20170728,120.10,120.10,120.10,120.10,0
BPS003,20170731,120.39,120.39,120.39,120.39,0
BPS003,20170801,120.25,120.25,120.25,120.25,0
BPS003,20170802,120.12,120.12,120.12,120.12,0
BPS003,20170803,120.12,120.12,120.12,120.12,0
BPS003,20170804,120.11,120.11,120.11,120.11,0
BPS003,20170807,120.16,120.16,120.16,120.16,0
BPS003,20170808,120.44,120.44,120.44,120.44,0
BPS003,20170809,120.13,120.13,120.13,120.13,0
BPS003,20170810,119.81,119.81,119.81,119.81,0
BPS003,20170811,119.49,119.49,119.49,119.49,0
BPS003,20170814,119.71,119.71,119.71,119.71,0
BPS003,20170816,119.72,119.72,119.72,119.72,0
BPS003,20170817,119.42,119.42,119.42,119.42,0
BPS003,20170818,119.49,119.49,119.49,119.49,0
BPS003,20170821,119.65,119.65,119.65,119.65,0
BPS003,20170822,119.76,119.76,119.76,119.76,0
BPS003,20170823,119.93,119.93,119.93,119.93,0
BPS003,20170824,120.45,120.45,120.45,120.45,0
BPS003,20170825,120.69,120.69,120.69,120.69,0
BPS003,20170828,121.38,121.38,121.38,121.38,0
BPS003,20170829,121.00,121.00,121.00,121.00,0
BPS003,20170830,121.43,121.43,121.43,121.43,0
BPS003,20170831,121.33,121.33,121.33,121.33,0
BPS003,20170901,121.43,121.43,121.43,121.43,0
BPS003,20170904,121.45,121.45,121.45,121.45,0
BPS003,20170905,121.50,121.50,121.50,121.50,0
BPS003,20170906,121.46,121.46,121.46,121.46,0
BPS003,20170907,121.28,121.28,121.28,121.28,0
BPS003,20170908,121.06,121.06,121.06,121.06,0
BPS003,20170911,121.51,121.51,121.51,121.51,0
BPS003,20170912,121.47,121.47,121.47,121.47,0
BPS003,20170913,121.27,121.27,121.27,121.27,0
BPS003,20170914,121.38,121.38,121.38,121.38,0
BPS003,20170915,121.33,121.33,121.33,121.33,0
BPS003,20170918,121.21,121.21,121.21,121.21,0
BPS003,20170919,121.16,121.16,121.16,121.16,0
BPS003,20170920,121.08,121.08,121.08,121.08,0
BPS003,20170921,120.59,120.59,120.59,120.59,0
