Name,Date,Open,High,Low,Close,Volume
BPS001,20110121,100.00,100.00,100.00,100.00,0
BPS001,20110407,100.00,100.00,100.00,100.00,0
BPS001,20110510,100.23,100.23,100.23,100.23,0
BPS001,20110511,100.23,100.23,100.23,100.23,0
BPS001,20110512,100.23,100.23,100.23,100.23,0
BPS001,20110513,100.24,100.24,100.24,100.24,0
BPS001,20110516,100.26,100.26,100.26,100.26,0
BPS001,20110517,100.26,100.26,100.26,100.26,0
BPS001,20110518,100.27,100.27,100.27,100.27,0
BPS001,20110519,100.27,100.27,100.27,100.27,0
BPS001,20110520,100.28,100.28,100.28,100.28,0
BPS001,20110523,100.29,100.29,100.29,100.29,0
BPS001,20110524,100.30,100.30,100.30,100.30,0
BPS001,20110525,100.30,100.30,100.30,100.30,0
BPS001,20110526,100.31,100.31,100.31,100.31,0
BPS001,20110527,100.31,100.31,100.31,100.31,0
BPS001,20110530,100.33,100.33,100.33,100.33,0
BPS001,20110531,100.38,100.38,100.38,100.38,0
BPS001,20110601,100.40,100.40,100.40,100.40,0
BPS001,20110602,100.41,100.41,100.41,100.41,0
BPS001,20110603,100.40,100.40,100.40,100.40,0
BPS001,20110606,100.43,100.43,100.43,100.43,0
BPS001,20110607,100.44,100.44,100.44,100.44,0
BPS001,20110608,100.45,100.45,100.45,100.45,0
BPS001,20110609,100.46,100.46,100.46,100.46,0
BPS001,20110610,100.47,100.47,100.47,100.47,0
BPS001,20110613,100.50,100.50,100.50,100.50,0
BPS001,20110614,100.51,100.51,100.51,100.51,0
BPS001,20110615,100.52,100.52,100.52,100.52,0
BPS001,20110616,100.53,100.53,100.53,100.53,0
BPS001,20110617,100.54,100.54,100.54,100.54,0
BPS001,20110620,100.58,100.58,100.58,100.58,0
BPS001,20110621,100.59,100.59,100.59,100.59,0
BPS001,20110622,100.61,100.61,100.61,100.61,0
BPS001,20110624,100.63,100.63,100.63,100.63,0
BPS001,20110627,100.67,100.67,100.67,100.67,0
BPS001,20110628,100.69,100.69,100.69,100.69,0
BPS001,20110629,100.70,100.70,100.70,100.70,0
BPS001,20110630,100.71,100.71,100.71,100.71,0
BPS001,20110701,100.73,100.73,100.73,100.73,0
BPS001,20110704,100.77,100.77,100.77,100.77,0
BPS001,20110705,100.79,100.79,100.79,100.79,0
BPS001,20110706,101.19,101.19,101.19,101.19,0
BPS001,20110707,101.44,101.44,101.44,101.44,0
BPS001,20110708,101.46,101.46,101.46,101.46,0
BPS001,20110711,101.57,101.57,101.57,101.57,0
BPS001,20110712,101.54,101.54,101.54,101.54,0
BPS001,20110713,101.55,101.55,101.55,101.55,0
BPS001,20110714,101.57,101.57,101.57,101.57,0
BPS001,20110715,101.58,101.58,101.58,101.58,0
BPS001,20110718,101.64,101.64,101.64,101.64,0
BPS001,20110719,101.65,101.65,101.65,101.65,0
BPS001,20110720,101.67,101.67,101.67,101.67,0
BPS001,20110721,101.69,101.69,101.69,101.69,0
BPS001,20110722,101.66,101.66,101.66,101.66,0
BPS001,20110725,101.69,101.69,101.69,101.69,0
BPS001,20110726,101.71,101.71,101.71,101.71,0
BPS001,20110727,101.73,101.73,101.73,101.73,0
BPS001,20110728,102.00,102.00,102.00,102.00,0
BPS001,20110729,101.95,101.95,101.95,101.95,0
BPS001,20110801,102.32,102.32,102.32,102.32,0
BPS001,20110802,102.34,102.34,102.34,102.34,0
BPS001,20110803,102.27,102.27,102.27,102.27,0
BPS001,20110804,102.30,102.30,102.30,102.30,0
BPS001,20110805,102.27,102.27,102.27,102.27,0
BPS001,20110808,102.33,102.33,102.33,102.33,0
BPS001,20110809,102.29,102.29,102.29,102.29,0
BPS001,20110810,102.28,102.28,102.28,102.28,0
BPS001,20110811,102.30,102.30,102.30,102.30,0
BPS001,20110812,102.32,102.32,102.32,102.32,0
BPS001,20110816,102.42,102.42,102.42,102.42,0
BPS001,20110817,102.44,102.44,102.44,102.44,0
BPS001,20110818,102.49,102.49,102.49,102.49,0
BPS001,20110819,102.56,102.56,102.56,102.56,0
BPS001,20110822,102.62,102.62,102.62,102.62,0
BPS001,20110823,102.63,102.63,102.63,102.63,0
BPS001,20110824,102.63,102.63,102.63,102.63,0
BPS001,20110825,102.66,102.66,102.66,102.66,0
BPS001,20110826,102.70,102.70,102.70,102.70,0
BPS001,20110829,102.76,102.76,102.76,102.76,0
BPS001,20110830,102.78,102.78,102.78,102.78,0
BPS001,20110831,102.83,102.83,102.83,102.83,0
BPS001,20110901,102.90,102.90,102.90,102.90,0
BPS001,20110902,102.87,102.87,102.87,102.87,0
BPS001,20110905,102.93,102.93,102.93,102.93,0
BPS001,20110906,103.02,103.02,103.02,103.02,0
BPS001,20110907,103.03,103.03,103.03,103.03,0
BPS001,20110908,102.99,102.99,102.99,102.99,0
BPS001,20110909,103.03,103.03,103.03,103.03,0
BPS001,20110912,103.10,103.10,103.10,103.10,0
BPS001,20110913,103.12,103.12,103.12,103.12,0
BPS001,20110914,103.32,103.32,103.32,103.32,0
BPS001,20110915,103.20,103.20,103.20,103.20,0
BPS001,20110916,103.27,103.27,103.27,103.27,0
BPS001,20110919,103.33,103.33,103.33,103.33,0
BPS001,20110920,103.22,103.22,103.22,103.22,0
BPS001,20110921,103.24,103.24,103.24,103.24,0
BPS001,20110922,103.26,103.26,103.26,103.26,0
BPS001,20110923,103.28,103.28,103.28,103.28,0
BPS001,20110926,103.34,103.34,103.34,103.34,0
BPS001,20110927,103.37,103.37,103.37,103.37,0
BPS001,20110928,103.39,103.39,103.39,103.39,0
BPS001,20110929,103.51,103.51,103.51,103.51,0
BPS001,20110930,103.46,103.46,103.46,103.46,0
BPS001,20111003,103.59,103.59,103.59,103.59,0
BPS001,20111004,103.53,103.53,103.53,103.53,0
BPS001,20111005,103.58,103.58,103.58,103.58,0
BPS001,20111006,103.65,103.65,103.65,103.65,0
BPS001,20111007,103.70,103.70,103.70,103.70,0
BPS001,20111010,103.77,103.77,103.77,103.77,0
BPS001,20111011,103.79,103.79,103.79,103.79,0
BPS001,20111012,103.81,103.81,103.81,103.81,0
BPS001,20111013,103.83,103.83,103.83,103.83,0
BPS001,20111014,103.82,103.82,103.82,103.82,0
BPS001,20111017,103.78,103.78,103.78,103.78,0
BPS001,20111018,103.80,103.80,103.80,103.80,0
BPS001,20111019,103.82,103.82,103.82,103.82,0
BPS001,20111020,103.84,103.84,103.84,103.84,0
BPS001,20111021,103.84,103.84,103.84,103.84,0
BPS001,20111024,103.91,103.91,103.91,103.91,0
BPS001,20111025,103.94,103.94,103.94,103.94,0
BPS001,20111026,103.96,103.96,103.96,103.96,0
BPS001,20111027,103.98,103.98,103.98,103.98,0
BPS001,20111028,104.20,104.20,104.20,104.20,0
BPS001,20111031,104.01,104.01,104.01,104.01,0
BPS001,20111102,104.07,104.07,104.07,104.07,0
BPS001,20111103,104.09,104.09,104.09,104.09,0
BPS001,20111104,104.13,104.13,104.13,104.13,0
BPS001,20111107,104.12,104.12,104.12,104.12,0
BPS001,20111108,104.14,104.14,104.14,104.14,0
BPS001,20111109,104.17,104.17,104.17,104.17,0
BPS001,20111110,104.24,104.24,104.24,104.24,0
BPS001,20111114,104.36,104.36,104.36,104.36,0
BPS001,20111115,104.36,104.36,104.36,104.36,0
BPS001,20111116,104.38,104.38,104.38,104.38,0
BPS001,20111117,104.49,104.49,104.49,104.49,0
BPS001,20111118,104.42,104.42,104.42,104.42,0
BPS001,20111121,104.43,104.43,104.43,104.43,0
BPS001,20111122,104.54,104.54,104.54,104.54,0
BPS001,20111123,104.56,104.56,104.56,104.56,0
BPS001,20111124,104.63,104.63,104.63,104.63,0
BPS001,20111125,104.65,104.65,104.65,104.65,0
BPS001,20111128,104.71,104.71,104.71,104.71,0
BPS001,20111129,104.74,104.74,104.74,104.74,0
BPS001,20111130,104.72,104.72,104.72,104.72,0
BPS001,20111201,104.75,104.75,104.75,104.75,0
BPS001,20111202,104.84,104.84,104.84,104.84,0
BPS001,20111205,104.85,104.85,104.85,104.85,0
BPS001,20111206,104.87,104.87,104.87,104.87,0
BPS001,20111207,104.92,104.92,104.92,104.92,0
BPS001,20111208,104.98,104.98,104.98,104.98,0
BPS001,20111209,105.02,105.02,105.02,105.02,0
BPS001,20111212,104.98,104.98,104.98,104.98,0
BPS001,20111213,105.00,105.00,105.00,105.00,0
BPS001,20111214,105.02,105.02,105.02,105.02,0
BPS001,20111215,105.00,105.00,105.00,105.00,0
BPS001,20111216,105.02,105.02,105.02,105.02,0
BPS001,20111219,105.15,105.15,105.15,105.15,0
BPS001,20111220,105.15,105.15,105.15,105.15,0
BPS001,20111221,105.16,105.16,105.16,105.16,0
BPS001,20111222,105.19,105.19,105.19,105.19,0
BPS001,20111223,105.18,105.18,105.18,105.18,0
BPS001,20111227,105.26,105.26,105.26,105.26,0
BPS001,20111228,105.33,105.33,105.33,105.33,0
BPS001,20111229,105.35,105.35,105.35,105.35,0
BPS001,20111230,105.38,105.38,105.38,105.38,0
BPS001,20120102,105.41,105.41,105.41,105.41,0
BPS001,20120103,105.43,105.43,105.43,105.43,0
BPS001,20120104,105.44,105.44,105.44,105.44,0
BPS001,20120105,105.53,105.53,105.53,105.53,0
BPS001,20120109,105.62,105.62,105.62,105.62,0
BPS001,20120110,105.69,105.69,105.69,105.69,0
BPS001,20120111,105.59,105.59,105.59,105.59,0
BPS001,20120112,105.58,105.58,105.58,105.58,0
BPS001,20120113,105.61,105.61,105.61,105.61,0
BPS001,20120116,105.66,105.66,105.66,105.66,0
BPS001,20120117,105.70,105.70,105.70,105.70,0
BPS001,20120118,105.75,105.75,105.75,105.75,0
BPS001,20120119,105.76,105.76,105.76,105.76,0
BPS001,20120120,105.76,105.76,105.76,105.76,0
BPS001,20120123,105.84,105.84,105.84,105.84,0
BPS001,20120124,105.92,105.92,105.92,105.92,0
BPS001,20120125,105.87,105.87,105.87,105.87,0
BPS001,20120126,105.91,105.91,105.91,105.91,0
BPS001,20120127,105.90,105.90,105.90,105.90,0
BPS001,20120130,106.00,106.00,106.00,106.00,0
BPS001,20120131,106.05,106.05,106.05,106.05,0
BPS001,20120201,106.11,106.11,106.11,106.11,0
BPS001,20120202,106.13,106.13,106.13,106.13,0
BPS001,20120203,106.16,106.16,106.16,106.16,0
BPS001,20120206,106.21,106.21,106.21,106.21,0
BPS001,20120207,106.26,106.26,106.26,106.26,0
BPS001,20120208,106.29,106.29,106.29,106.29,0
BPS001,20120209,106.28,106.28,106.28,106.28,0
BPS001,20120210,106.33,106.33,106.33,106.33,0
BPS001,20120213,106.32,106.32,106.32,106.32,0
BPS001,20120214,106.37,106.37,106.37,106.37,0
BPS001,20120215,106.39,106.39,106.39,106.39,0
BPS001,20120216,106.40,106.40,106.40,106.40,0
BPS001,20120217,106.46,106.46,106.46,106.46,0
BPS001,20120220,106.53,106.53,106.53,106.53,0
BPS001,20120221,106.54,106.54,106.54,106.54,0
BPS001,20120222,106.56,106.56,106.56,106.56,0
BPS001,20120223,106.56,106.56,106.56,106.56,0
BPS001,20120224,106.55,106.55,106.55,106.55,0
BPS001,20120227,106.62,106.62,106.62,106.62,0
BPS001,20120228,106.64,106.64,106.64,106.64,0
BPS001,20120229,106.67,106.67,106.67,106.67,0
BPS001,20120301,106.69,106.69,106.69,106.69,0
BPS001,20120302,106.73,106.73,106.73,106.73,0
BPS001,20120305,106.83,106.83,106.83,106.83,0
BPS001,20120306,106.85,106.85,106.85,106.85,0
BPS001,20120307,106.84,106.84,106.84,106.84,0
BPS001,20120308,106.92,106.92,106.92,106.92,0
BPS001,20120309,106.97,106.97,106.97,106.97,0
BPS001,20120312,107.04,107.04,107.04,107.04,0
BPS001,20120313,107.09,107.09,107.09,107.09,0
BPS001,20120314,107.05,107.05,107.05,107.05,0
BPS001,20120315,107.18,107.18,107.18,107.18,0
BPS001,20120316,107.14,107.14,107.14,107.14,0
BPS001,20120319,107.21,107.21,107.21,107.21,0
BPS001,20120320,107.23,107.23,107.23,107.23,0
BPS001,20120321,107.17,107.17,107.17,107.17,0
BPS001,20120322,107.19,107.19,107.19,107.19,0
BPS001,20120323,107.22,107.22,107.22,107.22,0
BPS001,20120326,107.28,107.28,107.28,107.28,0
BPS001,20120327,107.33,107.33,107.33,107.33,0
BPS001,20120328,107.37,107.37,107.37,107.37,0
BPS001,20120329,107.39,107.39,107.39,107.39,0
BPS001,20120330,107.57,107.57,107.57,107.57,0
BPS001,20120402,107.79,107.79,107.79,107.79,0
BPS001,20120403,107.72,107.72,107.72,107.72,0
BPS001,20120404,107.77,107.77,107.77,107.77,0
BPS001,20120405,107.77,107.77,107.77,107.77,0
BPS001,20120410,107.92,107.92,107.92,107.92,0
BPS001,20120411,107.95,107.95,107.95,107.95,0
BPS001,20120412,107.95,107.95,107.95,107.95,0
BPS001,20120413,107.99,107.99,107.99,107.99,0
BPS001,20120416,108.06,108.06,108.06,108.06,0
BPS001,20120417,108.09,108.09,108.09,108.09,0
BPS001,20120418,108.08,108.08,108.08,108.08,0
BPS001,20120419,108.09,108.09,108.09,108.09,0
BPS001,20120420,108.09,108.09,108.09,108.09,0
BPS001,20120423,108.16,108.16,108.16,108.16,0
BPS001,20120424,108.18,108.18,108.18,108.18,0
BPS001,20120425,108.30,108.30,108.30,108.30,0
BPS001,20120426,108.33,108.33,108.33,108.33,0
BPS001,20120427,108.36,108.36,108.36,108.36,0
BPS001,20120430,108.41,108.41,108.41,108.41,0
BPS001,20120502,108.64,108.64,108.64,108.64,0
BPS001,20120504,108.69,108.69,108.69,108.69,0
BPS001,20120507,108.73,108.73,108.73,108.73,0
BPS001,20120508,108.75,108.75,108.75,108.75,0
BPS001,20120509,108.74,108.74,108.74,108.74,0
BPS001,20120510,108.74,108.74,108.74,108.74,0
BPS001,20120511,108.79,108.79,108.79,108.79,0
BPS001,20120514,108.82,108.82,108.82,108.82,0
BPS001,20120515,108.89,108.89,108.89,108.89,0
BPS001,20120516,108.90,108.90,108.90,108.90,0
BPS001,20120517,108.90,108.90,108.90,108.90,0
BPS001,20120518,108.94,108.94,108.94,108.94,0
BPS001,20120521,109.03,109.03,109.03,109.03,0
BPS001,20120522,109.07,109.07,109.07,109.07,0
BPS001,20120523,109.06,109.06,109.06,109.06,0
BPS001,20120524,109.08,109.08,109.08,109.08,0
BPS001,20120525,109.10,109.10,109.10,109.10,0
BPS001,20120528,109.18,109.18,109.18,109.18,0
BPS001,20120529,109.18,109.18,109.18,109.18,0
BPS001,20120530,109.18,109.18,109.18,109.18,0
BPS001,20120531,109.21,109.21,109.21,109.21,0
BPS001,20120601,109.24,109.24,109.24,109.24,0
BPS001,20120604,109.33,109.33,109.33,109.33,0
BPS001,20120605,109.37,109.37,109.37,109.37,0
BPS001,20120606,109.43,109.43,109.43,109.43,0
BPS001,20120608,109.48,109.48,109.48,109.48,0
BPS001,20120611,109.50,109.50,109.50,109.50,0
BPS001,20120612,109.52,109.52,109.52,109.52,0
BPS001,20120613,109.56,109.56,109.56,109.56,0
BPS001,20120614,109.58,109.58,109.58,109.58,0
BPS001,20120615,109.62,109.62,109.62,109.62,0
BPS001,20120618,109.64,109.64,109.64,109.64,0
BPS001,20120619,109.66,109.66,109.66,109.66,0
BPS001,20120620,109.71,109.71,109.71,109.71,0
BPS001,20120621,109.73,109.73,109.73,109.73,0
BPS001,20120622,109.75,109.75,109.75,109.75,0
BPS001,20120625,109.85,109.85,109.85,109.85,0
BPS001,20120626,109.85,109.85,109.85,109.85,0
BPS001,20120627,109.88,109.88,109.88,109.88,0
BPS001,20120628,109.88,109.88,109.88,109.88,0
BPS001,20120629,109.94,109.94,109.94,109.94,0
BPS001,20120702,110.13,110.13,110.13,110.13,0
BPS001,20120703,110.16,110.16,110.16,110.16,0
BPS001,20120704,110.17,110.17,110.17,110.17,0
BPS001,20120705,110.19,110.19,110.19,110.19,0
BPS001,20120706,110.21,110.21,110.21,110.21,0
BPS001,20120709,110.23,110.23,110.23,110.23,0
BPS001,20120710,110.28,110.28,110.28,110.28,0
BPS001,20120711,110.29,110.29,110.29,110.29,0
BPS001,20120712,110.35,110.35,110.35,110.35,0
BPS001,20120713,110.36,110.36,110.36,110.36,0
BPS001,20120716,110.43,110.43,110.43,110.43,0
BPS001,20120717,110.43,110.43,110.43,110.43,0
BPS001,20120718,110.45,110.45,110.45,110.45,0
BPS001,20120719,110.50,110.50,110.50,110.50,0
BPS001,20120720,110.45,110.45,110.45,110.45,0
BPS001,20120723,110.53,110.53,110.53,110.53,0
BPS001,20120724,110.56,110.56,110.56,110.56,0
BPS001,20120725,110.59,110.59,110.59,110.59,0
BPS001,20120726,110.62,110.62,110.62,110.62,0
BPS001,20120727,110.63,110.63,110.63,110.63,0
BPS001,20120730,110.71,110.71,110.71,110.71,0
BPS001,20120731,110.72,110.72,110.72,110.72,0
BPS001,20120801,110.69,110.69,110.69,110.69,0
BPS001,20120802,110.70,110.70,110.70,110.70,0
BPS001,20120803,110.72,110.72,110.72,110.72,0
BPS001,20120806,110.84,110.84,110.84,110.84,0
BPS001,20120807,110.79,110.79,110.79,110.79,0
BPS001,20120808,110.82,110.82,110.82,110.82,0
BPS001,20120809,110.80,110.80,110.80,110.80,0
BPS001,20120810,110.78,110.78,110.78,110.78,0
BPS001,20120813,110.86,110.86,110.86,110.86,0
BPS001,20120814,110.95,110.95,110.95,110.95,0
BPS001,20120816,110.99,110.99,110.99,110.99,0
BPS001,20120817,111.01,111.01,111.01,111.01,0
BPS001,20120820,111.03,111.03,111.03,111.03,0
BPS001,20120821,111.06,111.06,111.06,111.06,0
BPS001,20120822,111.09,111.09,111.09,111.09,0
BPS001,20120823,111.12,111.12,111.12,111.12,0
BPS001,20120824,111.21,111.21,111.21,111.21,0
BPS001,20120827,111.28,111.28,111.28,111.28,0
BPS001,20120828,111.27,111.27,111.27,111.27,0
BPS001,20120829,111.26,111.26,111.26,111.26,0
BPS001,20120830,111.28,111.28,111.28,111.28,0
BPS001,20120831,111.30,111.30,111.30,111.30,0
BPS001,20120903,111.38,111.38,111.38,111.38,0
BPS001,20120904,111.38,111.38,111.38,111.38,0
BPS001,20120905,111.42,111.42,111.42,111.42,0
BPS001,20120906,111.43,111.43,111.43,111.43,0
BPS001,20120907,111.46,111.46,111.46,111.46,0
BPS001,20120910,111.53,111.53,111.53,111.53,0
BPS001,20120911,111.55,111.55,111.55,111.55,0
BPS001,20120912,111.54,111.54,111.54,111.54,0
BPS001,20120913,111.56,111.56,111.56,111.56,0
BPS001,20120914,111.51,111.51,111.51,111.51,0
BPS001,20120917,111.63,111.63,111.63,111.63,0
BPS001,20120918,111.65,111.65,111.65,111.65,0
BPS001,20120919,111.67,111.67,111.67,111.67,0
BPS001,20120920,111.70,111.70,111.70,111.70,0
BPS001,20120921,111.73,111.73,111.73,111.73,0
BPS001,20120924,111.79,111.79,111.79,111.79,0
BPS001,20120925,111.77,111.77,111.77,111.77,0
BPS001,20120926,111.77,111.77,111.77,111.77,0
BPS001,20120927,111.82,111.82,111.82,111.82,0
BPS001,20120928,111.87,111.87,111.87,111.87,0
BPS001,20121001,111.92,111.92,111.92,111.92,0
BPS001,20121002,111.95,111.95,111.95,111.95,0
BPS001,20121003,111.96,111.96,111.96,111.96,0
BPS001,20121004,111.97,111.97,111.97,111.97,0
BPS001,20121005,112.02,112.02,112.02,112.02,0
BPS001,20121008,112.09,112.09,112.09,112.09,0
BPS001,20121009,112.12,112.12,112.12,112.12,0
BPS001,20121010,112.15,112.15,112.15,112.15,0
BPS001,20121011,112.17,112.17,112.17,112.17,0
BPS001,20121012,112.18,112.18,112.18,112.18,0
BPS001,20121015,112.24,112.24,112.24,112.24,0
BPS001,20121016,112.24,112.24,112.24,112.24,0
BPS001,20121017,112.27,112.27,112.27,112.27,0
BPS001,20121018,112.30,112.30,112.30,112.30,0
BPS001,20121019,112.31,112.31,112.31,112.31,0
BPS001,20121022,112.38,112.38,112.38,112.38,0
BPS001,20121023,112.38,112.38,112.38,112.38,0
BPS001,20121024,112.40,112.40,112.40,112.40,0
BPS001,20121025,112.45,112.45,112.45,112.45,0
BPS001,20121026,112.52,112.52,112.52,112.52,0
BPS001,20121029,112.50,112.50,112.50,112.50,0
BPS001,20121030,112.55,112.55,112.55,112.55,0
BPS001,20121031,112.58,112.58,112.58,112.58,0
BPS001,20121102,112.67,112.67,112.67,112.67,0
BPS001,20121105,112.75,112.75,112.75,112.75,0
BPS001,20121106,112.77,112.77,112.77,112.77,0
BPS001,20121107,112.87,112.87,112.87,112.87,0
BPS001,20121108,112.90,112.90,112.90,112.90,0
BPS001,20121109,112.83,112.83,112.83,112.83,0
BPS001,20121112,112.90,112.90,112.90,112.90,0
BPS001,20121113,112.86,112.86,112.86,112.86,0
BPS001,20121114,112.85,112.85,112.85,112.85,0
BPS001,20121115,112.89,112.89,112.89,112.89,0
BPS001,20121116,112.87,112.87,112.87,112.87,0
BPS001,20121119,112.94,112.94,112.94,112.94,0
BPS001,20121120,112.93,112.93,112.93,112.93,0
BPS001,20121121,113.00,113.00,113.00,113.00,0
BPS001,20121122,113.02,113.02,113.02,113.02,0
BPS001,20121123,113.03,113.03,113.03,113.03,0
BPS001,20121126,113.12,113.12,113.12,113.12,0
BPS001,20121127,113.14,113.14,113.14,113.14,0
BPS001,20121128,113.20,113.20,113.20,113.20,0
BPS001,20121129,113.22,113.22,113.22,113.22,0
BPS001,20121130,113.28,113.28,113.28,113.28,0
BPS001,20121203,113.30,113.30,113.30,113.30,0
BPS001,20121204,113.37,113.37,113.37,113.37,0
BPS001,20121205,113.46,113.46,113.46,113.46,0
BPS001,20121206,113.45,113.45,113.45,113.45,0
BPS001,20121207,113.52,113.52,113.52,113.52,0
BPS001,20121210,113.61,113.61,113.61,113.61,0
BPS001,20121211,113.61,113.61,113.61,113.61,0
BPS001,20121212,113.65,113.65,113.65,113.65,0
BPS001,20121213,113.69,113.69,113.69,113.69,0
BPS001,20121214,113.65,113.65,113.65,113.65,0
BPS001,20121217,113.72,113.72,113.72,113.72,0
BPS001,20121218,113.71,113.71,113.71,113.71,0
BPS001,20121219,113.81,113.81,113.81,113.81,0
BPS001,20121220,113.91,113.91,113.91,113.91,0
BPS001,20121221,114.07,114.07,114.07,114.07,0
BPS001,20121227,114.29,114.29,114.29,114.29,0
BPS001,20121228,114.43,114.43,114.43,114.43,0
BPS001,20130102,114.53,114.53,114.53,114.53,0
BPS001,20130103,114.50,114.50,114.50,114.50,0
BPS001,20130104,114.34,114.34,114.34,114.34,0
BPS001,20130107,114.44,114.44,114.44,114.44,0
BPS001,20130108,114.41,114.41,114.41,114.41,0
BPS001,20130109,114.50,114.50,114.50,114.50,0
BPS001,20130110,114.45,114.45,114.45,114.45,0
BPS001,20130111,114.42,114.42,114.42,114.42,0
BPS001,20130114,114.37,114.37,114.37,114.37,0
BPS001,20130115,114.32,114.32,114.32,114.32,0
BPS001,20130116,114.28,114.28,114.28,114.28,0
BPS001,20130117,114.36,114.36,114.36,114.36,0
BPS001,20130118,114.41,114.41,114.41,114.41,0
BPS001,20130121,114.48,114.48,114.48,114.48,0
BPS001,20130122,114.46,114.46,114.46,114.46,0
BPS001,20130123,114.47,114.47,114.47,114.47,0
BPS001,20130124,114.57,114.57,114.57,114.57,0
BPS001,20130125,114.55,114.55,114.55,114.55,0
BPS001,20130128,114.66,114.66,114.66,114.66,0
BPS001,20130129,114.63,114.63,114.63,114.63,0
BPS001,20130130,114.64,114.64,114.64,114.64,0
BPS001,20130131,114.69,114.69,114.69,114.69,0
BPS001,20130201,114.73,114.73,114.73,114.73,0
BPS001,20130204,114.81,114.81,114.81,114.81,0
BPS001,20130205,114.80,114.80,114.80,114.80,0
BPS001,20130206,114.82,114.82,114.82,114.82,0
BPS001,20130207,114.82,114.82,114.82,114.82,0
BPS001,20130208,114.76,114.76,114.76,114.76,0
BPS001,20130211,114.89,114.89,114.89,114.89,0
BPS001,20130212,114.88,114.88,114.88,114.88,0
BPS001,20130213,114.83,114.83,114.83,114.83,0
BPS001,20130214,114.79,114.79,114.79,114.79,0
BPS001,20130215,114.88,114.88,114.88,114.88,0
BPS001,20130218,115.04,115.04,115.04,115.04,0
BPS001,20130219,115.03,115.03,115.03,115.03,0
BPS001,20130220,115.09,115.09,115.09,115.09,0
BPS001,20130221,115.13,115.13,115.13,115.13,0
BPS001,20130222,115.18,115.18,115.18,115.18,0
BPS001,20130225,115.27,115.27,115.27,115.27,0
BPS001,20130226,115.31,115.31,115.31,115.31,0
BPS001,20130227,115.33,115.33,115.33,115.33,0
BPS001,20130228,115.37,115.37,115.37,115.37,0
BPS001,20130301,115.44,115.44,115.44,115.44,0
BPS001,20130304,115.49,115.49,115.49,115.49,0
BPS001,20130305,115.47,115.47,115.47,115.47,0
BPS001,20130306,115.44,115.44,115.44,115.44,0
BPS001,20130307,115.51,115.51,115.51,115.51,0
BPS001,20130308,115.44,115.44,115.44,115.44,0
BPS001,20130311,115.55,115.55,115.55,115.55,0
BPS001,20130312,115.62,115.62,115.62,115.62,0
BPS001,20130313,115.63,115.63,115.63,115.63,0
BPS001,20130314,115.70,115.70,115.70,115.70,0
BPS001,20130315,115.69,115.69,115.69,115.69,0
BPS001,20130318,115.78,115.78,115.78,115.78,0
BPS001,20130319,115.76,115.76,115.76,115.76,0
BPS001,20130320,115.71,115.71,115.71,115.71,0
BPS001,20130321,115.75,115.75,115.75,115.75,0
BPS001,20130322,115.80,115.80,115.80,115.80,0
BPS001,20130325,115.80,115.80,115.80,115.80,0
BPS001,20130326,115.78,115.78,115.78,115.78,0
BPS001,20130327,115.85,115.85,115.85,115.85,0
BPS001,20130328,115.95,115.95,115.95,115.95,0
BPS001,20130402,116.04,116.04,116.04,116.04,0
BPS001,20130403,116.12,116.12,116.12,116.12,0
BPS001,20130404,116.13,116.13,116.13,116.13,0
BPS001,20130405,116.19,116.19,116.19,116.19,0
BPS001,20130408,116.30,116.30,116.30,116.30,0
BPS001,20130409,116.39,116.39,116.39,116.39,0
BPS001,20130410,116.44,116.44,116.44,116.44,0
BPS001,20130411,116.49,116.49,116.49,116.49,0
BPS001,20130412,116.57,116.57,116.57,116.57,0
BPS001,20130415,116.65,116.65,116.65,116.65,0
BPS001,20130417,116.76,116.76,116.76,116.76,0
BPS001,20130418,116.77,116.77,116.77,116.77,0
BPS001,20130419,116.79,116.79,116.79,116.79,0
BPS001,20130422,116.88,116.88,116.88,116.88,0
BPS001,20130423,116.97,116.97,116.97,116.97,0
BPS001,20130424,117.04,117.04,117.04,117.04,0
BPS001,20130425,117.11,117.11,117.11,117.11,0
BPS001,20130426,117.17,117.17,117.17,117.17,0
BPS001,20130429,117.31,117.31,117.31,117.31,0
BPS001,20130430,117.39,117.39,117.39,117.39,0
BPS001,20130502,117.52,117.52,117.52,117.52,0
BPS001,20130506,117.63,117.63,117.63,117.63,0
BPS001,20130507,117.64,117.64,117.64,117.64,0
BPS001,20130508,117.66,117.66,117.66,117.66,0
BPS001,20130509,117.77,117.77,117.77,117.77,0
BPS001,20130510,117.75,117.75,117.75,117.75,0
BPS001,20130513,117.85,117.85,117.85,117.85,0
BPS001,20130514,117.84,117.84,117.84,117.84,0
BPS001,20130515,117.89,117.89,117.89,117.89,0
BPS001,20130516,117.88,117.88,117.88,117.88,0
BPS001,20130517,117.93,117.93,117.93,117.93,0
BPS001,20130520,117.76,117.76,117.76,117.76,0
BPS001,20130521,117.79,117.79,117.79,117.79,0
BPS001,20130522,117.77,117.77,117.77,117.77,0
BPS001,20130523,117.80,117.80,117.80,117.80,0
BPS001,20130524,117.69,117.69,117.69,117.69,0
BPS001,20130527,117.76,117.76,117.76,117.76,0
BPS001,20130528,117.77,117.77,117.77,117.77,0
BPS001,20130529,117.81,117.81,117.81,117.81,0
BPS001,20130531,117.82,117.82,117.82,117.82,0
BPS001,20130603,117.90,117.90,117.90,117.90,0
BPS001,20130604,117.90,117.90,117.90,117.90,0
BPS001,20130605,117.92,117.92,117.92,117.92,0
BPS001,20130606,117.93,117.93,117.93,117.93,0
BPS001,20130607,117.90,117.90,117.90,117.90,0
BPS001,20130610,117.98,117.98,117.98,117.98,0
BPS001,20130611,117.90,117.90,117.90,117.90,0
BPS001,20130612,117.91,117.91,117.91,117.91,0
BPS001,20130613,117.62,117.62,117.62,117.62,0
BPS001,20130614,117.88,117.88,117.88,117.88,0
BPS001,20130617,117.89,117.89,117.89,117.89,0
BPS001,20130618,117.82,117.82,117.82,117.82,0
BPS001,20130619,117.89,117.89,117.89,117.89,0
BPS001,20130620,117.86,117.86,117.86,117.86,0
BPS001,20130621,117.73,117.73,117.73,117.73,0
BPS001,20130624,117.60,117.60,117.60,117.60,0
BPS001,20130625,117.56,117.56,117.56,117.56,0
BPS001,20130626,117.56,117.56,117.56,117.56,0
BPS001,20130627,117.60,117.60,117.60,117.60,0
BPS001,20130628,117.73,117.73,117.73,117.73,0
BPS001,20130701,117.81,117.81,117.81,117.81,0
BPS001,20130702,117.87,117.87,117.87,117.87,0
BPS001,20130703,117.84,117.84,117.84,117.84,0
BPS001,20130704,117.88,117.88,117.88,117.88,0
BPS001,20130705,117.96,117.96,117.96,117.96,0
BPS001,20130708,118.06,118.06,118.06,118.06,0
BPS001,20130709,118.08,118.08,118.08,118.08,0
BPS001,20130710,118.13,118.13,118.13,118.13,0
BPS001,20130711,118.19,118.19,118.19,118.19,0
BPS001,20130712,118.20,118.20,118.20,118.20,0
BPS001,20130715,118.32,118.32,118.32,118.32,0
BPS001,20130716,118.36,118.36,118.36,118.36,0
BPS001,20130717,118.38,118.38,118.38,118.38,0
BPS001,20130718,118.40,118.40,118.40,118.40,0
BPS001,20130719,118.45,118.45,118.45,118.45,0
BPS001,20130722,118.56,118.56,118.56,118.56,0
BPS001,20130723,118.58,118.58,118.58,118.58,0
BPS001,20130724,118.58,118.58,118.58,118.58,0
BPS001,20130725,118.62,118.62,118.62,118.62,0
BPS001,20130726,118.69,118.69,118.69,118.69,0
BPS001,20130729,118.73,118.73,118.73,118.73,0
BPS001,20130730,118.74,118.74,118.74,118.74,0
BPS001,20130731,118.73,118.73,118.73,118.73,0
BPS001,20130801,118.95,118.95,118.95,118.95,0
BPS001,20130802,119.03,119.03,119.03,119.03,0
BPS001,20130805,119.08,119.08,119.08,119.08,0
BPS001,20130806,119.09,119.09,119.09,119.09,0
BPS001,20130807,119.05,119.05,119.05,119.05,0
BPS001,20130808,119.07,119.07,119.07,119.07,0
BPS001,20130809,119.14,119.14,119.14,119.14,0
BPS001,20130812,119.19,119.19,119.19,119.19,0
BPS001,20130813,119.20,119.20,119.20,119.20,0
BPS001,20130814,119.27,119.27,119.27,119.27,0
BPS001,20130816,119.32,119.32,119.32,119.32,0
BPS001,20130819,119.38,119.38,119.38,119.38,0
BPS001,20130820,119.39,119.39,119.39,119.39,0
BPS001,20130821,119.45,119.45,119.45,119.45,0
BPS001,20130822,119.46,119.46,119.46,119.46,0
BPS001,20130823,119.50,119.50,119.50,119.50,0
BPS001,20130826,119.60,119.60,119.60,119.60,0
BPS001,20130827,119.61,119.61,119.61,119.61,0
BPS001,20130828,119.57,119.57,119.57,119.57,0
BPS001,20130829,119.57,119.57,119.57,119.57,0
BPS001,20130830,119.69,119.69,119.69,119.69,0
BPS001,20130902,119.77,119.77,119.77,119.77,0
BPS001,20130903,119.78,119.78,119.78,119.78,0
BPS001,20130904,119.79,119.79,119.79,119.79,0
BPS001,20130905,119.74,119.74,119.74,119.74,0
BPS001,20130906,119.65,119.65,119.65,119.65,0
BPS001,20130909,119.84,119.84,119.84,119.84,0
BPS001,20130910,119.82,119.82,119.82,119.82,0
BPS001,20130911,119.88,119.88,119.88,119.88,0
BPS001,20130912,119.95,119.95,119.95,119.95,0
BPS001,20130913,119.92,119.92,119.92,119.92,0
BPS001,20130916,120.00,120.00,120.00,120.00,0
BPS001,20130917,120.06,120.06,120.06,120.06,0
BPS001,20130918,120.06,120.06,120.06,120.06,0
BPS001,20130919,120.02,120.02,120.02,120.02,0
BPS001,20130920,120.04,120.04,120.04,120.04,0
BPS001,20130923,120.09,120.09,120.09,120.09,0
BPS001,20130924,120.11,120.11,120.11,120.11,0
BPS001,20130925,120.15,120.15,120.15,120.15,0
BPS001,20130926,120.12,120.12,120.12,120.12,0
BPS001,20130927,120.15,120.15,120.15,120.15,0
BPS001,20130930,120.24,120.24,120.24,120.24,0
BPS001,20131001,120.29,120.29,120.29,120.29,0
BPS001,20131002,120.26,120.26,120.26,120.26,0
BPS001,20131003,120.28,120.28,120.28,120.28,0
BPS001,20131004,120.32,120.32,120.32,120.32,0
BPS001,20131007,120.40,120.40,120.40,120.40,0
BPS001,20131008,120.42,120.42,120.42,120.42,0
BPS001,20131009,120.42,120.42,120.42,120.42,0
BPS001,20131010,120.42,120.42,120.42,120.42,0
BPS001,20131011,120.45,120.45,120.45,120.45,0
BPS001,20131014,120.48,120.48,120.48,120.48,0
BPS001,20131015,120.52,120.52,120.52,120.52,0
BPS001,20131016,120.55,120.55,120.55,120.55,0
BPS001,20131017,120.53,120.53,120.53,120.53,0
BPS001,20131018,120.56,120.56,120.56,120.56,0
BPS001,20131021,120.61,120.61,120.61,120.61,0
BPS001,20131022,120.62,120.62,120.62,120.62,0
BPS001,20131023,120.66,120.66,120.66,120.66,0
BPS001,20131024,120.64,120.64,120.64,120.64,0
BPS001,20131025,120.67,120.67,120.67,120.67,0
BPS001,20131028,120.71,120.71,120.71,120.71,0
BPS001,20131029,120.66,120.66,120.66,120.66,0
BPS001,20131030,120.66,120.66,120.66,120.66,0
BPS001,20131031,120.66,120.66,120.66,120.66,0
BPS001,20131104,120.86,120.86,120.86,120.86,0
BPS001,20131105,120.82,120.82,120.82,120.82,0
BPS001,20131106,120.83,120.83,120.83,120.83,0
BPS001,20131107,120.83,120.83,120.83,120.83,0
BPS001,20131108,120.88,120.88,120.88,120.88,0
BPS001,20131112,120.93,120.93,120.93,120.93,0
BPS001,20131113,120.95,120.95,120.95,120.95,0
BPS001,20131114,120.98,120.98,120.98,120.98,0
BPS001,20131115,120.97,120.97,120.97,120.97,0
BPS001,20131118,120.99,120.99,120.99,120.99,0
BPS001,20131119,120.95,120.95,120.95,120.95,0
BPS001,20131120,120.98,120.98,120.98,120.98,0
BPS001,20131121,120.93,120.93,120.93,120.93,0
BPS001,20131122,120.96,120.96,120.96,120.96,0
BPS001,20131125,121.01,121.01,121.01,121.01,0
BPS001,20131126,121.01,121.01,121.01,121.01,0
BPS001,20131127,121.02,121.02,121.02,121.02,0
BPS001,20131128,120.96,120.96,120.96,120.96,0
BPS001,20131129,120.97,120.97,120.97,120.97,0
BPS001,20131202,121.04,121.04,121.04,121.04,0
BPS001,20131203,121.07,121.07,121.07,121.07,0
BPS001,20131204,121.08,121.08,121.08,121.08,0
BPS001,20131205,121.10,121.10,121.10,121.10,0
BPS001,20131206,121.09,121.09,121.09,121.09,0
BPS001,20131209,121.18,121.18,121.18,121.18,0
BPS001,20131210,121.23,121.23,121.23,121.23,0
BPS001,20131211,121.27,121.27,121.27,121.27,0
BPS001,20131212,121.26,121.26,121.26,121.26,0
BPS001,20131213,121.25,121.25,121.25,121.25,0
BPS001,20131216,121.21,121.21,121.21,121.21,0
BPS001,20131217,121.26,121.26,121.26,121.26,0
BPS001,20131218,121.26,121.26,121.26,121.26,0
BPS001,20131219,121.27,121.27,121.27,121.27,0
BPS001,20131220,121.31,121.31,121.31,121.31,0
BPS001,20131223,121.41,121.41,121.41,121.41,0
BPS001,20131227,121.50,121.50,121.50,121.50,0
BPS001,20131230,121.56,121.56,121.56,121.56,0
BPS001,20140102,121.65,121.65,121.65,121.65,0
BPS001,20140103,121.65,121.65,121.65,121.65,0
BPS001,20140107,121.70,121.70,121.70,121.70,0
BPS001,20140108,121.71,121.71,121.71,121.71,0
BPS001,20140109,121.72,121.72,121.72,121.72,0
BPS001,20140110,121.80,121.80,121.80,121.80,0
BPS001,20140113,121.78,121.78,121.78,121.78,0
BPS001,20140114,121.80,121.80,121.80,121.80,0
BPS001,20140115,121.81,121.81,121.81,121.81,0
BPS001,20140116,121.84,121.84,121.84,121.84,0
BPS001,20140117,121.86,121.86,121.86,121.86,0
BPS001,20140120,121.90,121.90,121.90,121.90,0
BPS001,20140121,121.90,121.90,121.90,121.90,0
BPS001,20140122,121.91,121.91,121.91,121.91,0
BPS001,20140123,121.94,121.94,121.94,121.94,0
BPS001,20140124,121.93,121.93,121.93,121.93,0
BPS001,20140127,121.96,121.96,121.96,121.96,0
BPS001,20140128,121.97,121.97,121.97,121.97,0
BPS001,20140129,121.96,121.96,121.96,121.96,0
BPS001,20140130,121.80,121.80,121.80,121.80,0
BPS001,20140131,121.87,121.87,121.87,121.87,0
BPS001,20140203,121.88,121.88,121.88,121.88,0
BPS001,20140204,121.91,121.91,121.91,121.91,0
BPS001,20140205,121.92,121.92,121.92,121.92,0
BPS001,20140206,121.96,121.96,121.96,121.96,0
BPS001,20140207,121.99,121.99,121.99,121.99,0
BPS001,20140210,122.06,122.06,122.06,122.06,0
BPS001,20140211,122.06,122.06,122.06,122.06,0
BPS001,20140212,122.07,122.07,122.07,122.07,0
BPS001,20140213,122.07,122.07,122.07,122.07,0
BPS001,20140214,122.12,122.12,122.12,122.12,0
BPS001,20140217,122.15,122.15,122.15,122.15,0
BPS001,20140218,122.19,122.19,122.19,122.19,0
BPS001,20140219,122.20,122.20,122.20,122.20,0
BPS001,20140220,122.21,122.21,122.21,122.21,0
BPS001,20140221,122.23,122.23,122.23,122.23,0
BPS001,20140224,122.33,122.33,122.33,122.33,0
BPS001,20140225,122.35,122.35,122.35,122.35,0
BPS001,20140226,122.33,122.33,122.33,122.33,0
BPS001,20140227,122.36,122.36,122.36,122.36,0
BPS001,20140228,122.40,122.40,122.40,122.40,0
BPS001,20140303,122.47,122.47,122.47,122.47,0
BPS001,20140304,122.44,122.44,122.44,122.44,0
BPS001,20140305,122.45,122.45,122.45,122.45,0
BPS001,20140306,122.49,122.49,122.49,122.49,0
BPS001,20140307,122.55,122.55,122.55,122.55,0
BPS001,20140310,122.61,122.61,122.61,122.61,0
BPS001,20140311,122.67,122.67,122.67,122.67,0
BPS001,20140312,122.63,122.63,122.63,122.63,0
BPS001,20140313,122.64,122.64,122.64,122.64,0
BPS001,20140314,122.60,122.60,122.60,122.60,0
BPS001,20140317,122.65,122.65,122.65,122.65,0
BPS001,20140318,122.68,122.68,122.68,122.68,0
BPS001,20140319,122.72,122.72,122.72,122.72,0
BPS001,20140320,122.73,122.73,122.73,122.73,0
BPS001,20140321,122.73,122.73,122.73,122.73,0
BPS001,20140324,122.77,122.77,122.77,122.77,0
BPS001,20140325,122.77,122.77,122.77,122.77,0
BPS001,20140326,122.79,122.79,122.79,122.79,0
BPS001,20140327,122.82,122.82,122.82,122.82,0
BPS001,20140328,122.78,122.78,122.78,122.78,0
BPS001,20140331,122.80,122.80,122.80,122.80,0
BPS001,20140401,122.90,122.90,122.90,122.90,0
BPS001,20140402,122.91,122.91,122.91,122.91,0
BPS001,20140403,122.92,122.92,122.92,122.92,0
BPS001,20140404,122.96,122.96,122.96,122.96,0
BPS001,20140407,123.00,123.00,123.00,123.00,0
BPS001,20140408,123.02,123.02,123.02,123.02,0
BPS001,20140409,123.02,123.02,123.02,123.02,0
BPS001,20140410,123.04,123.04,123.04,123.04,0
BPS001,20140411,123.05,123.05,123.05,123.05,0
BPS001,20140414,123.08,123.08,123.08,123.08,0
BPS001,20140415,123.10,123.10,123.10,123.10,0
BPS001,20140416,123.10,123.10,123.10,123.10,0
BPS001,20140417,123.10,123.10,123.10,123.10,0
BPS001,20140422,123.17,123.17,123.17,123.17,0
BPS001,20140423,123.21,123.21,123.21,123.21,0
BPS001,20140424,123.20,123.20,123.20,123.20,0
BPS001,20140425,123.21,123.21,123.21,123.21,0
BPS001,20140428,123.28,123.28,123.28,123.28,0
BPS001,20140429,123.29,123.29,123.29,123.29,0
BPS001,20140430,123.28,123.28,123.28,123.28,0
BPS001,20140502,123.34,123.34,123.34,123.34,0
BPS001,20140505,123.39,123.39,123.39,123.39,0
BPS001,20140506,123.39,123.39,123.39,123.39,0
BPS001,20140507,123.37,123.37,123.37,123.37,0
BPS001,20140508,123.43,123.43,123.43,123.43,0
BPS001,20140509,123.51,123.51,123.51,123.51,0
BPS001,20140512,123.52,123.52,123.52,123.52,0
BPS001,20140513,123.50,123.50,123.50,123.50,0
BPS001,20140514,123.59,123.59,123.59,123.59,0
BPS001,20140515,123.64,123.64,123.64,123.64,0
BPS001,20140516,123.64,123.64,123.64,123.64,0
BPS001,20140519,123.67,123.67,123.67,123.67,0
BPS001,20140520,123.70,123.70,123.70,123.70,0
BPS001,20140521,123.67,123.67,123.67,123.67,0
BPS001,20140522,123.67,123.67,123.67,123.67,0
BPS001,20140523,123.68,123.68,123.68,123.68,0
BPS001,20140526,123.72,123.72,123.72,123.72,0
BPS001,20140527,123.74,123.74,123.74,123.74,0
BPS001,20140528,123.72,123.72,123.72,123.72,0
BPS001,20140529,123.77,123.77,123.77,123.77,0
BPS001,20140530,123.85,123.85,123.85,123.85,0
BPS001,20140602,123.85,123.85,123.85,123.85,0
BPS001,20140603,123.88,123.88,123.88,123.88,0
BPS001,20140604,123.87,123.87,123.87,123.87,0
BPS001,20140605,123.90,123.90,123.90,123.90,0
BPS001,20140606,123.95,123.95,123.95,123.95,0
BPS001,20140609,124.02,124.02,124.02,124.02,0
BPS001,20140610,124.03,124.03,124.03,124.03,0
BPS001,20140611,124.00,124.00,124.00,124.00,0
BPS001,20140612,123.96,123.96,123.96,123.96,0
BPS001,20140613,123.99,123.99,123.99,123.99,0
BPS001,20140616,124.07,124.07,124.07,124.07,0
BPS001,20140617,124.11,124.11,124.11,124.11,0
BPS001,20140618,124.08,124.08,124.08,124.08,0
BPS001,20140620,124.10,124.10,124.10,124.10,0
BPS001,20140623,124.13,124.13,124.13,124.13,0
BPS001,20140624,124.10,124.10,124.10,124.10,0
BPS001,20140625,124.11,124.11,124.11,124.11,0
BPS001,20140626,124.12,124.12,124.12,124.12,0
BPS001,20140627,124.11,124.11,124.11,124.11,0
BPS001,20140630,124.14,124.14,124.14,124.14,0
BPS001,20140701,124.14,124.14,124.14,124.14,0
BPS001,20140702,124.18,124.18,124.18,124.18,0
BPS001,20140703,124.20,124.20,124.20,124.20,0
BPS001,20140704,124.22,124.22,124.22,124.22,0
BPS001,20140707,124.25,124.25,124.25,124.25,0
BPS001,20140708,124.25,124.25,124.25,124.25,0
BPS001,20140709,124.27,124.27,124.27,124.27,0
BPS001,20140710,124.29,124.29,124.29,124.29,0
BPS001,20140711,124.29,124.29,124.29,124.29,0
BPS001,20140714,124.32,124.32,124.32,124.32,0
BPS001,20140715,124.33,124.33,124.33,124.33,0
BPS001,20140716,124.32,124.32,124.32,124.32,0
BPS001,20140717,124.33,124.33,124.33,124.33,0
BPS001,20140718,124.36,124.36,124.36,124.36,0
BPS001,20140721,124.39,124.39,124.39,124.39,0
BPS001,20140722,124.39,124.39,124.39,124.39,0
BPS001,20140723,124.42,124.42,124.42,124.42,0
BPS001,20140724,124.49,124.49,124.49,124.49,0
BPS001,20140725,124.48,124.48,124.48,124.48,0
BPS001,20140728,124.50,124.50,124.50,124.50,0
BPS001,20140729,124.51,124.51,124.51,124.51,0
BPS001,20140730,124.51,124.51,124.51,124.51,0
BPS001,20140731,124.53,124.53,124.53,124.53,0
BPS001,20140801,124.50,124.50,124.50,124.50,0
BPS001,20140804,124.53,124.53,124.53,124.53,0
BPS001,20140805,124.57,124.57,124.57,124.57,0
BPS001,20140806,124.54,124.54,124.54,124.54,0
BPS001,20140807,124.55,124.55,124.55,124.55,0
BPS001,20140808,124.58,124.58,124.58,124.58,0
BPS001,20140811,124.63,124.63,124.63,124.63,0
BPS001,20140812,124.63,124.63,124.63,124.63,0
BPS001,20140813,124.65,124.65,124.65,124.65,0
BPS001,20140814,124.72,124.72,124.72,124.72,0
BPS001,20140818,124.78,124.78,124.78,124.78,0
BPS001,20140819,124.82,124.82,124.82,124.82,0
BPS001,20140821,124.89,124.89,124.89,124.89,0
BPS001,20140822,124.89,124.89,124.89,124.89,0
BPS001,20140825,124.94,124.94,124.94,124.94,0
BPS001,20140826,124.95,124.95,124.95,124.95,0
BPS001,20140827,125.05,125.05,125.05,125.05,0
BPS001,20140828,125.08,125.08,125.08,125.08,0
BPS001,20140829,125.04,125.04,125.04,125.04,0
BPS001,20140902,125.09,125.09,125.09,125.09,0
BPS001,20140903,125.08,125.08,125.08,125.08,0
BPS001,20140904,125.16,125.16,125.16,125.16,0
BPS001,20140905,125.18,125.18,125.18,125.18,0
BPS001,20140908,125.23,125.23,125.23,125.23,0
BPS001,20140909,125.16,125.16,125.16,125.16,0
BPS001,20140910,125.11,125.11,125.11,125.11,0
BPS001,20140911,125.14,125.14,125.14,125.14,0
BPS001,20140919,125.17,125.17,125.17,125.17,0
BPS001,20140922,125.23,125.23,125.23,125.23,0
BPS001,20140923,125.26,125.26,125.26,125.26,0
BPS001,20140924,125.29,125.29,125.29,125.29,0
BPS001,20140925,125.31,125.31,125.31,125.31,0
BPS001,20140926,125.34,125.34,125.34,125.34,0
BPS001,20140930,125.35,125.35,125.35,125.35,0
BPS001,20141001,125.34,125.34,125.34,125.34,0
BPS001,20141002,125.34,125.34,125.34,125.34,0
BPS001,20141003,125.33,125.33,125.33,125.33,0
BPS001,20141007,125.40,125.40,125.40,125.40,0
BPS001,20141008,125.42,125.42,125.42,125.42,0
BPS001,20141009,125.47,125.47,125.47,125.47,0
BPS001,20141010,125.46,125.46,125.46,125.46,0
BPS001,20141013,125.49,125.49,125.49,125.49,0
BPS001,20141014,125.50,125.50,125.50,125.50,0
BPS001,20141015,125.57,125.57,125.57,125.57,0
BPS001,20141016,125.54,125.54,125.54,125.54,0
BPS001,20141017,125.53,125.53,125.53,125.53,0
BPS001,20141020,125.60,125.60,125.60,125.60,0
BPS001,20141021,125.58,125.58,125.58,125.58,0
BPS001,20141022,125.57,125.57,125.57,125.57,0
BPS001,20141023,125.54,125.54,125.54,125.54,0
BPS001,20141027,125.53,125.53,125.53,125.53,0
BPS001,20141028,125.54,125.54,125.54,125.54,0
BPS001,20141029,125.54,125.54,125.54,125.54,0
BPS001,20141030,125.53,125.53,125.53,125.53,0
BPS001,20141031,125.53,125.53,125.53,125.53,0
BPS001,20141103,125.59,125.59,125.59,125.59,0
BPS001,20141104,125.61,125.61,125.61,125.61,0
BPS001,20141105,125.60,125.60,125.60,125.60,0
BPS001,20141106,125.59,125.59,125.59,125.59,0
BPS001,20141107,125.53,125.53,125.53,125.53,0
BPS001,20141110,125.61,125.61,125.61,125.61,0
BPS001,20141112,125.62,125.62,125.62,125.62,0
BPS001,20141113,125.67,125.67,125.67,125.67,0
BPS001,20141114,125.64,125.64,125.64,125.64,0
BPS001,20141117,125.67,125.67,125.67,125.67,0
BPS001,20141118,125.66,125.66,125.66,125.66,0
BPS001,20141119,125.67,125.67,125.67,125.67,0
BPS001,20141120,125.67,125.67,125.67,125.67,0
BPS001,20141121,125.68,125.68,125.68,125.68,0
BPS001,20141124,125.71,125.71,125.71,125.71,0
BPS001,20141125,125.73,125.73,125.73,125.73,0
BPS001,20141126,125.77,125.77,125.77,125.77,0
BPS001,20141127,125.82,125.82,125.82,125.82,0
BPS001,20141128,125.84,125.84,125.84,125.84,0
BPS001,20141201,125.86,125.86,125.86,125.86,0
BPS001,20141202,125.83,125.83,125.83,125.83,0
BPS001,20141203,125.79,125.79,125.79,125.79,0
BPS001,20141204,125.80,125.80,125.80,125.80,0
BPS001,20141205,125.82,125.82,125.82,125.82,0
BPS001,20141208,125.81,125.81,125.81,125.81,0
BPS001,20141209,125.81,125.81,125.81,125.81,0
BPS001,20141210,125.79,125.79,125.79,125.79,0
BPS001,20141211,125.75,125.75,125.75,125.75,0
BPS001,20141212,125.76,125.76,125.76,125.76,0
BPS001,20141215,125.80,125.80,125.80,125.80,0
BPS001,20141216,125.78,125.78,125.78,125.78,0
BPS001,20141217,125.70,125.70,125.70,125.70,0
BPS001,20141218,125.73,125.73,125.73,125.73,0
BPS001,20141219,125.73,125.73,125.73,125.73,0
BPS001,20141222,125.63,125.63,125.63,125.63,0
BPS001,20141223,125.66,125.66,125.66,125.66,0
BPS001,20141229,125.70,125.70,125.70,125.70,0
BPS001,20141230,125.77,125.77,125.77,125.77,0
BPS001,20150102,125.79,125.79,125.79,125.79,0
BPS001,20150105,125.86,125.86,125.86,125.86,0
BPS001,20150107,125.88,125.88,125.88,125.88,0
BPS001,20150108,125.91,125.91,125.91,125.91,0
BPS001,20150109,125.95,125.95,125.95,125.95,0
BPS001,20150112,125.93,125.93,125.93,125.93,0
BPS001,20150113,125.97,125.97,125.97,125.97,0
BPS001,20150114,125.92,125.92,125.92,125.92,0
BPS001,20150115,126.00,126.00,126.00,126.00,0
BPS001,20150116,126.01,126.01,126.01,126.01,0
BPS001,20150119,126.04,126.04,126.04,126.04,0
BPS001,20150120,126.07,126.07,126.07,126.07,0
BPS001,20150121,126.14,126.14,126.14,126.14,0
BPS001,20150122,126.09,126.09,126.09,126.09,0
BPS001,20150123,126.33,126.33,126.33,126.33,0
BPS001,20150126,126.39,126.39,126.39,126.39,0
BPS001,20150127,126.35,126.35,126.35,126.35,0
BPS001,20150128,126.41,126.41,126.41,126.41,0
BPS001,20150129,126.44,126.44,126.44,126.44,0
BPS001,20150130,126.48,126.48,126.48,126.48,0
BPS001,20150202,126.66,126.66,126.66,126.66,0
BPS001,20150203,126.61,126.61,126.61,126.61,0
BPS001,20150204,126.60,126.60,126.60,126.60,0
BPS001,20150205,126.60,126.60,126.60,126.60,0
BPS001,20150206,126.59,126.59,126.59,126.59,0
BPS001,20150209,126.62,126.62,126.62,126.62,0
BPS001,20150210,126.58,126.58,126.58,126.58,0
BPS001,20150211,126.58,126.58,126.58,126.58,0
BPS001,20150212,126.59,126.59,126.59,126.59,0
BPS001,20150213,126.70,126.70,126.70,126.70,0
BPS001,20150216,126.70,126.70,126.70,126.70,0
BPS001,20150217,126.73,126.73,126.73,126.73,0
BPS001,20150218,126.68,126.68,126.68,126.68,0
BPS001,20150219,126.72,126.72,126.72,126.72,0
BPS001,20150220,126.73,126.73,126.73,126.73,0
BPS001,20150223,126.73,126.73,126.73,126.73,0
BPS001,20150224,126.78,126.78,126.78,126.78,0
BPS001,20150225,126.78,126.78,126.78,126.78,0
BPS001,20150226,126.82,126.82,126.82,126.82,0
BPS001,20150227,126.83,126.83,126.83,126.83,0
BPS001,20150302,126.77,126.77,126.77,126.77,0
BPS001,20150303,126.80,126.80,126.80,126.80,0
BPS001,20150304,126.77,126.77,126.77,126.77,0
BPS001,20150305,126.84,126.84,126.84,126.84,0
BPS001,20150306,126.92,126.92,126.92,126.92,0
BPS001,20150309,126.92,126.92,126.92,126.92,0
BPS001,20150310,126.89,126.89,126.89,126.89,0
BPS001,20150311,126.89,126.89,126.89,126.89,0
BPS001,20150312,126.91,126.91,126.91,126.91,0
BPS001,20150313,126.97,126.97,126.97,126.97,0
BPS001,20150316,126.99,126.99,126.99,126.99,0
BPS001,20150317,126.99,126.99,126.99,126.99,0
BPS001,20150318,126.98,126.98,126.98,126.98,0
BPS001,20150319,127.00,127.00,127.00,127.00,0
BPS001,20150320,127.02,127.02,127.02,127.02,0
BPS001,20150323,127.15,127.15,127.15,127.15,0
BPS001,20150324,127.16,127.16,127.16,127.16,0
BPS001,20150325,127.14,127.14,127.14,127.14,0
BPS001,20150326,127.12,127.12,127.12,127.12,0
BPS001,20150327,127.11,127.11,127.11,127.11,0
BPS001,20150330,127.14,127.14,127.14,127.14,0
BPS001,20150331,127.15,127.15,127.15,127.15,0
BPS001,20150401,127.15,127.15,127.15,127.15,0
BPS001,20150402,127.17,127.17,127.17,127.17,0
BPS001,20150407,127.21,127.21,127.21,127.21,0
BPS001,20150408,127.25,127.25,127.25,127.25,0
BPS001,20150409,127.27,127.27,127.27,127.27,0
BPS001,20150410,127.27,127.27,127.27,127.27,0
BPS001,20150413,127.29,127.29,127.29,127.29,0
BPS001,20150414,127.31,127.31,127.31,127.31,0
BPS001,20150415,127.32,127.32,127.32,127.32,0
BPS001,20150416,127.33,127.33,127.33,127.33,0
BPS001,20150417,127.32,127.32,127.32,127.32,0
BPS001,20150420,127.34,127.34,127.34,127.34,0
BPS001,20150421,127.32,127.32,127.32,127.32,0
BPS001,20150422,127.25,127.25,127.25,127.25,0
BPS001,20150423,127.22,127.22,127.22,127.22,0
BPS001,20150424,127.25,127.25,127.25,127.25,0
BPS001,20150427,127.30,127.30,127.30,127.30,0
BPS001,20150428,127.30,127.30,127.30,127.30,0
BPS001,20150429,127.26,127.26,127.26,127.26,0
BPS001,20150430,127.26,127.26,127.26,127.26,0
BPS001,20150504,127.23,127.23,127.23,127.23,0
BPS001,20150505,127.22,127.22,127.22,127.22,0
BPS001,20150506,127.12,127.12,127.12,127.12,0
BPS001,20150507,127.13,127.13,127.13,127.13,0
BPS001,20150508,127.28,127.28,127.28,127.28,0
BPS001,20150511,127.28,127.28,127.28,127.28,0
BPS001,20150512,127.21,127.21,127.21,127.21,0
BPS001,20150513,127.26,127.26,127.26,127.26,0
BPS001,20150514,127.26,127.26,127.26,127.26,0
BPS001,20150515,127.37,127.37,127.37,127.37,0
BPS001,20150518,127.35,127.35,127.35,127.35,0
BPS001,20150519,127.38,127.38,127.38,127.38,0
BPS001,20150520,127.38,127.38,127.38,127.38,0
BPS001,20150521,127.40,127.40,127.40,127.40,0
BPS001,20150522,127.39,127.39,127.39,127.39,0
BPS001,20150525,127.40,127.40,127.40,127.40,0
BPS001,20150526,127.39,127.39,127.39,127.39,0
BPS001,20150527,127.42,127.42,127.42,127.42,0
BPS001,20150528,127.45,127.45,127.45,127.45,0
BPS001,20150529,127.46,127.46,127.46,127.46,0
BPS001,20150601,127.57,127.57,127.57,127.57,0
BPS001,20150602,127.56,127.56,127.56,127.56,0
BPS001,20150603,127.60,127.60,127.60,127.60,0
BPS001,20150605,127.60,127.60,127.60,127.60,0
BPS001,20150608,127.64,127.64,127.64,127.64,0
BPS001,20150609,127.63,127.63,127.63,127.63,0
BPS001,20150610,127.60,127.60,127.60,127.60,0
BPS001,20150611,127.60,127.60,127.60,127.60,0
BPS001,20150612,127.63,127.63,127.63,127.63,0
BPS001,20150615,127.65,127.65,127.65,127.65,0
BPS001,20150616,127.59,127.59,127.59,127.59,0
BPS001,20150617,127.63,127.63,127.63,127.63,0
BPS001,20150618,127.66,127.66,127.66,127.66,0
BPS001,20150619,127.66,127.66,127.66,127.66,0
BPS001,20150622,127.73,127.73,127.73,127.73,0
BPS001,20150623,127.77,127.77,127.77,127.77,0
BPS001,20150624,127.76,127.76,127.76,127.76,0
BPS001,20150625,127.72,127.72,127.72,127.72,0
BPS001,20150626,127.71,127.71,127.71,127.71,0
BPS001,20150629,127.68,127.68,127.68,127.68,0
BPS001,20150630,127.66,127.66,127.66,127.66,0
BPS001,20150701,127.67,127.67,127.67,127.67,0
BPS001,20150702,127.70,127.70,127.70,127.70,0
BPS001,20150703,127.70,127.70,127.70,127.70,0
BPS001,20150706,127.70,127.70,127.70,127.70,0
BPS001,20150707,127.73,127.73,127.73,127.73,0
BPS001,20150708,127.76,127.76,127.76,127.76,0
BPS001,20150709,127.76,127.76,127.76,127.76,0
BPS001,20150710,127.72,127.72,127.72,127.72,0
BPS001,20150713,127.75,127.75,127.75,127.75,0
BPS001,20150714,127.77,127.77,127.77,127.77,0
BPS001,20150715,127.77,127.77,127.77,127.77,0
BPS001,20150716,127.77,127.77,127.77,127.77,0
BPS001,20150717,127.79,127.79,127.79,127.79,0
BPS001,20150720,127.84,127.84,127.84,127.84,0
BPS001,20150721,127.81,127.81,127.81,127.81,0
BPS001,20150722,127.80,127.80,127.80,127.80,0
BPS001,20150723,127.76,127.76,127.76,127.76,0
BPS001,20150724,127.76,127.76,127.76,127.76,0
BPS001,20150727,127.83,127.83,127.83,127.83,0
BPS001,20150728,127.86,127.86,127.86,127.86,0
BPS001,20150729,127.89,127.89,127.89,127.89,0
BPS001,20150730,127.87,127.87,127.87,127.87,0
BPS001,20150731,127.87,127.87,127.87,127.87,0
BPS001,20150803,127.82,127.82,127.82,127.82,0
BPS001,20150804,127.85,127.85,127.85,127.85,0
BPS001,20150805,127.83,127.83,127.83,127.83,0
BPS001,20150806,127.82,127.82,127.82,127.82,0
BPS001,20150807,127.92,127.92,127.92,127.92,0
BPS001,20150810,127.96,127.96,127.96,127.96,0
BPS001,20150811,127.99,127.99,127.99,127.99,0
BPS001,20150812,127.96,127.96,127.96,127.96,0
BPS001,20150813,127.90,127.90,127.90,127.90,0
BPS001,20150814,127.92,127.92,127.92,127.92,0
BPS001,20150817,127.92,127.92,127.92,127.92,0
BPS001,20150818,127.92,127.92,127.92,127.92,0
BPS001,20150819,127.90,127.90,127.90,127.90,0
BPS001,20150820,127.89,127.89,127.89,127.89,0
BPS001,20150821,127.90,127.90,127.90,127.90,0
BPS001,20150824,127.88,127.88,127.88,127.88,0
BPS001,20150825,127.82,127.82,127.82,127.82,0
BPS001,20150826,127.83,127.83,127.83,127.83,0
BPS001,20150827,127.84,127.84,127.84,127.84,0
BPS001,20150828,127.86,127.86,127.86,127.86,0
BPS001,20150831,127.86,127.86,127.86,127.86,0
BPS001,20150901,127.89,127.89,127.89,127.89,0
BPS001,20150902,127.87,127.87,127.87,127.87,0
BPS001,20150903,127.87,127.87,127.87,127.87,0
BPS001,20150904,127.90,127.90,127.90,127.90,0
BPS001,20150907,127.90,127.90,127.90,127.90,0
BPS001,20150908,127.90,127.90,127.90,127.90,0
BPS001,20150909,127.87,127.87,127.87,127.87,0
BPS001,20150910,127.89,127.89,127.89,127.89,0
BPS001,20150911,127.82,127.82,127.82,127.82,0
BPS001,20150914,127.81,127.81,127.81,127.81,0
BPS001,20150915,127.75,127.75,127.75,127.75,0
BPS001,20150916,127.75,127.75,127.75,127.75,0
BPS001,20150917,127.72,127.72,127.72,127.72,0
BPS001,20150918,127.76,127.76,127.76,127.76,0
BPS001,20150921,127.82,127.82,127.82,127.82,0
BPS001,20150922,127.83,127.83,127.83,127.83,0
BPS001,20150923,127.91,127.91,127.91,127.91,0
BPS001,20150924,127.92,127.92,127.92,127.92,0
BPS001,20150925,127.93,127.93,127.93,127.93,0
BPS001,20150928,127.95,127.95,127.95,127.95,0
BPS001,20150929,127.86,127.86,127.86,127.86,0
BPS001,20150930,127.87,127.87,127.87,127.87,0
BPS001,20151001,127.86,127.86,127.86,127.86,0
BPS001,20151002,127.87,127.87,127.87,127.87,0
BPS001,20151005,127.88,127.88,127.88,127.88,0
BPS001,20151006,127.95,127.95,127.95,127.95,0
BPS001,20151007,127.90,127.90,127.90,127.90,0
BPS001,20151008,127.92,127.92,127.92,127.92,0
BPS001,20151009,127.96,127.96,127.96,127.96,0
BPS001,20151012,127.97,127.97,127.97,127.97,0
BPS001,20151013,128.01,128.01,128.01,128.01,0
BPS001,20151014,128.02,128.02,128.02,128.02,0
BPS001,20151015,128.09,128.09,128.09,128.09,0
BPS001,20151016,128.03,128.03,128.03,128.03,0
BPS001,20151019,128.10,128.10,128.10,128.10,0
BPS001,20151020,128.12,128.12,128.12,128.12,0
BPS001,20151021,128.12,128.12,128.12,128.12,0
BPS001,20151022,128.16,128.16,128.16,128.16,0
BPS001,20151023,128.19,128.19,128.19,128.19,0
BPS001,20151026,128.24,128.24,128.24,128.24,0
BPS001,20151027,128.23,128.23,128.23,128.23,0
BPS001,20151028,128.23,128.23,128.23,128.23,0
BPS001,20151029,128.24,128.24,128.24,128.24,0
BPS001,20151030,128.20,128.20,128.20,128.20,0
BPS001,20151102,128.20,128.20,128.20,128.20,0
BPS001,20151103,128.23,128.23,128.23,128.23,0
BPS001,20151104,128.25,128.25,128.25,128.25,0
BPS001,20151105,128.24,128.24,128.24,128.24,0
BPS001,20151106,128.25,128.25,128.25,128.25,0
BPS001,20151109,128.25,128.25,128.25,128.25,0
BPS001,20151110,128.22,128.22,128.22,128.22,0
BPS001,20151112,128.25,128.25,128.25,128.25,0
BPS001,20151113,128.28,128.28,128.28,128.28,0
BPS001,20151116,128.13,128.13,128.13,128.13,0
BPS001,20151117,128.11,128.11,128.11,128.11,0
BPS001,20151118,128.07,128.07,128.07,128.07,0
BPS001,20151119,128.05,128.05,128.05,128.05,0
BPS001,20151120,128.14,128.14,128.14,128.14,0
BPS001,20151123,127.96,127.96,127.96,127.96,0
BPS001,20151124,128.02,128.02,128.02,128.02,0
BPS001,20151125,127.88,127.88,127.88,127.88,0
BPS001,20151126,128.23,128.23,128.23,128.23,0
BPS001,20151127,128.24,128.24,128.24,128.24,0
BPS001,20151130,128.27,128.27,128.27,128.27,0
BPS001,20151201,128.31,128.31,128.31,128.31,0
BPS001,20151202,128.26,128.26,128.26,128.26,0
BPS001,20151203,128.25,128.25,128.25,128.25,0
BPS001,20151204,128.15,128.15,128.15,128.15,0
BPS001,20151207,128.15,128.15,128.15,128.15,0
BPS001,20151208,128.04,128.04,128.04,128.04,0
BPS001,20151209,127.91,127.91,127.91,127.91,0
BPS001,20151210,128.01,128.01,128.01,128.01,0
BPS001,20151211,128.02,128.02,128.02,128.02,0
BPS001,20151214,128.01,128.01,128.01,128.01,0
BPS001,20151215,127.82,127.82,127.82,127.82,0
BPS001,20151216,127.91,127.91,127.91,127.91,0
BPS001,20151217,127.93,127.93,127.93,127.93,0
BPS001,20151218,127.87,127.87,127.87,127.87,0
BPS001,20151221,127.98,127.98,127.98,127.98,0
BPS001,20151222,127.91,127.91,127.91,127.91,0
BPS001,20151223,127.93,127.93,127.93,127.93,0
BPS001,20151228,127.94,127.94,127.94,127.94,0
BPS001,20151229,128.02,128.02,128.02,128.02,0
BPS001,20151230,128.23,128.23,128.23,128.23,0
BPS001,20160104,128.44,128.44,128.44,128.44,0
BPS001,20160105,128.36,128.36,128.36,128.36,0
BPS001,20160107,128.69,128.69,128.69,128.69,0
BPS001,20160108,128.66,128.66,128.66,128.66,0
BPS001,20160111,128.73,128.73,128.73,128.73,0
BPS001,20160112,128.65,128.65,128.65,128.65,0
BPS001,20160113,128.72,128.72,128.72,128.72,0
BPS001,20160114,128.72,128.72,128.72,128.72,0
BPS001,20160115,128.55,128.55,128.55,128.55,0
BPS001,20160118,128.46,128.46,128.46,128.46,0
BPS001,20160119,128.38,128.38,128.38,128.38,0
BPS001,20160120,128.40,128.40,128.40,128.40,0
BPS001,20160121,128.30,128.30,128.30,128.30,0
BPS001,20160122,128.25,128.25,128.25,128.25,0
BPS001,20160125,128.24,128.24,128.24,128.24,0
BPS001,20160126,128.18,128.18,128.18,128.18,0
BPS001,20160127,128.11,128.11,128.11,128.11,0
BPS001,20160128,128.10,128.10,128.10,128.10,0
BPS001,20160129,128.11,128.11,128.11,128.11,0
BPS001,20160201,128.02,128.02,128.02,128.02,0
BPS001,20160202,128.01,128.01,128.01,128.01,0
BPS001,20160203,128.02,128.02,128.02,128.02,0
BPS001,20160204,128.05,128.05,128.05,128.05,0
BPS001,20160205,127.99,127.99,127.99,127.99,0
BPS001,20160208,127.90,127.90,127.90,127.90,0
BPS001,20160209,127.73,127.73,127.73,127.73,0
BPS001,20160210,127.83,127.83,127.83,127.83,0
BPS001,20160211,127.81,127.81,127.81,127.81,0
BPS001,20160212,127.77,127.77,127.77,127.77,0
BPS001,20160215,127.81,127.81,127.81,127.81,0
BPS001,20160216,127.75,127.75,127.75,127.75,0
BPS001,20160217,127.72,127.72,127.72,127.72,0
BPS001,20160218,127.83,127.83,127.83,127.83,0
BPS001,20160219,127.97,127.97,127.97,127.97,0
BPS001,20160222,128.16,128.16,128.16,128.16,0
BPS001,20160223,128.15,128.15,128.15,128.15,0
BPS001,20160224,128.14,128.14,128.14,128.14,0
BPS001,20160225,128.32,128.32,128.32,128.32,0
BPS001,20160226,128.33,128.33,128.33,128.33,0
BPS001,20160229,128.23,128.23,128.23,128.23,0
BPS001,20160301,128.29,128.29,128.29,128.29,0
BPS001,20160302,128.33,128.33,128.33,128.33,0
BPS001,20160303,128.27,128.27,128.27,128.27,0
BPS001,20160304,128.19,128.19,128.19,128.19,0
BPS001,20160307,128.44,128.44,128.44,128.44,0
BPS001,20160308,128.53,128.53,128.53,128.53,0
BPS001,20160309,128.50,128.50,128.50,128.50,0
BPS001,20160310,128.52,128.52,128.52,128.52,0
BPS001,20160311,128.55,128.55,128.55,128.55,0
BPS001,20160314,128.67,128.67,128.67,128.67,0
BPS001,20160315,128.68,128.68,128.68,128.68,0
BPS001,20160316,128.69,128.69,128.69,128.69,0
BPS001,20160317,128.78,128.78,128.78,128.78,0
BPS001,20160318,128.80,128.80,128.80,128.80,0
BPS001,20160321,128.85,128.85,128.85,128.85,0
BPS001,20160322,128.82,128.82,128.82,128.82,0
BPS001,20160323,128.84,128.84,128.84,128.84,0
BPS001,20160324,128.87,128.87,128.87,128.87,0
BPS001,20160329,128.96,128.96,128.96,128.96,0
BPS001,20160330,129.04,129.04,129.04,129.04,0
BPS001,20160331,129.00,129.00,129.00,129.00,0
BPS001,20160401,128.96,128.96,128.96,128.96,0
BPS001,20160404,129.01,129.01,129.01,129.01,0
BPS001,20160405,129.05,129.05,129.05,129.05,0
BPS001,20160406,129.00,129.00,129.00,129.00,0
BPS001,20160407,129.02,129.02,129.02,129.02,0
BPS001,20160408,129.02,129.02,129.02,129.02,0
BPS001,20160411,129.00,129.00,129.00,129.00,0
BPS001,20160412,129.04,129.04,129.04,129.04,0
BPS001,20160413,129.09,129.09,129.09,129.09,0
BPS001,20160414,129.11,129.11,129.11,129.11,0
BPS001,20160415,129.18,129.18,129.18,129.18,0
BPS001,20160418,129.22,129.22,129.22,129.22,0
BPS001,20160419,129.17,129.17,129.17,129.17,0
BPS001,20160420,129.25,129.25,129.25,129.25,0
BPS001,20160421,129.10,129.10,129.10,129.10,0
BPS001,20160422,129.12,129.12,129.12,129.12,0
BPS001,20160425,129.13,129.13,129.13,129.13,0
BPS001,20160426,129.28,129.28,129.28,129.28,0
BPS001,20160427,129.29,129.29,129.29,129.29,0
BPS001,20160428,129.33,129.33,129.33,129.33,0
BPS001,20160429,129.35,129.35,129.35,129.35,0
BPS001,20160502,129.41,129.41,129.41,129.41,0
BPS001,20160504,129.44,129.44,129.44,129.44,0
BPS001,20160505,129.39,129.39,129.39,129.39,0
BPS001,20160506,129.37,129.37,129.37,129.37,0
BPS001,20160509,129.47,129.47,129.47,129.47,0
BPS001,20160510,129.40,129.40,129.40,129.40,0
BPS001,20160511,129.36,129.36,129.36,129.36,0
BPS001,20160512,129.53,129.53,129.53,129.53,0
BPS001,20160513,129.49,129.49,129.49,129.49,0
BPS001,20160516,129.57,129.57,129.57,129.57,0
BPS001,20160517,129.65,129.65,129.65,129.65,0
BPS001,20160518,129.57,129.57,129.57,129.57,0
BPS001,20160519,129.48,129.48,129.48,129.48,0
BPS001,20160520,129.53,129.53,129.53,129.53,0
BPS001,20160523,129.60,129.60,129.60,129.60,0
BPS001,20160524,129.56,129.56,129.56,129.56,0
BPS001,20160525,129.66,129.66,129.66,129.66,0
BPS001,20160527,129.69,129.69,129.69,129.69,0
BPS001,20160530,129.71,129.71,129.71,129.71,0
BPS001,20160531,129.73,129.73,129.73,129.73,0
BPS001,20160601,129.54,129.54,129.54,129.54,0
BPS001,20160602,129.54,129.54,129.54,129.54,0
BPS001,20160603,129.49,129.49,129.49,129.49,0
BPS001,20160606,129.53,129.53,129.53,129.53,0
BPS001,20160607,129.57,129.57,129.57,129.57,0
BPS001,20160608,129.46,129.46,129.46,129.46,0
BPS001,20160609,129.41,129.41,129.41,129.41,0
BPS001,20160610,129.34,129.34,129.34,129.34,0
BPS001,20160613,129.45,129.45,129.45,129.45,0
BPS001,20160614,129.46,129.46,129.46,129.46,0
BPS001,20160615,129.46,129.46,129.46,129.46,0
BPS001,20160616,129.38,129.38,129.38,129.38,0
BPS001,20160617,129.43,129.43,129.43,129.43,0
BPS001,20160620,129.45,129.45,129.45,129.45,0
BPS001,20160621,129.40,129.40,129.40,129.40,0
BPS001,20160622,129.50,129.50,129.50,129.50,0
BPS001,20160623,129.54,129.54,129.54,129.54,0
BPS001,20160624,129.55,129.55,129.55,129.55,0
BPS001,20160627,129.55,129.55,129.55,129.55,0
BPS001,20160628,129.68,129.68,129.68,129.68,0
BPS001,20160629,129.67,129.67,129.67,129.67,0
BPS001,20160630,129.62,129.62,129.62,129.62,0
BPS001,20160701,129.82,129.82,129.82,129.82,0
BPS001,20160704,129.82,129.82,129.82,129.82,0
BPS001,20160705,129.74,129.74,129.74,129.74,0
BPS001,20160706,129.76,129.76,129.76,129.76,0
BPS001,20160707,129.71,129.71,129.71,129.71,0
BPS001,20160708,129.60,129.60,129.60,129.60,0
BPS001,20160711,129.61,129.61,129.61,129.61,0
BPS001,20160712,129.53,129.53,129.53,129.53,0
BPS001,20160713,129.62,129.62,129.62,129.62,0
BPS001,20160714,129.62,129.62,129.62,129.62,0
BPS001,20160715,129.60,129.60,129.60,129.60,0
BPS001,20160718,129.60,129.60,129.60,129.60,0
BPS001,20160719,129.73,129.73,129.73,129.73,0
BPS001,20160720,129.72,129.72,129.72,129.72,0
BPS001,20160721,129.73,129.73,129.73,129.73,0
BPS001,20160722,129.75,129.75,129.75,129.75,0
BPS001,20160725,129.74,129.74,129.74,129.74,0
BPS001,20160726,129.77,129.77,129.77,129.77,0
BPS001,20160727,129.75,129.75,129.75,129.75,0
BPS001,20160728,129.69,129.69,129.69,129.69,0
BPS001,20160729,129.69,129.69,129.69,129.69,0
BPS001,20160801,129.76,129.76,129.76,129.76,0
BPS001,20160802,129.93,129.93,129.93,129.93,0
BPS001,20160803,129.94,129.94,129.94,129.94,0
BPS001,20160804,130.04,130.04,130.04,130.04,0
BPS001,20160805,130.09,130.09,130.09,130.09,0
BPS001,20160808,130.04,130.04,130.04,130.04,0
BPS001,20160809,130.11,130.11,130.11,130.11,0
BPS001,20160810,130.22,130.22,130.22,130.22,0
BPS001,20160811,130.24,130.24,130.24,130.24,0
BPS001,20160812,130.29,130.29,130.29,130.29,0
BPS001,20160816,130.48,130.48,130.48,130.48,0
BPS001,20160817,130.48,130.48,130.48,130.48,0
BPS001,20160818,130.49,130.49,130.49,130.49,0
BPS001,20160819,130.61,130.61,130.61,130.61,0
BPS001,20160822,130.59,130.59,130.59,130.59,0
BPS001,20160823,130.59,130.59,130.59,130.59,0
BPS001,20160824,130.47,130.47,130.47,130.47,0
BPS001,20160825,130.56,130.56,130.56,130.56,0
BPS001,20160826,130.56,130.56,130.56,130.56,0
BPS001,20160829,130.61,130.61,130.61,130.61,0
BPS001,20160830,130.57,130.57,130.57,130.57,0
BPS001,20160831,130.62,130.62,130.62,130.62,0
BPS001,20160901,130.54,130.54,130.54,130.54,0
BPS001,20160902,130.56,130.56,130.56,130.56,0
BPS001,20160905,130.52,130.52,130.52,130.52,0
BPS001,20160906,130.57,130.57,130.57,130.57,0
BPS001,20160907,130.61,130.61,130.61,130.61,0
BPS001,20160908,130.62,130.62,130.62,130.62,0
BPS001,20160909,130.59,130.59,130.59,130.59,0
BPS001,20160912,130.54,130.54,130.54,130.54,0
BPS001,20160913,130.61,130.61,130.61,130.61,0
BPS001,20160914,130.61,130.61,130.61,130.61,0
BPS001,20160915,130.60,130.60,130.60,130.60,0
BPS001,20160916,130.60,130.60,130.60,130.60,0
BPS001,20160919,130.62,130.62,130.62,130.62,0
BPS001,20160920,130.66,130.66,130.66,130.66,0
BPS001,20160921,130.63,130.63,130.63,130.63,0
BPS001,20160922,130.64,130.64,130.64,130.64,0
BPS001,20160923,130.68,130.68,130.68,130.68,0
BPS001,20160926,130.90,130.90,130.90,130.90,0
BPS001,20160927,130.89,130.89,130.89,130.89,0
BPS001,20160928,130.87,130.87,130.87,130.87,0
BPS001,20160929,130.82,130.82,130.82,130.82,0
BPS001,20160930,130.84,130.84,130.84,130.84,0
BPS001,20161003,130.63,130.63,130.63,130.63,0
BPS001,20161004,130.66,130.66,130.66,130.66,0
BPS001,20161005,130.64,130.64,130.64,130.64,0
BPS001,20161006,130.38,130.38,130.38,130.38,0
BPS001,20161007,130.41,130.41,130.41,130.41,0
BPS001,20161010,130.46,130.46,130.46,130.46,0
BPS001,20161011,130.51,130.51,130.51,130.51,0
BPS001,20161012,130.54,130.54,130.54,130.54,0
BPS001,20161013,130.54,130.54,130.54,130.54,0
BPS001,20161014,130.54,130.54,130.54,130.54,0
BPS001,20161017,130.53,130.53,130.53,130.53,0
BPS001,20161018,130.53,130.53,130.53,130.53,0
BPS001,20161019,130.50,130.50,130.50,130.50,0
BPS001,20161020,130.49,130.49,130.49,130.49,0
BPS001,20161021,130.42,130.42,130.42,130.42,0
BPS001,20161024,130.35,130.35,130.35,130.35,0
BPS001,20161025,130.28,130.28,130.28,130.28,0
BPS001,20161026,130.21,130.21,130.21,130.21,0
BPS001,20161027,129.89,129.89,129.89,129.89,0
BPS001,20161028,129.91,129.91,129.91,129.91,0
BPS001,20161031,129.99,129.99,129.99,129.99,0
BPS001,20161102,130.03,130.03,130.03,130.03,0
BPS001,20161103,130.00,130.00,130.00,130.00,0
BPS001,20161104,129.86,129.86,129.86,129.86,0
BPS001,20161107,129.88,129.88,129.88,129.88,0
BPS001,20161108,129.92,129.92,129.92,129.92,0
BPS001,20161109,129.94,129.94,129.94,129.94,0
BPS001,20161110,129.94,129.94,129.94,129.94,0
BPS001,20161114,129.72,129.72,129.72,129.72,0
BPS001,20161115,129.83,129.83,129.83,129.83,0
BPS001,20161116,129.84,129.84,129.84,129.84,0
BPS001,20161117,130.01,130.01,130.01,130.01,0
BPS001,20161118,129.95,129.95,129.95,129.95,0
BPS001,20161121,129.86,129.86,129.86,129.86,0
BPS001,20161122,129.99,129.99,129.99,129.99,0
BPS001,20161123,129.97,129.97,129.97,129.97,0
BPS001,20161124,129.89,129.89,129.89,129.89,0
BPS001,20161125,130.00,130.00,130.00,130.00,0
BPS001,20161128,130.25,130.25,130.25,130.25,0
BPS001,20161129,130.17,130.17,130.17,130.17,0
BPS001,20161130,130.36,130.36,130.36,130.36,0
BPS001,20161201,130.32,130.32,130.32,130.32,0
BPS001,20161202,130.36,130.36,130.36,130.36,0
BPS001,20161205,129.92,129.92,129.92,129.92,0
BPS001,20161206,129.97,129.97,129.97,129.97,0
BPS001,20161207,130.06,130.06,130.06,130.06,0
BPS001,20161208,130.10,130.10,130.10,130.10,0
BPS001,20161209,130.07,130.07,130.07,130.07,0
BPS001,20161212,129.85,129.85,129.85,129.85,0
BPS001,20161213,129.88,129.88,129.88,129.88,0
BPS001,20161214,129.95,129.95,129.95,129.95,0
BPS001,20161215,129.93,129.93,129.93,129.93,0
BPS001,20161216,129.92,129.92,129.92,129.92,0
BPS001,20161219,130.01,130.01,130.01,130.01,0
BPS001,20161220,129.98,129.98,129.98,129.98,0
BPS001,20161221,130.12,130.12,130.12,130.12,0
BPS001,20161222,130.11,130.11,130.11,130.11,0
BPS001,20161223,129.98,129.98,129.98,129.98,0
BPS001,20161227,130.03,130.03,130.03,130.03,0
BPS001,20161228,129.99,129.99,129.99,129.99,0
BPS001,20161229,129.89,129.89,129.89,129.89,0
BPS001,20161230,129.93,129.93,129.93,129.93,0
BPS001,20170102,130.32,130.32,130.32,130.32,0
BPS001,20170103,130.35,130.35,130.35,130.35,0
BPS001,20170104,130.60,130.60,130.60,130.60,0
BPS001,20170105,130.42,130.42,130.42,130.42,0
BPS001,20170109,130.02,130.02,130.02,130.02,0
BPS001,20170110,130.00,130.00,130.00,130.00,0
BPS001,20170111,130.10,130.10,130.10,130.10,0
BPS001,20170112,130.09,130.09,130.09,130.09,0
BPS001,20170113,130.10,130.10,130.10,130.10,0
BPS001,20170116,130.18,130.18,130.18,130.18,0
BPS001,20170117,130.11,130.11,130.11,130.11,0
BPS001,20170118,130.12,130.12,130.12,130.12,0
BPS001,20170119,130.09,130.09,130.09,130.09,0
BPS001,20170120,130.13,130.13,130.13,130.13,0
BPS001,20170123,130.28,130.28,130.28,130.28,0
BPS001,20170124,130.31,130.31,130.31,130.31,0
BPS001,20170125,130.32,130.32,130.32,130.32,0
BPS001,20170126,130.56,130.56,130.56,130.56,0
BPS001,20170127,130.62,130.62,130.62,130.62,0
BPS001,20170130,130.62,130.62,130.62,130.62,0
BPS001,20170131,130.75,130.75,130.75,130.75,0
BPS001,20170201,130.71,130.71,130.71,130.71,0
BPS001,20170202,130.85,130.85,130.85,130.85,0
BPS001,20170203,130.87,130.87,130.87,130.87,0
BPS001,20170206,130.90,130.90,130.90,130.90,0
BPS001,20170207,130.98,130.98,130.98,130.98,0
BPS001,20170208,131.03,131.03,131.03,131.03,0
BPS001,20170209,131.03,131.03,131.03,131.03,0
BPS001,20170210,131.04,131.04,131.04,131.04,0
BPS001,20170213,131.12,131.12,131.12,131.12,0
BPS001,20170214,131.26,131.26,131.26,131.26,0
BPS001,20170215,131.24,131.24,131.24,131.24,0
BPS001,20170216,131.21,131.21,131.21,131.21,0
BPS001,20170217,131.32,131.32,131.32,131.32,0
BPS001,20170220,131.34,131.34,131.34,131.34,0
BPS001,20170221,131.31,131.31,131.31,131.31,0
BPS001,20170222,131.29,131.29,131.29,131.29,0
BPS001,20170223,131.47,131.47,131.47,131.47,0
BPS001,20170224,131.47,131.47,131.47,131.47,0
BPS001,20170227,131.47,131.47,131.47,131.47,0
BPS001,20170228,131.53,131.53,131.53,131.53,0
BPS001,20170301,131.65,131.65,131.65,131.65,0
BPS001,20170302,131.51,131.51,131.51,131.51,0
BPS001,20170303,131.73,131.73,131.73,131.73,0
BPS001,20170306,131.81,131.81,131.81,131.81,0
BPS001,20170307,131.86,131.86,131.86,131.86,0
BPS001,20170308,131.71,131.71,131.71,131.71,0
BPS001,20170309,131.77,131.77,131.77,131.77,0
BPS001,20170310,131.76,131.76,131.76,131.76,0
BPS001,20170313,131.75,131.75,131.75,131.75,0
BPS001,20170314,131.72,131.72,131.72,131.72,0
BPS001,20170315,131.76,131.76,131.76,131.76,0
BPS001,20170316,131.77,131.77,131.77,131.77,0
BPS001,20170317,131.77,131.77,131.77,131.77,0
BPS001,20170320,131.84,131.84,131.84,131.84,0
BPS001,20170321,131.86,131.86,131.86,131.86,0
BPS001,20170322,131.89,131.89,131.89,131.89,0
BPS001,20170323,131.97,131.97,131.97,131.97,0
BPS001,20170324,131.99,131.99,131.99,131.99,0
BPS001,20170327,132.06,132.06,132.06,132.06,0
BPS001,20170328,132.06,132.06,132.06,132.06,0
BPS001,20170329,132.15,132.15,132.15,132.15,0
BPS001,20170330,132.18,132.18,132.18,132.18,0
BPS001,20170331,132.18,132.18,132.18,132.18,0
BPS001,20170403,132.35,132.35,132.35,132.35,0
BPS001,20170404,132.35,132.35,132.35,132.35,0
BPS001,20170405,132.38,132.38,132.38,132.38,0
BPS001,20170406,132.32,132.32,132.32,132.32,0
BPS001,20170407,132.44,132.44,132.44,132.44,0
BPS001,20170410,132.41,132.41,132.41,132.41,0
BPS001,20170411,132.38,132.38,132.38,132.38,0
BPS001,20170412,132.37,132.37,132.37,132.37,0
BPS001,20170413,132.45,132.45,132.45,132.45,0
BPS001,20170418,132.54,132.54,132.54,132.54,0
BPS001,20170419,132.59,132.59,132.59,132.59,0
BPS001,20170420,132.56,132.56,132.56,132.56,0
BPS001,20170421,132.45,132.45,132.45,132.45,0
BPS001,20170424,132.50,132.50,132.50,132.50,0
BPS001,20170425,132.46,132.46,132.46,132.46,0
BPS001,20170426,132.46,132.46,132.46,132.46,0
BPS001,20170427,132.51,132.51,132.51,132.51,0
BPS001,20170428,132.52,132.52,132.52,132.52,0
BPS001,20170502,132.57,132.57,132.57,132.57,0
BPS001,20170504,132.58,132.58,132.58,132.58,0
BPS001,20170505,132.73,132.73,132.73,132.73,0
BPS001,20170508,132.76,132.76,132.76,132.76,0
BPS001,20170509,132.78,132.78,132.78,132.78,0
BPS001,20170510,132.76,132.76,132.76,132.76,0
BPS001,20170511,132.80,132.80,132.80,132.80,0
BPS001,20170512,132.87,132.87,132.87,132.87,0
BPS001,20170515,132.89,132.89,132.89,132.89,0
BPS001,20170516,132.88,132.88,132.88,132.88,0
BPS001,20170517,133.16,133.16,133.16,133.16,0
BPS001,20170518,133.21,133.21,133.21,133.21,0
BPS001,20170519,133.18,133.18,133.18,133.18,0
BPS001,20170522,133.12,133.12,133.12,133.12,0
BPS001,20170523,133.12,133.12,133.12,133.12,0
BPS001,20170524,133.10,133.10,133.10,133.10,0
BPS001,20170525,133.05,133.05,133.05,133.05,0
BPS001,20170526,133.12,133.12,133.12,133.12,0
BPS001,20170529,133.01,133.01,133.01,133.01,0
BPS001,20170530,133.00,133.00,133.00,133.00,0
BPS001,20170531,133.09,133.09,133.09,133.09,0
BPS001,20170601,133.22,133.22,133.22,133.22,0
BPS001,20170602,133.18,133.18,133.18,133.18,0
BPS001,20170605,133.11,133.11,133.11,133.11,0
BPS001,20170606,133.05,133.05,133.05,133.05,0
BPS001,20170607,133.06,133.06,133.06,133.06,0
BPS001,20170608,133.16,133.16,133.16,133.16,0
BPS001,20170609,133.08,133.08,133.08,133.08,0
BPS001,20170612,133.19,133.19,133.19,133.19,0
BPS001,20170613,133.12,133.12,133.12,133.12,0
BPS001,20170614,133.15,133.15,133.15,133.15,0
BPS001,20170616,133.27,133.27,133.27,133.27,0
BPS001,20170619,133.20,133.20,133.20,133.20,0
BPS001,20170620,133.20,133.20,133.20,133.20,0
BPS001,20170621,133.20,133.20,133.20,133.20,0
BPS001,20170622,133.18,133.18,133.18,133.18,0
BPS001,20170623,133.10,133.10,133.10,133.10,0
BPS001,20170626,133.12,133.12,133.12,133.12,0
BPS001,20170627,133.10,133.10,133.10,133.10,0
BPS001,20170628,133.11,133.11,133.11,133.11,0
BPS001,20170629,133.20,133.20,133.20,133.20,0
BPS001,20170630,133.32,133.32,133.32,133.32,0
BPS001,20170703,133.25,133.25,133.25,133.25,0
BPS001,20170704,133.37,133.37,133.37,133.37,0
BPS001,20170705,133.37,133.37,133.37,133.37,0
BPS001,20170706,133.37,133.37,133.37,133.37,0
BPS001,20170707,133.32,133.32,133.32,133.32,0
BPS001,20170710,133.41,133.41,133.41,133.41,0
BPS001,20170711,133.41,133.41,133.41,133.41,0
BPS001,20170712,133.39,133.39,133.39,133.39,0
BPS001,20170713,133.48,133.48,133.48,133.48,0
BPS001,20170714,133.39,133.39,133.39,133.39,0
BPS001,20170717,133.46,133.46,133.46,133.46,0
BPS001,20170718,133.40,133.40,133.40,133.40,0
BPS001,20170719,133.39,133.39,133.39,133.39,0
BPS001,20170720,133.43,133.43,133.43,133.43,0
BPS001,20170721,133.29,133.29,133.29,133.29,0
BPS001,20170724,133.38,133.38,133.38,133.38,0
BPS001,20170725,133.25,133.25,133.25,133.25,0
BPS001,20170726,133.27,133.27,133.27,133.27,0
BPS001,20170727,133.27,133.27,133.27,133.27,0
BPS001,20170728,133.24,133.24,133.24,133.24,0
BPS001,20170731,133.42,133.42,133.42,133.42,0
BPS001,20170801,133.29,133.29,133.29,133.29,0
BPS001,20170802,133.41,133.41,133.41,133.41,0
BPS001,20170803,133.30,133.30,133.30,133.30,0
BPS001,20170804,133.29,133.29,133.29,133.29,0
BPS001,20170807,133.29,133.29,133.29,133.29,0
BPS001,20170808,133.26,133.26,133.26,133.26,0
BPS001,20170809,133.27,133.27,133.27,133.27,0
BPS001,20170810,133.26,133.26,133.26,133.26,0
BPS001,20170811,133.23,133.23,133.23,133.23,0
BPS001,20170814,133.30,133.30,133.30,133.30,0
BPS001,20170816,133.54,133.54,133.54,133.54,0
BPS001,20170817,133.29,133.29,133.29,133.29,0
BPS001,20170818,133.41,133.41,133.41,133.41,0
BPS001,20170821,133.46,133.46,133.46,133.46,0
BPS001,20170822,133.38,133.38,133.38,133.38,0
BPS001,20170823,133.37,133.37,133.37,133.37,0
BPS001,20170824,133.37,133.37,133.37,133.37,0
BPS001,20170825,133.36,133.36,133.36,133.36,0
BPS001,20170828,133.40,133.40,133.40,133.40,0
BPS001,20170829,133.45,133.45,133.45,133.45,0
BPS001,20170830,133.47,133.47,133.47,133.47,0
BPS001,20170831,133.51,133.51,133.51,133.51,0
BPS001,20170901,133.55,133.55,133.55,133.55,0
BPS001,20170904,133.56,133.56,133.56,133.56,0
BPS001,20170905,133.59,133.59,133.59,133.59,0
BPS001,20170906,133.66,133.66,133.66,133.66,0
BPS001,20170907,133.77,133.77,133.77,133.77,0
BPS001,20170908,133.69,133.69,133.69,133.69,0
BPS001,20170911,133.71,133.71,133.71,133.71,0
BPS001,20170912,133.72,133.72,133.72,133.72,0
BPS001,20170913,133.67,133.67,133.67,133.67,0
BPS001,20170914,133.66,133.66,133.66,133.66,0
BPS001,20170915,133.69,133.69,133.69,133.69,0
BPS001,20170918,133.74,133.74,133.74,133.74,0
BPS001,20170919,133.74,133.74,133.74,133.74,0
BPS001,20170920,133.76,133.76,133.76,133.76,0
BPS001,20170921,133.77,133.77,133.77,133.77,0
