Name,Date,Open,High,Low,Close,Volume
BPS004,20110407,100.00,100.00,100.00,100.00,0
BPS004,20110510,100.23,100.23,100.23,100.23,0
BPS004,20110511,100.23,100.23,100.23,100.23,0
BPS004,20110512,100.22,100.22,100.22,100.22,0
BPS004,20110513,100.22,100.22,100.22,100.22,0
BPS004,20110516,100.22,100.22,100.22,100.22,0
BPS004,20110517,100.19,100.19,100.19,100.19,0
BPS004,20110518,100.24,100.24,100.24,100.24,0
BPS004,20110519,100.28,100.28,100.28,100.28,0
BPS004,20110520,100.26,100.26,100.26,100.26,0
BPS004,20110523,100.14,100.14,100.14,100.14,0
BPS004,20110524,100.20,100.20,100.20,100.20,0
BPS004,20110525,100.30,100.30,100.30,100.30,0
BPS004,20110526,100.35,100.35,100.35,100.35,0
BPS004,20110527,100.44,100.44,100.44,100.44,0
BPS004,20110530,100.44,100.44,100.44,100.44,0
BPS004,20110531,100.59,100.59,100.59,100.59,0
BPS004,20110601,100.61,100.61,100.61,100.61,0
BPS004,20110602,100.55,100.55,100.55,100.55,0
BPS004,20110603,100.50,100.50,100.50,100.50,0
BPS004,20110606,100.45,100.45,100.45,100.45,0
BPS004,20110607,100.54,100.54,100.54,100.54,0
BPS004,20110608,100.45,100.45,100.45,100.45,0
BPS004,20110609,100.46,100.46,100.46,100.46,0
BPS004,20110610,100.30,100.30,100.30,100.30,0
BPS004,20110613,100.38,100.38,100.38,100.38,0
BPS004,20110614,100.65,100.65,100.65,100.65,0
BPS004,20110615,100.44,100.44,100.44,100.44,0
BPS004,20110616,100.44,100.44,100.44,100.44,0
BPS004,20110617,100.52,100.52,100.52,100.52,0
BPS004,20110620,100.27,100.27,100.27,100.27,0
BPS004,20110621,100.18,100.18,100.18,100.18,0
BPS004,20110622,99.88,99.88,99.88,99.88,0
BPS004,20110624,99.97,99.97,99.97,99.97,0
BPS004,20110627,99.73,99.73,99.73,99.73,0
BPS004,20110628,99.74,99.74,99.74,99.74,0
BPS004,20110629,100.00,100.00,100.00,100.00,0
BPS004,20110630,99.86,99.86,99.86,99.86,0
BPS004,20110701,99.88,99.88,99.88,99.88,0
BPS004,20110704,99.74,99.74,99.74,99.74,0
BPS004,20110705,99.84,99.84,99.84,99.84,0
BPS004,20110706,99.48,99.48,99.48,99.48,0
BPS004,20110707,100.75,100.75,100.75,100.75,0
BPS004,20110708,100.68,100.68,100.68,100.68,0
BPS004,20110711,99.77,99.77,99.77,99.77,0
BPS004,20110712,99.77,99.77,99.77,99.77,0
BPS004,20110713,100.41,100.41,100.41,100.41,0
BPS004,20110714,100.12,100.12,100.12,100.12,0
BPS004,20110715,100.17,100.17,100.17,100.17,0
BPS004,20110718,99.03,99.03,99.03,99.03,0
BPS004,20110719,99.09,99.09,99.09,99.09,0
BPS004,20110720,99.01,99.01,99.01,99.01,0
BPS004,20110721,99.35,99.35,99.35,99.35,0
BPS004,20110722,99.58,99.58,99.58,99.58,0
BPS004,20110725,99.49,99.49,99.49,99.49,0
BPS004,20110726,99.35,99.35,99.35,99.35,0
BPS004,20110727,98.61,98.61,98.61,98.61,0
BPS004,20110728,99.09,99.09,99.09,99.09,0
BPS004,20110729,99.23,99.23,99.23,99.23,0
BPS004,20110801,99.02,99.02,99.02,99.02,0
BPS004,20110802,98.15,98.15,98.15,98.15,0
BPS004,20110803,95.30,95.30,95.30,95.30,0
BPS004,20110804,92.55,92.55,92.55,92.55,0
BPS004,20110805,90.94,90.94,90.94,90.94,0
BPS004,20110808,87.51,87.51,87.51,87.51,0
BPS004,20110809,84.51,84.51,84.51,84.51,0
BPS004,20110810,81.05,81.05,81.05,81.05,0
BPS004,20110811,85.09,85.09,85.09,85.09,0
BPS004,20110812,86.96,86.96,86.96,86.96,0
BPS004,20110816,88.40,88.40,88.40,88.40,0
BPS004,20110817,88.60,88.60,88.60,88.60,0
BPS004,20110818,84.22,84.22,84.22,84.22,0
BPS004,20110819,84.41,84.41,84.41,84.41,0
BPS004,20110822,85.62,85.62,85.62,85.62,0
BPS004,20110823,86.23,86.23,86.23,86.23,0
BPS004,20110824,86.24,86.24,86.24,86.24,0
BPS004,20110825,86.81,86.81,86.81,86.81,0
BPS004,20110826,86.49,86.49,86.49,86.49,0
BPS004,20110829,88.48,88.48,88.48,88.48,0
BPS004,20110830,89.56,89.56,89.56,89.56,0
BPS004,20110831,90.74,90.74,90.74,90.74,0
BPS004,20110901,89.34,89.34,89.34,89.34,0
BPS004,20110902,87.36,87.36,87.36,87.36,0
BPS004,20110905,84.35,84.35,84.35,84.35,0
BPS004,20110906,84.37,84.37,84.37,84.37,0
BPS004,20110907,87.05,87.05,87.05,87.05,0
BPS004,20110908,87.41,87.41,87.41,87.41,0
BPS004,20110909,84.62,84.62,84.62,84.62,0
BPS004,20110912,82.60,82.60,82.60,82.60,0
BPS004,20110913,83.00,83.00,83.00,83.00,0
BPS004,20110914,83.77,83.77,83.77,83.77,0
BPS004,20110915,85.28,85.28,85.28,85.28,0
BPS004,20110916,86.40,86.40,86.40,86.40,0
BPS004,20110919,85.37,85.37,85.37,85.37,0
BPS004,20110920,85.89,85.89,85.89,85.89,0
BPS004,20110921,85.66,85.66,85.66,85.66,0
BPS004,20110922,80.82,80.82,80.82,80.82,0
BPS004,20110923,80.18,80.18,80.18,80.18,0
BPS004,20110926,80.35,80.35,80.35,80.35,0
BPS004,20110927,82.62,82.62,82.62,82.62,0
BPS004,20110928,82.66,82.66,82.66,82.66,0
BPS004,20110929,82.73,82.73,82.73,82.73,0
BPS004,20110930,82.28,82.28,82.28,82.28,0
BPS004,20111003,81.30,81.30,81.30,81.30,0
BPS004,20111004,79.66,79.66,79.66,79.66,0
BPS004,20111005,81.02,81.02,81.02,81.02,0
BPS004,20111006,82.05,82.05,82.05,82.05,0
BPS004,20111007,82.64,82.64,82.64,82.64,0
BPS004,20111010,85.00,85.00,85.00,85.00,0
BPS004,20111011,85.23,85.23,85.23,85.23,0
BPS004,20111012,87.26,87.26,87.26,87.26,0
BPS004,20111013,85.86,85.86,85.86,85.86,0
BPS004,20111014,86.67,86.67,86.67,86.67,0
BPS004,20111017,86.03,86.03,86.03,86.03,0
BPS004,20111018,85.90,85.90,85.90,85.90,0
BPS004,20111019,85.67,85.67,85.67,85.67,0
BPS004,20111020,83.53,83.53,83.53,83.53,0
BPS004,20111021,85.72,85.72,85.72,85.72,0
BPS004,20111024,87.64,87.64,87.64,87.64,0
BPS004,20111025,87.04,87.04,87.04,87.04,0
BPS004,20111026,86.84,86.84,86.84,86.84,0
BPS004,20111027,88.67,88.67,88.67,88.67,0
BPS004,20111028,88.50,88.50,88.50,88.50,0
BPS004,20111031,87.60,87.60,87.60,87.60,0
BPS004,20111102,86.69,86.69,86.69,86.69,0
BPS004,20111103,87.93,87.93,87.93,87.93,0
BPS004,20111104,86.99,86.99,86.99,86.99,0
BPS004,20111107,87.31,87.31,87.31,87.31,0
BPS004,20111108,87.41,87.41,87.41,87.41,0
BPS004,20111109,85.54,85.54,85.54,85.54,0
BPS004,20111110,84.74,84.74,84.74,84.74,0
BPS004,20111114,85.37,85.37,85.37,85.37,0
BPS004,20111115,84.80,84.80,84.80,84.80,0
BPS004,20111116,85.44,85.44,85.44,85.44,0
BPS004,20111117,84.28,84.28,84.28,84.28,0
BPS004,20111118,83.88,83.88,83.88,83.88,0
BPS004,20111121,82.22,82.22,82.22,82.22,0
BPS004,20111122,82.77,82.77,82.77,82.77,0
BPS004,20111123,81.37,81.37,81.37,81.37,0
BPS004,20111124,81.65,81.65,81.65,81.65,0
BPS004,20111125,81.39,81.39,81.39,81.39,0
BPS004,20111128,82.70,82.70,82.70,82.70,0
BPS004,20111129,82.14,82.14,82.14,82.14,0
BPS004,20111130,85.54,85.54,85.54,85.54,0
BPS004,20111201,85.08,85.08,85.08,85.08,0
BPS004,20111202,85.19,85.19,85.19,85.19,0
BPS004,20111205,85.87,85.87,85.87,85.87,0
BPS004,20111206,84.77,84.77,84.77,84.77,0
BPS004,20111207,85.09,85.09,85.09,85.09,0
BPS004,20111208,83.76,83.76,83.76,83.76,0
BPS004,20111209,84.28,84.28,84.28,84.28,0
BPS004,20111212,82.63,82.63,82.63,82.63,0
BPS004,20111213,82.72,82.72,82.72,82.72,0
BPS004,20111214,82.46,82.46,82.46,82.46,0
BPS004,20111215,82.69,82.69,82.69,82.69,0
BPS004,20111216,81.64,81.64,81.64,81.64,0
BPS004,20111219,80.98,80.98,80.98,80.98,0
BPS004,20111220,81.84,81.84,81.84,81.84,0
BPS004,20111221,82.30,82.30,82.30,82.30,0
BPS004,20111222,82.01,82.01,82.01,82.01,0
BPS004,20111223,82.81,82.81,82.81,82.81,0
BPS004,20111227,82.64,82.64,82.64,82.64,0
BPS004,20111228,82.04,82.04,82.04,82.04,0
BPS004,20111229,82.39,82.39,82.39,82.39,0
BPS004,20111230,82.02,82.02,82.02,82.02,0
BPS004,20120102,83.23,83.23,83.23,83.23,0
BPS004,20120103,83.74,83.74,83.74,83.74,0
BPS004,20120104,83.28,83.28,83.28,83.28,0
BPS004,20120105,82.60,82.60,82.60,82.60,0
BPS004,20120109,81.78,81.78,81.78,81.78,0
BPS004,20120110,82.03,82.03,82.03,82.03,0
BPS004,20120111,81.79,81.79,81.79,81.79,0
BPS004,20120112,82.65,82.65,82.65,82.65,0
BPS004,20120113,82.64,82.64,82.64,82.64,0
BPS004,20120116,83.20,83.20,83.20,83.20,0
BPS004,20120117,84.11,84.11,84.11,84.11,0
BPS004,20120118,84.56,84.56,84.56,84.56,0
BPS004,20120119,85.06,85.06,85.06,85.06,0
BPS004,20120120,85.80,85.80,85.80,85.80,0
BPS004,20120123,86.24,86.24,86.24,86.24,0
BPS004,20120124,86.16,86.16,86.16,86.16,0
BPS004,20120125,86.21,86.21,86.21,86.21,0
BPS004,20120126,87.68,87.68,87.68,87.68,0
BPS004,20120127,87.83,87.83,87.83,87.83,0
BPS004,20120130,88.08,88.08,88.08,88.08,0
BPS004,20120131,88.70,88.70,88.70,88.70,0
BPS004,20120201,89.55,89.55,89.55,89.55,0
BPS004,20120202,89.77,89.77,89.77,89.77,0
BPS004,20120203,89.97,89.97,89.97,89.97,0
BPS004,20120206,90.73,90.73,90.73,90.73,0
BPS004,20120207,90.52,90.52,90.52,90.52,0
BPS004,20120208,90.89,90.89,90.89,90.89,0
BPS004,20120209,90.27,90.27,90.27,90.27,0
BPS004,20120210,89.18,89.18,89.18,89.18,0
BPS004,20120213,89.77,89.77,89.77,89.77,0
BPS004,20120214,89.43,89.43,89.43,89.43,0
BPS004,20120215,89.79,89.79,89.79,89.79,0
BPS004,20120216,89.22,89.22,89.22,89.22,0
BPS004,20120217,90.52,90.52,90.52,90.52,0
BPS004,20120220,90.04,90.04,90.04,90.04,0
BPS004,20120221,89.94,89.94,89.94,89.94,0
BPS004,20120222,89.25,89.25,89.25,89.25,0
BPS004,20120223,88.39,88.39,88.39,88.39,0
BPS004,20120224,88.85,88.85,88.85,88.85,0
BPS004,20120227,88.73,88.73,88.73,88.73,0
BPS004,20120228,88.94,88.94,88.94,88.94,0
BPS004,20120229,88.81,88.81,88.81,88.81,0
BPS004,20120301,88.59,88.59,88.59,88.59,0
BPS004,20120302,88.92,88.92,88.92,88.92,0
BPS004,20120305,87.72,87.72,87.72,87.72,0
BPS004,20120306,86.57,86.57,86.57,86.57,0
BPS004,20120307,86.96,86.96,86.96,86.96,0
BPS004,20120308,88.07,88.07,88.07,88.07,0
BPS004,20120309,87.91,87.91,87.91,87.91,0
BPS004,20120312,87.82,87.82,87.82,87.82,0
BPS004,20120313,87.79,87.79,87.79,87.79,0
BPS004,20120314,89.00,89.00,89.00,89.00,0
BPS004,20120315,89.26,89.26,89.26,89.26,0
BPS004,20120316,89.22,89.22,89.22,89.22,0
BPS004,20120319,88.61,88.61,88.61,88.61,0
BPS004,20120320,87.92,87.92,87.92,87.92,0
BPS004,20120321,87.74,87.74,87.74,87.74,0
BPS004,20120322,86.26,86.26,86.26,86.26,0
BPS004,20120323,87.01,87.01,87.01,87.01,0
BPS004,20120326,87.63,87.63,87.63,87.63,0
BPS004,20120327,88.22,88.22,88.22,88.22,0
BPS004,20120328,88.12,88.12,88.12,88.12,0
BPS004,20120329,87.01,87.01,87.01,87.01,0
BPS004,20120330,87.29,87.29,87.29,87.29,0
BPS004,20120402,87.62,87.62,87.62,87.62,0
BPS004,20120403,87.59,87.59,87.59,87.59,0
BPS004,20120404,86.31,86.31,86.31,86.31,0
BPS004,20120405,86.30,86.30,86.30,86.30,0
BPS004,20120410,85.17,85.17,85.17,85.17,0
BPS004,20120411,86.06,86.06,86.06,86.06,0
BPS004,20120412,86.79,86.79,86.79,86.79,0
BPS004,20120413,86.06,86.06,86.06,86.06,0
BPS004,20120416,85.94,85.94,85.94,85.94,0
BPS004,20120417,86.58,86.58,86.58,86.58,0
BPS004,20120418,85.75,85.75,85.75,85.75,0
BPS004,20120419,85.25,85.25,85.25,85.25,0
BPS004,20120420,84.54,84.54,84.54,84.54,0
BPS004,20120423,82.39,82.39,82.39,82.39,0
BPS004,20120424,82.86,82.86,82.86,82.86,0
BPS004,20120425,83.30,83.30,83.30,83.30,0
BPS004,20120426,83.86,83.86,83.86,83.86,0
BPS004,20120427,85.03,85.03,85.03,85.03,0
BPS004,20120430,84.94,84.94,84.94,84.94,0
BPS004,20120502,84.44,84.44,84.44,84.44,0
BPS004,20120504,83.83,83.83,83.83,83.83,0
BPS004,20120507,84.04,84.04,84.04,84.04,0
BPS004,20120508,82.76,82.76,82.76,82.76,0
BPS004,20120509,82.80,82.80,82.80,82.80,0
BPS004,20120510,83.18,83.18,83.18,83.18,0
BPS004,20120511,82.78,82.78,82.78,82.78,0
BPS004,20120514,81.39,81.39,81.39,81.39,0
BPS004,20120515,80.50,80.50,80.50,80.50,0
BPS004,20120516,80.72,80.72,80.72,80.72,0
BPS004,20120517,78.73,78.73,78.73,78.73,0
BPS004,20120518,78.91,78.91,78.91,78.91,0
BPS004,20120521,79.89,79.89,79.89,79.89,0
BPS004,20120522,80.24,80.24,80.24,80.24,0
BPS004,20120523,78.65,78.65,78.65,78.65,0
BPS004,20120524,78.61,78.61,78.61,78.61,0
BPS004,20120525,78.67,78.67,78.67,78.67,0
BPS004,20120528,78.95,78.95,78.95,78.95,0
BPS004,20120529,80.06,80.06,80.06,80.06,0
BPS004,20120530,79.24,79.24,79.24,79.24,0
BPS004,20120531,79.95,79.95,79.95,79.95,0
BPS004,20120601,79.01,79.01,79.01,79.01,0
BPS004,20120604,78.96,78.96,78.96,78.96,0
BPS004,20120605,77.68,77.68,77.68,77.68,0
BPS004,20120606,79.57,79.57,79.57,79.57,0
BPS004,20120608,81.29,81.29,81.29,81.29,0
BPS004,20120611,81.77,81.77,81.77,81.77,0
BPS004,20120612,83.02,83.02,83.02,83.02,0
BPS004,20120613,82.86,82.86,82.86,82.86,0
BPS004,20120614,82.78,82.78,82.78,82.78,0
BPS004,20120615,83.87,83.87,83.87,83.87,0
BPS004,20120618,83.57,83.57,83.57,83.57,0
BPS004,20120619,85.10,85.10,85.10,85.10,0
BPS004,20120620,84.79,84.79,84.79,84.79,0
BPS004,20120621,84.18,84.18,84.18,84.18,0
BPS004,20120622,84.08,84.08,84.08,84.08,0
BPS004,20120625,83.36,83.36,83.36,83.36,0
BPS004,20120626,84.39,84.39,84.39,84.39,0
BPS004,20120627,84.97,84.97,84.97,84.97,0
BPS004,20120628,83.83,83.83,83.83,83.83,0
BPS004,20120629,84.91,84.91,84.91,84.91,0
BPS004,20120702,84.53,84.53,84.53,84.53,0
BPS004,20120703,84.98,84.98,84.98,84.98,0
BPS004,20120704,84.78,84.78,84.78,84.78,0
BPS004,20120705,85.34,85.34,85.34,85.34,0
BPS004,20120706,85.04,85.04,85.04,85.04,0
BPS004,20120709,84.18,84.18,84.18,84.18,0
BPS004,20120710,84.30,84.30,84.30,84.30,0
BPS004,20120711,83.55,83.55,83.55,83.55,0
BPS004,20120712,83.08,83.08,83.08,83.08,0
BPS004,20120713,84.03,84.03,84.03,84.03,0
BPS004,20120716,83.87,83.87,83.87,83.87,0
BPS004,20120717,84.05,84.05,84.05,84.05,0
BPS004,20120718,83.92,83.92,83.92,83.92,0
BPS004,20120719,84.37,84.37,84.37,84.37,0
BPS004,20120720,83.68,83.68,83.68,83.68,0
BPS004,20120723,81.57,81.57,81.57,81.57,0
BPS004,20120724,81.90,81.90,81.90,81.90,0
BPS004,20120725,81.93,81.93,81.93,81.93,0
BPS004,20120726,81.92,81.92,81.92,81.92,0
BPS004,20120727,83.05,83.05,83.05,83.05,0
BPS004,20120730,83.55,83.55,83.55,83.55,0
BPS004,20120731,83.50,83.50,83.50,83.50,0
BPS004,20120801,83.30,83.30,83.30,83.30,0
BPS004,20120802,82.80,82.80,82.80,82.80,0
BPS004,20120803,84.12,84.12,84.12,84.12,0
BPS004,20120806,85.05,85.05,85.05,85.05,0
BPS004,20120807,85.14,85.14,85.14,85.14,0
BPS004,20120808,85.18,85.18,85.18,85.18,0
BPS004,20120809,86.35,86.35,86.35,86.35,0
BPS004,20120810,86.05,86.05,86.05,86.05,0
BPS004,20120813,86.14,86.14,86.14,86.14,0
BPS004,20120814,86.09,86.09,86.09,86.09,0
BPS004,20120816,86.70,86.70,86.70,86.70,0
BPS004,20120817,85.99,85.99,85.99,85.99,0
BPS004,20120820,85.59,85.59,85.59,85.59,0
BPS004,20120821,86.18,86.18,86.18,86.18,0
BPS004,20120822,85.64,85.64,85.64,85.64,0
BPS004,20120823,85.67,85.67,85.67,85.67,0
BPS004,20120824,85.71,85.71,85.71,85.71,0
BPS004,20120827,85.52,85.52,85.52,85.52,0
BPS004,20120828,85.30,85.30,85.30,85.30,0
BPS004,20120829,84.52,84.52,84.52,84.52,0
BPS004,20120830,84.39,84.39,84.39,84.39,0
BPS004,20120831,85.06,85.06,85.06,85.06,0
BPS004,20120903,85.12,85.12,85.12,85.12,0
BPS004,20120904,84.63,84.63,84.63,84.63,0
BPS004,20120905,84.75,84.75,84.75,84.75,0
BPS004,20120906,85.71,85.71,85.71,85.71,0
BPS004,20120907,86.21,86.21,86.21,86.21,0
BPS004,20120910,86.57,86.57,86.57,86.57,0
BPS004,20120911,87.16,87.16,87.16,87.16,0
BPS004,20120912,87.14,87.14,87.14,87.14,0
BPS004,20120913,87.25,87.25,87.25,87.25,0
BPS004,20120914,89.10,89.10,89.10,89.10,0
BPS004,20120917,88.72,88.72,88.72,88.72,0
BPS004,20120918,88.95,88.95,88.95,88.95,0
BPS004,20120919,89.24,89.24,89.24,89.24,0
BPS004,20120920,88.57,88.57,88.57,88.57,0
BPS004,20120921,88.26,88.26,88.26,88.26,0
BPS004,20120924,87.83,87.83,87.83,87.83,0
BPS004,20120925,88.26,88.26,88.26,88.26,0
BPS004,20120926,87.53,87.53,87.53,87.53,0
BPS004,20120927,88.09,88.09,88.09,88.09,0
BPS004,20120928,87.82,87.82,87.82,87.82,0
BPS004,20121001,88.68,88.68,88.68,88.68,0
BPS004,20121002,88.83,88.83,88.83,88.83,0
BPS004,20121003,88.56,88.56,88.56,88.56,0
BPS004,20121004,88.25,88.25,88.25,88.25,0
BPS004,20121005,89.36,89.36,89.36,89.36,0
BPS004,20121008,88.96,88.96,88.96,88.96,0
BPS004,20121009,88.29,88.29,88.29,88.29,0
BPS004,20121010,88.42,88.42,88.42,88.42,0
BPS004,20121011,88.28,88.28,88.28,88.28,0
BPS004,20121012,87.79,87.79,87.79,87.79,0
BPS004,20121015,87.83,87.83,87.83,87.83,0
BPS004,20121016,88.45,88.45,88.45,88.45,0
BPS004,20121017,88.59,88.59,88.59,88.59,0
BPS004,20121018,88.97,88.97,88.97,88.97,0
BPS004,20121019,87.85,87.85,87.85,87.85,0
BPS004,20121022,87.74,87.74,87.74,87.74,0
BPS004,20121023,86.74,86.74,86.74,86.74,0
BPS004,20121024,86.92,86.92,86.92,86.92,0
BPS004,20121025,87.03,87.03,87.03,87.03,0
BPS004,20121026,86.79,86.79,86.79,86.79,0
BPS004,20121029,86.69,86.69,86.69,86.69,0
BPS004,20121030,86.91,86.91,86.91,86.91,0
BPS004,20121031,86.71,86.71,86.71,86.71,0
BPS004,20121102,87.14,87.14,87.14,87.14,0
BPS004,20121105,87.22,87.22,87.22,87.22,0
BPS004,20121106,87.03,87.03,87.03,87.03,0
BPS004,20121107,86.50,86.50,86.50,86.50,0
BPS004,20121108,86.60,86.60,86.60,86.60,0
BPS004,20121109,86.06,86.06,86.06,86.06,0
BPS004,20121112,86.41,86.41,86.41,86.41,0
BPS004,20121113,86.75,86.75,86.75,86.75,0
BPS004,20121114,86.91,86.91,86.91,86.91,0
BPS004,20121115,87.07,87.07,87.07,87.07,0
BPS004,20121116,87.17,87.17,87.17,87.17,0
BPS004,20121119,88.20,88.20,88.20,88.20,0
BPS004,20121120,88.33,88.33,88.33,88.33,0
BPS004,20121121,88.04,88.04,88.04,88.04,0
BPS004,20121122,87.81,87.81,87.81,87.81,0
BPS004,20121123,88.23,88.23,88.23,88.23,0
BPS004,20121126,88.58,88.58,88.58,88.58,0
BPS004,20121127,88.81,88.81,88.81,88.81,0
BPS004,20121128,88.50,88.50,88.50,88.50,0
BPS004,20121129,88.71,88.71,88.71,88.71,0
BPS004,20121130,89.00,89.00,89.00,89.00,0
BPS004,20121203,89.69,89.69,89.69,89.69,0
BPS004,20121204,90.22,90.22,90.22,90.22,0
BPS004,20121205,90.64,90.64,90.64,90.64,0
BPS004,20121206,91.03,91.03,91.03,91.03,0
BPS004,20121207,90.00,90.00,90.00,90.00,0
BPS004,20121210,90.57,90.57,90.57,90.57,0
BPS004,20121211,91.52,91.52,91.52,91.52,0
BPS004,20121212,91.96,91.96,91.96,91.96,0
BPS004,20121213,91.80,91.80,91.80,91.80,0
BPS004,20121214,92.32,92.32,92.32,92.32,0
BPS004,20121217,92.57,92.57,92.57,92.57,0
BPS004,20121218,93.05,93.05,93.05,93.05,0
BPS004,20121219,93.83,93.83,93.83,93.83,0
BPS004,20121220,93.73,93.73,93.73,93.73,0
BPS004,20121221,93.33,93.33,93.33,93.33,0
BPS004,20121227,93.76,93.76,93.76,93.76,0
BPS004,20121228,93.42,93.42,93.42,93.42,0
BPS004,20130102,94.43,94.43,94.43,94.43,0
BPS004,20130103,94.31,94.31,94.31,94.31,0
BPS004,20130104,94.31,94.31,94.31,94.31,0
BPS004,20130107,93.41,93.41,93.41,93.41,0
BPS004,20130108,93.55,93.55,93.55,93.55,0
BPS004,20130109,92.78,92.78,92.78,92.78,0
BPS004,20130110,93.48,93.48,93.48,93.48,0
BPS004,20130111,93.02,93.02,93.02,93.02,0
BPS004,20130114,93.43,93.43,93.43,93.43,0
BPS004,20130115,92.84,92.84,92.84,92.84,0
BPS004,20130116,92.30,92.30,92.30,92.30,0
BPS004,20130117,93.41,93.41,93.41,93.41,0
BPS004,20130118,93.71,93.71,93.71,93.71,0
BPS004,20130121,93.94,93.94,93.94,93.94,0
BPS004,20130122,93.93,93.93,93.93,93.93,0
BPS004,20130123,93.71,93.71,93.71,93.71,0
BPS004,20130124,93.51,93.51,93.51,93.51,0
BPS004,20130125,93.64,93.64,93.64,93.64,0
BPS004,20130128,92.89,92.89,92.89,92.89,0
BPS004,20130129,92.49,92.49,92.49,92.49,0
BPS004,20130130,92.76,92.76,92.76,92.76,0
BPS004,20130131,92.05,92.05,92.05,92.05,0
BPS004,20130201,92.41,92.41,92.41,92.41,0
BPS004,20130204,92.39,92.39,92.39,92.39,0
BPS004,20130205,91.60,91.60,91.60,91.60,0
BPS004,20130206,91.48,91.48,91.48,91.48,0
BPS004,20130207,91.26,91.26,91.26,91.26,0
BPS004,20130208,91.52,91.52,91.52,91.52,0
BPS004,20130211,92.27,92.27,92.27,92.27,0
BPS004,20130212,91.84,91.84,91.84,91.84,0
BPS004,20130213,92.07,92.07,92.07,92.07,0
BPS004,20130214,91.64,91.64,91.64,91.64,0
BPS004,20130215,91.86,91.86,91.86,91.86,0
BPS004,20130218,92.86,92.86,92.86,92.86,0
BPS004,20130219,93.05,93.05,93.05,93.05,0
BPS004,20130220,92.36,92.36,92.36,92.36,0
BPS004,20130221,90.42,90.42,90.42,90.42,0
BPS004,20130222,91.29,91.29,91.29,91.29,0
BPS004,20130225,91.88,91.88,91.88,91.88,0
BPS004,20130226,91.19,91.19,91.19,91.19,0
BPS004,20130227,91.40,91.40,91.40,91.40,0
BPS004,20130228,91.90,91.90,91.90,91.90,0
BPS004,20130301,91.71,91.71,91.71,91.71,0
BPS004,20130304,91.96,91.96,91.96,91.96,0
BPS004,20130305,92.38,92.38,92.38,92.38,0
BPS004,20130306,93.21,93.21,93.21,93.21,0
BPS004,20130307,93.20,93.20,93.20,93.20,0
BPS004,20130308,93.45,93.45,93.45,93.45,0
BPS004,20130311,93.64,93.64,93.64,93.64,0
BPS004,20130312,93.54,93.54,93.54,93.54,0
BPS004,20130313,93.28,93.28,93.28,93.28,0
BPS004,20130314,93.63,93.63,93.63,93.63,0
BPS004,20130315,94.28,94.28,94.28,94.28,0
BPS004,20130318,92.57,92.57,92.57,92.57,0
BPS004,20130319,92.00,92.00,92.00,92.00,0
BPS004,20130320,92.07,92.07,92.07,92.07,0
BPS004,20130321,91.41,91.41,91.41,91.41,0
BPS004,20130322,89.93,89.93,89.93,89.93,0
BPS004,20130325,90.43,90.43,90.43,90.43,0
BPS004,20130326,88.60,88.60,88.60,88.60,0
BPS004,20130327,88.39,88.39,88.39,88.39,0
BPS004,20130328,89.56,89.56,89.56,89.56,0
BPS004,20130402,89.56,89.56,89.56,89.56,0
BPS004,20130403,89.46,89.46,89.46,89.46,0
BPS004,20130404,88.32,88.32,88.32,88.32,0
BPS004,20130405,88.36,88.36,88.36,88.36,0
BPS004,20130408,89.03,89.03,89.03,89.03,0
BPS004,20130409,88.51,88.51,88.51,88.51,0
BPS004,20130410,89.55,89.55,89.55,89.55,0
BPS004,20130411,89.79,89.79,89.79,89.79,0
BPS004,20130412,89.72,89.72,89.72,89.72,0
BPS004,20130415,88.54,88.54,88.54,88.54,0
BPS004,20130417,87.59,87.59,87.59,87.59,0
BPS004,20130418,86.69,86.69,86.69,86.69,0
BPS004,20130419,86.07,86.07,86.07,86.07,0
BPS004,20130422,86.22,86.22,86.22,86.22,0
BPS004,20130423,85.27,85.27,85.27,85.27,0
BPS004,20130424,84.98,84.98,84.98,84.98,0
BPS004,20130425,85.62,85.62,85.62,85.62,0
BPS004,20130426,85.99,85.99,85.99,85.99,0
BPS004,20130429,86.32,86.32,86.32,86.32,0
BPS004,20130430,85.87,85.87,85.87,85.87,0
BPS004,20130502,87.00,87.00,87.00,87.00,0
BPS004,20130506,86.86,86.86,86.86,86.86,0
BPS004,20130507,87.69,87.69,87.69,87.69,0
BPS004,20130508,88.03,88.03,88.03,88.03,0
BPS004,20130509,88.39,88.39,88.39,88.39,0
BPS004,20130510,88.02,88.02,88.02,88.02,0
BPS004,20130513,88.04,88.04,88.04,88.04,0
BPS004,20130514,89.02,89.02,89.02,89.02,0
BPS004,20130515,90.22,90.22,90.22,90.22,0
BPS004,20130516,90.17,90.17,90.17,90.17,0
BPS004,20130517,90.51,90.51,90.51,90.51,0
BPS004,20130520,90.97,90.97,90.97,90.97,0
BPS004,20130521,90.24,90.24,90.24,90.24,0
BPS004,20130522,89.95,89.95,89.95,89.95,0
BPS004,20130523,89.06,89.06,89.06,89.06,0
BPS004,20130524,90.03,90.03,90.03,90.03,0
BPS004,20130527,91.03,91.03,91.03,91.03,0
BPS004,20130528,93.16,93.16,93.16,93.16,0
BPS004,20130529,92.93,92.93,92.93,92.93,0
BPS004,20130531,92.93,92.93,92.93,92.93,0
BPS004,20130603,92.79,92.79,92.79,92.79,0
BPS004,20130604,92.94,92.94,92.94,92.94,0
BPS004,20130605,93.46,93.46,93.46,93.46,0
BPS004,20130606,93.38,93.38,93.38,93.38,0
BPS004,20130607,93.20,93.20,93.20,93.20,0
BPS004,20130610,94.63,94.63,94.63,94.63,0
BPS004,20130611,94.21,94.21,94.21,94.21,0
BPS004,20130612,94.47,94.47,94.47,94.47,0
BPS004,20130613,94.15,94.15,94.15,94.15,0
BPS004,20130614,94.45,94.45,94.45,94.45,0
BPS004,20130617,94.20,94.20,94.20,94.20,0
BPS004,20130618,94.25,94.25,94.25,94.25,0
BPS004,20130619,94.11,94.11,94.11,94.11,0
BPS004,20130620,91.32,91.32,91.32,91.32,0
BPS004,20130621,89.58,89.58,89.58,89.58,0
BPS004,20130624,88.35,88.35,88.35,88.35,0
BPS004,20130625,88.84,88.84,88.84,88.84,0
BPS004,20130626,88.30,88.30,88.30,88.30,0
BPS004,20130627,88.45,88.45,88.45,88.45,0
BPS004,20130628,86.96,86.96,86.96,86.96,0
BPS004,20130701,88.01,88.01,88.01,88.01,0
BPS004,20130702,88.25,88.25,88.25,88.25,0
BPS004,20130703,88.73,88.73,88.73,88.73,0
BPS004,20130704,89.01,89.01,89.01,89.01,0
BPS004,20130705,89.37,89.37,89.37,89.37,0
BPS004,20130708,88.23,88.23,88.23,88.23,0
BPS004,20130709,87.41,87.41,87.41,87.41,0
BPS004,20130710,87.84,87.84,87.84,87.84,0
BPS004,20130711,89.68,89.68,89.68,89.68,0
BPS004,20130712,90.74,90.74,90.74,90.74,0
BPS004,20130715,90.52,90.52,90.52,90.52,0
BPS004,20130716,90.93,90.93,90.93,90.93,0
BPS004,20130717,90.96,90.96,90.96,90.96,0
BPS004,20130718,90.41,90.41,90.41,90.41,0
BPS004,20130719,90.99,90.99,90.99,90.99,0
BPS004,20130722,91.16,91.16,91.16,91.16,0
BPS004,20130723,91.24,91.24,91.24,91.24,0
BPS004,20130724,91.44,91.44,91.44,91.44,0
BPS004,20130725,90.91,90.91,90.91,90.91,0
BPS004,20130726,90.85,90.85,90.85,90.85,0
BPS004,20130729,90.42,90.42,90.42,90.42,0
BPS004,20130730,90.80,90.80,90.80,90.80,0
BPS004,20130731,91.36,91.36,91.36,91.36,0
BPS004,20130801,92.35,92.35,92.35,92.35,0
BPS004,20130802,93.46,93.46,93.46,93.46,0
BPS004,20130805,94.00,94.00,94.00,94.00,0
BPS004,20130806,93.97,93.97,93.97,93.97,0
BPS004,20130807,93.87,93.87,93.87,93.87,0
BPS004,20130808,95.60,95.60,95.60,95.60,0
BPS004,20130809,95.24,95.24,95.24,95.24,0
BPS004,20130812,95.81,95.81,95.81,95.81,0
BPS004,20130813,96.87,96.87,96.87,96.87,0
BPS004,20130814,97.58,97.58,97.58,97.58,0
BPS004,20130816,97.35,97.35,97.35,97.35,0
BPS004,20130819,96.32,96.32,96.32,96.32,0
BPS004,20130820,95.91,95.91,95.91,95.91,0
BPS004,20130821,96.20,96.20,96.20,96.20,0
BPS004,20130822,96.76,96.76,96.76,96.76,0
BPS004,20130823,97.53,97.53,97.53,97.53,0
BPS004,20130826,97.65,97.65,97.65,97.65,0
BPS004,20130827,96.04,96.04,96.04,96.04,0
BPS004,20130828,95.18,95.18,95.18,95.18,0
BPS004,20130829,95.44,95.44,95.44,95.44,0
BPS004,20130830,95.09,95.09,95.09,95.09,0
BPS004,20130902,96.32,96.32,96.32,96.32,0
BPS004,20130903,96.12,96.12,96.12,96.12,0
BPS004,20130904,95.93,95.93,95.93,95.93,0
BPS004,20130905,91.56,91.56,91.56,91.56,0
BPS004,20130906,91.69,91.69,91.69,91.69,0
BPS004,20130909,92.93,92.93,92.93,92.93,0
BPS004,20130910,95.84,95.84,95.84,95.84,0
BPS004,20130911,95.76,95.76,95.76,95.76,0
BPS004,20130912,97.14,97.14,97.14,97.14,0
BPS004,20130913,97.57,97.57,97.57,97.57,0
BPS004,20130916,97.57,97.57,97.57,97.57,0
BPS004,20130917,96.76,96.76,96.76,96.76,0
BPS004,20130918,97.33,97.33,97.33,97.33,0
BPS004,20130919,98.86,98.86,98.86,98.86,0
BPS004,20130920,98.32,98.32,98.32,98.32,0
BPS004,20130923,98.65,98.65,98.65,98.65,0
BPS004,20130924,98.27,98.27,98.27,98.27,0
BPS004,20130925,98.14,98.14,98.14,98.14,0
BPS004,20130926,99.32,99.32,99.32,99.32,0
BPS004,20130927,99.68,99.68,99.68,99.68,0
BPS004,20130930,98.66,98.66,98.66,98.66,0
BPS004,20131001,98.64,98.64,98.64,98.64,0
BPS004,20131002,99.29,99.29,99.29,99.29,0
BPS004,20131003,99.84,99.84,99.84,99.84,0
BPS004,20131004,99.21,99.21,99.21,99.21,0
BPS004,20131007,98.51,98.51,98.51,98.51,0
BPS004,20131008,98.60,98.60,98.60,98.60,0
BPS004,20131009,98.61,98.61,98.61,98.61,0
BPS004,20131010,100.12,100.12,100.12,100.12,0
BPS004,20131011,101.98,101.98,101.98,101.98,0
BPS004,20131014,102.04,102.04,102.04,102.04,0
BPS004,20131015,103.65,103.65,103.65,103.65,0
BPS004,20131016,102.89,102.89,102.89,102.89,0
BPS004,20131017,102.83,102.83,102.83,102.83,0
BPS004,20131018,102.35,102.35,102.35,102.35,0
BPS004,20131021,104.00,104.00,104.00,104.00,0
BPS004,20131022,104.20,104.20,104.20,104.20,0
BPS004,20131023,103.96,103.96,103.96,103.96,0
BPS004,20131024,104.23,104.23,104.23,104.23,0
BPS004,20131025,104.31,104.31,104.31,104.31,0
BPS004,20131028,104.83,104.83,104.83,104.83,0
BPS004,20131029,105.14,105.14,105.14,105.14,0
BPS004,20131030,105.25,105.25,105.25,105.25,0
BPS004,20131031,104.17,104.17,104.17,104.17,0
BPS004,20131104,103.83,103.83,103.83,103.83,0
BPS004,20131105,104.47,104.47,104.47,104.47,0
BPS004,20131106,103.72,103.72,103.72,103.72,0
BPS004,20131107,104.11,104.11,104.11,104.11,0
BPS004,20131108,103.20,103.20,103.20,103.20,0
BPS004,20131112,103.71,103.71,103.71,103.71,0
BPS004,20131113,102.46,102.46,102.46,102.46,0
BPS004,20131114,103.28,103.28,103.28,103.28,0
BPS004,20131115,104.26,104.26,104.26,104.26,0
BPS004,20131118,104.93,104.93,104.93,104.93,0
BPS004,20131119,105.79,105.79,105.79,105.79,0
BPS004,20131120,105.27,105.27,105.27,105.27,0
BPS004,20131121,105.25,105.25,105.25,105.25,0
BPS004,20131122,105.54,105.54,105.54,105.54,0
BPS004,20131125,106.46,106.46,106.46,106.46,0
BPS004,20131126,105.79,105.79,105.79,105.79,0
BPS004,20131127,105.23,105.23,105.23,105.23,0
BPS004,20131128,105.16,105.16,105.16,105.16,0
BPS004,20131129,105.13,105.13,105.13,105.13,0
BPS004,20131202,105.29,105.29,105.29,105.29,0
BPS004,20131203,103.09,103.09,103.09,103.09,0
BPS004,20131204,102.62,102.62,102.62,102.62,0
BPS004,20131205,102.00,102.00,102.00,102.00,0
BPS004,20131206,102.09,102.09,102.09,102.09,0
BPS004,20131209,102.92,102.92,102.92,102.92,0
BPS004,20131210,102.77,102.77,102.77,102.77,0
BPS004,20131211,102.33,102.33,102.33,102.33,0
BPS004,20131212,100.73,100.73,100.73,100.73,0
BPS004,20131213,100.56,100.56,100.56,100.56,0
BPS004,20131216,100.39,100.39,100.39,100.39,0
BPS004,20131217,99.63,99.63,99.63,99.63,0
BPS004,20131218,98.99,98.99,98.99,98.99,0
BPS004,20131219,99.47,99.47,99.47,99.47,0
BPS004,20131220,98.63,98.63,98.63,98.63,0
BPS004,20131223,99.68,99.68,99.68,99.68,0
BPS004,20131227,99.65,99.65,99.65,99.65,0
BPS004,20131230,99.55,99.55,99.55,99.55,0
BPS004,20140102,100.38,100.38,100.38,100.38,0
BPS004,20140103,100.30,100.30,100.30,100.30,0
BPS004,20140107,98.30,98.30,98.30,98.30,0
BPS004,20140108,97.58,97.58,97.58,97.58,0
BPS004,20140109,97.68,97.68,97.68,97.68,0
BPS004,20140110,96.02,96.02,96.02,96.02,0
BPS004,20140113,97.82,97.82,97.82,97.82,0
BPS004,20140114,97.72,97.72,97.72,97.72,0
BPS004,20140115,98.93,98.93,98.93,98.93,0
BPS004,20140116,99.21,99.21,99.21,99.21,0
BPS004,20140117,98.81,98.81,98.81,98.81,0
BPS004,20140120,98.40,98.40,98.40,98.40,0
BPS004,20140121,99.60,99.60,99.60,99.60,0
BPS004,20140122,100.54,100.54,100.54,100.54,0
BPS004,20140123,100.64,100.64,100.64,100.64,0
BPS004,20140124,98.94,98.94,98.94,98.94,0
BPS004,20140127,96.88,96.88,96.88,96.88,0
BPS004,20140128,97.52,97.52,97.52,97.52,0
BPS004,20140129,97.98,97.98,97.98,97.98,0
BPS004,20140130,96.45,96.45,96.45,96.45,0
BPS004,20140131,97.95,97.95,97.95,97.95,0
BPS004,20140203,98.94,98.94,98.94,98.94,0
BPS004,20140204,98.25,98.25,98.25,98.25,0
BPS004,20140205,98.79,98.79,98.79,98.79,0
BPS004,20140206,100.28,100.28,100.28,100.28,0
BPS004,20140207,100.68,100.68,100.68,100.68,0
BPS004,20140210,100.64,100.64,100.64,100.64,0
BPS004,20140211,101.01,101.01,101.01,101.01,0
BPS004,20140212,101.95,101.95,101.95,101.95,0
BPS004,20140213,101.85,101.85,101.85,101.85,0
BPS004,20140214,102.16,102.16,102.16,102.16,0
BPS004,20140217,102.93,102.93,102.93,102.93,0
BPS004,20140218,102.75,102.75,102.75,102.75,0
BPS004,20140219,102.18,102.18,102.18,102.18,0
BPS004,20140220,101.82,101.82,101.82,101.82,0
BPS004,20140221,102.59,102.59,102.59,102.59,0
BPS004,20140224,103.63,103.63,103.63,103.63,0
BPS004,20140225,103.88,103.88,103.88,103.88,0
BPS004,20140226,102.87,102.87,102.87,102.87,0
BPS004,20140227,101.33,101.33,101.33,101.33,0
BPS004,20140228,102.45,102.45,102.45,102.45,0
BPS004,20140303,98.99,98.99,98.99,98.99,0
BPS004,20140304,100.02,100.02,100.02,100.02,0
BPS004,20140305,100.78,100.78,100.78,100.78,0
BPS004,20140306,100.39,100.39,100.39,100.39,0
BPS004,20140307,100.21,100.21,100.21,100.21,0
BPS004,20140310,98.65,98.65,98.65,98.65,0
BPS004,20140311,97.87,97.87,97.87,97.87,0
BPS004,20140312,96.97,96.97,96.97,96.97,0
BPS004,20140313,96.42,96.42,96.42,96.42,0
BPS004,20140314,93.70,93.70,93.70,93.70,0
BPS004,20140317,95.52,95.52,95.52,95.52,0
BPS004,20140318,96.31,96.31,96.31,96.31,0
BPS004,20140319,96.36,96.36,96.36,96.36,0
BPS004,20140320,95.98,95.98,95.98,95.98,0
BPS004,20140321,96.91,96.91,96.91,96.91,0
BPS004,20140324,96.18,96.18,96.18,96.18,0
BPS004,20140325,97.20,97.20,97.20,97.20,0
BPS004,20140326,98.83,98.83,98.83,98.83,0
BPS004,20140327,98.39,98.39,98.39,98.39,0
BPS004,20140328,98.65,98.65,98.65,98.65,0
BPS004,20140331,99.36,99.36,99.36,99.36,0
BPS004,20140401,100.12,100.12,100.12,100.12,0
BPS004,20140402,100.74,100.74,100.74,100.74,0
BPS004,20140403,100.52,100.52,100.52,100.52,0
BPS004,20140404,99.80,99.80,99.80,99.80,0
BPS004,20140407,99.98,99.98,99.98,99.98,0
BPS004,20140408,99.44,99.44,99.44,99.44,0
BPS004,20140409,100.31,100.31,100.31,100.31,0
BPS004,20140410,100.36,100.36,100.36,100.36,0
BPS004,20140411,99.56,99.56,99.56,99.56,0
BPS004,20140414,98.61,98.61,98.61,98.61,0
BPS004,20140415,98.32,98.32,98.32,98.32,0
BPS004,20140416,97.44,97.44,97.44,97.44,0
BPS004,20140417,97.68,97.68,97.68,97.68,0
BPS004,20140422,98.95,98.95,98.95,98.95,0
BPS004,20140423,99.13,99.13,99.13,99.13,0
BPS004,20140424,99.39,99.39,99.39,99.39,0
BPS004,20140425,98.32,98.32,98.32,98.32,0
BPS004,20140428,98.23,98.23,98.23,98.23,0
BPS004,20140429,98.50,98.50,98.50,98.50,0
BPS004,20140430,98.73,98.73,98.73,98.73,0
BPS004,20140502,98.25,98.25,98.25,98.25,0
BPS004,20140505,97.36,97.36,97.36,97.36,0
BPS004,20140506,97.20,97.20,97.20,97.20,0
BPS004,20140507,95.49,95.49,95.49,95.49,0
BPS004,20140508,96.67,96.67,96.67,96.67,0
BPS004,20140509,96.50,96.50,96.50,96.50,0
BPS004,20140512,95.68,95.68,95.68,95.68,0
BPS004,20140513,96.65,96.65,96.65,96.65,0
BPS004,20140514,96.98,96.98,96.98,96.98,0
BPS004,20140515,97.25,97.25,97.25,97.25,0
BPS004,20140516,95.95,95.95,95.95,95.95,0
BPS004,20140519,96.26,96.26,96.26,96.26,0
BPS004,20140520,96.87,96.87,96.87,96.87,0
BPS004,20140521,97.06,97.06,97.06,97.06,0
BPS004,20140522,97.96,97.96,97.96,97.96,0
BPS004,20140523,99.27,99.27,99.27,99.27,0
BPS004,20140526,99.36,99.36,99.36,99.36,0
BPS004,20140527,99.19,99.19,99.19,99.19,0
BPS004,20140528,98.88,98.88,98.88,98.88,0
BPS004,20140529,98.72,98.72,98.72,98.72,0
BPS004,20140530,99.02,99.02,99.02,99.02,0
BPS004,20140602,98.73,98.73,98.73,98.73,0
BPS004,20140603,99.24,99.24,99.24,99.24,0
BPS004,20140604,98.57,98.57,98.57,98.57,0
BPS004,20140605,99.92,99.92,99.92,99.92,0
BPS004,20140606,100.12,100.12,100.12,100.12,0
BPS004,20140609,100.91,100.91,100.91,100.91,0
BPS004,20140610,100.63,100.63,100.63,100.63,0
BPS004,20140611,100.42,100.42,100.42,100.42,0
BPS004,20140612,100.23,100.23,100.23,100.23,0
BPS004,20140613,99.86,99.86,99.86,99.86,0
BPS004,20140616,99.20,99.20,99.20,99.20,0
BPS004,20140617,99.96,99.96,99.96,99.96,0
BPS004,20140618,100.13,100.13,100.13,100.13,0
BPS004,20140620,100.01,100.01,100.01,100.01,0
BPS004,20140623,100.00,100.00,100.00,100.00,0
BPS004,20140624,100.00,100.00,100.00,100.00,0
BPS004,20140625,99.27,99.27,99.27,99.27,0
BPS004,20140626,98.37,98.37,98.37,98.37,0
BPS004,20140627,97.93,97.93,97.93,97.93,0
BPS004,20140630,97.97,97.97,97.97,97.97,0
BPS004,20140701,98.05,98.05,98.05,98.05,0
BPS004,20140702,97.15,97.15,97.15,97.15,0
BPS004,20140703,96.31,96.31,96.31,96.31,0
BPS004,20140704,96.56,96.56,96.56,96.56,0
BPS004,20140707,96.90,96.90,96.90,96.90,0
BPS004,20140708,96.92,96.92,96.92,96.92,0
BPS004,20140709,96.34,96.34,96.34,96.34,0
BPS004,20140710,95.55,95.55,95.55,95.55,0
BPS004,20140711,96.40,96.40,96.40,96.40,0
BPS004,20140714,97.33,97.33,97.33,97.33,0
BPS004,20140715,97.19,97.19,97.19,97.19,0
BPS004,20140716,97.75,97.75,97.75,97.75,0
BPS004,20140717,96.99,96.99,96.99,96.99,0
BPS004,20140718,97.07,97.07,97.07,97.07,0
BPS004,20140721,96.78,96.78,96.78,96.78,0
BPS004,20140722,97.18,97.18,97.18,97.18,0
BPS004,20140723,97.40,97.40,97.40,97.40,0
BPS004,20140724,97.51,97.51,97.51,97.51,0
BPS004,20140725,97.41,97.41,97.41,97.41,0
BPS004,20140728,97.41,97.41,97.41,97.41,0
BPS004,20140729,96.92,96.92,96.92,96.92,0
BPS004,20140730,95.87,95.87,95.87,95.87,0
BPS004,20140731,95.03,95.03,95.03,95.03,0
BPS004,20140801,93.78,93.78,93.78,93.78,0
BPS004,20140804,95.69,95.69,95.69,95.69,0
BPS004,20140805,96.52,96.52,96.52,96.52,0
BPS004,20140806,95.56,95.56,95.56,95.56,0
BPS004,20140807,94.62,94.62,94.62,94.62,0
BPS004,20140808,93.46,93.46,93.46,93.46,0
BPS004,20140811,94.50,94.50,94.50,94.50,0
BPS004,20140812,94.92,94.92,94.92,94.92,0
BPS004,20140813,95.05,95.05,95.05,95.05,0
BPS004,20140814,95.69,95.69,95.69,95.69,0
BPS004,20140818,96.98,96.98,96.98,96.98,0
BPS004,20140819,97.79,97.79,97.79,97.79,0
BPS004,20140821,98.19,98.19,98.19,98.19,0
BPS004,20140822,97.88,97.88,97.88,97.88,0
BPS004,20140825,98.16,98.16,98.16,98.16,0
BPS004,20140826,98.43,98.43,98.43,98.43,0
BPS004,20140827,99.41,99.41,99.41,99.41,0
BPS004,20140828,97.97,97.97,97.97,97.97,0
BPS004,20140829,97.40,97.40,97.40,97.40,0
BPS004,20140902,98.18,98.18,98.18,98.18,0
BPS004,20140903,99.93,99.93,99.93,99.93,0
BPS004,20140904,100.75,100.75,100.75,100.75,0
BPS004,20140905,101.22,101.22,101.22,101.22,0
BPS004,20140908,101.61,101.61,101.61,101.61,0
BPS004,20140909,101.94,101.94,101.94,101.94,0
BPS004,20140910,102.01,102.01,102.01,102.01,0
BPS004,20140911,101.46,101.46,101.46,101.46,0
BPS004,20140919,103.52,103.52,103.52,103.52,0
BPS004,20140922,104.04,104.04,104.04,104.04,0
BPS004,20140923,102.94,102.94,102.94,102.94,0
BPS004,20140924,102.59,102.59,102.59,102.59,0
BPS004,20140925,103.17,103.17,103.17,103.17,0
BPS004,20140926,102.22,102.22,102.22,102.22,0
BPS004,20140930,102.79,102.79,102.79,102.79,0
BPS004,20141001,102.37,102.37,102.37,102.37,0
BPS004,20141002,100.59,100.59,100.59,100.59,0
BPS004,20141003,101.00,101.00,101.00,101.00,0
BPS004,20141007,100.92,100.92,100.92,100.92,0
BPS004,20141008,99.90,99.90,99.90,99.90,0
BPS004,20141009,100.64,100.64,100.64,100.64,0
BPS004,20141010,99.18,99.18,99.18,99.18,0
BPS004,20141013,99.20,99.20,99.20,99.20,0
BPS004,20141014,98.51,98.51,98.51,98.51,0
BPS004,20141015,99.35,99.35,99.35,99.35,0
BPS004,20141016,97.74,97.74,97.74,97.74,0
BPS004,20141017,98.67,98.67,98.67,98.67,0
BPS004,20141020,98.86,98.86,98.86,98.86,0
BPS004,20141021,98.82,98.82,98.82,98.82,0
BPS004,20141022,100.11,100.11,100.11,100.11,0
BPS004,20141023,100.32,100.32,100.32,100.32,0
BPS004,20141027,100.00,100.00,100.00,100.00,0
BPS004,20141028,100.37,100.37,100.37,100.37,0
BPS004,20141029,100.73,100.73,100.73,100.73,0
BPS004,20141030,99.99,99.99,99.99,99.99,0
BPS004,20141031,100.96,100.96,100.96,100.96,0
BPS004,20141103,100.98,100.98,100.98,100.98,0
BPS004,20141104,101.32,101.32,101.32,101.32,0
BPS004,20141105,100.92,100.92,100.92,100.92,0
BPS004,20141106,100.56,100.56,100.56,100.56,0
BPS004,20141107,100.32,100.32,100.32,100.32,0
BPS004,20141110,99.95,99.95,99.95,99.95,0
BPS004,20141112,100.00,100.00,100.00,100.00,0
BPS004,20141113,99.77,99.77,99.77,99.77,0
BPS004,20141114,99.34,99.34,99.34,99.34,0
BPS004,20141117,99.92,99.92,99.92,99.92,0
BPS004,20141118,100.26,100.26,100.26,100.26,0
BPS004,20141119,100.39,100.39,100.39,100.39,0
BPS004,20141120,99.91,99.91,99.91,99.91,0
BPS004,20141121,100.36,100.36,100.36,100.36,0
BPS004,20141124,101.16,101.16,101.16,101.16,0
BPS004,20141125,100.32,100.32,100.32,100.32,0
BPS004,20141126,100.57,100.57,100.57,100.57,0
BPS004,20141127,100.93,100.93,100.93,100.93,0
BPS004,20141128,100.86,100.86,100.86,100.86,0
BPS004,20141201,100.42,100.42,100.42,100.42,0
BPS004,20141202,101.18,101.18,101.18,101.18,0
BPS004,20141203,102.09,102.09,102.09,102.09,0
BPS004,20141204,102.30,102.30,102.30,102.30,0
BPS004,20141205,101.78,101.78,101.78,101.78,0
BPS004,20141208,101.58,101.58,101.58,101.58,0
BPS004,20141209,100.92,100.92,100.92,100.92,0
BPS004,20141210,100.48,100.48,100.48,100.48,0
BPS004,20141211,99.73,99.73,99.73,99.73,0
BPS004,20141212,99.59,99.59,99.59,99.59,0
BPS004,20141215,99.56,99.56,99.56,99.56,0
BPS004,20141216,97.66,97.66,97.66,97.66,0
BPS004,20141217,97.39,97.39,97.39,97.39,0
BPS004,20141218,98.68,98.68,98.68,98.68,0
BPS004,20141219,98.52,98.52,98.52,98.52,0
BPS004,20141222,98.35,98.35,98.35,98.35,0
BPS004,20141223,98.68,98.68,98.68,98.68,0
BPS004,20141229,97.63,97.63,97.63,97.63,0
BPS004,20141230,98.07,98.07,98.07,98.07,0
BPS004,20150102,98.41,98.41,98.41,98.41,0
BPS004,20150105,97.87,97.87,97.87,97.87,0
BPS004,20150107,97.92,97.92,97.92,97.92,0
BPS004,20150108,99.94,99.94,99.94,99.94,0
BPS004,20150109,100.30,100.30,100.30,100.30,0
BPS004,20150112,100.15,100.15,100.15,100.15,0
BPS004,20150113,100.47,100.47,100.47,100.47,0
BPS004,20150114,100.15,100.15,100.15,100.15,0
BPS004,20150115,97.98,97.98,97.98,97.98,0
BPS004,20150116,96.62,96.62,96.62,96.62,0
BPS004,20150119,96.67,96.67,96.67,96.67,0
BPS004,20150120,97.40,97.40,97.40,97.40,0
BPS004,20150121,97.29,97.29,97.29,97.29,0
BPS004,20150122,98.35,98.35,98.35,98.35,0
BPS004,20150123,99.21,99.21,99.21,99.21,0
BPS004,20150126,98.53,98.53,98.53,98.53,0
BPS004,20150127,99.50,99.50,99.50,99.50,0
BPS004,20150128,98.68,98.68,98.68,98.68,0
BPS004,20150129,99.35,99.35,99.35,99.35,0
BPS004,20150130,99.99,99.99,99.99,99.99,0
BPS004,20150202,100.23,100.23,100.23,100.23,0
BPS004,20150203,100.22,100.22,100.22,100.22,0
BPS004,20150204,99.85,99.85,99.85,99.85,0
BPS004,20150205,99.89,99.89,99.89,99.89,0
BPS004,20150206,100.44,100.44,100.44,100.44,0
BPS004,20150209,100.19,100.19,100.19,100.19,0
BPS004,20150210,100.28,100.28,100.28,100.28,0
BPS004,20150211,99.95,99.95,99.95,99.95,0
BPS004,20150212,100.15,100.15,100.15,100.15,0
BPS004,20150213,100.24,100.24,100.24,100.24,0
BPS004,20150216,100.95,100.95,100.95,100.95,0
BPS004,20150217,101.19,101.19,101.19,101.19,0
BPS004,20150218,101.30,101.30,101.30,101.30,0
BPS004,20150219,101.00,101.00,101.00,101.00,0
BPS004,20150220,100.96,100.96,100.96,100.96,0
BPS004,20150223,101.28,101.28,101.28,101.28,0
BPS004,20150224,101.27,101.27,101.27,101.27,0
BPS004,20150225,101.41,101.41,101.41,101.41,0
BPS004,20150226,101.45,101.45,101.45,101.45,0
BPS004,20150227,102.21,102.21,102.21,102.21,0
BPS004,20150302,102.66,102.66,102.66,102.66,0
BPS004,20150303,102.60,102.60,102.60,102.60,0
BPS004,20150304,101.63,101.63,101.63,101.63,0
BPS004,20150305,103.21,103.21,103.21,103.21,0
BPS004,20150306,103.28,103.28,103.28,103.28,0
BPS004,20150309,102.97,102.97,102.97,102.97,0
BPS004,20150310,102.27,102.27,102.27,102.27,0
BPS004,20150311,102.11,102.11,102.11,102.11,0
BPS004,20150312,102.28,102.28,102.28,102.28,0
BPS004,20150313,102.08,102.08,102.08,102.08,0
BPS004,20150316,101.82,101.82,101.82,101.82,0
BPS004,20150317,102.45,102.45,102.45,102.45,0
BPS004,20150318,102.86,102.86,102.86,102.86,0
BPS004,20150319,103.68,103.68,103.68,103.68,0
BPS004,20150320,104.20,104.20,104.20,104.20,0
BPS004,20150323,104.54,104.54,104.54,104.54,0
BPS004,20150324,104.64,104.64,104.64,104.64,0
BPS004,20150325,104.47,104.47,104.47,104.47,0
BPS004,20150326,103.64,103.64,103.64,103.64,0
BPS004,20150327,103.90,103.90,103.90,103.90,0
BPS004,20150330,104.37,104.37,104.37,104.37,0
BPS004,20150331,104.14,104.14,104.14,104.14,0
BPS004,20150401,104.51,104.51,104.51,104.51,0
BPS004,20150402,104.63,104.63,104.63,104.63,0
BPS004,20150407,105.40,105.40,105.40,105.40,0
BPS004,20150408,105.54,105.54,105.54,105.54,0
BPS004,20150409,105.87,105.87,105.87,105.87,0
BPS004,20150410,106.81,106.81,106.81,106.81,0
BPS004,20150413,106.47,106.47,106.47,106.47,0
BPS004,20150414,106.30,106.30,106.30,106.30,0
BPS004,20150415,107.36,107.36,107.36,107.36,0
BPS004,20150416,107.56,107.56,107.56,107.56,0
BPS004,20150417,108.46,108.46,108.46,108.46,0
BPS004,20150420,107.44,107.44,107.44,107.44,0
BPS004,20150421,108.65,108.65,108.65,108.65,0
BPS004,20150422,108.03,108.03,108.03,108.03,0
BPS004,20150423,108.42,108.42,108.42,108.42,0
BPS004,20150424,108.47,108.47,108.47,108.47,0
BPS004,20150427,109.45,109.45,109.45,109.45,0
BPS004,20150428,109.14,109.14,109.14,109.14,0
BPS004,20150429,109.04,109.04,109.04,109.04,0
BPS004,20150430,108.82,108.82,108.82,108.82,0
BPS004,20150504,109.20,109.20,109.20,109.20,0
BPS004,20150505,109.03,109.03,109.03,109.03,0
BPS004,20150506,108.77,108.77,108.77,108.77,0
BPS004,20150507,108.74,108.74,108.74,108.74,0
BPS004,20150508,110.07,110.07,110.07,110.07,0
BPS004,20150511,110.44,110.44,110.44,110.44,0
BPS004,20150512,109.82,109.82,109.82,109.82,0
BPS004,20150513,110.21,110.21,110.21,110.21,0
BPS004,20150514,109.88,109.88,109.88,109.88,0
BPS004,20150515,109.48,109.48,109.48,109.48,0
BPS004,20150518,109.66,109.66,109.66,109.66,0
BPS004,20150519,109.78,109.78,109.78,109.78,0
BPS004,20150520,109.08,109.08,109.08,109.08,0
BPS004,20150521,109.41,109.41,109.41,109.41,0
BPS004,20150522,109.34,109.34,109.34,109.34,0
BPS004,20150525,108.09,108.09,108.09,108.09,0
BPS004,20150526,107.59,107.59,107.59,107.59,0
BPS004,20150527,107.34,107.34,107.34,107.34,0
BPS004,20150528,107.67,107.67,107.67,107.67,0
BPS004,20150529,107.60,107.60,107.60,107.60,0
BPS004,20150601,107.37,107.37,107.37,107.37,0
BPS004,20150602,106.94,106.94,106.94,106.94,0
BPS004,20150603,106.83,106.83,106.83,106.83,0
BPS004,20150605,105.64,105.64,105.64,105.64,0
BPS004,20150608,105.21,105.21,105.21,105.21,0
BPS004,20150609,104.69,104.69,104.69,104.69,0
BPS004,20150610,105.13,105.13,105.13,105.13,0
BPS004,20150611,105.29,105.29,105.29,105.29,0
BPS004,20150612,105.22,105.22,105.22,105.22,0
BPS004,20150615,104.82,104.82,104.82,104.82,0
BPS004,20150616,104.39,104.39,104.39,104.39,0
BPS004,20150617,104.64,104.64,104.64,104.64,0
BPS004,20150618,102.79,102.79,102.79,102.79,0
BPS004,20150619,103.85,103.85,103.85,103.85,0
BPS004,20150622,104.16,104.16,104.16,104.16,0
BPS004,20150623,104.94,104.94,104.94,104.94,0
BPS004,20150624,104.68,104.68,104.68,104.68,0
BPS004,20150625,105.14,105.14,105.14,105.14,0
BPS004,20150626,104.26,104.26,104.26,104.26,0
BPS004,20150629,102.43,102.43,102.43,102.43,0
BPS004,20150630,102.62,102.62,102.62,102.62,0
BPS004,20150701,103.54,103.54,103.54,103.54,0
BPS004,20150702,102.73,102.73,102.73,102.73,0
BPS004,20150703,102.57,102.57,102.57,102.57,0
BPS004,20150706,101.79,101.79,101.79,101.79,0
BPS004,20150707,102.02,102.02,102.02,102.02,0
BPS004,20150708,99.79,99.79,99.79,99.79,0
BPS004,20150709,99.98,99.98,99.98,99.98,0
BPS004,20150710,101.63,101.63,101.63,101.63,0
BPS004,20150713,102.73,102.73,102.73,102.73,0
BPS004,20150714,102.05,102.05,102.05,102.05,0
BPS004,20150715,102.38,102.38,102.38,102.38,0
BPS004,20150716,103.49,103.49,103.49,103.49,0
BPS004,20150717,103.71,103.71,103.71,103.71,0
BPS004,20150720,103.55,103.55,103.55,103.55,0
BPS004,20150721,103.14,103.14,103.14,103.14,0
BPS004,20150722,102.10,102.10,102.10,102.10,0
BPS004,20150723,101.45,101.45,101.45,101.45,0
BPS004,20150724,101.77,101.77,101.77,101.77,0
BPS004,20150727,100.62,100.62,100.62,100.62,0
BPS004,20150728,101.45,101.45,101.45,101.45,0
BPS004,20150729,102.64,102.64,102.64,102.64,0
BPS004,20150730,101.64,101.64,101.64,101.64,0
BPS004,20150731,101.61,101.61,101.61,101.61,0
BPS004,20150803,102.79,102.79,102.79,102.79,0
BPS004,20150804,102.73,102.73,102.73,102.73,0
BPS004,20150805,103.71,103.71,103.71,103.71,0
BPS004,20150806,102.34,102.34,102.34,102.34,0
BPS004,20150807,102.50,102.50,102.50,102.50,0
BPS004,20150810,102.76,102.76,102.76,102.76,0
BPS004,20150811,103.58,103.58,103.58,103.58,0
BPS004,20150812,102.42,102.42,102.42,102.42,0
BPS004,20150813,103.40,103.40,103.40,103.40,0
BPS004,20150814,104.04,104.04,104.04,104.04,0
BPS004,20150817,103.46,103.46,103.46,103.46,0
BPS004,20150818,102.51,102.51,102.51,102.51,0
BPS004,20150819,102.64,102.64,102.64,102.64,0
BPS004,20150820,102.92,102.92,102.92,102.92,0
BPS004,20150821,102.44,102.44,102.44,102.44,0
BPS004,20150824,98.60,98.60,98.60,98.60,0
BPS004,20150825,97.22,97.22,97.22,97.22,0
BPS004,20150826,96.28,96.28,96.28,96.28,0
BPS004,20150827,98.41,98.41,98.41,98.41,0
BPS004,20150828,99.09,99.09,99.09,99.09,0
BPS004,20150831,99.44,99.44,99.44,99.44,0
BPS004,20150901,98.59,98.59,98.59,98.59,0
BPS004,20150902,98.52,98.52,98.52,98.52,0
BPS004,20150903,99.33,99.33,99.33,99.33,0
BPS004,20150904,99.29,99.29,99.29,99.29,0
BPS004,20150907,99.12,99.12,99.12,99.12,0
BPS004,20150908,99.08,99.08,99.08,99.08,0
BPS004,20150909,99.88,99.88,99.88,99.88,0
BPS004,20150910,99.71,99.71,99.71,99.71,0
BPS004,20150911,100.06,100.06,100.06,100.06,0
BPS004,20150914,99.81,99.81,99.81,99.81,0
BPS004,20150915,99.77,99.77,99.77,99.77,0
BPS004,20150916,99.92,99.92,99.92,99.92,0
BPS004,20150917,100.55,100.55,100.55,100.55,0
BPS004,20150918,100.53,100.53,100.53,100.53,0
BPS004,20150921,99.83,99.83,99.83,99.83,0
BPS004,20150922,99.55,99.55,99.55,99.55,0
BPS004,20150923,98.68,98.68,98.68,98.68,0
BPS004,20150924,97.93,97.93,97.93,97.93,0
BPS004,20150925,97.96,97.96,97.96,97.96,0
BPS004,20150928,96.76,96.76,96.76,96.76,0
BPS004,20150929,96.12,96.12,96.12,96.12,0
BPS004,20150930,96.96,96.96,96.96,96.96,0
BPS004,20151001,97.38,97.38,97.38,97.38,0
BPS004,20151002,96.90,96.90,96.90,96.90,0
BPS004,20151005,97.60,97.60,97.60,97.60,0
BPS004,20151006,98.46,98.46,98.46,98.46,0
BPS004,20151007,98.70,98.70,98.70,98.70,0
BPS004,20151008,98.73,98.73,98.73,98.73,0
BPS004,20151009,100.21,100.21,100.21,100.21,0
BPS004,20151012,99.82,99.82,99.82,99.82,0
BPS004,20151013,99.15,99.15,99.15,99.15,0
BPS004,20151014,99.26,99.26,99.26,99.26,0
BPS004,20151015,99.72,99.72,99.72,99.72,0
BPS004,20151016,100.23,100.23,100.23,100.23,0
BPS004,20151019,100.22,100.22,100.22,100.22,0
BPS004,20151020,100.06,100.06,100.06,100.06,0
BPS004,20151021,100.04,100.04,100.04,100.04,0
BPS004,20151022,99.38,99.38,99.38,99.38,0
BPS004,20151023,100.07,100.07,100.07,100.07,0
BPS004,20151026,100.22,100.22,100.22,100.22,0
BPS004,20151027,99.91,99.91,99.91,99.91,0
BPS004,20151028,99.81,99.81,99.81,99.81,0
BPS004,20151029,98.80,98.80,98.80,98.80,0
BPS004,20151030,98.26,98.26,98.26,98.26,0
BPS004,20151102,99.03,99.03,99.03,99.03,0
BPS004,20151103,98.97,98.97,98.97,98.97,0
BPS004,20151104,99.53,99.53,99.53,99.53,0
BPS004,20151105,99.00,99.00,99.00,99.00,0
BPS004,20151106,98.24,98.24,98.24,98.24,0
BPS004,20151109,97.39,97.39,97.39,97.39,0
BPS004,20151110,97.14,97.14,97.14,97.14,0
BPS004,20151112,97.30,97.30,97.30,97.30,0
BPS004,20151113,96.18,96.18,96.18,96.18,0
BPS004,20151116,94.99,94.99,94.99,94.99,0
BPS004,20151117,96.25,96.25,96.25,96.25,0
BPS004,20151118,96.12,96.12,96.12,96.12,0
BPS004,20151119,97.03,97.03,97.03,97.03,0
BPS004,20151120,96.74,96.74,96.74,96.74,0
BPS004,20151123,95.91,95.91,95.91,95.91,0
BPS004,20151124,94.68,94.68,94.68,94.68,0
BPS004,20151125,94.63,94.63,94.63,94.63,0
BPS004,20151126,94.90,94.90,94.90,94.90,0
BPS004,20151127,95.07,95.07,95.07,95.07,0
BPS004,20151130,94.39,94.39,94.39,94.39,0
BPS004,20151201,94.46,94.46,94.46,94.46,0
BPS004,20151202,93.16,93.16,93.16,93.16,0
BPS004,20151203,92.63,92.63,92.63,92.63,0
BPS004,20151204,90.55,90.55,90.55,90.55,0
BPS004,20151207,91.77,91.77,91.77,91.77,0
BPS004,20151208,89.85,89.85,89.85,89.85,0
BPS004,20151209,88.38,88.38,88.38,88.38,0
BPS004,20151210,89.27,89.27,89.27,89.27,0
BPS004,20151211,88.42,88.42,88.42,88.42,0
BPS004,20151214,87.16,87.16,87.16,87.16,0
BPS004,20151215,87.09,87.09,87.09,87.09,0
BPS004,20151216,88.01,88.01,88.01,88.01,0
BPS004,20151217,89.93,89.93,89.93,89.93,0
BPS004,20151218,89.91,89.91,89.91,89.91,0
BPS004,20151221,90.62,90.62,90.62,90.62,0
BPS004,20151222,90.30,90.30,90.30,90.30,0
BPS004,20151223,91.32,91.32,91.32,91.32,0
BPS004,20151228,91.08,91.08,91.08,91.08,0
BPS004,20151229,92.04,92.04,92.04,92.04,0
BPS004,20151230,92.07,92.07,92.07,92.07,0
BPS004,20160104,89.87,89.87,89.87,89.87,0
BPS004,20160105,89.05,89.05,89.05,89.05,0
BPS004,20160107,87.58,87.58,87.58,87.58,0
BPS004,20160108,86.76,86.76,86.76,86.76,0
BPS004,20160111,85.77,85.77,85.77,85.77,0
BPS004,20160112,87.19,87.19,87.19,87.19,0
BPS004,20160113,88.17,88.17,88.17,88.17,0
BPS004,20160114,86.81,86.81,86.81,86.81,0
BPS004,20160115,87.14,87.14,87.14,87.14,0
BPS004,20160118,85.03,85.03,85.03,85.03,0
BPS004,20160119,85.30,85.30,85.30,85.30,0
BPS004,20160120,83.12,83.12,83.12,83.12,0
BPS004,20160121,83.91,83.91,83.91,83.91,0
BPS004,20160122,84.68,84.68,84.68,84.68,0
BPS004,20160125,85.04,85.04,85.04,85.04,0
BPS004,20160126,84.67,84.67,84.67,84.67,0
BPS004,20160127,84.47,84.47,84.47,84.47,0
BPS004,20160128,85.66,85.66,85.66,85.66,0
BPS004,20160129,85.94,85.94,85.94,85.94,0
BPS004,20160201,86.08,86.08,86.08,86.08,0
BPS004,20160202,86.10,86.10,86.10,86.10,0
BPS004,20160203,85.36,85.36,85.36,85.36,0
BPS004,20160204,86.78,86.78,86.78,86.78,0
BPS004,20160205,87.81,87.81,87.81,87.81,0
BPS004,20160208,86.57,86.57,86.57,86.57,0
BPS004,20160209,86.20,86.20,86.20,86.20,0
BPS004,20160210,86.93,86.93,86.93,86.93,0
BPS004,20160211,85.12,85.12,85.12,85.12,0
BPS004,20160212,86.34,86.34,86.34,86.34,0
BPS004,20160215,87.03,87.03,87.03,87.03,0
BPS004,20160216,86.35,86.35,86.35,86.35,0
BPS004,20160217,88.16,88.16,88.16,88.16,0
BPS004,20160218,90.06,90.06,90.06,90.06,0
BPS004,20160219,89.11,89.11,89.11,89.11,0
BPS004,20160222,90.23,90.23,90.23,90.23,0
BPS004,20160223,89.46,89.46,89.46,89.46,0
BPS004,20160224,88.74,88.74,88.74,88.74,0
BPS004,20160225,89.28,89.28,89.28,89.28,0
BPS004,20160226,89.90,89.90,89.90,89.90,0
BPS004,20160229,89.16,89.16,89.16,89.16,0
BPS004,20160301,88.81,88.81,88.81,88.81,0
BPS004,20160302,88.61,88.61,88.61,88.61,0
BPS004,20160303,89.43,89.43,89.43,89.43,0
BPS004,20160304,90.85,90.85,90.85,90.85,0
BPS004,20160307,91.23,91.23,91.23,91.23,0
BPS004,20160308,91.30,91.30,91.30,91.30,0
BPS004,20160309,90.65,90.65,90.65,90.65,0
BPS004,20160310,91.42,91.42,91.42,91.42,0
BPS004,20160311,91.97,91.97,91.97,91.97,0
BPS004,20160314,92.46,92.46,92.46,92.46,0
BPS004,20160315,92.42,92.42,92.42,92.42,0
BPS004,20160316,92.11,92.11,92.11,92.11,0
BPS004,20160317,92.49,92.49,92.49,92.49,0
BPS004,20160318,93.48,93.48,93.48,93.48,0
BPS004,20160321,93.65,93.65,93.65,93.65,0
BPS004,20160322,93.07,93.07,93.07,93.07,0
BPS004,20160323,94.14,94.14,94.14,94.14,0
BPS004,20160324,92.51,92.51,92.51,92.51,0
BPS004,20160329,93.55,93.55,93.55,93.55,0
BPS004,20160330,94.67,94.67,94.67,94.67,0
BPS004,20160331,94.80,94.80,94.80,94.80,0
BPS004,20160401,94.75,94.75,94.75,94.75,0
BPS004,20160404,94.69,94.69,94.69,94.69,0
BPS004,20160405,93.96,93.96,93.96,93.96,0
BPS004,20160406,93.28,93.28,93.28,93.28,0
BPS004,20160407,92.65,92.65,92.65,92.65,0
BPS004,20160408,92.91,92.91,92.91,92.91,0
BPS004,20160411,93.05,93.05,93.05,93.05,0
BPS004,20160412,92.57,92.57,92.57,92.57,0
BPS004,20160413,93.45,93.45,93.45,93.45,0
BPS004,20160414,93.86,93.86,93.86,93.86,0
BPS004,20160415,93.82,93.82,93.82,93.82,0
BPS004,20160418,93.22,93.22,93.22,93.22,0
BPS004,20160419,94.14,94.14,94.14,94.14,0
BPS004,20160420,94.12,94.12,94.12,94.12,0
BPS004,20160421,94.15,94.15,94.15,94.15,0
BPS004,20160422,93.66,93.66,93.66,93.66,0
BPS004,20160425,93.58,93.58,93.58,93.58,0
BPS004,20160426,93.55,93.55,93.55,93.55,0
BPS004,20160427,92.95,92.95,92.95,92.95,0
BPS004,20160428,92.03,92.03,92.03,92.03,0
BPS004,20160429,92.22,92.22,92.22,92.22,0
BPS004,20160502,92.97,92.97,92.97,92.97,0
BPS004,20160504,91.75,91.75,91.75,91.75,0
BPS004,20160505,91.08,91.08,91.08,91.08,0
BPS004,20160506,90.57,90.57,90.57,90.57,0
BPS004,20160509,91.20,91.20,91.20,91.20,0
BPS004,20160510,90.47,90.47,90.47,90.47,0
BPS004,20160511,89.92,89.92,89.92,89.92,0
BPS004,20160512,90.34,90.34,90.34,90.34,0
BPS004,20160513,89.84,89.84,89.84,89.84,0
BPS004,20160516,91.06,91.06,91.06,91.06,0
BPS004,20160517,91.42,91.42,91.42,91.42,0
BPS004,20160518,90.73,90.73,90.73,90.73,0
BPS004,20160519,90.14,90.14,90.14,90.14,0
BPS004,20160520,89.34,89.34,89.34,89.34,0
BPS004,20160523,88.91,88.91,88.91,88.91,0
BPS004,20160524,89.82,89.82,89.82,89.82,0
BPS004,20160525,90.72,90.72,90.72,90.72,0
BPS004,20160527,90.91,90.91,90.91,90.91,0
BPS004,20160530,90.30,90.30,90.30,90.30,0
BPS004,20160531,90.28,90.28,90.28,90.28,0
BPS004,20160601,87.74,87.74,87.74,87.74,0
BPS004,20160602,87.18,87.18,87.18,87.18,0
BPS004,20160603,88.17,88.17,88.17,88.17,0
BPS004,20160606,88.48,88.48,88.48,88.48,0
BPS004,20160607,89.30,89.30,89.30,89.30,0
BPS004,20160608,89.59,89.59,89.59,89.59,0
BPS004,20160609,89.15,89.15,89.15,89.15,0
BPS004,20160610,88.02,88.02,88.02,88.02,0
BPS004,20160613,86.72,86.72,86.72,86.72,0
BPS004,20160614,85.98,85.98,85.98,85.98,0
BPS004,20160615,86.60,86.60,86.60,86.60,0
BPS004,20160616,85.67,85.67,85.67,85.67,0
BPS004,20160617,85.62,85.62,85.62,85.62,0
BPS004,20160620,87.00,87.00,87.00,87.00,0
BPS004,20160621,87.71,87.71,87.71,87.71,0
BPS004,20160622,88.55,88.55,88.55,88.55,0
BPS004,20160623,89.30,89.30,89.30,89.30,0
BPS004,20160624,85.21,85.21,85.21,85.21,0
BPS004,20160627,85.73,85.73,85.73,85.73,0
BPS004,20160628,86.29,86.29,86.29,86.29,0
BPS004,20160629,86.18,86.18,86.18,86.18,0
BPS004,20160630,86.44,86.44,86.44,86.44,0
BPS004,20160701,86.43,86.43,86.43,86.43,0
BPS004,20160704,85.66,85.66,85.66,85.66,0
BPS004,20160705,85.54,85.54,85.54,85.54,0
BPS004,20160706,84.46,84.46,84.46,84.46,0
BPS004,20160707,85.52,85.52,85.52,85.52,0
BPS004,20160708,85.30,85.30,85.30,85.30,0
BPS004,20160711,86.38,86.38,86.38,86.38,0
BPS004,20160712,87.25,87.25,87.25,87.25,0
BPS004,20160713,87.14,87.14,87.14,87.14,0
BPS004,20160714,87.01,87.01,87.01,87.01,0
BPS004,20160715,87.91,87.91,87.91,87.91,0
BPS004,20160718,88.91,88.91,88.91,88.91,0
BPS004,20160719,88.79,88.79,88.79,88.79,0
BPS004,20160720,89.17,89.17,89.17,89.17,0
BPS004,20160721,89.45,89.45,89.45,89.45,0
BPS004,20160722,89.31,89.31,89.31,89.31,0
BPS004,20160725,90.38,90.38,90.38,90.38,0
BPS004,20160726,90.40,90.40,90.40,90.40,0
BPS004,20160727,89.98,89.98,89.98,89.98,0
BPS004,20160728,90.14,90.14,90.14,90.14,0
BPS004,20160729,89.73,89.73,89.73,89.73,0
BPS004,20160801,89.40,89.40,89.40,89.40,0
BPS004,20160802,90.84,90.84,90.84,90.84,0
BPS004,20160803,90.65,90.65,90.65,90.65,0
BPS004,20160804,90.76,90.76,90.76,90.76,0
BPS004,20160805,91.49,91.49,91.49,91.49,0
BPS004,20160808,92.14,92.14,92.14,92.14,0
BPS004,20160809,92.49,92.49,92.49,92.49,0
BPS004,20160810,93.07,93.07,93.07,93.07,0
BPS004,20160811,93.26,93.26,93.26,93.26,0
BPS004,20160812,93.87,93.87,93.87,93.87,0
BPS004,20160816,93.46,93.46,93.46,93.46,0
BPS004,20160817,92.77,92.77,92.77,92.77,0
BPS004,20160818,92.34,92.34,92.34,92.34,0
BPS004,20160819,91.90,91.90,91.90,91.90,0
BPS004,20160822,91.89,91.89,91.89,91.89,0
BPS004,20160823,91.65,91.65,91.65,91.65,0
BPS004,20160824,91.96,91.96,91.96,91.96,0
BPS004,20160825,91.83,91.83,91.83,91.83,0
BPS004,20160826,91.98,91.98,91.98,91.98,0
BPS004,20160829,91.64,91.64,91.64,91.64,0
BPS004,20160830,92.17,92.17,92.17,92.17,0
BPS004,20160831,92.38,92.38,92.38,92.38,0
BPS004,20160901,91.79,91.79,91.79,91.79,0
BPS004,20160902,91.36,91.36,91.36,91.36,0
BPS004,20160905,92.16,92.16,92.16,92.16,0
BPS004,20160906,92.23,92.23,92.23,92.23,0
BPS004,20160907,93.32,93.32,93.32,93.32,0
BPS004,20160908,93.11,93.11,93.11,93.11,0
BPS004,20160909,92.01,92.01,92.01,92.01,0
BPS004,20160912,89.95,89.95,89.95,89.95,0
BPS004,20160913,90.33,90.33,90.33,90.33,0
BPS004,20160914,90.38,90.38,90.38,90.38,0
BPS004,20160915,90.61,90.61,90.61,90.61,0
BPS004,20160916,90.80,90.80,90.80,90.80,0
BPS004,20160919,91.14,91.14,91.14,91.14,0
BPS004,20160920,91.06,91.06,91.06,91.06,0
BPS004,20160921,91.50,91.50,91.50,91.50,0
BPS004,20160922,91.79,91.79,91.79,91.79,0
BPS004,20160923,92.01,92.01,92.01,92.01,0
BPS004,20160926,91.15,91.15,91.15,91.15,0
BPS004,20160927,90.67,90.67,90.67,90.67,0
BPS004,20160928,90.82,90.82,90.82,90.82,0
BPS004,20160929,91.37,91.37,91.37,91.37,0
BPS004,20160930,91.25,91.25,91.25,91.25,0
BPS004,20161003,91.35,91.35,91.35,91.35,0
BPS004,20161004,91.80,91.80,91.80,91.80,0
BPS004,20161005,92.56,92.56,92.56,92.56,0
BPS004,20161006,92.05,92.05,92.05,92.05,0
BPS004,20161007,92.05,92.05,92.05,92.05,0
BPS004,20161010,92.20,92.20,92.20,92.20,0
BPS004,20161011,92.35,92.35,92.35,92.35,0
BPS004,20161012,91.84,91.84,91.84,91.84,0
BPS004,20161013,91.56,91.56,91.56,91.56,0
BPS004,20161014,91.42,91.42,91.42,91.42,0
BPS004,20161017,91.12,91.12,91.12,91.12,0
BPS004,20161018,91.18,91.18,91.18,91.18,0
BPS004,20161019,91.14,91.14,91.14,91.14,0
BPS004,20161020,92.00,92.00,92.00,92.00,0
BPS004,20161021,92.28,92.28,92.28,92.28,0
BPS004,20161024,92.62,92.62,92.62,92.62,0
BPS004,20161025,93.48,93.48,93.48,93.48,0
BPS004,20161026,92.99,92.99,92.99,92.99,0
BPS004,20161027,93.29,93.29,93.29,93.29,0
BPS004,20161028,93.57,93.57,93.57,93.57,0
BPS004,20161031,94.45,94.45,94.45,94.45,0
BPS004,20161102,92.92,92.92,92.92,92.92,0
BPS004,20161103,91.93,91.93,91.93,91.93,0
BPS004,20161104,91.42,91.42,91.42,91.42,0
BPS004,20161107,91.85,91.85,91.85,91.85,0
BPS004,20161108,92.01,92.01,92.01,92.01,0
BPS004,20161109,91.41,91.41,91.41,91.41,0
BPS004,20161110,93.93,93.93,93.93,93.93,0
BPS004,20161114,92.18,92.18,92.18,92.18,0
BPS004,20161115,91.40,91.40,91.40,91.40,0
BPS004,20161116,91.28,91.28,91.28,91.28,0
BPS004,20161117,91.15,91.15,91.15,91.15,0
BPS004,20161118,89.95,89.95,89.95,89.95,0
BPS004,20161121,90.46,90.46,90.46,90.46,0
BPS004,20161122,91.29,91.29,91.29,91.29,0
BPS004,20161123,91.65,91.65,91.65,91.65,0
BPS004,20161124,92.92,92.92,92.92,92.92,0
BPS004,20161125,92.65,92.65,92.65,92.65,0
BPS004,20161128,92.52,92.52,92.52,92.52,0
BPS004,20161129,92.33,92.33,92.33,92.33,0
BPS004,20161130,92.71,92.71,92.71,92.71,0
BPS004,20161201,92.49,92.49,92.49,92.49,0
BPS004,20161202,92.38,92.38,92.38,92.38,0
BPS004,20161205,93.47,93.47,93.47,93.47,0
BPS004,20161206,95.35,95.35,95.35,95.35,0
BPS004,20161207,96.04,96.04,96.04,96.04,0
BPS004,20161208,96.80,96.80,96.80,96.80,0
BPS004,20161209,97.11,97.11,97.11,97.11,0
BPS004,20161212,96.32,96.32,96.32,96.32,0
BPS004,20161213,97.63,97.63,97.63,97.63,0
BPS004,20161214,97.99,97.99,97.99,97.99,0
BPS004,20161215,97.56,97.56,97.56,97.56,0
BPS004,20161216,97.35,97.35,97.35,97.35,0
BPS004,20161219,97.28,97.28,97.28,97.28,0
BPS004,20161220,98.10,98.10,98.10,98.10,0
BPS004,20161221,98.62,98.62,98.62,98.62,0
BPS004,20161222,97.44,97.44,97.44,97.44,0
BPS004,20161223,97.79,97.79,97.79,97.79,0
BPS004,20161227,97.83,97.83,97.83,97.83,0
BPS004,20161228,98.13,98.13,98.13,98.13,0
BPS004,20161229,98.24,98.24,98.24,98.24,0
BPS004,20161230,98.89,98.89,98.89,98.89,0
BPS004,20170102,99.03,99.03,99.03,99.03,0
BPS004,20170103,100.33,100.33,100.33,100.33,0
BPS004,20170104,100.67,100.67,100.67,100.67,0
BPS004,20170105,100.69,100.69,100.69,100.69,0
BPS004,20170109,101.10,101.10,101.10,101.10,0
BPS004,20170110,101.92,101.92,101.92,101.92,0
BPS004,20170111,102.43,102.43,102.43,102.43,0
BPS004,20170112,102.35,102.35,102.35,102.35,0
BPS004,20170113,101.91,101.91,101.91,101.91,0
BPS004,20170116,102.41,102.41,102.41,102.41,0
BPS004,20170117,102.17,102.17,102.17,102.17,0
BPS004,20170118,101.89,101.89,101.89,101.89,0
BPS004,20170119,102.28,102.28,102.28,102.28,0
BPS004,20170120,102.23,102.23,102.23,102.23,0
BPS004,20170123,102.18,102.18,102.18,102.18,0
BPS004,20170124,103.06,103.06,103.06,103.06,0
BPS004,20170125,105.66,105.66,105.66,105.66,0
BPS004,20170126,105.79,105.79,105.79,105.79,0
BPS004,20170127,105.85,105.85,105.85,105.85,0
BPS004,20170130,104.95,104.95,104.95,104.95,0
BPS004,20170131,105.31,105.31,105.31,105.31,0
BPS004,20170201,106.03,106.03,106.03,106.03,0
BPS004,20170202,105.47,105.47,105.47,105.47,0
BPS004,20170203,105.66,105.66,105.66,105.66,0
BPS004,20170206,105.85,105.85,105.85,105.85,0
BPS004,20170207,105.86,105.86,105.86,105.86,0
BPS004,20170208,105.80,105.80,105.80,105.80,0
BPS004,20170209,107.69,107.69,107.69,107.69,0
BPS004,20170210,108.85,108.85,108.85,108.85,0
BPS004,20170213,109.59,109.59,109.59,109.59,0
BPS004,20170214,109.31,109.31,109.31,109.31,0
BPS004,20170215,109.57,109.57,109.57,109.57,0
BPS004,20170216,111.08,111.08,111.08,111.08,0
BPS004,20170217,109.84,109.84,109.84,109.84,0
BPS004,20170220,110.02,110.02,110.02,110.02,0
BPS004,20170221,111.92,111.92,111.92,111.92,0
BPS004,20170222,112.02,112.02,112.02,112.02,0
BPS004,20170223,112.11,112.11,112.11,112.11,0
BPS004,20170224,110.52,110.52,110.52,110.52,0
BPS004,20170227,110.43,110.43,110.43,110.43,0
BPS004,20170228,109.82,109.82,109.82,109.82,0
BPS004,20170301,112.03,112.03,112.03,112.03,0
BPS004,20170302,112.24,112.24,112.24,112.24,0
BPS004,20170303,111.35,111.35,111.35,111.35,0
BPS004,20170306,110.74,110.74,110.74,110.74,0
BPS004,20170307,109.97,109.97,109.97,109.97,0
BPS004,20170308,110.09,110.09,110.09,110.09,0
BPS004,20170309,109.23,109.23,109.23,109.23,0
BPS004,20170310,109.56,109.56,109.56,109.56,0
BPS004,20170313,110.98,110.98,110.98,110.98,0
BPS004,20170314,110.69,110.69,110.69,110.69,0
BPS004,20170315,110.59,110.59,110.59,110.59,0
BPS004,20170316,112.46,112.46,112.46,112.46,0
BPS004,20170317,112.89,112.89,112.89,112.89,0
BPS004,20170320,112.43,112.43,112.43,112.43,0
BPS004,20170321,111.37,111.37,111.37,111.37,0
BPS004,20170322,110.35,110.35,110.35,110.35,0
BPS004,20170323,111.21,111.21,111.21,111.21,0
BPS004,20170324,111.14,111.14,111.14,111.14,0
BPS004,20170327,110.09,110.09,110.09,110.09,0
BPS004,20170328,110.69,110.69,110.69,110.69,0
BPS004,20170329,110.18,110.18,110.18,110.18,0
BPS004,20170330,109.85,109.85,109.85,109.85,0
BPS004,20170331,108.97,108.97,108.97,108.97,0
BPS004,20170403,110.00,110.00,110.00,110.00,0
BPS004,20170404,110.58,110.58,110.58,110.58,0
BPS004,20170405,111.05,111.05,111.05,111.05,0
BPS004,20170406,111.09,111.09,111.09,111.09,0
BPS004,20170407,110.80,110.80,110.80,110.80,0
BPS004,20170410,110.50,110.50,110.50,110.50,0
BPS004,20170411,109.72,109.72,109.72,109.72,0
BPS004,20170412,109.30,109.30,109.30,109.30,0
BPS004,20170413,109.27,109.27,109.27,109.27,0
BPS004,20170418,109.35,109.35,109.35,109.35,0
BPS004,20170419,110.42,110.42,110.42,110.42,0
BPS004,20170420,110.78,110.78,110.78,110.78,0
BPS004,20170421,110.10,110.10,110.10,110.10,0
BPS004,20170424,111.18,111.18,111.18,111.18,0
BPS004,20170425,112.99,112.99,112.99,112.99,0
BPS004,20170426,113.67,113.67,113.67,113.67,0
BPS004,20170427,113.74,113.74,113.74,113.74,0
BPS004,20170428,113.55,113.55,113.55,113.55,0
BPS004,20170502,114.32,114.32,114.32,114.32,0
BPS004,20170504,113.87,113.87,113.87,113.87,0
BPS004,20170505,113.69,113.69,113.69,113.69,0
BPS004,20170508,113.68,113.68,113.68,113.68,0
BPS004,20170509,114.62,114.62,114.62,114.62,0
BPS004,20170510,113.85,113.85,113.85,113.85,0
BPS004,20170511,113.27,113.27,113.27,113.27,0
BPS004,20170512,113.29,113.29,113.29,113.29,0
BPS004,20170515,113.50,113.50,113.50,113.50,0
BPS004,20170516,112.30,112.30,112.30,112.30,0
BPS004,20170517,110.89,110.89,110.89,110.89,0
BPS004,20170518,110.43,110.43,110.43,110.43,0
BPS004,20170519,111.47,111.47,111.47,111.47,0
BPS004,20170522,112.04,112.04,112.04,112.04,0
BPS004,20170523,111.11,111.11,111.11,111.11,0
BPS004,20170524,111.75,111.75,111.75,111.75,0
BPS004,20170525,112.82,112.82,112.82,112.82,0
BPS004,20170526,111.98,111.98,111.98,111.98,0
BPS004,20170529,111.95,111.95,111.95,111.95,0
BPS004,20170530,111.11,111.11,111.11,111.11,0
BPS004,20170531,110.46,110.46,110.46,110.46,0
BPS004,20170601,110.49,110.49,110.49,110.49,0
BPS004,20170602,111.27,111.27,111.27,111.27,0
BPS004,20170605,110.54,110.54,110.54,110.54,0
BPS004,20170606,111.04,111.04,111.04,111.04,0
BPS004,20170607,111.16,111.16,111.16,111.16,0
BPS004,20170608,111.97,111.97,111.97,111.97,0
BPS004,20170609,111.76,111.76,111.76,111.76,0
BPS004,20170612,110.28,110.28,110.28,110.28,0
BPS004,20170613,110.54,110.54,110.54,110.54,0
BPS004,20170614,110.12,110.12,110.12,110.12,0
BPS004,20170616,110.29,110.29,110.29,110.29,0
BPS004,20170619,111.09,111.09,111.09,111.09,0
BPS004,20170620,110.74,110.74,110.74,110.74,0
BPS004,20170621,111.18,111.18,111.18,111.18,0
BPS004,20170622,110.86,110.86,110.86,110.86,0
BPS004,20170623,110.78,110.78,110.78,110.78,0
BPS004,20170626,111.70,111.70,111.70,111.70,0
BPS004,20170627,112.03,112.03,112.03,112.03,0
BPS004,20170628,111.39,111.39,111.39,111.39,0
BPS004,20170629,111.43,111.43,111.43,111.43,0
BPS004,20170630,110.99,110.99,110.99,110.99,0
BPS004,20170703,111.52,111.52,111.52,111.52,0
BPS004,20170704,110.38,110.38,110.38,110.38,0
BPS004,20170705,110.44,110.44,110.44,110.44,0
BPS004,20170706,110.27,110.27,110.27,110.27,0
BPS004,20170707,110.02,110.02,110.02,110.02,0
BPS004,20170710,110.22,110.22,110.22,110.22,0
BPS004,20170711,109.97,109.97,109.97,109.97,0
BPS004,20170712,111.18,111.18,111.18,111.18,0
BPS004,20170713,111.74,111.74,111.74,111.74,0
BPS004,20170714,111.89,111.89,111.89,111.89,0
BPS004,20170717,112.49,112.49,112.49,112.49,0
BPS004,20170718,112.03,112.03,112.03,112.03,0
BPS004,20170719,112.20,112.20,112.20,112.20,0
BPS004,20170720,111.89,111.89,111.89,111.89,0
BPS004,20170721,111.31,111.31,111.31,111.31,0
BPS004,20170724,111.11,111.11,111.11,111.11,0
BPS004,20170725,111.28,111.28,111.28,111.28,0
BPS004,20170726,111.94,111.94,111.94,111.94,0
BPS004,20170727,111.53,111.53,111.53,111.53,0
BPS004,20170728,111.89,111.89,111.89,111.89,0
BPS004,20170731,112.47,112.47,112.47,112.47,0
BPS004,20170801,112.61,112.61,112.61,112.61,0
BPS004,20170802,111.91,111.91,111.91,111.91,0
BPS004,20170803,111.71,111.71,111.71,111.71,0
BPS004,20170804,112.00,112.00,112.00,112.00,0
BPS004,20170807,112.19,112.19,112.19,112.19,0
BPS004,20170808,113.19,113.19,113.19,113.19,0
BPS004,20170809,112.49,112.49,112.49,112.49,0
BPS004,20170810,111.63,111.63,111.63,111.63,0
BPS004,20170811,111.04,111.04,111.04,111.04,0
BPS004,20170814,111.24,111.24,111.24,111.24,0
BPS004,20170816,111.38,111.38,111.38,111.38,0
BPS004,20170817,110.61,110.61,110.61,110.61,0
BPS004,20170818,110.63,110.63,110.63,110.63,0
BPS004,20170821,111.13,111.13,111.13,111.13,0
BPS004,20170822,111.51,111.51,111.51,111.51,0
BPS004,20170823,111.66,111.66,111.66,111.66,0
BPS004,20170824,113.30,113.30,113.30,113.30,0
BPS004,20170825,113.83,113.83,113.83,113.83,0
BPS004,20170828,115.59,115.59,115.59,115.59,0
BPS004,20170829,114.39,114.39,114.39,114.39,0
BPS004,20170830,115.49,115.49,115.49,115.49,0
BPS004,20170831,115.25,115.25,115.25,115.25,0
BPS004,20170901,115.49,115.49,115.49,115.49,0
BPS004,20170904,115.46,115.46,115.46,115.46,0
BPS004,20170905,115.37,115.37,115.37,115.37,0
BPS004,20170906,114.98,114.98,114.98,114.98,0
BPS004,20170907,114.33,114.33,114.33,114.33,0
BPS004,20170908,114.03,114.03,114.03,114.03,0
BPS004,20170911,115.05,115.05,115.05,115.05,0
BPS004,20170912,114.97,114.97,114.97,114.97,0
BPS004,20170913,114.68,114.68,114.68,114.68,0
BPS004,20170914,114.90,114.90,114.90,114.90,0
BPS004,20170915,114.49,114.49,114.49,114.49,0
BPS004,20170918,114.45,114.45,114.45,114.45,0
BPS004,20170919,114.52,114.52,114.52,114.52,0
BPS004,20170920,114.29,114.29,114.29,114.29,0
BPS004,20170921,113.26,113.26,113.26,113.26,0
