Name,Date,Open,High,Low,Close,Volume
CAS001,20121102,100.29,100.29,100.29,100.29,0
CAS001,20121105,99.92,99.92,99.92,99.92,0
CAS001,20121106,99.84,99.84,99.84,99.84,0
CAS001,20121107,99.66,99.66,99.66,99.66,0
CAS001,20121108,99.47,99.47,99.47,99.47,0
CAS001,20121109,99.45,99.45,99.45,99.45,0
CAS001,20121112,99.02,99.02,99.02,99.02,0
CAS001,20121113,98.91,98.91,98.91,98.91,0
CAS001,20121114,98.95,98.95,98.95,98.95,0
CAS001,20121115,98.79,98.79,98.79,98.79,0
CAS001,20121116,99.17,99.17,99.17,99.17,0
CAS001,20121119,98.89,98.89,98.89,98.89,0
CAS001,20121120,99.72,99.72,99.72,99.72,0
CAS001,20121121,99.39,99.39,99.39,99.39,0
CAS001,20121122,99.01,99.01,99.01,99.01,0
CAS001,20121123,99.23,99.23,99.23,99.23,0
CAS001,20121126,98.76,98.76,98.76,98.76,0
CAS001,20121127,99.13,99.13,99.13,99.13,0
CAS001,20121128,98.72,98.72,98.72,98.72,0
CAS001,20121129,99.10,99.10,99.10,99.10,0
CAS001,20121130,99.31,99.31,99.31,99.31,0
CAS001,20121203,99.80,99.80,99.80,99.80,0
CAS001,20121204,100.75,100.75,100.75,100.75,0
CAS001,20121205,100.86,100.86,100.86,100.86,0
CAS001,20121206,100.92,100.92,100.92,100.92,0
CAS001,20121207,100.60,100.60,100.60,100.60,0
CAS001,20121210,100.58,100.58,100.58,100.58,0
CAS001,20121211,101.11,101.11,101.11,101.11,0
CAS001,20121212,101.78,101.78,101.78,101.78,0
CAS001,20121213,101.47,101.47,101.47,101.47,0
CAS001,20121214,101.44,101.44,101.44,101.44,0
CAS001,20121217,101.08,101.08,101.08,101.08,0
CAS001,20121218,101.47,101.47,101.47,101.47,0
CAS001,20121219,102.05,102.05,102.05,102.05,0
CAS001,20121220,101.56,101.56,101.56,101.56,0
CAS001,20121221,101.73,101.73,101.73,101.73,0
CAS001,20121227,102.23,102.23,102.23,102.23,0
CAS001,20121228,104.87,104.87,104.87,104.87,0
CAS001,20121231,104.90,104.90,104.90,104.90,0
CAS001,20130102,105.46,105.46,105.46,105.46,0
CAS001,20130103,106.13,106.13,106.13,106.13,0
CAS001,20130104,106.61,106.61,106.61,106.61,0
CAS001,20130107,106.28,106.28,106.28,106.28,0
CAS001,20130108,106.30,106.30,106.30,106.30,0
CAS001,20130109,105.93,105.93,105.93,105.93,0
CAS001,20130110,105.31,105.31,105.31,105.31,0
CAS001,20130111,105.86,105.86,105.86,105.86,0
CAS001,20130114,105.71,105.71,105.71,105.71,0
CAS001,20130115,104.86,104.86,104.86,104.86,0
CAS001,20130116,105.77,105.77,105.77,105.77,0
CAS001,20130117,106.36,106.36,106.36,106.36,0
CAS001,20130118,107.23,107.23,107.23,107.23,0
CAS001,20130121,108.17,108.17,108.17,108.17,0
CAS001,20130122,108.24,108.24,108.24,108.24,0
CAS001,20130123,107.85,107.85,107.85,107.85,0
CAS001,20130124,107.81,107.81,107.81,107.81,0
CAS001,20130125,107.73,107.73,107.73,107.73,0
CAS001,20130128,108.03,108.03,108.03,108.03,0
CAS001,20130129,108.29,108.29,108.29,108.29,0
CAS001,20130130,108.98,108.98,108.98,108.98,0
CAS001,20130131,109.85,109.85,109.85,109.85,0
CAS001,20130201,109.47,109.47,109.47,109.47,0
CAS001,20130204,109.22,109.22,109.22,109.22,0
CAS001,20130205,109.21,109.21,109.21,109.21,0
CAS001,20130206,108.87,108.87,108.87,108.87,0
CAS001,20130207,108.89,108.89,108.89,108.89,0
CAS001,20130208,108.95,108.95,108.95,108.95,0
CAS001,20130211,109.17,109.17,109.17,109.17,0
CAS001,20130212,109.60,109.60,109.60,109.60,0
CAS001,20130213,109.80,109.80,109.80,109.80,0
CAS001,20130214,109.27,109.27,109.27,109.27,0
CAS001,20130215,108.93,108.93,108.93,108.93,0
CAS001,20130218,109.23,109.23,109.23,109.23,0
CAS001,20130219,109.14,109.14,109.14,109.14,0
CAS001,20130220,108.56,108.56,108.56,108.56,0
CAS001,20130221,107.91,107.91,107.91,107.91,0
CAS001,20130222,108.42,108.42,108.42,108.42,0
CAS001,20130225,108.97,108.97,108.97,108.97,0
CAS001,20130226,108.54,108.54,108.54,108.54,0
CAS001,20130227,109.12,109.12,109.12,109.12,0
CAS001,20130228,109.14,109.14,109.14,109.14,0
CAS001,20130301,109.74,109.74,109.74,109.74,0
CAS001,20130304,109.04,109.04,109.04,109.04,0
CAS001,20130305,110.73,110.73,110.73,110.73,0
CAS001,20130306,112.19,112.19,112.19,112.19,0
CAS001,20130307,112.79,112.79,112.79,112.79,0
CAS001,20130308,113.38,113.38,113.38,113.38,0
CAS001,20130311,114.26,114.26,114.26,114.26,0
CAS001,20130312,115.46,115.46,115.46,115.46,0
CAS001,20130313,115.59,115.59,115.59,115.59,0
CAS001,20130314,116.10,116.10,116.10,116.10,0
CAS001,20130315,115.66,115.66,115.66,115.66,0
CAS001,20130318,114.01,114.01,114.01,114.01,0
CAS001,20130319,113.75,113.75,113.75,113.75,0
CAS001,20130320,114.20,114.20,114.20,114.20,0
CAS001,20130321,114.28,114.28,114.28,114.28,0
CAS001,20130322,113.61,113.61,113.61,113.61,0
CAS001,20130325,113.13,113.13,113.13,113.13,0
CAS001,20130326,112.48,112.48,112.48,112.48,0
CAS001,20130327,112.88,112.88,112.88,112.88,0
CAS001,20130328,114.38,114.38,114.38,114.38,0
CAS001,20130402,115.31,115.31,115.31,115.31,0
CAS001,20130403,113.62,113.62,113.62,113.62,0
CAS001,20130404,113.18,113.18,113.18,113.18,0
CAS001,20130405,113.52,113.52,113.52,113.52,0
CAS001,20130408,113.13,113.13,113.13,113.13,0
CAS001,20130409,112.82,112.82,112.82,112.82,0
CAS001,20130410,113.85,113.85,113.85,113.85,0
CAS001,20130411,114.17,114.17,114.17,114.17,0
CAS001,20130412,113.97,113.97,113.97,113.97,0
CAS001,20130415,112.95,112.95,112.95,112.95,0
CAS001,20130417,110.54,110.54,110.54,110.54,0
CAS001,20130418,109.14,109.14,109.14,109.14,0
CAS001,20130419,108.30,108.30,108.30,108.30,0
CAS001,20130422,108.86,108.86,108.86,108.86,0
CAS001,20130423,108.60,108.60,108.60,108.60,0
CAS001,20130424,108.95,108.95,108.95,108.95,0
CAS001,20130425,110.44,110.44,110.44,110.44,0
CAS001,20130426,112.01,112.01,112.01,112.01,0
CAS001,20130429,112.72,112.72,112.72,112.72,0
CAS001,20130430,113.46,113.46,113.46,113.46,0
CAS001,20130502,113.45,113.45,113.45,113.45,0
CAS001,20130506,113.55,113.55,113.55,113.55,0
CAS001,20130507,114.89,114.89,114.89,114.89,0
CAS001,20130508,115.99,115.99,115.99,115.99,0
CAS001,20130509,116.66,116.66,116.66,116.66,0
CAS001,20130510,116.02,116.02,116.02,116.02,0
CAS001,20130513,116.75,116.75,116.75,116.75,0
CAS001,20130514,116.72,116.72,116.72,116.72,0
CAS001,20130515,116.32,116.32,116.32,116.32,0
CAS001,20130516,116.72,116.72,116.72,116.72,0
CAS001,20130517,116.95,116.95,116.95,116.95,0
CAS001,20130520,117.54,117.54,117.54,117.54,0
CAS001,20130521,117.92,117.92,117.92,117.92,0
CAS001,20130522,117.99,117.99,117.99,117.99,0
CAS001,20130523,117.33,117.33,117.33,117.33,0
CAS001,20130524,118.08,118.08,118.08,118.08,0
CAS001,20130527,118.66,118.66,118.66,118.66,0
CAS001,20130528,119.37,119.37,119.37,119.37,0
CAS001,20130529,119.11,119.11,119.11,119.11,0
CAS001,20130531,119.52,119.52,119.52,119.52,0
CAS001,20130603,119.12,119.12,119.12,119.12,0
CAS001,20130604,120.54,120.54,120.54,120.54,0
CAS001,20130605,120.23,120.23,120.23,120.23,0
CAS001,20130606,120.67,120.67,120.67,120.67,0
CAS001,20130607,121.48,121.48,121.48,121.48,0
CAS001,20130610,122.27,122.27,122.27,122.27,0
CAS001,20130611,122.31,122.31,122.31,122.31,0
CAS001,20130612,123.54,123.54,123.54,123.54,0
CAS001,20130613,122.66,122.66,122.66,122.66,0
CAS001,20130614,123.06,123.06,123.06,123.06,0
CAS001,20130617,123.94,123.94,123.94,123.94,0
CAS001,20130618,124.35,124.35,124.35,124.35,0
CAS001,20130619,123.75,123.75,123.75,123.75,0
CAS001,20130620,121.17,121.17,121.17,121.17,0
CAS001,20130621,119.35,119.35,119.35,119.35,0
CAS001,20130624,119.38,119.38,119.38,119.38,0
CAS001,20130625,120.12,120.12,120.12,120.12,0
CAS001,20130626,120.04,120.04,120.04,120.04,0
CAS001,20130627,119.76,119.76,119.76,119.76,0
CAS001,20130628,120.15,120.15,120.15,120.15,0
CAS001,20130701,119.68,119.68,119.68,119.68,0
CAS001,20130702,120.22,120.22,120.22,120.22,0
CAS001,20130703,120.15,120.15,120.15,120.15,0
CAS001,20130704,121.16,121.16,121.16,121.16,0
CAS001,20130705,120.36,120.36,120.36,120.36,0
CAS001,20130708,120.26,120.26,120.26,120.26,0
CAS001,20130709,119.11,119.11,119.11,119.11,0
CAS001,20130710,118.75,118.75,118.75,118.75,0
CAS001,20130711,119.76,119.76,119.76,119.76,0
CAS001,20130712,120.83,120.83,120.83,120.83,0
CAS001,20130715,120.83,120.83,120.83,120.83,0
CAS001,20130716,120.69,120.69,120.69,120.69,0
CAS001,20130717,120.99,120.99,120.99,120.99,0
CAS001,20130718,121.18,121.18,121.18,121.18,0
CAS001,20130719,121.42,121.42,121.42,121.42,0
CAS001,20130722,122.38,122.38,122.38,122.38,0
CAS001,20130723,123.13,123.13,123.13,123.13,0
CAS001,20130724,124.09,124.09,124.09,124.09,0
CAS001,20130725,124.80,124.80,124.80,124.80,0
CAS001,20130726,124.94,124.94,124.94,124.94,0
CAS001,20130729,126.05,126.05,126.05,126.05,0
CAS001,20130730,126.93,126.93,126.93,126.93,0
CAS001,20130731,126.72,126.72,126.72,126.72,0
CAS001,20130801,126.64,126.64,126.64,126.64,0
CAS001,20130802,127.81,127.81,127.81,127.81,0
CAS001,20130805,127.92,127.92,127.92,127.92,0
CAS001,20130806,127.78,127.78,127.78,127.78,0
CAS001,20130807,127.94,127.94,127.94,127.94,0
CAS001,20130808,129.16,129.16,129.16,129.16,0
CAS001,20130809,129.30,129.30,129.30,129.30,0
CAS001,20130812,130.47,130.47,130.47,130.47,0
CAS001,20130813,131.38,131.38,131.38,131.38,0
CAS001,20130814,132.13,132.13,132.13,132.13,0
CAS001,20130816,131.96,131.96,131.96,131.96,0
CAS001,20130819,131.16,131.16,131.16,131.16,0
CAS001,20130820,130.88,130.88,130.88,130.88,0
CAS001,20130821,131.59,131.59,131.59,131.59,0
CAS001,20130822,132.85,132.85,132.85,132.85,0
CAS001,20130823,133.16,133.16,133.16,133.16,0
CAS001,20130826,132.68,132.68,132.68,132.68,0
CAS001,20130827,132.71,132.71,132.71,132.71,0
CAS001,20130828,131.89,131.89,131.89,131.89,0
CAS001,20130829,133.57,133.57,133.57,133.57,0
CAS001,20130830,132.79,132.79,132.79,132.79,0
CAS001,20130902,132.20,132.20,132.20,132.20,0
CAS001,20130903,131.44,131.44,131.44,131.44,0
CAS001,20130904,129.77,129.77,129.77,129.77,0
CAS001,20130905,126.83,126.83,126.83,126.83,0
CAS001,20130906,128.27,128.27,128.27,128.27,0
CAS001,20130909,129.77,129.77,129.77,129.77,0
CAS001,20130910,131.77,131.77,131.77,131.77,0
CAS001,20130911,132.84,132.84,132.84,132.84,0
CAS001,20130912,133.68,133.68,133.68,133.68,0
CAS001,20130913,134.69,134.69,134.69,134.69,0
CAS001,20130916,135.12,135.12,135.12,135.12,0
CAS001,20130917,136.47,136.47,136.47,136.47,0
CAS001,20130918,136.01,136.01,136.01,136.01,0
CAS001,20130919,136.36,136.36,136.36,136.36,0
CAS001,20130920,136.65,136.65,136.65,136.65,0
CAS001,20130923,136.30,136.30,136.30,136.30,0
CAS001,20130924,136.62,136.62,136.62,136.62,0
CAS001,20130925,137.78,137.78,137.78,137.78,0
CAS001,20130926,139.06,139.06,139.06,139.06,0
CAS001,20130927,140.00,140.00,140.00,140.00,0
CAS001,20130930,139.74,139.74,139.74,139.74,0
CAS001,20131001,139.77,139.77,139.77,139.77,0
CAS001,20131002,140.14,140.14,140.14,140.14,0
CAS001,20131003,140.67,140.67,140.67,140.67,0
CAS001,20131004,141.57,141.57,141.57,141.57,0
CAS001,20131007,141.61,141.61,141.61,141.61,0
CAS001,20131008,140.52,140.52,140.52,140.52,0
CAS001,20131009,140.21,140.21,140.21,140.21,0
CAS001,20131010,142.30,142.30,142.30,142.30,0
CAS001,20131011,142.99,142.99,142.99,142.99,0
CAS001,20131014,143.08,143.08,143.08,143.08,0
CAS001,20131015,143.44,143.44,143.44,143.44,0
CAS001,20131016,142.79,142.79,142.79,142.79,0
CAS001,20131017,142.68,142.68,142.68,142.68,0
CAS001,20131018,142.93,142.93,142.93,142.93,0
CAS001,20131021,144.60,144.60,144.60,144.60,0
CAS001,20131022,145.89,145.89,145.89,145.89,0
CAS001,20131023,145.59,145.59,145.59,145.59,0
CAS001,20131024,147.08,147.08,147.08,147.08,0
CAS001,20131025,148.14,148.14,148.14,148.14,0
CAS001,20131028,149.89,149.89,149.89,149.89,0
CAS001,20131029,151.27,151.27,151.27,151.27,0
CAS001,20131030,151.58,151.58,151.58,151.58,0
CAS001,20131031,151.16,151.16,151.16,151.16,0
CAS001,20131104,152.15,152.15,152.15,152.15,0
CAS001,20131105,150.71,150.71,150.71,150.71,0
CAS001,20131106,151.78,151.78,151.78,151.78,0
CAS001,20131107,152.95,152.95,152.95,152.95,0
CAS001,20131108,151.58,151.58,151.58,151.58,0
CAS001,20131112,151.93,151.93,151.93,151.93,0
CAS001,20131113,151.17,151.17,151.17,151.17,0
CAS001,20131114,152.09,152.09,152.09,152.09,0
CAS001,20131115,153.97,153.97,153.97,153.97,0
CAS001,20131118,155.29,155.29,155.29,155.29,0
CAS001,20131119,155.79,155.79,155.79,155.79,0
CAS001,20131120,155.85,155.85,155.85,155.85,0
CAS001,20131121,156.43,156.43,156.43,156.43,0
CAS001,20131122,156.66,156.66,156.66,156.66,0
CAS001,20131125,157.09,157.09,157.09,157.09,0
CAS001,20131126,156.25,156.25,156.25,156.25,0
CAS001,20131127,156.36,156.36,156.36,156.36,0
CAS001,20131128,155.54,155.54,155.54,155.54,0
CAS001,20131129,156.41,156.41,156.41,156.41,0
CAS001,20131202,155.42,155.42,155.42,155.42,0
CAS001,20131203,154.41,154.41,154.41,154.41,0
CAS001,20131204,153.69,153.69,153.69,153.69,0
CAS001,20131205,153.37,153.37,153.37,153.37,0
CAS001,20131206,153.39,153.39,153.39,153.39,0
CAS001,20131209,153.98,153.98,153.98,153.98,0
CAS001,20131210,153.75,153.75,153.75,153.75,0
CAS001,20131211,153.90,153.90,153.90,153.90,0
CAS001,20131212,152.26,152.26,152.26,152.26,0
CAS001,20131213,151.60,151.60,151.60,151.60,0
CAS001,20131216,151.66,151.66,151.66,151.66,0
CAS001,20131217,150.43,150.43,150.43,150.43,0
CAS001,20131218,150.87,150.87,150.87,150.87,0
CAS001,20131219,150.75,150.75,150.75,150.75,0
CAS001,20131220,151.34,151.34,151.34,151.34,0
CAS001,20131223,151.98,151.98,151.98,151.98,0
CAS001,20131227,152.48,152.48,152.48,152.48,0
CAS001,20131230,152.84,152.84,152.84,152.84,0
CAS001,20140102,153.73,153.73,153.73,153.73,0
CAS001,20140103,152.85,152.85,152.85,152.85,0
CAS001,20140107,151.36,151.36,151.36,151.36,0
CAS001,20140108,151.15,151.15,151.15,151.15,0
CAS001,20140109,150.27,150.27,150.27,150.27,0
CAS001,20140110,149.72,149.72,149.72,149.72,0
CAS001,20140113,151.48,151.48,151.48,151.48,0
CAS001,20140114,151.39,151.39,151.39,151.39,0
CAS001,20140115,151.93,151.93,151.93,151.93,0
CAS001,20140116,152.63,152.63,152.63,152.63,0
CAS001,20140117,153.07,153.07,153.07,153.07,0
CAS001,20140120,153.12,153.12,153.12,153.12,0
CAS001,20140121,154.32,154.32,154.32,154.32,0
CAS001,20140122,154.30,154.30,154.30,154.30,0
CAS001,20140123,154.57,154.57,154.57,154.57,0
CAS001,20140124,153.14,153.14,153.14,153.14,0
CAS001,20140127,152.04,152.04,152.04,152.04,0
CAS001,20140128,153.37,153.37,153.37,153.37,0
CAS001,20140129,154.12,154.12,154.12,154.12,0
CAS001,20140130,155.17,155.17,155.17,155.17,0
CAS001,20140131,155.72,155.72,155.72,155.72,0
CAS001,20140203,156.25,156.25,156.25,156.25,0
CAS001,20140204,155.35,155.35,155.35,155.35,0
CAS001,20140205,155.52,155.52,155.52,155.52,0
CAS001,20140206,156.77,156.77,156.77,156.77,0
CAS001,20140207,157.90,157.90,157.90,157.90,0
CAS001,20140210,157.96,157.96,157.96,157.96,0
CAS001,20140211,159.05,159.05,159.05,159.05,0
CAS001,20140212,160.42,160.42,160.42,160.42,0
CAS001,20140213,159.89,159.89,159.89,159.89,0
CAS001,20140214,160.50,160.50,160.50,160.50,0
CAS001,20140217,160.87,160.87,160.87,160.87,0
CAS001,20140218,160.33,160.33,160.33,160.33,0
CAS001,20140219,160.60,160.60,160.60,160.60,0
CAS001,20140220,160.14,160.14,160.14,160.14,0
CAS001,20140221,160.86,160.86,160.86,160.86,0
CAS001,20140224,161.78,161.78,161.78,161.78,0
CAS001,20140225,160.82,160.82,160.82,160.82,0
CAS001,20140226,158.29,158.29,158.29,158.29,0
CAS001,20140227,158.14,158.14,158.14,158.14,0
CAS001,20140228,159.75,159.75,159.75,159.75,0
CAS001,20140303,152.30,152.30,152.30,152.30,0
CAS001,20140304,156.26,156.26,156.26,156.26,0
CAS001,20140305,156.33,156.33,156.33,156.33,0
CAS001,20140306,157.53,157.53,157.53,157.53,0
CAS001,20140307,158.09,158.09,158.09,158.09,0
CAS001,20140310,157.26,157.26,157.26,157.26,0
CAS001,20140311,157.77,157.77,157.77,157.77,0
CAS001,20140312,154.72,154.72,154.72,154.72,0
CAS001,20140313,152.75,152.75,152.75,152.75,0
CAS001,20140314,150.47,150.47,150.47,150.47,0
CAS001,20140317,155.07,155.07,155.07,155.07,0
CAS001,20140318,155.45,155.45,155.45,155.45,0
CAS001,20140319,154.66,154.66,154.66,154.66,0
CAS001,20140320,156.55,156.55,156.55,156.55,0
CAS001,20140321,157.03,157.03,157.03,157.03,0
CAS001,20140324,155.97,155.97,155.97,155.97,0
CAS001,20140325,156.53,156.53,156.53,156.53,0
CAS001,20140326,156.65,156.65,156.65,156.65,0
CAS001,20140327,156.21,156.21,156.21,156.21,0
CAS001,20140328,156.00,156.00,156.00,156.00,0
CAS001,20140331,156.96,156.96,156.96,156.96,0
CAS001,20140401,158.06,158.06,158.06,158.06,0
CAS001,20140402,157.57,157.57,157.57,157.57,0
CAS001,20140403,157.91,157.91,157.91,157.91,0
CAS001,20140404,157.99,157.99,157.99,157.99,0
CAS001,20140407,157.33,157.33,157.33,157.33,0
CAS001,20140408,156.75,156.75,156.75,156.75,0
CAS001,20140409,157.38,157.38,157.38,157.38,0
CAS001,20140410,157.70,157.70,157.70,157.70,0
CAS001,20140411,157.50,157.50,157.50,157.50,0
CAS001,20140414,155.12,155.12,155.12,155.12,0
CAS001,20140415,152.55,152.55,152.55,152.55,0
CAS001,20140416,151.58,151.58,151.58,151.58,0
CAS001,20140417,152.76,152.76,152.76,152.76,0
CAS001,20140422,153.57,153.57,153.57,153.57,0
CAS001,20140423,152.37,152.37,152.37,152.37,0
CAS001,20140424,152.01,152.01,152.01,152.01,0
CAS001,20140425,151.24,151.24,151.24,151.24,0
CAS001,20140428,151.05,151.05,151.05,151.05,0
CAS001,20140429,150.59,150.59,150.59,150.59,0
CAS001,20140430,150.44,150.44,150.44,150.44,0
CAS001,20140502,150.92,150.92,150.92,150.92,0
CAS001,20140505,149.26,149.26,149.26,149.26,0
CAS001,20140506,148.84,148.84,148.84,148.84,0
CAS001,20140507,147.90,147.90,147.90,147.90,0
CAS001,20140508,147.37,147.37,147.37,147.37,0
CAS001,20140509,145.25,145.25,145.25,145.25,0
CAS001,20140512,145.44,145.44,145.44,145.44,0
CAS001,20140513,146.10,146.10,146.10,146.10,0
CAS001,20140514,145.92,145.92,145.92,145.92,0
CAS001,20140515,145.15,145.15,145.15,145.15,0
CAS001,20140516,144.91,144.91,144.91,144.91,0
CAS001,20140519,144.99,144.99,144.99,144.99,0
CAS001,20140520,145.79,145.79,145.79,145.79,0
CAS001,20140521,146.40,146.40,146.40,146.40,0
CAS001,20140522,147.74,147.74,147.74,147.74,0
CAS001,20140523,147.96,147.96,147.96,147.96,0
CAS001,20140526,149.28,149.28,149.28,149.28,0
CAS001,20140527,149.42,149.42,149.42,149.42,0
CAS001,20140528,148.90,148.90,148.90,148.90,0
CAS001,20140529,149.25,149.25,149.25,149.25,0
CAS001,20140530,149.89,149.89,149.89,149.89,0
CAS001,20140602,150.08,150.08,150.08,150.08,0
CAS001,20140603,149.77,149.77,149.77,149.77,0
CAS001,20140604,149.33,149.33,149.33,149.33,0
CAS001,20140605,149.61,149.61,149.61,149.61,0
CAS001,20140606,150.97,150.97,150.97,150.97,0
CAS001,20140609,151.45,151.45,151.45,151.45,0
CAS001,20140610,152.19,152.19,152.19,152.19,0
CAS001,20140611,151.62,151.62,151.62,151.62,0
CAS001,20140612,150.96,150.96,150.96,150.96,0
CAS001,20140613,150.90,150.90,150.90,150.90,0
CAS001,20140616,150.54,150.54,150.54,150.54,0
CAS001,20140617,150.91,150.91,150.91,150.91,0
CAS001,20140618,151.04,151.04,151.04,151.04,0
CAS001,20140620,150.58,150.58,150.58,150.58,0
CAS001,20140623,150.47,150.47,150.47,150.47,0
CAS001,20140624,149.81,149.81,149.81,149.81,0
CAS001,20140625,148.25,148.25,148.25,148.25,0
CAS001,20140626,147.87,147.87,147.87,147.87,0
CAS001,20140627,147.66,147.66,147.66,147.66,0
CAS001,20140630,147.23,147.23,147.23,147.23,0
CAS001,20140701,146.22,146.22,146.22,146.22,0
CAS001,20140702,145.01,145.01,145.01,145.01,0
CAS001,20140703,145.31,145.31,145.31,145.31,0
CAS001,20140704,144.65,144.65,144.65,144.65,0
CAS001,20140707,144.97,144.97,144.97,144.97,0
CAS001,20140708,143.32,143.32,143.32,143.32,0
CAS001,20140709,142.70,142.70,142.70,142.70,0
CAS001,20140710,141.36,141.36,141.36,141.36,0
CAS001,20140711,142.12,142.12,142.12,142.12,0
CAS001,20140714,142.30,142.30,142.30,142.30,0
CAS001,20140715,142.09,142.09,142.09,142.09,0
CAS001,20140716,141.55,141.55,141.55,141.55,0
CAS001,20140717,141.26,141.26,141.26,141.26,0
CAS001,20140718,140.52,140.52,140.52,140.52,0
CAS001,20140721,140.04,140.04,140.04,140.04,0
CAS001,20140722,140.70,140.70,140.70,140.70,0
CAS001,20140723,140.55,140.55,140.55,140.55,0
CAS001,20140724,141.24,141.24,141.24,141.24,0
CAS001,20140725,140.85,140.85,140.85,140.85,0
CAS001,20140728,140.44,140.44,140.44,140.44,0
CAS001,20140729,139.84,139.84,139.84,139.84,0
CAS001,20140730,137.78,137.78,137.78,137.78,0
CAS001,20140731,138.24,138.24,138.24,138.24,0
CAS001,20140801,138.25,138.25,138.25,138.25,0
CAS001,20140804,138.32,138.32,138.32,138.32,0
CAS001,20140805,138.33,138.33,138.33,138.33,0
CAS001,20140806,137.73,137.73,137.73,137.73,0
CAS001,20140807,137.17,137.17,137.17,137.17,0
CAS001,20140808,135.87,135.87,135.87,135.87,0
CAS001,20140811,136.74,136.74,136.74,136.74,0
CAS001,20140812,136.80,136.80,136.80,136.80,0
CAS001,20140813,136.63,136.63,136.63,136.63,0
CAS001,20140814,136.95,136.95,136.95,136.95,0
CAS001,20140818,138.77,138.77,138.77,138.77,0
CAS001,20140819,138.87,138.87,138.87,138.87,0
CAS001,20140820,139.50,139.50,139.50,139.50,0
CAS001,20140821,139.62,139.62,139.62,139.62,0
CAS001,20140822,140.05,140.05,140.05,140.05,0
CAS001,20140825,139.65,139.65,139.65,139.65,0
CAS001,20140826,139.62,139.62,139.62,139.62,0
CAS001,20140827,139.81,139.81,139.81,139.81,0
CAS001,20140828,137.75,137.75,137.75,137.75,0
CAS001,20140829,137.30,137.30,137.30,137.30,0
CAS001,20140901,137.21,137.21,137.21,137.21,0
CAS001,20140902,137.53,137.53,137.53,137.53,0
CAS001,20140903,139.47,139.47,139.47,139.47,0
CAS001,20140904,139.76,139.76,139.76,139.76,0
CAS001,20140905,140.86,140.86,140.86,140.86,0
CAS001,20140908,141.19,141.19,141.19,141.19,0
CAS001,20140909,141.85,141.85,141.85,141.85,0
CAS001,20140910,142.15,142.15,142.15,142.15,0
CAS001,20140911,141.67,141.67,141.67,141.67,0
CAS001,20140912,141.94,141.94,141.94,141.94,0
CAS001,20140915,141.69,141.69,141.69,141.69,0
CAS001,20140916,141.73,141.73,141.73,141.73,0
CAS001,20140917,142.06,142.06,142.06,142.06,0
CAS001,20140918,141.74,141.74,141.74,141.74,0
CAS001,20140919,143.48,143.48,143.48,143.48,0
CAS001,20140922,143.11,143.11,143.11,143.11,0
CAS001,20140923,141.85,141.85,141.85,141.85,0
CAS001,20140924,141.25,141.25,141.25,141.25,0
CAS001,20140925,141.24,141.24,141.24,141.24,0
CAS001,20140926,141.41,141.41,141.41,141.41,0
CAS001,20140929,141.54,141.54,141.54,141.54,0
CAS001,20140930,142.23,142.23,142.23,142.23,0
CAS001,20141001,140.10,140.10,140.10,140.10,0
CAS001,20141002,138.57,138.57,138.57,138.57,0
CAS001,20141003,139.33,139.33,139.33,139.33,0
CAS001,20141006,139.84,139.84,139.84,139.84,0
CAS001,20141007,139.43,139.43,139.43,139.43,0
CAS001,20141008,137.79,137.79,137.79,137.79,0
CAS001,20141009,138.03,138.03,138.03,138.03,0
CAS001,20141010,136.40,136.40,136.40,136.40,0
CAS001,20141013,135.99,135.99,135.99,135.99,0
CAS001,20141014,135.35,135.35,135.35,135.35,0
CAS001,20141015,134.73,134.73,134.73,134.73,0
CAS001,20141016,133.63,133.63,133.63,133.63,0
CAS001,20141017,134.64,134.64,134.64,134.64,0
CAS001,20141020,134.38,134.38,134.38,134.38,0
CAS001,20141021,135.84,135.84,135.84,135.84,0
CAS001,20141022,135.84,135.84,135.84,135.84,0
CAS001,20141023,135.48,135.48,135.48,135.48,0
CAS001,20141024,135.69,135.69,135.69,135.69,0
CAS001,20141027,135.59,135.59,135.59,135.59,0
CAS001,20141028,135.83,135.83,135.83,135.83,0
CAS001,20141029,135.64,135.64,135.64,135.64,0
CAS001,20141030,135.94,135.94,135.94,135.94,0
CAS001,20141031,136.88,136.88,136.88,136.88,0
CAS001,20141103,136.71,136.71,136.71,136.71,0
CAS001,20141104,136.44,136.44,136.44,136.44,0
CAS001,20141105,135.82,135.82,135.82,135.82,0
CAS001,20141106,135.83,135.83,135.83,135.83,0
CAS001,20141107,134.99,134.99,134.99,134.99,0
CAS001,20141110,134.99,134.99,134.99,134.99,0
CAS001,20141112,134.78,134.78,134.78,134.78,0
CAS001,20141113,133.86,133.86,133.86,133.86,0
CAS001,20141114,133.79,133.79,133.79,133.79,0
CAS001,20141117,133.54,133.54,133.54,133.54,0
CAS001,20141118,133.87,133.87,133.87,133.87,0
CAS001,20141119,133.46,133.46,133.46,133.46,0
CAS001,20141120,132.76,132.76,132.76,132.76,0
CAS001,20141121,133.47,133.47,133.47,133.47,0
CAS001,20141124,132.83,132.83,132.83,132.83,0
CAS001,20141125,132.63,132.63,132.63,132.63,0
CAS001,20141126,132.38,132.38,132.38,132.38,0
CAS001,20141127,132.24,132.24,132.24,132.24,0
CAS001,20141128,132.94,132.94,132.94,132.94,0
CAS001,20141201,132.30,132.30,132.30,132.30,0
CAS001,20141202,134.51,134.51,134.51,134.51,0
CAS001,20141203,133.96,133.96,133.96,133.96,0
CAS001,20141204,133.32,133.32,133.32,133.32,0
CAS001,20141205,133.84,133.84,133.84,133.84,0
CAS001,20141208,133.23,133.23,133.23,133.23,0
CAS001,20141209,131.98,131.98,131.98,131.98,0
CAS001,20141210,130.49,130.49,130.49,130.49,0
CAS001,20141211,131.00,131.00,131.00,131.00,0
CAS001,20141212,130.59,130.59,130.59,130.59,0
CAS001,20141215,129.51,129.51,129.51,129.51,0
CAS001,20141216,127.37,127.37,127.37,127.37,0
CAS001,20141217,128.06,128.06,128.06,128.06,0
CAS001,20141218,129.26,129.26,129.26,129.26,0
CAS001,20141219,128.82,128.82,128.82,128.82,0
CAS001,20141222,128.42,128.42,128.42,128.42,0
CAS001,20141223,128.59,128.59,128.59,128.59,0
CAS001,20141229,129.81,129.81,129.81,129.81,0
CAS001,20141230,130.18,130.18,130.18,130.18,0
CAS001,20150102,130.33,130.33,130.33,130.33,0
CAS001,20150105,128.71,128.71,128.71,128.71,0
CAS001,20150107,130.14,130.14,130.14,130.14,0
CAS001,20150108,132.65,132.65,132.65,132.65,0
CAS001,20150109,132.30,132.30,132.30,132.30,0
CAS001,20150112,132.48,132.48,132.48,132.48,0
CAS001,20150113,133.58,133.58,133.58,133.58,0
CAS001,20150114,132.60,132.60,132.60,132.60,0
CAS001,20150115,130.53,130.53,130.53,130.53,0
CAS001,20150116,129.67,129.67,129.67,129.67,0
CAS001,20150119,129.00,129.00,129.00,129.00,0
CAS001,20150120,128.76,128.76,128.76,128.76,0
CAS001,20150121,130.53,130.53,130.53,130.53,0
CAS001,20150122,131.65,131.65,131.65,131.65,0
CAS001,20150123,132.30,132.30,132.30,132.30,0
CAS001,20150126,131.44,131.44,131.44,131.44,0
CAS001,20150127,131.35,131.35,131.35,131.35,0
CAS001,20150128,131.48,131.48,131.48,131.48,0
CAS001,20150129,132.50,132.50,132.50,132.50,0
CAS001,20150130,132.45,132.45,132.45,132.45,0
CAS001,20150202,132.28,132.28,132.28,132.28,0
CAS001,20150203,132.65,132.65,132.65,132.65,0
CAS001,20150204,132.84,132.84,132.84,132.84,0
CAS001,20150205,133.00,133.00,133.00,133.00,0
CAS001,20150206,133.75,133.75,133.75,133.75,0
CAS001,20150209,133.49,133.49,133.49,133.49,0
CAS001,20150210,133.84,133.84,133.84,133.84,0
CAS001,20150211,132.96,132.96,132.96,132.96,0
CAS001,20150212,134.68,134.68,134.68,134.68,0
CAS001,20150213,135.38,135.38,135.38,135.38,0
CAS001,20150216,135.69,135.69,135.69,135.69,0
CAS001,20150217,135.55,135.55,135.55,135.55,0
CAS001,20150218,134.66,134.66,134.66,134.66,0
CAS001,20150219,135.05,135.05,135.05,135.05,0
CAS001,20150220,134.70,134.70,134.70,134.70,0
CAS001,20150223,135.42,135.42,135.42,135.42,0
CAS001,20150224,135.95,135.95,135.95,135.95,0
CAS001,20150225,136.40,136.40,136.40,136.40,0
CAS001,20150226,136.32,136.32,136.32,136.32,0
CAS001,20150227,137.11,137.11,137.11,137.11,0
CAS001,20150302,137.03,137.03,137.03,137.03,0
CAS001,20150303,135.61,135.61,135.61,135.61,0
CAS001,20150304,136.73,136.73,136.73,136.73,0
CAS001,20150305,137.87,137.87,137.87,137.87,0
CAS001,20150306,138.12,138.12,138.12,138.12,0
CAS001,20150309,137.56,137.56,137.56,137.56,0
CAS001,20150310,136.50,136.50,136.50,136.50,0
CAS001,20150311,136.63,136.63,136.63,136.63,0
CAS001,20150312,136.04,136.04,136.04,136.04,0
CAS001,20150313,135.33,135.33,135.33,135.33,0
CAS001,20150316,136.17,136.17,136.17,136.17,0
CAS001,20150317,136.44,136.44,136.44,136.44,0
CAS001,20150318,137.48,137.48,137.48,137.48,0
CAS001,20150319,139.11,139.11,139.11,139.11,0
CAS001,20150320,139.13,139.13,139.13,139.13,0
CAS001,20150323,138.35,138.35,138.35,138.35,0
CAS001,20150324,137.93,137.93,137.93,137.93,0
CAS001,20150325,136.83,136.83,136.83,136.83,0
CAS001,20150326,135.78,135.78,135.78,135.78,0
CAS001,20150327,136.72,136.72,136.72,136.72,0
CAS001,20150330,137.97,137.97,137.97,137.97,0
CAS001,20150331,138.64,138.64,138.64,138.64,0
CAS001,20150401,138.86,138.86,138.86,138.86,0
CAS001,20150402,139.32,139.32,139.32,139.32,0
CAS001,20150407,139.40,139.40,139.40,139.40,0
CAS001,20150408,139.64,139.64,139.64,139.64,0
CAS001,20150409,140.14,140.14,140.14,140.14,0
CAS001,20150410,140.50,140.50,140.50,140.50,0
CAS001,20150413,142.09,142.09,142.09,142.09,0
CAS001,20150414,141.33,141.33,141.33,141.33,0
CAS001,20150415,142.36,142.36,142.36,142.36,0
CAS001,20150416,143.80,143.80,143.80,143.80,0
CAS001,20150417,142.70,142.70,142.70,142.70,0
CAS001,20150420,143.58,143.58,143.58,143.58,0
CAS001,20150421,143.47,143.47,143.47,143.47,0
CAS001,20150422,143.05,143.05,143.05,143.05,0
CAS001,20150423,143.22,143.22,143.22,143.22,0
CAS001,20150424,143.50,143.50,143.50,143.50,0
CAS001,20150427,143.81,143.81,143.81,143.81,0
CAS001,20150428,143.39,143.39,143.39,143.39,0
CAS001,20150429,142.81,142.81,142.81,142.81,0
CAS001,20150430,142.77,142.77,142.77,142.77,0
CAS001,20150504,143.12,143.12,143.12,143.12,0
CAS001,20150505,142.75,142.75,142.75,142.75,0
CAS001,20150506,143.15,143.15,143.15,143.15,0
CAS001,20150507,142.43,142.43,142.43,142.43,0
CAS001,20150508,143.19,143.19,143.19,143.19,0
CAS001,20150511,143.25,143.25,143.25,143.25,0
CAS001,20150512,142.88,142.88,142.88,142.88,0
CAS001,20150513,141.72,141.72,141.72,141.72,0
CAS001,20150514,141.15,141.15,141.15,141.15,0
CAS001,20150515,141.54,141.54,141.54,141.54,0
CAS001,20150518,142.28,142.28,142.28,142.28,0
CAS001,20150519,141.78,141.78,141.78,141.78,0
CAS001,20150520,141.85,141.85,141.85,141.85,0
CAS001,20150521,142.04,142.04,142.04,142.04,0
CAS001,20150522,141.90,141.90,141.90,141.90,0
CAS001,20150525,139.99,139.99,139.99,139.99,0
CAS001,20150526,139.40,139.40,139.40,139.40,0
CAS001,20150527,140.68,140.68,140.68,140.68,0
CAS001,20150528,140.59,140.59,140.59,140.59,0
CAS001,20150529,140.49,140.49,140.49,140.49,0
CAS001,20150601,140.63,140.63,140.63,140.63,0
CAS001,20150602,140.42,140.42,140.42,140.42,0
CAS001,20150603,139.26,139.26,139.26,139.26,0
CAS001,20150605,138.66,138.66,138.66,138.66,0
CAS001,20150608,138.08,138.08,138.08,138.08,0
CAS001,20150609,136.57,136.57,136.57,136.57,0
CAS001,20150610,137.50,137.50,137.50,137.50,0
CAS001,20150611,137.49,137.49,137.49,137.49,0
CAS001,20150612,136.58,136.58,136.58,136.58,0
CAS001,20150615,136.65,136.65,136.65,136.65,0
CAS001,20150616,136.60,136.60,136.60,136.60,0
CAS001,20150617,134.96,134.96,134.96,134.96,0
CAS001,20150618,135.24,135.24,135.24,135.24,0
CAS001,20150619,134.72,134.72,134.72,134.72,0
CAS001,20150622,136.00,136.00,136.00,136.00,0
CAS001,20150623,135.91,135.91,135.91,135.91,0
CAS001,20150624,135.70,135.70,135.70,135.70,0
CAS001,20150625,135.45,135.45,135.45,135.45,0
CAS001,20150626,134.41,134.41,134.41,134.41,0
CAS001,20150629,132.13,132.13,132.13,132.13,0
CAS001,20150630,133.50,133.50,133.50,133.50,0
CAS001,20150701,133.59,133.59,133.59,133.59,0
CAS001,20150702,133.45,133.45,133.45,133.45,0
CAS001,20150703,132.45,132.45,132.45,132.45,0
CAS001,20150706,132.15,132.15,132.15,132.15,0
CAS001,20150707,130.46,130.46,130.46,130.46,0
CAS001,20150708,129.75,129.75,129.75,129.75,0
CAS001,20150709,130.51,130.51,130.51,130.51,0
CAS001,20150710,131.99,131.99,131.99,131.99,0
CAS001,20150713,132.98,132.98,132.98,132.98,0
CAS001,20150714,132.63,132.63,132.63,132.63,0
CAS001,20150715,132.83,132.83,132.83,132.83,0
CAS001,20150716,134.93,134.93,134.93,134.93,0
CAS001,20150717,134.77,134.77,134.77,134.77,0
CAS001,20150720,134.05,134.05,134.05,134.05,0
CAS001,20150721,133.75,133.75,133.75,133.75,0
CAS001,20150722,132.47,132.47,132.47,132.47,0
CAS001,20150723,132.70,132.70,132.70,132.70,0
CAS001,20150724,132.20,132.20,132.20,132.20,0
CAS001,20150727,131.45,131.45,131.45,131.45,0
CAS001,20150728,132.39,132.39,132.39,132.39,0
CAS001,20150729,132.59,132.59,132.59,132.59,0
CAS001,20150730,131.29,131.29,131.29,131.29,0
CAS001,20150731,132.28,132.28,132.28,132.28,0
CAS001,20150803,132.45,132.45,132.45,132.45,0
CAS001,20150804,132.78,132.78,132.78,132.78,0
CAS001,20150805,134.36,134.36,134.36,134.36,0
CAS001,20150806,132.48,132.48,132.48,132.48,0
CAS001,20150807,132.37,132.37,132.37,132.37,0
CAS001,20150810,133.63,133.63,133.63,133.63,0
CAS001,20150811,133.89,133.89,133.89,133.89,0
CAS001,20150812,132.59,132.59,132.59,132.59,0
CAS001,20150813,133.18,133.18,133.18,133.18,0
CAS001,20150814,132.10,132.10,132.10,132.10,0
CAS001,20150817,131.32,131.32,131.32,131.32,0
CAS001,20150818,131.06,131.06,131.06,131.06,0
CAS001,20150819,132.37,132.37,132.37,132.37,0
CAS001,20150820,132.79,132.79,132.79,132.79,0
CAS001,20150821,130.58,130.58,130.58,130.58,0
CAS001,20150824,122.04,122.04,122.04,122.04,0
CAS001,20150825,123.68,123.68,123.68,123.68,0
CAS001,20150826,123.50,123.50,123.50,123.50,0
CAS001,20150827,125.34,125.34,125.34,125.34,0
CAS001,20150828,125.86,125.86,125.86,125.86,0
CAS001,20150831,127.27,127.27,127.27,127.27,0
CAS001,20150901,125.37,125.37,125.37,125.37,0
CAS001,20150902,125.00,125.00,125.00,125.00,0
CAS001,20150903,126.55,126.55,126.55,126.55,0
CAS001,20150904,126.16,126.16,126.16,126.16,0
CAS001,20150907,125.31,125.31,125.31,125.31,0
CAS001,20150908,125.58,125.58,125.58,125.58,0
CAS001,20150909,126.14,126.14,126.14,126.14,0
CAS001,20150910,126.34,126.34,126.34,126.34,0
CAS001,20150911,126.34,126.34,126.34,126.34,0
CAS001,20150914,126.11,126.11,126.11,126.11,0
CAS001,20150915,126.14,126.14,126.14,126.14,0
CAS001,20150916,126.29,126.29,126.29,126.29,0
CAS001,20150917,127.01,127.01,127.01,127.01,0
CAS001,20150918,127.04,127.04,127.04,127.04,0
CAS001,20150921,127.54,127.54,127.54,127.54,0
CAS001,20150922,126.98,126.98,126.98,126.98,0
CAS001,20150923,126.43,126.43,126.43,126.43,0
CAS001,20150924,125.58,125.58,125.58,125.58,0
CAS001,20150925,125.78,125.78,125.78,125.78,0
CAS001,20150928,124.36,124.36,124.36,124.36,0
CAS001,20150929,125.20,125.20,125.20,125.20,0
CAS001,20150930,125.99,125.99,125.99,125.99,0
CAS001,20151001,125.83,125.83,125.83,125.83,0
CAS001,20151002,125.86,125.86,125.86,125.86,0
CAS001,20151005,128.22,128.22,128.22,128.22,0
CAS001,20151006,128.90,128.90,128.90,128.90,0
CAS001,20151007,129.46,129.46,129.46,129.46,0
CAS001,20151008,130.97,130.97,130.97,130.97,0
CAS001,20151009,131.12,131.12,131.12,131.12,0
CAS001,20151012,130.91,130.91,130.91,130.91,0
CAS001,20151013,130.15,130.15,130.15,130.15,0
CAS001,20151014,130.14,130.14,130.14,130.14,0
CAS001,20151015,130.18,130.18,130.18,130.18,0
CAS001,20151016,130.40,130.40,130.40,130.40,0
CAS001,20151019,130.16,130.16,130.16,130.16,0
CAS001,20151020,130.10,130.10,130.10,130.10,0
CAS001,20151021,130.82,130.82,130.82,130.82,0
CAS001,20151022,130.25,130.25,130.25,130.25,0
CAS001,20151023,130.38,130.38,130.38,130.38,0
CAS001,20151026,131.00,131.00,131.00,131.00,0
CAS001,20151027,131.63,131.63,131.63,131.63,0
CAS001,20151028,131.30,131.30,131.30,131.30,0
CAS001,20151029,129.71,129.71,129.71,129.71,0
CAS001,20151030,130.30,130.30,130.30,130.30,0
CAS001,20151102,131.15,131.15,131.15,131.15,0
CAS001,20151103,131.80,131.80,131.80,131.80,0
CAS001,20151104,131.92,131.92,131.92,131.92,0
CAS001,20151105,132.02,132.02,132.02,132.02,0
CAS001,20151106,132.24,132.24,132.24,132.24,0
CAS001,20151109,130.68,130.68,130.68,130.68,0
CAS001,20151110,131.27,131.27,131.27,131.27,0
CAS001,20151112,131.36,131.36,131.36,131.36,0
CAS001,20151113,129.16,129.16,129.16,129.16,0
CAS001,20151116,127.22,127.22,127.22,127.22,0
CAS001,20151117,128.74,128.74,128.74,128.74,0
CAS001,20151118,128.90,128.90,128.90,128.90,0
CAS001,20151119,129.08,129.08,129.08,129.08,0
CAS001,20151120,129.17,129.17,129.17,129.17,0
CAS001,20151123,127.29,127.29,127.29,127.29,0
CAS001,20151124,125.23,125.23,125.23,125.23,0
CAS001,20151125,124.62,124.62,124.62,124.62,0
CAS001,20151126,125.64,125.64,125.64,125.64,0
CAS001,20151127,125.21,125.21,125.21,125.21,0
CAS001,20151130,125.61,125.61,125.61,125.61,0
CAS001,20151201,124.74,124.74,124.74,124.74,0
CAS001,20151202,122.39,122.39,122.39,122.39,0
CAS001,20151203,121.39,121.39,121.39,121.39,0
CAS001,20151204,121.24,121.24,121.24,121.24,0
CAS001,20151207,121.23,121.23,121.23,121.23,0
CAS001,20151208,119.34,119.34,119.34,119.34,0
CAS001,20151209,118.90,118.90,118.90,118.90,0
CAS001,20151210,120.10,120.10,120.10,120.10,0
CAS001,20151211,119.05,119.05,119.05,119.05,0
CAS001,20151214,117.76,117.76,117.76,117.76,0
CAS001,20151215,118.12,118.12,118.12,118.12,0
CAS001,20151216,118.22,118.22,118.22,118.22,0
CAS001,20151217,119.83,119.83,119.83,119.83,0
CAS001,20151218,119.65,119.65,119.65,119.65,0
CAS001,20151221,120.44,120.44,120.44,120.44,0
CAS001,20151222,120.19,120.19,120.19,120.19,0
CAS001,20151223,121.04,121.04,121.04,121.04,0
CAS001,20151228,120.81,120.81,120.81,120.81,0
CAS001,20151229,122.10,122.10,122.10,122.10,0
CAS001,20151230,122.32,122.32,122.32,122.32,0
CAS001,20160104,120.45,120.45,120.45,120.45,0
CAS001,20160105,120.59,120.59,120.59,120.59,0
CAS001,20160107,118.24,118.24,118.24,118.24,0
CAS001,20160108,117.71,117.71,117.71,117.71,0
CAS001,20160111,115.88,115.88,115.88,115.88,0
CAS001,20160112,116.90,116.90,116.90,116.90,0
CAS001,20160113,117.59,117.59,117.59,117.59,0
CAS001,20160114,116.48,116.48,116.48,116.48,0
CAS001,20160115,115.41,115.41,115.41,115.41,0
CAS001,20160118,112.05,112.05,112.05,112.05,0
CAS001,20160119,112.77,112.77,112.77,112.77,0
CAS001,20160120,111.26,111.26,111.26,111.26,0
CAS001,20160121,111.61,111.61,111.61,111.61,0
CAS001,20160122,112.91,112.91,112.91,112.91,0
CAS001,20160125,113.37,113.37,113.37,113.37,0
CAS001,20160126,112.76,112.76,112.76,112.76,0
CAS001,20160127,113.50,113.50,113.50,113.50,0
CAS001,20160128,114.95,114.95,114.95,114.95,0
CAS001,20160129,117.14,117.14,117.14,117.14,0
CAS001,20160201,116.82,116.82,116.82,116.82,0
CAS001,20160202,115.96,115.96,115.96,115.96,0
CAS001,20160203,116.42,116.42,116.42,116.42,0
CAS001,20160204,117.86,117.86,117.86,117.86,0
CAS001,20160205,117.60,117.60,117.60,117.60,0
CAS001,20160208,116.17,116.17,116.17,116.17,0
CAS001,20160209,115.71,115.71,115.71,115.71,0
CAS001,20160210,116.04,116.04,116.04,116.04,0
CAS001,20160211,115.91,115.91,115.91,115.91,0
CAS001,20160212,116.58,116.58,116.58,116.58,0
CAS001,20160215,117.67,117.67,117.67,117.67,0
CAS001,20160216,116.49,116.49,116.49,116.49,0
CAS001,20160217,117.68,117.68,117.68,117.68,0
CAS001,20160218,116.90,116.90,116.90,116.90,0
CAS001,20160219,115.86,115.86,115.86,115.86,0
CAS001,20160222,116.91,116.91,116.91,116.91,0
CAS001,20160223,116.81,116.81,116.81,116.81,0
CAS001,20160224,116.18,116.18,116.18,116.18,0
CAS001,20160225,117.01,117.01,117.01,117.01,0
CAS001,20160226,117.69,117.69,117.69,117.69,0
CAS001,20160229,117.10,117.10,117.10,117.10,0
CAS001,20160301,117.24,117.24,117.24,117.24,0
CAS001,20160302,117.57,117.57,117.57,117.57,0
CAS001,20160303,118.91,118.91,118.91,118.91,0
CAS001,20160304,119.09,119.09,119.09,119.09,0
CAS001,20160307,120.35,120.35,120.35,120.35,0
CAS001,20160308,120.29,120.29,120.29,120.29,0
CAS001,20160309,120.20,120.20,120.20,120.20,0
CAS001,20160310,120.36,120.36,120.36,120.36,0
CAS001,20160311,121.75,121.75,121.75,121.75,0
CAS001,20160314,122.72,122.72,122.72,122.72,0
CAS001,20160315,122.73,122.73,122.73,122.73,0
CAS001,20160316,123.32,123.32,123.32,123.32,0
CAS001,20160317,124.51,124.51,124.51,124.51,0
CAS001,20160318,125.74,125.74,125.74,125.74,0
CAS001,20160321,125.05,125.05,125.05,125.05,0
CAS001,20160322,124.56,124.56,124.56,124.56,0
CAS001,20160323,124.45,124.45,124.45,124.45,0
CAS001,20160324,124.56,124.56,124.56,124.56,0
CAS001,20160329,125.92,125.92,125.92,125.92,0
CAS001,20160330,127.11,127.11,127.11,127.11,0
CAS001,20160331,128.48,128.48,128.48,128.48,0
CAS001,20160401,128.03,128.03,128.03,128.03,0
CAS001,20160404,129.32,129.32,129.32,129.32,0
CAS001,20160405,127.69,127.69,127.69,127.69,0
CAS001,20160406,127.13,127.13,127.13,127.13,0
CAS001,20160407,127.80,127.80,127.80,127.80,0
CAS001,20160408,128.32,128.32,128.32,128.32,0
CAS001,20160411,128.19,128.19,128.19,128.19,0
CAS001,20160412,127.70,127.70,127.70,127.70,0
CAS001,20160413,128.53,128.53,128.53,128.53,0
CAS001,20160414,129.83,129.83,129.83,129.83,0
CAS001,20160415,130.23,130.23,130.23,130.23,0
CAS001,20160418,130.26,130.26,130.26,130.26,0
CAS001,20160419,131.27,131.27,131.27,131.27,0
CAS001,20160420,130.83,130.83,130.83,130.83,0
CAS001,20160421,130.15,130.15,130.15,130.15,0
CAS001,20160422,130.57,130.57,130.57,130.57,0
CAS001,20160425,131.28,131.28,131.28,131.28,0
CAS001,20160426,130.65,130.65,130.65,130.65,0
CAS001,20160427,130.01,130.01,130.01,130.01,0
CAS001,20160428,129.78,129.78,129.78,129.78,0
CAS001,20160429,129.81,129.81,129.81,129.81,0
CAS001,20160502,130.17,130.17,130.17,130.17,0
CAS001,20160504,129.28,129.28,129.28,129.28,0
CAS001,20160505,128.27,128.27,128.27,128.27,0
CAS001,20160506,128.26,128.26,128.26,128.26,0
CAS001,20160509,128.37,128.37,128.37,128.37,0
CAS001,20160510,127.43,127.43,127.43,127.43,0
CAS001,20160511,127.16,127.16,127.16,127.16,0
CAS001,20160512,127.15,127.15,127.15,127.15,0
CAS001,20160513,127.75,127.75,127.75,127.75,0
CAS001,20160516,129.09,129.09,129.09,129.09,0
CAS001,20160517,128.49,128.49,128.49,128.49,0
CAS001,20160518,127.89,127.89,127.89,127.89,0
CAS001,20160519,126.08,126.08,126.08,126.08,0
CAS001,20160520,126.23,126.23,126.23,126.23,0
CAS001,20160523,127.10,127.10,127.10,127.10,0
CAS001,20160524,127.59,127.59,127.59,127.59,0
CAS001,20160525,128.52,128.52,128.52,128.52,0
CAS001,20160527,128.57,128.57,128.57,128.57,0
CAS001,20160530,128.32,128.32,128.32,128.32,0
CAS001,20160531,127.32,127.32,127.32,127.32,0
CAS001,20160601,124.10,124.10,124.10,124.10,0
CAS001,20160602,124.59,124.59,124.59,124.59,0
CAS001,20160603,125.39,125.39,125.39,125.39,0
CAS001,20160606,125.41,125.41,125.41,125.41,0
CAS001,20160607,126.65,126.65,126.65,126.65,0
CAS001,20160608,126.90,126.90,126.90,126.90,0
CAS001,20160609,125.90,125.90,125.90,125.90,0
CAS001,20160610,124.91,124.91,124.91,124.91,0
CAS001,20160613,123.57,123.57,123.57,123.57,0
CAS001,20160614,122.52,122.52,122.52,122.52,0
CAS001,20160615,122.43,122.43,122.43,122.43,0
CAS001,20160616,119.33,119.33,119.33,119.33,0
CAS001,20160617,120.56,120.56,120.56,120.56,0
CAS001,20160620,121.77,121.77,121.77,121.77,0
CAS001,20160621,123.55,123.55,123.55,123.55,0
CAS001,20160622,124.37,124.37,124.37,124.37,0
CAS001,20160623,125.29,125.29,125.29,125.29,0
CAS001,20160624,121.18,121.18,121.18,121.18,0
CAS001,20160627,120.58,120.58,120.58,120.58,0
CAS001,20160628,121.67,121.67,121.67,121.67,0
CAS001,20160629,122.76,122.76,122.76,122.76,0
CAS001,20160630,123.34,123.34,123.34,123.34,0
CAS001,20160701,123.36,123.36,123.36,123.36,0
CAS001,20160704,122.15,122.15,122.15,122.15,0
CAS001,20160705,121.74,121.74,121.74,121.74,0
CAS001,20160706,120.76,120.76,120.76,120.76,0
CAS001,20160707,121.74,121.74,121.74,121.74,0
CAS001,20160708,121.71,121.71,121.71,121.71,0
CAS001,20160711,123.26,123.26,123.26,123.26,0
CAS001,20160712,123.77,123.77,123.77,123.77,0
CAS001,20160713,123.44,123.44,123.44,123.44,0
CAS001,20160714,124.01,124.01,124.01,124.01,0
CAS001,20160715,124.82,124.82,124.82,124.82,0
CAS001,20160718,125.28,125.28,125.28,125.28,0
CAS001,20160719,125.54,125.54,125.54,125.54,0
CAS001,20160720,126.30,126.30,126.30,126.30,0
CAS001,20160721,126.38,126.38,126.38,126.38,0
CAS001,20160722,126.76,126.76,126.76,126.76,0
CAS001,20160725,127.40,127.40,127.40,127.40,0
CAS001,20160726,127.71,127.71,127.71,127.71,0
CAS001,20160727,128.61,128.61,128.61,128.61,0
CAS001,20160728,128.68,128.68,128.68,128.68,0
CAS001,20160729,127.98,127.98,127.98,127.98,0
CAS001,20160801,127.20,127.20,127.20,127.20,0
CAS001,20160802,128.51,128.51,128.51,128.51,0
CAS001,20160803,128.72,128.72,128.72,128.72,0
CAS001,20160804,130.05,130.05,130.05,130.05,0
CAS001,20160805,130.45,130.45,130.45,130.45,0
CAS001,20160808,130.95,130.95,130.95,130.95,0
CAS001,20160809,131.45,131.45,131.45,131.45,0
CAS001,20160810,132.08,132.08,132.08,132.08,0
CAS001,20160811,132.53,132.53,132.53,132.53,0
CAS001,20160812,132.04,132.04,132.04,132.04,0
CAS001,20160816,131.20,131.20,131.20,131.20,0
CAS001,20160817,130.53,130.53,130.53,130.53,0
CAS001,20160818,129.77,129.77,129.77,129.77,0
CAS001,20160819,128.88,128.88,128.88,128.88,0
CAS001,20160822,128.85,128.85,128.85,128.85,0
CAS001,20160823,129.13,129.13,129.13,129.13,0
CAS001,20160824,129.23,129.23,129.23,129.23,0
CAS001,20160825,128.94,128.94,128.94,128.94,0
CAS001,20160826,128.83,128.83,128.83,128.83,0
CAS001,20160829,128.46,128.46,128.46,128.46,0
CAS001,20160830,129.12,129.12,129.12,129.12,0
CAS001,20160831,129.29,129.29,129.29,129.29,0
CAS001,20160901,127.98,127.98,127.98,127.98,0
CAS001,20160902,128.84,128.84,128.84,128.84,0
CAS001,20160905,130.71,130.71,130.71,130.71,0
CAS001,20160906,131.24,131.24,131.24,131.24,0
CAS001,20160907,132.71,132.71,132.71,132.71,0
CAS001,20160908,132.37,132.37,132.37,132.37,0
CAS001,20160909,131.40,131.40,131.40,131.40,0
CAS001,20160912,130.46,130.46,130.46,130.46,0
CAS001,20160913,131.16,131.16,131.16,131.16,0
CAS001,20160914,132.15,132.15,132.15,132.15,0
CAS001,20160915,131.90,131.90,131.90,131.90,0
CAS001,20160916,131.53,131.53,131.53,131.53,0
CAS001,20160919,132.20,132.20,132.20,132.20,0
CAS001,20160920,133.53,133.53,133.53,133.53,0
CAS001,20160921,132.49,132.49,132.49,132.49,0
CAS001,20160922,132.82,132.82,132.82,132.82,0
CAS001,20160923,132.90,132.90,132.90,132.90,0
CAS001,20160926,132.22,132.22,132.22,132.22,0
CAS001,20160927,131.67,131.67,131.67,131.67,0
CAS001,20160928,131.98,131.98,131.98,131.98,0
CAS001,20160929,132.79,132.79,132.79,132.79,0
CAS001,20160930,133.24,133.24,133.24,133.24,0
CAS001,20161003,133.28,133.28,133.28,133.28,0
CAS001,20161004,133.38,133.38,133.38,133.38,0
CAS001,20161005,133.16,133.16,133.16,133.16,0
CAS001,20161006,133.47,133.47,133.47,133.47,0
CAS001,20161007,133.83,133.83,133.83,133.83,0
CAS001,20161010,133.72,133.72,133.72,133.72,0
CAS001,20161011,133.41,133.41,133.41,133.41,0
CAS001,20161012,133.46,133.46,133.46,133.46,0
CAS001,20161013,133.55,133.55,133.55,133.55,0
CAS001,20161014,134.20,134.20,134.20,134.20,0
CAS001,20161017,133.85,133.85,133.85,133.85,0
CAS001,20161018,133.22,133.22,133.22,133.22,0
CAS001,20161019,134.06,134.06,134.06,134.06,0
CAS001,20161020,134.32,134.32,134.32,134.32,0
CAS001,20161021,134.06,134.06,134.06,134.06,0
CAS001,20161024,135.16,135.16,135.16,135.16,0
CAS001,20161025,134.88,134.88,134.88,134.88,0
CAS001,20161026,134.72,134.72,134.72,134.72,0
CAS001,20161027,135.69,135.69,135.69,135.69,0
CAS001,20161028,135.84,135.84,135.84,135.84,0
CAS001,20161031,136.02,136.02,136.02,136.02,0
CAS001,20161102,133.35,133.35,133.35,133.35,0
CAS001,20161103,133.42,133.42,133.42,133.42,0
CAS001,20161104,132.70,132.70,132.70,132.70,0
CAS001,20161107,132.61,132.61,132.61,132.61,0
CAS001,20161108,132.32,132.32,132.32,132.32,0
CAS001,20161109,133.40,133.40,133.40,133.40,0
CAS001,20161110,133.60,133.60,133.60,133.60,0
CAS001,20161114,132.00,132.00,132.00,132.00,0
CAS001,20161115,132.30,132.30,132.30,132.30,0
CAS001,20161116,131.72,131.72,131.72,131.72,0
CAS001,20161117,131.38,131.38,131.38,131.38,0
CAS001,20161118,131.29,131.29,131.29,131.29,0
CAS001,20161121,131.97,131.97,131.97,131.97,0
CAS001,20161122,132.55,132.55,132.55,132.55,0
CAS001,20161123,132.96,132.96,132.96,132.96,0
CAS001,20161124,133.39,133.39,133.39,133.39,0
CAS001,20161125,134.06,134.06,134.06,134.06,0
CAS001,20161128,133.39,133.39,133.39,133.39,0
CAS001,20161129,133.90,133.90,133.90,133.90,0
CAS001,20161130,134.57,134.57,134.57,134.57,0
CAS001,20161201,133.59,133.59,133.59,133.59,0
CAS001,20161202,133.69,133.69,133.69,133.69,0
CAS001,20161205,134.16,134.16,134.16,134.16,0
CAS001,20161206,134.13,134.13,134.13,134.13,0
CAS001,20161207,134.49,134.49,134.49,134.49,0
CAS001,20161208,134.75,134.75,134.75,134.75,0
CAS001,20161209,134.37,134.37,134.37,134.37,0
CAS001,20161212,134.13,134.13,134.13,134.13,0
CAS001,20161213,135.72,135.72,135.72,135.72,0
CAS001,20161214,136.06,136.06,136.06,136.06,0
CAS001,20161215,135.03,135.03,135.03,135.03,0
CAS001,20161216,136.05,136.05,136.05,136.05,0
CAS001,20161219,135.79,135.79,135.79,135.79,0
CAS001,20161220,136.34,136.34,136.34,136.34,0
CAS001,20161221,136.36,136.36,136.36,136.36,0
CAS001,20161222,135.84,135.84,135.84,135.84,0
CAS001,20161223,136.09,136.09,136.09,136.09,0
CAS001,20161227,135.90,135.90,135.90,135.90,0
CAS001,20161228,135.13,135.13,135.13,135.13,0
CAS001,20161229,136.25,136.25,136.25,136.25,0
CAS001,20161230,137.07,137.07,137.07,137.07,0
CAS001,20170102,137.51,137.51,137.51,137.51,0
CAS001,20170103,139.19,139.19,139.19,139.19,0
CAS001,20170104,139.95,139.95,139.95,139.95,0
CAS001,20170105,139.51,139.51,139.51,139.51,0
CAS001,20170109,140.15,140.15,140.15,140.15,0
CAS001,20170110,140.23,140.23,140.23,140.23,0
CAS001,20170111,140.23,140.23,140.23,140.23,0
CAS001,20170112,140.43,140.43,140.43,140.43,0
CAS001,20170113,139.14,139.14,139.14,139.14,0
CAS001,20170116,138.80,138.80,138.80,138.80,0
CAS001,20170117,140.00,140.00,140.00,140.00,0
CAS001,20170118,139.80,139.80,139.80,139.80,0
CAS001,20170119,139.77,139.77,139.77,139.77,0
CAS001,20170120,140.08,140.08,140.08,140.08,0
CAS001,20170123,139.97,139.97,139.97,139.97,0
CAS001,20170124,141.21,141.21,141.21,141.21,0
CAS001,20170125,143.81,143.81,143.81,143.81,0
CAS001,20170126,144.40,144.40,144.40,144.40,0
CAS001,20170127,144.94,144.94,144.94,144.94,0
CAS001,20170130,144.30,144.30,144.30,144.30,0
CAS001,20170131,144.93,144.93,144.93,144.93,0
CAS001,20170201,145.53,145.53,145.53,145.53,0
CAS001,20170202,145.45,145.45,145.45,145.45,0
CAS001,20170203,145.02,145.02,145.02,145.02,0
CAS001,20170206,144.40,144.40,144.40,144.40,0
CAS001,20170207,144.48,144.48,144.48,144.48,0
CAS001,20170208,144.86,144.86,144.86,144.86,0
CAS001,20170209,146.74,146.74,146.74,146.74,0
CAS001,20170210,149.12,149.12,149.12,149.12,0
CAS001,20170213,150.53,150.53,150.53,150.53,0
CAS001,20170214,149.65,149.65,149.65,149.65,0
CAS001,20170215,149.75,149.75,149.75,149.75,0
CAS001,20170216,150.65,150.65,150.65,150.65,0
CAS001,20170217,149.47,149.47,149.47,149.47,0
CAS001,20170220,151.08,151.08,151.08,151.08,0
CAS001,20170221,152.32,152.32,152.32,152.32,0
CAS001,20170222,152.37,152.37,152.37,152.37,0
CAS001,20170223,153.38,153.38,153.38,153.38,0
CAS001,20170224,152.06,152.06,152.06,152.06,0
CAS001,20170227,152.43,152.43,152.43,152.43,0
CAS001,20170228,152.29,152.29,152.29,152.29,0
CAS001,20170301,154.60,154.60,154.60,154.60,0
CAS001,20170302,155.35,155.35,155.35,155.35,0
CAS001,20170303,155.74,155.74,155.74,155.74,0
CAS001,20170306,155.45,155.45,155.45,155.45,0
CAS001,20170307,154.72,154.72,154.72,154.72,0
CAS001,20170308,153.72,153.72,153.72,153.72,0
CAS001,20170309,151.95,151.95,151.95,151.95,0
CAS001,20170310,152.63,152.63,152.63,152.63,0
CAS001,20170313,154.15,154.15,154.15,154.15,0
CAS001,20170314,153.13,153.13,153.13,153.13,0
CAS001,20170315,153.05,153.05,153.05,153.05,0
CAS001,20170316,153.85,153.85,153.85,153.85,0
CAS001,20170317,153.98,153.98,153.98,153.98,0
CAS001,20170320,153.51,153.51,153.51,153.51,0
CAS001,20170321,151.81,151.81,151.81,151.81,0
CAS001,20170322,150.83,150.83,150.83,150.83,0
CAS001,20170323,151.31,151.31,151.31,151.31,0
CAS001,20170324,151.72,151.72,151.72,151.72,0
CAS001,20170327,151.63,151.63,151.63,151.63,0
CAS001,20170328,152.99,152.99,152.99,152.99,0
CAS001,20170329,152.08,152.08,152.08,152.08,0
CAS001,20170330,151.09,151.09,151.09,151.09,0
CAS001,20170331,151.67,151.67,151.67,151.67,0
CAS001,20170403,151.18,151.18,151.18,151.18,0
CAS001,20170404,151.50,151.50,151.50,151.50,0
CAS001,20170405,151.53,151.53,151.53,151.53,0
CAS001,20170406,151.00,151.00,151.00,151.00,0
CAS001,20170407,150.76,150.76,150.76,150.76,0
CAS001,20170410,151.15,151.15,151.15,151.15,0
CAS001,20170411,149.76,149.76,149.76,149.76,0
CAS001,20170412,149.51,149.51,149.51,149.51,0
CAS001,20170413,149.77,149.77,149.77,149.77,0
CAS001,20170418,148.83,148.83,148.83,148.83,0
CAS001,20170419,149.15,149.15,149.15,149.15,0
CAS001,20170420,148.93,148.93,148.93,148.93,0
CAS001,20170421,147.93,147.93,147.93,147.93,0
CAS001,20170424,148.24,148.24,148.24,148.24,0
CAS001,20170425,148.85,148.85,148.85,148.85,0
CAS001,20170426,148.02,148.02,148.02,148.02,0
CAS001,20170427,148.46,148.46,148.46,148.46,0
CAS001,20170502,149.47,149.47,149.47,149.47,0
CAS001,20170504,149.02,149.02,149.02,149.02,0
CAS001,20170505,148.45,148.45,148.45,148.45,0
CAS001,20170508,148.03,148.03,148.03,148.03,0
CAS001,20170509,148.59,148.59,148.59,148.59,0
CAS001,20170510,148.41,148.41,148.41,148.41,0
CAS001,20170511,148.17,148.17,148.17,148.17,0
CAS001,20170512,147.76,147.76,147.76,147.76,0
CAS001,20170515,147.13,147.13,147.13,147.13,0
CAS001,20170516,145.69,145.69,145.69,145.69,0
CAS001,20170517,143.08,143.08,143.08,143.08,0
CAS001,20170518,142.06,142.06,142.06,142.06,0
CAS001,20170519,142.15,142.15,142.15,142.15,0
CAS001,20170522,141.33,141.33,141.33,141.33,0
CAS001,20170523,141.07,141.07,141.07,141.07,0
CAS001,20170524,141.24,141.24,141.24,141.24,0
CAS001,20170525,141.72,141.72,141.72,141.72,0
CAS001,20170526,141.45,141.45,141.45,141.45,0
CAS001,20170529,141.54,141.54,141.54,141.54,0
CAS001,20170530,140.76,140.76,140.76,140.76,0
CAS001,20170531,140.29,140.29,140.29,140.29,0
CAS001,20170601,140.42,140.42,140.42,140.42,0
CAS001,20170602,140.69,140.69,140.69,140.69,0
CAS001,20170605,139.88,139.88,139.88,139.88,0
CAS001,20170606,140.32,140.32,140.32,140.32,0
CAS001,20170607,140.72,140.72,140.72,140.72,0
CAS001,20170608,141.02,141.02,141.02,141.02,0
CAS001,20170609,141.16,141.16,141.16,141.16,0
CAS001,20170612,139.91,139.91,139.91,139.91,0
CAS001,20170613,139.53,139.53,139.53,139.53,0
CAS001,20170616,139.77,139.77,139.77,139.77,0
CAS001,20170619,139.89,139.89,139.89,139.89,0
CAS001,20170620,139.04,139.04,139.04,139.04,0
CAS001,20170621,139.34,139.34,139.34,139.34,0
CAS001,20170622,139.66,139.66,139.66,139.66,0
CAS001,20170623,139.80,139.80,139.80,139.80,0
CAS001,20170626,140.46,140.46,140.46,140.46,0
CAS001,20170627,141.15,141.15,141.15,141.15,0
CAS001,20170628,140.60,140.60,140.60,140.60,0
CAS001,20170629,140.28,140.28,140.28,140.28,0
CAS001,20170630,140.20,140.20,140.20,140.20,0
CAS001,20170703,140.82,140.82,140.82,140.82,0
CAS001,20170704,139.83,139.83,139.83,139.83,0
CAS001,20170705,140.03,140.03,140.03,140.03,0
CAS001,20170706,140.20,140.20,140.20,140.20,0
CAS001,20170707,139.95,139.95,139.95,139.95,0
CAS001,20170710,140.58,140.58,140.58,140.58,0
CAS001,20170711,139.98,139.98,139.98,139.98,0
CAS001,20170712,141.11,141.11,141.11,141.11,0
CAS001,20170713,141.95,141.95,141.95,141.95,0
CAS001,20170714,141.85,141.85,141.85,141.85,0
CAS001,20170717,142.54,142.54,142.54,142.54,0
CAS001,20170718,141.94,141.94,141.94,141.94,0
CAS001,20170719,141.90,141.90,141.90,141.90,0
CAS001,20170720,141.32,141.32,141.32,141.32,0
CAS001,20170721,141.23,141.23,141.23,141.23,0
CAS001,20170724,140.07,140.07,140.07,140.07,0
CAS001,20170725,140.08,140.08,140.08,140.08,0
CAS001,20170726,140.91,140.91,140.91,140.91,0
CAS001,20170727,140.90,140.90,140.90,140.90,0
CAS001,20170728,141.39,141.39,141.39,141.39,0
CAS001,20170731,141.80,141.80,141.80,141.80,0
CAS001,20170801,142.37,142.37,142.37,142.37,0
CAS001,20170802,142.12,142.12,142.12,142.12,0
CAS001,20170803,141.70,141.70,141.70,141.70,0
CAS001,20170804,141.77,141.77,141.77,141.77,0
CAS001,20170807,142.13,142.13,142.13,142.13,0
CAS001,20170808,142.32,142.32,142.32,142.32,0
CAS001,20170809,142.25,142.25,142.25,142.25,0
CAS001,20170810,141.35,141.35,141.35,141.35,0
CAS001,20170811,140.93,140.93,140.93,140.93,0
CAS001,20170814,140.70,140.70,140.70,140.70,0
CAS001,20170816,140.57,140.57,140.57,140.57,0
CAS001,20170817,139.96,139.96,139.96,139.96,0
CAS001,20170818,139.55,139.55,139.55,139.55,0
CAS001,20170821,139.78,139.78,139.78,139.78,0
CAS001,20170822,140.63,140.63,140.63,140.63,0
CAS001,20170823,140.54,140.54,140.54,140.54,0
CAS001,20170824,142.00,142.00,142.00,142.00,0
CAS001,20170825,141.72,141.72,141.72,141.72,0
CAS001,20170828,142.54,142.54,142.54,142.54,0
CAS001,20170829,141.59,141.59,141.59,141.59,0
CAS001,20170830,142.62,142.62,142.62,142.62,0
CAS001,20170831,141.96,141.96,141.96,141.96,0
CAS001,20170901,142.16,142.16,142.16,142.16,0
CAS001,20170904,141.36,141.36,141.36,141.36,0
CAS001,20170905,141.58,141.58,141.58,141.58,0
CAS001,20170906,140.78,140.78,140.78,140.78,0
CAS001,20170907,139.99,139.99,139.99,139.99,0
CAS001,20170908,138.93,138.93,138.93,138.93,0
CAS001,20170911,139.02,139.02,139.02,139.02,0
CAS001,20170912,139.11,139.11,139.11,139.11,0
CAS001,20170913,138.88,138.88,138.88,138.88,0
CAS001,20170914,139.00,139.00,139.00,139.00,0
CAS001,20170915,138.53,138.53,138.53,138.53,0
CAS001,20170918,138.64,138.64,138.64,138.64,0
CAS001,20170919,138.60,138.60,138.60,138.60,0
CAS001,20170920,138.19,138.19,138.19,138.19,0
CAS001,20170921,137.91,137.91,137.91,137.91,0
