Name,Date,Open,High,Low,Close,Volume
CAS003,20121108,100.00,100.00,100.00,100.00,0
CAS003,20121109,100.00,100.00,100.00,100.00,0
CAS003,20121112,99.99,99.99,99.99,99.99,0
CAS003,20121113,99.99,99.99,99.99,99.99,0
CAS003,20121114,99.99,99.99,99.99,99.99,0
CAS003,20121115,99.98,99.98,99.98,99.98,0
CAS003,20121116,99.98,99.98,99.98,99.98,0
CAS003,20121119,99.97,99.97,99.97,99.97,0
CAS003,20121120,99.97,99.97,99.97,99.97,0
CAS003,20121121,99.97,99.97,99.97,99.97,0
CAS003,20121122,99.97,99.97,99.97,99.97,0
CAS003,20121123,99.96,99.96,99.96,99.96,0
CAS003,20121126,99.96,99.96,99.96,99.96,0
CAS003,20121127,99.96,99.96,99.96,99.96,0
CAS003,20121128,99.96,99.96,99.96,99.96,0
CAS003,20121129,99.96,99.96,99.96,99.96,0
CAS003,20121130,99.96,99.96,99.96,99.96,0
CAS003,20121203,99.97,99.97,99.97,99.97,0
CAS003,20121204,99.97,99.97,99.97,99.97,0
CAS003,20121205,99.97,99.97,99.97,99.97,0
CAS003,20121206,99.97,99.97,99.97,99.97,0
CAS003,20121207,99.98,99.98,99.98,99.98,0
CAS003,20121210,99.98,99.98,99.98,99.98,0
CAS003,20121211,99.98,99.98,99.98,99.98,0
CAS003,20121212,99.98,99.98,99.98,99.98,0
CAS003,20121213,99.98,99.98,99.98,99.98,0
CAS003,20121214,99.99,99.99,99.99,99.99,0
CAS003,20121217,99.99,99.99,99.99,99.99,0
CAS003,20121218,99.99,99.99,99.99,99.99,0
CAS003,20121219,99.99,99.99,99.99,99.99,0
CAS003,20121220,99.99,99.99,99.99,99.99,0
CAS003,20121221,99.99,99.99,99.99,99.99,0
CAS003,20121227,100.00,100.00,100.00,100.00,0
CAS003,20121228,100.00,100.00,100.00,100.00,0
CAS003,20121231,100.00,100.00,100.00,100.00,0
CAS003,20130102,100.00,100.00,100.00,100.00,0
CAS003,20130103,100.00,100.00,100.00,100.00,0
CAS003,20130104,100.00,100.00,100.00,100.00,0
CAS003,20130107,100.01,100.01,100.01,100.01,0
CAS003,20130108,100.01,100.01,100.01,100.01,0
CAS003,20130109,100.01,100.01,100.01,100.01,0
CAS003,20130110,100.01,100.01,100.01,100.01,0
CAS003,20130111,100.01,100.01,100.01,100.01,0
CAS003,20130114,100.01,100.01,100.01,100.01,0
CAS003,20130115,100.01,100.01,100.01,100.01,0
CAS003,20130116,100.01,100.01,100.01,100.01,0
CAS003,20130117,100.01,100.01,100.01,100.01,0
CAS003,20130118,100.01,100.01,100.01,100.01,0
CAS003,20130121,100.01,100.01,100.01,100.01,0
CAS003,20130122,100.01,100.01,100.01,100.01,0
CAS003,20130123,100.00,100.00,100.00,100.00,0
CAS003,20130124,100.00,100.00,100.00,100.00,0
CAS003,20130125,100.01,100.01,100.01,100.01,0
CAS003,20130128,97.91,97.91,97.91,97.91,0
CAS003,20130129,98.43,98.43,98.43,98.43,0
CAS003,20130130,96.63,96.63,96.63,96.63,0
CAS003,20130131,97.18,97.18,97.18,97.18,0
CAS003,20130201,98.43,98.43,98.43,98.43,0
CAS003,20130204,98.05,98.05,98.05,98.05,0
CAS003,20130205,98.10,98.10,98.10,98.10,0
CAS003,20130206,98.20,98.20,98.20,98.20,0
CAS003,20130207,97.05,97.05,97.05,97.05,0
CAS003,20130208,97.90,97.90,97.90,97.90,0
CAS003,20130211,96.81,96.81,96.81,96.81,0
CAS003,20130212,97.72,97.72,97.72,97.72,0
CAS003,20130213,97.81,97.81,97.81,97.81,0
CAS003,20130214,98.09,98.09,98.09,98.09,0
CAS003,20130215,98.66,98.66,98.66,98.66,0
CAS003,20130218,98.55,98.55,98.55,98.55,0
CAS003,20130219,98.32,98.32,98.32,98.32,0
CAS003,20130220,97.63,97.63,97.63,97.63,0
CAS003,20130221,97.75,97.75,97.75,97.75,0
CAS003,20130222,96.49,96.49,96.49,96.49,0
CAS003,20130225,96.45,96.45,96.45,96.45,0
CAS003,20130226,97.32,97.32,97.32,97.32,0
CAS003,20130227,98.15,98.15,98.15,98.15,0
CAS003,20130228,99.06,99.06,99.06,99.06,0
CAS003,20130301,99.76,99.76,99.76,99.76,0
CAS003,20130304,100.79,100.79,100.79,100.79,0
CAS003,20130305,101.40,101.40,101.40,101.40,0
CAS003,20130306,102.22,102.22,102.22,102.22,0
CAS003,20130307,102.32,102.32,102.32,102.32,0
CAS003,20130308,102.88,102.88,102.88,102.88,0
CAS003,20130311,102.44,102.44,102.44,102.44,0
CAS003,20130312,103.28,103.28,103.28,103.28,0
CAS003,20130313,102.79,102.79,102.79,102.79,0
CAS003,20130314,103.03,103.03,103.03,103.03,0
CAS003,20130315,103.68,103.68,103.68,103.68,0
CAS003,20130318,104.25,104.25,104.25,104.25,0
CAS003,20130319,104.31,104.31,104.31,104.31,0
CAS003,20130320,103.94,103.94,103.94,103.94,0
CAS003,20130321,105.05,105.05,105.05,105.05,0
CAS003,20130322,105.37,105.37,105.37,105.37,0
CAS003,20130325,104.19,104.19,104.19,104.19,0
CAS003,20130326,105.89,105.89,105.89,105.89,0
CAS003,20130327,105.73,105.73,105.73,105.73,0
CAS003,20130328,106.96,106.96,106.96,106.96,0
CAS003,20130402,108.68,108.68,108.68,108.68,0
CAS003,20130403,108.79,108.79,108.79,108.79,0
CAS003,20130404,108.23,108.23,108.23,108.23,0
CAS003,20130405,106.62,106.62,106.62,106.62,0
CAS003,20130408,106.59,106.59,106.59,106.59,0
CAS003,20130409,105.63,105.63,105.63,105.63,0
CAS003,20130410,104.72,104.72,104.72,104.72,0
CAS003,20130411,105.21,105.21,105.21,105.21,0
CAS003,20130412,105.24,105.24,105.24,105.24,0
CAS003,20130415,105.06,105.06,105.06,105.06,0
CAS003,20130417,103.91,103.91,103.91,103.91,0
CAS003,20130418,104.04,104.04,104.04,104.04,0
CAS003,20130419,104.26,104.26,104.26,104.26,0
CAS003,20130422,104.44,104.44,104.44,104.44,0
CAS003,20130423,105.26,105.26,105.26,105.26,0
CAS003,20130424,106.01,106.01,106.01,106.01,0
CAS003,20130425,105.89,105.89,105.89,105.89,0
CAS003,20130426,107.04,107.04,107.04,107.04,0
CAS003,20130429,106.16,106.16,106.16,106.16,0
CAS003,20130430,106.35,106.35,106.35,106.35,0
CAS003,20130502,106.38,106.38,106.38,106.38,0
CAS003,20130506,109.28,109.28,109.28,109.28,0
CAS003,20130507,109.18,109.18,109.18,109.18,0
CAS003,20130508,109.68,109.68,109.68,109.68,0
CAS003,20130509,109.05,109.05,109.05,109.05,0
CAS003,20130510,110.06,110.06,110.06,110.06,0
CAS003,20130513,111.10,111.10,111.10,111.10,0
CAS003,20130514,111.58,111.58,111.58,111.58,0
CAS003,20130515,112.63,112.63,112.63,112.63,0
CAS003,20130516,113.01,113.01,113.01,113.01,0
CAS003,20130517,112.42,112.42,112.42,112.42,0
CAS003,20130520,110.84,110.84,110.84,110.84,0
CAS003,20130521,111.43,111.43,111.43,111.43,0
CAS003,20130522,113.23,113.23,113.23,113.23,0
CAS003,20130523,112.79,112.79,112.79,112.79,0
CAS003,20130524,113.12,113.12,113.12,113.12,0
CAS003,20130527,113.83,113.83,113.83,113.83,0
CAS003,20130528,113.86,113.86,113.86,113.86,0
CAS003,20130529,112.45,112.45,112.45,112.45,0
CAS003,20130531,110.23,110.23,110.23,110.23,0
CAS003,20130603,98.50,98.50,98.50,98.50,0
CAS003,20130604,102.42,102.42,102.42,102.42,0
CAS003,20130605,102.65,102.65,102.65,102.65,0
CAS003,20130606,99.58,99.58,99.58,99.58,0
CAS003,20130607,101.88,101.88,101.88,101.88,0
CAS003,20130610,98.46,98.46,98.46,98.46,0
CAS003,20130611,97.44,97.44,97.44,97.44,0
CAS003,20130612,98.19,98.19,98.19,98.19,0
CAS003,20130613,99.10,99.10,99.10,99.10,0
CAS003,20130614,101.83,101.83,101.83,101.83,0
CAS003,20130617,100.64,100.64,100.64,100.64,0
CAS003,20130618,99.24,99.24,99.24,99.24,0
CAS003,20130619,100.66,100.66,100.66,100.66,0
CAS003,20130620,97.19,97.19,97.19,97.19,0
CAS003,20130621,96.47,96.47,96.47,96.47,0
CAS003,20130624,93.79,93.79,93.79,93.79,0
CAS003,20130625,94.37,94.37,94.37,94.37,0
CAS003,20130626,97.13,97.13,97.13,97.13,0
CAS003,20130627,98.40,98.40,98.40,98.40,0
CAS003,20130628,97.89,97.89,97.89,97.89,0
CAS003,20130701,98.69,98.69,98.69,98.69,0
CAS003,20130702,98.71,98.71,98.71,98.71,0
CAS003,20130703,95.66,95.66,95.66,95.66,0
CAS003,20130704,96.12,96.12,96.12,96.12,0
CAS003,20130705,94.54,94.54,94.54,94.54,0
CAS003,20130708,94.31,94.31,94.31,94.31,0
CAS003,20130709,95.05,95.05,95.05,95.05,0
CAS003,20130710,94.64,94.64,94.64,94.64,0
CAS003,20130711,93.50,93.50,93.50,93.50,0
CAS003,20130712,94.30,94.30,94.30,94.30,0
CAS003,20130715,95.80,95.80,95.80,95.80,0
CAS003,20130716,96.22,96.22,96.22,96.22,0
CAS003,20130717,96.59,96.59,96.59,96.59,0
CAS003,20130718,96.43,96.43,96.43,96.43,0
CAS003,20130719,96.21,96.21,96.21,96.21,0
CAS003,20130722,95.35,95.35,95.35,95.35,0
CAS003,20130723,94.82,94.82,94.82,94.82,0
CAS003,20130724,93.83,93.83,93.83,93.83,0
CAS003,20130725,93.14,93.14,93.14,93.14,0
CAS003,20130726,92.03,92.03,92.03,92.03,0
CAS003,20130729,92.03,92.03,92.03,92.03,0
CAS003,20130730,92.70,92.70,92.70,92.70,0
CAS003,20130731,93.54,93.54,93.54,93.54,0
CAS003,20130801,93.23,93.23,93.23,93.23,0
CAS003,20130802,93.42,93.42,93.42,93.42,0
CAS003,20130805,92.89,92.89,92.89,92.89,0
CAS003,20130806,93.09,93.09,93.09,93.09,0
CAS003,20130807,93.16,93.16,93.16,93.16,0
CAS003,20130808,92.60,92.60,92.60,92.60,0
CAS003,20130809,92.40,92.40,92.40,92.40,0
CAS003,20130812,93.26,93.26,93.26,93.26,0
CAS003,20130813,93.21,93.21,93.21,93.21,0
CAS003,20130814,92.76,92.76,92.76,92.76,0
CAS003,20130816,92.21,92.21,92.21,92.21,0
CAS003,20130819,91.21,91.21,91.21,91.21,0
CAS003,20130820,89.71,89.71,89.71,89.71,0
CAS003,20130821,86.67,86.67,86.67,86.67,0
CAS003,20130822,84.92,84.92,84.92,84.92,0
CAS003,20130823,84.41,84.41,84.41,84.41,0
CAS003,20130826,84.53,84.53,84.53,84.53,0
CAS003,20130827,81.37,81.37,81.37,81.37,0
CAS003,20130828,79.86,79.86,79.86,79.86,0
CAS003,20130829,82.41,82.41,82.41,82.41,0
CAS003,20130830,82.24,82.24,82.24,82.24,0
CAS003,20130902,84.32,84.32,84.32,84.32,0
CAS003,20130903,82.93,82.93,82.93,82.93,0
CAS003,20130904,82.75,82.75,82.75,82.75,0
CAS003,20130905,81.86,81.86,81.86,81.86,0
CAS003,20130906,83.42,83.42,83.42,83.42,0
CAS003,20130909,85.94,85.94,85.94,85.94,0
CAS003,20130910,87.09,87.09,87.09,87.09,0
CAS003,20130911,86.85,86.85,86.85,86.85,0
CAS003,20130912,86.85,86.85,86.85,86.85,0
CAS003,20130913,85.80,85.80,85.80,85.80,0
CAS003,20130916,87.97,87.97,87.97,87.97,0
CAS003,20130917,88.19,88.19,88.19,88.19,0
CAS003,20130918,88.43,88.43,88.43,88.43,0
CAS003,20130919,90.56,90.56,90.56,90.56,0
CAS003,20130920,89.51,89.51,89.51,89.51,0
CAS003,20130923,88.94,88.94,88.94,88.94,0
CAS003,20130924,88.68,88.68,88.68,88.68,0
CAS003,20130925,88.59,88.59,88.59,88.59,0
CAS003,20130926,88.73,88.73,88.73,88.73,0
CAS003,20130927,87.43,87.43,87.43,87.43,0
CAS003,20130930,87.24,87.24,87.24,87.24,0
CAS003,20131001,89.16,89.16,89.16,89.16,0
CAS003,20131002,88.62,88.62,88.62,88.62,0
CAS003,20131003,89.64,89.64,89.64,89.64,0
CAS003,20131004,89.21,89.21,89.21,89.21,0
CAS003,20131007,89.40,89.40,89.40,89.40,0
CAS003,20131008,88.94,88.94,88.94,88.94,0
CAS003,20131009,89.30,89.30,89.30,89.30,0
CAS003,20131010,89.80,89.80,89.80,89.80,0
CAS003,20131011,89.33,89.33,89.33,89.33,0
CAS003,20131014,89.51,89.51,89.51,89.51,0
CAS003,20131015,89.47,89.47,89.47,89.47,0
CAS003,20131016,89.18,89.18,89.18,89.18,0
CAS003,20131017,88.99,88.99,88.99,88.99,0
CAS003,20131018,88.96,88.96,88.96,88.96,0
CAS003,20131021,89.69,89.69,89.69,89.69,0
CAS003,20131022,89.42,89.42,89.42,89.42,0
CAS003,20131023,89.39,89.39,89.39,89.39,0
CAS003,20131024,89.67,89.67,89.67,89.67,0
CAS003,20131025,89.37,89.37,89.37,89.37,0
CAS003,20131028,89.80,89.80,89.80,89.80,0
CAS003,20131029,89.91,89.91,89.91,89.91,0
CAS003,20131030,89.56,89.56,89.56,89.56,0
CAS003,20131031,88.82,88.82,88.82,88.82,0
CAS003,20131104,89.30,89.30,89.30,89.30,0
CAS003,20131105,88.26,88.26,88.26,88.26,0
CAS003,20131106,88.02,88.02,88.02,88.02,0
CAS003,20131107,87.69,87.69,87.69,87.69,0
CAS003,20131108,87.15,87.15,87.15,87.15,0
CAS003,20131112,85.09,85.09,85.09,85.09,0
CAS003,20131113,84.22,84.22,84.22,84.22,0
CAS003,20131114,85.59,85.59,85.59,85.59,0
CAS003,20131115,86.78,86.78,86.78,86.78,0
CAS003,20131118,87.63,87.63,87.63,87.63,0
CAS003,20131119,87.05,87.05,87.05,87.05,0
CAS003,20131120,88.02,88.02,88.02,88.02,0
CAS003,20131121,88.17,88.17,88.17,88.17,0
CAS003,20131122,88.65,88.65,88.65,88.65,0
CAS003,20131125,90.01,90.01,90.01,90.01,0
CAS003,20131126,88.44,88.44,88.44,88.44,0
CAS003,20131127,87.49,87.49,87.49,87.49,0
CAS003,20131128,86.90,86.90,86.90,86.90,0
CAS003,20131129,87.37,87.37,87.37,87.37,0
CAS003,20131202,86.81,86.81,86.81,86.81,0
CAS003,20131203,84.63,84.63,84.63,84.63,0
CAS003,20131204,84.22,84.22,84.22,84.22,0
CAS003,20131205,83.47,83.47,83.47,83.47,0
CAS003,20131206,84.41,84.41,84.41,84.41,0
CAS003,20131209,84.93,84.93,84.93,84.93,0
CAS003,20131210,84.65,84.65,84.65,84.65,0
CAS003,20131211,84.35,84.35,84.35,84.35,0
CAS003,20131212,83.83,83.83,83.83,83.83,0
CAS003,20131213,84.57,84.57,84.57,84.57,0
CAS003,20131216,85.27,85.27,85.27,85.27,0
CAS003,20131217,81.71,81.71,81.71,81.71,0
CAS003,20131218,81.76,81.76,81.76,81.76,0
CAS003,20131219,79.71,79.71,79.71,79.71,0
CAS003,20131220,79.19,79.19,79.19,79.19,0
CAS003,20131223,78.06,78.06,78.06,78.06,0
CAS003,20131227,71.01,71.01,71.01,71.01,0
CAS003,20131230,75.04,75.04,75.04,75.04,0
CAS003,20140102,74.15,74.15,74.15,74.15,0
CAS003,20140103,73.33,73.33,73.33,73.33,0
CAS003,20140107,75.45,75.45,75.45,75.45,0
CAS003,20140108,74.48,74.48,74.48,74.48,0
CAS003,20140109,73.36,73.36,73.36,73.36,0
CAS003,20140110,74.35,74.35,74.35,74.35,0
CAS003,20140113,73.98,73.98,73.98,73.98,0
CAS003,20140114,73.41,73.41,73.41,73.41,0
CAS003,20140115,73.44,73.44,73.44,73.44,0
CAS003,20140116,72.69,72.69,72.69,72.69,0
CAS003,20140117,72.05,72.05,72.05,72.05,0
CAS003,20140120,71.15,71.15,71.15,71.15,0
CAS003,20140121,71.81,71.81,71.81,71.81,0
CAS003,20140122,71.86,71.86,71.86,71.86,0
CAS003,20140123,69.66,69.66,69.66,69.66,0
CAS003,20140124,67.99,67.99,67.99,67.99,0
CAS003,20140127,66.70,66.70,66.70,66.70,0
CAS003,20140128,68.88,68.88,68.88,68.88,0
CAS003,20140129,69.47,69.47,69.47,69.47,0
CAS003,20140130,68.03,68.03,68.03,68.03,0
CAS003,20140131,68.56,68.56,68.56,68.56,0
CAS003,20140203,68.70,68.70,68.70,68.70,0
CAS003,20140204,69.26,69.26,69.26,69.26,0
CAS003,20140205,69.30,69.30,69.30,69.30,0
CAS003,20140206,71.32,71.32,71.32,71.32,0
CAS003,20140207,71.54,71.54,71.54,71.54,0
CAS003,20140210,70.36,70.36,70.36,70.36,0
CAS003,20140211,71.25,71.25,71.25,71.25,0
CAS003,20140212,71.86,71.86,71.86,71.86,0
CAS003,20140213,71.13,71.13,71.13,71.13,0
CAS003,20140214,72.33,72.33,72.33,72.33,0
CAS003,20140217,72.60,72.60,72.60,72.60,0
CAS003,20140218,71.62,71.62,71.62,71.62,0
CAS003,20140219,70.88,70.88,70.88,70.88,0
CAS003,20140220,71.00,71.00,71.00,71.00,0
CAS003,20140221,71.27,71.27,71.27,71.27,0
CAS003,20140224,71.69,71.69,71.69,71.69,0
CAS003,20140225,68.83,68.83,68.83,68.83,0
CAS003,20140226,68.27,68.27,68.27,68.27,0
CAS003,20140227,68.14,68.14,68.14,68.14,0
CAS003,20140228,68.58,68.58,68.58,68.58,0
CAS003,20140303,67.62,67.62,67.62,67.62,0
CAS003,20140304,69.36,69.36,69.36,69.36,0
CAS003,20140305,70.01,70.01,70.01,70.01,0
CAS003,20140306,70.71,70.71,70.71,70.71,0
CAS003,20140307,69.75,69.75,69.75,69.75,0
CAS003,20140310,68.82,68.82,68.82,68.82,0
CAS003,20140311,68.85,68.85,68.85,68.85,0
CAS003,20140312,67.57,67.57,67.57,67.57,0
CAS003,20140313,68.27,68.27,68.27,68.27,0
CAS003,20140314,68.15,68.15,68.15,68.15,0
CAS003,20140317,68.98,68.98,68.98,68.98,0
CAS003,20140318,69.91,69.91,69.91,69.91,0
CAS003,20140319,69.28,69.28,69.28,69.28,0
CAS003,20140320,68.86,68.86,68.86,68.86,0
CAS003,20140321,68.55,68.55,68.55,68.55,0
CAS003,20140324,67.54,67.54,67.54,67.54,0
CAS003,20140325,68.04,68.04,68.04,68.04,0
CAS003,20140326,70.81,70.81,70.81,70.81,0
CAS003,20140327,70.97,70.97,70.97,70.97,0
CAS003,20140328,72.21,72.21,72.21,72.21,0
CAS003,20140331,74.03,74.03,74.03,74.03,0
CAS003,20140401,75.66,75.66,75.66,75.66,0
CAS003,20140402,75.98,75.98,75.98,75.98,0
CAS003,20140403,76.90,76.90,76.90,76.90,0
CAS003,20140404,78.56,78.56,78.56,78.56,0
CAS003,20140407,79.40,79.40,79.40,79.40,0
CAS003,20140408,81.10,81.10,81.10,81.10,0
CAS003,20140409,79.63,79.63,79.63,79.63,0
CAS003,20140410,79.93,79.93,79.93,79.93,0
CAS003,20140411,79.16,79.16,79.16,79.16,0
CAS003,20140414,79.82,79.82,79.82,79.82,0
CAS003,20140415,79.10,79.10,79.10,79.10,0
CAS003,20140416,78.78,78.78,78.78,78.78,0
CAS003,20140417,79.99,79.99,79.99,79.99,0
CAS003,20140422,79.97,79.97,79.97,79.97,0
CAS003,20140423,79.49,79.49,79.49,79.49,0
CAS003,20140424,79.39,79.39,79.39,79.39,0
CAS003,20140425,78.85,78.85,78.85,78.85,0
CAS003,20140428,79.89,79.89,79.89,79.89,0
CAS003,20140429,80.20,80.20,80.20,80.20,0
CAS003,20140430,81.94,81.94,81.94,81.94,0
CAS003,20140502,83.50,83.50,83.50,83.50,0
CAS003,20140505,83.73,83.73,83.73,83.73,0
CAS003,20140506,83.66,83.66,83.66,83.66,0
CAS003,20140507,83.24,83.24,83.24,83.24,0
CAS003,20140508,84.50,84.50,84.50,84.50,0
CAS003,20140509,85.01,85.01,85.01,85.01,0
CAS003,20140512,85.59,85.59,85.59,85.59,0
CAS003,20140513,85.09,85.09,85.09,85.09,0
CAS003,20140514,85.42,85.42,85.42,85.42,0
CAS003,20140515,85.09,85.09,85.09,85.09,0
CAS003,20140516,84.42,84.42,84.42,84.42,0
CAS003,20140519,84.43,84.43,84.43,84.43,0
CAS003,20140520,84.21,84.21,84.21,84.21,0
CAS003,20140521,84.97,84.97,84.97,84.97,0
CAS003,20140522,86.82,86.82,86.82,86.82,0
CAS003,20140523,87.13,87.13,87.13,87.13,0
CAS003,20140526,87.76,87.76,87.76,87.76,0
CAS003,20140527,86.76,86.76,86.76,86.76,0
CAS003,20140528,86.54,86.54,86.54,86.54,0
CAS003,20140529,87.50,87.50,87.50,87.50,0
CAS003,20140530,87.50,87.50,87.50,87.50,0
CAS003,20140602,87.00,87.00,87.00,87.00,0
CAS003,20140603,87.15,87.15,87.15,87.15,0
CAS003,20140604,85.95,85.95,85.95,85.95,0
CAS003,20140605,87.12,87.12,87.12,87.12,0
CAS003,20140606,88.29,88.29,88.29,88.29,0
CAS003,20140609,88.45,88.45,88.45,88.45,0
CAS003,20140610,89.40,89.40,89.40,89.40,0
CAS003,20140611,87.12,87.12,87.12,87.12,0
CAS003,20140612,86.51,86.51,86.51,86.51,0
CAS003,20140613,85.51,85.51,85.51,85.51,0
CAS003,20140616,83.98,83.98,83.98,83.98,0
CAS003,20140617,83.86,83.86,83.86,83.86,0
CAS003,20140618,84.04,84.04,84.04,84.04,0
CAS003,20140620,84.77,84.77,84.77,84.77,0
CAS003,20140623,85.78,85.78,85.78,85.78,0
CAS003,20140624,85.51,85.51,85.51,85.51,0
CAS003,20140625,84.89,84.89,84.89,84.89,0
CAS003,20140626,84.27,84.27,84.27,84.27,0
CAS003,20140627,85.27,85.27,85.27,85.27,0
CAS003,20140630,85.58,85.58,85.58,85.58,0
CAS003,20140701,84.48,84.48,84.48,84.48,0
CAS003,20140702,83.58,83.58,83.58,83.58,0
CAS003,20140703,84.16,84.16,84.16,84.16,0
CAS003,20140704,84.39,84.39,84.39,84.39,0
CAS003,20140707,85.48,85.48,85.48,85.48,0
CAS003,20140708,85.42,85.42,85.42,85.42,0
CAS003,20140709,85.20,85.20,85.20,85.20,0
CAS003,20140710,84.44,84.44,84.44,84.44,0
CAS003,20140711,85.72,85.72,85.72,85.72,0
CAS003,20140714,86.71,86.71,86.71,86.71,0
CAS003,20140715,87.38,87.38,87.38,87.38,0
CAS003,20140716,88.37,88.37,88.37,88.37,0
CAS003,20140717,87.95,87.95,87.95,87.95,0
CAS003,20140718,88.49,88.49,88.49,88.49,0
CAS003,20140721,88.82,88.82,88.82,88.82,0
CAS003,20140722,89.46,89.46,89.46,89.46,0
CAS003,20140723,90.52,90.52,90.52,90.52,0
CAS003,20140724,91.37,91.37,91.37,91.37,0
CAS003,20140725,91.68,91.68,91.68,91.68,0
CAS003,20140728,91.64,91.64,91.64,91.64,0
CAS003,20140729,91.36,91.36,91.36,91.36,0
CAS003,20140730,90.99,90.99,90.99,90.99,0
CAS003,20140731,88.51,88.51,88.51,88.51,0
CAS003,20140801,88.34,88.34,88.34,88.34,0
CAS003,20140804,88.47,88.47,88.47,88.47,0
CAS003,20140805,87.73,87.73,87.73,87.73,0
CAS003,20140806,85.73,85.73,85.73,85.73,0
CAS003,20140807,85.37,85.37,85.37,85.37,0
CAS003,20140808,85.20,85.20,85.20,85.20,0
CAS003,20140811,84.32,84.32,84.32,84.32,0
CAS003,20140812,84.51,84.51,84.51,84.51,0
CAS003,20140813,84.30,84.30,84.30,84.30,0
CAS003,20140814,84.35,84.35,84.35,84.35,0
CAS003,20140818,84.44,84.44,84.44,84.44,0
CAS003,20140819,86.46,86.46,86.46,86.46,0
CAS003,20140820,86.45,86.45,86.45,86.45,0
CAS003,20140821,86.42,86.42,86.42,86.42,0
CAS003,20140822,86.52,86.52,86.52,86.52,0
CAS003,20140825,86.86,86.86,86.86,86.86,0
CAS003,20140826,88.24,88.24,88.24,88.24,0
CAS003,20140827,88.47,88.47,88.47,88.47,0
CAS003,20140828,88.92,88.92,88.92,88.92,0
CAS003,20140829,89.53,89.53,89.53,89.53,0
CAS003,20140901,90.20,90.20,90.20,90.20,0
CAS003,20140902,90.07,90.07,90.07,90.07,0
CAS003,20140903,90.10,90.10,90.10,90.10,0
CAS003,20140904,91.35,91.35,91.35,91.35,0
CAS003,20140905,92.32,92.32,92.32,92.32,0
CAS003,20140908,92.70,92.70,92.70,92.70,0
CAS003,20140909,90.39,90.39,90.39,90.39,0
CAS003,20140910,88.80,88.80,88.80,88.80,0
CAS003,20140911,88.79,88.79,88.79,88.79,0
CAS003,20140912,87.70,87.70,87.70,87.70,0
CAS003,20140915,87.36,87.36,87.36,87.36,0
CAS003,20140916,87.82,87.82,87.82,87.82,0
CAS003,20140917,88.05,88.05,88.05,88.05,0
CAS003,20140918,87.39,87.39,87.39,87.39,0
CAS003,20140919,87.07,87.07,87.07,87.07,0
CAS003,20140922,86.13,86.13,86.13,86.13,0
CAS003,20140923,86.30,86.30,86.30,86.30,0
CAS003,20140924,85.72,85.72,85.72,85.72,0
CAS003,20140925,85.42,85.42,85.42,85.42,0
CAS003,20140926,84.71,84.71,84.71,84.71,0
CAS003,20140929,84.63,84.63,84.63,84.63,0
CAS003,20140930,85.04,85.04,85.04,85.04,0
CAS003,20141001,84.64,84.64,84.64,84.64,0
CAS003,20141002,84.95,84.95,84.95,84.95,0
CAS003,20141003,85.17,85.17,85.17,85.17,0
CAS003,20141006,85.42,85.42,85.42,85.42,0
CAS003,20141007,85.33,85.33,85.33,85.33,0
CAS003,20141008,83.33,83.33,83.33,83.33,0
CAS003,20141009,85.04,85.04,85.04,85.04,0
CAS003,20141010,83.43,83.43,83.43,83.43,0
CAS003,20141013,84.09,84.09,84.09,84.09,0
CAS003,20141014,83.44,83.44,83.44,83.44,0
CAS003,20141015,84.09,84.09,84.09,84.09,0
CAS003,20141016,82.98,82.98,82.98,82.98,0
CAS003,20141017,84.60,84.60,84.60,84.60,0
CAS003,20141020,85.99,85.99,85.99,85.99,0
CAS003,20141021,86.99,86.99,86.99,86.99,0
CAS003,20141022,88.07,88.07,88.07,88.07,0
CAS003,20141023,89.50,89.50,89.50,89.50,0
CAS003,20141024,89.54,89.54,89.54,89.54,0
CAS003,20141027,89.29,89.29,89.29,89.29,0
CAS003,20141028,90.36,90.36,90.36,90.36,0
CAS003,20141029,91.21,91.21,91.21,91.21,0
CAS003,20141030,91.71,91.71,91.71,91.71,0
CAS003,20141031,92.25,92.25,92.25,92.25,0
CAS003,20141103,92.29,92.29,92.29,92.29,0
CAS003,20141104,92.53,92.53,92.53,92.53,0
CAS003,20141105,91.51,91.51,91.51,91.51,0
CAS003,20141106,90.47,90.47,90.47,90.47,0
CAS003,20141107,90.89,90.89,90.89,90.89,0
CAS003,20141110,90.72,90.72,90.72,90.72,0
CAS003,20141112,92.14,92.14,92.14,92.14,0
CAS003,20141113,92.77,92.77,92.77,92.77,0
CAS003,20141114,93.28,93.28,93.28,93.28,0
CAS003,20141117,93.31,93.31,93.31,93.31,0
CAS003,20141118,93.85,93.85,93.85,93.85,0
CAS003,20141119,93.91,93.91,93.91,93.91,0
CAS003,20141120,94.51,94.51,94.51,94.51,0
CAS003,20141121,95.68,95.68,95.68,95.68,0
CAS003,20141124,95.66,95.66,95.66,95.66,0
CAS003,20141125,95.60,95.60,95.60,95.60,0
CAS003,20141126,95.67,95.67,95.67,95.67,0
CAS003,20141127,96.27,96.27,96.27,96.27,0
CAS003,20141128,97.62,97.62,97.62,97.62,0
CAS003,20141201,97.12,97.12,97.12,97.12,0
CAS003,20141202,96.54,96.54,96.54,96.54,0
CAS003,20141203,96.58,96.58,96.58,96.58,0
CAS003,20141204,97.76,97.76,97.76,97.76,0
CAS003,20141205,97.36,97.36,97.36,97.36,0
CAS003,20141208,96.42,96.42,96.42,96.42,0
CAS003,20141209,95.29,95.29,95.29,95.29,0
CAS003,20141210,95.67,95.67,95.67,95.67,0
CAS003,20141211,95.91,95.91,95.91,95.91,0
CAS003,20141212,94.19,94.19,94.19,94.19,0
CAS003,20141215,91.40,91.40,91.40,91.40,0
CAS003,20141216,86.90,86.90,86.90,86.90,0
CAS003,20141217,88.51,88.51,88.51,88.51,0
CAS003,20141218,93.44,93.44,93.44,93.44,0
CAS003,20141219,94.80,94.80,94.80,94.80,0
CAS003,20141222,95.78,95.78,95.78,95.78,0
CAS003,20141223,96.09,96.09,96.09,96.09,0
CAS003,20141229,97.77,97.77,97.77,97.77,0
CAS003,20141230,98.56,98.56,98.56,98.56,0
CAS003,20150102,99.09,99.09,99.09,99.09,0
CAS003,20150105,100.89,100.89,100.89,100.89,0
CAS003,20150107,103.54,103.54,103.54,103.54,0
CAS003,20150108,105.54,105.54,105.54,105.54,0
CAS003,20150109,104.96,104.96,104.96,104.96,0
CAS003,20150112,105.89,105.89,105.89,105.89,0
CAS003,20150113,106.56,106.56,106.56,106.56,0
CAS003,20150114,106.16,106.16,106.16,106.16,0
CAS003,20150115,107.38,107.38,107.38,107.38,0
CAS003,20150116,106.94,106.94,106.94,106.94,0
CAS003,20150119,106.07,106.07,106.07,106.07,0
CAS003,20150120,106.64,106.64,106.64,106.64,0
CAS003,20150121,107.23,107.23,107.23,107.23,0
CAS003,20150122,106.38,106.38,106.38,106.38,0
CAS003,20150123,110.06,110.06,110.06,110.06,0
CAS003,20150126,109.42,109.42,109.42,109.42,0
CAS003,20150127,109.18,109.18,109.18,109.18,0
CAS003,20150128,108.37,108.37,108.37,108.37,0
CAS003,20150129,106.36,106.36,106.36,106.36,0
CAS003,20150130,104.97,104.97,104.97,104.97,0
CAS003,20150202,103.56,103.56,103.56,103.56,0
CAS003,20150203,102.89,102.89,102.89,102.89,0
CAS003,20150204,101.26,101.26,101.26,101.26,0
CAS003,20150205,100.41,100.41,100.41,100.41,0
CAS003,20150206,99.20,99.20,99.20,99.20,0
CAS003,20150209,97.36,97.36,97.36,97.36,0
CAS003,20150210,97.91,97.91,97.91,97.91,0
CAS003,20150211,98.30,98.30,98.30,98.30,0
CAS003,20150212,100.02,100.02,100.02,100.02,0
CAS003,20150213,99.85,99.85,99.85,99.85,0
CAS003,20150216,101.71,101.71,101.71,101.71,0
CAS003,20150217,100.76,100.76,100.76,100.76,0
CAS003,20150218,100.39,100.39,100.39,100.39,0
CAS003,20150219,101.94,101.94,101.94,101.94,0
CAS003,20150220,101.73,101.73,101.73,101.73,0
CAS003,20150223,101.59,101.59,101.59,101.59,0
CAS003,20150224,102.32,102.32,102.32,102.32,0
CAS003,20150225,101.87,101.87,101.87,101.87,0
CAS003,20150226,100.41,100.41,100.41,100.41,0
CAS003,20150227,99.28,99.28,99.28,99.28,0
CAS003,20150302,99.12,99.12,99.12,99.12,0
CAS003,20150303,99.65,99.65,99.65,99.65,0
CAS003,20150304,98.11,98.11,98.11,98.11,0
CAS003,20150305,96.02,96.02,96.02,96.02,0
CAS003,20150306,94.71,94.71,94.71,94.71,0
CAS003,20150309,96.23,96.23,96.23,96.23,0
CAS003,20150310,93.12,93.12,93.12,93.12,0
CAS003,20150311,95.33,95.33,95.33,95.33,0
CAS003,20150312,96.28,96.28,96.28,96.28,0
CAS003,20150313,94.35,94.35,94.35,94.35,0
CAS003,20150316,94.83,94.83,94.83,94.83,0
CAS003,20150317,95.57,95.57,95.57,95.57,0
CAS003,20150318,95.65,95.65,95.65,95.65,0
CAS003,20150319,96.97,96.97,96.97,96.97,0
CAS003,20150320,97.13,97.13,97.13,97.13,0
CAS003,20150323,97.95,97.95,97.95,97.95,0
CAS003,20150324,96.29,96.29,96.29,96.29,0
CAS003,20150325,96.09,96.09,96.09,96.09,0
CAS003,20150326,92.65,92.65,92.65,92.65,0
CAS003,20150327,94.06,94.06,94.06,94.06,0
CAS003,20150330,94.59,94.59,94.59,94.59,0
CAS003,20150331,94.20,94.20,94.20,94.20,0
CAS003,20150401,94.45,94.45,94.45,94.45,0
CAS003,20150402,94.78,94.78,94.78,94.78,0
CAS003,20150407,96.74,96.74,96.74,96.74,0
CAS003,20150408,96.46,96.46,96.46,96.46,0
CAS003,20150409,97.89,97.89,97.89,97.89,0
CAS003,20150410,97.90,97.90,97.90,97.90,0
CAS003,20150413,97.55,97.55,97.55,97.55,0
CAS003,20150414,96.38,96.38,96.38,96.38,0
CAS003,20150415,94.93,94.93,94.93,94.93,0
CAS003,20150416,94.56,94.56,94.56,94.56,0
CAS003,20150417,94.45,94.45,94.45,94.45,0
CAS003,20150420,95.09,95.09,95.09,95.09,0
CAS003,20150421,96.32,96.32,96.32,96.32,0
CAS003,20150422,96.42,96.42,96.42,96.42,0
CAS003,20150423,95.34,95.34,95.34,95.34,0
CAS003,20150424,94.86,94.86,94.86,94.86,0
CAS003,20150427,95.76,95.76,95.76,95.76,0
CAS003,20150428,96.71,96.71,96.71,96.71,0
CAS003,20150429,96.27,96.27,96.27,96.27,0
CAS003,20150430,94.21,94.21,94.21,94.21,0
CAS003,20150504,93.65,93.65,93.65,93.65,0
CAS003,20150505,93.02,93.02,93.02,93.02,0
CAS003,20150506,92.32,92.32,92.32,92.32,0
CAS003,20150507,91.62,91.62,91.62,91.62,0
CAS003,20150508,94.19,94.19,94.19,94.19,0
CAS003,20150511,95.13,95.13,95.13,95.13,0
CAS003,20150512,96.30,96.30,96.30,96.30,0
CAS003,20150513,97.58,97.58,97.58,97.58,0
CAS003,20150514,98.16,98.16,98.16,98.16,0
CAS003,20150515,98.83,98.83,98.83,98.83,0
CAS003,20150518,99.53,99.53,99.53,99.53,0
CAS003,20150519,100.98,100.98,100.98,100.98,0
CAS003,20150520,101.49,101.49,101.49,101.49,0
CAS003,20150521,101.88,101.88,101.88,101.88,0
CAS003,20150522,100.78,100.78,100.78,100.78,0
CAS003,20150525,101.10,101.10,101.10,101.10,0
CAS003,20150526,101.69,101.69,101.69,101.69,0
CAS003,20150527,102.43,102.43,102.43,102.43,0
CAS003,20150528,101.16,101.16,101.16,101.16,0
CAS003,20150529,100.44,100.44,100.44,100.44,0
CAS003,20150601,97.53,97.53,97.53,97.53,0
CAS003,20150602,97.99,97.99,97.99,97.99,0
CAS003,20150603,97.38,97.38,97.38,97.38,0
CAS003,20150605,96.15,96.15,96.15,96.15,0
CAS003,20150608,88.84,88.84,88.84,88.84,0
CAS003,20150609,89.56,89.56,89.56,89.56,0
CAS003,20150610,91.32,91.32,91.32,91.32,0
CAS003,20150611,92.45,92.45,92.45,92.45,0
CAS003,20150612,93.55,93.55,93.55,93.55,0
CAS003,20150615,92.08,92.08,92.08,92.08,0
CAS003,20150616,93.20,93.20,93.20,93.20,0
CAS003,20150617,93.22,93.22,93.22,93.22,0
CAS003,20150618,93.99,93.99,93.99,93.99,0
CAS003,20150619,95.75,95.75,95.75,95.75,0
CAS003,20150622,98.06,98.06,98.06,98.06,0
CAS003,20150623,98.79,98.79,98.79,98.79,0
CAS003,20150624,99.29,99.29,99.29,99.29,0
CAS003,20150625,98.85,98.85,98.85,98.85,0
CAS003,20150626,99.79,99.79,99.79,99.79,0
CAS003,20150629,98.11,98.11,98.11,98.11,0
CAS003,20150630,98.54,98.54,98.54,98.54,0
CAS003,20150701,98.52,98.52,98.52,98.52,0
CAS003,20150702,98.37,98.37,98.37,98.37,0
CAS003,20150703,97.89,97.89,97.89,97.89,0
CAS003,20150706,98.95,98.95,98.95,98.95,0
CAS003,20150707,99.94,99.94,99.94,99.94,0
CAS003,20150708,98.32,98.32,98.32,98.32,0
CAS003,20150709,100.91,100.91,100.91,100.91,0
CAS003,20150710,100.59,100.59,100.59,100.59,0
CAS003,20150713,101.39,101.39,101.39,101.39,0
CAS003,20150714,101.99,101.99,101.99,101.99,0
CAS003,20150715,102.70,102.70,102.70,102.70,0
CAS003,20150716,103.14,103.14,103.14,103.14,0
CAS003,20150717,102.88,102.88,102.88,102.88,0
CAS003,20150720,101.51,101.51,101.51,101.51,0
CAS003,20150721,101.31,101.31,101.31,101.31,0
CAS003,20150722,99.46,99.46,99.46,99.46,0
CAS003,20150723,95.18,95.18,95.18,95.18,0
CAS003,20150724,96.00,96.00,96.00,96.00,0
CAS003,20150727,92.65,92.65,92.65,92.65,0
CAS003,20150728,93.84,93.84,93.84,93.84,0
CAS003,20150729,94.47,94.47,94.47,94.47,0
CAS003,20150730,95.14,95.14,95.14,95.14,0
CAS003,20150731,96.18,96.18,96.18,96.18,0
CAS003,20150803,94.53,94.53,94.53,94.53,0
CAS003,20150804,94.89,94.89,94.89,94.89,0
CAS003,20150805,95.92,95.92,95.92,95.92,0
CAS003,20150806,96.66,96.66,96.66,96.66,0
CAS003,20150807,96.12,96.12,96.12,96.12,0
CAS003,20150810,94.66,94.66,94.66,94.66,0
CAS003,20150811,96.91,96.91,96.91,96.91,0
CAS003,20150812,94.05,94.05,94.05,94.05,0
CAS003,20150813,92.88,92.88,92.88,92.88,0
CAS003,20150814,92.16,92.16,92.16,92.16,0
CAS003,20150817,90.98,90.98,90.98,90.98,0
CAS003,20150818,89.32,89.32,89.32,89.32,0
CAS003,20150819,88.54,88.54,88.54,88.54,0
CAS003,20150820,85.15,85.15,85.15,85.15,0
CAS003,20150821,85.45,85.45,85.45,85.45,0
CAS003,20150824,81.06,81.06,81.06,81.06,0
CAS003,20150825,82.28,82.28,82.28,82.28,0
CAS003,20150826,82.64,82.64,82.64,82.64,0
CAS003,20150827,85.69,85.69,85.69,85.69,0
CAS003,20150828,85.09,85.09,85.09,85.09,0
CAS003,20150831,85.83,85.83,85.83,85.83,0
CAS003,20150901,83.92,83.92,83.92,83.92,0
CAS003,20150902,83.63,83.63,83.63,83.63,0
CAS003,20150903,83.86,83.86,83.86,83.86,0
CAS003,20150904,83.42,83.42,83.42,83.42,0
CAS003,20150907,81.13,81.13,81.13,81.13,0
CAS003,20150908,81.48,81.48,81.48,81.48,0
CAS003,20150909,81.43,81.43,81.43,81.43,0
CAS003,20150910,80.44,80.44,80.44,80.44,0
CAS003,20150911,80.07,80.07,80.07,80.07,0
CAS003,20150914,79.19,79.19,79.19,79.19,0
CAS003,20150915,81.13,81.13,81.13,81.13,0
CAS003,20150916,82.59,82.59,82.59,82.59,0
CAS003,20150917,83.16,83.16,83.16,83.16,0
CAS003,20150918,82.58,82.58,82.58,82.58,0
CAS003,20150921,83.59,83.59,83.59,83.59,0
CAS003,20150922,83.61,83.61,83.61,83.61,0
CAS003,20150923,83.91,83.91,83.91,83.91,0
CAS003,20150924,82.78,82.78,82.78,82.78,0
CAS003,20150925,83.72,83.72,83.72,83.72,0
CAS003,20150928,82.58,82.58,82.58,82.58,0
CAS003,20150929,82.77,82.77,82.77,82.77,0
CAS003,20150930,83.19,83.19,83.19,83.19,0
CAS003,20151001,83.57,83.57,83.57,83.57,0
CAS003,20151002,83.58,83.58,83.58,83.58,0
CAS003,20151005,84.88,84.88,84.88,84.88,0
CAS003,20151006,85.79,85.79,85.79,85.79,0
CAS003,20151007,86.96,86.96,86.96,86.96,0
CAS003,20151008,87.51,87.51,87.51,87.51,0
CAS003,20151009,88.07,88.07,88.07,88.07,0
CAS003,20151012,87.46,87.46,87.46,87.46,0
CAS003,20151013,86.15,86.15,86.15,86.15,0
CAS003,20151014,86.82,86.82,86.82,86.82,0
CAS003,20151015,87.91,87.91,87.91,87.91,0
CAS003,20151016,87.42,87.42,87.42,87.42,0
CAS003,20151019,89.22,89.22,89.22,89.22,0
CAS003,20151020,89.74,89.74,89.74,89.74,0
CAS003,20151021,89.99,89.99,89.99,89.99,0
CAS003,20151022,90.94,90.94,90.94,90.94,0
CAS003,20151023,92.06,92.06,92.06,92.06,0
CAS003,20151026,91.37,91.37,91.37,91.37,0
CAS003,20151027,90.28,90.28,90.28,90.28,0
CAS003,20151028,90.55,90.55,90.55,90.55,0
CAS003,20151029,90.18,90.18,90.18,90.18,0
CAS003,20151030,90.76,90.76,90.76,90.76,0
CAS003,20151102,96.72,96.72,96.72,96.72,0
CAS003,20151103,95.66,95.66,95.66,95.66,0
CAS003,20151104,97.12,97.12,97.12,97.12,0
CAS003,20151105,96.36,96.36,96.36,96.36,0
CAS003,20151106,95.76,95.76,95.76,95.76,0
CAS003,20151109,96.41,96.41,96.41,96.41,0
CAS003,20151110,95.44,95.44,95.44,95.44,0
CAS003,20151112,97.38,97.38,97.38,97.38,0
CAS003,20151113,97.31,97.31,97.31,97.31,0
CAS003,20151116,97.10,97.10,97.10,97.10,0
CAS003,20151117,98.08,98.08,98.08,98.08,0
CAS003,20151118,97.40,97.40,97.40,97.40,0
CAS003,20151119,98.25,98.25,98.25,98.25,0
CAS003,20151120,98.92,98.92,98.92,98.92,0
CAS003,20151123,98.38,98.38,98.38,98.38,0
CAS003,20151124,94.89,94.89,94.89,94.89,0
CAS003,20151125,95.34,95.34,95.34,95.34,0
CAS003,20151126,93.40,93.40,93.40,93.40,0
CAS003,20151127,93.21,93.21,93.21,93.21,0
CAS003,20151130,93.52,93.52,93.52,93.52,0
CAS003,20151201,95.40,95.40,95.40,95.40,0
CAS003,20151202,96.10,96.10,96.10,96.10,0
CAS003,20151203,95.63,95.63,95.63,95.63,0
CAS003,20151204,92.74,92.74,92.74,92.74,0
CAS003,20151207,92.67,92.67,92.67,92.67,0
CAS003,20151208,90.99,90.99,90.99,90.99,0
CAS003,20151209,92.00,92.00,92.00,92.00,0
CAS003,20151210,89.56,89.56,89.56,89.56,0
CAS003,20151211,86.79,86.79,86.79,86.79,0
CAS003,20151214,85.67,85.67,85.67,85.67,0
CAS003,20151215,87.54,87.54,87.54,87.54,0
CAS003,20151216,88.47,88.47,88.47,88.47,0
CAS003,20151217,90.95,90.95,90.95,90.95,0
CAS003,20151218,90.55,90.55,90.55,90.55,0
CAS003,20151221,91.31,91.31,91.31,91.31,0
CAS003,20151222,90.18,90.18,90.18,90.18,0
CAS003,20151223,91.27,91.27,91.27,91.27,0
CAS003,20151228,91.08,91.08,91.08,91.08,0
CAS003,20151229,91.03,91.03,91.03,91.03,0
CAS003,20151230,91.03,91.03,91.03,91.03,0
CAS003,20160104,88.49,88.49,88.49,88.49,0
CAS003,20160105,89.72,89.72,89.72,89.72,0
CAS003,20160107,89.74,89.74,89.74,89.74,0
CAS003,20160108,89.68,89.68,89.68,89.68,0
CAS003,20160111,89.40,89.40,89.40,89.40,0
CAS003,20160112,89.67,89.67,89.67,89.67,0
CAS003,20160113,90.83,90.83,90.83,90.83,0
CAS003,20160114,89.69,89.69,89.69,89.69,0
CAS003,20160115,89.09,89.09,89.09,89.09,0
CAS003,20160118,90.28,90.28,90.28,90.28,0
CAS003,20160119,90.46,90.46,90.46,90.46,0
CAS003,20160120,88.17,88.17,88.17,88.17,0
CAS003,20160121,88.17,88.17,88.17,88.17,0
CAS003,20160122,90.35,90.35,90.35,90.35,0
CAS003,20160125,91.69,91.69,91.69,91.69,0
CAS003,20160126,92.61,92.61,92.61,92.61,0
CAS003,20160127,93.43,93.43,93.43,93.43,0
CAS003,20160128,94.30,94.30,94.30,94.30,0
CAS003,20160129,95.27,95.27,95.27,95.27,0
CAS003,20160201,94.95,94.95,94.95,94.95,0
CAS003,20160202,93.96,93.96,93.96,93.96,0
CAS003,20160203,94.81,94.81,94.81,94.81,0
CAS003,20160204,95.29,95.29,95.29,95.29,0
CAS003,20160205,94.45,94.45,94.45,94.45,0
CAS003,20160208,91.23,91.23,91.23,91.23,0
CAS003,20160209,90.25,90.25,90.25,90.25,0
CAS003,20160210,90.83,90.83,90.83,90.83,0
CAS003,20160211,89.21,89.21,89.21,89.21,0
CAS003,20160212,89.12,89.12,89.12,89.12,0
CAS003,20160215,88.48,88.48,88.48,88.48,0
CAS003,20160216,88.49,88.49,88.49,88.49,0
CAS003,20160217,90.58,90.58,90.58,90.58,0
CAS003,20160218,91.07,91.07,91.07,91.07,0
CAS003,20160219,91.05,91.05,91.05,91.05,0
CAS003,20160222,93.20,93.20,93.20,93.20,0
CAS003,20160223,94.77,94.77,94.77,94.77,0
CAS003,20160224,93.57,93.57,93.57,93.57,0
CAS003,20160225,94.77,94.77,94.77,94.77,0
CAS003,20160226,93.84,93.84,93.84,93.84,0
CAS003,20160229,95.13,95.13,95.13,95.13,0
CAS003,20160301,95.92,95.92,95.92,95.92,0
CAS003,20160302,96.68,96.68,96.68,96.68,0
CAS003,20160303,96.32,96.32,96.32,96.32,0
CAS003,20160304,96.07,96.07,96.07,96.07,0
CAS003,20160307,95.88,95.88,95.88,95.88,0
CAS003,20160308,95.13,95.13,95.13,95.13,0
CAS003,20160309,96.54,96.54,96.54,96.54,0
CAS003,20160310,96.79,96.79,96.79,96.79,0
CAS003,20160311,96.73,96.73,96.73,96.73,0
CAS003,20160314,95.75,95.75,95.75,95.75,0
CAS003,20160315,95.14,95.14,95.14,95.14,0
CAS003,20160316,95.72,95.72,95.72,95.72,0
CAS003,20160317,96.67,96.67,96.67,96.67,0
CAS003,20160318,97.36,97.36,97.36,97.36,0
CAS003,20160321,97.71,97.71,97.71,97.71,0
CAS003,20160322,96.61,96.61,96.61,96.61,0
CAS003,20160323,95.08,95.08,95.08,95.08,0
CAS003,20160324,96.63,96.63,96.63,96.63,0
CAS003,20160329,98.54,98.54,98.54,98.54,0
CAS003,20160330,99.97,99.97,99.97,99.97,0
CAS003,20160331,100.84,100.84,100.84,100.84,0
CAS003,20160401,99.85,99.85,99.85,99.85,0
CAS003,20160404,101.20,101.20,101.20,101.20,0
CAS003,20160405,100.32,100.32,100.32,100.32,0
CAS003,20160406,100.24,100.24,100.24,100.24,0
CAS003,20160407,99.35,99.35,99.35,99.35,0
CAS003,20160408,100.96,100.96,100.96,100.96,0
CAS003,20160411,102.38,102.38,102.38,102.38,0
CAS003,20160412,102.22,102.22,102.22,102.22,0
CAS003,20160413,104.25,104.25,104.25,104.25,0
CAS003,20160414,104.78,104.78,104.78,104.78,0
CAS003,20160415,104.92,104.92,104.92,104.92,0
CAS003,20160418,105.58,105.58,105.58,105.58,0
CAS003,20160419,105.42,105.42,105.42,105.42,0
CAS003,20160420,105.03,105.03,105.03,105.03,0
CAS003,20160421,106.45,106.45,106.45,106.45,0
CAS003,20160422,107.35,107.35,107.35,107.35,0
CAS003,20160425,107.41,107.41,107.41,107.41,0
CAS003,20160426,108.33,108.33,108.33,108.33,0
CAS003,20160427,108.37,108.37,108.37,108.37,0
CAS003,20160428,108.24,108.24,108.24,108.24,0
CAS003,20160429,108.29,108.29,108.29,108.29,0
CAS003,20160502,105.73,105.73,105.73,105.73,0
CAS003,20160504,99.99,99.99,99.99,99.99,0
CAS003,20160505,98.74,98.74,98.74,98.74,0
CAS003,20160506,99.04,99.04,99.04,99.04,0
CAS003,20160509,100.85,100.85,100.85,100.85,0
CAS003,20160510,100.54,100.54,100.54,100.54,0
CAS003,20160511,100.32,100.32,100.32,100.32,0
CAS003,20160512,100.40,100.40,100.40,100.40,0
CAS003,20160513,99.78,99.78,99.78,99.78,0
CAS003,20160516,98.40,98.40,98.40,98.40,0
CAS003,20160517,98.57,98.57,98.57,98.57,0
CAS003,20160518,99.42,99.42,99.42,99.42,0
CAS003,20160519,99.61,99.61,99.61,99.61,0
CAS003,20160520,100.72,100.72,100.72,100.72,0
CAS003,20160523,100.68,100.68,100.68,100.68,0
CAS003,20160524,103.98,103.98,103.98,103.98,0
CAS003,20160525,103.38,103.38,103.38,103.38,0
CAS003,20160527,101.89,101.89,101.89,101.89,0
CAS003,20160530,102.05,102.05,102.05,102.05,0
CAS003,20160531,101.31,101.31,101.31,101.31,0
CAS003,20160601,100.28,100.28,100.28,100.28,0
CAS003,20160602,99.75,99.75,99.75,99.75,0
CAS003,20160603,102.02,102.02,102.02,102.02,0
CAS003,20160606,101.33,101.33,101.33,101.33,0
CAS003,20160607,101.05,101.05,101.05,101.05,0
CAS003,20160608,101.08,101.08,101.08,101.08,0
CAS003,20160609,99.75,99.75,99.75,99.75,0
CAS003,20160610,99.60,99.60,99.60,99.60,0
CAS003,20160613,99.51,99.51,99.51,99.51,0
CAS003,20160614,99.74,99.74,99.74,99.74,0
CAS003,20160615,99.90,99.90,99.90,99.90,0
CAS003,20160616,98.31,98.31,98.31,98.31,0
CAS003,20160617,99.21,99.21,99.21,99.21,0
CAS003,20160620,100.93,100.93,100.93,100.93,0
CAS003,20160621,101.09,101.09,101.09,101.09,0
CAS003,20160622,100.74,100.74,100.74,100.74,0
CAS003,20160623,100.99,100.99,100.99,100.99,0
CAS003,20160624,99.75,99.75,99.75,99.75,0
CAS003,20160627,99.85,99.85,99.85,99.85,0
CAS003,20160628,101.88,101.88,101.88,101.88,0
CAS003,20160629,102.43,102.43,102.43,102.43,0
CAS003,20160630,102.64,102.64,102.64,102.64,0
CAS003,20160701,103.92,103.92,103.92,103.92,0
CAS003,20160704,105.09,105.09,105.09,105.09,0
CAS003,20160705,104.59,104.59,104.59,104.59,0
CAS003,20160706,104.42,104.42,104.42,104.42,0
CAS003,20160707,104.50,104.50,104.50,104.50,0
CAS003,20160708,104.52,104.52,104.52,104.52,0
CAS003,20160711,106.56,106.56,106.56,106.56,0
CAS003,20160712,107.36,107.36,107.36,107.36,0
CAS003,20160713,106.93,106.93,106.93,106.93,0
CAS003,20160714,108.16,108.16,108.16,108.16,0
CAS003,20160715,108.41,108.41,108.41,108.41,0
CAS003,20160718,99.60,99.60,99.60,99.60,0
CAS003,20160719,98.08,98.08,98.08,98.08,0
CAS003,20160720,95.71,95.71,95.71,95.71,0
CAS003,20160721,90.22,90.22,90.22,90.22,0
CAS003,20160722,90.54,90.54,90.54,90.54,0
CAS003,20160725,94.96,94.96,94.96,94.96,0
CAS003,20160726,94.49,94.49,94.49,94.49,0
CAS003,20160727,96.36,96.36,96.36,96.36,0
CAS003,20160728,96.67,96.67,96.67,96.67,0
CAS003,20160729,97.98,97.98,97.98,97.98,0
CAS003,20160801,99.96,99.96,99.96,99.96,0
CAS003,20160802,97.65,97.65,97.65,97.65,0
CAS003,20160803,95.86,95.86,95.86,95.86,0
CAS003,20160804,96.81,96.81,96.81,96.81,0
CAS003,20160805,97.01,97.01,97.01,97.01,0
CAS003,20160808,99.00,99.00,99.00,99.00,0
CAS003,20160809,99.59,99.59,99.59,99.59,0
CAS003,20160810,98.83,98.83,98.83,98.83,0
CAS003,20160811,99.76,99.76,99.76,99.76,0
CAS003,20160812,99.05,99.05,99.05,99.05,0
CAS003,20160816,98.51,98.51,98.51,98.51,0
CAS003,20160817,99.36,99.36,99.36,99.36,0
CAS003,20160818,99.10,99.10,99.10,99.10,0
CAS003,20160819,98.50,98.50,98.50,98.50,0
CAS003,20160822,98.81,98.81,98.81,98.81,0
CAS003,20160823,98.35,98.35,98.35,98.35,0
CAS003,20160824,97.25,97.25,97.25,97.25,0
CAS003,20160825,97.91,97.91,97.91,97.91,0
CAS003,20160826,98.74,98.74,98.74,98.74,0
CAS003,20160829,98.34,98.34,98.34,98.34,0
CAS003,20160830,98.46,98.46,98.46,98.46,0
CAS003,20160831,98.94,98.94,98.94,98.94,0
CAS003,20160901,98.55,98.55,98.55,98.55,0
CAS003,20160902,99.34,99.34,99.34,99.34,0
CAS003,20160905,99.89,99.89,99.89,99.89,0
CAS003,20160906,100.00,100.00,100.00,100.00,0
CAS003,20160907,99.08,99.08,99.08,99.08,0
CAS003,20160908,98.61,98.61,98.61,98.61,0
CAS003,20160909,98.19,98.19,98.19,98.19,0
CAS003,20160912,97.82,97.82,97.82,97.82,0
CAS003,20160913,98.46,98.46,98.46,98.46,0
CAS003,20160914,98.10,98.10,98.10,98.10,0
CAS003,20160915,97.79,97.79,97.79,97.79,0
CAS003,20160916,96.90,96.90,96.90,96.90,0
CAS003,20160919,98.67,98.67,98.67,98.67,0
CAS003,20160920,98.15,98.15,98.15,98.15,0
CAS003,20160921,98.94,98.94,98.94,98.94,0
CAS003,20160922,100.71,100.71,100.71,100.71,0
CAS003,20160923,101.00,101.00,101.00,101.00,0
CAS003,20160926,96.75,96.75,96.75,96.75,0
CAS003,20160927,97.62,97.62,97.62,97.62,0
CAS003,20160928,98.19,98.19,98.19,98.19,0
CAS003,20160929,97.58,97.58,97.58,97.58,0
CAS003,20160930,97.40,97.40,97.40,97.40,0
CAS003,20161003,97.68,97.68,97.68,97.68,0
CAS003,20161004,97.30,97.30,97.30,97.30,0
CAS003,20161005,96.79,96.79,96.79,96.79,0
CAS003,20161006,96.83,96.83,96.83,96.83,0
CAS003,20161007,96.72,96.72,96.72,96.72,0
CAS003,20161010,96.07,96.07,96.07,96.07,0
CAS003,20161011,95.35,95.35,95.35,95.35,0
CAS003,20161012,95.86,95.86,95.86,95.86,0
CAS003,20161013,96.03,96.03,96.03,96.03,0
CAS003,20161014,96.80,96.80,96.80,96.80,0
CAS003,20161017,97.23,97.23,97.23,97.23,0
CAS003,20161018,97.48,97.48,97.48,97.48,0
CAS003,20161019,98.85,98.85,98.85,98.85,0
CAS003,20161020,98.65,98.65,98.65,98.65,0
CAS003,20161021,98.91,98.91,98.91,98.91,0
CAS003,20161024,99.85,99.85,99.85,99.85,0
CAS003,20161025,98.99,98.99,98.99,98.99,0
CAS003,20161026,99.03,99.03,99.03,99.03,0
CAS003,20161027,98.09,98.09,98.09,98.09,0
CAS003,20161028,96.79,96.79,96.79,96.79,0
CAS003,20161031,96.38,96.38,96.38,96.38,0
CAS003,20161102,93.77,93.77,93.77,93.77,0
CAS003,20161103,93.05,93.05,93.05,93.05,0
CAS003,20161104,89.55,89.55,89.55,89.55,0
CAS003,20161107,90.65,90.65,90.65,90.65,0
CAS003,20161108,90.55,90.55,90.55,90.55,0
CAS003,20161109,90.49,90.49,90.49,90.49,0
CAS003,20161110,91.97,91.97,91.97,91.97,0
CAS003,20161114,89.88,89.88,89.88,89.88,0
CAS003,20161115,90.54,90.54,90.54,90.54,0
CAS003,20161116,90.61,90.61,90.61,90.61,0
CAS003,20161117,91.03,91.03,91.03,91.03,0
CAS003,20161118,90.73,90.73,90.73,90.73,0
CAS003,20161121,90.58,90.58,90.58,90.58,0
CAS003,20161122,91.46,91.46,91.46,91.46,0
CAS003,20161123,89.83,89.83,89.83,89.83,0
CAS003,20161124,89.64,89.64,89.64,89.64,0
CAS003,20161125,88.60,88.60,88.60,88.60,0
CAS003,20161128,89.47,89.47,89.47,89.47,0
CAS003,20161129,89.28,89.28,89.28,89.28,0
CAS003,20161130,88.71,88.71,88.71,88.71,0
CAS003,20161201,86.51,86.51,86.51,86.51,0
CAS003,20161202,86.86,86.86,86.86,86.86,0
CAS003,20161205,87.09,87.09,87.09,87.09,0
CAS003,20161206,89.06,89.06,89.06,89.06,0
CAS003,20161207,90.21,90.21,90.21,90.21,0
CAS003,20161208,91.01,91.01,91.01,91.01,0
CAS003,20161209,89.75,89.75,89.75,89.75,0
CAS003,20161212,89.46,89.46,89.46,89.46,0
CAS003,20161213,90.79,90.79,90.79,90.79,0
CAS003,20161214,89.42,89.42,89.42,89.42,0
CAS003,20161215,91.04,91.04,91.04,91.04,0
CAS003,20161216,91.59,91.59,91.59,91.59,0
CAS003,20161219,91.52,91.52,91.52,91.52,0
CAS003,20161220,92.22,92.22,92.22,92.22,0
CAS003,20161221,92.12,92.12,92.12,92.12,0
CAS003,20161222,91.28,91.28,91.28,91.28,0
CAS003,20161223,90.95,90.95,90.95,90.95,0
CAS003,20161227,90.64,90.64,90.64,90.64,0
CAS003,20161228,91.32,91.32,91.32,91.32,0
CAS003,20161229,91.61,91.61,91.61,91.61,0
CAS003,20161230,91.62,91.62,91.62,91.62,0
CAS003,20170102,91.52,91.52,91.52,91.52,0
CAS003,20170103,90.46,90.46,90.46,90.46,0
CAS003,20170104,89.76,89.76,89.76,89.76,0
CAS003,20170105,87.98,87.98,87.98,87.98,0
CAS003,20170109,87.39,87.39,87.39,87.39,0
CAS003,20170110,86.16,86.16,86.16,86.16,0
CAS003,20170111,85.09,85.09,85.09,85.09,0
CAS003,20170112,86.22,86.22,86.22,86.22,0
CAS003,20170113,87.00,87.00,87.00,87.00,0
CAS003,20170116,89.11,89.11,89.11,89.11,0
CAS003,20170117,88.39,88.39,88.39,88.39,0
CAS003,20170118,89.36,89.36,89.36,89.36,0
CAS003,20170119,88.60,88.60,88.60,88.60,0
CAS003,20170120,88.11,88.11,88.11,88.11,0
CAS003,20170123,88.86,88.86,88.86,88.86,0
CAS003,20170124,90.22,90.22,90.22,90.22,0
CAS003,20170125,87.93,87.93,87.93,87.93,0
CAS003,20170126,87.63,87.63,87.63,87.63,0
CAS003,20170127,87.36,87.36,87.36,87.36,0
CAS003,20170130,89.47,89.47,89.47,89.47,0
CAS003,20170131,90.43,90.43,90.43,90.43,0
CAS003,20170201,90.56,90.56,90.56,90.56,0
CAS003,20170202,90.80,90.80,90.80,90.80,0
CAS003,20170203,91.49,91.49,91.49,91.49,0
CAS003,20170206,91.62,91.62,91.62,91.62,0
CAS003,20170207,92.25,92.25,92.25,92.25,0
CAS003,20170208,92.42,92.42,92.42,92.42,0
CAS003,20170209,93.39,93.39,93.39,93.39,0
CAS003,20170210,93.24,93.24,93.24,93.24,0
CAS003,20170213,93.65,93.65,93.65,93.65,0
CAS003,20170214,94.27,94.27,94.27,94.27,0
CAS003,20170215,95.15,95.15,95.15,95.15,0
CAS003,20170216,94.00,94.00,94.00,94.00,0
CAS003,20170217,94.58,94.58,94.58,94.58,0
CAS003,20170220,94.96,94.96,94.96,94.96,0
CAS003,20170221,96.43,96.43,96.43,96.43,0
CAS003,20170222,95.89,95.89,95.89,95.89,0
CAS003,20170223,97.09,97.09,97.09,97.09,0
CAS003,20170224,96.13,96.13,96.13,96.13,0
CAS003,20170227,95.47,95.47,95.47,95.47,0
CAS003,20170228,94.69,94.69,94.69,94.69,0
CAS003,20170301,95.83,95.83,95.83,95.83,0
CAS003,20170302,95.29,95.29,95.29,95.29,0
CAS003,20170303,94.99,94.99,94.99,94.99,0
CAS003,20170306,95.54,95.54,95.54,95.54,0
CAS003,20170307,96.49,96.49,96.49,96.49,0
CAS003,20170308,95.23,95.23,95.23,95.23,0
CAS003,20170309,94.44,94.44,94.44,94.44,0
CAS003,20170310,95.13,95.13,95.13,95.13,0
CAS003,20170313,95.12,95.12,95.12,95.12,0
CAS003,20170314,94.60,94.60,94.60,94.60,0
CAS003,20170315,95.00,95.00,95.00,95.00,0
CAS003,20170316,96.31,96.31,96.31,96.31,0
CAS003,20170317,97.63,97.63,97.63,97.63,0
CAS003,20170320,97.07,97.07,97.07,97.07,0
CAS003,20170321,96.88,96.88,96.88,96.88,0
CAS003,20170322,96.82,96.82,96.82,96.82,0
CAS003,20170323,96.87,96.87,96.87,96.87,0
CAS003,20170324,96.73,96.73,96.73,96.73,0
CAS003,20170327,96.15,96.15,96.15,96.15,0
CAS003,20170328,95.64,95.64,95.64,95.64,0
CAS003,20170329,95.16,95.16,95.16,95.16,0
CAS003,20170330,96.22,96.22,96.22,96.22,0
CAS003,20170331,96.22,96.22,96.22,96.22,0
CAS003,20170403,96.38,96.38,96.38,96.38,0
CAS003,20170404,97.76,97.76,97.76,97.76,0
CAS003,20170405,97.71,97.71,97.71,97.71,0
CAS003,20170406,96.61,96.61,96.61,96.61,0
CAS003,20170407,95.66,95.66,95.66,95.66,0
CAS003,20170410,97.61,97.61,97.61,97.61,0
CAS003,20170411,97.97,97.97,97.97,97.97,0
CAS003,20170412,99.07,99.07,99.07,99.07,0
CAS003,20170413,98.28,98.28,98.28,98.28,0
CAS003,20170418,98.87,98.87,98.87,98.87,0
CAS003,20170419,98.25,98.25,98.25,98.25,0
CAS003,20170420,99.95,99.95,99.95,99.95,0
CAS003,20170421,100.70,100.70,100.70,100.70,0
CAS003,20170424,100.67,100.67,100.67,100.67,0
CAS003,20170425,101.01,101.01,101.01,101.01,0
CAS003,20170426,100.71,100.71,100.71,100.71,0
CAS003,20170427,101.77,101.77,101.77,101.77,0
CAS003,20170502,103.44,103.44,103.44,103.44,0
CAS003,20170504,102.67,102.67,102.67,102.67,0
CAS003,20170505,102.24,102.24,102.24,102.24,0
CAS003,20170508,102.49,102.49,102.49,102.49,0
CAS003,20170509,103.14,103.14,103.14,103.14,0
CAS003,20170510,103.28,103.28,103.28,103.28,0
CAS003,20170511,102.70,102.70,102.70,102.70,0
CAS003,20170512,102.31,102.31,102.31,102.31,0
CAS003,20170515,102.40,102.40,102.40,102.40,0
CAS003,20170516,102.08,102.08,102.08,102.08,0
CAS003,20170517,100.93,100.93,100.93,100.93,0
CAS003,20170518,98.76,98.76,98.76,98.76,0
CAS003,20170519,98.95,98.95,98.95,98.95,0
CAS003,20170522,100.17,100.17,100.17,100.17,0
CAS003,20170523,100.81,100.81,100.81,100.81,0
CAS003,20170524,102.58,102.58,102.58,102.58,0
CAS003,20170525,101.22,101.22,101.22,101.22,0
CAS003,20170526,100.70,100.70,100.70,100.70,0
CAS003,20170529,101.19,101.19,101.19,101.19,0
CAS003,20170530,101.55,101.55,101.55,101.55,0
CAS003,20170531,102.60,102.60,102.60,102.60,0
CAS003,20170601,102.26,102.26,102.26,102.26,0
CAS003,20170602,103.39,103.39,103.39,103.39,0
CAS003,20170605,102.64,102.64,102.64,102.64,0
CAS003,20170606,102.45,102.45,102.45,102.45,0
CAS003,20170607,102.41,102.41,102.41,102.41,0
CAS003,20170608,103.25,103.25,103.25,103.25,0
CAS003,20170609,104.57,104.57,104.57,104.57,0
CAS003,20170612,104.54,104.54,104.54,104.54,0
CAS003,20170613,104.63,104.63,104.63,104.63,0
CAS003,20170616,104.88,104.88,104.88,104.88,0
CAS003,20170619,105.66,105.66,105.66,105.66,0
CAS003,20170620,105.72,105.72,105.72,105.72,0
CAS003,20170621,105.56,105.56,105.56,105.56,0
CAS003,20170622,106.40,106.40,106.40,106.40,0
CAS003,20170623,106.10,106.10,106.10,106.10,0
CAS003,20170626,105.44,105.44,105.44,105.44,0
CAS003,20170627,105.25,105.25,105.25,105.25,0
CAS003,20170628,104.26,104.26,104.26,104.26,0
CAS003,20170629,103.36,103.36,103.36,103.36,0
CAS003,20170630,103.43,103.43,103.43,103.43,0
CAS003,20170703,103.39,103.39,103.39,103.39,0
CAS003,20170704,103.82,103.82,103.82,103.82,0
CAS003,20170705,102.14,102.14,102.14,102.14,0
CAS003,20170706,100.85,100.85,100.85,100.85,0
CAS003,20170707,99.42,99.42,99.42,99.42,0
CAS003,20170710,101.37,101.37,101.37,101.37,0
CAS003,20170711,101.77,101.77,101.77,101.77,0
CAS003,20170712,102.40,102.40,102.40,102.40,0
CAS003,20170713,104.48,104.48,104.48,104.48,0
CAS003,20170714,105.31,105.31,105.31,105.31,0
CAS003,20170717,106.40,106.40,106.40,106.40,0
CAS003,20170718,105.75,105.75,105.75,105.75,0
CAS003,20170719,106.68,106.68,106.68,106.68,0
CAS003,20170720,106.32,106.32,106.32,106.32,0
CAS003,20170721,105.00,105.00,105.00,105.00,0
CAS003,20170724,105.33,105.33,105.33,105.33,0
CAS003,20170725,105.37,105.37,105.37,105.37,0
CAS003,20170726,105.77,105.77,105.77,105.77,0
CAS003,20170727,106.58,106.58,106.58,106.58,0
CAS003,20170728,106.23,106.23,106.23,106.23,0
CAS003,20170731,105.94,105.94,105.94,105.94,0
CAS003,20170801,104.04,104.04,104.04,104.04,0
CAS003,20170802,103.41,103.41,103.41,103.41,0
CAS003,20170803,103.18,103.18,103.18,103.18,0
CAS003,20170804,104.01,104.01,104.01,104.01,0
CAS003,20170807,105.55,105.55,105.55,105.55,0
CAS003,20170808,105.58,105.58,105.58,105.58,0
CAS003,20170809,105.10,105.10,105.10,105.10,0
CAS003,20170810,104.57,104.57,104.57,104.57,0
CAS003,20170811,103.88,103.88,103.88,103.88,0
CAS003,20170814,105.72,105.72,105.72,105.72,0
CAS003,20170816,102.71,102.71,102.71,102.71,0
CAS003,20170817,102.53,102.53,102.53,102.53,0
CAS003,20170818,102.72,102.72,102.72,102.72,0
CAS003,20170821,103.34,103.34,103.34,103.34,0
CAS003,20170822,103.39,103.39,103.39,103.39,0
CAS003,20170823,103.09,103.09,103.09,103.09,0
CAS003,20170824,103.79,103.79,103.79,103.79,0
CAS003,20170825,103.65,103.65,103.65,103.65,0
CAS003,20170828,103.49,103.49,103.49,103.49,0
CAS003,20170829,102.51,102.51,102.51,102.51,0
CAS003,20170830,102.85,102.85,102.85,102.85,0
CAS003,20170831,103.13,103.13,103.13,103.13,0
CAS003,20170901,103.17,103.17,103.17,103.17,0
CAS003,20170904,103.35,103.35,103.35,103.35,0
CAS003,20170905,102.41,102.41,102.41,102.41,0
CAS003,20170906,102.03,102.03,102.03,102.03,0
CAS003,20170907,103.16,103.16,103.16,103.16,0
CAS003,20170908,102.06,102.06,102.06,102.06,0
CAS003,20170911,103.34,103.34,103.34,103.34,0
CAS003,20170912,102.79,102.79,102.79,102.79,0
CAS003,20170913,102.46,102.46,102.46,102.46,0
CAS003,20170914,102.72,102.72,102.72,102.72,0
CAS003,20170915,103.07,103.07,103.07,103.07,0
CAS003,20170918,101.29,101.29,101.29,101.29,0
CAS003,20170919,98.01,98.01,98.01,98.01,0
CAS003,20170920,98.11,98.11,98.11,98.11,0
CAS003,20170921,97.33,97.33,97.33,97.33,0
