Name,Date,Open,High,Low,Close,Volume
DWS029,20081007,100.02,100.02,100.02,100.02,0
DWS029,20081008,100.02,100.02,100.02,100.02,0
DWS029,20081009,100.02,100.02,100.02,100.02,0
DWS029,20081010,100.03,100.03,100.03,100.03,0
DWS029,20081013,100.04,100.04,100.04,100.04,0
DWS029,20081014,100.05,100.05,100.05,100.05,0
DWS029,20081015,100.05,100.05,100.05,100.05,0
DWS029,20081016,100.05,100.05,100.05,100.05,0
DWS029,20081017,100.06,100.06,100.06,100.06,0
DWS029,20081020,100.07,100.07,100.07,100.07,0
DWS029,20081021,100.07,100.07,100.07,100.07,0
DWS029,20081022,100.07,100.07,100.07,100.07,0
DWS029,20081023,100.07,100.07,100.07,100.07,0
DWS029,20081024,100.07,100.07,100.07,100.07,0
DWS029,20081027,100.07,100.07,100.07,100.07,0
DWS029,20081028,100.07,100.07,100.07,100.07,0
DWS029,20081029,100.07,100.07,100.07,100.07,0
DWS029,20081030,100.89,100.89,100.89,100.89,0
DWS029,20081031,106.53,106.53,106.53,106.53,0
DWS029,20081103,111.05,111.05,111.05,111.05,0
DWS029,20081104,114.32,114.32,114.32,114.32,0
DWS029,20081105,114.14,114.14,114.14,114.14,0
DWS029,20081106,115.56,115.56,115.56,115.56,0
DWS029,20081107,113.22,113.22,113.22,113.22,0
DWS029,20081110,116.52,116.52,116.52,116.52,0
DWS029,20081112,121.11,121.11,121.11,121.11,0
DWS029,20081113,119.10,119.10,119.10,119.10,0
DWS029,20081114,116.32,116.32,116.32,116.32,0
DWS029,20081117,115.25,115.25,115.25,115.25,0
DWS029,20081118,117.78,117.78,117.78,117.78,0
DWS029,20081119,113.28,113.28,113.28,113.28,0
DWS029,20081120,111.22,111.22,111.22,111.22,0
DWS029,20081121,107.83,107.83,107.83,107.83,0
DWS029,20081124,112.62,112.62,112.62,112.62,0
DWS029,20081125,109.19,109.19,109.19,109.19,0
DWS029,20081126,107.52,107.52,107.52,107.52,0
DWS029,20081127,110.02,110.02,110.02,110.02,0
DWS029,20081128,111.77,111.77,111.77,111.77,0
DWS029,20081201,116.08,116.08,116.08,116.08,0
DWS029,20081202,115.80,115.80,115.80,115.80,0
DWS029,20081203,112.94,112.94,112.94,112.94,0
DWS029,20081204,116.64,116.64,116.64,116.64,0
DWS029,20081205,117.90,117.90,117.90,117.90,0
DWS029,20081208,118.04,118.04,118.04,118.04,0
DWS029,20081209,123.30,123.30,123.30,123.30,0
DWS029,20081210,123.91,123.91,123.91,123.91,0
DWS029,20081211,128.47,128.47,128.47,128.47,0
DWS029,20081212,125.95,125.95,125.95,125.95,0
DWS029,20081215,123.08,123.08,123.08,123.08,0
DWS029,20081216,125.30,125.30,125.30,125.30,0
DWS029,20081217,126.18,126.18,126.18,126.18,0
DWS029,20081218,127.93,127.93,127.93,127.93,0
DWS029,20081219,126.88,126.88,126.88,126.88,0
DWS029,20081222,127.02,127.02,127.02,127.02,0
DWS029,20081223,125.34,125.34,125.34,125.34,0
DWS029,20081229,124.74,124.74,124.74,124.74,0
DWS029,20081230,122.81,122.81,122.81,122.81,0
DWS029,20081231,125.05,125.05,125.05,125.05,0
DWS029,20090105,129.40,129.40,129.40,129.40,0
DWS029,20090106,132.49,132.49,132.49,132.49,0
DWS029,20090107,130.65,130.65,130.65,130.65,0
DWS029,20090108,125.81,125.81,125.81,125.81,0
DWS029,20090109,123.87,123.87,123.87,123.87,0
DWS029,20090112,124.39,124.39,124.39,124.39,0
DWS029,20090113,124.59,124.59,124.59,124.59,0
DWS029,20090114,124.28,124.28,124.28,124.28,0
DWS029,20090115,128.77,128.77,128.77,128.77,0
DWS029,20090116,124.55,124.55,124.55,124.55,0
DWS029,20090119,127.98,127.98,127.98,127.98,0
DWS029,20090120,130.01,130.01,130.01,130.01,0
DWS029,20090121,129.26,129.26,129.26,129.26,0
DWS029,20090122,126.15,126.15,126.15,126.15,0
DWS029,20090123,128.04,128.04,128.04,128.04,0
DWS029,20090126,127.27,127.27,127.27,127.27,0
DWS029,20090127,125.81,125.81,125.81,125.81,0
DWS029,20090128,127.19,127.19,127.19,127.19,0
DWS029,20090129,128.70,128.70,128.70,128.70,0
DWS029,20090130,131.11,131.11,131.11,131.11,0
DWS029,20090202,133.87,133.87,133.87,133.87,0
DWS029,20090203,133.19,133.19,133.19,133.19,0
DWS029,20090204,138.83,138.83,138.83,138.83,0
DWS029,20090205,140.07,140.07,140.07,140.07,0
DWS029,20090206,138.30,138.30,138.30,138.30,0
DWS029,20090209,140.93,140.93,140.93,140.93,0
DWS029,20090210,139.96,139.96,139.96,139.96,0
DWS029,20090211,141.90,141.90,141.90,141.90,0
DWS029,20090212,142.50,142.50,142.50,142.50,0
DWS029,20090213,142.94,142.94,142.94,142.94,0
DWS029,20090216,147.27,147.27,147.27,147.27,0
DWS029,20090217,147.43,147.43,147.43,147.43,0
DWS029,20090218,146.18,146.18,146.18,146.18,0
DWS029,20090219,143.02,143.02,143.02,143.02,0
DWS029,20090220,143.83,143.83,143.83,143.83,0
DWS029,20090223,141.56,141.56,141.56,141.56,0
DWS029,20090224,141.32,141.32,141.32,141.32,0
DWS029,20090225,138.86,138.86,138.86,138.86,0
DWS029,20090226,140.56,140.56,140.56,140.56,0
DWS029,20090227,137.57,137.57,137.57,137.57,0
DWS029,20090302,139.77,139.77,139.77,139.77,0
DWS029,20090303,134.78,134.78,134.78,134.78,0
DWS029,20090304,134.49,134.49,134.49,134.49,0
DWS029,20090305,136.54,136.54,136.54,136.54,0
DWS029,20090306,136.69,136.69,136.69,136.69,0
DWS029,20090309,133.93,133.93,133.93,133.93,0
DWS029,20090310,133.67,133.67,133.67,133.67,0
DWS029,20090311,130.33,130.33,130.33,130.33,0
DWS029,20090312,132.04,132.04,132.04,132.04,0
DWS029,20090313,128.93,128.93,128.93,128.93,0
DWS029,20090316,132.98,132.98,132.98,132.98,0
DWS029,20090317,134.47,134.47,134.47,134.47,0
DWS029,20090318,135.36,135.36,135.36,135.36,0
DWS029,20090319,135.69,135.69,135.69,135.69,0
DWS029,20090320,135.69,135.69,135.69,135.69,0
DWS029,20090323,132.81,132.81,132.81,132.81,0
DWS029,20090324,137.87,137.87,137.87,137.87,0
DWS029,20090325,139.29,139.29,139.29,139.29,0
DWS029,20090326,138.67,138.67,138.67,138.67,0
DWS029,20090327,143.06,143.06,143.06,143.06,0
DWS029,20090330,149.38,149.38,149.38,149.38,0
DWS029,20090331,144.63,144.63,144.63,144.63,0
DWS029,20090401,143.70,143.70,143.70,143.70,0
DWS029,20090402,139.53,139.53,139.53,139.53,0
DWS029,20090403,141.88,141.88,141.88,141.88,0
DWS029,20090406,141.41,141.41,141.41,141.41,0
DWS029,20090407,144.68,144.68,144.68,144.68,0
DWS029,20090408,145.26,145.26,145.26,145.26,0
DWS029,20090409,142.64,142.64,142.64,142.64,0
DWS029,20090414,143.12,143.12,143.12,143.12,0
DWS029,20090415,142.35,142.35,142.35,142.35,0
DWS029,20090416,147.43,147.43,147.43,147.43,0
DWS029,20090417,145.11,145.11,145.11,145.11,0
DWS029,20090420,148.94,148.94,148.94,148.94,0
DWS029,20090421,152.20,152.20,152.20,152.20,0
DWS029,20090422,149.64,149.64,149.64,149.64,0
DWS029,20090423,147.37,147.37,147.37,147.37,0
DWS029,20090424,152.27,152.27,152.27,152.27,0
DWS029,20090427,152.25,152.25,152.25,152.25,0
DWS029,20090428,152.17,152.17,152.17,152.17,0
DWS029,20090429,147.18,147.18,147.18,147.18,0
DWS029,20090430,147.72,147.72,147.72,147.72,0
DWS029,20090504,150.20,150.20,150.20,150.20,0
DWS029,20090505,154.16,154.16,154.16,154.16,0
DWS029,20090506,154.52,154.52,154.52,154.52,0
DWS029,20090507,153.70,153.70,153.70,153.70,0
DWS029,20090508,154.46,154.46,154.46,154.46,0
DWS029,20090511,154.70,154.70,154.70,154.70,0
DWS029,20090512,153.29,153.29,153.29,153.29,0
DWS029,20090513,153.64,153.64,153.64,153.64,0
DWS029,20090514,155.84,155.84,155.84,155.84,0
DWS029,20090515,154.24,154.24,154.24,154.24,0
DWS029,20090518,156.68,156.68,156.68,156.68,0
DWS029,20090519,164.29,164.29,164.29,164.29,0
DWS029,20090520,163.40,163.40,163.40,163.40,0
DWS029,20090521,162.73,162.73,162.73,162.73,0
DWS029,20090522,162.55,162.55,162.55,162.55,0
DWS029,20090525,160.14,160.14,160.14,160.14,0
DWS029,20090526,161.42,161.42,161.42,161.42,0
DWS029,20090527,159.87,159.87,159.87,159.87,0
DWS029,20090528,166.24,166.24,166.24,166.24,0
DWS029,20090529,165.48,165.48,165.48,165.48,0
DWS029,20090601,166.66,166.66,166.66,166.66,0
DWS029,20090602,168.46,168.46,168.46,168.46,0
DWS029,20090603,170.49,170.49,170.49,170.49,0
DWS029,20090604,171.21,171.21,171.21,171.21,0
DWS029,20090605,175.17,175.17,175.17,175.17,0
DWS029,20090608,173.92,173.92,173.92,173.92,0
DWS029,20090609,172.07,172.07,172.07,172.07,0
DWS029,20090610,174.37,174.37,174.37,174.37,0
DWS029,20090612,173.30,173.30,173.30,173.30,0
DWS029,20090615,173.48,173.48,173.48,173.48,0
DWS029,20090616,173.27,173.27,173.27,173.27,0
DWS029,20090617,170.91,170.91,170.91,170.91,0
DWS029,20090618,169.54,169.54,169.54,169.54,0
DWS029,20090619,171.86,171.86,171.86,171.86,0
DWS029,20090622,171.49,171.49,171.49,171.49,0
DWS029,20090623,172.82,172.82,172.82,172.82,0
DWS029,20090624,171.16,171.16,171.16,171.16,0
DWS029,20090625,172.52,172.52,172.52,172.52,0
DWS029,20090626,173.93,173.93,173.93,173.93,0
DWS029,20090629,173.46,173.46,173.46,173.46,0
DWS029,20090630,171.79,171.79,171.79,171.79,0
DWS029,20090701,170.58,170.58,170.58,170.58,0
DWS029,20090702,169.84,169.84,169.84,169.84,0
DWS029,20090703,171.19,171.19,171.19,171.19,0
DWS029,20090706,168.54,168.54,168.54,168.54,0
DWS029,20090707,167.40,167.40,167.40,167.40,0
DWS029,20090708,167.00,167.00,167.00,167.00,0
DWS029,20090709,165.24,165.24,165.24,165.24,0
DWS029,20090710,164.33,164.33,164.33,164.33,0
DWS029,20090713,163.43,163.43,163.43,163.43,0
DWS029,20090714,165.81,165.81,165.81,165.81,0
DWS029,20090715,165.48,165.48,165.48,165.48,0
DWS029,20090716,165.28,165.28,165.28,165.28,0
DWS029,20090717,169.86,169.86,169.86,169.86,0
DWS029,20090720,172.93,172.93,172.93,172.93,0
DWS029,20090721,170.69,170.69,170.69,170.69,0
DWS029,20090722,169.50,169.50,169.50,169.50,0
DWS029,20090723,171.24,171.24,171.24,171.24,0
DWS029,20090724,171.76,171.76,171.76,171.76,0
DWS029,20090727,171.24,171.24,171.24,171.24,0
DWS029,20090728,173.56,173.56,173.56,173.56,0
DWS029,20090729,171.81,171.81,171.81,171.81,0
DWS029,20090730,173.02,173.02,173.02,173.02,0
DWS029,20090731,173.14,173.14,173.14,173.14,0
DWS029,20090803,173.26,173.26,173.26,173.26,0
DWS029,20090804,171.06,171.06,171.06,171.06,0
DWS029,20090805,169.84,169.84,169.84,169.84,0
DWS029,20090806,169.73,169.73,169.73,169.73,0
DWS029,20090807,166.40,166.40,166.40,166.40,0
DWS029,20090810,166.42,166.42,166.42,166.42,0
DWS029,20090811,168.28,168.28,168.28,168.28,0
DWS029,20090812,168.16,168.16,168.16,168.16,0
DWS029,20090813,167.67,167.67,167.67,167.67,0
DWS029,20090814,165.54,165.54,165.54,165.54,0
DWS029,20090817,164.77,164.77,164.77,164.77,0
DWS029,20090818,164.92,164.92,164.92,164.92,0
DWS029,20090819,162.08,162.08,162.08,162.08,0
DWS029,20090820,162.26,162.26,162.26,162.26,0
DWS029,20090821,161.59,161.59,161.59,161.59,0
DWS029,20090824,165.11,165.11,165.11,165.11,0
DWS029,20090825,163.41,163.41,163.41,163.41,0
DWS029,20090826,163.80,163.80,163.80,163.80,0
DWS029,20090827,164.84,164.84,164.84,164.84,0
DWS029,20090828,161.40,161.40,161.40,161.40,0
DWS029,20090831,160.48,160.48,160.48,160.48,0
DWS029,20090901,160.73,160.73,160.73,160.73,0
DWS029,20090902,163.10,163.10,163.10,163.10,0
DWS029,20090903,163.07,163.07,163.07,163.07,0
DWS029,20090904,166.00,166.00,166.00,166.00,0
DWS029,20090907,168.01,168.01,168.01,168.01,0
DWS029,20090908,167.39,167.39,167.39,167.39,0
DWS029,20090909,166.82,166.82,166.82,166.82,0
DWS029,20090910,169.62,169.62,169.62,169.62,0
DWS029,20090911,170.01,170.01,170.01,170.01,0
DWS029,20090914,170.91,170.91,170.91,170.91,0
DWS029,20090915,169.39,169.39,169.39,169.39,0
DWS029,20090916,170.91,170.91,170.91,170.91,0
DWS029,20090917,170.92,170.92,170.92,170.92,0
DWS029,20090918,171.16,171.16,171.16,171.16,0
DWS029,20090921,170.81,170.81,170.81,170.81,0
DWS029,20090922,170.93,170.93,170.93,170.93,0
DWS029,20090923,170.87,170.87,170.87,170.87,0
DWS029,20090924,169.41,169.41,169.41,169.41,0
DWS029,20090925,170.98,170.98,170.98,170.98,0
DWS029,20090928,169.65,169.65,169.65,169.65,0
DWS029,20090929,171.42,171.42,171.42,171.42,0
DWS029,20090930,171.73,171.73,171.73,171.73,0
DWS029,20091001,171.92,171.92,171.92,171.92,0
DWS029,20091002,171.53,171.53,171.53,171.53,0
DWS029,20091005,170.87,170.87,170.87,170.87,0
DWS029,20091006,170.76,170.76,170.76,170.76,0
DWS029,20091007,173.90,173.90,173.90,173.90,0
DWS029,20091008,176.01,176.01,176.01,176.01,0
DWS029,20091009,176.58,176.58,176.58,176.58,0
DWS029,20091012,176.68,176.68,176.68,176.68,0
DWS029,20091013,176.16,176.16,176.16,176.16,0
DWS029,20091014,177.42,177.42,177.42,177.42,0
DWS029,20091015,177.34,177.34,177.34,177.34,0
DWS029,20091016,177.21,177.21,177.21,177.21,0
DWS029,20091019,179.17,179.17,179.17,179.17,0
DWS029,20091020,177.04,177.04,177.04,177.04,0
DWS029,20091021,175.43,175.43,175.43,175.43,0
DWS029,20091022,175.47,175.47,175.47,175.47,0
DWS029,20091023,176.95,176.95,176.95,176.95,0
DWS029,20091026,175.85,175.85,175.85,175.85,0
DWS029,20091027,175.25,175.25,175.25,175.25,0
DWS029,20091028,175.12,175.12,175.12,175.12,0
DWS029,20091029,171.92,171.92,171.92,171.92,0
DWS029,20091030,173.35,173.35,173.35,173.35,0
DWS029,20091102,173.29,173.29,173.29,173.29,0
DWS029,20091103,172.43,172.43,172.43,172.43,0
DWS029,20091104,174.20,174.20,174.20,174.20,0
DWS029,20091105,174.75,174.75,174.75,174.75,0
DWS029,20091106,176.01,176.01,176.01,176.01,0
DWS029,20091109,177.77,177.77,177.77,177.77,0
DWS029,20091110,177.04,177.04,177.04,177.04,0
DWS029,20091112,176.47,176.47,176.47,176.47,0
DWS029,20091113,177.68,177.68,177.68,177.68,0
DWS029,20091116,179.02,179.02,179.02,179.02,0
DWS029,20091117,179.30,179.30,179.30,179.30,0
DWS029,20091118,178.41,178.41,178.41,178.41,0
DWS029,20091119,177.89,177.89,177.89,177.89,0
DWS029,20091120,178.81,178.81,178.81,178.81,0
DWS029,20091123,179.10,179.10,179.10,179.10,0
DWS029,20091124,178.17,178.17,178.17,178.17,0
DWS029,20091125,178.38,178.38,178.38,178.38,0
DWS029,20091126,176.41,176.41,176.41,176.41,0
DWS029,20091127,174.58,174.58,174.58,174.58,0
DWS029,20091130,176.58,176.58,176.58,176.58,0
DWS029,20091201,178.47,178.47,178.47,178.47,0
DWS029,20091202,179.38,179.38,179.38,179.38,0
DWS029,20091203,179.67,179.67,179.67,179.67,0
DWS029,20091204,181.10,181.10,181.10,181.10,0
DWS029,20091207,180.01,180.01,180.01,180.01,0
DWS029,20091208,180.42,180.42,180.42,180.42,0
DWS029,20091209,181.40,181.40,181.40,181.40,0
DWS029,20091210,182.07,182.07,182.07,182.07,0
DWS029,20091211,184.09,184.09,184.09,184.09,0
DWS029,20091214,183.90,183.90,183.90,183.90,0
DWS029,20091215,184.57,184.57,184.57,184.57,0
DWS029,20091216,184.65,184.65,184.65,184.65,0
DWS029,20091217,184.31,184.31,184.31,184.31,0
DWS029,20091218,182.45,182.45,182.45,182.45,0
DWS029,20091221,181.85,181.85,181.85,181.85,0
DWS029,20091222,182.96,182.96,182.96,182.96,0
DWS029,20091223,185.50,185.50,185.50,185.50,0
DWS029,20091228,186.14,186.14,186.14,186.14,0
DWS029,20091229,186.31,186.31,186.31,186.31,0
DWS029,20091230,185.49,185.49,185.49,185.49,0
DWS029,20091231,185.01,185.01,185.01,185.01,0
DWS029,20100104,185.37,185.37,185.37,185.37,0
DWS029,20100105,189.41,189.41,189.41,189.41,0
DWS029,20100106,190.52,190.52,190.52,190.52,0
DWS029,20100107,190.00,190.00,190.00,190.00,0
DWS029,20100108,189.12,189.12,189.12,189.12,0
DWS029,20100111,186.87,186.87,186.87,186.87,0
DWS029,20100112,186.92,186.92,186.92,186.92,0
DWS029,20100113,183.53,183.53,183.53,183.53,0
DWS029,20100114,184.25,184.25,184.25,184.25,0
DWS029,20100115,184.24,184.24,184.24,184.24,0
DWS029,20100118,183.69,183.69,183.69,183.69,0
DWS029,20100119,183.63,183.63,183.63,183.63,0
DWS029,20100120,183.84,183.84,183.84,183.84,0
DWS029,20100121,184.02,184.02,184.02,184.02,0
DWS029,20100122,182.08,182.08,182.08,182.08,0
DWS029,20100125,179.04,179.04,179.04,179.04,0
DWS029,20100126,177.65,177.65,177.65,177.65,0
DWS029,20100127,175.89,175.89,175.89,175.89,0
DWS029,20100128,174.26,174.26,174.26,174.26,0
DWS029,20100129,174.82,174.82,174.82,174.82,0
DWS029,20100201,172.71,172.71,172.71,172.71,0
DWS029,20100202,172.16,172.16,172.16,172.16,0
DWS029,20100203,174.79,174.79,174.79,174.79,0
DWS029,20100204,175.50,175.50,175.50,175.50,0
DWS029,20100205,175.79,175.79,175.79,175.79,0
DWS029,20100208,173.49,173.49,173.49,173.49,0
DWS029,20100209,173.23,173.23,173.23,173.23,0
DWS029,20100210,173.55,173.55,173.55,173.55,0
DWS029,20100211,176.58,176.58,176.58,176.58,0
DWS029,20100212,175.79,175.79,175.79,175.79,0
DWS029,20100215,176.55,176.55,176.55,176.55,0
DWS029,20100216,176.97,176.97,176.97,176.97,0
DWS029,20100217,176.80,176.80,176.80,176.80,0
DWS029,20100218,177.12,177.12,177.12,177.12,0
DWS029,20100219,176.20,176.20,176.20,176.20,0
DWS029,20100222,175.88,175.88,175.88,175.88,0
DWS029,20100223,176.22,176.22,176.22,176.22,0
DWS029,20100224,177.45,177.45,177.45,177.45,0
DWS029,20100225,177.20,177.20,177.20,177.20,0
DWS029,20100226,177.96,177.96,177.96,177.96,0
DWS029,20100301,178.45,178.45,178.45,178.45,0
DWS029,20100302,180.27,180.27,180.27,180.27,0
DWS029,20100303,180.03,180.03,180.03,180.03,0
DWS029,20100304,178.54,178.54,178.54,178.54,0
DWS029,20100305,179.42,179.42,179.42,179.42,0
DWS029,20100308,180.52,180.52,180.52,180.52,0
DWS029,20100309,181.69,181.69,181.69,181.69,0
DWS029,20100310,181.51,181.51,181.51,181.51,0
DWS029,20100311,181.95,181.95,181.95,181.95,0
DWS029,20100312,180.51,180.51,180.51,180.51,0
DWS029,20100315,180.14,180.14,180.14,180.14,0
DWS029,20100316,179.82,179.82,179.82,179.82,0
DWS029,20100317,180.92,180.92,180.92,180.92,0
DWS029,20100318,182.37,182.37,182.37,182.37,0
DWS029,20100319,185.18,185.18,185.18,185.18,0
DWS029,20100322,184.64,184.64,184.64,184.64,0
DWS029,20100323,182.73,182.73,182.73,182.73,0
DWS029,20100324,183.93,183.93,183.93,183.93,0
DWS029,20100325,184.49,184.49,184.49,184.49,0
DWS029,20100326,185.41,185.41,185.41,185.41,0
DWS029,20100329,186.08,186.08,186.08,186.08,0
DWS029,20100330,185.71,185.71,185.71,185.71,0
DWS029,20100331,184.74,184.74,184.74,184.74,0
DWS029,20100401,186.48,186.48,186.48,186.48,0
DWS029,20100406,188.01,188.01,188.01,188.01,0
DWS029,20100407,191.32,191.32,191.32,191.32,0
DWS029,20100408,190.70,190.70,190.70,190.70,0
DWS029,20100409,191.14,191.14,191.14,191.14,0
DWS029,20100412,189.00,189.00,189.00,189.00,0
DWS029,20100413,188.93,188.93,188.93,188.93,0
DWS029,20100414,188.18,188.18,188.18,188.18,0
DWS029,20100415,188.27,188.27,188.27,188.27,0
DWS029,20100416,187.47,187.47,187.47,187.47,0
DWS029,20100419,186.03,186.03,186.03,186.03,0
DWS029,20100420,187.37,187.37,187.37,187.37,0
DWS029,20100421,187.26,187.26,187.26,187.26,0
DWS029,20100422,188.37,188.37,188.37,188.37,0
DWS029,20100423,189.60,189.60,189.60,189.60,0
DWS029,20100426,191.21,191.21,191.21,191.21,0
DWS029,20100427,190.09,190.09,190.09,190.09,0
DWS029,20100428,191.59,191.59,191.59,191.59,0
DWS029,20100429,189.65,189.65,189.65,189.65,0
DWS029,20100430,190.45,190.45,190.45,190.45,0
DWS029,20100504,190.04,190.04,190.04,190.04,0
DWS029,20100505,193.72,193.72,193.72,193.72,0
DWS029,20100506,194.82,194.82,194.82,194.82,0
DWS029,20100507,195.77,195.77,195.77,195.77,0
DWS029,20100510,193.03,193.03,193.03,193.03,0
DWS029,20100511,194.53,194.53,194.53,194.53,0
DWS029,20100512,193.99,193.99,193.99,193.99,0
DWS029,20100513,192.78,192.78,192.78,192.78,0
DWS029,20100514,195.32,195.32,195.32,195.32,0
DWS029,20100517,194.56,194.56,194.56,194.56,0
DWS029,20100518,193.50,193.50,193.50,193.50,0
DWS029,20100519,192.86,192.86,192.86,192.86,0
DWS029,20100520,190.16,190.16,190.16,190.16,0
DWS029,20100521,190.48,190.48,190.48,190.48,0
DWS029,20100524,190.00,190.00,190.00,190.00,0
DWS029,20100525,188.39,188.39,188.39,188.39,0
DWS029,20100526,191.18,191.18,191.18,191.18,0
DWS029,20100527,193.15,193.15,193.15,193.15,0
DWS029,20100528,193.51,193.51,193.51,193.51,0
DWS029,20100531,196.28,196.28,196.28,196.28,0
DWS029,20100601,195.66,195.66,195.66,195.66,0
DWS029,20100602,194.76,194.76,194.76,194.76,0
DWS029,20100604,198.10,198.10,198.10,198.10,0
DWS029,20100607,200.56,200.56,200.56,200.56,0
DWS029,20100608,199.74,199.74,199.74,199.74,0
DWS029,20100609,198.49,198.49,198.49,198.49,0
DWS029,20100610,200.87,200.87,200.87,200.87,0
DWS029,20100611,199.52,199.52,199.52,199.52,0
DWS029,20100614,200.40,200.40,200.40,200.40,0
DWS029,20100615,199.19,199.19,199.19,199.19,0
DWS029,20100616,199.17,199.17,199.17,199.17,0
DWS029,20100617,200.64,200.64,200.64,200.64,0
DWS029,20100618,200.19,200.19,200.19,200.19,0
DWS029,20100621,203.40,203.40,203.40,203.40,0
DWS029,20100622,203.89,203.89,203.89,203.89,0
DWS029,20100623,204.24,204.24,204.24,204.24,0
DWS029,20100624,202.63,202.63,202.63,202.63,0
DWS029,20100625,204.01,204.01,204.01,204.01,0
DWS029,20100628,205.03,205.03,205.03,205.03,0
DWS029,20100629,203.70,203.70,203.70,203.70,0
DWS029,20100630,203.06,203.06,203.06,203.06,0
DWS029,20100701,199.56,199.56,199.56,199.56,0
DWS029,20100702,196.89,196.89,196.89,196.89,0
DWS029,20100705,195.21,195.21,195.21,195.21,0
DWS029,20100706,196.33,196.33,196.33,196.33,0
DWS029,20100707,194.30,194.30,194.30,194.30,0
DWS029,20100708,194.64,194.64,194.64,194.64,0
DWS029,20100709,196.47,196.47,196.47,196.47,0
DWS029,20100712,198.65,198.65,198.65,198.65,0
DWS029,20100713,197.96,197.96,197.96,197.96,0
DWS029,20100714,195.44,195.44,195.44,195.44,0
DWS029,20100715,192.75,192.75,192.75,192.75,0
DWS029,20100716,192.74,192.74,192.74,192.74,0
DWS029,20100719,192.96,192.96,192.96,192.96,0
DWS029,20100720,193.24,193.24,193.24,193.24,0
DWS029,20100721,195.32,195.32,195.32,195.32,0
DWS029,20100722,195.77,195.77,195.77,195.77,0
DWS029,20100723,195.84,195.84,195.84,195.84,0
DWS029,20100726,192.86,192.86,192.86,192.86,0
DWS029,20100727,192.33,192.33,192.33,192.33,0
DWS029,20100728,191.36,191.36,191.36,191.36,0
DWS029,20100729,190.72,190.72,190.72,190.72,0
DWS029,20100730,191.46,191.46,191.46,191.46,0
DWS029,20100802,192.98,192.98,192.98,192.98,0
DWS029,20100803,190.48,190.48,190.48,190.48,0
DWS029,20100804,194.23,194.23,194.23,194.23,0
DWS029,20100805,192.72,192.72,192.72,192.72,0
DWS029,20100806,190.47,190.47,190.47,190.47,0
DWS029,20100809,190.75,190.75,190.75,190.75,0
DWS029,20100810,190.54,190.54,190.54,190.54,0
DWS029,20100811,191.87,191.87,191.87,191.87,0
DWS029,20100812,191.47,191.47,191.47,191.47,0
DWS029,20100813,193.90,193.90,193.90,193.90,0
DWS029,20100816,194.19,194.19,194.19,194.19,0
DWS029,20100817,192.21,192.21,192.21,192.21,0
DWS029,20100818,191.78,191.78,191.78,191.78,0
DWS029,20100819,193.24,193.24,193.24,193.24,0
DWS029,20100820,194.79,194.79,194.79,194.79,0
DWS029,20100823,195.03,195.03,195.03,195.03,0
DWS029,20100824,195.57,195.57,195.57,195.57,0
DWS029,20100825,193.37,193.37,193.37,193.37,0
DWS029,20100826,193.25,193.25,193.25,193.25,0
DWS029,20100827,191.76,191.76,191.76,191.76,0
DWS029,20100830,192.08,192.08,192.08,192.08,0
DWS029,20100831,194.19,194.19,194.19,194.19,0
DWS029,20100901,194.13,194.13,194.13,194.13,0
DWS029,20100902,194.12,194.12,194.12,194.12,0
DWS029,20100903,194.66,194.66,194.66,194.66,0
DWS029,20100906,194.99,194.99,194.99,194.99,0
DWS029,20100907,198.28,198.28,198.28,198.28,0
DWS029,20100908,196.55,196.55,196.55,196.55,0
DWS029,20100909,197.45,197.45,197.45,197.45,0
DWS029,20100910,197.67,197.67,197.67,197.67,0
DWS029,20100913,200.93,200.93,200.93,200.93,0
DWS029,20100914,199.55,199.55,199.55,199.55,0
DWS029,20100915,198.82,198.82,198.82,198.82,0
DWS029,20100916,197.75,197.75,197.75,197.75,0
DWS029,20100917,200.40,200.40,200.40,200.40,0
DWS029,20100920,200.77,200.77,200.77,200.77,0
DWS029,20100921,200.88,200.88,200.88,200.88,0
DWS029,20100922,198.00,198.00,198.00,198.00,0
DWS029,20100923,198.87,198.87,198.87,198.87,0
DWS029,20100924,199.97,199.97,199.97,199.97,0
DWS029,20100927,199.40,199.40,199.40,199.40,0
DWS029,20100928,197.81,197.81,197.81,197.81,0
DWS029,20100929,198.31,198.31,198.31,198.31,0
DWS029,20100930,200.04,200.04,200.04,200.04,0
DWS029,20101001,198.72,198.72,198.72,198.72,0
DWS029,20101004,201.46,201.46,201.46,201.46,0
DWS029,20101005,200.63,200.63,200.63,200.63,0
DWS029,20101006,199.11,199.11,199.11,199.11,0
DWS029,20101007,200.01,200.01,200.01,200.01,0
DWS029,20101008,199.48,199.48,199.48,199.48,0
DWS029,20101011,200.58,200.58,200.58,200.58,0
DWS029,20101012,200.40,200.40,200.40,200.40,0
DWS029,20101013,202.76,202.76,202.76,202.76,0
DWS029,20101014,199.40,199.40,199.40,199.40,0
DWS029,20101015,199.25,199.25,199.25,199.25,0
DWS029,20101018,198.59,198.59,198.59,198.59,0
DWS029,20101019,200.72,200.72,200.72,200.72,0
DWS029,20101020,200.10,200.10,200.10,200.10,0
DWS029,20101021,201.59,201.59,201.59,201.59,0
DWS029,20101022,200.85,200.85,200.85,200.85,0
DWS029,20101025,200.65,200.65,200.65,200.65,0
DWS029,20101026,200.53,200.53,200.53,200.53,0
DWS029,20101027,199.73,199.73,199.73,199.73,0
DWS029,20101028,198.58,198.58,198.58,198.58,0
DWS029,20101029,199.85,199.85,199.85,199.85,0
DWS029,20101102,200.94,200.94,200.94,200.94,0
DWS029,20101103,202.22,202.22,202.22,202.22,0
DWS029,20101104,203.51,203.51,203.51,203.51,0
DWS029,20101105,203.51,203.51,203.51,203.51,0
DWS029,20101108,206.29,206.29,206.29,206.29,0
DWS029,20101109,208.04,208.04,208.04,208.04,0
DWS029,20101110,202.92,202.92,202.92,202.92,0
DWS029,20101112,205.56,205.56,205.56,205.56,0
DWS029,20101115,203.57,203.57,203.57,203.57,0
DWS029,20101116,199.86,199.86,199.86,199.86,0
DWS029,20101117,198.47,198.47,198.47,198.47,0
DWS029,20101118,199.42,199.42,199.42,199.42,0
DWS029,20101119,196.61,196.61,196.61,196.61,0
DWS029,20101122,199.24,199.24,199.24,199.24,0
DWS029,20101123,196.90,196.90,196.90,196.90,0
DWS029,20101124,199.06,199.06,199.06,199.06,0
DWS029,20101125,198.78,198.78,198.78,198.78,0
DWS029,20101126,199.84,199.84,199.84,199.84,0
DWS029,20101129,202.16,202.16,202.16,202.16,0
DWS029,20101130,206.53,206.53,206.53,206.53,0
DWS029,20101201,207.57,207.57,207.57,207.57,0
DWS029,20101202,207.75,207.75,207.75,207.75,0
DWS029,20101203,203.77,203.77,203.77,203.77,0
DWS029,20101206,204.70,204.70,204.70,204.70,0
DWS029,20101207,205.73,205.73,205.73,205.73,0
DWS029,20101208,205.17,205.17,205.17,205.17,0
DWS029,20101209,202.74,202.74,202.74,202.74,0
DWS029,20101210,202.58,202.58,202.58,202.58,0
DWS029,20101213,201.29,201.29,201.29,201.29,0
DWS029,20101214,200.93,200.93,200.93,200.93,0
DWS029,20101215,199.37,199.37,199.37,199.37,0
DWS029,20101216,198.91,198.91,198.91,198.91,0
DWS029,20101217,199.72,199.72,199.72,199.72,0
DWS029,20101220,200.56,200.56,200.56,200.56,0
DWS029,20101221,203.63,203.63,203.63,203.63,0
DWS029,20101222,203.49,203.49,203.49,203.49,0
DWS029,20101223,201.51,201.51,201.51,201.51,0
DWS029,20101227,200.86,200.86,200.86,200.86,0
DWS029,20101228,200.38,200.38,200.38,200.38,0
DWS029,20101229,201.82,201.82,201.82,201.82,0
DWS029,20101230,200.24,200.24,200.24,200.24,0
DWS029,20101231,199.95,199.95,199.95,199.95,0
DWS029,20110103,203.43,203.43,203.43,203.43,0
DWS029,20110104,205.00,205.00,205.00,205.00,0
DWS029,20110105,201.70,201.70,201.70,201.70,0
DWS029,20110107,199.70,199.70,199.70,199.70,0
DWS029,20110110,198.45,198.45,198.45,198.45,0
DWS029,20110111,197.76,197.76,197.76,197.76,0
DWS029,20110112,198.07,198.07,198.07,198.07,0
DWS029,20110113,194.23,194.23,194.23,194.23,0
DWS029,20110114,192.27,192.27,192.27,192.27,0
DWS029,20110117,190.62,190.62,190.62,190.62,0
DWS029,20110118,191.30,191.30,191.30,191.30,0
DWS029,20110119,190.08,190.08,190.08,190.08,0
DWS029,20110120,189.14,189.14,189.14,189.14,0
DWS029,20110121,186.13,186.13,186.13,186.13,0
DWS029,20110124,184.80,184.80,184.80,184.80,0
DWS029,20110125,183.12,183.12,183.12,183.12,0
DWS029,20110126,183.69,183.69,183.69,183.69,0
DWS029,20110127,183.84,183.84,183.84,183.84,0
DWS029,20110128,182.40,182.40,182.40,182.40,0
DWS029,20110131,181.78,181.78,181.78,181.78,0
DWS029,20110201,179.12,179.12,179.12,179.12,0
DWS029,20110202,180.44,180.44,180.44,180.44,0
DWS029,20110203,182.13,182.13,182.13,182.13,0
DWS029,20110204,181.05,181.05,181.05,181.05,0
DWS029,20110207,178.93,178.93,178.93,178.93,0
DWS029,20110208,176.99,176.99,176.99,176.99,0
DWS029,20110209,174.94,174.94,174.94,174.94,0
DWS029,20110210,173.21,173.21,173.21,173.21,0
DWS029,20110211,177.13,177.13,177.13,177.13,0
DWS029,20110214,181.13,181.13,181.13,181.13,0
DWS029,20110215,180.64,180.64,180.64,180.64,0
DWS029,20110216,180.11,180.11,180.11,180.11,0
DWS029,20110217,181.28,181.28,181.28,181.28,0
DWS029,20110218,180.71,180.71,180.71,180.71,0
DWS029,20110221,181.04,181.04,181.04,181.04,0
DWS029,20110222,179.24,179.24,179.24,179.24,0
DWS029,20110223,176.16,176.16,176.16,176.16,0
DWS029,20110224,173.09,173.09,173.09,173.09,0
DWS029,20110225,175.37,175.37,175.37,175.37,0
DWS029,20110228,178.15,178.15,178.15,178.15,0
DWS029,20110301,180.18,180.18,180.18,180.18,0
DWS029,20110302,178.33,178.33,178.33,178.33,0
DWS029,20110303,179.79,179.79,179.79,179.79,0
DWS029,20110304,181.27,181.27,181.27,181.27,0
DWS029,20110307,179.21,179.21,179.21,179.21,0
DWS029,20110308,181.95,181.95,181.95,181.95,0
DWS029,20110309,182.61,182.61,182.61,182.61,0
DWS029,20110310,182.21,182.21,182.21,182.21,0
DWS029,20110311,180.55,180.55,180.55,180.55,0
DWS029,20110314,179.43,179.43,179.43,179.43,0
DWS029,20110315,176.56,176.56,176.56,176.56,0
DWS029,20110316,178.84,178.84,178.84,178.84,0
DWS029,20110317,176.97,176.97,176.97,176.97,0
DWS029,20110318,175.09,175.09,175.09,175.09,0
DWS029,20110321,176.01,176.01,176.01,176.01,0
DWS029,20110322,177.04,177.04,177.04,177.04,0
DWS029,20110323,178.46,178.46,178.46,178.46,0
DWS029,20110324,179.18,179.18,179.18,179.18,0
DWS029,20110325,181.91,181.91,181.91,181.91,0
DWS029,20110328,180.01,180.01,180.01,180.01,0
DWS029,20110329,180.38,180.38,180.38,180.38,0
DWS029,20110330,182.66,182.66,182.66,182.66,0
DWS029,20110331,184.64,184.64,184.64,184.64,0
DWS029,20110401,186.46,186.46,186.46,186.46,0
DWS029,20110404,189.55,189.55,189.55,189.55,0
DWS029,20110405,188.91,188.91,188.91,188.91,0
DWS029,20110406,186.48,186.48,186.48,186.48,0
DWS029,20110407,185.85,185.85,185.85,185.85,0
DWS029,20110408,184.33,184.33,184.33,184.33,0
DWS029,20110411,183.91,183.91,183.91,183.91,0
DWS029,20110412,181.74,181.74,181.74,181.74,0
DWS029,20110413,184.15,184.15,184.15,184.15,0
DWS029,20110414,182.12,182.12,182.12,182.12,0
DWS029,20110415,181.39,181.39,181.39,181.39,0
DWS029,20110418,181.33,181.33,181.33,181.33,0
DWS029,20110419,182.52,182.52,182.52,182.52,0
DWS029,20110420,183.89,183.89,183.89,183.89,0
DWS029,20110421,184.12,184.12,184.12,184.12,0
DWS029,20110426,180.73,180.73,180.73,180.73,0
DWS029,20110427,179.63,179.63,179.63,179.63,0
DWS029,20110428,177.32,177.32,177.32,177.32,0
DWS029,20110429,176.59,176.59,176.59,176.59,0
DWS029,20110502,176.20,176.20,176.20,176.20,0
DWS029,20110504,171.04,171.04,171.04,171.04,0
DWS029,20110505,173.00,173.00,173.00,173.00,0
DWS029,20110506,177.00,177.00,177.00,177.00,0
DWS029,20110509,175.31,175.31,175.31,175.31,0
DWS029,20110510,176.52,176.52,176.52,176.52,0
DWS029,20110511,178.02,178.02,178.02,178.02,0
DWS029,20110512,175.96,175.96,175.96,175.96,0
DWS029,20110513,178.22,178.22,178.22,178.22,0
DWS029,20110516,175.92,175.92,175.92,175.92,0
DWS029,20110517,175.68,175.68,175.68,175.68,0
DWS029,20110518,175.84,175.84,175.84,175.84,0
DWS029,20110519,175.42,175.42,175.42,175.42,0
DWS029,20110520,176.38,176.38,176.38,176.38,0
DWS029,20110523,176.35,176.35,176.35,176.35,0
DWS029,20110524,176.63,176.63,176.63,176.63,0
DWS029,20110525,176.06,176.06,176.06,176.06,0
DWS029,20110526,178.54,178.54,178.54,178.54,0
DWS029,20110527,178.67,178.67,178.67,178.67,0
DWS029,20110530,178.86,178.86,178.86,178.86,0
DWS029,20110531,180.45,180.45,180.45,180.45,0
DWS029,20110601,180.10,180.10,180.10,180.10,0
DWS029,20110602,177.87,177.87,177.87,177.87,0
DWS029,20110603,174.79,174.79,174.79,174.79,0
DWS029,20110606,174.80,174.80,174.80,174.80,0
DWS029,20110607,174.54,174.54,174.54,174.54,0
DWS029,20110608,174.42,174.42,174.42,174.42,0
DWS029,20110609,173.53,173.53,173.53,173.53,0
DWS029,20110610,171.31,171.31,171.31,171.31,0
DWS029,20110613,172.78,172.78,172.78,172.78,0
DWS029,20110614,172.60,172.60,172.60,172.60,0
DWS029,20110615,174.48,174.48,174.48,174.48,0
DWS029,20110616,173.99,173.99,173.99,173.99,0
DWS029,20110617,172.71,172.71,172.71,172.71,0
DWS029,20110620,169.92,169.92,169.92,169.92,0
DWS029,20110621,170.28,170.28,170.28,170.28,0
DWS029,20110622,170.88,170.88,170.88,170.88,0
DWS029,20110624,176.38,176.38,176.38,176.38,0
DWS029,20110627,176.24,176.24,176.24,176.24,0
DWS029,20110628,175.25,175.25,175.25,175.25,0
DWS029,20110629,176.03,176.03,176.03,176.03,0
DWS029,20110630,176.14,176.14,176.14,176.14,0
DWS029,20110701,175.28,175.28,175.28,175.28,0
DWS029,20110704,177.56,177.56,177.56,177.56,0
DWS029,20110705,177.05,177.05,177.05,177.05,0
DWS029,20110706,177.72,177.72,177.72,177.72,0
DWS029,20110707,179.09,179.09,179.09,179.09,0
DWS029,20110708,177.80,177.80,177.80,177.80,0
DWS029,20110711,178.68,178.68,178.68,178.68,0
DWS029,20110712,177.46,177.46,177.46,177.46,0
DWS029,20110713,179.70,179.70,179.70,179.70,0
DWS029,20110714,178.71,178.71,178.71,178.71,0
DWS029,20110715,180.32,180.32,180.32,180.32,0
DWS029,20110718,180.52,180.52,180.52,180.52,0
DWS029,20110719,179.49,179.49,179.49,179.49,0
DWS029,20110720,177.02,177.02,177.02,177.02,0
DWS029,20110721,175.27,175.27,175.27,175.27,0
DWS029,20110722,177.36,177.36,177.36,177.36,0
DWS029,20110725,177.72,177.72,177.72,177.72,0
DWS029,20110726,176.52,176.52,176.52,176.52,0
DWS029,20110727,177.54,177.54,177.54,177.54,0
DWS029,20110728,177.89,177.89,177.89,177.89,0
DWS029,20110729,176.18,176.18,176.18,176.18,0
DWS029,20110801,178.52,178.52,178.52,178.52,0
DWS029,20110802,178.73,178.73,178.73,178.73,0
DWS029,20110803,174.52,174.52,174.52,174.52,0
DWS029,20110804,172.18,172.18,172.18,172.18,0
DWS029,20110805,165.86,165.86,165.86,165.86,0
DWS029,20110808,163.65,163.65,163.65,163.65,0
DWS029,20110809,160.79,160.79,160.79,160.79,0
DWS029,20110810,161.80,161.80,161.80,161.80,0
DWS029,20110811,167.31,167.31,167.31,167.31,0
DWS029,20110812,166.03,166.03,166.03,166.03,0
DWS029,20110816,167.42,167.42,167.42,167.42,0
DWS029,20110817,166.61,166.61,166.61,166.61,0
DWS029,20110818,161.83,161.83,161.83,161.83,0
DWS029,20110819,161.70,161.70,161.70,161.70,0
DWS029,20110822,159.68,159.68,159.68,159.68,0
DWS029,20110823,160.97,160.97,160.97,160.97,0
DWS029,20110824,158.60,158.60,158.60,158.60,0
DWS029,20110825,159.65,159.65,159.65,159.65,0
DWS029,20110826,156.93,156.93,156.93,156.93,0
DWS029,20110829,160.40,160.40,160.40,160.40,0
DWS029,20110830,163.63,163.63,163.63,163.63,0
DWS029,20110831,166.21,166.21,166.21,166.21,0
DWS029,20110901,167.45,167.45,167.45,167.45,0
DWS029,20110902,167.87,167.87,167.87,167.87,0
DWS029,20110905,166.04,166.04,166.04,166.04,0
DWS029,20110906,169.25,169.25,169.25,169.25,0
DWS029,20110907,169.86,169.86,169.86,169.86,0
DWS029,20110908,170.88,170.88,170.88,170.88,0
DWS029,20110909,173.32,173.32,173.32,173.32,0
DWS029,20110912,171.17,171.17,171.17,171.17,0
DWS029,20110913,171.58,171.58,171.58,171.58,0
DWS029,20110914,170.62,170.62,170.62,170.62,0
DWS029,20110915,172.25,172.25,172.25,172.25,0
DWS029,20110916,173.37,173.37,173.37,173.37,0
DWS029,20110919,170.19,170.19,170.19,170.19,0
DWS029,20110920,172.43,172.43,172.43,172.43,0
DWS029,20110921,169.69,169.69,169.69,169.69,0
DWS029,20110922,166.00,166.00,166.00,166.00,0
DWS029,20110923,165.14,165.14,165.14,165.14,0
DWS029,20110926,159.53,159.53,159.53,159.53,0
DWS029,20110927,163.34,163.34,163.34,163.34,0
DWS029,20110928,165.00,165.00,165.00,165.00,0
DWS029,20110929,166.27,166.27,166.27,166.27,0
DWS029,20110930,161.56,161.56,161.56,161.56,0
DWS029,20111003,159.75,159.75,159.75,159.75,0
DWS029,20111004,153.43,153.43,153.43,153.43,0
DWS029,20111005,155.21,155.21,155.21,155.21,0
DWS029,20111006,157.65,157.65,157.65,157.65,0
DWS029,20111007,161.74,161.74,161.74,161.74,0
DWS029,20111010,158.30,158.30,158.30,158.30,0
DWS029,20111011,161.32,161.32,161.32,161.32,0
DWS029,20111012,164.92,164.92,164.92,164.92,0
DWS029,20111013,163.63,163.63,163.63,163.63,0
DWS029,20111014,160.86,160.86,160.86,160.86,0
DWS029,20111017,161.38,161.38,161.38,161.38,0
DWS029,20111018,159.71,159.71,159.71,159.71,0
DWS029,20111019,161.95,161.95,161.95,161.95,0
DWS029,20111020,159.22,159.22,159.22,159.22,0
DWS029,20111021,159.01,159.01,159.01,159.01,0
DWS029,20111024,161.95,161.95,161.95,161.95,0
DWS029,20111025,164.47,164.47,164.47,164.47,0
DWS029,20111026,166.73,166.73,166.73,166.73,0
DWS029,20111027,167.21,167.21,167.21,167.21,0
DWS029,20111028,168.16,168.16,168.16,168.16,0
DWS029,20111031,169.72,169.72,169.72,169.72,0
DWS029,20111102,172.57,172.57,172.57,172.57,0
DWS029,20111103,169.57,169.57,169.57,169.57,0
DWS029,20111104,172.19,172.19,172.19,172.19,0
DWS029,20111107,172.15,172.15,172.15,172.15,0
DWS029,20111108,170.53,170.53,170.53,170.53,0
DWS029,20111109,173.98,173.98,173.98,173.98,0
DWS029,20111110,169.65,169.65,169.65,169.65,0
DWS029,20111114,172.27,172.27,172.27,172.27,0
DWS029,20111115,171.21,171.21,171.21,171.21,0
DWS029,20111116,168.92,168.92,168.92,168.92,0
DWS029,20111117,168.85,168.85,168.85,168.85,0
DWS029,20111118,165.31,165.31,165.31,165.31,0
DWS029,20111121,161.81,161.81,161.81,161.81,0
DWS029,20111122,162.27,162.27,162.27,162.27,0
DWS029,20111123,161.89,161.89,161.89,161.89,0
DWS029,20111124,162.38,162.38,162.38,162.38,0
DWS029,20111125,163.83,163.83,163.83,163.83,0
DWS029,20111128,165.90,165.90,165.90,165.90,0
DWS029,20111129,166.93,166.93,166.93,166.93,0
DWS029,20111130,168.49,168.49,168.49,168.49,0
DWS029,20111201,171.62,171.62,171.62,171.62,0
DWS029,20111202,173.05,173.05,173.05,173.05,0
DWS029,20111205,172.41,172.41,172.41,172.41,0
DWS029,20111206,171.56,171.56,171.56,171.56,0
DWS029,20111207,172.39,172.39,172.39,172.39,0
DWS029,20111208,171.48,171.48,171.48,171.48,0
DWS029,20111209,168.74,168.74,168.74,168.74,0
DWS029,20111212,168.82,168.82,168.82,168.82,0
DWS029,20111213,170.39,170.39,170.39,170.39,0
DWS029,20111214,170.29,170.29,170.29,170.29,0
DWS029,20111215,167.08,167.08,167.08,167.08,0
DWS029,20111216,167.13,167.13,167.13,167.13,0
DWS029,20111219,164.95,164.95,164.95,164.95,0
DWS029,20111220,163.10,163.10,163.10,163.10,0
DWS029,20111221,165.08,165.08,165.08,165.08,0
DWS029,20111222,165.50,165.50,165.50,165.50,0
DWS029,20111223,166.32,166.32,166.32,166.32,0
DWS029,20111227,165.47,165.47,165.47,165.47,0
DWS029,20111228,164.62,164.62,164.62,164.62,0
DWS029,20111229,163.15,163.15,163.15,163.15,0
DWS029,20111230,162.89,162.89,162.89,162.89,0
DWS029,20120102,165.12,165.12,165.12,165.12,0
DWS029,20120103,167.41,167.41,167.41,167.41,0
DWS029,20120104,167.98,167.98,167.98,167.98,0
DWS029,20120105,171.60,171.60,171.60,171.60,0
DWS029,20120109,171.51,171.51,171.51,171.51,0
DWS029,20120110,174.75,174.75,174.75,174.75,0
DWS029,20120111,175.16,175.16,175.16,175.16,0
DWS029,20120112,173.33,173.33,173.33,173.33,0
DWS029,20120113,172.21,172.21,172.21,172.21,0
DWS029,20120116,171.88,171.88,171.88,171.88,0
DWS029,20120117,175.12,175.12,175.12,175.12,0
DWS029,20120118,174.33,174.33,174.33,174.33,0
DWS029,20120119,174.62,174.62,174.62,174.62,0
DWS029,20120120,173.73,173.73,173.73,173.73,0
DWS029,20120123,173.65,173.65,173.65,173.65,0
DWS029,20120124,173.48,173.48,173.48,173.48,0
DWS029,20120125,173.63,173.63,173.63,173.63,0
DWS029,20120126,172.96,172.96,172.96,172.96,0
DWS029,20120127,172.34,172.34,172.34,172.34,0
DWS029,20120130,170.80,170.80,170.80,170.80,0
DWS029,20120131,171.91,171.91,171.91,171.91,0
DWS029,20120201,171.32,171.32,171.32,171.32,0
DWS029,20120202,173.38,173.38,173.38,173.38,0
DWS029,20120203,175.38,175.38,175.38,175.38,0
DWS029,20120206,175.14,175.14,175.14,175.14,0
DWS029,20120207,175.18,175.18,175.18,175.18,0
DWS029,20120208,173.88,173.88,173.88,173.88,0
DWS029,20120209,174.15,174.15,174.15,174.15,0
DWS029,20120210,173.50,173.50,173.50,173.50,0
DWS029,20120213,173.95,173.95,173.95,173.95,0
DWS029,20120214,173.97,173.97,173.97,173.97,0
DWS029,20120215,176.11,176.11,176.11,176.11,0
DWS029,20120216,179.15,179.15,179.15,179.15,0
DWS029,20120217,179.16,179.16,179.16,179.16,0
DWS029,20120220,177.22,177.22,177.22,177.22,0
DWS029,20120221,176.98,176.98,176.98,176.98,0
DWS029,20120222,178.16,178.16,178.16,178.16,0
DWS029,20120223,176.01,176.01,176.01,176.01,0
DWS029,20120224,172.79,172.79,172.79,172.79,0
DWS029,20120227,171.94,171.94,171.94,171.94,0
DWS029,20120228,173.81,173.81,173.81,173.81,0
DWS029,20120229,174.27,174.27,174.27,174.27,0
DWS029,20120301,172.94,172.94,172.94,172.94,0
DWS029,20120302,174.36,174.36,174.36,174.36,0
DWS029,20120305,172.14,172.14,172.14,172.14,0
DWS029,20120306,169.30,169.30,169.30,169.30,0
DWS029,20120307,169.44,169.44,169.44,169.44,0
DWS029,20120308,169.23,169.23,169.23,169.23,0
DWS029,20120309,171.90,171.90,171.90,171.90,0
DWS029,20120312,171.86,171.86,171.86,171.86,0
DWS029,20120313,174.71,174.71,174.71,174.71,0
DWS029,20120314,176.15,176.15,176.15,176.15,0
DWS029,20120315,174.57,174.57,174.57,174.57,0
DWS029,20120316,172.09,172.09,172.09,172.09,0
DWS029,20120319,168.28,168.28,168.28,168.28,0
DWS029,20120320,166.94,166.94,166.94,166.94,0
DWS029,20120321,167.38,167.38,167.38,167.38,0
DWS029,20120322,167.70,167.70,167.70,167.70,0
DWS029,20120323,166.08,166.08,166.08,166.08,0
DWS029,20120326,163.43,163.43,163.43,163.43,0
DWS029,20120327,165.37,165.37,165.37,165.37,0
DWS029,20120328,163.95,163.95,163.95,163.95,0
DWS029,20120329,163.71,163.71,163.71,163.71,0
DWS029,20120330,165.03,165.03,165.03,165.03,0
DWS029,20120402,165.14,165.14,165.14,165.14,0
DWS029,20120403,166.47,166.47,166.47,166.47,0
DWS029,20120404,168.27,168.27,168.27,168.27,0
DWS029,20120405,168.48,168.48,168.48,168.48,0
DWS029,20120410,165.93,165.93,165.93,165.93,0
DWS029,20120411,166.79,166.79,166.79,166.79,0
DWS029,20120412,166.32,166.32,166.32,166.32,0
DWS029,20120413,168.12,168.12,168.12,168.12,0
DWS029,20120416,169.00,169.00,169.00,169.00,0
DWS029,20120417,168.88,168.88,168.88,168.88,0
DWS029,20120418,168.65,168.65,168.65,168.65,0
DWS029,20120419,170.17,170.17,170.17,170.17,0
DWS029,20120420,168.86,168.86,168.86,168.86,0
DWS029,20120423,166.74,166.74,166.74,166.74,0
DWS029,20120424,166.68,166.68,166.68,166.68,0
DWS029,20120425,165.66,165.66,165.66,165.66,0
DWS029,20120426,166.18,166.18,166.18,166.18,0
DWS029,20120427,165.87,165.87,165.87,165.87,0
DWS029,20120430,167.47,167.47,167.47,167.47,0
DWS029,20120502,167.73,167.73,167.73,167.73,0
DWS029,20120504,166.37,166.37,166.37,166.37,0
DWS029,20120507,166.28,166.28,166.28,166.28,0
DWS029,20120508,163.68,163.68,163.68,163.68,0
DWS029,20120509,162.94,162.94,162.94,162.94,0
DWS029,20120510,164.34,164.34,164.34,164.34,0
DWS029,20120511,163.25,163.25,163.25,163.25,0
DWS029,20120514,163.76,163.76,163.76,163.76,0
DWS029,20120515,166.31,166.31,166.31,166.31,0
DWS029,20120516,164.18,164.18,164.18,164.18,0
DWS029,20120517,163.19,163.19,163.19,163.19,0
DWS029,20120518,162.92,162.92,162.92,162.92,0
DWS029,20120521,160.39,160.39,160.39,160.39,0
DWS029,20120522,160.76,160.76,160.76,160.76,0
DWS029,20120523,162.61,162.61,162.61,162.61,0
DWS029,20120524,164.34,164.34,164.34,164.34,0
DWS029,20120525,163.57,163.57,163.57,163.57,0
DWS029,20120528,164.26,164.26,164.26,164.26,0
DWS029,20120529,166.31,166.31,166.31,166.31,0
DWS029,20120530,166.79,166.79,166.79,166.79,0
DWS029,20120531,168.63,168.63,168.63,168.63,0
DWS029,20120601,167.29,167.29,167.29,167.29,0
DWS029,20120604,163.33,163.33,163.33,163.33,0
DWS029,20120605,163.13,163.13,163.13,163.13,0
DWS029,20120606,163.08,163.08,163.08,163.08,0
DWS029,20120608,164.21,164.21,164.21,164.21,0
DWS029,20120611,163.08,163.08,163.08,163.08,0
DWS029,20120612,165.82,165.82,165.82,165.82,0
DWS029,20120613,166.22,166.22,166.22,166.22,0
DWS029,20120614,164.18,164.18,164.18,164.18,0
DWS029,20120615,165.33,165.33,165.33,165.33,0
DWS029,20120618,165.43,165.43,165.43,165.43,0
DWS029,20120619,164.28,164.28,164.28,164.28,0
DWS029,20120620,163.53,163.53,163.53,163.53,0
DWS029,20120621,162.25,162.25,162.25,162.25,0
DWS029,20120622,161.86,161.86,161.86,161.86,0
DWS029,20120625,159.85,159.85,159.85,159.85,0
DWS029,20120626,161.82,161.82,161.82,161.82,0
DWS029,20120627,162.99,162.99,162.99,162.99,0
DWS029,20120628,163.28,163.28,163.28,163.28,0
DWS029,20120629,164.54,164.54,164.54,164.54,0
DWS029,20120702,164.57,164.57,164.57,164.57,0
DWS029,20120703,166.59,166.59,166.59,166.59,0
DWS029,20120704,166.87,166.87,166.87,166.87,0
DWS029,20120705,169.53,169.53,169.53,169.53,0
DWS029,20120706,169.93,169.93,169.93,169.93,0
DWS029,20120709,168.21,168.21,168.21,168.21,0
DWS029,20120710,168.35,168.35,168.35,168.35,0
DWS029,20120711,167.18,167.18,167.18,167.18,0
DWS029,20120712,165.62,165.62,165.62,165.62,0
DWS029,20120713,166.70,166.70,166.70,166.70,0
DWS029,20120716,165.72,165.72,165.72,165.72,0
DWS029,20120717,166.73,166.73,166.73,166.73,0
DWS029,20120718,165.40,165.40,165.40,165.40,0
DWS029,20120719,166.56,166.56,166.56,166.56,0
DWS029,20120720,167.10,167.10,167.10,167.10,0
DWS029,20120723,164.47,164.47,164.47,164.47,0
DWS029,20120724,165.54,165.54,165.54,165.54,0
DWS029,20120725,164.99,164.99,164.99,164.99,0
DWS029,20120726,162.14,162.14,162.14,162.14,0
DWS029,20120727,162.41,162.41,162.41,162.41,0
DWS029,20120730,164.96,164.96,164.96,164.96,0
DWS029,20120731,164.42,164.42,164.42,164.42,0
DWS029,20120801,165.14,165.14,165.14,165.14,0
DWS029,20120802,165.01,165.01,165.01,165.01,0
DWS029,20120803,163.05,163.05,163.05,163.05,0
DWS029,20120806,162.60,162.60,162.60,162.60,0
DWS029,20120807,163.15,163.15,163.15,163.15,0
DWS029,20120808,165.47,165.47,165.47,165.47,0
DWS029,20120809,165.82,165.82,165.82,165.82,0
DWS029,20120810,166.25,166.25,166.25,166.25,0
DWS029,20120813,165.42,165.42,165.42,165.42,0
DWS029,20120814,165.99,165.99,165.99,165.99,0
DWS029,20120816,163.68,163.68,163.68,163.68,0
DWS029,20120817,164.23,164.23,164.23,164.23,0
DWS029,20120820,163.33,163.33,163.33,163.33,0
DWS029,20120821,163.20,163.20,163.20,163.20,0
DWS029,20120822,162.00,162.00,162.00,162.00,0
DWS029,20120823,162.46,162.46,162.46,162.46,0
DWS029,20120824,161.53,161.53,161.53,161.53,0
DWS029,20120827,160.33,160.33,160.33,160.33,0
DWS029,20120828,159.58,159.58,159.58,159.58,0
DWS029,20120829,161.45,161.45,161.45,161.45,0
DWS029,20120830,162.36,162.36,162.36,162.36,0
DWS029,20120831,160.58,160.58,160.58,160.58,0
DWS029,20120903,160.93,160.93,160.93,160.93,0
DWS029,20120904,160.57,160.57,160.57,160.57,0
DWS029,20120905,158.95,158.95,158.95,158.95,0
DWS029,20120906,158.19,158.19,158.19,158.19,0
DWS029,20120907,159.22,159.22,159.22,159.22,0
DWS029,20120910,158.57,158.57,158.57,158.57,0
DWS029,20120911,157.83,157.83,157.83,157.83,0
DWS029,20120912,157.69,157.69,157.69,157.69,0
DWS029,20120913,158.29,158.29,158.29,158.29,0
DWS029,20121119,167.44,167.44,167.44,167.44,0
DWS029,20121120,166.26,166.26,166.26,166.26,0
DWS029,20121121,167.47,167.47,167.47,167.47,0
DWS029,20121122,166.35,166.35,166.35,166.35,0
DWS029,20121123,167.14,167.14,167.14,167.14,0
DWS029,20121126,165.78,165.78,165.78,165.78,0
DWS029,20121127,166.00,166.00,166.00,166.00,0
DWS029,20121128,165.83,165.83,165.83,165.83,0
DWS029,20121129,167.07,167.07,167.07,167.07,0
DWS029,20121130,169.07,169.07,169.07,169.07,0
DWS029,20121203,166.81,166.81,166.81,166.81,0
DWS029,20121204,167.83,167.83,167.83,167.83,0
DWS029,20121205,170.47,170.47,170.47,170.47,0
DWS029,20121206,172.27,172.27,172.27,172.27,0
DWS029,20121207,173.06,173.06,173.06,173.06,0
DWS029,20121210,172.61,172.61,172.61,172.61,0
DWS029,20121211,171.20,171.20,171.20,171.20,0
DWS029,20121212,171.24,171.24,171.24,171.24,0
DWS029,20121213,170.04,170.04,170.04,170.04,0
DWS029,20121214,170.02,170.02,170.02,170.02,0
DWS029,20121217,169.07,169.07,169.07,169.07,0
DWS029,20121218,168.57,168.57,168.57,168.57,0
DWS029,20121219,168.95,168.95,168.95,168.95,0
DWS029,20121220,168.42,168.42,168.42,168.42,0
DWS029,20121221,167.07,167.07,167.07,167.07,0
DWS029,20121227,168.28,168.28,168.28,168.28,0
DWS029,20121228,168.21,168.21,168.21,168.21,0
DWS029,20130102,173.67,173.67,173.67,173.67,0
DWS029,20130103,175.94,175.94,175.94,175.94,0
DWS029,20130104,177.96,177.96,177.96,177.96,0
DWS029,20130107,177.29,177.29,177.29,177.29,0
DWS029,20130108,176.57,176.57,176.57,176.57,0
DWS029,20130109,176.52,176.52,176.52,176.52,0
DWS029,20130110,173.19,173.19,173.19,173.19,0
DWS029,20130111,171.81,171.81,171.81,171.81,0
DWS029,20130114,174.93,174.93,174.93,174.93,0
DWS029,20130115,175.44,175.44,175.44,175.44,0
DWS029,20130116,175.24,175.24,175.24,175.24,0
DWS029,20130117,173.41,173.41,173.41,173.41,0
DWS029,20130118,176.80,176.80,176.80,176.80,0
DWS029,20130121,178.88,178.88,178.88,178.88,0
DWS029,20130122,179.15,179.15,179.15,179.15,0
DWS029,20130123,178.53,178.53,178.53,178.53,0
DWS029,20130124,178.86,178.86,178.86,178.86,0
DWS029,20130125,176.20,176.20,176.20,176.20,0
DWS029,20130128,175.97,175.97,175.97,175.97,0
DWS029,20130129,176.51,176.51,176.51,176.51,0
DWS029,20130130,175.95,175.95,175.95,175.95,0
DWS029,20130131,175.52,175.52,175.52,175.52,0
DWS029,20130201,175.14,175.14,175.14,175.14,0
DWS029,20130204,174.38,174.38,174.38,174.38,0
DWS029,20130205,173.14,173.14,173.14,173.14,0
DWS029,20130206,173.64,173.64,173.64,173.64,0
DWS029,20130207,174.75,174.75,174.75,174.75,0
DWS029,20130208,173.07,173.07,173.07,173.07,0
DWS029,20130211,171.92,171.92,171.92,171.92,0
DWS029,20130212,172.51,172.51,172.51,172.51,0
DWS029,20130213,172.72,172.72,172.72,172.72,0
DWS029,20130214,174.06,174.06,174.06,174.06,0
DWS029,20130215,175.12,175.12,175.12,175.12,0
DWS029,20130218,174.75,174.75,174.75,174.75,0
DWS029,20130219,172.74,172.74,172.74,172.74,0
DWS029,20130220,172.81,172.81,172.81,172.81,0
DWS029,20130221,172.29,172.29,172.29,172.29,0
DWS029,20130222,171.05,171.05,171.05,171.05,0
DWS029,20130225,171.04,171.04,171.04,171.04,0
DWS029,20130226,170.53,170.53,170.53,170.53,0
DWS029,20130227,171.25,171.25,171.25,171.25,0
DWS029,20130228,172.44,172.44,172.44,172.44,0
DWS029,20130301,171.43,171.43,171.43,171.43,0
DWS029,20130304,169.21,169.21,169.21,169.21,0
DWS029,20130305,170.50,170.50,170.50,170.50,0
DWS029,20130306,172.07,172.07,172.07,172.07,0
DWS029,20130307,172.57,172.57,172.57,172.57,0
DWS029,20130308,175.07,175.07,175.07,175.07,0
DWS029,20130311,173.58,173.58,173.58,173.58,0
DWS029,20130312,172.11,172.11,172.11,172.11,0
DWS029,20130313,170.97,170.97,170.97,170.97,0
DWS029,20130314,171.51,171.51,171.51,171.51,0
DWS029,20130315,170.63,170.63,170.63,170.63,0
DWS029,20130318,168.70,168.70,168.70,168.70,0
DWS029,20130319,167.33,167.33,167.33,167.33,0
DWS029,20130320,169.13,169.13,169.13,169.13,0
DWS029,20130321,170.07,170.07,170.07,170.07,0
DWS029,20130322,169.64,169.64,169.64,169.64,0
DWS029,20130325,170.01,170.01,170.01,170.01,0
DWS029,20130326,171.07,171.07,171.07,171.07,0
DWS029,20130327,172.84,172.84,172.84,172.84,0
DWS029,20130328,172.29,172.29,172.29,172.29,0
DWS029,20130402,171.90,171.90,171.90,171.90,0
DWS029,20130403,169.61,169.61,169.61,169.61,0
DWS029,20130404,167.37,167.37,167.37,167.37,0
DWS029,20130405,164.37,164.37,164.37,164.37,0
DWS029,20130408,163.62,163.62,163.62,163.62,0
DWS029,20130409,163.13,163.13,163.13,163.13,0
DWS029,20130410,164.32,164.32,164.32,164.32,0
DWS029,20130411,164.43,164.43,164.43,164.43,0
DWS029,20130412,163.34,163.34,163.34,163.34,0
DWS029,20130415,160.70,160.70,160.70,160.70,0
DWS029,20130417,161.70,161.70,161.70,161.70,0
DWS029,20130418,162.48,162.48,162.48,162.48,0
DWS029,20130419,165.13,165.13,165.13,165.13,0
DWS029,20130422,166.13,166.13,166.13,166.13,0
DWS029,20130423,166.80,166.80,166.80,166.80,0
DWS029,20130424,168.72,168.72,168.72,168.72,0
DWS029,20130425,170.87,170.87,170.87,170.87,0
DWS029,20130426,170.07,170.07,170.07,170.07,0
DWS029,20130429,168.30,168.30,168.30,168.30,0
DWS029,20130502,170.42,170.42,170.42,170.42,0
DWS029,20130506,171.99,171.99,171.99,171.99,0
DWS029,20130507,173.66,173.66,173.66,173.66,0
DWS029,20130508,174.02,174.02,174.02,174.02,0
DWS029,20130509,173.16,173.16,173.16,173.16,0
DWS029,20130510,174.39,174.39,174.39,174.39,0
DWS029,20130513,174.23,174.23,174.23,174.23,0
DWS029,20130514,173.81,173.81,173.81,173.81,0
DWS029,20130515,176.44,176.44,176.44,176.44,0
DWS029,20130516,176.86,176.86,176.86,176.86,0
DWS029,20130520,177.30,177.30,177.30,177.30,0
DWS029,20130521,176.76,176.76,176.76,176.76,0
DWS029,20130522,176.13,176.13,176.13,176.13,0
DWS029,20130523,171.83,171.83,171.83,171.83,0
DWS029,20130524,172.42,172.42,172.42,172.42,0
DWS029,20130527,173.25,173.25,173.25,173.25,0
DWS029,20130529,175.35,175.35,175.35,175.35,0
DWS029,20130531,175.03,175.03,175.03,175.03,0
DWS029,20130603,172.94,172.94,172.94,172.94,0
DWS029,20130605,168.68,168.68,168.68,168.68,0
DWS029,20130606,168.79,168.79,168.79,168.79,0
DWS029,20130704,161.09,161.09,161.09,161.09,0
DWS029,20130719,161.54,161.54,161.54,161.54,0
DWS029,20130722,160.11,160.11,160.11,160.11,0
DWS029,20130723,161.55,161.55,161.55,161.55,0
DWS029,20130724,161.30,161.30,161.30,161.30,0
DWS029,20130725,161.18,161.18,161.18,161.18,0
DWS029,20130726,161.54,161.54,161.54,161.54,0
DWS029,20130729,160.42,160.42,160.42,160.42,0
DWS029,20130730,157.97,157.97,157.97,157.97,0
DWS029,20130731,160.05,160.05,160.05,160.05,0
DWS029,20130801,160.31,160.31,160.31,160.31,0
DWS029,20130802,161.31,161.31,161.31,161.31,0
DWS029,20130805,159.43,159.43,159.43,159.43,0
DWS029,20130806,155.07,155.07,155.07,155.07,0
DWS029,20130807,155.20,155.20,155.20,155.20,0
DWS029,20130808,155.16,155.16,155.16,155.16,0
DWS029,20130809,156.52,156.52,156.52,156.52,0
DWS029,20130812,158.74,158.74,158.74,158.74,0
DWS029,20130813,161.46,161.46,161.46,161.46,0
DWS029,20130814,161.85,161.85,161.85,161.85,0
DWS029,20130816,159.79,159.79,159.79,159.79,0
DWS029,20130819,157.63,157.63,157.63,157.63,0
DWS029,20130820,154.82,154.82,154.82,154.82,0
DWS029,20130821,153.33,153.33,153.33,153.33,0
DWS029,20130822,154.75,154.75,154.75,154.75,0
DWS029,20130823,154.67,154.67,154.67,154.67,0
DWS029,20130826,154.89,154.89,154.89,154.89,0
DWS029,20130827,152.17,152.17,152.17,152.17,0
DWS029,20130828,150.84,150.84,150.84,150.84,0
DWS029,20130829,155.36,155.36,155.36,155.36,0
DWS029,20130830,156.36,156.36,156.36,156.36,0
DWS029,20130902,158.64,158.64,158.64,158.64,0
DWS029,20130903,157.63,157.63,157.63,157.63,0
DWS029,20130904,158.08,158.08,158.08,158.08,0
DWS029,20130905,160.39,160.39,160.39,160.39,0
DWS029,20130906,162.48,162.48,162.48,162.48,0
DWS029,20130909,162.79,162.79,162.79,162.79,0
DWS029,20130910,165.01,165.01,165.01,165.01,0
DWS029,20130911,164.20,164.20,164.20,164.20,0
DWS029,20130912,162.32,162.32,162.32,162.32,0
DWS029,20130913,162.25,162.25,162.25,162.25,0
DWS029,20130916,162.40,162.40,162.40,162.40,0
DWS029,20130917,163.14,163.14,163.14,163.14,0
DWS029,20130918,164.09,164.09,164.09,164.09,0
DWS029,20130919,163.02,163.02,163.02,163.02,0
DWS029,20130920,163.20,163.20,163.20,163.20,0
DWS029,20130923,163.25,163.25,163.25,163.25,0
DWS029,20130924,163.41,163.41,163.41,163.41,0
DWS029,20130925,161.78,161.78,161.78,161.78,0
DWS029,20131021,165.24,165.24,165.24,165.24,0
DWS029,20131022,166.08,166.08,166.08,166.08,0
DWS029,20131023,162.84,162.84,162.84,162.84,0
DWS029,20131024,161.59,161.59,161.59,161.59,0
DWS029,20131025,161.69,161.69,161.69,161.69,0
DWS029,20131028,161.25,161.25,161.25,161.25,0
DWS029,20131029,162.63,162.63,162.63,162.63,0
DWS029,20131030,164.75,164.75,164.75,164.75,0
DWS029,20131031,166.16,166.16,166.16,166.16,0
DWS029,20131104,168.34,168.34,168.34,168.34,0
DWS029,20131105,167.19,167.19,167.19,167.19,0
DWS029,20131106,165.64,165.64,165.64,165.64,0
DWS029,20131107,163.89,163.89,163.89,163.89,0
DWS029,20131108,164.67,164.67,164.67,164.67,0
DWS029,20131112,163.75,163.75,163.75,163.75,0
DWS029,20131113,162.94,162.94,162.94,162.94,0
DWS029,20131114,164.05,164.05,164.05,164.05,0
DWS029,20131115,167.39,167.39,167.39,167.39,0
DWS029,20131118,170.75,170.75,170.75,170.75,0
DWS029,20131119,168.38,168.38,168.38,168.38,0
DWS029,20131120,169.84,169.84,169.84,169.84,0
DWS029,20131121,169.43,169.43,169.43,169.43,0
DWS029,20131122,169.14,169.14,169.14,169.14,0
DWS029,20131125,168.73,168.73,168.73,168.73,0
DWS029,20131126,167.85,167.85,167.85,167.85,0
DWS029,20131127,169.85,169.85,169.85,169.85,0
DWS029,20131128,169.94,169.94,169.94,169.94,0
DWS029,20131129,170.95,170.95,170.95,170.95,0
DWS029,20131202,171.30,171.30,171.30,171.30,0
DWS029,20131203,169.66,169.66,169.66,169.66,0
DWS029,20131204,170.24,170.24,170.24,170.24,0
DWS029,20131205,169.74,169.74,169.74,169.74,0
DWS029,20131206,170.87,170.87,170.87,170.87,0
DWS029,20131209,170.77,170.77,170.77,170.77,0
DWS029,20131210,169.31,169.31,169.31,169.31,0
DWS029,20131211,167.27,167.27,167.27,167.27,0
DWS029,20131212,167.24,167.24,167.24,167.24,0
DWS029,20131213,166.72,166.72,166.72,166.72,0
DWS029,20131216,165.90,165.90,165.90,165.90,0
DWS029,20131217,164.31,164.31,164.31,164.31,0
DWS029,20131218,166.49,166.49,166.49,166.49,0
DWS029,20131219,165.31,165.31,165.31,165.31,0
DWS029,20131220,165.61,165.61,165.61,165.61,0
DWS029,20131223,165.12,165.12,165.12,165.12,0
DWS029,20131227,166.81,166.81,166.81,166.81,0
DWS029,20131230,166.45,166.45,166.45,166.45,0
DWS029,20140102,168.17,168.17,168.17,168.17,0
DWS029,20140103,168.34,168.34,168.34,168.34,0
DWS029,20140107,167.15,167.15,167.15,167.15,0
DWS029,20140108,168.93,168.93,168.93,168.93,0
DWS029,20140109,167.62,167.62,167.62,167.62,0
DWS029,20140110,167.31,167.31,167.31,167.31,0
DWS029,20140113,167.41,167.41,167.41,167.41,0
DWS029,20140114,167.00,167.00,167.00,167.00,0
DWS029,20140115,168.28,168.28,168.28,168.28,0
DWS029,20140116,169.74,169.74,169.74,169.74,0
DWS029,20140117,169.70,169.70,169.70,169.70,0
DWS029,20140120,168.86,168.86,168.86,168.86,0
DWS029,20140121,170.13,170.13,170.13,170.13,0
DWS029,20140122,170.81,170.81,170.81,170.81,0
DWS029,20140123,167.51,167.51,167.51,167.51,0
DWS029,20140124,166.06,166.06,166.06,166.06,0
DWS029,20140127,162.07,162.07,162.07,162.07,0
DWS029,20140128,161.63,161.63,161.63,161.63,0
DWS029,20140129,164.41,164.41,164.41,164.41,0
DWS029,20140130,166.19,166.19,166.19,166.19,0
DWS029,20140131,165.93,165.93,165.93,165.93,0
DWS029,20140203,164.12,164.12,164.12,164.12,0
DWS029,20140204,162.52,162.52,162.52,162.52,0
DWS029,20140205,160.28,160.28,160.28,160.28,0
DWS029,20140206,161.39,161.39,161.39,161.39,0
DWS029,20140207,163.03,163.03,163.03,163.03,0
DWS029,20140210,162.20,162.20,162.20,162.20,0
DWS029,20140211,164.23,164.23,164.23,164.23,0
DWS029,20140212,164.60,164.60,164.60,164.60,0
DWS029,20140213,163.11,163.11,163.11,163.11,0
DWS029,20140214,163.64,163.64,163.64,163.64,0
DWS029,20140217,164.01,164.01,164.01,164.01,0
DWS029,20140218,164.28,164.28,164.28,164.28,0
DWS029,20140219,165.69,165.69,165.69,165.69,0
DWS029,20140220,164.94,164.94,164.94,164.94,0
DWS029,20140221,164.49,164.49,164.49,164.49,0
DWS029,20140224,164.02,164.02,164.02,164.02,0
DWS029,20140225,163.23,163.23,163.23,163.23,0
DWS029,20140226,165.15,165.15,165.15,165.15,0
DWS029,20140227,167.18,167.18,167.18,167.18,0
DWS029,20140228,164.72,164.72,164.72,164.72,0
DWS029,20140303,165.82,165.82,165.82,165.82,0
DWS029,20140304,167.95,167.95,167.95,167.95,0
DWS029,20140305,167.33,167.33,167.33,167.33,0
DWS029,20140306,168.59,168.59,168.59,168.59,0
DWS029,20140307,168.59,168.59,168.59,168.59,0
DWS029,20140310,166.95,166.95,166.95,166.95,0
DWS029,20140311,167.50,167.50,167.50,167.50,0
DWS029,20140312,166.51,166.51,166.51,166.51,0
DWS029,20140313,165.52,165.52,165.52,165.52,0
DWS029,20140314,162.79,162.79,162.79,162.79,0
DWS029,20140317,162.73,162.73,162.73,162.73,0
DWS029,20140318,163.88,163.88,163.88,163.88,0
DWS029,20140319,164.30,164.30,164.30,164.30,0
DWS029,20140320,163.44,163.44,163.44,163.44,0
DWS029,20140321,165.14,165.14,165.14,165.14,0
DWS029,20140324,166.59,166.59,166.59,166.59,0
DWS029,20140325,165.52,165.52,165.52,165.52,0
DWS029,20140326,165.53,165.53,165.53,165.53,0
DWS029,20140327,165.88,165.88,165.88,165.88,0
DWS029,20140328,165.55,165.55,165.55,165.55,0
DWS029,20140331,167.35,167.35,167.35,167.35,0
DWS029,20140401,168.80,168.80,168.80,168.80,0
DWS029,20140402,169.75,169.75,169.75,169.75,0
DWS029,20140403,170.23,170.23,170.23,170.23,0
DWS029,20140404,169.19,169.19,169.19,169.19,0
DWS029,20140407,168.25,168.25,168.25,168.25,0
DWS029,20140408,167.42,167.42,167.42,167.42,0
DWS029,20140409,167.72,167.72,167.72,167.72,0
DWS029,20140410,168.62,168.62,168.62,168.62,0
DWS029,20140411,168.31,168.31,168.31,168.31,0
DWS029,20140414,167.45,167.45,167.45,167.45,0
DWS029,20140415,164.89,164.89,164.89,164.89,0
DWS029,20140416,166.00,166.00,166.00,166.00,0
DWS029,20140417,166.01,166.01,166.01,166.01,0
DWS029,20140422,165.34,165.34,165.34,165.34,0
DWS029,20140423,165.72,165.72,165.72,165.72,0
DWS029,20140424,165.64,165.64,165.64,165.64,0
DWS029,20140425,164.00,164.00,164.00,164.00,0
DWS029,20140428,164.12,164.12,164.12,164.12,0
DWS029,20140429,162.02,162.02,162.02,162.02,0
DWS029,20140430,161.22,161.22,161.22,161.22,0
DWS029,20140502,161.52,161.52,161.52,161.52,0
DWS029,20140505,160.98,160.98,160.98,160.98,0
DWS029,20140506,161.41,161.41,161.41,161.41,0
DWS029,20140507,159.05,159.05,159.05,159.05,0
DWS029,20140508,158.13,158.13,158.13,158.13,0
DWS029,20140509,158.67,158.67,158.67,158.67,0
DWS029,20140512,161.56,161.56,161.56,161.56,0
DWS029,20140513,163.31,163.31,163.31,163.31,0
DWS029,20140514,165.48,165.48,165.48,165.48,0
DWS029,20140515,165.81,165.81,165.81,165.81,0
DWS029,20140516,167.29,167.29,167.29,167.29,0
DWS029,20140519,166.81,166.81,166.81,166.81,0
DWS029,20140520,168.05,168.05,168.05,168.05,0
DWS029,20140521,168.72,168.72,168.72,168.72,0
DWS029,20140522,169.67,169.67,169.67,169.67,0
DWS029,20140523,170.74,170.74,170.74,170.74,0
DWS029,20140526,170.72,170.72,170.72,170.72,0
DWS029,20140527,170.57,170.57,170.57,170.57,0
DWS029,20140528,171.58,171.58,171.58,171.58,0
DWS029,20140529,169.95,169.95,169.95,169.95,0
DWS029,20140602,169.65,169.65,169.65,169.65,0
DWS029,20140603,171.59,171.59,171.59,171.59,0
DWS029,20140604,171.29,171.29,171.29,171.29,0
DWS029,20140605,170.18,170.18,170.18,170.18,0
DWS029,20140606,172.08,172.08,172.08,172.08,0
DWS029,20140609,172.07,172.07,172.07,172.07,0
DWS029,20140610,174.49,174.49,174.49,174.49,0
DWS029,20140611,173.86,173.86,173.86,173.86,0
DWS029,20140612,174.27,174.27,174.27,174.27,0
DWS029,20140613,175.16,175.16,175.16,175.16,0
DWS029,20140616,174.81,174.81,174.81,174.81,0
DWS029,20140617,174.46,174.46,174.46,174.46,0
DWS029,20140620,172.93,172.93,172.93,172.93,0
DWS029,20140623,172.74,172.74,172.74,172.74,0
DWS029,20140624,171.85,171.85,171.85,171.85,0
DWS029,20140625,171.67,171.67,171.67,171.67,0
DWS029,20140626,171.92,171.92,171.92,171.92,0
DWS029,20140627,173.38,173.38,173.38,173.38,0
DWS029,20140630,173.93,173.93,173.93,173.93,0
DWS029,20140701,173.39,173.39,173.39,173.39,0
DWS029,20140702,175.54,175.54,175.54,175.54,0
DWS029,20140704,178.60,178.60,178.60,178.60,0
DWS029,20140707,178.22,178.22,178.22,178.22,0
DWS029,20140708,176.49,176.49,176.49,176.49,0
DWS029,20140709,174.40,174.40,174.40,174.40,0
DWS029,20140710,174.28,174.28,174.28,174.28,0
DWS029,20140711,174.54,174.54,174.54,174.54,0
DWS029,20140714,174.99,174.99,174.99,174.99,0
DWS029,20140715,175.71,175.71,175.71,175.71,0
DWS029,20140716,176.66,176.66,176.66,176.66,0
DWS029,20140717,174.99,174.99,174.99,174.99,0
DWS029,20140718,177.11,177.11,177.11,177.11,0
DWS029,20140721,176.66,176.66,176.66,176.66,0
DWS029,20140722,179.62,179.62,179.62,179.62,0
DWS029,20140723,180.31,180.31,180.31,180.31,0
DWS029,20140724,181.20,181.20,181.20,181.20,0
DWS029,20140725,180.67,180.67,180.67,180.67,0
DWS029,20140728,183.18,183.18,183.18,183.18,0
DWS029,20140729,183.41,183.41,183.41,183.41,0
DWS029,20140805,182.31,182.31,182.31,182.31,0
DWS029,20140806,182.17,182.17,182.17,182.17,0
DWS029,20140807,181.40,181.40,181.40,181.40,0
DWS029,20140808,182.93,182.93,182.93,182.93,0
DWS029,20140811,183.86,183.86,183.86,183.86,0
DWS029,20140812,185.23,185.23,185.23,185.23,0
DWS029,20140813,186.20,186.20,186.20,186.20,0
DWS029,20140814,184.89,184.89,184.89,184.89,0
DWS029,20140818,185.94,185.94,185.94,185.94,0
DWS029,20140820,188.15,188.15,188.15,188.15,0
DWS029,20140821,186.92,186.92,186.92,186.92,0
DWS029,20140822,187.57,187.57,187.57,187.57,0
DWS029,20140825,188.79,188.79,188.79,188.79,0
DWS029,20140826,188.56,188.56,188.56,188.56,0
DWS029,20140827,188.90,188.90,188.90,188.90,0
DWS029,20140828,187.70,187.70,187.70,187.70,0
DWS029,20140901,190.38,190.38,190.38,190.38,0
DWS029,20140902,191.07,191.07,191.07,191.07,0
DWS029,20140903,193.34,193.34,193.34,193.34,0
DWS029,20140904,195.36,195.36,195.36,195.36,0
DWS029,20140905,194.88,194.88,194.88,194.88,0
DWS029,20140908,196.83,196.83,196.83,196.83,0
DWS029,20140909,196.40,196.40,196.40,196.40,0
DWS029,20140910,194.09,194.09,194.09,194.09,0
DWS029,20140918,190.43,190.43,190.43,190.43,0
DWS029,20140919,192.44,192.44,192.44,192.44,0
DWS029,20140922,190.49,190.49,190.49,190.49,0
DWS029,20140923,188.44,188.44,188.44,188.44,0
DWS029,20140924,190.63,190.63,190.63,190.63,0
DWS029,20140925,188.66,188.66,188.66,188.66,0
DWS029,20140929,188.50,188.50,188.50,188.50,0
DWS029,20140930,187.19,187.19,187.19,187.19,0
DWS029,20141001,186.96,186.96,186.96,186.96,0
DWS029,20141002,186.18,186.18,186.18,186.18,0
DWS029,20141006,190.39,190.39,190.39,190.39,0
DWS029,20141007,190.17,190.17,190.17,190.17,0
DWS029,20141008,187.76,187.76,187.76,187.76,0
DWS029,20141009,189.68,189.68,189.68,189.68,0
DWS029,20141010,186.35,186.35,186.35,186.35,0
DWS029,20141013,187.81,187.81,187.81,187.81,0
DWS029,20141014,186.15,186.15,186.15,186.15,0
DWS029,20141015,182.64,182.64,182.64,182.64,0
DWS029,20141016,184.43,184.43,184.43,184.43,0
DWS029,20141017,185.52,185.52,185.52,185.52,0
DWS029,20141020,186.42,186.42,186.42,186.42,0
DWS029,20141021,188.24,188.24,188.24,188.24,0
DWS029,20141022,190.30,190.30,190.30,190.30,0
DWS029,20141023,190.45,190.45,190.45,190.45,0
DWS029,20141024,191.36,191.36,191.36,191.36,0
DWS029,20141027,189.14,189.14,189.14,189.14,0
DWS029,20141028,190.93,190.93,190.93,190.93,0
DWS029,20141029,192.68,192.68,192.68,192.68,0
DWS029,20141030,193.24,193.24,193.24,193.24,0
DWS029,20141031,196.78,196.78,196.78,196.78,0
DWS029,20141103,198.87,198.87,198.87,198.87,0
DWS029,20141104,197.82,197.82,197.82,197.82,0
DWS029,20141105,198.97,198.97,198.97,198.97,0
DWS029,20141106,199.19,199.19,199.19,199.19,0
DWS029,20141107,197.78,197.78,197.78,197.78,0
DWS029,20141110,199.37,199.37,199.37,199.37,0
DWS029,20141112,201.71,201.71,201.71,201.71,0
DWS029,20141113,200.39,200.39,200.39,200.39,0
DWS029,20141114,201.20,201.20,201.20,201.20,0
DWS029,20141117,199.77,199.77,199.77,199.77,0
DWS029,20141118,197.53,197.53,197.53,197.53,0
DWS029,20141119,195.82,195.82,195.82,195.82,0
DWS029,20141120,195.95,195.95,195.95,195.95,0
DWS029,20141121,197.72,197.72,197.72,197.72,0
DWS029,20141124,199.44,199.44,199.44,199.44,0
DWS029,20141125,199.60,199.60,199.60,199.60,0
DWS029,20141126,200.07,200.07,200.07,200.07,0
DWS029,20141127,199.67,199.67,199.67,199.67,0
DWS029,20141128,200.09,200.09,200.09,200.09,0
DWS029,20141201,196.68,196.68,196.68,196.68,0
DWS029,20141202,198.44,198.44,198.44,198.44,0
DWS029,20141203,197.59,197.59,197.59,197.59,0
DWS029,20141204,200.54,200.54,200.54,200.54,0
DWS029,20141205,200.77,200.77,200.77,200.77,0
DWS029,20141208,201.59,201.59,201.59,201.59,0
DWS029,20141209,194.19,194.19,194.19,194.19,0
DWS029,20141210,193.09,193.09,193.09,193.09,0
DWS029,20141211,194.29,194.29,194.29,194.29,0
DWS029,20141212,192.74,192.74,192.74,192.74,0
DWS029,20141215,190.75,190.75,190.75,190.75,0
DWS029,20141216,189.43,189.43,189.43,189.43,0
DWS029,20141217,191.95,191.95,191.95,191.95,0
DWS029,20141218,195.36,195.36,195.36,195.36,0
DWS029,20141219,199.41,199.41,199.41,199.41,0
DWS029,20141222,202.22,202.22,202.22,202.22,0
DWS029,20141223,200.49,200.49,200.49,200.49,0
DWS029,20141229,204.23,204.23,204.23,204.23,0
DWS029,20141230,203.51,203.51,203.51,203.51,0
DWS029,20150102,210.14,210.14,210.14,210.14,0
DWS029,20150105,210.84,210.84,210.84,210.84,0
DWS029,20150107,212.97,212.97,212.97,212.97,0
DWS029,20150108,215.50,215.50,215.50,215.50,0
DWS029,20150109,214.76,214.76,214.76,214.76,0
DWS029,20150112,214.56,214.56,214.56,214.56,0
DWS029,20150113,214.73,214.73,214.73,214.73,0
DWS029,20150114,214.32,214.32,214.32,214.32,0
DWS029,20150115,219.50,219.50,219.50,219.50,0
DWS029,20150116,220.80,220.80,220.80,220.80,0
DWS029,20150119,217.10,217.10,217.10,217.10,0
DWS029,20150120,220.09,220.09,220.09,220.09,0
DWS029,20150121,220.47,220.47,220.47,220.47,0
DWS029,20150122,225.36,225.36,225.36,225.36,0
DWS029,20150123,226.47,226.47,226.47,226.47,0
DWS029,20150126,225.10,225.10,225.10,225.10,0
DWS029,20150127,222.24,222.24,222.24,222.24,0
DWS029,20150128,223.20,223.20,223.20,223.20,0
DWS029,20150129,222.46,222.46,222.46,222.46,0
DWS029,20150130,220.24,220.24,220.24,220.24,0
DWS029,20150202,216.44,216.44,216.44,216.44,0
DWS029,20150203,216.59,216.59,216.59,216.59,0
DWS029,20150204,214.98,214.98,214.98,214.98,0
DWS029,20150205,213.93,213.93,213.93,213.93,0
DWS029,20150206,213.93,213.93,213.93,213.93,0
DWS029,20150209,211.88,211.88,211.88,211.88,0
DWS029,20150210,213.61,213.61,213.61,213.61,0
DWS029,20150211,213.35,213.35,213.35,213.35,0
DWS029,20150212,213.77,213.77,213.77,213.77,0
DWS029,20150213,214.22,214.22,214.22,214.22,0
DWS029,20150216,215.58,215.58,215.58,215.58,0
DWS029,20150217,215.90,215.90,215.90,215.90,0
DWS029,20150218,217.44,217.44,217.44,217.44,0
DWS029,20150219,216.30,216.30,216.30,216.30,0
DWS029,20150220,216.08,216.08,216.08,216.08,0
DWS029,20150223,216.61,216.61,216.61,216.61,0
DWS029,20150224,216.49,216.49,216.49,216.49,0
DWS029,20150225,216.16,216.16,216.16,216.16,0
DWS029,20150226,217.19,217.19,217.19,217.19,0
DWS029,20150227,218.17,218.17,218.17,218.17,0
DWS029,20150302,221.61,221.61,221.61,221.61,0
DWS029,20150303,220.82,220.82,220.82,220.82,0
DWS029,20150304,220.16,220.16,220.16,220.16,0
DWS029,20150305,219.69,219.69,219.69,219.69,0
DWS029,20150306,219.99,219.99,219.99,219.99,0
DWS029,20150309,221.15,221.15,221.15,221.15,0
DWS029,20150310,220.31,220.31,220.31,220.31,0
DWS029,20150311,221.73,221.73,221.73,221.73,0
DWS029,20150312,223.66,223.66,223.66,223.66,0
DWS029,20150313,223.47,223.47,223.47,223.47,0
DWS029,20150316,225.08,225.08,225.08,225.08,0
DWS029,20150317,224.88,224.88,224.88,224.88,0
DWS029,20150318,224.96,224.96,224.96,224.96,0
DWS029,20150319,225.36,225.36,225.36,225.36,0
DWS029,20150320,224.28,224.28,224.28,224.28,0
DWS029,20150323,222.11,222.11,222.11,222.11,0
DWS029,20150324,219.18,219.18,219.18,219.18,0
DWS029,20150325,216.67,216.67,216.67,216.67,0
DWS029,20150326,213.83,213.83,213.83,213.83,0
DWS029,20150327,215.67,215.67,215.67,215.67,0
DWS029,20150330,221.36,221.36,221.36,221.36,0
DWS029,20150331,223.72,223.72,223.72,223.72,0
DWS029,20150401,225.74,225.74,225.74,225.74,0
DWS029,20150402,226.20,226.20,226.20,226.20,0
DWS029,20150407,228.66,228.66,228.66,228.66,0
DWS029,20150408,234.31,234.31,234.31,234.31,0
DWS029,20150409,241.53,241.53,241.53,241.53,0
DWS029,20150410,247.69,247.69,247.69,247.69,0
DWS029,20150413,252.35,252.35,252.35,252.35,0
DWS029,20150414,247.53,247.53,247.53,247.53,0
DWS029,20150415,245.65,245.65,245.65,245.65,0
DWS029,20150416,245.78,245.78,245.78,245.78,0
DWS029,20150417,243.03,243.03,243.03,243.03,0
DWS029,20150420,239.10,239.10,239.10,239.10,0
DWS029,20150421,239.63,239.63,239.63,239.63,0
DWS029,20150422,243.95,243.95,243.95,243.95,0
DWS029,20150423,241.61,241.61,241.61,241.61,0
DWS029,20150424,239.25,239.25,239.25,239.25,0
DWS029,20150427,239.20,239.20,239.20,239.20,0
DWS029,20150428,237.27,237.27,237.27,237.27,0
DWS029,20150429,230.57,230.57,230.57,230.57,0
DWS029,20150430,230.05,230.05,230.05,230.05,0
DWS029,20150504,236.35,236.35,236.35,236.35,0
DWS029,20150505,231.42,231.42,231.42,231.42,0
DWS029,20150506,224.81,224.81,224.81,224.81,0
DWS029,20150507,223.37,223.37,223.37,223.37,0
DWS029,20150508,226.65,226.65,226.65,226.65,0
DWS029,20150511,233.49,233.49,233.49,233.49,0
DWS029,20150512,230.05,230.05,230.05,230.05,0
DWS029,20150513,226.95,226.95,226.95,226.95,0
DWS029,20150514,227.57,227.57,227.57,227.57,0
DWS029,20150515,226.56,226.56,226.56,226.56,0
DWS029,20150518,228.15,228.15,228.15,228.15,0
DWS029,20150519,234.22,234.22,234.22,234.22,0
DWS029,20150520,235.58,235.58,235.58,235.58,0
DWS029,20150521,236.86,236.86,236.86,236.86,0
DWS029,20150522,241.98,241.98,241.98,241.98,0
DWS029,20150525,242.76,242.76,242.76,242.76,0
DWS029,20150526,245.48,245.48,245.48,245.48,0
DWS029,20150527,247.07,247.07,247.07,247.07,0
DWS029,20150528,242.22,242.22,242.22,242.22,0
DWS029,20150529,241.83,241.83,241.83,241.83,0
DWS029,20150601,243.62,243.62,243.62,243.62,0
DWS029,20150602,237.63,237.63,237.63,237.63,0
DWS029,20150603,232.80,232.80,232.80,232.80,0
DWS029,20150605,236.18,236.18,236.18,236.18,0
DWS029,20150608,234.10,234.10,234.10,234.10,0
DWS029,20150609,229.00,229.00,229.00,229.00,0
DWS029,20150610,229.44,229.44,229.44,229.44,0
DWS029,20150611,228.53,228.53,228.53,228.53,0
DWS029,20150612,229.55,229.55,229.55,229.55,0
DWS029,20150615,227.06,227.06,227.06,227.06,0
DWS029,20150616,227.39,227.39,227.39,227.39,0
DWS029,20150617,228.90,228.90,228.90,228.90,0
DWS029,20150618,228.78,228.78,228.78,228.78,0
DWS029,20150619,228.88,228.88,228.88,228.88,0
DWS029,20150622,231.66,231.66,231.66,231.66,0
DWS029,20150623,235.83,235.83,235.83,235.83,0
DWS029,20150624,236.95,236.95,236.95,236.95,0
DWS029,20150625,236.12,236.12,236.12,236.12,0
DWS029,20150626,235.11,235.11,235.11,235.11,0
DWS029,20150629,227.99,227.99,227.99,227.99,0
DWS029,20150630,232.77,232.77,232.77,232.77,0
DWS029,20150701,236.95,236.95,236.95,236.95,0
DWS029,20150702,235.80,235.80,235.80,235.80,0
DWS029,20150703,233.25,233.25,233.25,233.25,0
DWS029,20150706,228.78,228.78,228.78,228.78,0
DWS029,20150707,222.55,222.55,222.55,222.55,0
DWS029,20150708,213.20,213.20,213.20,213.20,0
DWS029,20150709,220.77,220.77,220.77,220.77,0
DWS029,20150710,224.58,224.58,224.58,224.58,0
DWS029,20150713,226.13,226.13,226.13,226.13,0
DWS029,20150714,226.14,226.14,226.14,226.14,0
DWS029,20150715,225.66,225.66,225.66,225.66,0
DWS029,20150716,226.77,226.77,226.77,226.77,0
DWS029,20150717,229.22,229.22,229.22,229.22,0
DWS029,20150720,229.03,229.03,229.03,229.03,0
DWS029,20150721,227.54,227.54,227.54,227.54,0
DWS029,20150722,227.60,227.60,227.60,227.60,0
DWS029,20150723,226.75,226.75,226.75,226.75,0
DWS029,20150724,224.00,224.00,224.00,224.00,0
DWS029,20150727,215.15,215.15,215.15,215.15,0
DWS029,20150728,215.12,215.12,215.12,215.12,0
DWS029,20150729,218.52,218.52,218.52,218.52,0
DWS029,20150730,219.82,219.82,219.82,219.82,0
DWS029,20150731,220.90,220.90,220.90,220.90,0
DWS029,20150803,219.08,219.08,219.08,219.08,0
DWS029,20150804,220.22,220.22,220.22,220.22,0
DWS029,20150805,224.05,224.05,224.05,224.05,0
DWS029,20150806,224.27,224.27,224.27,224.27,0
DWS029,20150807,225.24,225.24,225.24,225.24,0
DWS029,20150810,226.35,226.35,226.35,226.35,0
DWS029,20150811,223.81,223.81,223.81,223.81,0
DWS029,20150812,217.82,217.82,217.82,217.82,0
DWS029,20150813,216.01,216.01,216.01,216.01,0
DWS029,20150814,216.69,216.69,216.69,216.69,0
DWS029,20150817,216.25,216.25,216.25,216.25,0
DWS029,20150818,214.40,214.40,214.40,214.40,0
DWS029,20150819,211.79,211.79,211.79,211.79,0
DWS029,20150820,207.09,207.09,207.09,207.09,0
DWS029,20150821,200.80,200.80,200.80,200.80,0
DWS029,20150824,184.08,184.08,184.08,184.08,0
DWS029,20150825,189.76,189.76,189.76,189.76,0
DWS029,20150826,189.41,189.41,189.41,189.41,0
DWS029,20150827,197.30,197.30,197.30,197.30,0
DWS029,20150828,199.08,199.08,199.08,199.08,0
DWS029,20150831,198.69,198.69,198.69,198.69,0
DWS029,20150901,190.53,190.53,190.53,190.53,0
DWS029,20150902,192.61,192.61,192.61,192.61,0
DWS029,20150903,194.09,194.09,194.09,194.09,0
DWS029,20150904,191.08,191.08,191.08,191.08,0
DWS029,20150907,189.96,189.96,189.96,189.96,0
DWS029,20150908,193.29,193.29,193.29,193.29,0
DWS029,20150909,199.50,199.50,199.50,199.50,0
DWS029,20150910,194.14,194.14,194.14,194.14,0
DWS029,20150911,193.55,193.55,193.55,193.55,0
DWS029,20150914,194.42,194.42,194.42,194.42,0
DWS029,20150915,194.72,194.72,194.72,194.72,0
DWS029,20150916,196.86,196.86,196.86,196.86,0
DWS029,20150917,197.22,197.22,197.22,197.22,0
DWS029,20150918,197.96,197.96,197.96,197.96,0
DWS029,20150921,196.74,196.74,196.74,196.74,0
DWS029,20150922,197.89,197.89,197.89,197.89,0
DWS029,20150923,195.34,195.34,195.34,195.34,0
DWS029,20150924,195.22,195.22,195.22,195.22,0
DWS029,20150925,195.95,195.95,195.95,195.95,0
DWS029,20150928,195.99,195.99,195.99,195.99,0
DWS029,20150929,192.20,192.20,192.20,192.20,0
DWS029,20150930,196.90,196.90,196.90,196.90,0
DWS029,20151001,198.06,198.06,198.06,198.06,0
DWS029,20151002,199.66,199.66,199.66,199.66,0
DWS029,20151005,204.21,204.21,204.21,204.21,0
DWS029,20151006,203.32,203.32,203.32,203.32,0
DWS029,20151007,207.97,207.97,207.97,207.97,0
DWS029,20151008,205.49,205.49,205.49,205.49,0
DWS029,20151009,204.40,204.40,204.40,204.40,0
DWS029,20151012,205.47,205.47,205.47,205.47,0
DWS029,20151013,204.04,204.04,204.04,204.04,0
DWS029,20151014,202.63,202.63,202.63,202.63,0
DWS029,20151015,205.90,205.90,205.90,205.90,0
DWS029,20151016,207.21,207.21,207.21,207.21,0
DWS029,20151019,208.49,208.49,208.49,208.49,0
DWS029,20151020,208.68,208.68,208.68,208.68,0
DWS029,20151021,208.92,208.92,208.92,208.92,0
DWS029,20151022,212.27,212.27,212.27,212.27,0
DWS029,20151023,215.93,215.93,215.93,215.93,0
DWS029,20151026,214.01,214.01,214.01,214.01,0
DWS029,20151027,213.15,213.15,213.15,213.15,0
DWS029,20151028,212.97,212.97,212.97,212.97,0
DWS029,20151029,209.70,209.70,209.70,209.70,0
DWS029,20151030,209.06,209.06,209.06,209.06,0
DWS029,20151102,206.85,206.85,206.85,206.85,0
DWS029,20151103,209.78,209.78,209.78,209.78,0
DWS029,20151104,212.88,212.88,212.88,212.88,0
DWS029,20151105,211.03,211.03,211.03,211.03,0
DWS029,20151106,213.04,213.04,213.04,213.04,0
DWS029,20151109,212.11,212.11,212.11,212.11,0
DWS029,20151110,209.27,209.27,209.27,209.27,0
DWS029,20151112,209.18,209.18,209.18,209.18,0
DWS029,20151113,207.15,207.15,207.15,207.15,0
DWS029,20151116,207.03,207.03,207.03,207.03,0
DWS029,20151117,209.48,209.48,209.48,209.48,0
DWS029,20151118,208.53,208.53,208.53,208.53,0
DWS029,20151119,209.87,209.87,209.87,209.87,0
DWS029,20151120,211.60,211.60,211.60,211.60,0
DWS029,20151123,210.71,210.71,210.71,210.71,0
DWS029,20151124,211.16,211.16,211.16,211.16,0
DWS029,20151125,211.52,211.52,211.52,211.52,0
DWS029,20151126,211.81,211.81,211.81,211.81,0
DWS029,20151127,208.09,208.09,208.09,208.09,0
DWS029,20151130,209.80,209.80,209.80,209.80,0
DWS029,20151201,211.27,211.27,211.27,211.27,0
DWS029,20151202,212.00,212.00,212.00,212.00,0
DWS029,20151203,208.63,208.63,208.63,208.63,0
DWS029,20151204,206.31,206.31,206.31,206.31,0
DWS029,20151207,205.13,205.13,205.13,205.13,0
DWS029,20151208,203.79,203.79,203.79,203.79,0
DWS029,20151209,202.16,202.16,202.16,202.16,0
DWS029,20151210,201.50,201.50,201.50,201.50,0
DWS029,20151211,198.79,198.79,198.79,198.79,0
DWS029,20151214,198.11,198.11,198.11,198.11,0
DWS029,20151215,201.87,201.87,201.87,201.87,0
DWS029,20151216,201.94,201.94,201.94,201.94,0
DWS029,20151217,204.09,204.09,204.09,204.09,0
DWS029,20151218,202.79,202.79,202.79,202.79,0
DWS029,20151221,202.90,202.90,202.90,202.90,0
DWS029,20151222,200.25,200.25,200.25,200.25,0
DWS029,20151223,202.53,202.53,202.53,202.53,0
DWS029,20151228,202.07,202.07,202.07,202.07,0
DWS029,20151229,201.95,201.95,201.95,201.95,0
DWS029,20151230,201.41,201.41,201.41,201.41,0
DWS029,20160104,200.48,200.48,200.48,200.48,0
DWS029,20160105,203.24,203.24,203.24,203.24,0
DWS029,20160107,195.41,195.41,195.41,195.41,0
DWS029,20160108,194.61,194.61,194.61,194.61,0
DWS029,20160111,192.05,192.05,192.05,192.05,0
DWS029,20160112,192.46,192.46,192.46,192.46,0
DWS029,20160113,189.99,189.99,189.99,189.99,0
DWS029,20160114,191.30,191.30,191.30,191.30,0
DWS029,20160115,187.03,187.03,187.03,187.03,0
DWS029,20160118,189.70,189.70,189.70,189.70,0
DWS029,20160119,191.28,191.28,191.28,191.28,0
DWS029,20160120,185.83,185.83,185.83,185.83,0
DWS029,20160121,187.06,187.06,187.06,187.06,0
DWS029,20160122,191.03,191.03,191.03,191.03,0
DWS029,20160125,191.59,191.59,191.59,191.59,0
DWS029,20160126,190.46,190.46,190.46,190.46,0
DWS029,20160127,188.38,188.38,188.38,188.38,0
DWS029,20160128,187.53,187.53,187.53,187.53,0
DWS029,20160129,193.10,193.10,193.10,193.10,0
DWS029,20160201,190.52,190.52,190.52,190.52,0
DWS029,20160202,186.48,186.48,186.48,186.48,0
DWS029,20160203,181.81,181.81,181.81,181.81,0
DWS029,20160204,182.32,182.32,182.32,182.32,0
DWS029,20160205,184.26,184.26,184.26,184.26,0
DWS029,20160208,181.44,181.44,181.44,181.44,0
DWS029,20160209,175.21,175.21,175.21,175.21,0
DWS029,20160210,179.24,179.24,179.24,179.24,0
DWS029,20160211,171.95,171.95,171.95,171.95,0
DWS029,20160212,170.46,170.46,170.46,170.46,0
DWS029,20160215,177.00,177.00,177.00,177.00,0
DWS029,20160216,176.71,176.71,176.71,176.71,0
DWS029,20160217,177.55,177.55,177.55,177.55,0
DWS029,20160218,180.42,180.42,180.42,180.42,0
DWS029,20160219,179.60,179.60,179.60,179.60,0
DWS029,20160222,181.39,181.39,181.39,181.39,0
DWS029,20160223,180.59,180.59,180.59,180.59,0
DWS029,20160224,178.16,178.16,178.16,178.16,0
DWS029,20160225,176.61,176.61,176.61,176.61,0
DWS029,20160226,179.51,179.51,179.51,179.51,0
DWS029,20160229,179.66,179.66,179.66,179.66,0
DWS029,20160301,183.42,183.42,183.42,183.42,0
DWS029,20160302,187.43,187.43,187.43,187.43,0
DWS029,20160303,186.29,186.29,186.29,186.29,0
DWS029,20160304,188.41,188.41,188.41,188.41,0
DWS029,20160307,189.04,189.04,189.04,189.04,0
DWS029,20160308,186.07,186.07,186.07,186.07,0
DWS029,20160309,186.28,186.28,186.28,186.28,0
DWS029,20160310,182.17,182.17,182.17,182.17,0
DWS029,20160311,185.87,185.87,185.87,185.87,0
DWS029,20160314,185.72,185.72,185.72,185.72,0
DWS029,20160315,183.94,183.94,183.94,183.94,0
DWS029,20160316,184.06,184.06,184.06,184.06,0
DWS029,20160317,184.83,184.83,184.83,184.83,0
DWS029,20160318,185.82,185.82,185.82,185.82,0
DWS029,20160321,186.83,186.83,186.83,186.83,0
DWS029,20160322,187.12,187.12,187.12,187.12,0
DWS029,20160323,186.30,186.30,186.30,186.30,0
DWS029,20160324,186.06,186.06,186.06,186.06,0
DWS029,20160329,183.85,183.85,183.85,183.85,0
DWS029,20160330,186.77,186.77,186.77,186.77,0
DWS029,20160331,187.27,187.27,187.27,187.27,0
DWS029,20160401,184.01,184.01,184.01,184.01,0
DWS029,20160404,184.80,184.80,184.80,184.80,0
DWS029,20160405,182.81,182.81,182.81,182.81,0
DWS029,20160406,183.27,183.27,183.27,183.27,0
DWS029,20160407,182.67,182.67,182.67,182.67,0
DWS029,20160408,184.28,184.28,184.28,184.28,0
DWS029,20160411,186.25,186.25,186.25,186.25,0
DWS029,20160412,187.39,187.39,187.39,187.39,0
DWS029,20160413,192.54,192.54,192.54,192.54,0
DWS029,20160414,193.86,193.86,193.86,193.86,0
DWS029,20160415,193.10,193.10,193.10,193.10,0
DWS029,20160418,192.80,192.80,192.80,192.80,0
DWS029,20160419,193.28,193.28,193.28,193.28,0
DWS029,20160420,192.58,192.58,192.58,192.58,0
DWS029,20160421,192.17,192.17,192.17,192.17,0
DWS029,20160422,193.78,193.78,193.78,193.78,0
DWS029,20160425,194.15,194.15,194.15,194.15,0
DWS029,20160426,194.96,194.96,194.96,194.96,0
DWS029,20160427,194.46,194.46,194.46,194.46,0
DWS029,20160428,193.36,193.36,193.36,193.36,0
DWS029,20160429,190.82,190.82,190.82,190.82,0
DWS029,20160502,189.11,189.11,189.11,189.11,0
DWS029,20160504,185.77,185.77,185.77,185.77,0
DWS029,20160505,186.31,186.31,186.31,186.31,0
DWS029,20160506,186.86,186.86,186.86,186.86,0
DWS029,20160509,186.78,186.78,186.78,186.78,0
DWS029,20160510,188.30,188.30,188.30,188.30,0
DWS029,20160511,187.78,187.78,187.78,187.78,0
DWS029,20160512,187.76,187.76,187.76,187.76,0
DWS029,20160513,186.51,186.51,186.51,186.51,0
DWS029,20160516,185.39,185.39,185.39,185.39,0
DWS029,20160517,186.34,186.34,186.34,186.34,0
DWS029,20160518,187.76,187.76,187.76,187.76,0
DWS029,20160519,185.07,185.07,185.07,185.07,0
DWS029,20160520,187.12,187.12,187.12,187.12,0
DWS029,20160523,186.46,186.46,186.46,186.46,0
DWS029,20160524,189.44,189.44,189.44,189.44,0
DWS029,20160525,192.19,192.19,192.19,192.19,0
DWS029,20160527,195.28,195.28,195.28,195.28,0
DWS029,20160530,195.38,195.38,195.38,195.38,0
DWS029,20160531,194.75,194.75,194.75,194.75,0
DWS029,20160601,194.32,194.32,194.32,194.32,0
DWS029,20160602,195.87,195.87,195.87,195.87,0
DWS029,20160603,192.91,192.91,192.91,192.91,0
DWS029,20160606,192.85,192.85,192.85,192.85,0
DWS029,20160607,194.06,194.06,194.06,194.06,0
DWS029,20160608,193.19,193.19,193.19,193.19,0
DWS029,20160609,191.83,191.83,191.83,191.83,0
DWS029,20160610,191.52,191.52,191.52,191.52,0
DWS029,20160613,189.98,189.98,189.98,189.98,0
DWS029,20160614,192.66,192.66,192.66,192.66,0
DWS029,20160615,193.76,193.76,193.76,193.76,0
DWS029,20160616,192.35,192.35,192.35,192.35,0
DWS029,20160617,192.73,192.73,192.73,192.73,0
DWS029,20160620,191.36,191.36,191.36,191.36,0
DWS029,20160621,192.34,192.34,192.34,192.34,0
DWS029,20160622,192.44,192.44,192.44,192.44,0
DWS029,20160623,191.69,191.69,191.69,191.69,0
DWS029,20160624,192.55,192.55,192.55,192.55,0
DWS029,20160627,194.47,194.47,194.47,194.47,0
DWS029,20160628,193.83,193.83,193.83,193.83,0
DWS029,20160629,195.86,195.86,195.86,195.86,0
DWS029,20160630,199.49,199.49,199.49,199.49,0
DWS029,20160701,198.15,198.15,198.15,198.15,0
DWS029,20160704,200.55,200.55,200.55,200.55,0
DWS029,20160705,199.88,199.88,199.88,199.88,0
DWS029,20160706,199.26,199.26,199.26,199.26,0
DWS029,20160707,200.27,200.27,200.27,200.27,0
DWS029,20160708,200.71,200.71,200.71,200.71,0
DWS029,20160711,203.29,203.29,203.29,203.29,0
DWS029,20160712,204.89,204.89,204.89,204.89,0
DWS029,20160713,203.46,203.46,203.46,203.46,0
DWS029,20160714,205.21,205.21,205.21,205.21,0
DWS029,20160715,205.34,205.34,205.34,205.34,0
DWS029,20160718,204.57,204.57,204.57,204.57,0
DWS029,20160719,203.40,203.40,203.40,203.40,0
DWS029,20160720,205.26,205.26,205.26,205.26,0
DWS029,20160721,204.85,204.85,204.85,204.85,0
DWS029,20160722,205.15,205.15,205.15,205.15,0
DWS029,20160725,205.78,205.78,205.78,205.78,0
DWS029,20160726,206.19,206.19,206.19,206.19,0
DWS029,20160727,206.85,206.85,206.85,206.85,0
DWS029,20160728,206.26,206.26,206.26,206.26,0
DWS029,20160729,204.49,204.49,204.49,204.49,0
DWS029,20160801,204.66,204.66,204.66,204.66,0
DWS029,20160802,204.21,204.21,204.21,204.21,0
DWS029,20160803,201.87,201.87,201.87,201.87,0
DWS029,20160804,202.06,202.06,202.06,202.06,0
DWS029,20160805,203.53,203.53,203.53,203.53,0
DWS029,20160808,205.01,205.01,205.01,205.01,0
DWS029,20160809,204.87,204.87,204.87,204.87,0
DWS029,20160810,202.93,202.93,202.93,202.93,0
DWS029,20160811,203.24,203.24,203.24,203.24,0
DWS029,20160812,204.27,204.27,204.27,204.27,0
DWS029,20160816,203.83,203.83,203.83,203.83,0
DWS029,20160817,204.68,204.68,204.68,204.68,0
DWS029,20160818,204.79,204.79,204.79,204.79,0
DWS029,20160819,205.03,205.03,205.03,205.03,0
DWS029,20160822,204.78,204.78,204.78,204.78,0
DWS029,20160823,206.08,206.08,206.08,206.08,0
DWS029,20160824,205.97,205.97,205.97,205.97,0
DWS029,20160825,205.17,205.17,205.17,205.17,0
DWS029,20160826,205.14,205.14,205.14,205.14,0
DWS029,20160829,207.69,207.69,207.69,207.69,0
DWS029,20160830,209.68,209.68,209.68,209.68,0
DWS029,20160831,211.98,211.98,211.98,211.98,0
DWS029,20160901,210.50,210.50,210.50,210.50,0
DWS029,20160902,213.49,213.49,213.49,213.49,0
DWS029,20160905,213.97,213.97,213.97,213.97,0
DWS029,20160906,215.20,215.20,215.20,215.20,0
DWS029,20160907,214.05,214.05,214.05,214.05,0
DWS029,20160908,213.34,213.34,213.34,213.34,0
DWS029,20160909,212.76,212.76,212.76,212.76,0
DWS029,20160912,209.42,209.42,209.42,209.42,0
DWS029,20160913,208.69,208.69,208.69,208.69,0
DWS029,20160914,209.30,209.30,209.30,209.30,0
DWS029,20160915,209.92,209.92,209.92,209.92,0
DWS029,20160916,209.93,209.93,209.93,209.93,0
DWS029,20160919,211.29,211.29,211.29,211.29,0
DWS029,20160920,210.26,210.26,210.26,210.26,0
DWS029,20160921,211.42,211.42,211.42,211.42,0
DWS029,20160922,212.44,212.44,212.44,212.44,0
DWS029,20160923,211.66,211.66,211.66,211.66,0
DWS029,20160926,208.64,208.64,208.64,208.64,0
DWS029,20160927,210.15,210.15,210.15,210.15,0
DWS029,20160928,210.52,210.52,210.52,210.52,0
DWS029,20160929,208.61,208.61,208.61,208.61,0
DWS029,20160930,207.94,207.94,207.94,207.94,0
DWS029,20161003,207.68,207.68,207.68,207.68,0
DWS029,20161004,211.41,211.41,211.41,211.41,0
DWS029,20161005,211.40,211.40,211.40,211.40,0
DWS029,20161006,211.49,211.49,211.49,211.49,0
DWS029,20161007,209.96,209.96,209.96,209.96,0
DWS029,20161010,210.69,210.69,210.69,210.69,0
DWS029,20161011,210.56,210.56,210.56,210.56,0
DWS029,20161012,210.30,210.30,210.30,210.30,0
DWS029,20161013,208.59,208.59,208.59,208.59,0
DWS029,20161014,210.33,210.33,210.33,210.33,0
DWS029,20161017,209.18,209.18,209.18,209.18,0
DWS029,20161018,212.51,212.51,212.51,212.51,0
DWS029,20161019,213.01,213.01,213.01,213.01,0
DWS029,20161020,213.85,213.85,213.85,213.85,0
DWS029,20161021,215.07,215.07,215.07,215.07,0
DWS029,20161024,215.78,215.78,215.78,215.78,0
DWS029,20161025,214.81,214.81,214.81,214.81,0
DWS029,20161026,212.94,212.94,212.94,212.94,0
DWS029,20161027,212.98,212.98,212.98,212.98,0
DWS029,20161028,211.75,211.75,211.75,211.75,0
DWS029,20161031,210.56,210.56,210.56,210.56,0
DWS029,20161102,206.82,206.82,206.82,206.82,0
DWS029,20161103,205.30,205.30,205.30,205.30,0
DWS029,20161104,203.88,203.88,203.88,203.88,0
DWS029,20161107,207.23,207.23,207.23,207.23,0
DWS029,20161108,208.67,208.67,208.67,208.67,0
DWS029,20161109,206.24,206.24,206.24,206.24,0
DWS029,20161110,207.65,207.65,207.65,207.65,0
DWS029,20161114,205.18,205.18,205.18,205.18,0
DWS029,20161115,206.11,206.11,206.11,206.11,0
DWS029,20161116,207.74,207.74,207.74,207.74,0
DWS029,20161117,209.01,209.01,209.01,209.01,0
DWS029,20161118,209.58,209.58,209.58,209.58,0
DWS029,20161121,208.39,208.39,208.39,208.39,0
DWS029,20161122,208.43,208.43,208.43,208.43,0
DWS029,20161123,208.53,208.53,208.53,208.53,0
DWS029,20161124,208.62,208.62,208.62,208.62,0
DWS029,20161125,210.30,210.30,210.30,210.30,0
DWS029,20161128,211.72,211.72,211.72,211.72,0
DWS029,20161129,211.17,211.17,211.17,211.17,0
DWS029,20161130,213.09,213.09,213.09,213.09,0
DWS029,20161201,213.08,213.08,213.08,213.08,0
DWS029,20161202,211.79,211.79,211.79,211.79,0
DWS029,20161205,210.01,210.01,210.01,210.01,0
DWS029,20161206,212.20,212.20,212.20,212.20,0
DWS029,20161207,208.14,208.14,208.14,208.14,0
DWS029,20161208,213.72,213.72,213.72,213.72,0
DWS029,20161209,214.48,214.48,214.48,214.48,0
DWS029,20161212,211.96,211.96,211.96,211.96,0
DWS029,20161213,211.67,211.67,211.67,211.67,0
DWS029,20161214,210.44,210.44,210.44,210.44,0
DWS029,20161215,210.65,210.65,210.65,210.65,0
DWS029,20161216,210.18,210.18,210.18,210.18,0
DWS029,20161219,208.40,208.40,208.40,208.40,0
DWS029,20161220,207.93,207.93,207.93,207.93,0
DWS029,20161221,208.14,208.14,208.14,208.14,0
DWS029,20161222,205.29,205.29,205.29,205.29,0
DWS029,20161223,205.69,205.69,205.69,205.69,0
DWS029,20161227,205.38,205.38,205.38,205.38,0
DWS029,20161228,207.44,207.44,207.44,207.44,0
DWS029,20161229,208.08,208.08,208.08,208.08,0
DWS029,20161230,208.20,208.20,208.20,208.20,0
DWS029,20170102,208.71,208.71,208.71,208.71,0
DWS029,20170103,210.18,210.18,210.18,210.18,0
DWS029,20170104,209.64,209.64,209.64,209.64,0
DWS029,20170105,209.44,209.44,209.44,209.44,0
DWS029,20170109,208.73,208.73,208.73,208.73,0
DWS029,20170110,210.10,210.10,210.10,210.10,0
DWS029,20170111,211.94,211.94,211.94,211.94,0
DWS029,20170112,210.60,210.60,210.60,210.60,0
DWS029,20170113,210.89,210.89,210.89,210.89,0
DWS029,20170116,210.41,210.41,210.41,210.41,0
DWS029,20170117,209.53,209.53,209.53,209.53,0
DWS029,20170118,211.21,211.21,211.21,211.21,0
DWS029,20170119,211.47,211.47,211.47,211.47,0
DWS029,20170120,209.19,209.19,209.19,209.19,0
DWS029,20170123,209.33,209.33,209.33,209.33,0
DWS029,20170124,211.10,211.10,211.10,211.10,0
DWS029,20170125,212.05,212.05,212.05,212.05,0
DWS029,20170126,213.35,213.35,213.35,213.35,0
DWS029,20170127,212.37,212.37,212.37,212.37,0
DWS029,20170130,211.35,211.35,211.35,211.35,0
DWS029,20170131,210.43,210.43,210.43,210.43,0
DWS029,20170201,211.22,211.22,211.22,211.22,0
DWS029,20170202,210.33,210.33,210.33,210.33,0
DWS029,20170203,210.85,210.85,210.85,210.85,0
DWS029,20170206,212.23,212.23,212.23,212.23,0
DWS029,20170207,212.84,212.84,212.84,212.84,0
DWS029,20170208,215.13,215.13,215.13,215.13,0
DWS029,20170209,217.51,217.51,217.51,217.51,0
DWS029,20170210,217.39,217.39,217.39,217.39,0
DWS029,20170213,219.37,219.37,219.37,219.37,0
DWS029,20170214,219.10,219.10,219.10,219.10,0
DWS029,20170215,219.19,219.19,219.19,219.19,0
DWS029,20170216,219.28,219.28,219.28,219.28,0
DWS029,20170217,220.31,220.31,220.31,220.31,0
DWS029,20170220,221.49,221.49,221.49,221.49,0
DWS029,20170221,222.95,222.95,222.95,222.95,0
DWS029,20170222,223.02,223.02,223.02,223.02,0
DWS029,20170223,223.64,223.64,223.64,223.64,0
DWS029,20170224,222.87,222.87,222.87,222.87,0
DWS029,20170227,221.68,221.68,221.68,221.68,0
DWS029,20170228,221.13,221.13,221.13,221.13,0
DWS029,20170301,223.05,223.05,223.05,223.05,0
DWS029,20170302,221.91,221.91,221.91,221.91,0
DWS029,20170303,221.25,221.25,221.25,221.25,0
DWS029,20170306,221.24,221.24,221.24,221.24,0
DWS029,20170307,222.12,222.12,222.12,222.12,0
DWS029,20170308,222.91,222.91,222.91,222.91,0
DWS029,20170309,221.45,221.45,221.45,221.45,0
DWS029,20170310,220.52,220.52,220.52,220.52,0
DWS029,20170313,225.15,225.15,225.15,225.15,0
DWS029,20170314,224.03,224.03,224.03,224.03,0
DWS029,20170315,225.53,225.53,225.53,225.53,0
DWS029,20170316,227.64,227.64,227.64,227.64,0
DWS029,20170317,226.15,226.15,226.15,226.15,0
DWS029,20170320,225.86,225.86,225.86,225.86,0
DWS029,20170321,223.93,223.93,223.93,223.93,0
DWS029,20170322,222.18,222.18,222.18,222.18,0
DWS029,20170323,223.03,223.03,223.03,223.03,0
DWS029,20170324,222.74,222.74,222.74,222.74,0
DWS029,20170327,220.58,220.58,220.58,220.58,0
DWS029,20170328,222.46,222.46,222.46,222.46,0
DWS029,20170329,223.57,223.57,223.57,223.57,0
DWS029,20170330,224.27,224.27,224.27,224.27,0
DWS029,20170331,223.13,223.13,223.13,223.13,0
DWS029,20170403,225.43,225.43,225.43,225.43,0
DWS029,20170404,228.02,228.02,228.02,228.02,0
DWS029,20170405,228.17,228.17,228.17,228.17,0
DWS029,20170406,227.83,227.83,227.83,227.83,0
DWS029,20170407,227.51,227.51,227.51,227.51,0
DWS029,20170410,227.53,227.53,227.53,227.53,0
DWS029,20170411,228.02,228.02,228.02,228.02,0
DWS029,20170412,227.91,227.91,227.91,227.91,0
DWS029,20170413,228.64,228.64,228.64,228.64,0
DWS029,20170418,225.12,225.12,225.12,225.12,0
DWS029,20170419,223.48,223.48,223.48,223.48,0
DWS029,20170420,224.95,224.95,224.95,224.95,0
DWS029,20170421,225.44,225.44,225.44,225.44,0
DWS029,20170424,225.04,225.04,225.04,225.04,0
DWS029,20170425,224.48,224.48,224.48,224.48,0
DWS029,20170426,225.49,225.49,225.49,225.49,0
DWS029,20170427,225.24,225.24,225.24,225.24,0
DWS029,20170428,224.36,224.36,224.36,224.36,0
DWS029,20170502,224.28,224.28,224.28,224.28,0
DWS029,20170504,223.91,223.91,223.91,223.91,0
DWS029,20170505,221.56,221.56,221.56,221.56,0
DWS029,20170508,220.75,220.75,220.75,220.75,0
DWS029,20170509,223.80,223.80,223.80,223.80,0
DWS029,20170510,225.65,225.65,225.65,225.65,0
DWS029,20170511,226.96,226.96,226.96,226.96,0
DWS029,20170512,227.16,227.16,227.16,227.16,0
DWS029,20170515,226.94,226.94,226.94,226.94,0
DWS029,20170516,225.05,225.05,225.05,225.05,0
DWS029,20170517,224.66,224.66,224.66,224.66,0
DWS029,20170518,221.91,221.91,221.91,221.91,0
DWS029,20170519,220.85,220.85,220.85,220.85,0
DWS029,20170522,221.49,221.49,221.49,221.49,0
DWS029,20170523,218.45,218.45,218.45,218.45,0
DWS029,20170524,218.61,218.61,218.61,218.61,0
DWS029,20170525,219.66,219.66,219.66,219.66,0
DWS029,20170526,221.52,221.52,221.52,221.52,0
DWS029,20170529,221.69,221.69,221.69,221.69,0
DWS029,20170530,221.71,221.71,221.71,221.71,0
DWS029,20170531,221.11,221.11,221.11,221.11,0
DWS029,20170601,222.52,222.52,222.52,222.52,0
DWS029,20170602,221.10,221.10,221.10,221.10,0
DWS029,20170605,220.64,220.64,220.64,220.64,0
DWS029,20170606,222.43,222.43,222.43,222.43,0
DWS029,20170607,223.19,223.19,223.19,223.19,0
DWS029,20170608,226.82,226.82,226.82,226.82,0
DWS029,20170609,225.74,225.74,225.74,225.74,0
DWS029,20170612,223.17,223.17,223.17,223.17,0
DWS029,20170613,223.97,223.97,223.97,223.97,0
DWS029,20170614,222.22,222.22,222.22,222.22,0
DWS029,20170616,223.10,223.10,223.10,223.10,0
DWS029,20170619,225.35,225.35,225.35,225.35,0
DWS029,20170620,226.17,226.17,226.17,226.17,0
DWS029,20170621,227.00,227.00,227.00,227.00,0
DWS029,20170622,226.69,226.69,226.69,226.69,0
DWS029,20170623,225.00,225.00,225.00,225.00,0
DWS029,20170626,225.37,225.37,225.37,225.37,0
DWS029,20170627,221.26,221.26,221.26,221.26,0
DWS029,20170628,220.03,220.03,220.03,220.03,0
DWS029,20170629,219.43,219.43,219.43,219.43,0
DWS029,20170630,219.23,219.23,219.23,219.23,0
DWS029,20170703,221.02,221.02,221.02,221.02,0
DWS029,20170704,221.56,221.56,221.56,221.56,0
DWS029,20170705,223.13,223.13,223.13,223.13,0
DWS029,20170706,221.42,221.42,221.42,221.42,0
DWS029,20170707,221.37,221.37,221.37,221.37,0
DWS029,20170710,222.95,222.95,222.95,222.95,0
DWS029,20170711,224.64,224.64,224.64,224.64,0
DWS029,20170712,227.07,227.07,227.07,227.07,0
DWS029,20170713,228.98,228.98,228.98,228.98,0
DWS029,20170714,228.05,228.05,228.05,228.05,0
DWS029,20170717,227.92,227.92,227.92,227.92,0
DWS029,20170718,225.86,225.86,225.86,225.86,0
DWS029,20170719,228.89,228.89,228.89,228.89,0
DWS029,20170720,226.93,226.93,226.93,226.93,0
DWS029,20170721,226.38,226.38,226.38,226.38,0
DWS029,20170724,228.97,228.97,228.97,228.97,0
DWS029,20170725,228.95,228.95,228.95,228.95,0
DWS029,20170726,229.99,229.99,229.99,229.99,0
DWS029,20170727,230.91,230.91,230.91,230.91,0
DWS029,20170728,229.14,229.14,229.14,229.14,0
DWS029,20170731,229.71,229.71,229.71,229.71,0
DWS029,20170801,230.02,230.02,230.02,230.02,0
DWS029,20170802,229.08,229.08,229.08,229.08,0
DWS029,20170803,228.05,228.05,228.05,228.05,0
DWS029,20170804,230.15,230.15,230.15,230.15,0
DWS029,20170807,231.24,231.24,231.24,231.24,0
DWS029,20170808,232.53,232.53,232.53,232.53,0
DWS029,20170809,231.76,231.76,231.76,231.76,0
DWS029,20170810,228.81,228.81,228.81,228.81,0
DWS029,20170811,223.91,223.91,223.91,223.91,0
DWS029,20170814,228.43,228.43,228.43,228.43,0
DWS029,20170816,229.86,229.86,229.86,229.86,0
DWS029,20170817,229.37,229.37,229.37,229.37,0
DWS029,20170818,229.12,229.12,229.12,229.12,0
DWS029,20170821,227.44,227.44,227.44,227.44,0
DWS029,20170822,229.79,229.79,229.79,229.79,0
DWS029,20170823,230.11,230.11,230.11,230.11,0
DWS029,20170824,231.65,231.65,231.65,231.65,0
DWS029,20170825,229.90,229.90,229.90,229.90,0
DWS029,20170828,227.65,227.65,227.65,227.65,0
DWS029,20170829,224.96,224.96,224.96,224.96,0
DWS029,20170830,228.48,228.48,228.48,228.48,0
DWS029,20170831,230.09,230.09,230.09,230.09,0
DWS029,20170901,230.09,230.09,230.09,230.09,0
DWS029,20170904,229.36,229.36,229.36,229.36,0
DWS029,20170905,228.67,228.67,228.67,228.67,0
DWS029,20170906,228.67,228.67,228.67,228.67,0
DWS029,20170907,228.40,228.40,228.40,228.40,0
DWS029,20170908,228.46,228.46,228.46,228.46,0
DWS029,20170911,229.38,229.38,229.38,229.38,0
DWS029,20170912,231.27,231.27,231.27,231.27,0
DWS029,20170913,232.64,232.64,232.64,232.64,0
DWS029,20170914,234.67,234.67,234.67,234.67,0
DWS029,20170915,233.60,233.60,233.60,233.60,0
DWS029,20170918,235.78,235.78,235.78,235.78,0
DWS029,20170919,235.81,235.81,235.81,235.81,0
DWS029,20170920,234.49,234.49,234.49,234.49,0
DWS029,20170921,234.43,234.43,234.43,234.43,0
