Name,Date,Open,High,Low,Close,Volume
DWS027,20081007,100.02,100.02,100.02,100.02,0
DWS027,20081008,100.02,100.02,100.02,100.02,0
DWS027,20081009,100.02,100.02,100.02,100.02,0
DWS027,20081010,100.03,100.03,100.03,100.03,0
DWS027,20081013,100.04,100.04,100.04,100.04,0
DWS027,20081014,100.05,100.05,100.05,100.05,0
DWS027,20081015,100.05,100.05,100.05,100.05,0
DWS027,20081016,100.05,100.05,100.05,100.05,0
DWS027,20081017,100.06,100.06,100.06,100.06,0
DWS027,20081020,100.07,100.07,100.07,100.07,0
DWS027,20081021,100.07,100.07,100.07,100.07,0
DWS027,20081022,100.07,100.07,100.07,100.07,0
DWS027,20081023,100.07,100.07,100.07,100.07,0
DWS027,20081024,100.07,100.07,100.07,100.07,0
DWS027,20081027,100.07,100.07,100.07,100.07,0
DWS027,20081028,100.07,100.07,100.07,100.07,0
DWS027,20081029,100.07,100.07,100.07,100.07,0
DWS027,20081030,100.07,100.07,100.07,100.07,0
DWS027,20081031,100.82,100.82,100.82,100.82,0
DWS027,20081103,101.71,101.71,101.71,101.71,0
DWS027,20081104,104.86,104.86,104.86,104.86,0
DWS027,20081105,105.10,105.10,105.10,105.10,0
DWS027,20081106,95.71,95.71,95.71,95.71,0
DWS027,20081107,99.75,99.75,99.75,99.75,0
DWS027,20081110,109.37,109.37,109.37,109.37,0
DWS027,20081112,90.77,90.77,90.77,90.77,0
DWS027,20081113,89.02,89.02,89.02,89.02,0
DWS027,20081114,96.41,96.41,96.41,96.41,0
DWS027,20081117,88.21,88.21,88.21,88.21,0
DWS027,20081118,86.37,86.37,86.37,86.37,0
DWS027,20081119,87.34,87.34,87.34,87.34,0
DWS027,20081120,83.50,83.50,83.50,83.50,0
DWS027,20081121,84.05,84.05,84.05,84.05,0
DWS027,20081124,85.29,85.29,85.29,85.29,0
DWS027,20081125,88.69,88.69,88.69,88.69,0
DWS027,20081126,85.13,85.13,85.13,85.13,0
DWS027,20081127,87.89,87.89,87.89,87.89,0
DWS027,20081128,83.49,83.49,83.49,83.49,0
DWS027,20081201,83.91,83.91,83.91,83.91,0
DWS027,20081202,82.99,82.99,82.99,82.99,0
DWS027,20081203,83.00,83.00,83.00,83.00,0
DWS027,20081204,83.07,83.07,83.07,83.07,0
DWS027,20081205,81.32,81.32,81.32,81.32,0
DWS027,20081208,84.96,84.96,84.96,84.96,0
DWS027,20081209,85.29,85.29,85.29,85.29,0
DWS027,20081210,85.59,85.59,85.59,85.59,0
DWS027,20081211,88.15,88.15,88.15,88.15,0
DWS027,20081212,85.39,85.39,85.39,85.39,0
DWS027,20081215,88.29,88.29,88.29,88.29,0
DWS027,20081216,88.20,88.20,88.20,88.20,0
DWS027,20081217,86.92,86.92,86.92,86.92,0
DWS027,20081218,80.79,80.79,80.79,80.79,0
DWS027,20081219,77.60,77.60,77.60,77.60,0
DWS027,20081222,77.90,77.90,77.90,77.90,0
DWS027,20081223,79.49,79.49,79.49,79.49,0
DWS027,20081229,80.88,80.88,80.88,80.88,0
DWS027,20081230,79.47,79.47,79.47,79.47,0
DWS027,20081231,80.64,80.64,80.64,80.64,0
DWS027,20090105,78.94,78.94,78.94,78.94,0
DWS027,20090106,80.83,80.83,80.83,80.83,0
DWS027,20090107,77.47,77.47,77.47,77.47,0
DWS027,20090108,77.94,77.94,77.94,77.94,0
DWS027,20090109,78.77,78.77,78.77,78.77,0
DWS027,20090112,76.28,76.28,76.28,76.28,0
DWS027,20090113,78.92,78.92,78.92,78.92,0
DWS027,20090114,78.14,78.14,78.14,78.14,0
DWS027,20090115,77.23,77.23,77.23,77.23,0
DWS027,20090116,74.94,74.94,74.94,74.94,0
DWS027,20090119,74.68,74.68,74.68,74.68,0
DWS027,20090120,71.04,71.04,71.04,71.04,0
DWS027,20090121,72.42,72.42,72.42,72.42,0
DWS027,20090122,73.93,73.93,73.93,73.93,0
DWS027,20090123,71.10,71.10,71.10,71.10,0
DWS027,20090126,73.58,73.58,73.58,73.58,0
DWS027,20090127,73.42,73.42,73.42,73.42,0
DWS027,20090128,74.09,74.09,74.09,74.09,0
DWS027,20090129,72.89,72.89,72.89,72.89,0
DWS027,20090130,74.82,74.82,74.82,74.82,0
DWS027,20090202,72.32,72.32,72.32,72.32,0
DWS027,20090203,74.55,74.55,74.55,74.55,0
DWS027,20090204,74.69,74.69,74.69,74.69,0
DWS027,20090205,74.64,74.64,74.64,74.64,0
DWS027,20090206,75.09,75.09,75.09,75.09,0
DWS027,20090209,78.66,78.66,78.66,78.66,0
DWS027,20090210,79.87,79.87,79.87,79.87,0
DWS027,20090211,82.95,82.95,82.95,82.95,0
DWS027,20090212,82.07,82.07,82.07,82.07,0
DWS027,20090213,84.68,84.68,84.68,84.68,0
DWS027,20090216,84.85,84.85,84.85,84.85,0
DWS027,20090217,84.25,84.25,84.25,84.25,0
DWS027,20090218,80.28,80.28,80.28,80.28,0
DWS027,20090219,80.72,80.72,80.72,80.72,0
DWS027,20090220,79.91,79.91,79.91,79.91,0
DWS027,20090223,80.27,80.27,80.27,80.27,0
DWS027,20090224,76.60,76.60,76.60,76.60,0
DWS027,20090225,79.45,79.45,79.45,79.45,0
DWS027,20090226,79.78,79.78,79.78,79.78,0
DWS027,20090227,80.99,80.99,80.99,80.99,0
DWS027,20090302,80.42,80.42,80.42,80.42,0
DWS027,20090303,80.13,80.13,80.13,80.13,0
DWS027,20090304,82.14,82.14,82.14,82.14,0
DWS027,20090305,81.06,81.06,81.06,81.06,0
DWS027,20090306,81.70,81.70,81.70,81.70,0
DWS027,20090309,81.73,81.73,81.73,81.73,0
DWS027,20090310,83.41,83.41,83.41,83.41,0
DWS027,20090311,84.74,84.74,84.74,84.74,0
DWS027,20090312,82.53,82.53,82.53,82.53,0
DWS027,20090313,83.78,83.78,83.78,83.78,0
DWS027,20090316,83.06,83.06,83.06,83.06,0
DWS027,20090317,85.30,85.30,85.30,85.30,0
DWS027,20090318,83.82,83.82,83.82,83.82,0
DWS027,20090319,85.30,85.30,85.30,85.30,0
DWS027,20090320,88.75,88.75,88.75,88.75,0
DWS027,20090323,90.62,90.62,90.62,90.62,0
DWS027,20090324,89.64,89.64,89.64,89.64,0
DWS027,20090325,93.72,93.72,93.72,93.72,0
DWS027,20090326,94.12,94.12,94.12,94.12,0
DWS027,20090327,95.52,95.52,95.52,95.52,0
DWS027,20090330,92.45,92.45,92.45,92.45,0
DWS027,20090331,93.24,93.24,93.24,93.24,0
DWS027,20090401,92.05,92.05,92.05,92.05,0
DWS027,20090402,93.91,93.91,93.91,93.91,0
DWS027,20090403,95.20,95.20,95.20,95.20,0
DWS027,20090406,98.85,98.85,98.85,98.85,0
DWS027,20090407,94.75,94.75,94.75,94.75,0
DWS027,20090408,95.31,95.31,95.31,95.31,0
DWS027,20090409,102.45,102.45,102.45,102.45,0
DWS027,20090414,104.84,104.84,104.84,104.84,0
DWS027,20090415,98.20,98.20,98.20,98.20,0
DWS027,20090416,100.62,100.62,100.62,100.62,0
DWS027,20090417,102.34,102.34,102.34,102.34,0
DWS027,20090420,100.95,100.95,100.95,100.95,0
DWS027,20090421,101.47,101.47,101.47,101.47,0
DWS027,20090422,102.44,102.44,102.44,102.44,0
DWS027,20090423,105.78,105.78,105.78,105.78,0
DWS027,20090424,106.01,106.01,106.01,106.01,0
DWS027,20090427,106.85,106.85,106.85,106.85,0
DWS027,20090428,104.64,104.64,104.64,104.64,0
DWS027,20090429,105.53,105.53,105.53,105.53,0
DWS027,20090430,107.19,107.19,107.19,107.19,0
DWS027,20090504,106.68,106.68,106.68,106.68,0
DWS027,20090505,107.69,107.69,107.69,107.69,0
DWS027,20090506,110.29,110.29,110.29,110.29,0
DWS027,20090507,111.88,111.88,111.88,111.88,0
DWS027,20090508,111.36,111.36,111.36,111.36,0
DWS027,20090511,110.65,110.65,110.65,110.65,0
DWS027,20090512,111.61,111.61,111.61,111.61,0
DWS027,20090513,110.09,110.09,110.09,110.09,0
DWS027,20090514,108.57,108.57,108.57,108.57,0
DWS027,20090515,111.43,111.43,111.43,111.43,0
DWS027,20090518,110.76,110.76,110.76,110.76,0
DWS027,20090519,113.17,113.17,113.17,113.17,0
DWS027,20090520,112.32,112.32,112.32,112.32,0
DWS027,20090521,112.57,112.57,112.57,112.57,0
DWS027,20090522,114.10,114.10,114.10,114.10,0
DWS027,20090525,111.04,111.04,111.04,111.04,0
DWS027,20090526,111.60,111.60,111.60,111.60,0
DWS027,20090527,117.58,117.58,117.58,117.58,0
DWS027,20090528,117.52,117.52,117.52,117.52,0
DWS027,20090529,120.08,120.08,120.08,120.08,0
DWS027,20090601,120.29,120.29,120.29,120.29,0
DWS027,20090602,126.34,126.34,126.34,126.34,0
DWS027,20090603,122.88,122.88,122.88,122.88,0
DWS027,20090604,120.98,120.98,120.98,120.98,0
DWS027,20090605,123.30,123.30,123.30,123.30,0
DWS027,20090608,123.20,123.20,123.20,123.20,0
DWS027,20090609,121.41,121.41,121.41,121.41,0
DWS027,20090610,122.17,122.17,122.17,122.17,0
DWS027,20090612,123.02,123.02,123.02,123.02,0
DWS027,20090615,121.34,121.34,121.34,121.34,0
DWS027,20090616,121.49,121.49,121.49,121.49,0
DWS027,20090617,117.31,117.31,117.31,117.31,0
DWS027,20090618,113.17,113.17,113.17,113.17,0
DWS027,20090619,115.82,115.82,115.82,115.82,0
DWS027,20090622,114.86,114.86,114.86,114.86,0
DWS027,20090623,112.88,112.88,112.88,112.88,0
DWS027,20090624,110.36,110.36,110.36,110.36,0
DWS027,20090625,109.54,109.54,109.54,109.54,0
DWS027,20090626,109.82,109.82,109.82,109.82,0
DWS027,20090629,109.88,109.88,109.88,109.88,0
DWS027,20090630,107.96,107.96,107.96,107.96,0
DWS027,20090701,110.42,110.42,110.42,110.42,0
DWS027,20090702,107.98,107.98,107.98,107.98,0
DWS027,20090703,106.25,106.25,106.25,106.25,0
DWS027,20090706,104.56,104.56,104.56,104.56,0
DWS027,20090707,105.38,105.38,105.38,105.38,0
DWS027,20090708,102.76,102.76,102.76,102.76,0
DWS027,20090709,99.58,99.58,99.58,99.58,0
DWS027,20090710,96.70,96.70,96.70,96.70,0
DWS027,20090713,95.64,95.64,95.64,95.64,0
DWS027,20090714,98.73,98.73,98.73,98.73,0
DWS027,20090715,99.17,99.17,99.17,99.17,0
DWS027,20090716,100.43,100.43,100.43,100.43,0
DWS027,20090717,102.04,102.04,102.04,102.04,0
DWS027,20090720,105.07,105.07,105.07,105.07,0
DWS027,20090721,105.69,105.69,105.69,105.69,0
DWS027,20090722,104.00,104.00,104.00,104.00,0
DWS027,20090723,104.32,104.32,104.32,104.32,0
DWS027,20090724,107.58,107.58,107.58,107.58,0
DWS027,20090727,107.82,107.82,107.82,107.82,0
DWS027,20090728,106.19,106.19,106.19,106.19,0
DWS027,20090729,105.21,105.21,105.21,105.21,0
DWS027,20090730,105.36,105.36,105.36,105.36,0
DWS027,20090731,107.85,107.85,107.85,107.85,0
DWS027,20090803,109.69,109.69,109.69,109.69,0
DWS027,20090804,109.60,109.60,109.60,109.60,0
DWS027,20090805,108.57,108.57,108.57,108.57,0
DWS027,20090806,110.16,110.16,110.16,110.16,0
DWS027,20090807,108.83,108.83,108.83,108.83,0
DWS027,20090810,109.03,109.03,109.03,109.03,0
DWS027,20090811,105.94,105.94,105.94,105.94,0
DWS027,20090812,109.21,109.21,109.21,109.21,0
DWS027,20090813,110.61,110.61,110.61,110.61,0
DWS027,20090814,108.07,108.07,108.07,108.07,0
DWS027,20090817,106.98,106.98,106.98,106.98,0
DWS027,20090818,106.50,106.50,106.50,106.50,0
DWS027,20090819,106.69,106.69,106.69,106.69,0
DWS027,20090820,106.45,106.45,106.45,106.45,0
DWS027,20090821,106.39,106.39,106.39,106.39,0
DWS027,20090824,111.85,111.85,111.85,111.85,0
DWS027,20090825,111.75,111.75,111.75,111.75,0
DWS027,20090826,109.71,109.71,109.71,109.71,0
DWS027,20090827,110.12,110.12,110.12,110.12,0
DWS027,20090828,110.14,110.14,110.14,110.14,0
DWS027,20090831,107.88,107.88,107.88,107.88,0
DWS027,20090901,109.07,109.07,109.07,109.07,0
DWS027,20090902,110.69,110.69,110.69,110.69,0
DWS027,20090903,110.31,110.31,110.31,110.31,0
DWS027,20090904,111.57,111.57,111.57,111.57,0
DWS027,20090907,111.51,111.51,111.51,111.51,0
DWS027,20090908,113.24,113.24,113.24,113.24,0
DWS027,20090909,114.78,114.78,114.78,114.78,0
DWS027,20090910,116.90,116.90,116.90,116.90,0
DWS027,20090911,118.98,118.98,118.98,118.98,0
DWS027,20090914,119.35,119.35,119.35,119.35,0
DWS027,20090915,119.68,119.68,119.68,119.68,0
DWS027,20090916,121.56,121.56,121.56,121.56,0
DWS027,20090917,121.40,121.40,121.40,121.40,0
DWS027,20090918,121.10,121.10,121.10,121.10,0
DWS027,20090921,119.61,119.61,119.61,119.61,0
DWS027,20090922,120.08,120.08,120.08,120.08,0
DWS027,20090923,123.55,123.55,123.55,123.55,0
DWS027,20090924,123.41,123.41,123.41,123.41,0
DWS027,20090925,123.31,123.31,123.31,123.31,0
DWS027,20090928,123.25,123.25,123.25,123.25,0
DWS027,20090929,125.19,125.19,125.19,125.19,0
DWS027,20090930,125.05,125.05,125.05,125.05,0
DWS027,20091001,125.51,125.51,125.51,125.51,0
DWS027,20091002,124.53,124.53,124.53,124.53,0
DWS027,20091005,124.26,124.26,124.26,124.26,0
DWS027,20091006,124.43,124.43,124.43,124.43,0
DWS027,20091007,127.79,127.79,127.79,127.79,0
DWS027,20091008,130.30,130.30,130.30,130.30,0
DWS027,20091009,133.03,133.03,133.03,133.03,0
DWS027,20091012,138.94,138.94,138.94,138.94,0
DWS027,20091013,137.29,137.29,137.29,137.29,0
DWS027,20091014,137.25,137.25,137.25,137.25,0
DWS027,20091015,136.65,136.65,136.65,136.65,0
DWS027,20091016,136.24,136.24,136.24,136.24,0
DWS027,20091019,137.29,137.29,137.29,137.29,0
DWS027,20091020,136.22,136.22,136.22,136.22,0
DWS027,20091021,133.69,133.69,133.69,133.69,0
DWS027,20091022,136.66,136.66,136.66,136.66,0
DWS027,20091023,137.48,137.48,137.48,137.48,0
DWS027,20091026,136.48,136.48,136.48,136.48,0
DWS027,20091027,134.78,134.78,134.78,134.78,0
DWS027,20091028,131.57,131.57,131.57,131.57,0
DWS027,20091029,128.04,128.04,128.04,128.04,0
DWS027,20091030,130.94,130.94,130.94,130.94,0
DWS027,20091102,129.68,129.68,129.68,129.68,0
DWS027,20091103,128.58,128.58,128.58,128.58,0
DWS027,20091104,130.34,130.34,130.34,130.34,0
DWS027,20091105,129.59,129.59,129.59,129.59,0
DWS027,20091106,131.83,131.83,131.83,131.83,0
DWS027,20091109,133.18,133.18,133.18,133.18,0
DWS027,20091110,135.48,135.48,135.48,135.48,0
DWS027,20091112,132.81,132.81,132.81,132.81,0
DWS027,20091113,132.46,132.46,132.46,132.46,0
DWS027,20091116,137.17,137.17,137.17,137.17,0
DWS027,20091117,135.90,135.90,135.90,135.90,0
DWS027,20091118,138.42,138.42,138.42,138.42,0
DWS027,20091119,135.02,135.02,135.02,135.02,0
DWS027,20091120,134.19,134.19,134.19,134.19,0
DWS027,20091123,136.61,136.61,136.61,136.61,0
DWS027,20091124,135.17,135.17,135.17,135.17,0
DWS027,20091125,132.33,132.33,132.33,132.33,0
DWS027,20091126,129.56,129.56,129.56,129.56,0
DWS027,20091127,129.60,129.60,129.60,129.60,0
DWS027,20091130,129.34,129.34,129.34,129.34,0
DWS027,20091201,130.39,130.39,130.39,130.39,0
DWS027,20091202,130.35,130.35,130.35,130.35,0
DWS027,20091203,131.50,131.50,131.50,131.50,0
DWS027,20091204,132.77,132.77,132.77,132.77,0
DWS027,20091207,130.44,130.44,130.44,130.44,0
DWS027,20091208,128.43,128.43,128.43,128.43,0
DWS027,20091209,128.72,128.72,128.72,128.72,0
DWS027,20091210,128.84,128.84,128.84,128.84,0
DWS027,20091211,129.60,129.60,129.60,129.60,0
DWS027,20091214,130.13,130.13,130.13,130.13,0
DWS027,20091215,132.96,132.96,132.96,132.96,0
DWS027,20091216,138.41,138.41,138.41,138.41,0
DWS027,20091217,133.17,133.17,133.17,133.17,0
DWS027,20091218,136.14,136.14,136.14,136.14,0
DWS027,20091221,136.76,136.76,136.76,136.76,0
DWS027,20091222,136.73,136.73,136.73,136.73,0
DWS027,20091223,139.31,139.31,139.31,139.31,0
DWS027,20091228,137.72,137.72,137.72,137.72,0
DWS027,20091229,135.04,135.04,135.04,135.04,0
DWS027,20091230,133.95,133.95,133.95,133.95,0
DWS027,20091231,133.57,133.57,133.57,133.57,0
DWS027,20100104,136.48,136.48,136.48,136.48,0
DWS027,20100105,139.93,139.93,139.93,139.93,0
DWS027,20100106,140.08,140.08,140.08,140.08,0
DWS027,20100107,140.57,140.57,140.57,140.57,0
DWS027,20100108,141.83,141.83,141.83,141.83,0
DWS027,20100111,140.23,140.23,140.23,140.23,0
DWS027,20100112,142.32,142.32,142.32,142.32,0
DWS027,20100113,141.69,141.69,141.69,141.69,0
DWS027,20100114,143.45,143.45,143.45,143.45,0
DWS027,20100115,144.40,144.40,144.40,144.40,0
DWS027,20100118,144.83,144.83,144.83,144.83,0
DWS027,20100119,143.92,143.92,143.92,143.92,0
DWS027,20100120,147.41,147.41,147.41,147.41,0
DWS027,20100121,149.12,149.12,149.12,149.12,0
DWS027,20100122,147.43,147.43,147.43,147.43,0
DWS027,20100125,141.60,141.60,141.60,141.60,0
DWS027,20100126,139.09,139.09,139.09,139.09,0
DWS027,20100127,138.80,138.80,138.80,138.80,0
DWS027,20100128,139.96,139.96,139.96,139.96,0
DWS027,20100129,140.65,140.65,140.65,140.65,0
DWS027,20100201,138.92,138.92,138.92,138.92,0
DWS027,20100202,141.79,141.79,141.79,141.79,0
DWS027,20100203,142.95,142.95,142.95,142.95,0
DWS027,20100204,143.05,143.05,143.05,143.05,0
DWS027,20100205,145.12,145.12,145.12,145.12,0
DWS027,20100208,137.73,137.73,137.73,137.73,0
DWS027,20100209,136.19,136.19,136.19,136.19,0
DWS027,20100210,139.21,139.21,139.21,139.21,0
DWS027,20100211,138.07,138.07,138.07,138.07,0
DWS027,20100212,137.34,137.34,137.34,137.34,0
DWS027,20100215,138.71,138.71,138.71,138.71,0
DWS027,20100216,139.68,139.68,139.68,139.68,0
DWS027,20100217,140.34,140.34,140.34,140.34,0
DWS027,20100218,140.33,140.33,140.33,140.33,0
DWS027,20100219,141.31,141.31,141.31,141.31,0
DWS027,20100222,141.34,141.34,141.34,141.34,0
DWS027,20100223,139.82,139.82,139.82,139.82,0
DWS027,20100224,140.37,140.37,140.37,140.37,0
DWS027,20100225,139.46,139.46,139.46,139.46,0
DWS027,20100226,138.12,138.12,138.12,138.12,0
DWS027,20100301,138.43,138.43,138.43,138.43,0
DWS027,20100302,142.01,142.01,142.01,142.01,0
DWS027,20100303,141.06,141.06,141.06,141.06,0
DWS027,20100304,141.92,141.92,141.92,141.92,0
DWS027,20100305,142.20,142.20,142.20,142.20,0
DWS027,20100308,143.55,143.55,143.55,143.55,0
DWS027,20100309,142.75,142.75,142.75,142.75,0
DWS027,20100310,144.38,144.38,144.38,144.38,0
DWS027,20100311,145.78,145.78,145.78,145.78,0
DWS027,20100312,145.62,145.62,145.62,145.62,0
DWS027,20100315,145.45,145.45,145.45,145.45,0
DWS027,20100316,144.39,144.39,144.39,144.39,0
DWS027,20100317,145.70,145.70,145.70,145.70,0
DWS027,20100318,147.11,147.11,147.11,147.11,0
DWS027,20100319,145.74,145.74,145.74,145.74,0
DWS027,20100322,146.39,146.39,146.39,146.39,0
DWS027,20100323,144.97,144.97,144.97,144.97,0
DWS027,20100324,145.53,145.53,145.53,145.53,0
DWS027,20100325,146.40,146.40,146.40,146.40,0
DWS027,20100326,146.63,146.63,146.63,146.63,0
DWS027,20100329,147.30,147.30,147.30,147.30,0
DWS027,20100330,147.97,147.97,147.97,147.97,0
DWS027,20100331,149.52,149.52,149.52,149.52,0
DWS027,20100401,150.15,150.15,150.15,150.15,0
DWS027,20100406,154.13,154.13,154.13,154.13,0
DWS027,20100407,153.02,153.02,153.02,153.02,0
DWS027,20100408,153.11,153.11,153.11,153.11,0
DWS027,20100409,153.23,153.23,153.23,153.23,0
DWS027,20100412,153.21,153.21,153.21,153.21,0
DWS027,20100413,153.99,153.99,153.99,153.99,0
DWS027,20100414,154.54,154.54,154.54,154.54,0
DWS027,20100415,155.03,155.03,155.03,155.03,0
DWS027,20100416,155.62,155.62,155.62,155.62,0
DWS027,20100419,151.10,151.10,151.10,151.10,0
DWS027,20100420,153.36,153.36,153.36,153.36,0
DWS027,20100421,152.25,152.25,152.25,152.25,0
DWS027,20100422,150.89,150.89,150.89,150.89,0
DWS027,20100423,153.07,153.07,153.07,153.07,0
DWS027,20100426,153.99,153.99,153.99,153.99,0
DWS027,20100427,152.85,152.85,152.85,152.85,0
DWS027,20100428,153.71,153.71,153.71,153.71,0
DWS027,20100429,152.75,152.75,152.75,152.75,0
DWS027,20100430,151.72,151.72,151.72,151.72,0
DWS027,20100504,149.12,149.12,149.12,149.12,0
DWS027,20100505,146.17,146.17,146.17,146.17,0
DWS027,20100506,148.15,148.15,148.15,148.15,0
DWS027,20100507,141.22,141.22,141.22,141.22,0
DWS027,20100510,147.41,147.41,147.41,147.41,0
DWS027,20100511,148.81,148.81,148.81,148.81,0
DWS027,20100512,150.38,150.38,150.38,150.38,0
DWS027,20100513,151.94,151.94,151.94,151.94,0
DWS027,20100514,150.94,150.94,150.94,150.94,0
DWS027,20100517,153.58,153.58,153.58,153.58,0
DWS027,20100518,151.54,151.54,151.54,151.54,0
DWS027,20100519,150.67,150.67,150.67,150.67,0
DWS027,20100520,143.28,143.28,143.28,143.28,0
DWS027,20100521,142.05,142.05,142.05,142.05,0
DWS027,20100524,143.55,143.55,143.55,143.55,0
DWS027,20100525,137.00,137.00,137.00,137.00,0
DWS027,20100526,146.45,146.45,146.45,146.45,0
DWS027,20100527,149.41,149.41,149.41,149.41,0
DWS027,20100528,148.77,148.77,148.77,148.77,0
DWS027,20100531,150.49,150.49,150.49,150.49,0
DWS027,20100601,150.65,150.65,150.65,150.65,0
DWS027,20100602,151.29,151.29,151.29,151.29,0
DWS027,20100604,150.23,150.23,150.23,150.23,0
DWS027,20100607,152.08,152.08,152.08,152.08,0
DWS027,20100608,148.40,148.40,148.40,148.40,0
DWS027,20100609,149.91,149.91,149.91,149.91,0
DWS027,20100610,152.51,152.51,152.51,152.51,0
DWS027,20100611,149.40,149.40,149.40,149.40,0
DWS027,20100614,149.64,149.64,149.64,149.64,0
DWS027,20100615,152.17,152.17,152.17,152.17,0
DWS027,20100616,152.04,152.04,152.04,152.04,0
DWS027,20100617,150.33,150.33,150.33,150.33,0
DWS027,20100618,151.79,151.79,151.79,151.79,0
DWS027,20100621,154.22,154.22,154.22,154.22,0
DWS027,20100622,153.39,153.39,153.39,153.39,0
DWS027,20100623,153.03,153.03,153.03,153.03,0
DWS027,20100624,151.94,151.94,151.94,151.94,0
DWS027,20100625,151.67,151.67,151.67,151.67,0
DWS027,20100628,151.91,151.91,151.91,151.91,0
DWS027,20100629,150.77,150.77,150.77,150.77,0
DWS027,20100630,148.23,148.23,148.23,148.23,0
DWS027,20100701,144.33,144.33,144.33,144.33,0
DWS027,20100702,146.52,146.52,146.52,146.52,0
DWS027,20100705,141.03,141.03,141.03,141.03,0
DWS027,20100706,146.72,146.72,146.72,146.72,0
DWS027,20100707,147.69,147.69,147.69,147.69,0
DWS027,20100708,146.81,146.81,146.81,146.81,0
DWS027,20100709,146.35,146.35,146.35,146.35,0
DWS027,20100712,147.99,147.99,147.99,147.99,0
DWS027,20100713,149.63,149.63,149.63,149.63,0
DWS027,20100714,149.31,149.31,149.31,149.31,0
DWS027,20100715,147.10,147.10,147.10,147.10,0
DWS027,20100716,145.63,145.63,145.63,145.63,0
DWS027,20100719,146.43,146.43,146.43,146.43,0
DWS027,20100720,145.72,145.72,145.72,145.72,0
DWS027,20100721,148.09,148.09,148.09,148.09,0
DWS027,20100722,152.89,152.89,152.89,152.89,0
DWS027,20100723,152.08,152.08,152.08,152.08,0
DWS027,20100726,151.48,151.48,151.48,151.48,0
DWS027,20100727,150.01,150.01,150.01,150.01,0
DWS027,20100728,148.97,148.97,148.97,148.97,0
DWS027,20100729,148.63,148.63,148.63,148.63,0
DWS027,20100730,147.61,147.61,147.61,147.61,0
DWS027,20100802,150.09,150.09,150.09,150.09,0
DWS027,20100803,149.58,149.58,149.58,149.58,0
DWS027,20100804,153.44,153.44,153.44,153.44,0
DWS027,20100805,150.73,150.73,150.73,150.73,0
DWS027,20100806,149.45,149.45,149.45,149.45,0
DWS027,20100809,150.62,150.62,150.62,150.62,0
DWS027,20100810,147.16,147.16,147.16,147.16,0
DWS027,20100811,146.76,146.76,146.76,146.76,0
DWS027,20100812,147.00,147.00,147.00,147.00,0
DWS027,20100813,147.63,147.63,147.63,147.63,0
DWS027,20100816,147.01,147.01,147.01,147.01,0
DWS027,20100817,149.33,149.33,149.33,149.33,0
DWS027,20100818,147.38,147.38,147.38,147.38,0
DWS027,20100819,146.82,146.82,146.82,146.82,0
DWS027,20100820,146.74,146.74,146.74,146.74,0
DWS027,20100823,149.22,149.22,149.22,149.22,0
DWS027,20100824,146.05,146.05,146.05,146.05,0
DWS027,20100825,144.01,144.01,144.01,144.01,0
DWS027,20100826,144.90,144.90,144.90,144.90,0
DWS027,20100827,146.58,146.58,146.58,146.58,0
DWS027,20100830,146.04,146.04,146.04,146.04,0
DWS027,20100831,147.60,147.60,147.60,147.60,0
DWS027,20100901,150.69,150.69,150.69,150.69,0
DWS027,20100902,149.88,149.88,149.88,149.88,0
DWS027,20100903,149.81,149.81,149.81,149.81,0
DWS027,20100906,148.38,148.38,148.38,148.38,0
DWS027,20100907,148.24,148.24,148.24,148.24,0
DWS027,20100908,150.41,150.41,150.41,150.41,0
DWS027,20100909,151.45,151.45,151.45,151.45,0
DWS027,20100910,151.59,151.59,151.59,151.59,0
DWS027,20100913,153.42,153.42,153.42,153.42,0
DWS027,20100914,152.03,152.03,152.03,152.03,0
DWS027,20100915,148.48,148.48,148.48,148.48,0
DWS027,20100916,147.77,147.77,147.77,147.77,0
DWS027,20100917,147.78,147.78,147.78,147.78,0
DWS027,20100920,147.25,147.25,147.25,147.25,0
DWS027,20100921,148.38,148.38,148.38,148.38,0
DWS027,20100922,146.15,146.15,146.15,146.15,0
DWS027,20100923,147.49,147.49,147.49,147.49,0
DWS027,20100924,148.46,148.46,148.46,148.46,0
DWS027,20100927,146.63,146.63,146.63,146.63,0
DWS027,20100928,147.13,147.13,147.13,147.13,0
DWS027,20100929,146.11,146.11,146.11,146.11,0
DWS027,20100930,146.81,146.81,146.81,146.81,0
DWS027,20101001,147.18,147.18,147.18,147.18,0
DWS027,20101004,147.95,147.95,147.95,147.95,0
DWS027,20101005,152.18,152.18,152.18,152.18,0
DWS027,20101006,148.77,148.77,148.77,148.77,0
DWS027,20101007,149.73,149.73,149.73,149.73,0
DWS027,20101008,150.12,150.12,150.12,150.12,0
DWS027,20101011,151.51,151.51,151.51,151.51,0
DWS027,20101012,150.59,150.59,150.59,150.59,0
DWS027,20101013,150.57,150.57,150.57,150.57,0
DWS027,20101014,145.76,145.76,145.76,145.76,0
DWS027,20101015,147.35,147.35,147.35,147.35,0
DWS027,20101018,149.90,149.90,149.90,149.90,0
DWS027,20101019,149.01,149.01,149.01,149.01,0
DWS027,20101020,147.54,147.54,147.54,147.54,0
DWS027,20101021,149.75,149.75,149.75,149.75,0
DWS027,20101022,151.79,151.79,151.79,151.79,0
DWS027,20101025,150.61,150.61,150.61,150.61,0
DWS027,20101026,149.26,149.26,149.26,149.26,0
DWS027,20101027,148.72,148.72,148.72,148.72,0
DWS027,20101028,149.99,149.99,149.99,149.99,0
DWS027,20101029,150.79,150.79,150.79,150.79,0
DWS027,20101102,150.37,150.37,150.37,150.37,0
DWS027,20101103,149.45,149.45,149.45,149.45,0
DWS027,20101104,148.75,148.75,148.75,148.75,0
DWS027,20101105,149.95,149.95,149.95,149.95,0
DWS027,20101108,151.64,151.64,151.64,151.64,0
DWS027,20101109,155.90,155.90,155.90,155.90,0
DWS027,20101110,154.48,154.48,154.48,154.48,0
DWS027,20101112,153.81,153.81,153.81,153.81,0
DWS027,20101115,155.53,155.53,155.53,155.53,0
DWS027,20101116,150.34,150.34,150.34,150.34,0
DWS027,20101117,152.31,152.31,152.31,152.31,0
DWS027,20101118,154.07,154.07,154.07,154.07,0
DWS027,20101119,153.45,153.45,153.45,153.45,0
DWS027,20101122,151.41,151.41,151.41,151.41,0
DWS027,20101123,149.15,149.15,149.15,149.15,0
DWS027,20101124,156.01,156.01,156.01,156.01,0
DWS027,20101125,158.72,158.72,158.72,158.72,0
DWS027,20101126,159.63,159.63,159.63,159.63,0
DWS027,20101129,159.61,159.61,159.61,159.61,0
DWS027,20101130,163.83,163.83,163.83,163.83,0
DWS027,20101201,163.41,163.41,163.41,163.41,0
DWS027,20101202,164.31,164.31,164.31,164.31,0
DWS027,20101203,165.57,165.57,165.57,165.57,0
DWS027,20101206,169.72,169.72,169.72,169.72,0
DWS027,20101207,170.70,170.70,170.70,170.70,0
DWS027,20101208,170.59,170.59,170.59,170.59,0
DWS027,20101209,170.89,170.89,170.89,170.89,0
DWS027,20101210,172.15,172.15,172.15,172.15,0
DWS027,20101213,170.52,170.52,170.52,170.52,0
DWS027,20101214,168.59,168.59,168.59,168.59,0
DWS027,20101215,171.57,171.57,171.57,171.57,0
DWS027,20101216,170.62,170.62,170.62,170.62,0
DWS027,20101217,171.06,171.06,171.06,171.06,0
DWS027,20101220,172.63,172.63,172.63,172.63,0
DWS027,20101221,173.59,173.59,173.59,173.59,0
DWS027,20101222,175.54,175.54,175.54,175.54,0
DWS027,20101223,174.37,174.37,174.37,174.37,0
DWS027,20101227,174.16,174.16,174.16,174.16,0
DWS027,20101228,174.86,174.86,174.86,174.86,0
DWS027,20101229,173.75,173.75,173.75,173.75,0
DWS027,20101230,172.23,172.23,172.23,172.23,0
DWS027,20101231,172.04,172.04,172.04,172.04,0
DWS027,20110103,172.87,172.87,172.87,172.87,0
DWS027,20110104,172.80,172.80,172.80,172.80,0
DWS027,20110105,173.17,173.17,173.17,173.17,0
DWS027,20110107,173.40,173.40,173.40,173.40,0
DWS027,20110110,174.80,174.80,174.80,174.80,0
DWS027,20110111,176.91,176.91,176.91,176.91,0
DWS027,20110112,179.48,179.48,179.48,179.48,0
DWS027,20110113,178.77,178.77,178.77,178.77,0
DWS027,20110114,175.86,175.86,175.86,175.86,0
DWS027,20110117,178.55,178.55,178.55,178.55,0
DWS027,20110118,178.92,178.92,178.92,178.92,0
DWS027,20110119,178.44,178.44,178.44,178.44,0
DWS027,20110120,174.86,174.86,174.86,174.86,0
DWS027,20110121,174.13,174.13,174.13,174.13,0
DWS027,20110124,171.23,171.23,171.23,171.23,0
DWS027,20110125,171.31,171.31,171.31,171.31,0
DWS027,20110126,173.29,173.29,173.29,173.29,0
DWS027,20110127,174.25,174.25,174.25,174.25,0
DWS027,20110128,172.84,172.84,172.84,172.84,0
DWS027,20110131,172.73,172.73,172.73,172.73,0
DWS027,20110201,176.24,176.24,176.24,176.24,0
DWS027,20110202,176.27,176.27,176.27,176.27,0
DWS027,20110203,176.13,176.13,176.13,176.13,0
DWS027,20110204,177.10,177.10,177.10,177.10,0
DWS027,20110207,176.25,176.25,176.25,176.25,0
DWS027,20110208,173.17,173.17,173.17,173.17,0
DWS027,20110209,172.89,172.89,172.89,172.89,0
DWS027,20110210,170.51,170.51,170.51,170.51,0
DWS027,20110211,173.72,173.72,173.72,173.72,0
DWS027,20110214,175.78,175.78,175.78,175.78,0
DWS027,20110215,175.54,175.54,175.54,175.54,0
DWS027,20110216,174.63,174.63,174.63,174.63,0
DWS027,20110217,172.87,172.87,172.87,172.87,0
DWS027,20110218,172.18,172.18,172.18,172.18,0
DWS027,20110221,173.84,173.84,173.84,173.84,0
DWS027,20110222,172.50,172.50,172.50,172.50,0
DWS027,20110223,171.37,171.37,171.37,171.37,0
DWS027,20110224,171.53,171.53,171.53,171.53,0
DWS027,20110225,177.06,177.06,177.06,177.06,0
DWS027,20110228,179.46,179.46,179.46,179.46,0
DWS027,20110301,178.74,178.74,178.74,178.74,0
DWS027,20110302,180.35,180.35,180.35,180.35,0
DWS027,20110303,182.77,182.77,182.77,182.77,0
DWS027,20110304,182.79,182.79,182.79,182.79,0
DWS027,20110307,181.34,181.34,181.34,181.34,0
DWS027,20110308,181.63,181.63,181.63,181.63,0
DWS027,20110309,181.84,181.84,181.84,181.84,0
DWS027,20110310,177.99,177.99,177.99,177.99,0
DWS027,20110311,178.16,178.16,178.16,178.16,0
DWS027,20110314,177.92,177.92,177.92,177.92,0
DWS027,20110315,171.60,171.60,171.60,171.60,0
DWS027,20110316,172.71,172.71,172.71,172.71,0
DWS027,20110317,178.29,178.29,178.29,178.29,0
DWS027,20110318,178.44,178.44,178.44,178.44,0
DWS027,20110321,180.00,180.00,180.00,180.00,0
DWS027,20110322,176.22,176.22,176.22,176.22,0
DWS027,20110323,178.61,178.61,178.61,178.61,0
DWS027,20110324,183.36,183.36,183.36,183.36,0
DWS027,20110325,181.97,181.97,181.97,181.97,0
DWS027,20110328,183.09,183.09,183.09,183.09,0
DWS027,20110329,179.63,179.63,179.63,179.63,0
DWS027,20110330,182.27,182.27,182.27,182.27,0
DWS027,20110331,183.46,183.46,183.46,183.46,0
DWS027,20110401,186.39,186.39,186.39,186.39,0
DWS027,20110404,187.12,187.12,187.12,187.12,0
DWS027,20110405,187.08,187.08,187.08,187.08,0
DWS027,20110406,185.81,185.81,185.81,185.81,0
DWS027,20110407,183.85,183.85,183.85,183.85,0
DWS027,20110408,184.17,184.17,184.17,184.17,0
DWS027,20110411,182.31,182.31,182.31,182.31,0
DWS027,20110412,178.28,178.28,178.28,178.28,0
DWS027,20110413,179.32,179.32,179.32,179.32,0
DWS027,20110414,174.12,174.12,174.12,174.12,0
DWS027,20110415,175.57,175.57,175.57,175.57,0
DWS027,20110418,171.77,171.77,171.77,171.77,0
DWS027,20110419,175.49,175.49,175.49,175.49,0
DWS027,20110420,177.05,177.05,177.05,177.05,0
DWS027,20110421,176.19,176.19,176.19,176.19,0
DWS027,20110426,172.94,172.94,172.94,172.94,0
DWS027,20110427,171.88,171.88,171.88,171.88,0
DWS027,20110428,171.11,171.11,171.11,171.11,0
DWS027,20110429,171.66,171.66,171.66,171.66,0
DWS027,20110502,170.11,170.11,170.11,170.11,0
DWS027,20110504,162.25,162.25,162.25,162.25,0
DWS027,20110505,160.92,160.92,160.92,160.92,0
DWS027,20110506,164.46,164.46,164.46,164.46,0
DWS027,20110509,163.66,163.66,163.66,163.66,0
DWS027,20110510,167.13,167.13,167.13,167.13,0
DWS027,20110511,167.02,167.02,167.02,167.02,0
DWS027,20110512,164.01,164.01,164.01,164.01,0
DWS027,20110513,162.86,162.86,162.86,162.86,0
DWS027,20110516,164.54,164.54,164.54,164.54,0
DWS027,20110517,163.01,163.01,163.01,163.01,0
DWS027,20110518,163.70,163.70,163.70,163.70,0
DWS027,20110519,164.92,164.92,164.92,164.92,0
DWS027,20110520,162.82,162.82,162.82,162.82,0
DWS027,20110523,159.57,159.57,159.57,159.57,0
DWS027,20110524,163.63,163.63,163.63,163.63,0
DWS027,20110525,165.25,165.25,165.25,165.25,0
DWS027,20110526,166.80,166.80,166.80,166.80,0
DWS027,20110527,168.77,168.77,168.77,168.77,0
DWS027,20110530,168.86,168.86,168.86,168.86,0
DWS027,20110531,169.54,169.54,169.54,169.54,0
DWS027,20110601,168.30,168.30,168.30,168.30,0
DWS027,20110602,169.11,169.11,169.11,169.11,0
DWS027,20110603,164.41,164.41,164.41,164.41,0
DWS027,20110606,166.18,166.18,166.18,166.18,0
DWS027,20110607,167.16,167.16,167.16,167.16,0
DWS027,20110608,167.98,167.98,167.98,167.98,0
DWS027,20110609,171.58,171.58,171.58,171.58,0
DWS027,20110610,170.16,170.16,170.16,170.16,0
DWS027,20110613,167.25,167.25,167.25,167.25,0
DWS027,20110614,169.97,169.97,169.97,169.97,0
DWS027,20110615,171.49,171.49,171.49,171.49,0
DWS027,20110616,170.31,170.31,170.31,170.31,0
DWS027,20110617,170.66,170.66,170.66,170.66,0
DWS027,20110620,170.03,170.03,170.03,170.03,0
DWS027,20110621,168.63,168.63,168.63,168.63,0
DWS027,20110622,168.28,168.28,168.28,168.28,0
DWS027,20110624,168.58,168.58,168.58,168.58,0
DWS027,20110627,167.68,167.68,167.68,167.68,0
DWS027,20110628,169.27,169.27,169.27,169.27,0
DWS027,20110629,170.07,170.07,170.07,170.07,0
DWS027,20110630,169.00,169.00,169.00,169.00,0
DWS027,20110701,168.79,168.79,168.79,168.79,0
DWS027,20110704,168.35,168.35,168.35,168.35,0
DWS027,20110705,169.53,169.53,169.53,169.53,0
DWS027,20110706,170.63,170.63,170.63,170.63,0
DWS027,20110707,172.62,172.62,172.62,172.62,0
DWS027,20110708,170.57,170.57,170.57,170.57,0
DWS027,20110711,173.57,173.57,173.57,173.57,0
DWS027,20110712,174.46,174.46,174.46,174.46,0
DWS027,20110713,176.41,176.41,176.41,176.41,0
DWS027,20110714,176.28,176.28,176.28,176.28,0
DWS027,20110715,176.99,176.99,176.99,176.99,0
DWS027,20110718,174.78,174.78,174.78,174.78,0
DWS027,20110719,173.55,173.55,173.55,173.55,0
DWS027,20110720,172.73,172.73,172.73,172.73,0
DWS027,20110721,174.07,174.07,174.07,174.07,0
DWS027,20110722,174.33,174.33,174.33,174.33,0
DWS027,20110725,175.61,175.61,175.61,175.61,0
DWS027,20110726,174.53,174.53,174.53,174.53,0
DWS027,20110727,174.97,174.97,174.97,174.97,0
DWS027,20110728,175.89,175.89,175.89,175.89,0
DWS027,20110729,174.44,174.44,174.44,174.44,0
DWS027,20110801,173.82,173.82,173.82,173.82,0
DWS027,20110802,176.40,176.40,176.40,176.40,0
DWS027,20110803,170.24,170.24,170.24,170.24,0
DWS027,20110804,166.19,166.19,166.19,166.19,0
DWS027,20110805,158.19,158.19,158.19,158.19,0
DWS027,20110808,148.62,148.62,148.62,148.62,0
DWS027,20110809,147.15,147.15,147.15,147.15,0
DWS027,20110810,141.32,141.32,141.32,141.32,0
DWS027,20110811,148.39,148.39,148.39,148.39,0
DWS027,20110812,150.40,150.40,150.40,150.40,0
DWS027,20110816,151.62,151.62,151.62,151.62,0
DWS027,20110817,151.54,151.54,151.54,151.54,0
DWS027,20110818,148.01,148.01,148.01,148.01,0
DWS027,20110819,148.57,148.57,148.57,148.57,0
DWS027,20110822,147.20,147.20,147.20,147.20,0
DWS027,20110823,146.74,146.74,146.74,146.74,0
DWS027,20110824,149.19,149.19,149.19,149.19,0
DWS027,20110825,146.31,146.31,146.31,146.31,0
DWS027,20110826,147.53,147.53,147.53,147.53,0
DWS027,20110829,150.79,150.79,150.79,150.79,0
DWS027,20110830,151.66,151.66,151.66,151.66,0
DWS027,20110831,156.78,156.78,156.78,156.78,0
DWS027,20110901,157.90,157.90,157.90,157.90,0
DWS027,20110902,155.85,155.85,155.85,155.85,0
DWS027,20110905,154.98,154.98,154.98,154.98,0
DWS027,20110906,154.44,154.44,154.44,154.44,0
DWS027,20110907,158.61,158.61,158.61,158.61,0
DWS027,20110908,159.09,159.09,159.09,159.09,0
DWS027,20110909,158.29,158.29,158.29,158.29,0
DWS027,20110912,156.89,156.89,156.89,156.89,0
DWS027,20110913,161.03,161.03,161.03,161.03,0
DWS027,20110914,158.35,158.35,158.35,158.35,0
DWS027,20110915,161.50,161.50,161.50,161.50,0
DWS027,20110916,157.81,157.81,157.81,157.81,0
DWS027,20110919,154.53,154.53,154.53,154.53,0
DWS027,20110920,158.23,158.23,158.23,158.23,0
DWS027,20110921,154.53,154.53,154.53,154.53,0
DWS027,20110922,146.13,146.13,146.13,146.13,0
DWS027,20110923,140.39,140.39,140.39,140.39,0
DWS027,20110926,137.76,137.76,137.76,137.76,0
DWS027,20110927,145.95,145.95,145.95,145.95,0
DWS027,20110928,140.70,140.70,140.70,140.70,0
DWS027,20110929,143.14,143.14,143.14,143.14,0
DWS027,20110930,140.14,140.14,140.14,140.14,0
DWS027,20111003,137.48,137.48,137.48,137.48,0
DWS027,20111004,131.46,131.46,131.46,131.46,0
DWS027,20111005,130.05,130.05,130.05,130.05,0
DWS027,20111006,136.25,136.25,136.25,136.25,0
DWS027,20111007,138.30,138.30,138.30,138.30,0
DWS027,20111010,140.12,140.12,140.12,140.12,0
DWS027,20111011,138.96,138.96,138.96,138.96,0
DWS027,20111012,143.48,143.48,143.48,143.48,0
DWS027,20111013,138.44,138.44,138.44,138.44,0
DWS027,20111014,143.31,143.31,143.31,143.31,0
DWS027,20111017,140.64,140.64,140.64,140.64,0
DWS027,20111018,142.15,142.15,142.15,142.15,0
DWS027,20111019,143.71,143.71,143.71,143.71,0
DWS027,20111020,142.25,142.25,142.25,142.25,0
DWS027,20111021,148.40,148.40,148.40,148.40,0
DWS027,20111024,153.78,153.78,153.78,153.78,0
DWS027,20111025,150.66,150.66,150.66,150.66,0
DWS027,20111026,153.74,153.74,153.74,153.74,0
DWS027,20111027,157.47,157.47,157.47,157.47,0
DWS027,20111028,155.36,155.36,155.36,155.36,0
DWS027,20111031,153.21,153.21,153.21,153.21,0
DWS027,20111102,156.57,156.57,156.57,156.57,0
DWS027,20111103,156.52,156.52,156.52,156.52,0
DWS027,20111104,156.57,156.57,156.57,156.57,0
DWS027,20111107,158.63,158.63,158.63,158.63,0
DWS027,20111108,158.21,158.21,158.21,158.21,0
DWS027,20111109,152.89,152.89,152.89,152.89,0
DWS027,20111110,156.47,156.47,156.47,156.47,0
DWS027,20111114,157.42,157.42,157.42,157.42,0
DWS027,20111115,158.80,158.80,158.80,158.80,0
DWS027,20111116,158.72,158.72,158.72,158.72,0
DWS027,20111117,156.40,156.40,156.40,156.40,0
DWS027,20111118,156.51,156.51,156.51,156.51,0
DWS027,20111121,149.86,149.86,149.86,149.86,0
DWS027,20111122,151.93,151.93,151.93,151.93,0
DWS027,20111123,151.71,151.71,151.71,151.71,0
DWS027,20111124,151.34,151.34,151.34,151.34,0
DWS027,20111125,152.68,152.68,152.68,152.68,0
DWS027,20111128,161.19,161.19,161.19,161.19,0
DWS027,20111129,161.79,161.79,161.79,161.79,0
DWS027,20111130,167.47,167.47,167.47,167.47,0
DWS027,20111201,166.41,166.41,166.41,166.41,0
DWS027,20111202,167.07,167.07,167.07,167.07,0
DWS027,20111205,166.98,166.98,166.98,166.98,0
DWS027,20111206,158.29,158.29,158.29,158.29,0
DWS027,20111207,158.87,158.87,158.87,158.87,0
DWS027,20111208,157.02,157.02,157.02,157.02,0
DWS027,20111209,154.20,154.20,154.20,154.20,0
DWS027,20111212,150.24,150.24,150.24,150.24,0
DWS027,20111213,153.85,153.85,153.85,153.85,0
DWS027,20111214,153.15,153.15,153.15,153.15,0
DWS027,20111215,155.15,155.15,155.15,155.15,0
DWS027,20111216,152.69,152.69,152.69,152.69,0
DWS027,20111219,150.67,150.67,150.67,150.67,0
DWS027,20111220,152.10,152.10,152.10,152.10,0
DWS027,20111221,149.74,149.74,149.74,149.74,0
DWS027,20111222,151.86,151.86,151.86,151.86,0
DWS027,20111223,151.93,151.93,151.93,151.93,0
DWS027,20111227,151.25,151.25,151.25,151.25,0
DWS027,20111228,149.75,149.75,149.75,149.75,0
DWS027,20111229,148.82,148.82,148.82,148.82,0
DWS027,20111230,149.61,149.61,149.61,149.61,0
DWS027,20120102,151.52,151.52,151.52,151.52,0
DWS027,20120103,157.08,157.08,157.08,157.08,0
DWS027,20120104,157.97,157.97,157.97,157.97,0
DWS027,20120105,159.40,159.40,159.40,159.40,0
DWS027,20120109,159.55,159.55,159.55,159.55,0
DWS027,20120110,165.20,165.20,165.20,165.20,0
DWS027,20120111,164.07,164.07,164.07,164.07,0
DWS027,20120112,163.39,163.39,163.39,163.39,0
DWS027,20120113,161.67,161.67,161.67,161.67,0
DWS027,20120116,161.42,161.42,161.42,161.42,0
DWS027,20120117,162.79,162.79,162.79,162.79,0
DWS027,20120118,162.52,162.52,162.52,162.52,0
DWS027,20120119,162.77,162.77,162.77,162.77,0
DWS027,20120120,162.34,162.34,162.34,162.34,0
DWS027,20120123,158.94,158.94,158.94,158.94,0
DWS027,20120124,159.97,159.97,159.97,159.97,0
DWS027,20120125,161.01,161.01,161.01,161.01,0
DWS027,20120126,161.24,161.24,161.24,161.24,0
DWS027,20120127,161.90,161.90,161.90,161.90,0
DWS027,20120130,161.38,161.38,161.38,161.38,0
DWS027,20120131,161.55,161.55,161.55,161.55,0
DWS027,20120201,162.23,162.23,162.23,162.23,0
DWS027,20120202,165.78,165.78,165.78,165.78,0
DWS027,20120203,163.79,163.79,163.79,163.79,0
DWS027,20120206,167.12,167.12,167.12,167.12,0
DWS027,20120207,168.32,168.32,168.32,168.32,0
DWS027,20120208,167.89,167.89,167.89,167.89,0
DWS027,20120209,165.01,165.01,165.01,165.01,0
DWS027,20120210,164.36,164.36,164.36,164.36,0
DWS027,20120213,164.41,164.41,164.41,164.41,0
DWS027,20120214,166.50,166.50,166.50,166.50,0
DWS027,20120215,167.06,167.06,167.06,167.06,0
DWS027,20120216,166.62,166.62,166.62,166.62,0
DWS027,20120217,166.68,166.68,166.68,166.68,0
DWS027,20120220,167.23,167.23,167.23,167.23,0
DWS027,20120221,165.23,165.23,165.23,165.23,0
DWS027,20120222,165.03,165.03,165.03,165.03,0
DWS027,20120223,164.87,164.87,164.87,164.87,0
DWS027,20120224,168.00,168.00,168.00,168.00,0
DWS027,20120227,169.74,169.74,169.74,169.74,0
DWS027,20120228,168.41,168.41,168.41,168.41,0
DWS027,20120229,169.91,169.91,169.91,169.91,0
DWS027,20120301,169.15,169.15,169.15,169.15,0
DWS027,20120302,170.36,170.36,170.36,170.36,0
DWS027,20120305,172.41,172.41,172.41,172.41,0
DWS027,20120306,167.01,167.01,167.01,167.01,0
DWS027,20120307,167.55,167.55,167.55,167.55,0
DWS027,20120308,170.08,170.08,170.08,170.08,0
DWS027,20120309,169.39,169.39,169.39,169.39,0
DWS027,20120312,169.58,169.58,169.58,169.58,0
DWS027,20120313,171.43,171.43,171.43,171.43,0
DWS027,20120314,175.69,175.69,175.69,175.69,0
DWS027,20120315,176.95,176.95,176.95,176.95,0
DWS027,20120316,174.36,174.36,174.36,174.36,0
DWS027,20120319,170.85,170.85,170.85,170.85,0
DWS027,20120320,167.28,167.28,167.28,167.28,0
DWS027,20120321,166.62,166.62,166.62,166.62,0
DWS027,20120322,165.60,165.60,165.60,165.60,0
DWS027,20120323,166.17,166.17,166.17,166.17,0
DWS027,20120326,167.58,167.58,167.58,167.58,0
DWS027,20120327,166.23,166.23,166.23,166.23,0
DWS027,20120328,163.07,163.07,163.07,163.07,0
DWS027,20120329,159.96,159.96,159.96,159.96,0
DWS027,20120330,162.90,162.90,162.90,162.90,0
DWS027,20120402,162.49,162.49,162.49,162.49,0
DWS027,20120403,164.08,164.08,164.08,164.08,0
DWS027,20120404,161.78,161.78,161.78,161.78,0
DWS027,20120405,163.84,163.84,163.84,163.84,0
DWS027,20120410,159.53,159.53,159.53,159.53,0
DWS027,20120411,163.22,163.22,163.22,163.22,0
DWS027,20120412,161.95,161.95,161.95,161.95,0
DWS027,20120413,163.15,163.15,163.15,163.15,0
DWS027,20120416,159.58,159.58,159.58,159.58,0
DWS027,20120417,160.50,160.50,160.50,160.50,0
DWS027,20120418,160.14,160.14,160.14,160.14,0
DWS027,20120419,162.31,162.31,162.31,162.31,0
DWS027,20120420,163.47,163.47,163.47,163.47,0
DWS027,20120423,160.34,160.34,160.34,160.34,0
DWS027,20120424,159.60,159.60,159.60,159.60,0
DWS027,20120425,159.36,159.36,159.36,159.36,0
DWS027,20120426,157.64,157.64,157.64,157.64,0
DWS027,20120427,159.54,159.54,159.54,159.54,0
DWS027,20120430,159.68,159.68,159.68,159.68,0
DWS027,20120502,155.84,155.84,155.84,155.84,0
DWS027,20120504,149.85,149.85,149.85,149.85,0
DWS027,20120507,149.03,149.03,149.03,149.03,0
DWS027,20120508,149.07,149.07,149.07,149.07,0
DWS027,20120509,146.76,146.76,146.76,146.76,0
DWS027,20120510,151.09,151.09,151.09,151.09,0
DWS027,20120511,149.68,149.68,149.68,149.68,0
DWS027,20120514,147.55,147.55,147.55,147.55,0
DWS027,20120515,149.17,149.17,149.17,149.17,0
DWS027,20120516,148.52,148.52,148.52,148.52,0
DWS027,20120517,143.91,143.91,143.91,143.91,0
DWS027,20120518,142.00,142.00,142.00,142.00,0
DWS027,20120521,144.00,144.00,144.00,144.00,0
DWS027,20120522,145.01,145.01,145.01,145.01,0
DWS027,20120523,140.60,140.60,140.60,140.60,0
DWS027,20120524,143.64,143.64,143.64,143.64,0
DWS027,20120525,141.62,141.62,141.62,141.62,0
DWS027,20120528,141.85,141.85,141.85,141.85,0
DWS027,20120529,143.01,143.01,143.01,143.01,0
DWS027,20120530,143.54,143.54,143.54,143.54,0
DWS027,20120531,142.17,142.17,142.17,142.17,0
DWS027,20120601,140.30,140.30,140.30,140.30,0
DWS027,20120604,139.60,139.60,139.60,139.60,0
DWS027,20120605,140.29,140.29,140.29,140.29,0
DWS027,20120606,142.59,142.59,142.59,142.59,0
DWS027,20120608,143.57,143.57,143.57,143.57,0
DWS027,20120611,143.52,143.52,143.52,143.52,0
DWS027,20120612,143.76,143.76,143.76,143.76,0
DWS027,20120613,146.73,146.73,146.73,146.73,0
DWS027,20120614,144.88,144.88,144.88,144.88,0
DWS027,20120615,147.28,147.28,147.28,147.28,0
DWS027,20120618,147.75,147.75,147.75,147.75,0
DWS027,20120619,147.30,147.30,147.30,147.30,0
DWS027,20120620,145.23,145.23,145.23,145.23,0
DWS027,20120621,141.52,141.52,141.52,141.52,0
DWS027,20120622,141.03,141.03,141.03,141.03,0
DWS027,20120625,139.44,139.44,139.44,139.44,0
DWS027,20120626,141.39,141.39,141.39,141.39,0
DWS027,20120627,143.26,143.26,143.26,143.26,0
DWS027,20120628,142.20,142.20,142.20,142.20,0
DWS027,20120629,144.69,144.69,144.69,144.69,0
DWS027,20120702,146.67,146.67,146.67,146.67,0
DWS027,20120703,150.86,150.86,150.86,150.86,0
DWS027,20120704,150.64,150.64,150.64,150.64,0
DWS027,20120705,151.31,151.31,151.31,151.31,0
DWS027,20120706,146.24,146.24,146.24,146.24,0
DWS027,20120709,149.02,149.02,149.02,149.02,0
DWS027,20120710,149.72,149.72,149.72,149.72,0
DWS027,20120711,147.65,147.65,147.65,147.65,0
DWS027,20120712,147.69,147.69,147.69,147.69,0
DWS027,20120713,149.97,149.97,149.97,149.97,0
DWS027,20120716,150.42,150.42,150.42,150.42,0
DWS027,20120717,151.09,151.09,151.09,151.09,0
DWS027,20120718,150.85,150.85,150.85,150.85,0
DWS027,20120719,153.12,153.12,153.12,153.12,0
DWS027,20120720,151.45,151.45,151.45,151.45,0
DWS027,20120723,147.16,147.16,147.16,147.16,0
DWS027,20120724,147.27,147.27,147.27,147.27,0
DWS027,20120725,147.94,147.94,147.94,147.94,0
DWS027,20120726,149.89,149.89,149.89,149.89,0
DWS027,20120727,150.02,150.02,150.02,150.02,0
DWS027,20120730,152.21,152.21,152.21,152.21,0
DWS027,20120731,149.80,149.80,149.80,149.80,0
DWS027,20120801,149.87,149.87,149.87,149.87,0
DWS027,20120802,149.43,149.43,149.43,149.43,0
DWS027,20120803,151.05,151.05,151.05,151.05,0
DWS027,20120806,151.90,151.90,151.90,151.90,0
DWS027,20120807,152.40,152.40,152.40,152.40,0
DWS027,20120808,154.54,154.54,154.54,154.54,0
DWS027,20120809,153.74,153.74,153.74,153.74,0
DWS027,20120810,153.25,153.25,153.25,153.25,0
DWS027,20120813,154.72,154.72,154.72,154.72,0
DWS027,20120814,154.76,154.76,154.76,154.76,0
DWS027,20120816,153.58,153.58,153.58,153.58,0
DWS027,20120817,152.28,152.28,152.28,152.28,0
DWS027,20120820,149.85,149.85,149.85,149.85,0
DWS027,20120821,152.33,152.33,152.33,152.33,0
DWS027,20120822,151.23,151.23,151.23,151.23,0
DWS027,20120823,151.28,151.28,151.28,151.28,0
DWS027,20120824,151.13,151.13,151.13,151.13,0
DWS027,20120827,150.41,150.41,150.41,150.41,0
DWS027,20120828,150.20,150.20,150.20,150.20,0
DWS027,20120829,150.19,150.19,150.19,150.19,0
DWS027,20120830,149.14,149.14,149.14,149.14,0
DWS027,20120831,150.27,150.27,150.27,150.27,0
DWS027,20120903,151.42,151.42,151.42,151.42,0
DWS027,20120904,150.80,150.80,150.80,150.80,0
DWS027,20120905,150.84,150.84,150.84,150.84,0
DWS027,20120906,153.61,153.61,153.61,153.61,0
DWS027,20120907,154.80,154.80,154.80,154.80,0
DWS027,20120910,154.59,154.59,154.59,154.59,0
DWS027,20120911,154.02,154.02,154.02,154.02,0
DWS027,20120912,153.59,153.59,153.59,153.59,0
DWS027,20120913,154.26,154.26,154.26,154.26,0
DWS027,20121119,145.11,145.11,145.11,145.11,0
DWS027,20121120,145.32,145.32,145.32,145.32,0
DWS027,20121121,146.46,146.46,146.46,146.46,0
DWS027,20121122,145.34,145.34,145.34,145.34,0
DWS027,20121123,146.88,146.88,146.88,146.88,0
DWS027,20121126,145.56,145.56,145.56,145.56,0
DWS027,20121127,143.88,143.88,143.88,143.88,0
DWS027,20121128,142.60,142.60,142.60,142.60,0
DWS027,20121129,143.74,143.74,143.74,143.74,0
DWS027,20121130,145.09,145.09,145.09,145.09,0
DWS027,20121203,146.40,146.40,146.40,146.40,0
DWS027,20121204,145.98,145.98,145.98,145.98,0
DWS027,20121205,147.44,147.44,147.44,147.44,0
DWS027,20121206,147.12,147.12,147.12,147.12,0
DWS027,20121207,149.82,149.82,149.82,149.82,0
DWS027,20121210,150.71,150.71,150.71,150.71,0
DWS027,20121211,150.01,150.01,150.01,150.01,0
DWS027,20121212,151.06,151.06,151.06,151.06,0
DWS027,20121213,149.60,149.60,149.60,149.60,0
DWS027,20121214,149.07,149.07,149.07,149.07,0
DWS027,20121217,147.79,147.79,147.79,147.79,0
DWS027,20121218,148.98,148.98,148.98,148.98,0
DWS027,20121219,148.56,148.56,148.56,148.56,0
DWS027,20121220,149.81,149.81,149.81,149.81,0
DWS027,20121221,147.91,147.91,147.91,147.91,0
DWS027,20121227,150.21,150.21,150.21,150.21,0
DWS027,20121228,148.34,148.34,148.34,148.34,0
DWS027,20130102,151.70,151.70,151.70,151.70,0
DWS027,20130103,152.90,152.90,152.90,152.90,0
DWS027,20130104,156.54,156.54,156.54,156.54,0
DWS027,20130107,155.21,155.21,155.21,155.21,0
DWS027,20130108,156.45,156.45,156.45,156.45,0
DWS027,20130109,155.52,155.52,155.52,155.52,0
DWS027,20130110,154.02,154.02,154.02,154.02,0
DWS027,20130111,153.03,153.03,153.03,153.03,0
DWS027,20130114,154.85,154.85,154.85,154.85,0
DWS027,20130115,153.61,153.61,153.61,153.61,0
DWS027,20130116,154.03,154.03,154.03,154.03,0
DWS027,20130117,155.16,155.16,155.16,155.16,0
DWS027,20130118,156.82,156.82,156.82,156.82,0
DWS027,20130121,158.69,158.69,158.69,158.69,0
DWS027,20130122,157.31,157.31,157.31,157.31,0
DWS027,20130123,158.34,158.34,158.34,158.34,0
DWS027,20130124,159.86,159.86,159.86,159.86,0
DWS027,20130125,159.20,159.20,159.20,159.20,0
DWS027,20130128,160.05,160.05,160.05,160.05,0
DWS027,20130129,159.50,159.50,159.50,159.50,0
DWS027,20130130,159.03,159.03,159.03,159.03,0
DWS027,20130131,157.85,157.85,157.85,157.85,0
DWS027,20130201,158.18,158.18,158.18,158.18,0
DWS027,20130204,155.04,155.04,155.04,155.04,0
DWS027,20130205,156.56,156.56,156.56,156.56,0
DWS027,20130206,156.50,156.50,156.50,156.50,0
DWS027,20130207,156.12,156.12,156.12,156.12,0
DWS027,20130208,155.42,155.42,155.42,155.42,0
DWS027,20130211,154.64,154.64,154.64,154.64,0
DWS027,20130212,155.25,155.25,155.25,155.25,0
DWS027,20130213,157.19,157.19,157.19,157.19,0
DWS027,20130214,156.10,156.10,156.10,156.10,0
DWS027,20130215,155.94,155.94,155.94,155.94,0
DWS027,20130218,156.58,156.58,156.58,156.58,0
DWS027,20130219,156.81,156.81,156.81,156.81,0
DWS027,20130220,154.64,154.64,154.64,154.64,0
DWS027,20130221,153.85,153.85,153.85,153.85,0
DWS027,20130222,152.91,152.91,152.91,152.91,0
DWS027,20130225,153.57,153.57,153.57,153.57,0
DWS027,20130226,151.54,151.54,151.54,151.54,0
DWS027,20130227,153.76,153.76,153.76,153.76,0
DWS027,20130228,152.99,152.99,152.99,152.99,0
DWS027,20130301,151.99,151.99,151.99,151.99,0
DWS027,20130304,150.80,150.80,150.80,150.80,0
DWS027,20130305,152.78,152.78,152.78,152.78,0
DWS027,20130306,152.44,152.44,152.44,152.44,0
DWS027,20130307,153.46,153.46,153.46,153.46,0
DWS027,20130308,152.86,152.86,152.86,152.86,0
DWS027,20130311,153.57,153.57,153.57,153.57,0
DWS027,20130312,154.65,154.65,154.65,154.65,0
DWS027,20130313,153.48,153.48,153.48,153.48,0
DWS027,20130314,154.01,154.01,154.01,154.01,0
DWS027,20130315,153.51,153.51,153.51,153.51,0
DWS027,20130318,150.30,150.30,150.30,150.30,0
DWS027,20130319,148.55,148.55,148.55,148.55,0
DWS027,20130320,150.36,150.36,150.36,150.36,0
DWS027,20130321,150.79,150.79,150.79,150.79,0
DWS027,20130322,150.51,150.51,150.51,150.51,0
DWS027,20130325,146.76,146.76,146.76,146.76,0
DWS027,20130326,147.64,147.64,147.64,147.64,0
DWS027,20130327,147.01,147.01,147.01,147.01,0
DWS027,20130328,148.27,148.27,148.27,148.27,0
DWS027,20130402,147.94,147.94,147.94,147.94,0
DWS027,20130403,146.14,146.14,146.14,146.14,0
DWS027,20130404,146.04,146.04,146.04,146.04,0
DWS027,20130405,142.89,142.89,142.89,142.89,0
DWS027,20130408,142.62,142.62,142.62,142.62,0
DWS027,20130409,144.12,144.12,144.12,144.12,0
DWS027,20130410,143.08,143.08,143.08,143.08,0
DWS027,20130411,142.15,142.15,142.15,142.15,0
DWS027,20130412,141.03,141.03,141.03,141.03,0
DWS027,20130415,137.04,137.04,137.04,137.04,0
DWS027,20130417,133.63,133.63,133.63,133.63,0
DWS027,20130418,133.55,133.55,133.55,133.55,0
DWS027,20130419,133.14,133.14,133.14,133.14,0
DWS027,20130422,133.36,133.36,133.36,133.36,0
DWS027,20130423,135.14,135.14,135.14,135.14,0
DWS027,20130424,138.99,138.99,138.99,138.99,0
DWS027,20130425,139.62,139.62,139.62,139.62,0
DWS027,20130426,139.53,139.53,139.53,139.53,0
DWS027,20130429,139.37,139.37,139.37,139.37,0
DWS027,20130502,139.54,139.54,139.54,139.54,0
DWS027,20130506,143.60,143.60,143.60,143.60,0
DWS027,20130507,145.56,145.56,145.56,145.56,0
DWS027,20130508,145.90,145.90,145.90,145.90,0
DWS027,20130509,145.09,145.09,145.09,145.09,0
DWS027,20130510,143.34,143.34,143.34,143.34,0
DWS027,20130513,143.43,143.43,143.43,143.43,0
DWS027,20130514,144.08,144.08,144.08,144.08,0
DWS027,20130515,143.18,143.18,143.18,143.18,0
DWS027,20130516,141.93,141.93,141.93,141.93,0
DWS027,20130520,144.06,144.06,144.06,144.06,0
DWS027,20130521,145.32,145.32,145.32,145.32,0
DWS027,20130522,146.55,146.55,146.55,146.55,0
DWS027,20130523,144.26,144.26,144.26,144.26,0
DWS027,20130524,142.99,142.99,142.99,142.99,0
DWS027,20130527,142.55,142.55,142.55,142.55,0
DWS027,20130529,141.72,141.72,141.72,141.72,0
DWS027,20130531,140.76,140.76,140.76,140.76,0
DWS027,20130603,138.14,138.14,138.14,138.14,0
DWS027,20130605,135.24,135.24,135.24,135.24,0
DWS027,20130606,134.56,134.56,134.56,134.56,0
DWS027,20130704,141.11,141.11,141.11,141.11,0
DWS027,20130719,145.46,145.46,145.46,145.46,0
DWS027,20130722,143.57,143.57,143.57,143.57,0
DWS027,20130723,144.30,144.30,144.30,144.30,0
DWS027,20130724,142.98,142.98,142.98,142.98,0
DWS027,20130725,142.36,142.36,142.36,142.36,0
DWS027,20130726,140.52,140.52,140.52,140.52,0
DWS027,20130729,140.04,140.04,140.04,140.04,0
DWS027,20130730,139.25,139.25,139.25,139.25,0
DWS027,20130731,139.17,139.17,139.17,139.17,0
DWS027,20130801,140.58,140.58,140.58,140.58,0
DWS027,20130802,140.91,140.91,140.91,140.91,0
DWS027,20130805,139.60,139.60,139.60,139.60,0
DWS027,20130806,137.63,137.63,137.63,137.63,0
DWS027,20130807,137.18,137.18,137.18,137.18,0
DWS027,20130808,136.80,136.80,136.80,136.80,0
DWS027,20130809,137.68,137.68,137.68,137.68,0
DWS027,20130812,138.42,138.42,138.42,138.42,0
DWS027,20130813,140.44,140.44,140.44,140.44,0
DWS027,20130814,141.68,141.68,141.68,141.68,0
DWS027,20130816,139.79,139.79,139.79,139.79,0
DWS027,20130819,139.98,139.98,139.98,139.98,0
DWS027,20130820,139.54,139.54,139.54,139.54,0
DWS027,20130821,139.04,139.04,139.04,139.04,0
DWS027,20130822,140.48,140.48,140.48,140.48,0
DWS027,20130823,140.01,140.01,140.01,140.01,0
DWS027,20130826,138.98,138.98,138.98,138.98,0
DWS027,20130827,138.40,138.40,138.40,138.40,0
DWS027,20130828,137.55,137.55,137.55,137.55,0
DWS027,20130829,139.90,139.90,139.90,139.90,0
DWS027,20130830,140.20,140.20,140.20,140.20,0
DWS027,20130902,139.68,139.68,139.68,139.68,0
DWS027,20130903,140.24,140.24,140.24,140.24,0
DWS027,20130904,139.98,139.98,139.98,139.98,0
DWS027,20130905,145.43,145.43,145.43,145.43,0
DWS027,20130906,145.99,145.99,145.99,145.99,0
DWS027,20130909,146.75,146.75,146.75,146.75,0
DWS027,20130910,146.53,146.53,146.53,146.53,0
DWS027,20130911,146.50,146.50,146.50,146.50,0
DWS027,20130912,145.80,145.80,145.80,145.80,0
DWS027,20130913,145.74,145.74,145.74,145.74,0
DWS027,20130916,147.30,147.30,147.30,147.30,0
DWS027,20130917,147.47,147.47,147.47,147.47,0
DWS027,20130918,148.65,148.65,148.65,148.65,0
DWS027,20130919,146.68,146.68,146.68,146.68,0
DWS027,20130920,147.71,147.71,147.71,147.71,0
DWS027,20130923,148.07,148.07,148.07,148.07,0
DWS027,20130924,147.82,147.82,147.82,147.82,0
DWS027,20130925,147.81,147.81,147.81,147.81,0
DWS027,20131021,150.64,150.64,150.64,150.64,0
DWS027,20131022,149.84,149.84,149.84,149.84,0
DWS027,20131023,147.68,147.68,147.68,147.68,0
DWS027,20131024,147.70,147.70,147.70,147.70,0
DWS027,20131025,147.63,147.63,147.63,147.63,0
DWS027,20131028,147.67,147.67,147.67,147.67,0
DWS027,20131029,148.50,148.50,148.50,148.50,0
DWS027,20131030,147.64,147.64,147.64,147.64,0
DWS027,20131031,147.80,147.80,147.80,147.80,0
DWS027,20131104,149.07,149.07,149.07,149.07,0
DWS027,20131105,148.11,148.11,148.11,148.11,0
DWS027,20131106,148.03,148.03,148.03,148.03,0
DWS027,20131107,147.92,147.92,147.92,147.92,0
DWS027,20131108,148.21,148.21,148.21,148.21,0
DWS027,20131112,147.84,147.84,147.84,147.84,0
DWS027,20131113,146.08,146.08,146.08,146.08,0
DWS027,20131114,146.54,146.54,146.54,146.54,0
DWS027,20131115,146.92,146.92,146.92,146.92,0
DWS027,20131118,147.38,147.38,147.38,147.38,0
DWS027,20131119,145.70,145.70,145.70,145.70,0
DWS027,20131120,145.97,145.97,145.97,145.97,0
DWS027,20131121,146.23,146.23,146.23,146.23,0
DWS027,20131122,147.38,147.38,147.38,147.38,0
DWS027,20131125,146.47,146.47,146.47,146.47,0
DWS027,20131126,144.64,144.64,144.64,144.64,0
DWS027,20131127,144.34,144.34,144.34,144.34,0
DWS027,20131128,144.60,144.60,144.60,144.60,0
DWS027,20131129,145.04,145.04,145.04,145.04,0
DWS027,20131202,143.35,143.35,143.35,143.35,0
DWS027,20131203,141.83,141.83,141.83,141.83,0
DWS027,20131204,141.09,141.09,141.09,141.09,0
DWS027,20131205,139.95,139.95,139.95,139.95,0
DWS027,20131206,142.38,142.38,142.38,142.38,0
DWS027,20131209,143.38,143.38,143.38,143.38,0
DWS027,20131210,142.66,142.66,142.66,142.66,0
DWS027,20131211,141.97,141.97,141.97,141.97,0
DWS027,20131212,142.03,142.03,142.03,142.03,0
DWS027,20131213,142.58,142.58,142.58,142.58,0
DWS027,20131216,143.59,143.59,143.59,143.59,0
DWS027,20131217,144.12,144.12,144.12,144.12,0
DWS027,20131218,143.91,143.91,143.91,143.91,0
DWS027,20131219,145.09,145.09,145.09,145.09,0
DWS027,20131220,145.87,145.87,145.87,145.87,0
DWS027,20131223,146.68,146.68,146.68,146.68,0
DWS027,20131227,146.51,146.51,146.51,146.51,0
DWS027,20131230,145.66,145.66,145.66,145.66,0
DWS027,20140102,146.87,146.87,146.87,146.87,0
DWS027,20140103,144.65,144.65,144.65,144.65,0
DWS027,20140107,143.69,143.69,143.69,143.69,0
DWS027,20140108,143.23,143.23,143.23,143.23,0
DWS027,20140109,142.13,142.13,142.13,142.13,0
DWS027,20140110,142.70,142.70,142.70,142.70,0
DWS027,20140113,141.06,141.06,141.06,141.06,0
DWS027,20140114,141.98,141.98,141.98,141.98,0
DWS027,20140115,144.08,144.08,144.08,144.08,0
DWS027,20140116,143.06,143.06,143.06,143.06,0
DWS027,20140117,143.30,143.30,143.30,143.30,0
DWS027,20140120,143.10,143.10,143.10,143.10,0
DWS027,20140121,143.43,143.43,143.43,143.43,0
DWS027,20140122,143.07,143.07,143.07,143.07,0
DWS027,20140123,139.59,139.59,139.59,139.59,0
DWS027,20140124,139.85,139.85,139.85,139.85,0
DWS027,20140127,137.41,137.41,137.41,137.41,0
DWS027,20140128,136.15,136.15,136.15,136.15,0
DWS027,20140129,134.94,134.94,134.94,134.94,0
DWS027,20140130,135.65,135.65,135.65,135.65,0
DWS027,20140131,135.54,135.54,135.54,135.54,0
DWS027,20140203,131.91,131.91,131.91,131.91,0
DWS027,20140204,134.39,134.39,134.39,134.39,0
DWS027,20140205,135.04,135.04,135.04,135.04,0
DWS027,20140206,136.29,136.29,136.29,136.29,0
DWS027,20140207,137.40,137.40,137.40,137.40,0
DWS027,20140210,136.05,136.05,136.05,136.05,0
DWS027,20140211,136.84,136.84,136.84,136.84,0
DWS027,20140212,137.23,137.23,137.23,137.23,0
DWS027,20140213,136.33,136.33,136.33,136.33,0
DWS027,20140214,136.76,136.76,136.76,136.76,0
DWS027,20140217,136.48,136.48,136.48,136.48,0
DWS027,20140218,135.51,135.51,135.51,135.51,0
DWS027,20140219,130.80,130.80,130.80,130.80,0
DWS027,20140220,133.37,133.37,133.37,133.37,0
DWS027,20140221,133.35,133.35,133.35,133.35,0
DWS027,20140224,133.67,133.67,133.67,133.67,0
DWS027,20140225,131.70,131.70,131.70,131.70,0
DWS027,20140226,130.47,130.47,130.47,130.47,0
DWS027,20140227,129.97,129.97,129.97,129.97,0
DWS027,20140228,127.43,127.43,127.43,127.43,0
DWS027,20140303,116.69,116.69,116.69,116.69,0
DWS027,20140304,123.17,123.17,123.17,123.17,0
DWS027,20140305,120.44,120.44,120.44,120.44,0
DWS027,20140306,118.17,118.17,118.17,118.17,0
DWS027,20140307,119.07,119.07,119.07,119.07,0
DWS027,20140310,118.55,118.55,118.55,118.55,0
DWS027,20140311,118.37,118.37,118.37,118.37,0
DWS027,20140312,115.93,115.93,115.93,115.93,0
DWS027,20140313,115.24,115.24,115.24,115.24,0
DWS027,20140314,109.39,109.39,109.39,109.39,0
DWS027,20140317,112.58,112.58,112.58,112.58,0
DWS027,20140318,116.29,116.29,116.29,116.29,0
DWS027,20140319,117.70,117.70,117.70,117.70,0
DWS027,20140320,117.75,117.75,117.75,117.75,0
DWS027,20140321,115.31,115.31,115.31,115.31,0
DWS027,20140324,117.81,117.81,117.81,117.81,0
DWS027,20140325,116.27,116.27,116.27,116.27,0
DWS027,20140326,121.39,121.39,121.39,121.39,0
DWS027,20140327,120.24,120.24,120.24,120.24,0
DWS027,20140328,120.31,120.31,120.31,120.31,0
DWS027,20140331,127.51,127.51,127.51,127.51,0
DWS027,20140401,126.08,126.08,126.08,126.08,0
DWS027,20140402,123.54,123.54,123.54,123.54,0
DWS027,20140403,123.43,123.43,123.43,123.43,0
DWS027,20140404,122.71,122.71,122.71,122.71,0
DWS027,20140407,122.06,122.06,122.06,122.06,0
DWS027,20140408,121.57,121.57,121.57,121.57,0
DWS027,20140409,120.60,120.60,120.60,120.60,0
DWS027,20140410,122.16,122.16,122.16,122.16,0
DWS027,20140411,122.05,122.05,122.05,122.05,0
DWS027,20140414,119.21,119.21,119.21,119.21,0
DWS027,20140415,118.87,118.87,118.87,118.87,0
DWS027,20140416,118.27,118.27,118.27,118.27,0
DWS027,20140417,118.63,118.63,118.63,118.63,0
DWS027,20140422,120.14,120.14,120.14,120.14,0
DWS027,20140423,119.39,119.39,119.39,119.39,0
DWS027,20140424,120.52,120.52,120.52,120.52,0
DWS027,20140425,115.88,115.88,115.88,115.88,0
DWS027,20140428,117.87,117.87,117.87,117.87,0
DWS027,20140429,118.60,118.60,118.60,118.60,0
DWS027,20140430,118.85,118.85,118.85,118.85,0
DWS027,20140502,117.94,117.94,117.94,117.94,0
DWS027,20140505,117.53,117.53,117.53,117.53,0
DWS027,20140506,118.73,118.73,118.73,118.73,0
DWS027,20140507,124.48,124.48,124.48,124.48,0
DWS027,20140508,125.03,125.03,125.03,125.03,0
DWS027,20140509,123.99,123.99,123.99,123.99,0
DWS027,20140512,123.90,123.90,123.90,123.90,0
DWS027,20140513,125.96,125.96,125.96,125.96,0
DWS027,20140514,126.58,126.58,126.58,126.58,0
DWS027,20140515,127.61,127.61,127.61,127.61,0
DWS027,20140516,127.45,127.45,127.45,127.45,0
DWS027,20140519,129.13,129.13,129.13,129.13,0
DWS027,20140520,129.13,129.13,129.13,129.13,0
DWS027,20140521,130.93,130.93,130.93,130.93,0
DWS027,20140522,132.34,132.34,132.34,132.34,0
DWS027,20140523,131.43,131.43,131.43,131.43,0
DWS027,20140526,135.40,135.40,135.40,135.40,0
DWS027,20140527,132.65,132.65,132.65,132.65,0
DWS027,20140528,131.17,131.17,131.17,131.17,0
DWS027,20140529,131.26,131.26,131.26,131.26,0
DWS027,20140602,133.16,133.16,133.16,133.16,0
DWS027,20140603,132.71,132.71,132.71,132.71,0
DWS027,20140604,133.02,133.02,133.02,133.02,0
DWS027,20140605,135.27,135.27,135.27,135.27,0
DWS027,20140606,133.86,133.86,133.86,133.86,0
DWS027,20140609,137.50,137.50,137.50,137.50,0
DWS027,20140610,134.40,134.40,134.40,134.40,0
DWS027,20140611,136.26,136.26,136.26,136.26,0
DWS027,20140612,136.65,136.65,136.65,136.65,0
DWS027,20140613,136.87,136.87,136.87,136.87,0
DWS027,20140616,133.91,133.91,133.91,133.91,0
DWS027,20140617,137.10,137.10,137.10,137.10,0
DWS027,20140620,138.18,138.18,138.18,138.18,0
DWS027,20140623,139.01,139.01,139.01,139.01,0
DWS027,20140624,142.97,142.97,142.97,142.97,0
DWS027,20140625,140.64,140.64,140.64,140.64,0
DWS027,20140626,139.61,139.61,139.61,139.61,0
DWS027,20140627,138.90,138.90,138.90,138.90,0
DWS027,20140630,138.52,138.52,138.52,138.52,0
DWS027,20140701,137.32,137.32,137.32,137.32,0
DWS027,20140702,138.99,138.99,138.99,138.99,0
DWS027,20140704,137.15,137.15,137.15,137.15,0
DWS027,20140707,139.52,139.52,139.52,139.52,0
DWS027,20140708,138.51,138.51,138.51,138.51,0
DWS027,20140709,139.93,139.93,139.93,139.93,0
DWS027,20140710,139.21,139.21,139.21,139.21,0
DWS027,20140711,138.80,138.80,138.80,138.80,0
DWS027,20140714,137.61,137.61,137.61,137.61,0
DWS027,20140715,135.28,135.28,135.28,135.28,0
DWS027,20140716,137.10,137.10,137.10,137.10,0
DWS027,20140717,131.92,131.92,131.92,131.92,0
DWS027,20140718,132.26,132.26,132.26,132.26,0
DWS027,20140721,130.84,130.84,130.84,130.84,0
DWS027,20140722,132.91,132.91,132.91,132.91,0
DWS027,20140723,134.40,134.40,134.40,134.40,0
DWS027,20140724,132.50,132.50,132.50,132.50,0
DWS027,20140725,131.35,131.35,131.35,131.35,0
DWS027,20140728,127.67,127.67,127.67,127.67,0
DWS027,20140729,129.78,129.78,129.78,129.78,0
DWS027,20140805,130.52,130.52,130.52,130.52,0
DWS027,20140806,128.11,128.11,128.11,128.11,0
DWS027,20140807,127.86,127.86,127.86,127.86,0
DWS027,20140808,129.60,129.60,129.60,129.60,0
DWS027,20140811,132.29,132.29,132.29,132.29,0
DWS027,20140812,131.57,131.57,131.57,131.57,0
DWS027,20140813,132.65,132.65,132.65,132.65,0
DWS027,20140814,134.87,134.87,134.87,134.87,0
DWS027,20140818,135.29,135.29,135.29,135.29,0
DWS027,20140820,135.70,135.70,135.70,135.70,0
DWS027,20140821,137.49,137.49,137.49,137.49,0
DWS027,20140822,139.13,139.13,139.13,139.13,0
DWS027,20140825,137.44,137.44,137.44,137.44,0
DWS027,20140826,138.92,138.92,138.92,138.92,0
DWS027,20140827,139.12,139.12,139.12,139.12,0
DWS027,20140828,134.79,134.79,134.79,134.79,0
DWS027,20140901,132.06,132.06,132.06,132.06,0
DWS027,20140902,130.49,130.49,130.49,130.49,0
DWS027,20140903,137.98,137.98,137.98,137.98,0
DWS027,20140904,138.47,138.47,138.47,138.47,0
DWS027,20140905,140.62,140.62,140.62,140.62,0
DWS027,20140908,139.73,139.73,139.73,139.73,0
DWS027,20140909,139.30,139.30,139.30,139.30,0
DWS027,20140910,138.81,138.81,138.81,138.81,0
DWS027,20140918,131.72,131.72,131.72,131.72,0
DWS027,20140919,131.54,131.54,131.54,131.54,0
DWS027,20140922,129.93,129.93,129.93,129.93,0
DWS027,20140923,130.89,130.89,130.89,130.89,0
DWS027,20140924,133.96,133.96,133.96,133.96,0
DWS027,20140925,131.83,131.83,131.83,131.83,0
DWS027,20140929,128.21,128.21,128.21,128.21,0
DWS027,20140930,128.24,128.24,128.24,128.24,0
DWS027,20141001,129.07,129.07,129.07,129.07,0
DWS027,20141002,128.70,128.70,128.70,128.70,0
DWS027,20141006,129.78,129.78,129.78,129.78,0
DWS027,20141007,130.06,130.06,130.06,130.06,0
DWS027,20141008,127.63,127.63,127.63,127.63,0
DWS027,20141009,127.47,127.47,127.47,127.47,0
DWS027,20141010,122.41,122.41,122.41,122.41,0
DWS027,20141013,125.90,125.90,125.90,125.90,0
DWS027,20141014,126.46,126.46,126.46,126.46,0
DWS027,20141015,125.87,125.87,125.87,125.87,0
DWS027,20141016,122.88,122.88,122.88,122.88,0
DWS027,20141017,124.89,124.89,124.89,124.89,0
DWS027,20141020,123.87,123.87,123.87,123.87,0
DWS027,20141021,124.84,124.84,124.84,124.84,0
DWS027,20141022,123.44,123.44,123.44,123.44,0
DWS027,20141023,123.08,123.08,123.08,123.08,0
DWS027,20141024,123.50,123.50,123.50,123.50,0
DWS027,20141027,123.01,123.01,123.01,123.01,0
DWS027,20141028,123.09,123.09,123.09,123.09,0
DWS027,20141029,124.56,124.56,124.56,124.56,0
DWS027,20141030,127.56,127.56,127.56,127.56,0
DWS027,20141031,128.44,128.44,128.44,128.44,0
DWS027,20141103,127.52,127.52,127.52,127.52,0
DWS027,20141104,127.25,127.25,127.25,127.25,0
DWS027,20141105,124.19,124.19,124.19,124.19,0
DWS027,20141106,125.51,125.51,125.51,125.51,0
DWS027,20141107,122.16,122.16,122.16,122.16,0
DWS027,20141110,122.16,122.16,122.16,122.16,0
DWS027,20141112,123.66,123.66,123.66,123.66,0
DWS027,20141113,124.92,124.92,124.92,124.92,0
DWS027,20141114,119.59,119.59,119.59,119.59,0
DWS027,20141117,121.51,121.51,121.51,121.51,0
DWS027,20141118,122.34,122.34,122.34,122.34,0
DWS027,20141119,122.59,122.59,122.59,122.59,0
DWS027,20141120,121.83,121.83,121.83,121.83,0
DWS027,20141121,126.17,126.17,126.17,126.17,0
DWS027,20141124,127.26,127.26,127.26,127.26,0
DWS027,20141125,126.05,126.05,126.05,126.05,0
DWS027,20141126,122.56,122.56,122.56,122.56,0
DWS027,20141127,122.36,122.36,122.36,122.36,0
DWS027,20141128,116.86,116.86,116.86,116.86,0
DWS027,20141201,115.93,115.93,115.93,115.93,0
DWS027,20141202,111.78,111.78,111.78,111.78,0
DWS027,20141203,112.78,112.78,112.78,112.78,0
DWS027,20141204,112.75,112.75,112.75,112.75,0
DWS027,20141205,110.47,110.47,110.47,110.47,0
DWS027,20141208,108.88,108.88,108.88,108.88,0
DWS027,20141209,106.54,106.54,106.54,106.54,0
DWS027,20141210,108.23,108.23,108.23,108.23,0
DWS027,20141211,103.34,103.34,103.34,103.34,0
DWS027,20141212,101.35,101.35,101.35,101.35,0
DWS027,20141215,101.23,101.23,101.23,101.23,0
DWS027,20141216,85.41,85.41,85.41,85.41,0
DWS027,20141217,99.16,99.16,99.16,99.16,0
DWS027,20141218,100.33,100.33,100.33,100.33,0
DWS027,20141219,98.41,98.41,98.41,98.41,0
DWS027,20141222,104.55,104.55,104.55,104.55,0
DWS027,20141223,106.44,106.44,106.44,106.44,0
DWS027,20141229,106.49,106.49,106.49,106.49,0
DWS027,20141230,103.19,103.19,103.19,103.19,0
DWS027,20150102,102.76,102.76,102.76,102.76,0
DWS027,20150105,102.51,102.51,102.51,102.51,0
DWS027,20150107,104.40,104.40,104.40,104.40,0
DWS027,20150108,110.91,110.91,110.91,110.91,0
DWS027,20150109,104.23,104.23,104.23,104.23,0
DWS027,20150112,104.60,104.60,104.60,104.60,0
DWS027,20150113,103.17,103.17,103.17,103.17,0
DWS027,20150114,103.36,103.36,103.36,103.36,0
DWS027,20150115,107.95,107.95,107.95,107.95,0
DWS027,20150116,109.74,109.74,109.74,109.74,0
DWS027,20150119,108.57,108.57,108.57,108.57,0
DWS027,20150120,107.86,107.86,107.86,107.86,0
DWS027,20150121,109.93,109.93,109.93,109.93,0
DWS027,20150122,115.36,115.36,115.36,115.36,0
DWS027,20150123,115.28,115.28,115.28,115.28,0
DWS027,20150126,109.27,109.27,109.27,109.27,0
DWS027,20150127,109.24,109.24,109.24,109.24,0
DWS027,20150128,109.64,109.64,109.64,109.64,0
DWS027,20150129,106.86,106.86,106.86,106.86,0
DWS027,20150130,103.53,103.53,103.53,103.53,0
DWS027,20150202,106.18,106.18,106.18,106.18,0
DWS027,20150203,105.51,105.51,105.51,105.51,0
DWS027,20150204,106.37,106.37,106.37,106.37,0
DWS027,20150205,109.71,109.71,109.71,109.71,0
DWS027,20150206,112.27,112.27,112.27,112.27,0
DWS027,20150209,113.71,113.71,113.71,113.71,0
DWS027,20150210,113.90,113.90,113.90,113.90,0
DWS027,20150211,114.45,114.45,114.45,114.45,0
DWS027,20150212,116.97,116.97,116.97,116.97,0
DWS027,20150213,117.70,117.70,117.70,117.70,0
DWS027,20150216,118.66,118.66,118.66,118.66,0
DWS027,20150217,119.26,119.26,119.26,119.26,0
DWS027,20150218,121.09,121.09,121.09,121.09,0
DWS027,20150219,117.46,117.46,117.46,117.46,0
DWS027,20150220,118.63,118.63,118.63,118.63,0
DWS027,20150223,117.95,117.95,117.95,117.95,0
DWS027,20150224,117.69,117.69,117.69,117.69,0
DWS027,20150225,116.19,116.19,116.19,116.19,0
DWS027,20150226,118.82,118.82,118.82,118.82,0
DWS027,20150227,117.59,117.59,117.59,117.59,0
DWS027,20150302,117.96,117.96,117.96,117.96,0
DWS027,20150303,120.41,120.41,120.41,120.41,0
DWS027,20150304,119.92,119.92,119.92,119.92,0
DWS027,20150305,119.29,119.29,119.29,119.29,0
DWS027,20150306,119.48,119.48,119.48,119.48,0
DWS027,20150309,117.10,117.10,117.10,117.10,0
DWS027,20150310,115.53,115.53,115.53,115.53,0
DWS027,20150311,116.08,116.08,116.08,116.08,0
DWS027,20150312,118.28,118.28,118.28,118.28,0
DWS027,20150313,117.97,117.97,117.97,117.97,0
DWS027,20150316,115.85,115.85,115.85,115.85,0
DWS027,20150317,115.05,115.05,115.05,115.05,0
DWS027,20150318,117.56,117.56,117.56,117.56,0
DWS027,20150319,117.01,117.01,117.01,117.01,0
DWS027,20150320,115.79,115.79,115.79,115.79,0
DWS027,20150323,116.09,116.09,116.09,116.09,0
DWS027,20150324,117.06,117.06,117.06,117.06,0
DWS027,20150325,117.47,117.47,117.47,117.47,0
DWS027,20150326,115.88,115.88,115.88,115.88,0
DWS027,20150327,115.58,115.58,115.58,115.58,0
DWS027,20150330,116.99,116.99,116.99,116.99,0
DWS027,20150331,118.39,118.39,118.39,118.39,0
DWS027,20150401,121.16,121.16,121.16,121.16,0
DWS027,20150402,123.02,123.02,123.02,123.02,0
DWS027,20150407,125.35,125.35,125.35,125.35,0
DWS027,20150408,128.25,128.25,128.25,128.25,0
DWS027,20150409,129.03,129.03,129.03,129.03,0
DWS027,20150410,130.94,130.94,130.94,130.94,0
DWS027,20150413,131.84,131.84,131.84,131.84,0
DWS027,20150414,129.31,129.31,129.31,129.31,0
DWS027,20150415,136.24,136.24,136.24,136.24,0
DWS027,20150416,136.34,136.34,136.34,136.34,0
DWS027,20150417,133.31,133.31,133.31,133.31,0
DWS027,20150420,130.89,130.89,130.89,130.89,0
DWS027,20150421,128.19,128.19,128.19,128.19,0
DWS027,20150422,128.95,128.95,128.95,128.95,0
DWS027,20150423,130.14,130.14,130.14,130.14,0
DWS027,20150424,132.57,132.57,132.57,132.57,0
DWS027,20150427,128.94,128.94,128.94,128.94,0
DWS027,20150428,127.26,127.26,127.26,127.26,0
DWS027,20150429,127.21,127.21,127.21,127.21,0
DWS027,20150430,127.53,127.53,127.53,127.53,0
DWS027,20150504,127.26,127.26,127.26,127.26,0
DWS027,20150505,127.26,127.26,127.26,127.26,0
DWS027,20150506,128.27,128.27,128.27,128.27,0
DWS027,20150507,130.98,130.98,130.98,130.98,0
DWS027,20150508,129.21,129.21,129.21,129.21,0
DWS027,20150511,130.31,130.31,130.31,130.31,0
DWS027,20150512,132.67,132.67,132.67,132.67,0
DWS027,20150513,131.18,131.18,131.18,131.18,0
DWS027,20150514,129.97,129.97,129.97,129.97,0
DWS027,20150515,130.27,130.27,130.27,130.27,0
DWS027,20150518,128.97,128.97,128.97,128.97,0
DWS027,20150519,130.52,130.52,130.52,130.52,0
DWS027,20150520,128.26,128.26,128.26,128.26,0
DWS027,20150521,130.99,130.99,130.99,130.99,0
DWS027,20150522,130.69,130.69,130.69,130.69,0
DWS027,20150525,131.16,131.16,131.16,131.16,0
DWS027,20150526,131.92,131.92,131.92,131.92,0
DWS027,20150527,131.45,131.45,131.45,131.45,0
DWS027,20150528,128.22,128.22,128.22,128.22,0
DWS027,20150529,126.93,126.93,126.93,126.93,0
DWS027,20150601,124.67,124.67,124.67,124.67,0
DWS027,20150602,124.99,124.99,124.99,124.99,0
DWS027,20150603,123.02,123.02,123.02,123.02,0
DWS027,20150605,118.77,118.77,118.77,118.77,0
DWS027,20150608,120.19,120.19,120.19,120.19,0
DWS027,20150609,117.91,117.91,117.91,117.91,0
DWS027,20150610,121.79,121.79,121.79,121.79,0
DWS027,20150611,120.86,120.86,120.86,120.86,0
DWS027,20150612,119.53,119.53,119.53,119.53,0
DWS027,20150615,118.98,118.98,118.98,118.98,0
DWS027,20150616,121.01,121.01,121.01,121.01,0
DWS027,20150617,121.48,121.48,121.48,121.48,0
DWS027,20150618,121.23,121.23,121.23,121.23,0
DWS027,20150619,121.64,121.64,121.64,121.64,0
DWS027,20150622,122.59,122.59,122.59,122.59,0
DWS027,20150623,121.77,121.77,121.77,121.77,0
DWS027,20150624,121.80,121.80,121.80,121.80,0
DWS027,20150625,120.81,120.81,120.81,120.81,0
DWS027,20150626,120.48,120.48,120.48,120.48,0
DWS027,20150629,119.48,119.48,119.48,119.48,0
DWS027,20150630,119.90,119.90,119.90,119.90,0
DWS027,20150701,120.50,120.50,120.50,120.50,0
DWS027,20150702,120.11,120.11,120.11,120.11,0
DWS027,20150703,120.20,120.20,120.20,120.20,0
DWS027,20150706,118.73,118.73,118.73,118.73,0
DWS027,20150707,117.47,117.47,117.47,117.47,0
DWS027,20150708,116.87,116.87,116.87,116.87,0
DWS027,20150709,116.36,116.36,116.36,116.36,0
DWS027,20150710,118.45,118.45,118.45,118.45,0
DWS027,20150713,118.45,118.45,118.45,118.45,0
DWS027,20150714,118.26,118.26,118.26,118.26,0
DWS027,20150715,119.86,119.86,119.86,119.86,0
DWS027,20150716,119.99,119.99,119.99,119.99,0
DWS027,20150717,120.98,120.98,120.98,120.98,0
DWS027,20150720,119.75,119.75,119.75,119.75,0
DWS027,20150721,119.98,119.98,119.98,119.98,0
DWS027,20150722,118.99,118.99,118.99,118.99,0
DWS027,20150723,116.80,116.80,116.80,116.80,0
DWS027,20150724,114.03,114.03,114.03,114.03,0
DWS027,20150727,110.60,110.60,110.60,110.60,0
DWS027,20150728,110.23,110.23,110.23,110.23,0
DWS027,20150729,111.07,111.07,111.07,111.07,0
DWS027,20150730,112.53,112.53,112.53,112.53,0
DWS027,20150731,112.11,112.11,112.11,112.11,0
DWS027,20150803,110.61,110.61,110.61,110.61,0
DWS027,20150804,110.25,110.25,110.25,110.25,0
DWS027,20150805,111.74,111.74,111.74,111.74,0
DWS027,20150806,110.40,110.40,110.40,110.40,0
DWS027,20150807,111.35,111.35,111.35,111.35,0
DWS027,20150810,110.13,110.13,110.13,110.13,0
DWS027,20150811,112.39,112.39,112.39,112.39,0
DWS027,20150812,107.92,107.92,107.92,107.92,0
DWS027,20150813,109.46,109.46,109.46,109.46,0
DWS027,20150814,107.79,107.79,107.79,107.79,0
DWS027,20150817,107.50,107.50,107.50,107.50,0
DWS027,20150818,106.19,106.19,106.19,106.19,0
DWS027,20150819,105.47,105.47,105.47,105.47,0
DWS027,20150820,105.12,105.12,105.12,105.12,0
DWS027,20150821,102.96,102.96,102.96,102.96,0
DWS027,20150824,96.67,96.67,96.67,96.67,0
DWS027,20150825,98.23,98.23,98.23,98.23,0
DWS027,20150826,96.06,96.06,96.06,96.06,0
DWS027,20150827,101.85,101.85,101.85,101.85,0
DWS027,20150828,103.47,103.47,103.47,103.47,0
DWS027,20150831,103.22,103.22,103.22,103.22,0
DWS027,20150901,101.33,101.33,101.33,101.33,0
DWS027,20150902,102.56,102.56,102.56,102.56,0
DWS027,20150903,103.21,103.21,103.21,103.21,0
DWS027,20150904,100.83,100.83,100.83,100.83,0
DWS027,20150907,100.66,100.66,100.66,100.66,0
DWS027,20150908,101.42,101.42,101.42,101.42,0
DWS027,20150909,100.21,100.21,100.21,100.21,0
DWS027,20150910,101.39,101.39,101.39,101.39,0
DWS027,20150911,99.88,99.88,99.88,99.88,0
DWS027,20150914,100.56,100.56,100.56,100.56,0
DWS027,20150915,101.27,101.27,101.27,101.27,0
DWS027,20150916,103.03,103.03,103.03,103.03,0
DWS027,20150917,103.10,103.10,103.10,103.10,0
DWS027,20150918,101.29,101.29,101.29,101.29,0
DWS027,20150921,101.71,101.71,101.71,101.71,0
DWS027,20150922,99.85,99.85,99.85,99.85,0
DWS027,20150923,99.71,99.71,99.71,99.71,0
DWS027,20150924,98.70,98.70,98.70,98.70,0
DWS027,20150925,99.93,99.93,99.93,99.93,0
DWS027,20150928,101.01,101.01,101.01,101.01,0
DWS027,20150929,99.34,99.34,99.34,99.34,0
DWS027,20150930,100.71,100.71,100.71,100.71,0
DWS027,20151001,99.55,99.55,99.55,99.55,0
DWS027,20151002,97.77,97.77,97.77,97.77,0
DWS027,20151005,100.83,100.83,100.83,100.83,0
DWS027,20151006,104.71,104.71,104.71,104.71,0
DWS027,20151007,106.82,106.82,106.82,106.82,0
DWS027,20151008,108.14,108.14,108.14,108.14,0
DWS027,20151009,109.85,109.85,109.85,109.85,0
DWS027,20151012,110.09,110.09,110.09,110.09,0
DWS027,20151013,107.37,107.37,107.37,107.37,0
DWS027,20151014,108.75,108.75,108.75,108.75,0
DWS027,20151015,109.69,109.69,109.69,109.69,0
DWS027,20151016,110.53,110.53,110.53,110.53,0
DWS027,20151019,108.89,108.89,108.89,108.89,0
DWS027,20151020,110.25,110.25,110.25,110.25,0
DWS027,20151021,109.58,109.58,109.58,109.58,0
DWS027,20151022,111.94,111.94,111.94,111.94,0
DWS027,20151023,112.94,112.94,112.94,112.94,0
DWS027,20151026,111.96,111.96,111.96,111.96,0
DWS027,20151027,110.42,110.42,110.42,110.42,0
DWS027,20151028,113.13,113.13,113.13,113.13,0
DWS027,20151029,111.36,111.36,111.36,111.36,0
DWS027,20151030,111.75,111.75,111.75,111.75,0
DWS027,20151102,111.27,111.27,111.27,111.27,0
DWS027,20151103,113.66,113.66,113.66,113.66,0
DWS027,20151104,116.26,116.26,116.26,116.26,0
DWS027,20151105,116.18,116.18,116.18,116.18,0
DWS027,20151106,116.32,116.32,116.32,116.32,0
DWS027,20151109,115.11,115.11,115.11,115.11,0
DWS027,20151110,115.26,115.26,115.26,115.26,0
DWS027,20151112,111.84,111.84,111.84,111.84,0
DWS027,20151113,111.20,111.20,111.20,111.20,0
DWS027,20151116,110.95,110.95,110.95,110.95,0
DWS027,20151117,115.66,115.66,115.66,115.66,0
DWS027,20151118,118.66,118.66,118.66,118.66,0
DWS027,20151119,120.96,120.96,120.96,120.96,0
DWS027,20151120,118.29,118.29,118.29,118.29,0
DWS027,20151123,118.75,118.75,118.75,118.75,0
DWS027,20151124,120.02,120.02,120.02,120.02,0
DWS027,20151125,119.89,119.89,119.89,119.89,0
DWS027,20151126,118.99,118.99,118.99,118.99,0
DWS027,20151127,117.74,117.74,117.74,117.74,0
DWS027,20151130,117.51,117.51,117.51,117.51,0
DWS027,20151201,117.65,117.65,117.65,117.65,0
DWS027,20151202,116.01,116.01,116.01,116.01,0
DWS027,20151203,114.83,114.83,114.83,114.83,0
DWS027,20151204,114.39,114.39,114.39,114.39,0
DWS027,20151207,111.44,111.44,111.44,111.44,0
DWS027,20151208,107.46,107.46,107.46,107.46,0
DWS027,20151209,108.43,108.43,108.43,108.43,0
DWS027,20151210,108.64,108.64,108.64,108.64,0
DWS027,20151211,107.04,107.04,107.04,107.04,0
DWS027,20151214,105.05,105.05,105.05,105.05,0
DWS027,20151215,106.76,106.76,106.76,106.76,0
DWS027,20151216,106.82,106.82,106.82,106.82,0
DWS027,20151217,107.74,107.74,107.74,107.74,0
DWS027,20151218,106.75,106.75,106.75,106.75,0
DWS027,20151221,104.25,104.25,104.25,104.25,0
DWS027,20151222,102.73,102.73,102.73,102.73,0
DWS027,20151223,104.63,104.63,104.63,104.63,0
DWS027,20151228,102.26,102.26,102.26,102.26,0
DWS027,20151229,105.15,105.15,105.15,105.15,0
DWS027,20151230,102.51,102.51,102.51,102.51,0
DWS027,20160104,102.76,102.76,102.76,102.76,0
DWS027,20160105,103.74,103.74,103.74,103.74,0
DWS027,20160107,101.43,101.43,101.43,101.43,0
DWS027,20160108,101.69,101.69,101.69,101.69,0
DWS027,20160111,99.96,99.96,99.96,99.96,0
DWS027,20160112,98.70,98.70,98.70,98.70,0
DWS027,20160113,97.98,97.98,97.98,97.98,0
DWS027,20160114,96.89,96.89,96.89,96.89,0
DWS027,20160115,93.46,93.46,93.46,93.46,0
DWS027,20160118,93.96,93.96,93.96,93.96,0
DWS027,20160119,94.50,94.50,94.50,94.50,0
DWS027,20160120,90.93,90.93,90.93,90.93,0
DWS027,20160121,91.38,91.38,91.38,91.38,0
DWS027,20160122,93.60,93.60,93.60,93.60,0
DWS027,20160125,98.39,98.39,98.39,98.39,0
DWS027,20160126,93.93,93.93,93.93,93.93,0
DWS027,20160127,101.15,101.15,101.15,101.15,0
DWS027,20160128,101.16,101.16,101.16,101.16,0
DWS027,20160129,104.85,104.85,104.85,104.85,0
DWS027,20160201,102.87,102.87,102.87,102.87,0
DWS027,20160202,101.97,101.97,101.97,101.97,0
DWS027,20160203,98.28,98.28,98.28,98.28,0
DWS027,20160204,101.31,101.31,101.31,101.31,0
DWS027,20160205,100.65,100.65,100.65,100.65,0
DWS027,20160208,98.76,98.76,98.76,98.76,0
DWS027,20160209,96.02,96.02,96.02,96.02,0
DWS027,20160210,95.68,95.68,95.68,95.68,0
DWS027,20160211,92.63,92.63,92.63,92.63,0
DWS027,20160212,94.76,94.76,94.76,94.76,0
DWS027,20160215,96.29,96.29,96.29,96.29,0
DWS027,20160216,100.14,100.14,100.14,100.14,0
DWS027,20160217,101.09,101.09,101.09,101.09,0
DWS027,20160218,102.29,102.29,102.29,102.29,0
DWS027,20160219,101.48,101.48,101.48,101.48,0
DWS027,20160222,101.20,101.20,101.20,101.20,0
DWS027,20160223,102.57,102.57,102.57,102.57,0
DWS027,20160224,102.68,102.68,102.68,102.68,0
DWS027,20160225,101.52,101.52,101.52,101.52,0
DWS027,20160226,103.32,103.32,103.32,103.32,0
DWS027,20160229,105.57,105.57,105.57,105.57,0
DWS027,20160301,109.59,109.59,109.59,109.59,0
DWS027,20160302,107.06,107.06,107.06,107.06,0
DWS027,20160303,107.71,107.71,107.71,107.71,0
DWS027,20160304,110.89,110.89,110.89,110.89,0
DWS027,20160307,111.13,111.13,111.13,111.13,0
DWS027,20160308,112.40,112.40,112.40,112.40,0
DWS027,20160309,109.58,109.58,109.58,109.58,0
DWS027,20160310,111.27,111.27,111.27,111.27,0
DWS027,20160311,112.13,112.13,112.13,112.13,0
DWS027,20160314,109.52,109.52,109.52,109.52,0
DWS027,20160315,107.84,107.84,107.84,107.84,0
DWS027,20160316,109.08,109.08,109.08,109.08,0
DWS027,20160317,111.89,111.89,111.89,111.89,0
DWS027,20160318,113.91,113.91,113.91,113.91,0
DWS027,20160321,111.66,111.66,111.66,111.66,0
DWS027,20160322,112.83,112.83,112.83,112.83,0
DWS027,20160323,112.45,112.45,112.45,112.45,0
DWS027,20160324,109.43,109.43,109.43,109.43,0
DWS027,20160329,108.94,108.94,108.94,108.94,0
DWS027,20160330,111.55,111.55,111.55,111.55,0
DWS027,20160331,112.23,112.23,112.23,112.23,0
DWS027,20160401,109.69,109.69,109.69,109.69,0
DWS027,20160404,107.48,107.48,107.48,107.48,0
DWS027,20160405,107.15,107.15,107.15,107.15,0
DWS027,20160406,107.35,107.35,107.35,107.35,0
DWS027,20160407,109.84,109.84,109.84,109.84,0
DWS027,20160408,111.25,111.25,111.25,111.25,0
DWS027,20160411,111.01,111.01,111.01,111.01,0
DWS027,20160412,114.72,114.72,114.72,114.72,0
DWS027,20160413,116.70,116.70,116.70,116.70,0
DWS027,20160414,114.86,114.86,114.86,114.86,0
DWS027,20160415,115.59,115.59,115.59,115.59,0
DWS027,20160418,112.86,112.86,112.86,112.86,0
DWS027,20160419,115.24,115.24,115.24,115.24,0
DWS027,20160420,117.43,117.43,117.43,117.43,0
DWS027,20160421,116.75,116.75,116.75,116.75,0
DWS027,20160422,118.97,118.97,118.97,118.97,0
DWS027,20160425,119.21,119.21,119.21,119.21,0
DWS027,20160426,118.72,118.72,118.72,118.72,0
DWS027,20160427,119.75,119.75,119.75,119.75,0
DWS027,20160428,117.42,117.42,117.42,117.42,0
DWS027,20160429,121.46,121.46,121.46,121.46,0
DWS027,20160502,118.26,118.26,118.26,118.26,0
DWS027,20160504,113.65,113.65,113.65,113.65,0
DWS027,20160505,114.77,114.77,114.77,114.77,0
DWS027,20160506,115.32,115.32,115.32,115.32,0
DWS027,20160509,114.95,114.95,114.95,114.95,0
DWS027,20160510,115.46,115.46,115.46,115.46,0
DWS027,20160511,114.70,114.70,114.70,114.70,0
DWS027,20160512,117.77,117.77,117.77,117.77,0
DWS027,20160513,118.49,118.49,118.49,118.49,0
DWS027,20160516,117.72,117.72,117.72,117.72,0
DWS027,20160517,115.92,115.92,115.92,115.92,0
DWS027,20160518,117.58,117.58,117.58,117.58,0
DWS027,20160519,117.77,117.77,117.77,117.77,0
DWS027,20160520,116.04,116.04,116.04,116.04,0
DWS027,20160523,115.92,115.92,115.92,115.92,0
DWS027,20160524,115.38,115.38,115.38,115.38,0
DWS027,20160525,116.71,116.71,116.71,116.71,0
DWS027,20160527,118.09,118.09,118.09,118.09,0
DWS027,20160530,118.92,118.92,118.92,118.92,0
DWS027,20160531,118.78,118.78,118.78,118.78,0
DWS027,20160601,116.02,116.02,116.02,116.02,0
DWS027,20160602,115.46,115.46,115.46,115.46,0
DWS027,20160603,116.00,116.00,116.00,116.00,0
DWS027,20160606,117.32,117.32,117.32,117.32,0
DWS027,20160607,118.89,118.89,118.89,118.89,0
DWS027,20160608,118.79,118.79,118.79,118.79,0
DWS027,20160609,119.19,119.19,119.19,119.19,0
DWS027,20160610,116.25,116.25,116.25,116.25,0
DWS027,20160613,116.37,116.37,116.37,116.37,0
DWS027,20160614,117.51,117.51,117.51,117.51,0
DWS027,20160615,116.60,116.60,116.60,116.60,0
DWS027,20160616,116.86,116.86,116.86,116.86,0
DWS027,20160617,115.93,115.93,115.93,115.93,0
DWS027,20160620,117.78,117.78,117.78,117.78,0
DWS027,20160621,117.59,117.59,117.59,117.59,0
DWS027,20160622,121.61,121.61,121.61,121.61,0
DWS027,20160623,117.43,117.43,117.43,117.43,0
DWS027,20160624,118.52,118.52,118.52,118.52,0
DWS027,20160627,118.86,118.86,118.86,118.86,0
DWS027,20160628,117.81,117.81,117.81,117.81,0
DWS027,20160629,120.79,120.79,120.79,120.79,0
DWS027,20160630,120.48,120.48,120.48,120.48,0
DWS027,20160701,119.16,119.16,119.16,119.16,0
DWS027,20160704,123.35,123.35,123.35,123.35,0
DWS027,20160705,121.15,121.15,121.15,121.15,0
DWS027,20160706,118.99,118.99,118.99,118.99,0
DWS027,20160707,120.72,120.72,120.72,120.72,0
DWS027,20160708,122.49,122.49,122.49,122.49,0
DWS027,20160711,121.76,121.76,121.76,121.76,0
DWS027,20160712,123.50,123.50,123.50,123.50,0
DWS027,20160713,122.47,122.47,122.47,122.47,0
DWS027,20160714,124.94,124.94,124.94,124.94,0
DWS027,20160715,124.90,124.90,124.90,124.90,0
DWS027,20160718,124.82,124.82,124.82,124.82,0
DWS027,20160719,124.91,124.91,124.91,124.91,0
DWS027,20160720,124.87,124.87,124.87,124.87,0
DWS027,20160721,124.84,124.84,124.84,124.84,0
DWS027,20160722,122.66,122.66,122.66,122.66,0
DWS027,20160725,123.04,123.04,123.04,123.04,0
DWS027,20160726,122.84,122.84,122.84,122.84,0
DWS027,20160727,123.44,123.44,123.44,123.44,0
DWS027,20160728,123.33,123.33,123.33,123.33,0
DWS027,20160729,121.34,121.34,121.34,121.34,0
DWS027,20160801,120.46,120.46,120.46,120.46,0
DWS027,20160802,119.75,119.75,119.75,119.75,0
DWS027,20160803,117.92,117.92,117.92,117.92,0
DWS027,20160804,119.26,119.26,119.26,119.26,0
DWS027,20160805,122.09,122.09,122.09,122.09,0
DWS027,20160808,123.44,123.44,123.44,123.44,0
DWS027,20160809,123.85,123.85,123.85,123.85,0
DWS027,20160810,123.07,123.07,123.07,123.07,0
DWS027,20160811,122.66,122.66,122.66,122.66,0
DWS027,20160812,123.32,123.32,123.32,123.32,0
DWS027,20160816,125.34,125.34,125.34,125.34,0
DWS027,20160817,123.97,123.97,123.97,123.97,0
DWS027,20160818,125.15,125.15,125.15,125.15,0
DWS027,20160819,123.68,123.68,123.68,123.68,0
DWS027,20160822,123.56,123.56,123.56,123.56,0
DWS027,20160823,124.41,124.41,124.41,124.41,0
DWS027,20160824,123.88,123.88,123.88,123.88,0
DWS027,20160825,123.22,123.22,123.22,123.22,0
DWS027,20160826,126.88,126.88,126.88,126.88,0
DWS027,20160829,125.43,125.43,125.43,125.43,0
DWS027,20160830,126.53,126.53,126.53,126.53,0
DWS027,20160831,125.68,125.68,125.68,125.68,0
DWS027,20160901,126.00,126.00,126.00,126.00,0
DWS027,20160902,128.16,128.16,128.16,128.16,0
DWS027,20160905,128.61,128.61,128.61,128.61,0
DWS027,20160906,129.13,129.13,129.13,129.13,0
DWS027,20160907,130.36,130.36,130.36,130.36,0
DWS027,20160908,129.47,129.47,129.47,129.47,0
DWS027,20160909,128.69,128.69,128.69,128.69,0
DWS027,20160912,126.81,126.81,126.81,126.81,0
DWS027,20160913,127.50,127.50,127.50,127.50,0
DWS027,20160914,125.92,125.92,125.92,125.92,0
DWS027,20160915,125.35,125.35,125.35,125.35,0
DWS027,20160916,124.90,124.90,124.90,124.90,0
DWS027,20160919,124.95,124.95,124.95,124.95,0
DWS027,20160920,125.01,125.01,125.01,125.01,0
DWS027,20160921,126.04,126.04,126.04,126.04,0
DWS027,20160922,128.05,128.05,128.05,128.05,0
DWS027,20160923,127.96,127.96,127.96,127.96,0
DWS027,20160926,127.08,127.08,127.08,127.08,0
DWS027,20160927,126.79,126.79,126.79,126.79,0
DWS027,20160928,125.95,125.95,125.95,125.95,0
DWS027,20160929,128.89,128.89,128.89,128.89,0
DWS027,20160930,128.23,128.23,128.23,128.23,0
DWS027,20161003,127.80,127.80,127.80,127.80,0
DWS027,20161004,129.60,129.60,129.60,129.60,0
DWS027,20161005,128.93,128.93,128.93,128.93,0
DWS027,20161006,129.48,129.48,129.48,129.48,0
DWS027,20161007,128.94,128.94,128.94,128.94,0
DWS027,20161010,130.19,130.19,130.19,130.19,0
DWS027,20161011,130.22,130.22,130.22,130.22,0
DWS027,20161012,130.28,130.28,130.28,130.28,0
DWS027,20161013,129.72,129.72,129.72,129.72,0
DWS027,20161014,130.18,130.18,130.18,130.18,0
DWS027,20161017,129.44,129.44,129.44,129.44,0
DWS027,20161018,131.60,131.60,131.60,131.60,0
DWS027,20161019,133.03,133.03,133.03,133.03,0
DWS027,20161020,131.39,131.39,131.39,131.39,0
DWS027,20161021,133.42,133.42,133.42,133.42,0
DWS027,20161024,133.61,133.61,133.61,133.61,0
DWS027,20161025,133.27,133.27,133.27,133.27,0
DWS027,20161026,133.25,133.25,133.25,133.25,0
DWS027,20161027,132.57,132.57,132.57,132.57,0
DWS027,20161028,132.02,132.02,132.02,132.02,0
DWS027,20161031,132.01,132.01,132.01,132.01,0
DWS027,20161102,128.10,128.10,128.10,128.10,0
DWS027,20161103,127.08,127.08,127.08,127.08,0
DWS027,20161104,125.38,125.38,125.38,125.38,0
DWS027,20161107,127.78,127.78,127.78,127.78,0
DWS027,20161108,128.52,128.52,128.52,128.52,0
DWS027,20161109,131.19,131.19,131.19,131.19,0
DWS027,20161110,131.08,131.08,131.08,131.08,0
DWS027,20161114,132.48,132.48,132.48,132.48,0
DWS027,20161115,135.36,135.36,135.36,135.36,0
DWS027,20161116,136.89,136.89,136.89,136.89,0
DWS027,20161117,137.78,137.78,137.78,137.78,0
DWS027,20161118,139.03,139.03,139.03,139.03,0
DWS027,20161121,140.59,140.59,140.59,140.59,0
DWS027,20161122,139.91,139.91,139.91,139.91,0
DWS027,20161123,140.59,140.59,140.59,140.59,0
DWS027,20161124,141.64,141.64,141.64,141.64,0
DWS027,20161125,139.87,139.87,139.87,139.87,0
DWS027,20161128,140.52,140.52,140.52,140.52,0
DWS027,20161129,139.09,139.09,139.09,139.09,0
DWS027,20161130,142.67,142.67,142.67,142.67,0
DWS027,20161201,146.17,146.17,146.17,146.17,0
DWS027,20161202,146.76,146.76,146.76,146.76,0
DWS027,20161205,148.13,148.13,148.13,148.13,0
DWS027,20161206,149.62,149.62,149.62,149.62,0
DWS027,20161207,147.58,147.58,147.58,147.58,0
DWS027,20161208,151.05,151.05,151.05,151.05,0
DWS027,20161209,151.24,151.24,151.24,151.24,0
DWS027,20161212,159.79,159.79,159.79,159.79,0
DWS027,20161213,159.65,159.65,159.65,159.65,0
DWS027,20161214,156.98,156.98,156.98,156.98,0
DWS027,20161215,158.42,158.42,158.42,158.42,0
DWS027,20161216,159.88,159.88,159.88,159.88,0
DWS027,20161219,157.68,157.68,157.68,157.68,0
DWS027,20161220,157.64,157.64,157.64,157.64,0
DWS027,20161221,159.13,159.13,159.13,159.13,0
DWS027,20161222,156.50,156.50,156.50,156.50,0
DWS027,20161223,155.82,155.82,155.82,155.82,0
DWS027,20161227,156.12,156.12,156.12,156.12,0
DWS027,20161228,157.07,157.07,157.07,157.07,0
DWS027,20161229,157.27,157.27,157.27,157.27,0
DWS027,20161230,158.43,158.43,158.43,158.43,0
DWS027,20170102,159.40,159.40,159.40,159.40,0
DWS027,20170103,164.07,164.07,164.07,164.07,0
DWS027,20170104,163.19,163.19,163.19,163.19,0
DWS027,20170105,160.16,160.16,160.16,160.16,0
DWS027,20170109,159.46,159.46,159.46,159.46,0
DWS027,20170110,158.97,158.97,158.97,158.97,0
DWS027,20170111,159.47,159.47,159.47,159.47,0
DWS027,20170112,160.13,160.13,160.13,160.13,0
DWS027,20170113,159.07,159.07,159.07,159.07,0
DWS027,20170116,160.08,160.08,160.08,160.08,0
DWS027,20170117,158.88,158.88,158.88,158.88,0
DWS027,20170118,157.25,157.25,157.25,157.25,0
DWS027,20170119,155.28,155.28,155.28,155.28,0
DWS027,20170120,156.38,156.38,156.38,156.38,0
DWS027,20170123,155.35,155.35,155.35,155.35,0
DWS027,20170124,156.37,156.37,156.37,156.37,0
DWS027,20170125,155.93,155.93,155.93,155.93,0
DWS027,20170126,155.94,155.94,155.94,155.94,0
DWS027,20170127,155.86,155.86,155.86,155.86,0
DWS027,20170130,158.91,158.91,158.91,158.91,0
DWS027,20170131,156.82,156.82,156.82,156.82,0
DWS027,20170201,156.31,156.31,156.31,156.31,0
DWS027,20170202,154.98,154.98,154.98,154.98,0
DWS027,20170203,157.16,157.16,157.16,157.16,0
DWS027,20170206,156.80,156.80,156.80,156.80,0
DWS027,20170207,156.26,156.26,156.26,156.26,0
DWS027,20170208,157.92,157.92,157.92,157.92,0
DWS027,20170209,157.16,157.16,157.16,157.16,0
DWS027,20170210,156.09,156.09,156.09,156.09,0
DWS027,20170213,158.49,158.49,158.49,158.49,0
DWS027,20170214,158.41,158.41,158.41,158.41,0
DWS027,20170215,157.78,157.78,157.78,157.78,0
DWS027,20170216,159.63,159.63,159.63,159.63,0
DWS027,20170217,156.85,156.85,156.85,156.85,0
DWS027,20170220,155.37,155.37,155.37,155.37,0
DWS027,20170221,155.18,155.18,155.18,155.18,0
DWS027,20170222,156.39,156.39,156.39,156.39,0
DWS027,20170223,155.82,155.82,155.82,155.82,0
DWS027,20170224,156.12,156.12,156.12,156.12,0
DWS027,20170227,151.12,151.12,151.12,151.12,0
DWS027,20170228,149.33,149.33,149.33,149.33,0
DWS027,20170301,151.95,151.95,151.95,151.95,0
DWS027,20170302,149.41,149.41,149.41,149.41,0
DWS027,20170303,147.71,147.71,147.71,147.71,0
DWS027,20170306,150.31,150.31,150.31,150.31,0
DWS027,20170307,146.66,146.66,146.66,146.66,0
DWS027,20170308,146.91,146.91,146.91,146.91,0
DWS027,20170309,142.12,142.12,142.12,142.12,0
DWS027,20170310,143.75,143.75,143.75,143.75,0
DWS027,20170313,143.23,143.23,143.23,143.23,0
DWS027,20170314,143.24,143.24,143.24,143.24,0
DWS027,20170315,144.11,144.11,144.11,144.11,0
DWS027,20170316,146.95,146.95,146.95,146.95,0
DWS027,20170317,147.03,147.03,147.03,147.03,0
DWS027,20170320,146.55,146.55,146.55,146.55,0
DWS027,20170321,146.57,146.57,146.57,146.57,0
DWS027,20170322,145.07,145.07,145.07,145.07,0
DWS027,20170323,146.34,146.34,146.34,146.34,0
DWS027,20170324,145.99,145.99,145.99,145.99,0
DWS027,20170327,144.37,144.37,144.37,144.37,0
DWS027,20170328,144.40,144.40,144.40,144.40,0
DWS027,20170329,144.22,144.22,144.22,144.22,0
DWS027,20170330,147.37,147.37,147.37,147.37,0
DWS027,20170331,147.79,147.79,147.79,147.79,0
DWS027,20170403,146.63,146.63,146.63,146.63,0
DWS027,20170404,148.34,148.34,148.34,148.34,0
DWS027,20170405,149.28,149.28,149.28,149.28,0
DWS027,20170406,150.81,150.81,150.81,150.81,0
DWS027,20170407,150.40,150.40,150.40,150.40,0
DWS027,20170410,147.25,147.25,147.25,147.25,0
DWS027,20170411,144.41,144.41,144.41,144.41,0
DWS027,20170412,144.97,144.97,144.97,144.97,0
DWS027,20170413,143.04,143.04,143.04,143.04,0
DWS027,20170418,144.61,144.61,144.61,144.61,0
DWS027,20170419,142.33,142.33,142.33,142.33,0
DWS027,20170420,141.78,141.78,141.78,141.78,0
DWS027,20170421,141.87,141.87,141.87,141.87,0
DWS027,20170424,144.02,144.02,144.02,144.02,0
DWS027,20170425,144.03,144.03,144.03,144.03,0
DWS027,20170426,144.66,144.66,144.66,144.66,0
DWS027,20170427,144.99,144.99,144.99,144.99,0
DWS027,20170428,142.41,142.41,142.41,142.41,0
DWS027,20170502,142.28,142.28,142.28,142.28,0
DWS027,20170504,138.08,138.08,138.08,138.08,0
DWS027,20170505,138.38,138.38,138.38,138.38,0
DWS027,20170508,138.29,138.29,138.29,138.29,0
DWS027,20170509,139.03,139.03,139.03,139.03,0
DWS027,20170510,142.14,142.14,142.14,142.14,0
DWS027,20170511,141.50,141.50,141.50,141.50,0
DWS027,20170512,141.05,141.05,141.05,141.05,0
DWS027,20170515,141.12,141.12,141.12,141.12,0
DWS027,20170516,139.96,139.96,139.96,139.96,0
DWS027,20170517,137.14,137.14,137.14,137.14,0
DWS027,20170518,135.58,135.58,135.58,135.58,0
DWS027,20170519,135.42,135.42,135.42,135.42,0
DWS027,20170522,134.57,134.57,134.57,134.57,0
DWS027,20170523,136.09,136.09,136.09,136.09,0
DWS027,20170524,136.26,136.26,136.26,136.26,0
DWS027,20170525,135.67,135.67,135.67,135.67,0
DWS027,20170526,134.13,134.13,134.13,134.13,0
DWS027,20170529,133.75,133.75,133.75,133.75,0
DWS027,20170530,134.55,134.55,134.55,134.55,0
DWS027,20170531,131.73,131.73,131.73,131.73,0
DWS027,20170601,133.00,133.00,133.00,133.00,0
DWS027,20170602,131.69,131.69,131.69,131.69,0
DWS027,20170605,131.33,131.33,131.33,131.33,0
DWS027,20170606,131.74,131.74,131.74,131.74,0
DWS027,20170607,130.66,130.66,130.66,130.66,0
DWS027,20170608,131.05,131.05,131.05,131.05,0
DWS027,20170609,130.44,130.44,130.44,130.44,0
DWS027,20170612,131.01,131.01,131.01,131.01,0
DWS027,20170613,130.98,130.98,130.98,130.98,0
DWS027,20170614,131.11,131.11,131.11,131.11,0
DWS027,20170616,128.57,128.57,128.57,128.57,0
DWS027,20170619,128.23,128.23,128.23,128.23,0
DWS027,20170620,127.53,127.53,127.53,127.53,0
DWS027,20170621,126.50,126.50,126.50,126.50,0
DWS027,20170622,126.46,126.46,126.46,126.46,0
DWS027,20170623,126.74,126.74,126.74,126.74,0
DWS027,20170626,126.48,126.48,126.48,126.48,0
DWS027,20170627,127.08,127.08,127.08,127.08,0
DWS027,20170628,127.97,127.97,127.97,127.97,0
DWS027,20170629,128.21,128.21,128.21,128.21,0
DWS027,20170630,127.94,127.94,127.94,127.94,0
DWS027,20170703,126.91,126.91,126.91,126.91,0
DWS027,20170704,129.88,129.88,129.88,129.88,0
DWS027,20170705,128.46,128.46,128.46,128.46,0
DWS027,20170706,128.68,128.68,128.68,128.68,0
DWS027,20170707,126.93,126.93,126.93,126.93,0
DWS027,20170710,128.22,128.22,128.22,128.22,0
DWS027,20170711,128.32,128.32,128.32,128.32,0
DWS027,20170712,129.36,129.36,129.36,129.36,0
DWS027,20170713,130.38,130.38,130.38,130.38,0
DWS027,20170714,131.11,131.11,131.11,131.11,0
DWS027,20170717,131.58,131.58,131.58,131.58,0
DWS027,20170718,130.60,130.60,130.60,130.60,0
DWS027,20170719,129.60,129.60,129.60,129.60,0
DWS027,20170720,130.60,130.60,130.60,130.60,0
DWS027,20170721,130.21,130.21,130.21,130.21,0
DWS027,20170724,128.69,128.69,128.69,128.69,0
DWS027,20170725,127.68,127.68,127.68,127.68,0
DWS027,20170726,128.50,128.50,128.50,128.50,0
DWS027,20170727,131.07,131.07,131.07,131.07,0
DWS027,20170728,128.86,128.86,128.86,128.86,0
DWS027,20170731,126.76,126.76,126.76,126.76,0
DWS027,20170801,128.65,128.65,128.65,128.65,0
DWS027,20170802,127.35,127.35,127.35,127.35,0
DWS027,20170803,127.23,127.23,127.23,127.23,0
DWS027,20170804,126.70,126.70,126.70,126.70,0
DWS027,20170807,127.81,127.81,127.81,127.81,0
DWS027,20170808,130.29,130.29,130.29,130.29,0
DWS027,20170809,130.06,130.06,130.06,130.06,0
DWS027,20170810,130.31,130.31,130.31,130.31,0
DWS027,20170811,128.95,128.95,128.95,128.95,0
DWS027,20170814,129.82,129.82,129.82,129.82,0
DWS027,20170816,129.41,129.41,129.41,129.41,0
DWS027,20170817,129.31,129.31,129.31,129.31,0
DWS027,20170818,129.69,129.69,129.69,129.69,0
DWS027,20170821,129.54,129.54,129.54,129.54,0
DWS027,20170822,130.73,130.73,130.73,130.73,0
DWS027,20170823,129.96,129.96,129.96,129.96,0
DWS027,20170824,131.28,131.28,131.28,131.28,0
DWS027,20170825,130.49,130.49,130.49,130.49,0
DWS027,20170828,130.83,130.83,130.83,130.83,0
DWS027,20170829,128.83,128.83,128.83,128.83,0
DWS027,20170830,129.84,129.84,129.84,129.84,0
DWS027,20170831,131.98,131.98,131.98,131.98,0
DWS027,20170901,134.18,134.18,134.18,134.18,0
DWS027,20170904,134.48,134.48,134.48,134.48,0
DWS027,20170905,133.84,133.84,133.84,133.84,0
DWS027,20170906,134.14,134.14,134.14,134.14,0
DWS027,20170907,134.18,134.18,134.18,134.18,0
DWS027,20170908,135.10,135.10,135.10,135.10,0
DWS027,20170911,135.34,135.34,135.34,135.34,0
DWS027,20170912,135.57,135.57,135.57,135.57,0
DWS027,20170913,136.18,136.18,136.18,136.18,0
DWS027,20170914,137.29,137.29,137.29,137.29,0
DWS027,20170915,136.78,136.78,136.78,136.78,0
DWS027,20170918,137.29,137.29,137.29,137.29,0
DWS027,20170919,136.62,136.62,136.62,136.62,0
DWS027,20170920,136.15,136.15,136.15,136.15,0
DWS027,20170921,136.79,136.79,136.79,136.79,0
