Name,Date,Open,High,Low,Close,Volume
DWS028,20081007,100.02,100.02,100.02,100.02,0
DWS028,20081008,100.02,100.02,100.02,100.02,0
DWS028,20081009,100.02,100.02,100.02,100.02,0
DWS028,20081010,100.03,100.03,100.03,100.03,0
DWS028,20081013,100.04,100.04,100.04,100.04,0
DWS028,20081014,100.05,100.05,100.05,100.05,0
DWS028,20081015,100.05,100.05,100.05,100.05,0
DWS028,20081016,100.05,100.05,100.05,100.05,0
DWS028,20081017,100.06,100.06,100.06,100.06,0
DWS028,20081020,100.07,100.07,100.07,100.07,0
DWS028,20081021,100.07,100.07,100.07,100.07,0
DWS028,20081022,100.07,100.07,100.07,100.07,0
DWS028,20081023,100.07,100.07,100.07,100.07,0
DWS028,20081024,100.07,100.07,100.07,100.07,0
DWS028,20081027,100.07,100.07,100.07,100.07,0
DWS028,20081028,100.07,100.07,100.07,100.07,0
DWS028,20081029,100.07,100.07,100.07,100.07,0
DWS028,20081030,100.07,100.07,100.07,100.07,0
DWS028,20081031,101.70,101.70,101.70,101.70,0
DWS028,20081103,105.33,105.33,105.33,105.33,0
DWS028,20081104,103.67,103.67,103.67,103.67,0
DWS028,20081105,110.27,110.27,110.27,110.27,0
DWS028,20081106,102.05,102.05,102.05,102.05,0
DWS028,20081107,104.27,104.27,104.27,104.27,0
DWS028,20081110,103.81,103.81,103.81,103.81,0
DWS028,20081112,99.28,99.28,99.28,99.28,0
DWS028,20081113,94.13,94.13,94.13,94.13,0
DWS028,20081114,98.34,98.34,98.34,98.34,0
DWS028,20081117,93.54,93.54,93.54,93.54,0
DWS028,20081118,87.78,87.78,87.78,87.78,0
DWS028,20081119,88.17,88.17,88.17,88.17,0
DWS028,20081120,78.32,78.32,78.32,78.32,0
DWS028,20081121,78.79,78.79,78.79,78.79,0
DWS028,20081124,87.30,87.30,87.30,87.30,0
DWS028,20081125,91.83,91.83,91.83,91.83,0
DWS028,20081126,93.96,93.96,93.96,93.96,0
DWS028,20081127,95.27,95.27,95.27,95.27,0
DWS028,20081128,97.71,97.71,97.71,97.71,0
DWS028,20081201,98.76,98.76,98.76,98.76,0
DWS028,20081202,93.47,93.47,93.47,93.47,0
DWS028,20081203,94.88,94.88,94.88,94.88,0
DWS028,20081204,99.38,99.38,99.38,99.38,0
DWS028,20081205,98.50,98.50,98.50,98.50,0
DWS028,20081208,96.39,96.39,96.39,96.39,0
DWS028,20081209,98.53,98.53,98.53,98.53,0
DWS028,20081210,99.58,99.58,99.58,99.58,0
DWS028,20081211,97.26,97.26,97.26,97.26,0
DWS028,20081212,98.41,98.41,98.41,98.41,0
DWS028,20081215,98.58,98.58,98.58,98.58,0
DWS028,20081216,101.66,101.66,101.66,101.66,0
DWS028,20081217,102.78,102.78,102.78,102.78,0
DWS028,20081218,104.44,104.44,104.44,104.44,0
DWS028,20081219,102.51,102.51,102.51,102.51,0
DWS028,20081222,103.40,103.40,103.40,103.40,0
DWS028,20081223,103.79,103.79,103.79,103.79,0
DWS028,20081229,106.11,106.11,106.11,106.11,0
DWS028,20081230,104.29,104.29,104.29,104.29,0
DWS028,20081231,104.87,104.87,104.87,104.87,0
DWS028,20090105,107.93,107.93,107.93,107.93,0
DWS028,20090106,109.71,109.71,109.71,109.71,0
DWS028,20090107,108.10,108.10,108.10,108.10,0
DWS028,20090108,105.11,105.11,105.11,105.11,0
DWS028,20090109,102.65,102.65,102.65,102.65,0
DWS028,20090112,101.24,101.24,101.24,101.24,0
DWS028,20090113,102.01,102.01,102.01,102.01,0
DWS028,20090114,104.84,104.84,104.84,104.84,0
DWS028,20090115,104.14,104.14,104.14,104.14,0
DWS028,20090116,102.95,102.95,102.95,102.95,0
DWS028,20090119,107.61,107.61,107.61,107.61,0
DWS028,20090120,102.49,102.49,102.49,102.49,0
DWS028,20090121,100.20,100.20,100.20,100.20,0
DWS028,20090122,103.84,103.84,103.84,103.84,0
DWS028,20090123,103.55,103.55,103.55,103.55,0
DWS028,20090126,105.87,105.87,105.87,105.87,0
DWS028,20090127,108.20,108.20,108.20,108.20,0
DWS028,20090128,110.10,110.10,110.10,110.10,0
DWS028,20090129,112.21,112.21,112.21,112.21,0
DWS028,20090130,112.48,112.48,112.48,112.48,0
DWS028,20090202,109.81,109.81,109.81,109.81,0
DWS028,20090203,111.90,111.90,111.90,111.90,0
DWS028,20090204,118.84,118.84,118.84,118.84,0
DWS028,20090205,115.96,115.96,115.96,115.96,0
DWS028,20090206,117.95,117.95,117.95,117.95,0
DWS028,20090209,119.58,119.58,119.58,119.58,0
DWS028,20090210,116.44,116.44,116.44,116.44,0
DWS028,20090211,112.95,112.95,112.95,112.95,0
DWS028,20090212,114.79,114.79,114.79,114.79,0
DWS028,20090213,115.30,115.30,115.30,115.30,0
DWS028,20090216,116.36,116.36,116.36,116.36,0
DWS028,20090217,114.60,114.60,114.60,114.60,0
DWS028,20090218,111.27,111.27,111.27,111.27,0
DWS028,20090219,110.64,110.64,110.64,110.64,0
DWS028,20090220,110.12,110.12,110.12,110.12,0
DWS028,20090223,108.91,108.91,108.91,108.91,0
DWS028,20090224,106.08,106.08,106.08,106.08,0
DWS028,20090225,110.43,110.43,110.43,110.43,0
DWS028,20090226,109.90,109.90,109.90,109.90,0
DWS028,20090227,108.78,108.78,108.78,108.78,0
DWS028,20090302,110.46,110.46,110.46,110.46,0
DWS028,20090303,108.10,108.10,108.10,108.10,0
DWS028,20090304,109.06,109.06,109.06,109.06,0
DWS028,20090305,109.10,109.10,109.10,109.10,0
DWS028,20090306,104.21,104.21,104.21,104.21,0
DWS028,20090309,103.38,103.38,103.38,103.38,0
DWS028,20090310,102.69,102.69,102.69,102.69,0
DWS028,20090311,103.68,103.68,103.68,103.68,0
DWS028,20090312,100.31,100.31,100.31,100.31,0
DWS028,20090313,103.11,103.11,103.11,103.11,0
DWS028,20090316,103.40,103.40,103.40,103.40,0
DWS028,20090317,101.37,101.37,101.37,101.37,0
DWS028,20090318,102.06,102.06,102.06,102.06,0
DWS028,20090319,100.96,100.96,100.96,100.96,0
DWS028,20090320,103.21,103.21,103.21,103.21,0
DWS028,20090323,103.24,103.24,103.24,103.24,0
DWS028,20090324,106.65,106.65,106.65,106.65,0
DWS028,20090325,106.89,106.89,106.89,106.89,0
DWS028,20090326,109.96,109.96,109.96,109.96,0
DWS028,20090327,110.08,110.08,110.08,110.08,0
DWS028,20090330,109.78,109.78,109.78,109.78,0
DWS028,20090331,111.38,111.38,111.38,111.38,0
DWS028,20090401,112.19,112.19,112.19,112.19,0
DWS028,20090402,115.50,115.50,115.50,115.50,0
DWS028,20090403,117.00,117.00,117.00,117.00,0
DWS028,20090406,116.70,116.70,116.70,116.70,0
DWS028,20090407,116.22,116.22,116.22,116.22,0
DWS028,20090408,116.54,116.54,116.54,116.54,0
DWS028,20090409,118.60,118.60,118.60,118.60,0
DWS028,20090414,118.91,118.91,118.91,118.91,0
DWS028,20090415,117.28,117.28,117.28,117.28,0
DWS028,20090416,119.17,119.17,119.17,119.17,0
DWS028,20090417,119.95,119.95,119.95,119.95,0
DWS028,20090420,119.61,119.61,119.61,119.61,0
DWS028,20090421,118.65,118.65,118.65,118.65,0
DWS028,20090422,118.76,118.76,118.76,118.76,0
DWS028,20090423,119.32,119.32,119.32,119.32,0
DWS028,20090424,120.43,120.43,120.43,120.43,0
DWS028,20090427,121.83,121.83,121.83,121.83,0
DWS028,20090428,121.12,121.12,121.12,121.12,0
DWS028,20090429,122.11,122.11,122.11,122.11,0
DWS028,20090430,124.43,124.43,124.43,124.43,0
DWS028,20090504,124.83,124.83,124.83,124.83,0
DWS028,20090505,125.88,125.88,125.88,125.88,0
DWS028,20090506,128.46,128.46,128.46,128.46,0
DWS028,20090507,133.04,133.04,133.04,133.04,0
DWS028,20090508,127.79,127.79,127.79,127.79,0
DWS028,20090511,127.98,127.98,127.98,127.98,0
DWS028,20090512,128.91,128.91,128.91,128.91,0
DWS028,20090513,129.69,129.69,129.69,129.69,0
DWS028,20090514,127.09,127.09,127.09,127.09,0
DWS028,20090515,130.81,130.81,130.81,130.81,0
DWS028,20090518,129.23,129.23,129.23,129.23,0
DWS028,20090519,128.81,128.81,128.81,128.81,0
DWS028,20090520,129.31,129.31,129.31,129.31,0
DWS028,20090521,131.62,131.62,131.62,131.62,0
DWS028,20090522,131.34,131.34,131.34,131.34,0
DWS028,20090525,130.71,130.71,130.71,130.71,0
DWS028,20090526,128.18,128.18,128.18,128.18,0
DWS028,20090527,128.76,128.76,128.76,128.76,0
DWS028,20090528,129.41,129.41,129.41,129.41,0
DWS028,20090529,130.31,130.31,130.31,130.31,0
DWS028,20090601,131.27,131.27,131.27,131.27,0
DWS028,20090602,134.69,134.69,134.69,134.69,0
DWS028,20090603,134.74,134.74,134.74,134.74,0
DWS028,20090604,134.73,134.73,134.73,134.73,0
DWS028,20090605,130.65,130.65,130.65,130.65,0
DWS028,20090608,129.80,129.80,129.80,129.80,0
DWS028,20090609,127.47,127.47,127.47,127.47,0
DWS028,20090610,129.28,129.28,129.28,129.28,0
DWS028,20090612,129.94,129.94,129.94,129.94,0
DWS028,20090615,131.94,131.94,131.94,131.94,0
DWS028,20090616,132.55,132.55,132.55,132.55,0
DWS028,20090617,131.60,131.60,131.60,131.60,0
DWS028,20090618,131.29,131.29,131.29,131.29,0
DWS028,20090619,134.80,134.80,134.80,134.80,0
DWS028,20090622,133.72,133.72,133.72,133.72,0
DWS028,20090623,136.07,136.07,136.07,136.07,0
DWS028,20090624,133.24,133.24,133.24,133.24,0
DWS028,20090625,135.35,135.35,135.35,135.35,0
DWS028,20090626,136.75,136.75,136.75,136.75,0
DWS028,20090629,137.90,137.90,137.90,137.90,0
DWS028,20090630,135.87,135.87,135.87,135.87,0
DWS028,20090701,135.64,135.64,135.64,135.64,0
DWS028,20090702,135.36,135.36,135.36,135.36,0
DWS028,20090703,134.75,134.75,134.75,134.75,0
DWS028,20090706,133.42,133.42,133.42,133.42,0
DWS028,20090707,135.26,135.26,135.26,135.26,0
DWS028,20090708,135.24,135.24,135.24,135.24,0
DWS028,20090709,134.77,134.77,134.77,134.77,0
DWS028,20090710,132.59,132.59,132.59,132.59,0
DWS028,20090713,132.79,132.79,132.79,132.79,0
DWS028,20090714,133.64,133.64,133.64,133.64,0
DWS028,20090715,132.12,132.12,132.12,132.12,0
DWS028,20090716,135.06,135.06,135.06,135.06,0
DWS028,20090717,135.11,135.11,135.11,135.11,0
DWS028,20090720,136.38,136.38,136.38,136.38,0
DWS028,20090721,134.78,134.78,134.78,134.78,0
DWS028,20090722,136.24,136.24,136.24,136.24,0
DWS028,20090723,138.13,138.13,138.13,138.13,0
DWS028,20090724,141.22,141.22,141.22,141.22,0
DWS028,20090727,139.50,139.50,139.50,139.50,0
DWS028,20090728,140.80,140.80,140.80,140.80,0
DWS028,20090729,143.65,143.65,143.65,143.65,0
DWS028,20090730,147.52,147.52,147.52,147.52,0
DWS028,20090731,153.89,153.89,153.89,153.89,0
DWS028,20090803,156.37,156.37,156.37,156.37,0
DWS028,20090804,153.14,153.14,153.14,153.14,0
DWS028,20090805,151.39,151.39,151.39,151.39,0
DWS028,20090806,150.86,150.86,150.86,150.86,0
DWS028,20090807,152.13,152.13,152.13,152.13,0
DWS028,20090810,154.60,154.60,154.60,154.60,0
DWS028,20090811,151.84,151.84,151.84,151.84,0
DWS028,20090812,152.34,152.34,152.34,152.34,0
DWS028,20090813,156.66,156.66,156.66,156.66,0
DWS028,20090814,153.30,153.30,153.30,153.30,0
DWS028,20090817,152.86,152.86,152.86,152.86,0
DWS028,20090818,156.01,156.01,156.01,156.01,0
DWS028,20090819,157.79,157.79,157.79,157.79,0
DWS028,20090820,160.06,160.06,160.06,160.06,0
DWS028,20090821,161.20,161.20,161.20,161.20,0
DWS028,20090824,164.11,164.11,164.11,164.11,0
DWS028,20090825,162.49,162.49,162.49,162.49,0
DWS028,20090826,160.57,160.57,160.57,160.57,0
DWS028,20090827,162.10,162.10,162.10,162.10,0
DWS028,20090828,161.79,161.79,161.79,161.79,0
DWS028,20090831,158.82,158.82,158.82,158.82,0
DWS028,20090901,158.71,158.71,158.71,158.71,0
DWS028,20090902,159.07,159.07,159.07,159.07,0
DWS028,20090903,157.65,157.65,157.65,157.65,0
DWS028,20090904,157.62,157.62,157.62,157.62,0
DWS028,20090907,158.11,158.11,158.11,158.11,0
DWS028,20090908,155.13,155.13,155.13,155.13,0
DWS028,20090909,152.76,152.76,152.76,152.76,0
DWS028,20090910,153.16,153.16,153.16,153.16,0
DWS028,20090911,158.42,158.42,158.42,158.42,0
DWS028,20090914,163.17,163.17,163.17,163.17,0
DWS028,20090915,158.36,158.36,158.36,158.36,0
DWS028,20090916,160.14,160.14,160.14,160.14,0
DWS028,20090917,160.85,160.85,160.85,160.85,0
DWS028,20090918,161.21,161.21,161.21,161.21,0
DWS028,20090921,161.24,161.24,161.24,161.24,0
DWS028,20090922,160.57,160.57,160.57,160.57,0
DWS028,20090923,162.38,162.38,162.38,162.38,0
DWS028,20090924,163.49,163.49,163.49,163.49,0
DWS028,20090925,164.99,164.99,164.99,164.99,0
DWS028,20090928,165.15,165.15,165.15,165.15,0
DWS028,20090929,167.22,167.22,167.22,167.22,0
DWS028,20090930,166.66,166.66,166.66,166.66,0
DWS028,20091001,165.72,165.72,165.72,165.72,0
DWS028,20091002,164.34,164.34,164.34,164.34,0
DWS028,20091005,165.57,165.57,165.57,165.57,0
DWS028,20091006,168.62,168.62,168.62,168.62,0
DWS028,20091007,169.52,169.52,169.52,169.52,0
DWS028,20091008,173.03,173.03,173.03,173.03,0
DWS028,20091009,173.98,173.98,173.98,173.98,0
DWS028,20091012,177.36,177.36,177.36,177.36,0
DWS028,20091013,175.02,175.02,175.02,175.02,0
DWS028,20091014,175.71,175.71,175.71,175.71,0
DWS028,20091015,175.33,175.33,175.33,175.33,0
DWS028,20091016,172.37,172.37,172.37,172.37,0
DWS028,20091019,172.53,172.53,172.53,172.53,0
DWS028,20091020,173.89,173.89,173.89,173.89,0
DWS028,20091021,171.26,171.26,171.26,171.26,0
DWS028,20091022,172.84,172.84,172.84,172.84,0
DWS028,20091023,174.67,174.67,174.67,174.67,0
DWS028,20091026,172.05,172.05,172.05,172.05,0
DWS028,20091027,170.99,170.99,170.99,170.99,0
DWS028,20091028,167.83,167.83,167.83,167.83,0
DWS028,20091029,168.06,168.06,168.06,168.06,0
DWS028,20091030,167.83,167.83,167.83,167.83,0
DWS028,20091102,164.86,164.86,164.86,164.86,0
DWS028,20091103,159.13,159.13,159.13,159.13,0
DWS028,20091104,162.03,162.03,162.03,162.03,0
DWS028,20091105,161.03,161.03,161.03,161.03,0
DWS028,20091106,162.78,162.78,162.78,162.78,0
DWS028,20091109,163.31,163.31,163.31,163.31,0
DWS028,20091110,164.09,164.09,164.09,164.09,0
DWS028,20091112,162.98,162.98,162.98,162.98,0
DWS028,20091113,162.06,162.06,162.06,162.06,0
DWS028,20091116,162.20,162.20,162.20,162.20,0
DWS028,20091117,159.49,159.49,159.49,159.49,0
DWS028,20091118,157.30,157.30,157.30,157.30,0
DWS028,20091119,155.16,155.16,155.16,155.16,0
DWS028,20091120,152.68,152.68,152.68,152.68,0
DWS028,20091123,153.14,153.14,153.14,153.14,0
DWS028,20091124,153.15,153.15,153.15,153.15,0
DWS028,20091125,151.44,151.44,151.44,151.44,0
DWS028,20091126,149.42,149.42,149.42,149.42,0
DWS028,20091127,149.97,149.97,149.97,149.97,0
DWS028,20091130,149.20,149.20,149.20,149.20,0
DWS028,20091201,151.45,151.45,151.45,151.45,0
DWS028,20091202,158.30,158.30,158.30,158.30,0
DWS028,20091203,161.41,161.41,161.41,161.41,0
DWS028,20091204,166.05,166.05,166.05,166.05,0
DWS028,20091207,164.64,164.64,164.64,164.64,0
DWS028,20091208,166.20,166.20,166.20,166.20,0
DWS028,20091209,166.25,166.25,166.25,166.25,0
DWS028,20091210,167.58,167.58,167.58,167.58,0
DWS028,20091211,166.91,166.91,166.91,166.91,0
DWS028,20091214,168.55,168.55,168.55,168.55,0
DWS028,20091215,171.07,171.07,171.07,171.07,0
DWS028,20091216,172.45,172.45,172.45,172.45,0
DWS028,20091217,169.86,169.86,169.86,169.86,0
DWS028,20091218,172.11,172.11,172.11,172.11,0
DWS028,20091221,174.22,174.22,174.22,174.22,0
DWS028,20091222,176.53,176.53,176.53,176.53,0
DWS028,20091223,175.50,175.50,175.50,175.50,0
DWS028,20091228,175.74,175.74,175.74,175.74,0
DWS028,20091229,176.22,176.22,176.22,176.22,0
DWS028,20091230,173.42,173.42,173.42,173.42,0
DWS028,20091231,173.04,173.04,173.04,173.04,0
DWS028,20100104,180.58,180.58,180.58,180.58,0
DWS028,20100105,182.76,182.76,182.76,182.76,0
DWS028,20100106,184.45,184.45,184.45,184.45,0
DWS028,20100107,184.90,184.90,184.90,184.90,0
DWS028,20100108,188.83,188.83,188.83,188.83,0
DWS028,20100111,186.92,186.92,186.92,186.92,0
DWS028,20100112,184.22,184.22,184.22,184.22,0
DWS028,20100113,183.33,183.33,183.33,183.33,0
DWS028,20100114,186.76,186.76,186.76,186.76,0
DWS028,20100115,184.58,184.58,184.58,184.58,0
DWS028,20100118,185.52,185.52,185.52,185.52,0
DWS028,20100119,185.99,185.99,185.99,185.99,0
DWS028,20100120,190.08,190.08,190.08,190.08,0
DWS028,20100121,191.94,191.94,191.94,191.94,0
DWS028,20100122,191.40,191.40,191.40,191.40,0
DWS028,20100125,186.09,186.09,186.09,186.09,0
DWS028,20100126,183.83,183.83,183.83,183.83,0
DWS028,20100127,183.47,183.47,183.47,183.47,0
DWS028,20100128,187.05,187.05,187.05,187.05,0
DWS028,20100129,186.55,186.55,186.55,186.55,0
DWS028,20100201,184.24,184.24,184.24,184.24,0
DWS028,20100202,188.28,188.28,188.28,188.28,0
DWS028,20100203,187.78,187.78,187.78,187.78,0
DWS028,20100204,186.96,186.96,186.96,186.96,0
DWS028,20100205,189.48,189.48,189.48,189.48,0
DWS028,20100208,177.32,177.32,177.32,177.32,0
DWS028,20100209,177.95,177.95,177.95,177.95,0
DWS028,20100210,179.70,179.70,179.70,179.70,0
DWS028,20100211,177.64,177.64,177.64,177.64,0
DWS028,20100212,176.79,176.79,176.79,176.79,0
DWS028,20100215,178.43,178.43,178.43,178.43,0
DWS028,20100216,178.67,178.67,178.67,178.67,0
DWS028,20100217,179.51,179.51,179.51,179.51,0
DWS028,20100218,180.50,180.50,180.50,180.50,0
DWS028,20100219,178.68,178.68,178.68,178.68,0
DWS028,20100222,179.96,179.96,179.96,179.96,0
DWS028,20100223,173.99,173.99,173.99,173.99,0
DWS028,20100224,171.04,171.04,171.04,171.04,0
DWS028,20100225,170.30,170.30,170.30,170.30,0
DWS028,20100226,168.07,168.07,168.07,168.07,0
DWS028,20100301,169.08,169.08,169.08,169.08,0
DWS028,20100302,173.50,173.50,173.50,173.50,0
DWS028,20100303,171.33,171.33,171.33,171.33,0
DWS028,20100304,170.18,170.18,170.18,170.18,0
DWS028,20100305,170.47,170.47,170.47,170.47,0
DWS028,20100308,173.69,173.69,173.69,173.69,0
DWS028,20100309,172.09,172.09,172.09,172.09,0
DWS028,20100310,172.71,172.71,172.71,172.71,0
DWS028,20100311,173.76,173.76,173.76,173.76,0
DWS028,20100312,173.44,173.44,173.44,173.44,0
DWS028,20100315,171.86,171.86,171.86,171.86,0
DWS028,20100316,173.54,173.54,173.54,173.54,0
DWS028,20100317,176.21,176.21,176.21,176.21,0
DWS028,20100318,176.54,176.54,176.54,176.54,0
DWS028,20100319,176.58,176.58,176.58,176.58,0
DWS028,20100322,177.41,177.41,177.41,177.41,0
DWS028,20100323,177.78,177.78,177.78,177.78,0
DWS028,20100324,179.85,179.85,179.85,179.85,0
DWS028,20100325,184.44,184.44,184.44,184.44,0
DWS028,20100326,186.63,186.63,186.63,186.63,0
DWS028,20100329,186.87,186.87,186.87,186.87,0
DWS028,20100330,185.08,185.08,185.08,185.08,0
DWS028,20100331,186.85,186.85,186.85,186.85,0
DWS028,20100401,186.21,186.21,186.21,186.21,0
DWS028,20100406,190.86,190.86,190.86,190.86,0
DWS028,20100407,192.63,192.63,192.63,192.63,0
DWS028,20100408,192.54,192.54,192.54,192.54,0
DWS028,20100409,195.43,195.43,195.43,195.43,0
DWS028,20100412,194.62,194.62,194.62,194.62,0
DWS028,20100413,192.87,192.87,192.87,192.87,0
DWS028,20100414,194.74,194.74,194.74,194.74,0
DWS028,20100415,195.16,195.16,195.16,195.16,0
DWS028,20100416,196.81,196.81,196.81,196.81,0
DWS028,20100419,197.98,197.98,197.98,197.98,0
DWS028,20100420,198.85,198.85,198.85,198.85,0
DWS028,20100421,195.15,195.15,195.15,195.15,0
DWS028,20100422,195.24,195.24,195.24,195.24,0
DWS028,20100423,197.65,197.65,197.65,197.65,0
DWS028,20100426,197.32,197.32,197.32,197.32,0
DWS028,20100427,197.54,197.54,197.54,197.54,0
DWS028,20100428,195.61,195.61,195.61,195.61,0
DWS028,20100429,198.43,198.43,198.43,198.43,0
DWS028,20100430,198.64,198.64,198.64,198.64,0
DWS028,20100504,194.84,194.84,194.84,194.84,0
DWS028,20100505,198.13,198.13,198.13,198.13,0
DWS028,20100506,195.29,195.29,195.29,195.29,0
DWS028,20100507,190.38,190.38,190.38,190.38,0
DWS028,20100510,196.56,196.56,196.56,196.56,0
DWS028,20100511,196.60,196.60,196.60,196.60,0
DWS028,20100512,203.85,203.85,203.85,203.85,0
DWS028,20100513,202.61,202.61,202.61,202.61,0
DWS028,20100514,199.22,199.22,199.22,199.22,0
DWS028,20100517,202.65,202.65,202.65,202.65,0
DWS028,20100518,200.29,200.29,200.29,200.29,0
DWS028,20100519,202.84,202.84,202.84,202.84,0
DWS028,20100520,193.54,193.54,193.54,193.54,0
DWS028,20100521,191.70,191.70,191.70,191.70,0
DWS028,20100524,191.13,191.13,191.13,191.13,0
DWS028,20100525,189.72,189.72,189.72,189.72,0
DWS028,20100526,196.84,196.84,196.84,196.84,0
DWS028,20100527,197.07,197.07,197.07,197.07,0
DWS028,20100528,197.33,197.33,197.33,197.33,0
DWS028,20100531,194.40,194.40,194.40,194.40,0
DWS028,20100601,195.41,195.41,195.41,195.41,0
DWS028,20100602,198.56,198.56,198.56,198.56,0
DWS028,20100604,198.90,198.90,198.90,198.90,0
DWS028,20100607,200.18,200.18,200.18,200.18,0
DWS028,20100608,199.28,199.28,199.28,199.28,0
DWS028,20100609,201.20,201.20,201.20,201.20,0
DWS028,20100610,202.09,202.09,202.09,202.09,0
DWS028,20100611,201.07,201.07,201.07,201.07,0
DWS028,20100614,202.60,202.60,202.60,202.60,0
DWS028,20100615,201.75,201.75,201.75,201.75,0
DWS028,20100616,202.74,202.74,202.74,202.74,0
DWS028,20100617,204.65,204.65,204.65,204.65,0
DWS028,20100618,203.77,203.77,203.77,203.77,0
DWS028,20100621,203.92,203.92,203.92,203.92,0
DWS028,20100622,205.50,205.50,205.50,205.50,0
DWS028,20100623,202.10,202.10,202.10,202.10,0
DWS028,20100624,201.87,201.87,201.87,201.87,0
DWS028,20100625,203.19,203.19,203.19,203.19,0
DWS028,20100628,204.99,204.99,204.99,204.99,0
DWS028,20100629,203.93,203.93,203.93,203.93,0
DWS028,20100630,201.96,201.96,201.96,201.96,0
DWS028,20100701,201.20,201.20,201.20,201.20,0
DWS028,20100702,204.62,204.62,204.62,204.62,0
DWS028,20100705,199.51,199.51,199.51,199.51,0
DWS028,20100706,204.24,204.24,204.24,204.24,0
DWS028,20100707,205.17,205.17,205.17,205.17,0
DWS028,20100708,203.43,203.43,203.43,203.43,0
DWS028,20100709,202.11,202.11,202.11,202.11,0
DWS028,20100712,205.18,205.18,205.18,205.18,0
DWS028,20100713,206.79,206.79,206.79,206.79,0
DWS028,20100714,204.75,204.75,204.75,204.75,0
DWS028,20100715,203.44,203.44,203.44,203.44,0
DWS028,20100716,202.78,202.78,202.78,202.78,0
DWS028,20100719,202.23,202.23,202.23,202.23,0
DWS028,20100720,201.72,201.72,201.72,201.72,0
DWS028,20100721,209.83,209.83,209.83,209.83,0
DWS028,20100722,212.41,212.41,212.41,212.41,0
DWS028,20100723,207.36,207.36,207.36,207.36,0
DWS028,20100726,207.46,207.46,207.46,207.46,0
DWS028,20100727,207.67,207.67,207.67,207.67,0
DWS028,20100728,208.86,208.86,208.86,208.86,0
DWS028,20100729,208.53,208.53,208.53,208.53,0
DWS028,20100730,206.48,206.48,206.48,206.48,0
DWS028,20100802,209.75,209.75,209.75,209.75,0
DWS028,20100803,206.11,206.11,206.11,206.11,0
DWS028,20100804,208.37,208.37,208.37,208.37,0
DWS028,20100805,206.75,206.75,206.75,206.75,0
DWS028,20100806,204.02,204.02,204.02,204.02,0
DWS028,20100809,206.43,206.43,206.43,206.43,0
DWS028,20100810,204.88,204.88,204.88,204.88,0
DWS028,20100811,201.91,201.91,201.91,201.91,0
DWS028,20100812,205.79,205.79,205.79,205.79,0
DWS028,20100813,204.46,204.46,204.46,204.46,0
DWS028,20100816,207.46,207.46,207.46,207.46,0
DWS028,20100817,209.20,209.20,209.20,209.20,0
DWS028,20100818,208.28,208.28,208.28,208.28,0
DWS028,20100819,206.39,206.39,206.39,206.39,0
DWS028,20100820,205.98,205.98,205.98,205.98,0
DWS028,20100823,209.06,209.06,209.06,209.06,0
DWS028,20100824,207.65,207.65,207.65,207.65,0
DWS028,20100825,204.64,204.64,204.64,204.64,0
DWS028,20100826,208.14,208.14,208.14,208.14,0
DWS028,20100827,208.05,208.05,208.05,208.05,0
DWS028,20100830,208.87,208.87,208.87,208.87,0
DWS028,20100831,212.04,212.04,212.04,212.04,0
DWS028,20100901,212.55,212.55,212.55,212.55,0
DWS028,20100902,211.88,211.88,211.88,211.88,0
DWS028,20100903,212.77,212.77,212.77,212.77,0
DWS028,20100906,211.78,211.78,211.78,211.78,0
DWS028,20100907,211.35,211.35,211.35,211.35,0
DWS028,20100908,211.76,211.76,211.76,211.76,0
DWS028,20100909,211.21,211.21,211.21,211.21,0
DWS028,20100910,211.00,211.00,211.00,211.00,0
DWS028,20100913,215.68,215.68,215.68,215.68,0
DWS028,20100914,215.57,215.57,215.57,215.57,0
DWS028,20100915,216.55,216.55,216.55,216.55,0
DWS028,20100916,216.38,216.38,216.38,216.38,0
DWS028,20100917,216.57,216.57,216.57,216.57,0
DWS028,20100920,217.97,217.97,217.97,217.97,0
DWS028,20100921,217.80,217.80,217.80,217.80,0
DWS028,20100922,212.18,212.18,212.18,212.18,0
DWS028,20100923,216.35,216.35,216.35,216.35,0
DWS028,20100924,215.94,215.94,215.94,215.94,0
DWS028,20100927,215.34,215.34,215.34,215.34,0
DWS028,20100928,220.87,220.87,220.87,220.87,0
DWS028,20100929,219.17,219.17,219.17,219.17,0
DWS028,20100930,218.97,218.97,218.97,218.97,0
DWS028,20101001,217.42,217.42,217.42,217.42,0
DWS028,20101004,218.18,218.18,218.18,218.18,0
DWS028,20101005,221.91,221.91,221.91,221.91,0
DWS028,20101006,223.50,223.50,223.50,223.50,0
DWS028,20101007,223.99,223.99,223.99,223.99,0
DWS028,20101008,224.76,224.76,224.76,224.76,0
DWS028,20101011,232.52,232.52,232.52,232.52,0
DWS028,20101012,233.18,233.18,233.18,233.18,0
DWS028,20101013,232.97,232.97,232.97,232.97,0
DWS028,20101014,226.12,226.12,226.12,226.12,0
DWS028,20101015,230.47,230.47,230.47,230.47,0
DWS028,20101018,231.37,231.37,231.37,231.37,0
DWS028,20101019,230.55,230.55,230.55,230.55,0
DWS028,20101020,231.54,231.54,231.54,231.54,0
DWS028,20101021,231.13,231.13,231.13,231.13,0
DWS028,20101022,233.61,233.61,233.61,233.61,0
DWS028,20101025,232.31,232.31,232.31,232.31,0
DWS028,20101026,233.96,233.96,233.96,233.96,0
DWS028,20101027,228.17,228.17,228.17,228.17,0
DWS028,20101028,229.05,229.05,229.05,229.05,0
DWS028,20101029,230.24,230.24,230.24,230.24,0
DWS028,20101102,227.82,227.82,227.82,227.82,0
DWS028,20101103,227.64,227.64,227.64,227.64,0
DWS028,20101104,228.59,228.59,228.59,228.59,0
DWS028,20101105,231.66,231.66,231.66,231.66,0
DWS028,20101108,236.28,236.28,236.28,236.28,0
DWS028,20101109,237.85,237.85,237.85,237.85,0
DWS028,20101110,233.21,233.21,233.21,233.21,0
DWS028,20101112,234.28,234.28,234.28,234.28,0
DWS028,20101115,233.21,233.21,233.21,233.21,0
DWS028,20101116,230.14,230.14,230.14,230.14,0
DWS028,20101117,233.02,233.02,233.02,233.02,0
DWS028,20101118,233.08,233.08,233.08,233.08,0
DWS028,20101119,231.34,231.34,231.34,231.34,0
DWS028,20101122,226.23,226.23,226.23,226.23,0
DWS028,20101123,218.28,218.28,218.28,218.28,0
DWS028,20101124,225.99,225.99,225.99,225.99,0
DWS028,20101125,226.94,226.94,226.94,226.94,0
DWS028,20101126,225.25,225.25,225.25,225.25,0
DWS028,20101129,218.22,218.22,218.22,218.22,0
DWS028,20101130,224.05,224.05,224.05,224.05,0
DWS028,20101201,227.82,227.82,227.82,227.82,0
DWS028,20101202,228.16,228.16,228.16,228.16,0
DWS028,20101203,227.32,227.32,227.32,227.32,0
DWS028,20101206,228.22,228.22,228.22,228.22,0
DWS028,20101207,228.77,228.77,228.77,228.77,0
DWS028,20101208,230.99,230.99,230.99,230.99,0
DWS028,20101209,223.55,223.55,223.55,223.55,0
DWS028,20101210,220.26,220.26,220.26,220.26,0
DWS028,20101213,223.20,223.20,223.20,223.20,0
DWS028,20101214,221.31,221.31,221.31,221.31,0
DWS028,20101215,216.98,216.98,216.98,216.98,0
DWS028,20101216,213.98,213.98,213.98,213.98,0
DWS028,20101217,209.81,209.81,209.81,209.81,0
DWS028,20101220,210.93,210.93,210.93,210.93,0
DWS028,20101221,212.10,212.10,212.10,212.10,0
DWS028,20101222,214.85,214.85,214.85,214.85,0
DWS028,20101223,214.58,214.58,214.58,214.58,0
DWS028,20101227,215.67,215.67,215.67,215.67,0
DWS028,20101228,214.57,214.57,214.57,214.57,0
DWS028,20101229,215.31,215.31,215.31,215.31,0
DWS028,20101230,213.40,213.40,213.40,213.40,0
DWS028,20101231,213.09,213.09,213.09,213.09,0
DWS028,20110103,214.05,214.05,214.05,214.05,0
DWS028,20110104,214.26,214.26,214.26,214.26,0
DWS028,20110105,216.45,216.45,216.45,216.45,0
DWS028,20110107,216.83,216.83,216.83,216.83,0
DWS028,20110110,217.54,217.54,217.54,217.54,0
DWS028,20110111,216.16,216.16,216.16,216.16,0
DWS028,20110112,212.04,212.04,212.04,212.04,0
DWS028,20110113,214.45,214.45,214.45,214.45,0
DWS028,20110114,211.72,211.72,211.72,211.72,0
DWS028,20110117,208.02,208.02,208.02,208.02,0
DWS028,20110118,208.14,208.14,208.14,208.14,0
DWS028,20110119,208.62,208.62,208.62,208.62,0
DWS028,20110120,200.95,200.95,200.95,200.95,0
DWS028,20110121,199.80,199.80,199.80,199.80,0
DWS028,20110124,196.78,196.78,196.78,196.78,0
DWS028,20110125,200.14,200.14,200.14,200.14,0
DWS028,20110126,202.03,202.03,202.03,202.03,0
DWS028,20110127,200.27,200.27,200.27,200.27,0
DWS028,20110128,191.11,191.11,191.11,191.11,0
DWS028,20110131,193.58,193.58,193.58,193.58,0
DWS028,20110201,198.83,198.83,198.83,198.83,0
DWS028,20110202,196.82,196.82,196.82,196.82,0
DWS028,20110203,195.14,195.14,195.14,195.14,0
DWS028,20110204,201.57,201.57,201.57,201.57,0
DWS028,20110207,199.08,199.08,199.08,199.08,0
DWS028,20110208,198.80,198.80,198.80,198.80,0
DWS028,20110209,199.68,199.68,199.68,199.68,0
DWS028,20110210,197.18,197.18,197.18,197.18,0
DWS028,20110211,201.14,201.14,201.14,201.14,0
DWS028,20110214,200.71,200.71,200.71,200.71,0
DWS028,20110215,200.74,200.74,200.74,200.74,0
DWS028,20110216,196.87,196.87,196.87,196.87,0
DWS028,20110217,202.85,202.85,202.85,202.85,0
DWS028,20110218,200.13,200.13,200.13,200.13,0
DWS028,20110221,197.96,197.96,197.96,197.96,0
DWS028,20110222,195.90,195.90,195.90,195.90,0
DWS028,20110223,190.82,190.82,190.82,190.82,0
DWS028,20110224,181.58,181.58,181.58,181.58,0
DWS028,20110225,184.43,184.43,184.43,184.43,0
DWS028,20110228,183.31,183.31,183.31,183.31,0
DWS028,20110301,175.08,175.08,175.08,175.08,0
DWS028,20110302,174.11,174.11,174.11,174.11,0
DWS028,20110303,179.98,179.98,179.98,179.98,0
DWS028,20110304,183.24,183.24,183.24,183.24,0
DWS028,20110307,178.76,178.76,178.76,178.76,0
DWS028,20110308,183.42,183.42,183.42,183.42,0
DWS028,20110309,187.88,187.88,187.88,187.88,0
DWS028,20110310,193.22,193.22,193.22,193.22,0
DWS028,20110311,195.19,195.19,195.19,195.19,0
DWS028,20110314,193.82,193.82,193.82,193.82,0
DWS028,20110315,190.21,190.21,190.21,190.21,0
DWS028,20110316,186.52,186.52,186.52,186.52,0
DWS028,20110317,193.58,193.58,193.58,193.58,0
DWS028,20110318,193.20,193.20,193.20,193.20,0
DWS028,20110321,193.66,193.66,193.66,193.66,0
DWS028,20110322,194.25,194.25,194.25,194.25,0
DWS028,20110323,192.81,192.81,192.81,192.81,0
DWS028,20110324,196.15,196.15,196.15,196.15,0
DWS028,20110325,194.24,194.24,194.24,194.24,0
DWS028,20110328,195.19,195.19,195.19,195.19,0
DWS028,20110329,192.35,192.35,192.35,192.35,0
DWS028,20110330,195.79,195.79,195.79,195.79,0
DWS028,20110331,196.25,196.25,196.25,196.25,0
DWS028,20110401,202.42,202.42,202.42,202.42,0
DWS028,20110404,208.28,208.28,208.28,208.28,0
DWS028,20110405,207.08,207.08,207.08,207.08,0
DWS028,20110406,207.23,207.23,207.23,207.23,0
DWS028,20110407,210.44,210.44,210.44,210.44,0
DWS028,20110408,204.15,204.15,204.15,204.15,0
DWS028,20110411,203.72,203.72,203.72,203.72,0
DWS028,20110412,202.69,202.69,202.69,202.69,0
DWS028,20110413,203.74,203.74,203.74,203.74,0
DWS028,20110414,201.45,201.45,201.45,201.45,0
DWS028,20110415,203.55,203.55,203.55,203.55,0
DWS028,20110418,199.77,199.77,199.77,199.77,0
DWS028,20110419,204.25,204.25,204.25,204.25,0
DWS028,20110420,202.84,202.84,202.84,202.84,0
DWS028,20110421,204.09,204.09,204.09,204.09,0
DWS028,20110426,201.24,201.24,201.24,201.24,0
DWS028,20110427,198.81,198.81,198.81,198.81,0
DWS028,20110428,201.03,201.03,201.03,201.03,0
DWS028,20110429,202.34,202.34,202.34,202.34,0
DWS028,20110502,202.37,202.37,202.37,202.37,0
DWS028,20110504,198.57,198.57,198.57,198.57,0
DWS028,20110505,201.70,201.70,201.70,201.70,0
DWS028,20110506,200.34,200.34,200.34,200.34,0
DWS028,20110509,199.17,199.17,199.17,199.17,0
DWS028,20110510,196.59,196.59,196.59,196.59,0
DWS028,20110511,190.36,190.36,190.36,190.36,0
DWS028,20110512,194.63,194.63,194.63,194.63,0
DWS028,20110513,187.25,187.25,187.25,187.25,0
DWS028,20110516,192.08,192.08,192.08,192.08,0
DWS028,20110517,189.86,189.86,189.86,189.86,0
DWS028,20110518,184.66,184.66,184.66,184.66,0
DWS028,20110519,185.32,185.32,185.32,185.32,0
DWS028,20110520,182.88,182.88,182.88,182.88,0
DWS028,20110523,184.71,184.71,184.71,184.71,0
DWS028,20110524,187.06,187.06,187.06,187.06,0
DWS028,20110525,186.34,186.34,186.34,186.34,0
DWS028,20110526,184.77,184.77,184.77,184.77,0
DWS028,20110527,180.63,180.63,180.63,180.63,0
DWS028,20110530,178.67,178.67,178.67,178.67,0
DWS028,20110531,182.53,182.53,182.53,182.53,0
DWS028,20110601,181.82,181.82,181.82,181.82,0
DWS028,20110602,182.46,182.46,182.46,182.46,0
DWS028,20110603,181.17,181.17,181.17,181.17,0
DWS028,20110606,181.97,181.97,181.97,181.97,0
DWS028,20110607,182.77,182.77,182.77,182.77,0
DWS028,20110608,181.60,181.60,181.60,181.60,0
DWS028,20110609,181.80,181.80,181.80,181.80,0
DWS028,20110610,182.97,182.97,182.97,182.97,0
DWS028,20110613,182.02,182.02,182.02,182.02,0
DWS028,20110614,178.43,178.43,178.43,178.43,0
DWS028,20110615,175.85,175.85,175.85,175.85,0
DWS028,20110616,177.76,177.76,177.76,177.76,0
DWS028,20110617,179.54,179.54,179.54,179.54,0
DWS028,20110620,176.99,176.99,176.99,176.99,0
DWS028,20110621,178.40,178.40,178.40,178.40,0
DWS028,20110622,174.29,174.29,174.29,174.29,0
DWS028,20110624,173.97,173.97,173.97,173.97,0
DWS028,20110627,175.52,175.52,175.52,175.52,0
DWS028,20110628,175.71,175.71,175.71,175.71,0
DWS028,20110629,176.13,176.13,176.13,176.13,0
DWS028,20110630,176.16,176.16,176.16,176.16,0
DWS028,20110701,175.17,175.17,175.17,175.17,0
DWS028,20110704,177.89,177.89,177.89,177.89,0
DWS028,20110705,175.85,175.85,175.85,175.85,0
DWS028,20110706,174.67,174.67,174.67,174.67,0
DWS028,20110707,178.74,178.74,178.74,178.74,0
DWS028,20110708,175.77,175.77,175.77,175.77,0
DWS028,20110711,176.52,176.52,176.52,176.52,0
DWS028,20110712,180.31,180.31,180.31,180.31,0
DWS028,20110713,180.36,180.36,180.36,180.36,0
DWS028,20110714,176.89,176.89,176.89,176.89,0
DWS028,20110715,177.85,177.85,177.85,177.85,0
DWS028,20110718,175.71,175.71,175.71,175.71,0
DWS028,20110719,174.20,174.20,174.20,174.20,0
DWS028,20110720,172.63,172.63,172.63,172.63,0
DWS028,20110721,165.84,165.84,165.84,165.84,0
DWS028,20110722,159.93,159.93,159.93,159.93,0
DWS028,20110725,162.08,162.08,162.08,162.08,0
DWS028,20110726,161.40,161.40,161.40,161.40,0
DWS028,20110727,162.01,162.01,162.01,162.01,0
DWS028,20110728,167.43,167.43,167.43,167.43,0
DWS028,20110729,169.32,169.32,169.32,169.32,0
DWS028,20110801,165.50,165.50,165.50,165.50,0
DWS028,20110802,167.19,167.19,167.19,167.19,0
DWS028,20110803,163.28,163.28,163.28,163.28,0
DWS028,20110804,158.13,158.13,158.13,158.13,0
DWS028,20110805,151.21,151.21,151.21,151.21,0
DWS028,20110808,138.82,138.82,138.82,138.82,0
DWS028,20110809,136.02,136.02,136.02,136.02,0
DWS028,20110810,135.48,135.48,135.48,135.48,0
DWS028,20110811,139.74,139.74,139.74,139.74,0
DWS028,20110812,140.26,140.26,140.26,140.26,0
DWS028,20110816,140.76,140.76,140.76,140.76,0
DWS028,20110817,142.17,142.17,142.17,142.17,0
DWS028,20110818,138.02,138.02,138.02,138.02,0
DWS028,20110819,141.97,141.97,141.97,141.97,0
DWS028,20110822,142.35,142.35,142.35,142.35,0
DWS028,20110823,138.13,138.13,138.13,138.13,0
DWS028,20110824,141.13,141.13,141.13,141.13,0
DWS028,20110825,141.26,141.26,141.26,141.26,0
DWS028,20110826,143.18,143.18,143.18,143.18,0
DWS028,20110829,144.26,144.26,144.26,144.26,0
DWS028,20110830,145.43,145.43,145.43,145.43,0
DWS028,20110831,146.41,146.41,146.41,146.41,0
DWS028,20110901,148.93,148.93,148.93,148.93,0
DWS028,20110902,150.31,150.31,150.31,150.31,0
DWS028,20110905,146.06,146.06,146.06,146.06,0
DWS028,20110906,150.65,150.65,150.65,150.65,0
DWS028,20110907,152.14,152.14,152.14,152.14,0
DWS028,20110908,154.72,154.72,154.72,154.72,0
DWS028,20110909,154.52,154.52,154.52,154.52,0
DWS028,20110912,156.72,156.72,156.72,156.72,0
DWS028,20110913,162.87,162.87,162.87,162.87,0
DWS028,20110914,160.92,160.92,160.92,160.92,0
DWS028,20110915,163.72,163.72,163.72,163.72,0
DWS028,20110916,162.57,162.57,162.57,162.57,0
DWS028,20110919,163.97,163.97,163.97,163.97,0
DWS028,20110920,169.95,169.95,169.95,169.95,0
DWS028,20110921,168.79,168.79,168.79,168.79,0
DWS028,20110922,163.36,163.36,163.36,163.36,0
DWS028,20110923,159.91,159.91,159.91,159.91,0
DWS028,20110926,159.65,159.65,159.65,159.65,0
DWS028,20110927,160.83,160.83,160.83,160.83,0
DWS028,20110928,162.38,162.38,162.38,162.38,0
DWS028,20110929,162.52,162.52,162.52,162.52,0
DWS028,20110930,162.71,162.71,162.71,162.71,0
DWS028,20111003,165.27,165.27,165.27,165.27,0
DWS028,20111004,158.93,158.93,158.93,158.93,0
DWS028,20111005,158.34,158.34,158.34,158.34,0
DWS028,20111006,159.01,159.01,159.01,159.01,0
DWS028,20111007,159.86,159.86,159.86,159.86,0
DWS028,20111010,161.68,161.68,161.68,161.68,0
DWS028,20111011,161.28,161.28,161.28,161.28,0
DWS028,20111012,162.08,162.08,162.08,162.08,0
DWS028,20111013,158.41,158.41,158.41,158.41,0
DWS028,20111014,160.88,160.88,160.88,160.88,0
DWS028,20111017,155.30,155.30,155.30,155.30,0
DWS028,20111018,159.75,159.75,159.75,159.75,0
DWS028,20111019,154.59,154.59,154.59,154.59,0
DWS028,20111020,151.60,151.60,151.60,151.60,0
DWS028,20111021,158.37,158.37,158.37,158.37,0
DWS028,20111024,155.16,155.16,155.16,155.16,0
DWS028,20111025,157.95,157.95,157.95,157.95,0
DWS028,20111026,159.69,159.69,159.69,159.69,0
DWS028,20111027,159.77,159.77,159.77,159.77,0
DWS028,20111028,159.59,159.59,159.59,159.59,0
DWS028,20111031,156.92,156.92,156.92,156.92,0
DWS028,20111102,162.28,162.28,162.28,162.28,0
DWS028,20111103,161.85,161.85,161.85,161.85,0
DWS028,20111104,159.79,159.79,159.79,159.79,0
DWS028,20111107,161.29,161.29,161.29,161.29,0
DWS028,20111108,159.63,159.63,159.63,159.63,0
DWS028,20111109,160.03,160.03,160.03,160.03,0
DWS028,20111110,159.99,159.99,159.99,159.99,0
DWS028,20111114,159.16,159.16,159.16,159.16,0
DWS028,20111115,161.94,161.94,161.94,161.94,0
DWS028,20111116,162.55,162.55,162.55,162.55,0
DWS028,20111117,160.56,160.56,160.56,160.56,0
DWS028,20111118,159.14,159.14,159.14,159.14,0
DWS028,20111121,152.82,152.82,152.82,152.82,0
DWS028,20111122,150.00,150.00,150.00,150.00,0
DWS028,20111123,146.53,146.53,146.53,146.53,0
DWS028,20111124,144.83,144.83,144.83,144.83,0
DWS028,20111125,149.26,149.26,149.26,149.26,0
DWS028,20111128,151.39,151.39,151.39,151.39,0
DWS028,20111129,152.53,152.53,152.53,152.53,0
DWS028,20111130,160.55,160.55,160.55,160.55,0
DWS028,20111201,157.50,157.50,157.50,157.50,0
DWS028,20111202,159.45,159.45,159.45,159.45,0
DWS028,20111205,160.88,160.88,160.88,160.88,0
DWS028,20111206,158.37,158.37,158.37,158.37,0
DWS028,20111207,159.98,159.98,159.98,159.98,0
DWS028,20111208,155.86,155.86,155.86,155.86,0
DWS028,20111209,158.28,158.28,158.28,158.28,0
DWS028,20111212,154.89,154.89,154.89,154.89,0
DWS028,20111213,155.80,155.80,155.80,155.80,0
DWS028,20111214,152.16,152.16,152.16,152.16,0
DWS028,20111215,155.05,155.05,155.05,155.05,0
DWS028,20111216,152.51,152.51,152.51,152.51,0
DWS028,20111219,148.47,148.47,148.47,148.47,0
DWS028,20111220,150.73,150.73,150.73,150.73,0
DWS028,20111221,149.20,149.20,149.20,149.20,0
DWS028,20111222,148.98,148.98,148.98,148.98,0
DWS028,20111223,148.60,148.60,148.60,148.60,0
DWS028,20111227,148.92,148.92,148.92,148.92,0
DWS028,20111228,145.43,145.43,145.43,145.43,0
DWS028,20111229,148.10,148.10,148.10,148.10,0
DWS028,20111230,147.50,147.50,147.50,147.50,0
DWS028,20120102,147.30,147.30,147.30,147.30,0
DWS028,20120103,152.74,152.74,152.74,152.74,0
DWS028,20120104,150.30,150.30,150.30,150.30,0
DWS028,20120105,151.63,151.63,151.63,151.63,0
DWS028,20120109,149.24,149.24,149.24,149.24,0
DWS028,20120110,151.51,151.51,151.51,151.51,0
DWS028,20120111,152.59,152.59,152.59,152.59,0
DWS028,20120112,154.73,154.73,154.73,154.73,0
DWS028,20120113,154.26,154.26,154.26,154.26,0
DWS028,20120116,151.97,151.97,151.97,151.97,0
DWS028,20120117,156.03,156.03,156.03,156.03,0
DWS028,20120118,155.57,155.57,155.57,155.57,0
DWS028,20120119,157.48,157.48,157.48,157.48,0
DWS028,20120120,157.20,157.20,157.20,157.20,0
DWS028,20120123,157.08,157.08,157.08,157.08,0
DWS028,20120124,155.10,155.10,155.10,155.10,0
DWS028,20120125,156.59,156.59,156.59,156.59,0
DWS028,20120126,159.26,159.26,159.26,159.26,0
DWS028,20120127,162.20,162.20,162.20,162.20,0
DWS028,20120130,162.53,162.53,162.53,162.53,0
DWS028,20120131,164.60,164.60,164.60,164.60,0
DWS028,20120201,162.79,162.79,162.79,162.79,0
DWS028,20120202,168.27,168.27,168.27,168.27,0
DWS028,20120203,171.75,171.75,171.75,171.75,0
DWS028,20120206,169.67,169.67,169.67,169.67,0
DWS028,20120207,172.22,172.22,172.22,172.22,0
DWS028,20120208,171.26,171.26,171.26,171.26,0
DWS028,20120209,172.46,172.46,172.46,172.46,0
DWS028,20120210,169.18,169.18,169.18,169.18,0
DWS028,20120213,168.82,168.82,168.82,168.82,0
DWS028,20120214,170.72,170.72,170.72,170.72,0
DWS028,20120215,169.09,169.09,169.09,169.09,0
DWS028,20120216,169.21,169.21,169.21,169.21,0
DWS028,20120217,170.75,170.75,170.75,170.75,0
DWS028,20120220,173.88,173.88,173.88,173.88,0
DWS028,20120221,173.69,173.69,173.69,173.69,0
DWS028,20120222,171.22,171.22,171.22,171.22,0
DWS028,20120223,168.32,168.32,168.32,168.32,0
DWS028,20120224,167.43,167.43,167.43,167.43,0
DWS028,20120227,165.45,165.45,165.45,165.45,0
DWS028,20120228,166.51,166.51,166.51,166.51,0
DWS028,20120229,169.34,169.34,169.34,169.34,0
DWS028,20120301,169.28,169.28,169.28,169.28,0
DWS028,20120302,169.41,169.41,169.41,169.41,0
DWS028,20120305,167.31,167.31,167.31,167.31,0
DWS028,20120306,165.65,165.65,165.65,165.65,0
DWS028,20120307,166.96,166.96,166.96,166.96,0
DWS028,20120308,165.25,165.25,165.25,165.25,0
DWS028,20120309,164.94,164.94,164.94,164.94,0
DWS028,20120312,162.43,162.43,162.43,162.43,0
DWS028,20120313,164.06,164.06,164.06,164.06,0
DWS028,20120314,169.67,169.67,169.67,169.67,0
DWS028,20120315,169.33,169.33,169.33,169.33,0
DWS028,20120316,170.77,170.77,170.77,170.77,0
DWS028,20120319,170.57,170.57,170.57,170.57,0
DWS028,20120320,167.26,167.26,167.26,167.26,0
DWS028,20120321,167.50,167.50,167.50,167.50,0
DWS028,20120322,169.58,169.58,169.58,169.58,0
DWS028,20120323,168.60,168.60,168.60,168.60,0
DWS028,20120326,171.62,171.62,171.62,171.62,0
DWS028,20120327,171.40,171.40,171.40,171.40,0
DWS028,20120328,170.83,170.83,170.83,170.83,0
DWS028,20120329,171.57,171.57,171.57,171.57,0
DWS028,20120330,173.83,173.83,173.83,173.83,0
DWS028,20120402,175.04,175.04,175.04,175.04,0
DWS028,20120403,175.24,175.24,175.24,175.24,0
DWS028,20120404,174.44,174.44,174.44,174.44,0
DWS028,20120405,174.24,174.24,174.24,174.24,0
DWS028,20120410,170.83,170.83,170.83,170.83,0
DWS028,20120411,173.26,173.26,173.26,173.26,0
DWS028,20120412,172.10,172.10,172.10,172.10,0
DWS028,20120413,172.52,172.52,172.52,172.52,0
DWS028,20120416,173.38,173.38,173.38,173.38,0
DWS028,20120417,173.20,173.20,173.20,173.20,0
DWS028,20120418,170.07,170.07,170.07,170.07,0
DWS028,20120419,169.92,169.92,169.92,169.92,0
DWS028,20120420,171.49,171.49,171.49,171.49,0
DWS028,20120423,171.68,171.68,171.68,171.68,0
DWS028,20120424,170.49,170.49,170.49,170.49,0
DWS028,20120425,171.47,171.47,171.47,171.47,0
DWS028,20120426,173.88,173.88,173.88,173.88,0
DWS028,20120427,174.39,174.39,174.39,174.39,0
DWS028,20120430,172.13,172.13,172.13,172.13,0
DWS028,20120502,170.73,170.73,170.73,170.73,0
DWS028,20120504,171.21,171.21,171.21,171.21,0
DWS028,20120507,172.10,172.10,172.10,172.10,0
DWS028,20120508,172.21,172.21,172.21,172.21,0
DWS028,20120509,169.49,169.49,169.49,169.49,0
DWS028,20120510,172.74,172.74,172.74,172.74,0
DWS028,20120511,173.69,173.69,173.69,173.69,0
DWS028,20120514,172.32,172.32,172.32,172.32,0
DWS028,20120515,172.79,172.79,172.79,172.79,0
DWS028,20120516,175.78,175.78,175.78,175.78,0
DWS028,20120517,172.84,172.84,172.84,172.84,0
DWS028,20120518,173.58,173.58,173.58,173.58,0
DWS028,20120521,169.66,169.66,169.66,169.66,0
DWS028,20120522,170.90,170.90,170.90,170.90,0
DWS028,20120523,168.21,168.21,168.21,168.21,0
DWS028,20120524,166.72,166.72,166.72,166.72,0
DWS028,20120525,165.35,165.35,165.35,165.35,0
DWS028,20120528,165.98,165.98,165.98,165.98,0
DWS028,20120529,170.06,170.06,170.06,170.06,0
DWS028,20120530,171.78,171.78,171.78,171.78,0
DWS028,20120531,170.49,170.49,170.49,170.49,0
DWS028,20120601,171.96,171.96,171.96,171.96,0
DWS028,20120604,172.44,172.44,172.44,172.44,0
DWS028,20120605,172.76,172.76,172.76,172.76,0
DWS028,20120606,173.20,173.20,173.20,173.20,0
DWS028,20120608,175.59,175.59,175.59,175.59,0
DWS028,20120611,174.56,174.56,174.56,174.56,0
DWS028,20120612,178.71,178.71,178.71,178.71,0
DWS028,20120613,178.63,178.63,178.63,178.63,0
DWS028,20120614,178.90,178.90,178.90,178.90,0
DWS028,20120615,177.78,177.78,177.78,177.78,0
DWS028,20120618,176.04,176.04,176.04,176.04,0
DWS028,20120619,179.26,179.26,179.26,179.26,0
DWS028,20120620,179.75,179.75,179.75,179.75,0
DWS028,20120621,184.22,184.22,184.22,184.22,0
DWS028,20120622,184.10,184.10,184.10,184.10,0
DWS028,20120625,180.30,180.30,180.30,180.30,0
DWS028,20120626,182.54,182.54,182.54,182.54,0
DWS028,20120627,185.99,185.99,185.99,185.99,0
DWS028,20120628,186.12,186.12,186.12,186.12,0
DWS028,20120629,189.11,189.11,189.11,189.11,0
DWS028,20120702,185.68,185.68,185.68,185.68,0
DWS028,20120703,188.75,188.75,188.75,188.75,0
DWS028,20120704,188.46,188.46,188.46,188.46,0
DWS028,20120705,187.02,187.02,187.02,187.02,0
DWS028,20120706,190.87,190.87,190.87,190.87,0
DWS028,20120709,191.42,191.42,191.42,191.42,0
DWS028,20120710,191.72,191.72,191.72,191.72,0
DWS028,20120711,192.14,192.14,192.14,192.14,0
DWS028,20120712,191.28,191.28,191.28,191.28,0
DWS028,20120713,191.54,191.54,191.54,191.54,0
DWS028,20120716,191.77,191.77,191.77,191.77,0
DWS028,20120717,189.71,189.71,189.71,189.71,0
DWS028,20120718,189.42,189.42,189.42,189.42,0
DWS028,20120719,188.99,188.99,188.99,188.99,0
DWS028,20120720,188.53,188.53,188.53,188.53,0
DWS028,20120723,187.40,187.40,187.40,187.40,0
DWS028,20120724,189.93,189.93,189.93,189.93,0
DWS028,20120725,190.78,190.78,190.78,190.78,0
DWS028,20120726,195.64,195.64,195.64,195.64,0
DWS028,20120727,194.28,194.28,194.28,194.28,0
DWS028,20120730,194.96,194.96,194.96,194.96,0
DWS028,20120731,194.40,194.40,194.40,194.40,0
DWS028,20120801,194.32,194.32,194.32,194.32,0
DWS028,20120802,193.07,193.07,193.07,193.07,0
DWS028,20120803,198.09,198.09,198.09,198.09,0
DWS028,20120806,195.20,195.20,195.20,195.20,0
DWS028,20120807,191.67,191.67,191.67,191.67,0
DWS028,20120808,193.86,193.86,193.86,193.86,0
DWS028,20120809,192.37,192.37,192.37,192.37,0
DWS028,20120810,196.08,196.08,196.08,196.08,0
DWS028,20120813,195.78,195.78,195.78,195.78,0
DWS028,20120814,191.53,191.53,191.53,191.53,0
DWS028,20120816,193.81,193.81,193.81,193.81,0
DWS028,20120817,194.93,194.93,194.93,194.93,0
DWS028,20120820,194.32,194.32,194.32,194.32,0
DWS028,20120821,193.85,193.85,193.85,193.85,0
DWS028,20120822,194.93,194.93,194.93,194.93,0
DWS028,20120823,192.32,192.32,192.32,192.32,0
DWS028,20120824,192.93,192.93,192.93,192.93,0
DWS028,20120827,193.06,193.06,193.06,193.06,0
DWS028,20120828,194.40,194.40,194.40,194.40,0
DWS028,20120829,195.51,195.51,195.51,195.51,0
DWS028,20120830,195.97,195.97,195.97,195.97,0
DWS028,20120831,199.64,199.64,199.64,199.64,0
DWS028,20120903,198.91,198.91,198.91,198.91,0
DWS028,20120904,197.20,197.20,197.20,197.20,0
DWS028,20120905,200.49,200.49,200.49,200.49,0
DWS028,20120906,197.49,197.49,197.49,197.49,0
DWS028,20120907,197.58,197.58,197.58,197.58,0
DWS028,20120910,196.34,196.34,196.34,196.34,0
DWS028,20120911,195.63,195.63,195.63,195.63,0
DWS028,20120912,194.12,194.12,194.12,194.12,0
DWS028,20120913,191.51,191.51,191.51,191.51,0
DWS028,20121119,203.43,203.43,203.43,203.43,0
DWS028,20121120,203.03,203.03,203.03,203.03,0
DWS028,20121121,203.15,203.15,203.15,203.15,0
DWS028,20121122,198.87,198.87,198.87,198.87,0
DWS028,20121123,203.51,203.51,203.51,203.51,0
DWS028,20121126,204.59,204.59,204.59,204.59,0
DWS028,20121127,203.68,203.68,203.68,203.68,0
DWS028,20121128,204.72,204.72,204.72,204.72,0
DWS028,20121129,205.65,205.65,205.65,205.65,0
DWS028,20121130,207.24,207.24,207.24,207.24,0
DWS028,20121203,208.04,208.04,208.04,208.04,0
DWS028,20121204,213.67,213.67,213.67,213.67,0
DWS028,20121205,214.70,214.70,214.70,214.70,0
DWS028,20121206,213.07,213.07,213.07,213.07,0
DWS028,20121207,218.10,218.10,218.10,218.10,0
DWS028,20121210,219.13,219.13,219.13,219.13,0
DWS028,20121211,217.57,217.57,217.57,217.57,0
DWS028,20121212,218.42,218.42,218.42,218.42,0
DWS028,20121213,215.82,215.82,215.82,215.82,0
DWS028,20121214,213.04,213.04,213.04,213.04,0
DWS028,20121217,216.00,216.00,216.00,216.00,0
DWS028,20121218,213.61,213.61,213.61,213.61,0
DWS028,20121219,210.18,210.18,210.18,210.18,0
DWS028,20121220,211.91,211.91,211.91,211.91,0
DWS028,20121221,211.48,211.48,211.48,211.48,0
DWS028,20121227,216.11,216.11,216.11,216.11,0
DWS028,20121228,215.58,215.58,215.58,215.58,0
DWS028,20130102,218.59,218.59,218.59,218.59,0
DWS028,20130103,221.07,221.07,221.07,221.07,0
DWS028,20130104,223.96,223.96,223.96,223.96,0
DWS028,20130107,225.83,225.83,225.83,225.83,0
DWS028,20130108,224.40,224.40,224.40,224.40,0
DWS028,20130109,226.87,226.87,226.87,226.87,0
DWS028,20130110,224.09,224.09,224.09,224.09,0
DWS028,20130111,225.84,225.84,225.84,225.84,0
DWS028,20130114,227.15,227.15,227.15,227.15,0
DWS028,20130115,227.66,227.66,227.66,227.66,0
DWS028,20130116,233.04,233.04,233.04,233.04,0
DWS028,20130117,234.22,234.22,234.22,234.22,0
DWS028,20130118,236.56,236.56,236.56,236.56,0
DWS028,20130121,238.33,238.33,238.33,238.33,0
DWS028,20130122,241.37,241.37,241.37,241.37,0
DWS028,20130123,239.86,239.86,239.86,239.86,0
DWS028,20130124,241.98,241.98,241.98,241.98,0
DWS028,20130125,236.54,236.54,236.54,236.54,0
DWS028,20130128,229.44,229.44,229.44,229.44,0
DWS028,20130129,228.00,228.00,228.00,228.00,0
DWS028,20130130,218.26,218.26,218.26,218.26,0
DWS028,20130131,219.58,219.58,219.58,219.58,0
DWS028,20130201,224.78,224.78,224.78,224.78,0
DWS028,20130204,222.60,222.60,222.60,222.60,0
DWS028,20130205,223.45,223.45,223.45,223.45,0
DWS028,20130206,222.89,222.89,222.89,222.89,0
DWS028,20130207,218.15,218.15,218.15,218.15,0
DWS028,20130208,216.81,216.81,216.81,216.81,0
DWS028,20130211,214.39,214.39,214.39,214.39,0
DWS028,20130212,217.74,217.74,217.74,217.74,0
DWS028,20130213,219.27,219.27,219.27,219.27,0
DWS028,20130214,217.49,217.49,217.49,217.49,0
DWS028,20130215,219.19,219.19,219.19,219.19,0
DWS028,20130218,222.16,222.16,222.16,222.16,0
DWS028,20130219,221.86,221.86,221.86,221.86,0
DWS028,20130220,220.24,220.24,220.24,220.24,0
DWS028,20130221,217.56,217.56,217.56,217.56,0
DWS028,20130222,212.08,212.08,212.08,212.08,0
DWS028,20130225,213.45,213.45,213.45,213.45,0
DWS028,20130226,218.34,218.34,218.34,218.34,0
DWS028,20130227,220.73,220.73,220.73,220.73,0
DWS028,20130228,222.33,222.33,222.33,222.33,0
DWS028,20130301,222.55,222.55,222.55,222.55,0
DWS028,20130304,225.72,225.72,225.72,225.72,0
DWS028,20130305,227.95,227.95,227.95,227.95,0
DWS028,20130306,229.00,229.00,229.00,229.00,0
DWS028,20130307,230.26,230.26,230.26,230.26,0
DWS028,20130308,232.86,232.86,232.86,232.86,0
DWS028,20130311,230.90,230.90,230.90,230.90,0
DWS028,20130312,232.30,232.30,232.30,232.30,0
DWS028,20130313,231.19,231.19,231.19,231.19,0
DWS028,20130314,228.18,228.18,228.18,228.18,0
DWS028,20130315,230.90,230.90,230.90,230.90,0
DWS028,20130318,230.77,230.77,230.77,230.77,0
DWS028,20130319,226.92,226.92,226.92,226.92,0
DWS028,20130320,228.52,228.52,228.52,228.52,0
DWS028,20130321,229.99,229.99,229.99,229.99,0
DWS028,20130322,230.74,230.74,230.74,230.74,0
DWS028,20130325,230.24,230.24,230.24,230.24,0
DWS028,20130326,235.22,235.22,235.22,235.22,0
DWS028,20130327,235.79,235.79,235.79,235.79,0
DWS028,20130328,239.53,239.53,239.53,239.53,0
DWS028,20130402,241.70,241.70,241.70,241.70,0
DWS028,20130403,238.85,238.85,238.85,238.85,0
DWS028,20130404,235.16,235.16,235.16,235.16,0
DWS028,20130405,232.35,232.35,232.35,232.35,0
DWS028,20130408,234.94,234.94,234.94,234.94,0
DWS028,20130409,231.69,231.69,231.69,231.69,0
DWS028,20130410,229.19,229.19,229.19,229.19,0
DWS028,20130411,232.32,232.32,232.32,232.32,0
DWS028,20130412,232.43,232.43,232.43,232.43,0
DWS028,20130415,233.27,233.27,233.27,233.27,0
DWS028,20130417,229.92,229.92,229.92,229.92,0
DWS028,20130418,226.29,226.29,226.29,226.29,0
DWS028,20130419,227.03,227.03,227.03,227.03,0
DWS028,20130422,229.02,229.02,229.02,229.02,0
DWS028,20130423,230.43,230.43,230.43,230.43,0
DWS028,20130424,233.75,233.75,233.75,233.75,0
DWS028,20130425,234.23,234.23,234.23,234.23,0
DWS028,20130426,234.62,234.62,234.62,234.62,0
DWS028,20130429,232.38,232.38,232.38,232.38,0
DWS028,20130502,244.01,244.01,244.01,244.01,0
DWS028,20130506,245.09,245.09,245.09,245.09,0
DWS028,20130507,245.48,245.48,245.48,245.48,0
DWS028,20130508,246.50,246.50,246.50,246.50,0
DWS028,20130509,243.29,243.29,243.29,243.29,0
DWS028,20130510,243.83,243.83,243.83,243.83,0
DWS028,20130513,243.43,243.43,243.43,243.43,0
DWS028,20130514,249.44,249.44,249.44,249.44,0
DWS028,20130515,253.11,253.11,253.11,253.11,0
DWS028,20130516,251.91,251.91,251.91,251.91,0
DWS028,20130520,246.48,246.48,246.48,246.48,0
DWS028,20130521,247.77,247.77,247.77,247.77,0
DWS028,20130522,249.85,249.85,249.85,249.85,0
DWS028,20130523,246.98,246.98,246.98,246.98,0
DWS028,20130524,248.08,248.08,248.08,248.08,0
DWS028,20130527,246.57,246.57,246.57,246.57,0
DWS028,20130529,241.52,241.52,241.52,241.52,0
DWS028,20130531,238.45,238.45,238.45,238.45,0
DWS028,20130603,216.65,216.65,216.65,216.65,0
DWS028,20130605,218.43,218.43,218.43,218.43,0
DWS028,20130606,209.57,209.57,209.57,209.57,0
DWS028,20130704,209.98,209.98,209.98,209.98,0
DWS028,20130719,206.09,206.09,206.09,206.09,0
DWS028,20130722,205.34,205.34,205.34,205.34,0
DWS028,20130723,203.79,203.79,203.79,203.79,0
DWS028,20130724,199.14,199.14,199.14,199.14,0
DWS028,20130725,199.72,199.72,199.72,199.72,0
DWS028,20130726,195.35,195.35,195.35,195.35,0
DWS028,20130729,195.56,195.56,195.56,195.56,0
DWS028,20130730,197.96,197.96,197.96,197.96,0
DWS028,20130731,195.65,195.65,195.65,195.65,0
DWS028,20130801,195.69,195.69,195.69,195.69,0
DWS028,20130802,198.47,198.47,198.47,198.47,0
DWS028,20130805,197.67,197.67,197.67,197.67,0
DWS028,20130806,194.72,194.72,194.72,194.72,0
DWS028,20130807,194.85,194.85,194.85,194.85,0
DWS028,20130808,193.84,193.84,193.84,193.84,0
DWS028,20130809,194.41,194.41,194.41,194.41,0
DWS028,20130812,199.98,199.98,199.98,199.98,0
DWS028,20130813,199.94,199.94,199.94,199.94,0
DWS028,20130814,198.84,198.84,198.84,198.84,0
DWS028,20130816,196.20,196.20,196.20,196.20,0
DWS028,20130819,193.37,193.37,193.37,193.37,0
DWS028,20130820,192.61,192.61,192.61,192.61,0
DWS028,20130821,184.16,184.16,184.16,184.16,0
DWS028,20130822,177.24,177.24,177.24,177.24,0
DWS028,20130823,176.49,176.49,176.49,176.49,0
DWS028,20130826,178.46,178.46,178.46,178.46,0
DWS028,20130827,171.72,171.72,171.72,171.72,0
DWS028,20130828,168.23,168.23,168.23,168.23,0
DWS028,20130829,176.67,176.67,176.67,176.67,0
DWS028,20130830,174.67,174.67,174.67,174.67,0
DWS028,20130902,181.27,181.27,181.27,181.27,0
DWS028,20130903,177.18,177.18,177.18,177.18,0
DWS028,20130904,175.11,175.11,175.11,175.11,0
DWS028,20130905,174.42,174.42,174.42,174.42,0
DWS028,20130906,177.00,177.00,177.00,177.00,0
DWS028,20130909,181.54,181.54,181.54,181.54,0
DWS028,20130910,186.13,186.13,186.13,186.13,0
DWS028,20130911,185.58,185.58,185.58,185.58,0
DWS028,20130912,184.04,184.04,184.04,184.04,0
DWS028,20130913,182.73,182.73,182.73,182.73,0
DWS028,20130916,187.15,187.15,187.15,187.15,0
DWS028,20130917,190.59,190.59,190.59,190.59,0
DWS028,20130918,194.37,194.37,194.37,194.37,0
DWS028,20130919,201.06,201.06,201.06,201.06,0
DWS028,20130920,197.93,197.93,197.93,197.93,0
DWS028,20130923,196.56,196.56,196.56,196.56,0
DWS028,20130924,195.50,195.50,195.50,195.50,0
DWS028,20130925,192.92,192.92,192.92,192.92,0
DWS028,20131021,197.06,197.06,197.06,197.06,0
DWS028,20131022,197.42,197.42,197.42,197.42,0
DWS028,20131023,196.10,196.10,196.10,196.10,0
DWS028,20131024,196.67,196.67,196.67,196.67,0
DWS028,20131025,196.28,196.28,196.28,196.28,0
DWS028,20131028,197.59,197.59,197.59,197.59,0
DWS028,20131029,197.67,197.67,197.67,197.67,0
DWS028,20131030,195.55,195.55,195.55,195.55,0
DWS028,20131031,193.74,193.74,193.74,193.74,0
DWS028,20131104,191.58,191.58,191.58,191.58,0
DWS028,20131105,188.80,188.80,188.80,188.80,0
DWS028,20131106,188.29,188.29,188.29,188.29,0
DWS028,20131107,188.70,188.70,188.70,188.70,0
DWS028,20131108,188.78,188.78,188.78,188.78,0
DWS028,20131112,184.22,184.22,184.22,184.22,0
DWS028,20131113,182.52,182.52,182.52,182.52,0
DWS028,20131114,186.76,186.76,186.76,186.76,0
DWS028,20131115,187.41,187.41,187.41,187.41,0
DWS028,20131118,189.68,189.68,189.68,189.68,0
DWS028,20131119,188.77,188.77,188.77,188.77,0
DWS028,20131120,190.12,190.12,190.12,190.12,0
DWS028,20131121,192.09,192.09,192.09,192.09,0
DWS028,20131122,192.88,192.88,192.88,192.88,0
DWS028,20131125,194.03,194.03,194.03,194.03,0
DWS028,20131126,192.41,192.41,192.41,192.41,0
DWS028,20131127,191.32,191.32,191.32,191.32,0
DWS028,20131128,190.47,190.47,190.47,190.47,0
DWS028,20131129,192.32,192.32,192.32,192.32,0
DWS028,20131202,187.27,187.27,187.27,187.27,0
DWS028,20131203,183.58,183.58,183.58,183.58,0
DWS028,20131204,183.03,183.03,183.03,183.03,0
DWS028,20131205,179.60,179.60,179.60,179.60,0
DWS028,20131206,183.77,183.77,183.77,183.77,0
DWS028,20131209,183.38,183.38,183.38,183.38,0
DWS028,20131210,183.12,183.12,183.12,183.12,0
DWS028,20131211,181.34,181.34,181.34,181.34,0
DWS028,20131212,181.19,181.19,181.19,181.19,0
DWS028,20131213,183.21,183.21,183.21,183.21,0
DWS028,20131216,184.19,184.19,184.19,184.19,0
DWS028,20131217,177.47,177.47,177.47,177.47,0
DWS028,20131218,175.12,175.12,175.12,175.12,0
DWS028,20131219,170.95,170.95,170.95,170.95,0
DWS028,20131220,168.99,168.99,168.99,168.99,0
DWS028,20131223,163.32,163.32,163.32,163.32,0
DWS028,20131227,153.10,153.10,153.10,153.10,0
DWS028,20131230,158.22,158.22,158.22,158.22,0
DWS028,20140102,157.13,157.13,157.13,157.13,0
DWS028,20140103,157.02,157.02,157.02,157.02,0
DWS028,20140107,160.75,160.75,160.75,160.75,0
DWS028,20140108,157.68,157.68,157.68,157.68,0
DWS028,20140109,156.12,156.12,156.12,156.12,0
DWS028,20140110,160.52,160.52,160.52,160.52,0
DWS028,20140113,160.94,160.94,160.94,160.94,0
DWS028,20140114,159.41,159.41,159.41,159.41,0
DWS028,20140115,160.03,160.03,160.03,160.03,0
DWS028,20140116,156.82,156.82,156.82,156.82,0
DWS028,20140117,154.01,154.01,154.01,154.01,0
DWS028,20140120,152.49,152.49,152.49,152.49,0
DWS028,20140121,154.46,154.46,154.46,154.46,0
DWS028,20140122,155.42,155.42,155.42,155.42,0
DWS028,20140123,147.67,147.67,147.67,147.67,0
DWS028,20140124,144.01,144.01,144.01,144.01,0
DWS028,20140127,147.21,147.21,147.21,147.21,0
DWS028,20140128,143.51,143.51,143.51,143.51,0
DWS028,20140129,145.39,145.39,145.39,145.39,0
DWS028,20140130,151.01,151.01,151.01,151.01,0
DWS028,20140131,145.78,145.78,145.78,145.78,0
DWS028,20140203,144.88,144.88,144.88,144.88,0
DWS028,20140204,148.02,148.02,148.02,148.02,0
DWS028,20140205,148.71,148.71,148.71,148.71,0
DWS028,20140206,151.91,151.91,151.91,151.91,0
DWS028,20140207,152.19,152.19,152.19,152.19,0
DWS028,20140210,149.67,149.67,149.67,149.67,0
DWS028,20140211,153.96,153.96,153.96,153.96,0
DWS028,20140212,151.39,151.39,151.39,151.39,0
DWS028,20140213,152.52,152.52,152.52,152.52,0
DWS028,20140214,153.95,153.95,153.95,153.95,0
DWS028,20140217,154.02,154.02,154.02,154.02,0
DWS028,20140218,150.86,150.86,150.86,150.86,0
DWS028,20140219,147.84,147.84,147.84,147.84,0
DWS028,20140220,149.43,149.43,149.43,149.43,0
DWS028,20140221,149.60,149.60,149.60,149.60,0
DWS028,20140224,149.92,149.92,149.92,149.92,0
DWS028,20140225,146.00,146.00,146.00,146.00,0
DWS028,20140226,144.08,144.08,144.08,144.08,0
DWS028,20140227,144.53,144.53,144.53,144.53,0
DWS028,20140228,144.58,144.58,144.58,144.58,0
DWS028,20140303,142.53,142.53,142.53,142.53,0
DWS028,20140304,147.26,147.26,147.26,147.26,0
DWS028,20140305,148.62,148.62,148.62,148.62,0
DWS028,20140306,149.41,149.41,149.41,149.41,0
DWS028,20140307,147.05,147.05,147.05,147.05,0
DWS028,20140310,146.20,146.20,146.20,146.20,0
DWS028,20140311,143.63,143.63,143.63,143.63,0
DWS028,20140312,144.66,144.66,144.66,144.66,0
DWS028,20140313,146.19,146.19,146.19,146.19,0
DWS028,20140314,147.16,147.16,147.16,147.16,0
DWS028,20140317,146.92,146.92,146.92,146.92,0
DWS028,20140318,150.76,150.76,150.76,150.76,0
DWS028,20140319,150.85,150.85,150.85,150.85,0
DWS028,20140320,151.53,151.53,151.53,151.53,0
DWS028,20140321,147.95,147.95,147.95,147.95,0
DWS028,20140324,146.76,146.76,146.76,146.76,0
DWS028,20140325,148.48,148.48,148.48,148.48,0
DWS028,20140326,157.36,157.36,157.36,157.36,0
DWS028,20140327,157.54,157.54,157.54,157.54,0
DWS028,20140328,158.11,158.11,158.11,158.11,0
DWS028,20140331,165.75,165.75,165.75,165.75,0
DWS028,20140401,167.06,167.06,167.06,167.06,0
DWS028,20140402,168.03,168.03,168.03,168.03,0
DWS028,20140403,170.03,170.03,170.03,170.03,0
DWS028,20140404,172.67,172.67,172.67,172.67,0
DWS028,20140407,174.64,174.64,174.64,174.64,0
DWS028,20140408,176.81,176.81,176.81,176.81,0
DWS028,20140409,172.94,172.94,172.94,172.94,0
DWS028,20140410,172.71,172.71,172.71,172.71,0
DWS028,20140411,168.27,168.27,168.27,168.27,0
DWS028,20140414,170.08,170.08,170.08,170.08,0
DWS028,20140415,168.83,168.83,168.83,168.83,0
DWS028,20140416,168.44,168.44,168.44,168.44,0
DWS028,20140417,171.19,171.19,171.19,171.19,0
DWS028,20140422,170.46,170.46,170.46,170.46,0
DWS028,20140423,170.62,170.62,170.62,170.62,0
DWS028,20140424,170.62,170.62,170.62,170.62,0
DWS028,20140425,168.07,168.07,168.07,168.07,0
DWS028,20140428,170.25,170.25,170.25,170.25,0
DWS028,20140429,171.34,171.34,171.34,171.34,0
DWS028,20140430,174.63,174.63,174.63,174.63,0
DWS028,20140502,175.83,175.83,175.83,175.83,0
DWS028,20140505,177.13,177.13,177.13,177.13,0
DWS028,20140506,177.46,177.46,177.46,177.46,0
DWS028,20140507,177.95,177.95,177.95,177.95,0
DWS028,20140508,179.75,179.75,179.75,179.75,0
DWS028,20140509,180.04,180.04,180.04,180.04,0
DWS028,20140512,179.78,179.78,179.78,179.78,0
DWS028,20140513,179.67,179.67,179.67,179.67,0
DWS028,20140514,180.65,180.65,180.65,180.65,0
DWS028,20140515,179.84,179.84,179.84,179.84,0
DWS028,20140516,178.32,178.32,178.32,178.32,0
DWS028,20140519,179.00,179.00,179.00,179.00,0
DWS028,20140520,178.04,178.04,178.04,178.04,0
DWS028,20140521,180.75,180.75,180.75,180.75,0
DWS028,20140522,184.56,184.56,184.56,184.56,0
DWS028,20140523,187.64,187.64,187.64,187.64,0
DWS028,20140526,187.19,187.19,187.19,187.19,0
DWS028,20140527,184.65,184.65,184.65,184.65,0
DWS028,20140528,185.45,185.45,185.45,185.45,0
DWS028,20140529,187.06,187.06,187.06,187.06,0
DWS028,20140602,186.25,186.25,186.25,186.25,0
DWS028,20140603,186.53,186.53,186.53,186.53,0
DWS028,20140604,185.39,185.39,185.39,185.39,0
DWS028,20140605,186.62,186.62,186.62,186.62,0
DWS028,20140606,189.87,189.87,189.87,189.87,0
DWS028,20140609,189.64,189.64,189.64,189.64,0
DWS028,20140610,193.26,193.26,193.26,193.26,0
DWS028,20140611,190.10,190.10,190.10,190.10,0
DWS028,20140612,186.52,186.52,186.52,186.52,0
DWS028,20140613,184.32,184.32,184.32,184.32,0
DWS028,20140616,181.74,181.74,181.74,181.74,0
DWS028,20140617,182.31,182.31,182.31,182.31,0
DWS028,20140620,183.40,183.40,183.40,183.40,0
DWS028,20140623,185.18,185.18,185.18,185.18,0
DWS028,20140624,183.00,183.00,183.00,183.00,0
DWS028,20140625,183.74,183.74,183.74,183.74,0
DWS028,20140626,182.87,182.87,182.87,182.87,0
DWS028,20140627,184.08,184.08,184.08,184.08,0
DWS028,20140630,184.15,184.15,184.15,184.15,0
DWS028,20140701,182.04,182.04,182.04,182.04,0
DWS028,20140702,179.58,179.58,179.58,179.58,0
DWS028,20140704,181.97,181.97,181.97,181.97,0
DWS028,20140707,183.75,183.75,183.75,183.75,0
DWS028,20140708,184.68,184.68,184.68,184.68,0
DWS028,20140709,184.25,184.25,184.25,184.25,0
DWS028,20140710,183.23,183.23,183.23,183.23,0
DWS028,20140711,184.74,184.74,184.74,184.74,0
DWS028,20140714,186.42,186.42,186.42,186.42,0
DWS028,20140715,187.60,187.60,187.60,187.60,0
DWS028,20140716,190.10,190.10,190.10,190.10,0
DWS028,20140717,186.40,186.40,186.40,186.40,0
DWS028,20140718,190.97,190.97,190.97,190.97,0
DWS028,20140721,191.26,191.26,191.26,191.26,0
DWS028,20140722,193.93,193.93,193.93,193.93,0
DWS028,20140723,195.77,195.77,195.77,195.77,0
DWS028,20140724,197.00,197.00,197.00,197.00,0
DWS028,20140725,197.54,197.54,197.54,197.54,0
DWS028,20140728,198.28,198.28,198.28,198.28,0
DWS028,20140729,196.32,196.32,196.32,196.32,0
DWS028,20140805,188.78,188.78,188.78,188.78,0
DWS028,20140806,184.52,184.52,184.52,184.52,0
DWS028,20140807,182.72,182.72,182.72,182.72,0
DWS028,20140808,184.01,184.01,184.01,184.01,0
DWS028,20140811,179.12,179.12,179.12,179.12,0
DWS028,20140812,181.85,181.85,181.85,181.85,0
DWS028,20140813,181.36,181.36,181.36,181.36,0
DWS028,20140814,181.99,181.99,181.99,181.99,0
DWS028,20140818,180.26,180.26,180.26,180.26,0
DWS028,20140820,184.04,184.04,184.04,184.04,0
DWS028,20140821,184.79,184.79,184.79,184.79,0
DWS028,20140822,184.77,184.77,184.77,184.77,0
DWS028,20140825,185.61,185.61,185.61,185.61,0
DWS028,20140826,188.65,188.65,188.65,188.65,0
DWS028,20140827,189.55,189.55,189.55,189.55,0
DWS028,20140828,190.47,190.47,190.47,190.47,0
DWS028,20140901,190.52,190.52,190.52,190.52,0
DWS028,20140902,192.76,192.76,192.76,192.76,0
DWS028,20140903,193.38,193.38,193.38,193.38,0
DWS028,20140904,196.93,196.93,196.93,196.93,0
DWS028,20140905,196.57,196.57,196.57,196.57,0
DWS028,20140908,196.84,196.84,196.84,196.84,0
DWS028,20140909,195.05,195.05,195.05,195.05,0
DWS028,20140910,189.00,189.00,189.00,189.00,0
DWS028,20140918,183.38,183.38,183.38,183.38,0
DWS028,20140919,181.17,181.17,181.17,181.17,0
DWS028,20140922,181.34,181.34,181.34,181.34,0
DWS028,20140923,182.37,182.37,182.37,182.37,0
DWS028,20140924,180.71,180.71,180.71,180.71,0
DWS028,20140925,175.25,175.25,175.25,175.25,0
DWS028,20140929,174.49,174.49,174.49,174.49,0
DWS028,20140930,176.35,176.35,176.35,176.35,0
DWS028,20141001,176.39,176.39,176.39,176.39,0
DWS028,20141002,175.68,175.68,175.68,175.68,0
DWS028,20141006,179.21,179.21,179.21,179.21,0
DWS028,20141007,177.61,177.61,177.61,177.61,0
DWS028,20141008,177.17,177.17,177.17,177.17,0
DWS028,20141009,178.39,178.39,178.39,178.39,0
DWS028,20141010,177.73,177.73,177.73,177.73,0
DWS028,20141013,178.61,178.61,178.61,178.61,0
DWS028,20141014,178.90,178.90,178.90,178.90,0
DWS028,20141015,179.11,179.11,179.11,179.11,0
DWS028,20141016,175.18,175.18,175.18,175.18,0
DWS028,20141017,175.78,175.78,175.78,175.78,0
DWS028,20141020,180.65,180.65,180.65,180.65,0
DWS028,20141021,182.94,182.94,182.94,182.94,0
DWS028,20141022,185.86,185.86,185.86,185.86,0
DWS028,20141023,188.21,188.21,188.21,188.21,0
DWS028,20141024,192.55,192.55,192.55,192.55,0
DWS028,20141027,189.71,189.71,189.71,189.71,0
DWS028,20141028,191.29,191.29,191.29,191.29,0
DWS028,20141029,194.47,194.47,194.47,194.47,0
DWS028,20141030,195.30,195.30,195.30,195.30,0
DWS028,20141031,196.71,196.71,196.71,196.71,0
DWS028,20141103,197.34,197.34,197.34,197.34,0
DWS028,20141104,196.83,196.83,196.83,196.83,0
DWS028,20141105,196.54,196.54,196.54,196.54,0
DWS028,20141106,190.84,190.84,190.84,190.84,0
DWS028,20141107,187.95,187.95,187.95,187.95,0
DWS028,20141110,190.40,190.40,190.40,190.40,0
DWS028,20141112,193.98,193.98,193.98,193.98,0
DWS028,20141113,197.54,197.54,197.54,197.54,0
DWS028,20141114,197.87,197.87,197.87,197.87,0
DWS028,20141117,199.50,199.50,199.50,199.50,0
DWS028,20141118,199.17,199.17,199.17,199.17,0
DWS028,20141119,200.00,200.00,200.00,200.00,0
DWS028,20141120,200.42,200.42,200.42,200.42,0
DWS028,20141121,203.76,203.76,203.76,203.76,0
DWS028,20141124,202.72,202.72,202.72,202.72,0
DWS028,20141125,204.32,204.32,204.32,204.32,0
DWS028,20141126,204.01,204.01,204.01,204.01,0
DWS028,20141127,206.73,206.73,206.73,206.73,0
DWS028,20141128,210.28,210.28,210.28,210.28,0
DWS028,20141201,209.79,209.79,209.79,209.79,0
DWS028,20141202,206.92,206.92,206.92,206.92,0
DWS028,20141203,205.12,205.12,205.12,205.12,0
DWS028,20141204,207.16,207.16,207.16,207.16,0
DWS028,20141205,208.28,208.28,208.28,208.28,0
DWS028,20141208,204.73,204.73,204.73,204.73,0
DWS028,20141209,203.82,203.82,203.82,203.82,0
DWS028,20141210,202.33,202.33,202.33,202.33,0
DWS028,20141211,203.30,203.30,203.30,203.30,0
DWS028,20141212,199.19,199.19,199.19,199.19,0
DWS028,20141215,192.57,192.57,192.57,192.57,0
DWS028,20141216,188.15,188.15,188.15,188.15,0
DWS028,20141217,193.38,193.38,193.38,193.38,0
DWS028,20141218,197.53,197.53,197.53,197.53,0
DWS028,20141219,202.26,202.26,202.26,202.26,0
DWS028,20141222,204.84,204.84,204.84,204.84,0
DWS028,20141223,205.51,205.51,205.51,205.51,0
DWS028,20141229,206.91,206.91,206.91,206.91,0
DWS028,20141230,208.82,208.82,208.82,208.82,0
DWS028,20150102,209.13,209.13,209.13,209.13,0
DWS028,20150105,214.08,214.08,214.08,214.08,0
DWS028,20150107,218.53,218.53,218.53,218.53,0
DWS028,20150108,222.41,222.41,222.41,222.41,0
DWS028,20150109,222.62,222.62,222.62,222.62,0
DWS028,20150112,222.75,222.75,222.75,222.75,0
DWS028,20150113,225.21,225.21,225.21,225.21,0
DWS028,20150114,223.73,223.73,223.73,223.73,0
DWS028,20150115,226.49,226.49,226.49,226.49,0
DWS028,20150116,226.70,226.70,226.70,226.70,0
DWS028,20150119,226.46,226.46,226.46,226.46,0
DWS028,20150120,230.61,230.61,230.61,230.61,0
DWS028,20150121,232.42,232.42,232.42,232.42,0
DWS028,20150122,237.26,237.26,237.26,237.26,0
DWS028,20150123,233.87,233.87,233.87,233.87,0
DWS028,20150126,235.58,235.58,235.58,235.58,0
DWS028,20150127,232.82,232.82,232.82,232.82,0
DWS028,20150128,233.18,233.18,233.18,233.18,0
DWS028,20150129,224.91,224.91,224.91,224.91,0
DWS028,20150130,222.19,222.19,222.19,222.19,0
DWS028,20150202,223.30,223.30,223.30,223.30,0
DWS028,20150203,220.15,220.15,220.15,220.15,0
DWS028,20150204,214.09,214.09,214.09,214.09,0
DWS028,20150205,210.72,210.72,210.72,210.72,0
DWS028,20150206,210.14,210.14,210.14,210.14,0
DWS028,20150209,204.71,204.71,204.71,204.71,0
DWS028,20150210,205.46,205.46,205.46,205.46,0
DWS028,20150211,204.88,204.88,204.88,204.88,0
DWS028,20150212,207.22,207.22,207.22,207.22,0
DWS028,20150213,209.14,209.14,209.14,209.14,0
DWS028,20150216,211.38,211.38,211.38,211.38,0
DWS028,20150217,208.88,208.88,208.88,208.88,0
DWS028,20150218,208.80,208.80,208.80,208.80,0
DWS028,20150219,211.28,211.28,211.28,211.28,0
DWS028,20150220,210.55,210.55,210.55,210.55,0
DWS028,20150223,208.33,208.33,208.33,208.33,0
DWS028,20150224,210.96,210.96,210.96,210.96,0
DWS028,20150225,209.13,209.13,209.13,209.13,0
DWS028,20150226,209.67,209.67,209.67,209.67,0
DWS028,20150227,202.94,202.94,202.94,202.94,0
DWS028,20150302,205.62,205.62,205.62,205.62,0
DWS028,20150303,203.88,203.88,203.88,203.88,0
DWS028,20150304,200.77,200.77,200.77,200.77,0
DWS028,20150305,192.63,192.63,192.63,192.63,0
DWS028,20150306,196.09,196.09,196.09,196.09,0
DWS028,20150309,194.48,194.48,194.48,194.48,0
DWS028,20150310,189.78,189.78,189.78,189.78,0
DWS028,20150311,192.93,192.93,192.93,192.93,0
DWS028,20150312,194.22,194.22,194.22,194.22,0
DWS028,20150313,191.61,191.61,191.61,191.61,0
DWS028,20150316,193.10,193.10,193.10,193.10,0
DWS028,20150317,195.17,195.17,195.17,195.17,0
DWS028,20150318,194.51,194.51,194.51,194.51,0
DWS028,20150319,198.63,198.63,198.63,198.63,0
DWS028,20150320,199.63,199.63,199.63,199.63,0
DWS028,20150323,201.38,201.38,201.38,201.38,0
DWS028,20150324,197.42,197.42,197.42,197.42,0
DWS028,20150325,197.02,197.02,197.02,197.02,0
DWS028,20150326,192.60,192.60,192.60,192.60,0
DWS028,20150327,192.21,192.21,192.21,192.21,0
DWS028,20150330,195.13,195.13,195.13,195.13,0
DWS028,20150331,193.74,193.74,193.74,193.74,0
DWS028,20150401,194.33,194.33,194.33,194.33,0
DWS028,20150402,194.54,194.54,194.54,194.54,0
DWS028,20150407,196.65,196.65,196.65,196.65,0
DWS028,20150408,196.97,196.97,196.97,196.97,0
DWS028,20150409,199.04,199.04,199.04,199.04,0
DWS028,20150410,198.31,198.31,198.31,198.31,0
DWS028,20150413,195.02,195.02,195.02,195.02,0
DWS028,20150414,193.03,193.03,193.03,193.03,0
DWS028,20150415,189.17,189.17,189.17,189.17,0
DWS028,20150416,190.87,190.87,190.87,190.87,0
DWS028,20150417,190.66,190.66,190.66,190.66,0
DWS028,20150420,189.66,189.66,189.66,189.66,0
DWS028,20150421,193.45,193.45,193.45,193.45,0
DWS028,20150422,191.80,191.80,191.80,191.80,0
DWS028,20150423,191.04,191.04,191.04,191.04,0
DWS028,20150424,192.75,192.75,192.75,192.75,0
DWS028,20150427,197.71,197.71,197.71,197.71,0
DWS028,20150428,196.21,196.21,196.21,196.21,0
DWS028,20150429,195.13,195.13,195.13,195.13,0
DWS028,20150430,189.99,189.99,189.99,189.99,0
DWS028,20150504,188.01,188.01,188.01,188.01,0
DWS028,20150505,185.79,185.79,185.79,185.79,0
DWS028,20150506,184.66,184.66,184.66,184.66,0
DWS028,20150507,187.18,187.18,187.18,187.18,0
DWS028,20150508,187.67,187.67,187.67,187.67,0
DWS028,20150511,191.89,191.89,191.89,191.89,0
DWS028,20150512,192.75,192.75,192.75,192.75,0
DWS028,20150513,196.56,196.56,196.56,196.56,0
DWS028,20150514,201.04,201.04,201.04,201.04,0
DWS028,20150515,200.17,200.17,200.17,200.17,0
DWS028,20150518,202.42,202.42,202.42,202.42,0
DWS028,20150519,205.11,205.11,205.11,205.11,0
DWS028,20150520,205.50,205.50,205.50,205.50,0
DWS028,20150521,203.17,203.17,203.17,203.17,0
DWS028,20150522,203.97,203.97,203.97,203.97,0
DWS028,20150525,201.59,201.59,201.59,201.59,0
DWS028,20150526,200.48,200.48,200.48,200.48,0
DWS028,20150527,201.75,201.75,201.75,201.75,0
DWS028,20150528,200.21,200.21,200.21,200.21,0
DWS028,20150529,197.07,197.07,197.07,197.07,0
DWS028,20150601,192.72,192.72,192.72,192.72,0
DWS028,20150602,190.01,190.01,190.01,190.01,0
DWS028,20150603,191.49,191.49,191.49,191.49,0
DWS028,20150605,191.86,191.86,191.86,191.86,0
DWS028,20150608,175.12,175.12,175.12,175.12,0
DWS028,20150609,173.85,173.85,173.85,173.85,0
DWS028,20150610,177.38,177.38,177.38,177.38,0
DWS028,20150611,181.80,181.80,181.80,181.80,0
DWS028,20150612,181.52,181.52,181.52,181.52,0
DWS028,20150615,179.38,179.38,179.38,179.38,0
DWS028,20150616,180.82,180.82,180.82,180.82,0
DWS028,20150617,180.59,180.59,180.59,180.59,0
DWS028,20150618,183.37,183.37,183.37,183.37,0
DWS028,20150619,186.63,186.63,186.63,186.63,0
DWS028,20150622,189.39,189.39,189.39,189.39,0
DWS028,20150623,190.42,190.42,190.42,190.42,0
DWS028,20150624,191.94,191.94,191.94,191.94,0
DWS028,20150625,192.60,192.60,192.60,192.60,0
DWS028,20150626,192.74,192.74,192.74,192.74,0
DWS028,20150629,188.20,188.20,188.20,188.20,0
DWS028,20150630,190.21,190.21,190.21,190.21,0
DWS028,20150701,189.36,189.36,189.36,189.36,0
DWS028,20150702,188.18,188.18,188.18,188.18,0
DWS028,20150703,187.06,187.06,187.06,187.06,0
DWS028,20150706,190.36,190.36,190.36,190.36,0
DWS028,20150707,189.98,189.98,189.98,189.98,0
DWS028,20150708,186.36,186.36,186.36,186.36,0
DWS028,20150709,192.02,192.02,192.02,192.02,0
DWS028,20150710,191.69,191.69,191.69,191.69,0
DWS028,20150713,194.32,194.32,194.32,194.32,0
DWS028,20150714,194.91,194.91,194.91,194.91,0
DWS028,20150715,193.12,193.12,193.12,193.12,0
DWS028,20150716,193.92,193.92,193.92,193.92,0
DWS028,20150717,193.27,193.27,193.27,193.27,0
DWS028,20150720,189.35,189.35,189.35,189.35,0
DWS028,20150721,188.35,188.35,188.35,188.35,0
DWS028,20150722,186.17,186.17,186.17,186.17,0
DWS028,20150723,179.89,179.89,179.89,179.89,0
DWS028,20150724,180.13,180.13,180.13,180.13,0
DWS028,20150727,173.76,173.76,173.76,173.76,0
DWS028,20150728,175.54,175.54,175.54,175.54,0
DWS028,20150729,176.66,176.66,176.66,176.66,0
DWS028,20150730,177.09,177.09,177.09,177.09,0
DWS028,20150731,180.37,180.37,180.37,180.37,0
DWS028,20150803,178.80,178.80,178.80,178.80,0
DWS028,20150804,177.34,177.34,177.34,177.34,0
DWS028,20150805,178.64,178.64,178.64,178.64,0
DWS028,20150806,179.16,179.16,179.16,179.16,0
DWS028,20150807,180.15,180.15,180.15,180.15,0
DWS028,20150810,178.47,178.47,178.47,178.47,0
DWS028,20150811,179.89,179.89,179.89,179.89,0
DWS028,20150812,179.12,179.12,179.12,179.12,0
DWS028,20150813,174.34,174.34,174.34,174.34,0
DWS028,20150814,170.30,170.30,170.30,170.30,0
DWS028,20150817,169.54,169.54,169.54,169.54,0
DWS028,20150818,166.99,166.99,166.99,166.99,0
DWS028,20150819,163.26,163.26,163.26,163.26,0
DWS028,20150820,160.47,160.47,160.47,160.47,0
DWS028,20150821,155.83,155.83,155.83,155.83,0
DWS028,20150824,149.60,149.60,149.60,149.60,0
DWS028,20150825,152.67,152.67,152.67,152.67,0
DWS028,20150826,153.66,153.66,153.66,153.66,0
DWS028,20150827,156.68,156.68,156.68,156.68,0
DWS028,20150828,160.46,160.46,160.46,160.46,0
DWS028,20150831,160.86,160.86,160.86,160.86,0
DWS028,20150901,158.08,158.08,158.08,158.08,0
DWS028,20150902,157.01,157.01,157.01,157.01,0
DWS028,20150903,158.27,158.27,158.27,158.27,0
DWS028,20150904,155.03,155.03,155.03,155.03,0
DWS028,20150907,151.46,151.46,151.46,151.46,0
DWS028,20150908,152.05,152.05,152.05,152.05,0
DWS028,20150909,152.72,152.72,152.72,152.72,0
DWS028,20150910,148.91,148.91,148.91,148.91,0
DWS028,20150911,147.67,147.67,147.67,147.67,0
DWS028,20150914,146.18,146.18,146.18,146.18,0
DWS028,20150915,149.06,149.06,149.06,149.06,0
DWS028,20150916,152.23,152.23,152.23,152.23,0
DWS028,20150917,153.67,153.67,153.67,153.67,0
DWS028,20150918,155.06,155.06,155.06,155.06,0
DWS028,20150921,155.18,155.18,155.18,155.18,0
DWS028,20150922,155.70,155.70,155.70,155.70,0
DWS028,20150923,155.23,155.23,155.23,155.23,0
DWS028,20150924,154.23,154.23,154.23,154.23,0
DWS028,20150925,155.18,155.18,155.18,155.18,0
DWS028,20150928,154.46,154.46,154.46,154.46,0
DWS028,20150929,152.32,152.32,152.32,152.32,0
DWS028,20150930,155.49,155.49,155.49,155.49,0
DWS028,20151001,156.95,156.95,156.95,156.95,0
DWS028,20151002,155.61,155.61,155.61,155.61,0
DWS028,20151005,159.88,159.88,159.88,159.88,0
DWS028,20151006,163.11,163.11,163.11,163.11,0
DWS028,20151007,168.29,168.29,168.29,168.29,0
DWS028,20151008,168.12,168.12,168.12,168.12,0
DWS028,20151009,167.72,167.72,167.72,167.72,0
DWS028,20151012,166.66,166.66,166.66,166.66,0
DWS028,20151013,164.13,164.13,164.13,164.13,0
DWS028,20151014,165.88,165.88,165.88,165.88,0
DWS028,20151015,168.35,168.35,168.35,168.35,0
DWS028,20151016,167.25,167.25,167.25,167.25,0
DWS028,20151019,168.85,168.85,168.85,168.85,0
DWS028,20151020,170.57,170.57,170.57,170.57,0
DWS028,20151021,170.76,170.76,170.76,170.76,0
DWS028,20151022,173.66,173.66,173.66,173.66,0
DWS028,20151023,174.33,174.33,174.33,174.33,0
DWS028,20151026,173.92,173.92,173.92,173.92,0
DWS028,20151027,171.73,171.73,171.73,171.73,0
DWS028,20151028,172.06,172.06,172.06,172.06,0
DWS028,20151029,170.36,170.36,170.36,170.36,0
DWS028,20151030,172.40,172.40,172.40,172.40,0
DWS028,20151102,187.70,187.70,187.70,187.70,0
DWS028,20151103,186.47,186.47,186.47,186.47,0
DWS028,20151104,185.93,185.93,185.93,185.93,0
DWS028,20151105,184.70,184.70,184.70,184.70,0
DWS028,20151106,182.21,182.21,182.21,182.21,0
DWS028,20151109,181.52,181.52,181.52,181.52,0
DWS028,20151110,181.17,181.17,181.17,181.17,0
DWS028,20151112,184.23,184.23,184.23,184.23,0
DWS028,20151113,184.25,184.25,184.25,184.25,0
DWS028,20151116,182.75,182.75,182.75,182.75,0
DWS028,20151117,184.53,184.53,184.53,184.53,0
DWS028,20151118,184.13,184.13,184.13,184.13,0
DWS028,20151119,183.90,183.90,183.90,183.90,0
DWS028,20151120,184.45,184.45,184.45,184.45,0
DWS028,20151123,183.59,183.59,183.59,183.59,0
DWS028,20151124,177.32,177.32,177.32,177.32,0
DWS028,20151125,175.08,175.08,175.08,175.08,0
DWS028,20151126,172.97,172.97,172.97,172.97,0
DWS028,20151127,172.97,172.97,172.97,172.97,0
DWS028,20151130,174.32,174.32,174.32,174.32,0
DWS028,20151201,175.14,175.14,175.14,175.14,0
DWS028,20151202,175.83,175.83,175.83,175.83,0
DWS028,20151203,171.95,171.95,171.95,171.95,0
DWS028,20151204,169.02,169.02,169.02,169.02,0
DWS028,20151207,169.01,169.01,169.01,169.01,0
DWS028,20151208,166.95,166.95,166.95,166.95,0
DWS028,20151209,168.57,168.57,168.57,168.57,0
DWS028,20151210,164.56,164.56,164.56,164.56,0
DWS028,20151211,157.91,157.91,157.91,157.91,0
DWS028,20151214,154.73,154.73,154.73,154.73,0
DWS028,20151215,161.22,161.22,161.22,161.22,0
DWS028,20151216,161.55,161.55,161.55,161.55,0
DWS028,20151217,165.08,165.08,165.08,165.08,0
DWS028,20151218,163.31,163.31,163.31,163.31,0
DWS028,20151221,163.11,163.11,163.11,163.11,0
DWS028,20151222,161.13,161.13,161.13,161.13,0
DWS028,20151223,163.74,163.74,163.74,163.74,0
DWS028,20151228,163.42,163.42,163.42,163.42,0
DWS028,20151229,163.28,163.28,163.28,163.28,0
DWS028,20151230,162.78,162.78,162.78,162.78,0
DWS028,20160104,156.91,156.91,156.91,156.91,0
DWS028,20160105,157.30,157.30,157.30,157.30,0
DWS028,20160107,157.45,157.45,157.45,157.45,0
DWS028,20160108,157.13,157.13,157.13,157.13,0
DWS028,20160111,156.56,156.56,156.56,156.56,0
DWS028,20160112,156.99,156.99,156.99,156.99,0
DWS028,20160113,159.19,159.19,159.19,159.19,0
DWS028,20160114,159.31,159.31,159.31,159.31,0
DWS028,20160115,157.85,157.85,157.85,157.85,0
DWS028,20160118,159.88,159.88,159.88,159.88,0
DWS028,20160119,159.11,159.11,159.11,159.11,0
DWS028,20160120,155.00,155.00,155.00,155.00,0
DWS028,20160121,154.59,154.59,154.59,154.59,0
DWS028,20160122,157.62,157.62,157.62,157.62,0
DWS028,20160125,160.11,160.11,160.11,160.11,0
DWS028,20160126,161.11,161.11,161.11,161.11,0
DWS028,20160127,162.71,162.71,162.71,162.71,0
DWS028,20160128,163.31,163.31,163.31,163.31,0
DWS028,20160129,166.82,166.82,166.82,166.82,0
DWS028,20160201,165.73,165.73,165.73,165.73,0
DWS028,20160202,162.36,162.36,162.36,162.36,0
DWS028,20160203,164.76,164.76,164.76,164.76,0
DWS028,20160204,165.27,165.27,165.27,165.27,0
DWS028,20160205,164.75,164.75,164.75,164.75,0
DWS028,20160208,159.64,159.64,159.64,159.64,0
DWS028,20160209,157.55,157.55,157.55,157.55,0
DWS028,20160210,157.68,157.68,157.68,157.68,0
DWS028,20160211,155.38,155.38,155.38,155.38,0
DWS028,20160212,156.40,156.40,156.40,156.40,0
DWS028,20160215,155.36,155.36,155.36,155.36,0
DWS028,20160216,155.00,155.00,155.00,155.00,0
DWS028,20160217,158.42,158.42,158.42,158.42,0
DWS028,20160218,159.62,159.62,159.62,159.62,0
DWS028,20160219,158.92,158.92,158.92,158.92,0
DWS028,20160222,164.14,164.14,164.14,164.14,0
DWS028,20160223,165.83,165.83,165.83,165.83,0
DWS028,20160224,163.68,163.68,163.68,163.68,0
DWS028,20160225,166.04,166.04,166.04,166.04,0
DWS028,20160226,162.99,162.99,162.99,162.99,0
DWS028,20160229,166.68,166.68,166.68,166.68,0
DWS028,20160301,168.10,168.10,168.10,168.10,0
DWS028,20160302,170.18,170.18,170.18,170.18,0
DWS028,20160303,170.68,170.68,170.68,170.68,0
DWS028,20160304,170.80,170.80,170.80,170.80,0
DWS028,20160307,170.55,170.55,170.55,170.55,0
DWS028,20160308,170.13,170.13,170.13,170.13,0
DWS028,20160309,172.62,172.62,172.62,172.62,0
DWS028,20160310,172.90,172.90,172.90,172.90,0
DWS028,20160311,175.20,175.20,175.20,175.20,0
DWS028,20160314,174.97,174.97,174.97,174.97,0
DWS028,20160315,171.73,171.73,171.73,171.73,0
DWS028,20160316,171.98,171.98,171.98,171.98,0
DWS028,20160317,176.59,176.59,176.59,176.59,0
DWS028,20160318,176.88,176.88,176.88,176.88,0
DWS028,20160321,178.29,178.29,178.29,178.29,0
DWS028,20160322,176.01,176.01,176.01,176.01,0
DWS028,20160323,174.36,174.36,174.36,174.36,0
DWS028,20160324,174.89,174.89,174.89,174.89,0
DWS028,20160329,175.46,175.46,175.46,175.46,0
DWS028,20160330,178.78,178.78,178.78,178.78,0
DWS028,20160331,180.16,180.16,180.16,180.16,0
DWS028,20160401,178.00,178.00,178.00,178.00,0
DWS028,20160404,181.35,181.35,181.35,181.35,0
DWS028,20160405,179.54,179.54,179.54,179.54,0
DWS028,20160406,177.34,177.34,177.34,177.34,0
DWS028,20160407,176.28,176.28,176.28,176.28,0
DWS028,20160408,177.54,177.54,177.54,177.54,0
DWS028,20160411,181.05,181.05,181.05,181.05,0
DWS028,20160412,181.94,181.94,181.94,181.94,0
DWS028,20160413,186.15,186.15,186.15,186.15,0
DWS028,20160414,187.02,187.02,187.02,187.02,0
DWS028,20160415,187.49,187.49,187.49,187.49,0
DWS028,20160418,188.05,188.05,188.05,188.05,0
DWS028,20160419,188.22,188.22,188.22,188.22,0
DWS028,20160420,188.59,188.59,188.59,188.59,0
DWS028,20160421,188.63,188.63,188.63,188.63,0
DWS028,20160422,190.24,190.24,190.24,190.24,0
DWS028,20160425,190.39,190.39,190.39,190.39,0
DWS028,20160426,192.00,192.00,192.00,192.00,0
DWS028,20160427,192.03,192.03,192.03,192.03,0
DWS028,20160428,192.38,192.38,192.38,192.38,0
DWS028,20160429,193.23,193.23,193.23,193.23,0
DWS028,20160502,187.40,187.40,187.40,187.40,0
DWS028,20160504,175.79,175.79,175.79,175.79,0
DWS028,20160505,171.10,171.10,171.10,171.10,0
DWS028,20160506,172.30,172.30,172.30,172.30,0
DWS028,20160509,172.46,172.46,172.46,172.46,0
DWS028,20160510,173.22,173.22,173.22,173.22,0
DWS028,20160511,170.77,170.77,170.77,170.77,0
DWS028,20160512,171.50,171.50,171.50,171.50,0
DWS028,20160513,169.89,169.89,169.89,169.89,0
DWS028,20160516,167.84,167.84,167.84,167.84,0
DWS028,20160517,167.98,167.98,167.98,167.98,0
DWS028,20160518,168.34,168.34,168.34,168.34,0
DWS028,20160519,167.09,167.09,167.09,167.09,0
DWS028,20160520,168.54,168.54,168.54,168.54,0
DWS028,20160523,168.34,168.34,168.34,168.34,0
DWS028,20160524,172.86,172.86,172.86,172.86,0
DWS028,20160525,175.00,175.00,175.00,175.00,0
DWS028,20160527,172.99,172.99,172.99,172.99,0
DWS028,20160530,173.47,173.47,173.47,173.47,0
DWS028,20160531,172.70,172.70,172.70,172.70,0
DWS028,20160601,170.35,170.35,170.35,170.35,0
DWS028,20160602,169.08,169.08,169.08,169.08,0
DWS028,20160603,172.79,172.79,172.79,172.79,0
DWS028,20160606,173.33,173.33,173.33,173.33,0
DWS028,20160607,171.47,171.47,171.47,171.47,0
DWS028,20160608,172.53,172.53,172.53,172.53,0
DWS028,20160609,170.51,170.51,170.51,170.51,0
DWS028,20160610,169.48,169.48,169.48,169.48,0
DWS028,20160613,169.63,169.63,169.63,169.63,0
DWS028,20160614,169.95,169.95,169.95,169.95,0
DWS028,20160615,170.35,170.35,170.35,170.35,0
DWS028,20160616,167.84,167.84,167.84,167.84,0
DWS028,20160617,168.43,168.43,168.43,168.43,0
DWS028,20160620,171.92,171.92,171.92,171.92,0
DWS028,20160621,173.01,173.01,173.01,173.01,0
DWS028,20160622,172.40,172.40,172.40,172.40,0
DWS028,20160623,174.69,174.69,174.69,174.69,0
DWS028,20160624,170.92,170.92,170.92,170.92,0
DWS028,20160627,171.23,171.23,171.23,171.23,0
DWS028,20160628,175.07,175.07,175.07,175.07,0
DWS028,20160629,174.58,174.58,174.58,174.58,0
DWS028,20160630,175.15,175.15,175.15,175.15,0
DWS028,20160701,176.80,176.80,176.80,176.80,0
DWS028,20160704,178.91,178.91,178.91,178.91,0
DWS028,20160705,177.94,177.94,177.94,177.94,0
DWS028,20160706,177.27,177.27,177.27,177.27,0
DWS028,20160707,177.63,177.63,177.63,177.63,0
DWS028,20160708,177.60,177.60,177.60,177.60,0
DWS028,20160711,181.43,181.43,181.43,181.43,0
DWS028,20160712,184.43,184.43,184.43,184.43,0
DWS028,20160713,185.11,185.11,185.11,185.11,0
DWS028,20160714,186.66,186.66,186.66,186.66,0
DWS028,20160715,187.89,187.89,187.89,187.89,0
DWS028,20160718,174.17,174.17,174.17,174.17,0
DWS028,20160719,171.02,171.02,171.02,171.02,0
DWS028,20160720,165.84,165.84,165.84,165.84,0
DWS028,20160721,155.60,155.60,155.60,155.60,0
DWS028,20160722,155.52,155.52,155.52,155.52,0
DWS028,20160725,161.47,161.47,161.47,161.47,0
DWS028,20160726,160.44,160.44,160.44,160.44,0
DWS028,20160727,162.87,162.87,162.87,162.87,0
DWS028,20160728,163.91,163.91,163.91,163.91,0
DWS028,20160729,163.97,163.97,163.97,163.97,0
DWS028,20160801,165.01,165.01,165.01,165.01,0
DWS028,20160802,161.90,161.90,161.90,161.90,0
DWS028,20160803,157.99,157.99,157.99,157.99,0
DWS028,20160804,161.33,161.33,161.33,161.33,0
DWS028,20160805,161.81,161.81,161.81,161.81,0
DWS028,20160808,165.82,165.82,165.82,165.82,0
DWS028,20160809,167.13,167.13,167.13,167.13,0
DWS028,20160810,166.34,166.34,166.34,166.34,0
DWS028,20160811,168.74,168.74,168.74,168.74,0
DWS028,20160812,167.14,167.14,167.14,167.14,0
DWS028,20160816,165.60,165.60,165.60,165.60,0
DWS028,20160817,167.72,167.72,167.72,167.72,0
DWS028,20160818,166.28,166.28,166.28,166.28,0
DWS028,20160819,166.77,166.77,166.77,166.77,0
DWS028,20160822,166.60,166.60,166.60,166.60,0
DWS028,20160823,165.41,165.41,165.41,165.41,0
DWS028,20160824,162.68,162.68,162.68,162.68,0
DWS028,20160825,164.85,164.85,164.85,164.85,0
DWS028,20160826,166.55,166.55,166.55,166.55,0
DWS028,20160829,165.08,165.08,165.08,165.08,0
DWS028,20160830,165.36,165.36,165.36,165.36,0
DWS028,20160831,166.06,166.06,166.06,166.06,0
DWS028,20160901,166.89,166.89,166.89,166.89,0
DWS028,20160902,169.35,169.35,169.35,169.35,0
DWS028,20160905,171.30,171.30,171.30,171.30,0
DWS028,20160906,170.92,170.92,170.92,170.92,0
DWS028,20160907,169.31,169.31,169.31,169.31,0
DWS028,20160908,168.20,168.20,168.20,168.20,0
DWS028,20160909,166.36,166.36,166.36,166.36,0
DWS028,20160912,166.76,166.76,166.76,166.76,0
DWS028,20160913,165.88,165.88,165.88,165.88,0
DWS028,20160914,165.38,165.38,165.38,165.38,0
DWS028,20160915,164.92,164.92,164.92,164.92,0
DWS028,20160916,164.11,164.11,164.11,164.11,0
DWS028,20160919,166.26,166.26,166.26,166.26,0
DWS028,20160920,165.35,165.35,165.35,165.35,0
DWS028,20160921,166.52,166.52,166.52,166.52,0
DWS028,20160922,170.30,170.30,170.30,170.30,0
DWS028,20160923,171.25,171.25,171.25,171.25,0
DWS028,20160926,166.52,166.52,166.52,166.52,0
DWS028,20160927,164.25,164.25,164.25,164.25,0
DWS028,20160928,164.62,164.62,164.62,164.62,0
DWS028,20160929,163.60,163.60,163.60,163.60,0
DWS028,20160930,162.49,162.49,162.49,162.49,0
DWS028,20161003,161.89,161.89,161.89,161.89,0
DWS028,20161004,160.99,160.99,160.99,160.99,0
DWS028,20161005,161.88,161.88,161.88,161.88,0
DWS028,20161006,162.49,162.49,162.49,162.49,0
DWS028,20161007,161.97,161.97,161.97,161.97,0
DWS028,20161010,160.91,160.91,160.91,160.91,0
DWS028,20161011,160.17,160.17,160.17,160.17,0
DWS028,20161012,160.95,160.95,160.95,160.95,0
DWS028,20161013,159.75,159.75,159.75,159.75,0
DWS028,20161014,161.05,161.05,161.05,161.05,0
DWS028,20161017,161.12,161.12,161.12,161.12,0
DWS028,20161018,163.06,163.06,163.06,163.06,0
DWS028,20161019,166.84,166.84,166.84,166.84,0
DWS028,20161020,167.21,167.21,167.21,167.21,0
DWS028,20161021,167.31,167.31,167.31,167.31,0
DWS028,20161024,169.23,169.23,169.23,169.23,0
DWS028,20161025,167.57,167.57,167.57,167.57,0
DWS028,20161026,167.15,167.15,167.15,167.15,0
DWS028,20161027,165.50,165.50,165.50,165.50,0
DWS028,20161028,163.66,163.66,163.66,163.66,0
DWS028,20161031,163.50,163.50,163.50,163.50,0
DWS028,20161102,159.21,159.21,159.21,159.21,0
DWS028,20161103,158.60,158.60,158.60,158.60,0
DWS028,20161104,151.49,151.49,151.49,151.49,0
DWS028,20161107,154.31,154.31,154.31,154.31,0
DWS028,20161108,155.53,155.53,155.53,155.53,0
DWS028,20161109,152.68,152.68,152.68,152.68,0
DWS028,20161110,153.19,153.19,153.19,153.19,0
DWS028,20161114,152.64,152.64,152.64,152.64,0
DWS028,20161115,154.67,154.67,154.67,154.67,0
DWS028,20161116,154.62,154.62,154.62,154.62,0
DWS028,20161117,154.05,154.05,154.05,154.05,0
DWS028,20161118,153.20,153.20,153.20,153.20,0
DWS028,20161121,153.21,153.21,153.21,153.21,0
DWS028,20161122,153.37,153.37,153.37,153.37,0
DWS028,20161123,152.68,152.68,152.68,152.68,0
DWS028,20161124,152.20,152.20,152.20,152.20,0
DWS028,20161125,148.07,148.07,148.07,148.07,0
DWS028,20161128,149.17,149.17,149.17,149.17,0
DWS028,20161129,149.18,149.18,149.18,149.18,0
DWS028,20161130,148.60,148.60,148.60,148.60,0
DWS028,20161201,143.84,143.84,143.84,143.84,0
DWS028,20161202,144.41,144.41,144.41,144.41,0
DWS028,20161205,143.60,143.60,143.60,143.60,0
DWS028,20161206,149.42,149.42,149.42,149.42,0
DWS028,20161207,151.42,151.42,151.42,151.42,0
DWS028,20161208,151.98,151.98,151.98,151.98,0
DWS028,20161209,150.42,150.42,150.42,150.42,0
DWS028,20161212,150.20,150.20,150.20,150.20,0
DWS028,20161213,151.95,151.95,151.95,151.95,0
DWS028,20161214,150.63,150.63,150.63,150.63,0
DWS028,20161215,154.22,154.22,154.22,154.22,0
DWS028,20161216,154.02,154.02,154.02,154.02,0
DWS028,20161219,152.59,152.59,152.59,152.59,0
DWS028,20161220,154.16,154.16,154.16,154.16,0
DWS028,20161221,153.54,153.54,153.54,153.54,0
DWS028,20161222,152.95,152.95,152.95,152.95,0
DWS028,20161223,152.12,152.12,152.12,152.12,0
DWS028,20161227,151.41,151.41,151.41,151.41,0
DWS028,20161228,151.65,151.65,151.65,151.65,0
DWS028,20161229,152.33,152.33,152.33,152.33,0
DWS028,20161230,152.00,152.00,152.00,152.00,0
DWS028,20170102,151.45,151.45,151.45,151.45,0
DWS028,20170103,147.34,147.34,147.34,147.34,0
DWS028,20170104,146.22,146.22,146.22,146.22,0
DWS028,20170105,143.42,143.42,143.42,143.42,0
DWS028,20170109,141.75,141.75,141.75,141.75,0
DWS028,20170110,138.44,138.44,138.44,138.44,0
DWS028,20170111,136.65,136.65,136.65,136.65,0
DWS028,20170112,143.26,143.26,143.26,143.26,0
DWS028,20170113,144.52,144.52,144.52,144.52,0
DWS028,20170116,144.88,144.88,144.88,144.88,0
DWS028,20170117,145.47,145.47,145.47,145.47,0
DWS028,20170118,146.23,146.23,146.23,146.23,0
DWS028,20170119,144.55,144.55,144.55,144.55,0
DWS028,20170120,145.48,145.48,145.48,145.48,0
DWS028,20170123,146.64,146.64,146.64,146.64,0
DWS028,20170124,147.61,147.61,147.61,147.61,0
DWS028,20170125,143.82,143.82,143.82,143.82,0
DWS028,20170126,143.89,143.89,143.89,143.89,0
DWS028,20170127,143.66,143.66,143.66,143.66,0
DWS028,20170130,148.63,148.63,148.63,148.63,0
DWS028,20170131,149.93,149.93,149.93,149.93,0
DWS028,20170201,150.39,150.39,150.39,150.39,0
DWS028,20170202,151.51,151.51,151.51,151.51,0
DWS028,20170203,153.82,153.82,153.82,153.82,0
DWS028,20170206,153.39,153.39,153.39,153.39,0
DWS028,20170207,152.96,152.96,152.96,152.96,0
DWS028,20170208,154.89,154.89,154.89,154.89,0
DWS028,20170209,156.21,156.21,156.21,156.21,0
DWS028,20170210,155.22,155.22,155.22,155.22,0
DWS028,20170213,157.93,157.93,157.93,157.93,0
DWS028,20170214,158.17,158.17,158.17,158.17,0
DWS028,20170215,158.34,158.34,158.34,158.34,0
DWS028,20170216,157.10,157.10,157.10,157.10,0
DWS028,20170217,159.81,159.81,159.81,159.81,0
DWS028,20170220,160.13,160.13,160.13,160.13,0
DWS028,20170221,161.93,161.93,161.93,161.93,0
DWS028,20170222,161.52,161.52,161.52,161.52,0
DWS028,20170223,163.19,163.19,163.19,163.19,0
DWS028,20170224,160.58,160.58,160.58,160.58,0
DWS028,20170227,160.05,160.05,160.05,160.05,0
DWS028,20170228,158.44,158.44,158.44,158.44,0
DWS028,20170301,161.56,161.56,161.56,161.56,0
DWS028,20170302,160.11,160.11,160.11,160.11,0
DWS028,20170303,158.99,158.99,158.99,158.99,0
DWS028,20170306,160.44,160.44,160.44,160.44,0
DWS028,20170307,162.44,162.44,162.44,162.44,0
DWS028,20170308,158.11,158.11,158.11,158.11,0
DWS028,20170309,156.67,156.67,156.67,156.67,0
DWS028,20170310,158.06,158.06,158.06,158.06,0
DWS028,20170313,157.90,157.90,157.90,157.90,0
DWS028,20170314,156.79,156.79,156.79,156.79,0
DWS028,20170315,158.57,158.57,158.57,158.57,0
DWS028,20170316,160.35,160.35,160.35,160.35,0
DWS028,20170317,161.44,161.44,161.44,161.44,0
DWS028,20170320,160.73,160.73,160.73,160.73,0
DWS028,20170321,160.93,160.93,160.93,160.93,0
DWS028,20170322,158.90,158.90,158.90,158.90,0
DWS028,20170323,159.47,159.47,159.47,159.47,0
DWS028,20170324,158.88,158.88,158.88,158.88,0
DWS028,20170327,158.64,158.64,158.64,158.64,0
DWS028,20170328,157.70,157.70,157.70,157.70,0
DWS028,20170329,157.20,157.20,157.20,157.20,0
DWS028,20170330,156.34,156.34,156.34,156.34,0
DWS028,20170331,156.84,156.84,156.84,156.84,0
DWS028,20170403,157.59,157.59,157.59,157.59,0
DWS028,20170404,158.53,158.53,158.53,158.53,0
DWS028,20170405,158.12,158.12,158.12,158.12,0
DWS028,20170406,157.16,157.16,157.16,157.16,0
DWS028,20170407,156.46,156.46,156.46,156.46,0
DWS028,20170410,159.51,159.51,159.51,159.51,0
DWS028,20170411,161.20,161.20,161.20,161.20,0
DWS028,20170412,163.59,163.59,163.59,163.59,0
DWS028,20170413,162.39,162.39,162.39,162.39,0
DWS028,20170418,161.89,161.89,161.89,161.89,0
DWS028,20170419,162.19,162.19,162.19,162.19,0
DWS028,20170420,164.16,164.16,164.16,164.16,0
DWS028,20170421,165.78,165.78,165.78,165.78,0
DWS028,20170424,166.39,166.39,166.39,166.39,0
DWS028,20170425,167.27,167.27,167.27,167.27,0
DWS028,20170426,167.85,167.85,167.85,167.85,0
DWS028,20170427,169.21,169.21,169.21,169.21,0
DWS028,20170428,169.68,169.68,169.68,169.68,0
DWS028,20170502,169.79,169.79,169.79,169.79,0
DWS028,20170504,167.65,167.65,167.65,167.65,0
DWS028,20170505,166.95,166.95,166.95,166.95,0
DWS028,20170508,166.78,166.78,166.78,166.78,0
DWS028,20170509,168.53,168.53,168.53,168.53,0
DWS028,20170510,169.79,169.79,169.79,169.79,0
DWS028,20170511,169.70,169.70,169.70,169.70,0
DWS028,20170512,169.03,169.03,169.03,169.03,0
DWS028,20170515,168.93,168.93,168.93,168.93,0
DWS028,20170516,168.81,168.81,168.81,168.81,0
DWS028,20170517,167.86,167.86,167.86,167.86,0
DWS028,20170518,165.93,165.93,165.93,165.93,0
DWS028,20170519,164.30,164.30,164.30,164.30,0
DWS028,20170522,165.22,165.22,165.22,165.22,0
DWS028,20170523,167.54,167.54,167.54,167.54,0
DWS028,20170524,169.29,169.29,169.29,169.29,0
DWS028,20170525,168.01,168.01,168.01,168.01,0
DWS028,20170526,167.03,167.03,167.03,167.03,0
DWS028,20170529,166.95,166.95,166.95,166.95,0
DWS028,20170530,167.55,167.55,167.55,167.55,0
DWS028,20170531,168.37,168.37,168.37,168.37,0
DWS028,20170601,169.29,169.29,169.29,169.29,0
DWS028,20170602,170.72,170.72,170.72,170.72,0
DWS028,20170605,169.86,169.86,169.86,169.86,0
DWS028,20170606,171.32,171.32,171.32,171.32,0
DWS028,20170607,170.96,170.96,170.96,170.96,0
DWS028,20170608,171.19,171.19,171.19,171.19,0
DWS028,20170609,172.45,172.45,172.45,172.45,0
DWS028,20170612,173.06,173.06,173.06,173.06,0
DWS028,20170613,172.88,172.88,172.88,172.88,0
DWS028,20170614,173.83,173.83,173.83,173.83,0
DWS028,20170616,175.31,175.31,175.31,175.31,0
DWS028,20170619,174.70,174.70,174.70,174.70,0
DWS028,20170620,175.09,175.09,175.09,175.09,0
DWS028,20170621,175.91,175.91,175.91,175.91,0
DWS028,20170622,177.05,177.05,177.05,177.05,0
DWS028,20170623,177.74,177.74,177.74,177.74,0
DWS028,20170626,176.97,176.97,176.97,176.97,0
DWS028,20170627,176.55,176.55,176.55,176.55,0
DWS028,20170628,175.75,175.75,175.75,175.75,0
DWS028,20170629,175.13,175.13,175.13,175.13,0
DWS028,20170630,174.70,174.70,174.70,174.70,0
DWS028,20170703,174.69,174.69,174.69,174.69,0
DWS028,20170704,175.43,175.43,175.43,175.43,0
DWS028,20170705,174.17,174.17,174.17,174.17,0
DWS028,20170706,170.26,170.26,170.26,170.26,0
DWS028,20170707,168.79,168.79,168.79,168.79,0
DWS028,20170710,170.96,170.96,170.96,170.96,0
DWS028,20170711,173.07,173.07,173.07,173.07,0
DWS028,20170712,175.65,175.65,175.65,175.65,0
DWS028,20170713,176.96,176.96,176.96,176.96,0
DWS028,20170714,178.61,178.61,178.61,178.61,0
DWS028,20170717,181.01,181.01,181.01,181.01,0
DWS028,20170718,180.00,180.00,180.00,180.00,0
DWS028,20170719,182.78,182.78,182.78,182.78,0
DWS028,20170720,182.26,182.26,182.26,182.26,0
DWS028,20170721,181.46,181.46,181.46,181.46,0
DWS028,20170724,181.19,181.19,181.19,181.19,0
DWS028,20170725,181.30,181.30,181.30,181.30,0
DWS028,20170726,181.66,181.66,181.66,181.66,0
DWS028,20170727,182.52,182.52,182.52,182.52,0
DWS028,20170728,182.03,182.03,182.03,182.03,0
DWS028,20170731,181.63,181.63,181.63,181.63,0
DWS028,20170801,177.93,177.93,177.93,177.93,0
DWS028,20170802,177.10,177.10,177.10,177.10,0
DWS028,20170803,177.79,177.79,177.79,177.79,0
DWS028,20170804,180.44,180.44,180.44,180.44,0
DWS028,20170807,183.23,183.23,183.23,183.23,0
DWS028,20170808,183.38,183.38,183.38,183.38,0
DWS028,20170809,182.64,182.64,182.64,182.64,0
DWS028,20170810,181.38,181.38,181.38,181.38,0
DWS028,20170811,179.61,179.61,179.61,179.61,0
DWS028,20170814,184.43,184.43,184.43,184.43,0
DWS028,20170816,180.66,180.66,180.66,180.66,0
DWS028,20170817,179.71,179.71,179.71,179.71,0
DWS028,20170818,180.88,180.88,180.88,180.88,0
DWS028,20170821,184.02,184.02,184.02,184.02,0
DWS028,20170822,184.37,184.37,184.37,184.37,0
DWS028,20170823,184.62,184.62,184.62,184.62,0
DWS028,20170824,185.65,185.65,185.65,185.65,0
DWS028,20170825,185.64,185.64,185.64,185.64,0
DWS028,20170828,186.07,186.07,186.07,186.07,0
DWS028,20170829,184.92,184.92,184.92,184.92,0
DWS028,20170830,185.47,185.47,185.47,185.47,0
DWS028,20170831,185.55,185.55,185.55,185.55,0
DWS028,20170901,186.12,186.12,186.12,186.12,0
DWS028,20170904,186.53,186.53,186.53,186.53,0
DWS028,20170905,184.14,184.14,184.14,184.14,0
DWS028,20170906,184.00,184.00,184.00,184.00,0
DWS028,20170907,184.76,184.76,184.76,184.76,0
DWS028,20170908,182.58,182.58,182.58,182.58,0
DWS028,20170911,184.34,184.34,184.34,184.34,0
DWS028,20170912,183.51,183.51,183.51,183.51,0
DWS028,20170913,182.75,182.75,182.75,182.75,0
DWS028,20170914,182.59,182.59,182.59,182.59,0
DWS028,20170915,182.92,182.92,182.92,182.92,0
DWS028,20170918,180.31,180.31,180.31,180.31,0
DWS028,20170919,175.43,175.43,175.43,175.43,0
DWS028,20170920,175.17,175.17,175.17,175.17,0
DWS028,20170921,173.31,173.31,173.31,173.31,0
