Name,Date,Open,High,Low,Close,Volume
DWS022,20080128,100.48,100.48,100.48,100.48,0
DWS022,20080129,100.71,100.71,100.71,100.71,0
DWS022,20080130,101.53,101.53,101.53,101.53,0
DWS022,20080131,101.69,101.69,101.69,101.69,0
DWS022,20080201,102.91,102.91,102.91,102.91,0
DWS022,20080204,104.27,104.27,104.27,104.27,0
DWS022,20080205,103.31,103.31,103.31,103.31,0
DWS022,20080206,102.06,102.06,102.06,102.06,0
DWS022,20080207,102.88,102.88,102.88,102.88,0
DWS022,20080208,103.13,103.13,103.13,103.13,0
DWS022,20080211,104.12,104.12,104.12,104.12,0
DWS022,20080212,104.65,104.65,104.65,104.65,0
DWS022,20080213,106.24,106.24,106.24,106.24,0
DWS022,20080214,107.04,107.04,107.04,107.04,0
DWS022,20080215,106.68,106.68,106.68,106.68,0
DWS022,20080218,107.68,107.68,107.68,107.68,0
DWS022,20080219,108.17,108.17,108.17,108.17,0
DWS022,20080220,108.24,108.24,108.24,108.24,0
DWS022,20080221,109.44,109.44,109.44,109.44,0
DWS022,20080222,110.18,110.18,110.18,110.18,0
DWS022,20080225,110.47,110.47,110.47,110.47,0
DWS022,20080226,110.46,110.46,110.46,110.46,0
DWS022,20080227,110.44,110.44,110.44,110.44,0
DWS022,20080228,108.85,108.85,108.85,108.85,0
DWS022,20080229,108.80,108.80,108.80,108.80,0
DWS022,20080303,105.94,105.94,105.94,105.94,0
DWS022,20080304,106.44,106.44,106.44,106.44,0
DWS022,20080305,107.17,107.17,107.17,107.17,0
DWS022,20080306,106.81,106.81,106.81,106.81,0
DWS022,20080307,105.08,105.08,105.08,105.08,0
DWS022,20080310,106.62,106.62,106.62,106.62,0
DWS022,20080311,106.51,106.51,106.51,106.51,0
DWS022,20080312,107.32,107.32,107.32,107.32,0
DWS022,20080313,106.52,106.52,106.52,106.52,0
DWS022,20080314,106.56,106.56,106.56,106.56,0
DWS022,20080317,105.33,105.33,105.33,105.33,0
DWS022,20080318,104.80,104.80,104.80,104.80,0
DWS022,20080319,105.65,105.65,105.65,105.65,0
DWS022,20080320,104.94,104.94,104.94,104.94,0
DWS022,20080325,106.50,106.50,106.50,106.50,0
DWS022,20080326,106.16,106.16,106.16,106.16,0
DWS022,20080327,106.67,106.67,106.67,106.67,0
DWS022,20080328,106.39,106.39,106.39,106.39,0
DWS022,20080331,105.98,105.98,105.98,105.98,0
DWS022,20080401,107.99,107.99,107.99,107.99,0
DWS022,20080402,108.21,108.21,108.21,108.21,0
DWS022,20080403,107.47,107.47,107.47,107.47,0
DWS022,20080404,106.98,106.98,106.98,106.98,0
DWS022,20080407,107.01,107.01,107.01,107.01,0
DWS022,20080408,106.53,106.53,106.53,106.53,0
DWS022,20080409,106.45,106.45,106.45,106.45,0
DWS022,20080410,106.91,106.91,106.91,106.91,0
DWS022,20080411,108.02,108.02,108.02,108.02,0
DWS022,20080414,106.25,106.25,106.25,106.25,0
DWS022,20080415,106.26,106.26,106.26,106.26,0
DWS022,20080416,106.14,106.14,106.14,106.14,0
DWS022,20080417,106.59,106.59,106.59,106.59,0
DWS022,20080418,105.44,105.44,105.44,105.44,0
DWS022,20080421,105.20,105.20,105.20,105.20,0
DWS022,20080422,103.11,103.11,103.11,103.11,0
DWS022,20080423,101.69,101.69,101.69,101.69,0
DWS022,20080424,102.19,102.19,102.19,102.19,0
DWS022,20080425,102.90,102.90,102.90,102.90,0
DWS022,20080428,103.59,103.59,103.59,103.59,0
DWS022,20080429,103.10,103.10,103.10,103.10,0
DWS022,20080430,103.05,103.05,103.05,103.05,0
DWS022,20080505,104.30,104.30,104.30,104.30,0
DWS022,20080506,104.25,104.25,104.25,104.25,0
DWS022,20080507,104.58,104.58,104.58,104.58,0
DWS022,20080508,104.37,104.37,104.37,104.37,0
DWS022,20080509,104.25,104.25,104.25,104.25,0
DWS022,20080512,104.20,104.20,104.20,104.20,0
DWS022,20080513,104.01,104.01,104.01,104.01,0
DWS022,20080514,103.92,103.92,103.92,103.92,0
DWS022,20080515,103.20,103.20,103.20,103.20,0
DWS022,20080516,103.01,103.01,103.01,103.01,0
DWS022,20080519,102.05,102.05,102.05,102.05,0
DWS022,20080520,101.89,101.89,101.89,101.89,0
DWS022,20080521,101.11,101.11,101.11,101.11,0
DWS022,20080523,99.97,99.97,99.97,99.97,0
DWS022,20080526,100.44,100.44,100.44,100.44,0
DWS022,20080527,100.19,100.19,100.19,100.19,0
DWS022,20080528,100.12,100.12,100.12,100.12,0
DWS022,20080529,99.36,99.36,99.36,99.36,0
DWS022,20080530,99.29,99.29,99.29,99.29,0
DWS022,20080602,99.06,99.06,99.06,99.06,0
DWS022,20080603,99.01,99.01,99.01,99.01,0
DWS022,20080604,98.53,98.53,98.53,98.53,0
DWS022,20080605,98.00,98.00,98.00,98.00,0
DWS022,20080606,98.26,98.26,98.26,98.26,0
DWS022,20080609,95.65,95.65,95.65,95.65,0
DWS022,20080610,94.41,94.41,94.41,94.41,0
DWS022,20080611,93.22,93.22,93.22,93.22,0
DWS022,20080612,91.93,91.93,91.93,91.93,0
DWS022,20080613,92.12,92.12,92.12,92.12,0
DWS022,20080616,93.80,93.80,93.80,93.80,0
DWS022,20080617,93.95,93.95,93.95,93.95,0
DWS022,20080618,93.50,93.50,93.50,93.50,0
DWS022,20080619,93.06,93.06,93.06,93.06,0
DWS022,20080620,92.55,92.55,92.55,92.55,0
DWS022,20080623,91.70,91.70,91.70,91.70,0
DWS022,20080624,91.36,91.36,91.36,91.36,0
DWS022,20080625,90.71,90.71,90.71,90.71,0
DWS022,20080626,91.28,91.28,91.28,91.28,0
DWS022,20080627,89.11,89.11,89.11,89.11,0
DWS022,20080630,89.19,89.19,89.19,89.19,0
DWS022,20080701,87.90,87.90,87.90,87.90,0
DWS022,20080702,85.33,85.33,85.33,85.33,0
DWS022,20080703,83.79,83.79,83.79,83.79,0
DWS022,20080704,82.36,82.36,82.36,82.36,0
DWS022,20080707,80.14,80.14,80.14,80.14,0
DWS022,20080708,78.31,78.31,78.31,78.31,0
DWS022,20080709,79.61,79.61,79.61,79.61,0
DWS022,20080710,78.97,78.97,78.97,78.97,0
DWS022,20080711,77.54,77.54,77.54,77.54,0
DWS022,20080714,75.17,75.17,75.17,75.17,0
DWS022,20080715,74.79,74.79,74.79,74.79,0
DWS022,20080716,72.74,72.74,72.74,72.74,0
DWS022,20080717,74.84,74.84,74.84,74.84,0
DWS022,20080718,75.36,75.36,75.36,75.36,0
DWS022,20080721,75.68,75.68,75.68,75.68,0
DWS022,20080722,75.93,75.93,75.93,75.93,0
DWS022,20080723,77.22,77.22,77.22,77.22,0
DWS022,20080724,78.95,78.95,78.95,78.95,0
DWS022,20080725,77.65,77.65,77.65,77.65,0
DWS022,20080728,79.16,79.16,79.16,79.16,0
DWS022,20080729,78.76,78.76,78.76,78.76,0
DWS022,20080730,80.31,80.31,80.31,80.31,0
DWS022,20080731,80.98,80.98,80.98,80.98,0
DWS022,20080801,81.32,81.32,81.32,81.32,0
DWS022,20080804,80.80,80.80,80.80,80.80,0
DWS022,20080805,81.13,81.13,81.13,81.13,0
DWS022,20080806,81.26,81.26,81.26,81.26,0
DWS022,20080807,81.05,81.05,81.05,81.05,0
DWS022,20080808,80.29,80.29,80.29,80.29,0
DWS022,20080811,80.79,80.79,80.79,80.79,0
DWS022,20080812,80.99,80.99,80.99,80.99,0
DWS022,20080813,81.39,81.39,81.39,81.39,0
DWS022,20080814,81.59,81.59,81.59,81.59,0
DWS022,20080818,80.71,80.71,80.71,80.71,0
DWS022,20080819,80.22,80.22,80.22,80.22,0
DWS022,20080820,79.38,79.38,79.38,79.38,0
DWS022,20080821,79.08,79.08,79.08,79.08,0
DWS022,20080822,80.17,80.17,80.17,80.17,0
DWS022,20080825,80.72,80.72,80.72,80.72,0
DWS022,20080826,79.64,79.64,79.64,79.64,0
DWS022,20080827,78.41,78.41,78.41,78.41,0
DWS022,20080828,78.18,78.18,78.18,78.18,0
DWS022,20080829,78.98,78.98,78.98,78.98,0
DWS022,20080901,79.20,79.20,79.20,79.20,0
DWS022,20080902,80.21,80.21,80.21,80.21,0
DWS022,20080903,80.40,80.40,80.40,80.40,0
DWS022,20080904,81.23,81.23,81.23,81.23,0
DWS022,20080905,80.31,80.31,80.31,80.31,0
DWS022,20080908,80.61,80.61,80.61,80.61,0
DWS022,20080909,80.11,80.11,80.11,80.11,0
DWS022,20080910,79.18,79.18,79.18,79.18,0
DWS022,20080911,78.66,78.66,78.66,78.66,0
DWS022,20080912,79.19,79.19,79.19,79.19,0
DWS022,20080915,77.37,77.37,77.37,77.37,0
DWS022,20080916,76.06,76.06,76.06,76.06,0
DWS022,20080917,75.49,75.49,75.49,75.49,0
DWS022,20080918,74.29,74.29,74.29,74.29,0
DWS022,20080919,75.83,75.83,75.83,75.83,0
DWS022,20080922,74.98,74.98,74.98,74.98,0
DWS022,20080923,73.66,73.66,73.66,73.66,0
DWS022,20080924,74.06,74.06,74.06,74.06,0
DWS022,20080925,74.20,74.20,74.20,74.20,0
DWS022,20080926,73.90,73.90,73.90,73.90,0
DWS022,20080929,72.99,72.99,72.99,72.99,0
DWS022,20080930,72.05,72.05,72.05,72.05,0
DWS022,20081001,73.27,73.27,73.27,73.27,0
DWS022,20081002,72.63,72.63,72.63,72.63,0
DWS022,20081003,71.44,71.44,71.44,71.44,0
DWS022,20081006,69.40,69.40,69.40,69.40,0
DWS022,20081007,67.22,67.22,67.22,67.22,0
DWS022,20081008,63.89,63.89,63.89,63.89,0
DWS022,20081009,65.83,65.83,65.83,65.83,0
DWS022,20081010,62.45,62.45,62.45,62.45,0
DWS022,20081013,62.52,62.52,62.52,62.52,0
DWS022,20081014,64.37,64.37,64.37,64.37,0
DWS022,20081015,62.70,62.70,62.70,62.70,0
DWS022,20081016,60.42,60.42,60.42,60.42,0
DWS022,20081017,60.75,60.75,60.75,60.75,0
DWS022,20081020,60.95,60.95,60.95,60.95,0
DWS022,20081021,61.91,61.91,61.91,61.91,0
DWS022,20081022,59.70,59.70,59.70,59.70,0
DWS022,20081023,57.38,57.38,57.38,57.38,0
DWS022,20081024,55.33,55.33,55.33,55.33,0
DWS022,20081027,53.79,53.79,53.79,53.79,0
DWS022,20081028,55.20,55.20,55.20,55.20,0
DWS022,20081029,56.43,56.43,56.43,56.43,0
DWS022,20081030,57.27,57.27,57.27,57.27,0
DWS022,20081031,56.81,56.81,56.81,56.81,0
DWS022,20081103,57.37,57.37,57.37,57.37,0
DWS022,20081104,58.98,58.98,58.98,58.98,0
DWS022,20081105,58.78,58.78,58.78,58.78,0
DWS022,20081106,58.04,58.04,58.04,58.04,0
DWS022,20081107,58.79,58.79,58.79,58.79,0
DWS022,20081110,59.95,59.95,59.95,59.95,0
DWS022,20081112,58.37,58.37,58.37,58.37,0
DWS022,20081113,57.49,57.49,57.49,57.49,0
DWS022,20081114,58.03,58.03,58.03,58.03,0
DWS022,20081117,57.12,57.12,57.12,57.12,0
DWS022,20081118,55.27,55.27,55.27,55.27,0
DWS022,20081119,55.58,55.58,55.58,55.58,0
DWS022,20081120,53.74,53.74,53.74,53.74,0
DWS022,20081121,54.58,54.58,54.58,54.58,0
DWS022,20081124,55.55,55.55,55.55,55.55,0
DWS022,20081125,55.61,55.61,55.61,55.61,0
DWS022,20081126,55.25,55.25,55.25,55.25,0
DWS022,20081127,55.95,55.95,55.95,55.95,0
DWS022,20081128,55.56,55.56,55.56,55.56,0
DWS022,20081201,54.47,54.47,54.47,54.47,0
DWS022,20081202,54.07,54.07,54.07,54.07,0
DWS022,20081203,54.38,54.38,54.38,54.38,0
DWS022,20081204,54.36,54.36,54.36,54.36,0
DWS022,20081205,54.11,54.11,54.11,54.11,0
DWS022,20081208,54.53,54.53,54.53,54.53,0
DWS022,20081209,55.53,55.53,55.53,55.53,0
DWS022,20081210,54.25,54.25,54.25,54.25,0
DWS022,20081211,53.73,53.73,53.73,53.73,0
DWS022,20081212,52.70,52.70,52.70,52.70,0
DWS022,20081215,53.25,53.25,53.25,53.25,0
DWS022,20081216,53.26,53.26,53.26,53.26,0
DWS022,20081217,53.24,53.24,53.24,53.24,0
DWS022,20081218,52.50,52.50,52.50,52.50,0
DWS022,20081219,52.13,52.13,52.13,52.13,0
DWS022,20081222,51.63,51.63,51.63,51.63,0
DWS022,20081223,51.46,51.46,51.46,51.46,0
DWS022,20081229,51.24,51.24,51.24,51.24,0
DWS022,20081230,51.84,51.84,51.84,51.84,0
DWS022,20081231,52.10,52.10,52.10,52.10,0
DWS022,20090105,52.59,52.59,52.59,52.59,0
DWS022,20090106,53.73,53.73,53.73,53.73,0
DWS022,20090107,53.67,53.67,53.67,53.67,0
DWS022,20090108,52.46,52.46,52.46,52.46,0
DWS022,20090109,52.32,52.32,52.32,52.32,0
DWS022,20090112,51.38,51.38,51.38,51.38,0
DWS022,20090113,50.80,50.80,50.80,50.80,0
DWS022,20090114,50.44,50.44,50.44,50.44,0
DWS022,20090115,49.72,49.72,49.72,49.72,0
DWS022,20090116,50.29,50.29,50.29,50.29,0
DWS022,20090119,50.95,50.95,50.95,50.95,0
DWS022,20090120,49.29,49.29,49.29,49.29,0
DWS022,20090121,48.30,48.30,48.30,48.30,0
DWS022,20090122,48.56,48.56,48.56,48.56,0
DWS022,20090123,48.20,48.20,48.20,48.20,0
DWS022,20090126,47.75,47.75,47.75,47.75,0
DWS022,20090127,47.74,47.74,47.74,47.74,0
DWS022,20090128,48.21,48.21,48.21,48.21,0
DWS022,20090129,47.98,47.98,47.98,47.98,0
DWS022,20090130,48.10,48.10,48.10,48.10,0
DWS022,20090202,47.45,47.45,47.45,47.45,0
DWS022,20090203,46.93,46.93,46.93,46.93,0
DWS022,20090204,46.93,46.93,46.93,46.93,0
DWS022,20090205,46.06,46.06,46.06,46.06,0
DWS022,20090206,47.52,47.52,47.52,47.52,0
DWS022,20090209,47.20,47.20,47.20,47.20,0
DWS022,20090210,47.36,47.36,47.36,47.36,0
DWS022,20090211,47.60,47.60,47.60,47.60,0
DWS022,20090212,47.05,47.05,47.05,47.05,0
DWS022,20090213,47.21,47.21,47.21,47.21,0
DWS022,20090216,46.02,46.02,46.02,46.02,0
DWS022,20090217,45.02,45.02,45.02,45.02,0
DWS022,20090218,44.19,44.19,44.19,44.19,0
DWS022,20090219,45.33,45.33,45.33,45.33,0
DWS022,20090220,44.77,44.77,44.77,44.77,0
DWS022,20090223,45.08,45.08,45.08,45.08,0
DWS022,20090224,44.93,44.93,44.93,44.93,0
DWS022,20090225,45.81,45.81,45.81,45.81,0
DWS022,20090226,45.10,45.10,45.10,45.10,0
DWS022,20090227,45.62,45.62,45.62,45.62,0
DWS022,20090302,44.77,44.77,44.77,44.77,0
DWS022,20090303,44.17,44.17,44.17,44.17,0
DWS022,20090304,44.79,44.79,44.79,44.79,0
DWS022,20090305,45.18,45.18,45.18,45.18,0
DWS022,20090306,45.88,45.88,45.88,45.88,0
DWS022,20090309,45.80,45.80,45.80,45.80,0
DWS022,20090310,46.24,46.24,46.24,46.24,0
DWS022,20090311,46.59,46.59,46.59,46.59,0
DWS022,20090312,46.38,46.38,46.38,46.38,0
DWS022,20090313,47.01,47.01,47.01,47.01,0
DWS022,20090316,47.23,47.23,47.23,47.23,0
DWS022,20090317,47.27,47.27,47.27,47.27,0
DWS022,20090318,47.12,47.12,47.12,47.12,0
DWS022,20090319,46.71,46.71,46.71,46.71,0
DWS022,20090320,46.48,46.48,46.48,46.48,0
DWS022,20090323,47.95,47.95,47.95,47.95,0
DWS022,20090324,48.40,48.40,48.40,48.40,0
DWS022,20090325,48.88,48.88,48.88,48.88,0
DWS022,20090326,49.80,49.80,49.80,49.80,0
DWS022,20090327,49.18,49.18,49.18,49.18,0
DWS022,20090330,48.60,48.60,48.60,48.60,0
DWS022,20090331,48.47,48.47,48.47,48.47,0
DWS022,20090401,48.07,48.07,48.07,48.07,0
DWS022,20090402,49.34,49.34,49.34,49.34,0
DWS022,20090403,50.62,50.62,50.62,50.62,0
DWS022,20090406,52.17,52.17,52.17,52.17,0
DWS022,20090407,51.81,51.81,51.81,51.81,0
DWS022,20090408,51.89,51.89,51.89,51.89,0
DWS022,20090409,53.09,53.09,53.09,53.09,0
DWS022,20090414,55.36,55.36,55.36,55.36,0
DWS022,20090415,54.39,54.39,54.39,54.39,0
DWS022,20090416,54.78,54.78,54.78,54.78,0
DWS022,20090417,55.07,55.07,55.07,55.07,0
DWS022,20090420,54.95,54.95,54.95,54.95,0
DWS022,20090421,54.52,54.52,54.52,54.52,0
DWS022,20090422,56.35,56.35,56.35,56.35,0
DWS022,20090423,56.55,56.55,56.55,56.55,0
DWS022,20090424,56.51,56.51,56.51,56.51,0
DWS022,20090427,56.72,56.72,56.72,56.72,0
DWS022,20090428,55.86,55.86,55.86,55.86,0
DWS022,20090429,56.46,56.46,56.46,56.46,0
DWS022,20090430,57.11,57.11,57.11,57.11,0
DWS022,20090504,58.00,58.00,58.00,58.00,0
DWS022,20090505,58.65,58.65,58.65,58.65,0
DWS022,20090506,58.74,58.74,58.74,58.74,0
DWS022,20090507,59.29,59.29,59.29,59.29,0
DWS022,20090508,58.48,58.48,58.48,58.48,0
DWS022,20090511,57.52,57.52,57.52,57.52,0
DWS022,20090512,58.42,58.42,58.42,58.42,0
DWS022,20090513,58.63,58.63,58.63,58.63,0
DWS022,20090514,57.49,57.49,57.49,57.49,0
DWS022,20090515,57.67,57.67,57.67,57.67,0
DWS022,20090518,57.72,57.72,57.72,57.72,0
DWS022,20090519,58.92,58.92,58.92,58.92,0
DWS022,20090520,58.88,58.88,58.88,58.88,0
DWS022,20090521,58.09,58.09,58.09,58.09,0
DWS022,20090522,57.77,57.77,57.77,57.77,0
DWS022,20090525,56.72,56.72,56.72,56.72,0
DWS022,20090526,56.66,56.66,56.66,56.66,0
DWS022,20090527,57.57,57.57,57.57,57.57,0
DWS022,20090528,57.11,57.11,57.11,57.11,0
DWS022,20090529,57.42,57.42,57.42,57.42,0
DWS022,20090601,58.77,58.77,58.77,58.77,0
DWS022,20090602,59.64,59.64,59.64,59.64,0
DWS022,20090603,60.16,60.16,60.16,60.16,0
DWS022,20090604,60.97,60.97,60.97,60.97,0
DWS022,20090605,60.93,60.93,60.93,60.93,0
DWS022,20090608,59.89,59.89,59.89,59.89,0
DWS022,20090609,60.55,60.55,60.55,60.55,0
DWS022,20090610,60.76,60.76,60.76,60.76,0
DWS022,20090612,60.74,60.74,60.74,60.74,0
DWS022,20090615,60.46,60.46,60.46,60.46,0
DWS022,20090616,59.64,59.64,59.64,59.64,0
DWS022,20090617,59.28,59.28,59.28,59.28,0
DWS022,20090618,59.20,59.20,59.20,59.20,0
DWS022,20090619,59.89,59.89,59.89,59.89,0
DWS022,20090622,57.94,57.94,57.94,57.94,0
DWS022,20090623,57.61,57.61,57.61,57.61,0
DWS022,20090624,57.92,57.92,57.92,57.92,0
DWS022,20090625,57.89,57.89,57.89,57.89,0
DWS022,20090626,58.54,58.54,58.54,58.54,0
DWS022,20090629,58.88,58.88,58.88,58.88,0
DWS022,20090630,59.13,59.13,59.13,59.13,0
DWS022,20090701,59.14,59.14,59.14,59.14,0
DWS022,20090702,58.77,58.77,58.77,58.77,0
DWS022,20090703,58.88,58.88,58.88,58.88,0
DWS022,20090706,58.07,58.07,58.07,58.07,0
DWS022,20090707,57.89,57.89,57.89,57.89,0
DWS022,20090708,58.02,58.02,58.02,58.02,0
DWS022,20090709,58.33,58.33,58.33,58.33,0
DWS022,20090710,57.81,57.81,57.81,57.81,0
DWS022,20090713,58.06,58.06,58.06,58.06,0
DWS022,20090714,59.22,59.22,59.22,59.22,0
DWS022,20090715,60.24,60.24,60.24,60.24,0
DWS022,20090716,60.10,60.10,60.10,60.10,0
DWS022,20090717,60.12,60.12,60.12,60.12,0
DWS022,20090720,61.04,61.04,61.04,61.04,0
DWS022,20090721,61.03,61.03,61.03,61.03,0
DWS022,20090722,61.00,61.00,61.00,61.00,0
DWS022,20090723,61.58,61.58,61.58,61.58,0
DWS022,20090724,61.76,61.76,61.76,61.76,0
DWS022,20090727,61.96,61.96,61.96,61.96,0
DWS022,20090728,62.01,62.01,62.01,62.01,0
DWS022,20090729,62.54,62.54,62.54,62.54,0
DWS022,20090730,64.06,64.06,64.06,64.06,0
DWS022,20090731,64.29,64.29,64.29,64.29,0
DWS022,20090803,65.03,65.03,65.03,65.03,0
DWS022,20090804,64.44,64.44,64.44,64.44,0
DWS022,20090805,63.91,63.91,63.91,63.91,0
DWS022,20090806,64.44,64.44,64.44,64.44,0
DWS022,20090807,64.66,64.66,64.66,64.66,0
DWS022,20090810,65.02,65.02,65.02,65.02,0
DWS022,20090811,64.75,64.75,64.75,64.75,0
DWS022,20090812,64.43,64.43,64.43,64.43,0
DWS022,20090813,64.93,64.93,64.93,64.93,0
DWS022,20090814,64.82,64.82,64.82,64.82,0
DWS022,20090817,63.77,63.77,63.77,63.77,0
DWS022,20090818,64.34,64.34,64.34,64.34,0
DWS022,20090819,65.53,65.53,65.53,65.53,0
DWS022,20090820,66.87,66.87,66.87,66.87,0
DWS022,20090821,67.42,67.42,67.42,67.42,0
DWS022,20090824,68.34,68.34,68.34,68.34,0
DWS022,20090825,68.76,68.76,68.76,68.76,0
DWS022,20090826,68.23,68.23,68.23,68.23,0
DWS022,20090827,68.12,68.12,68.12,68.12,0
DWS022,20090828,68.84,68.84,68.84,68.84,0
DWS022,20090831,68.74,68.74,68.74,68.74,0
DWS022,20090901,66.79,66.79,66.79,66.79,0
DWS022,20090902,64.46,64.46,64.46,64.46,0
DWS022,20090903,64.77,64.77,64.77,64.77,0
DWS022,20090904,65.59,65.59,65.59,65.59,0
DWS022,20090907,66.59,66.59,66.59,66.59,0
DWS022,20090908,66.05,66.05,66.05,66.05,0
DWS022,20090909,66.48,66.48,66.48,66.48,0
DWS022,20090910,66.06,66.06,66.06,66.06,0
DWS022,20090911,65.77,65.77,65.77,65.77,0
DWS022,20090914,64.52,64.52,64.52,64.52,0
DWS022,20090915,64.63,64.63,64.63,64.63,0
DWS022,20090916,65.45,65.45,65.45,65.45,0
DWS022,20090917,65.46,65.46,65.46,65.46,0
DWS022,20090918,65.74,65.74,65.74,65.74,0
DWS022,20090921,65.85,65.85,65.85,65.85,0
DWS022,20090922,67.08,67.08,67.08,67.08,0
DWS022,20090923,66.72,66.72,66.72,66.72,0
DWS022,20090924,66.49,66.49,66.49,66.49,0
DWS022,20090925,66.99,66.99,66.99,66.99,0
DWS022,20090928,67.18,67.18,67.18,67.18,0
DWS022,20090929,66.74,66.74,66.74,66.74,0
DWS022,20090930,66.43,66.43,66.43,66.43,0
DWS022,20091001,67.83,67.83,67.83,67.83,0
DWS022,20091002,65.63,65.63,65.63,65.63,0
DWS022,20091005,65.89,65.89,65.89,65.89,0
DWS022,20091006,66.52,66.52,66.52,66.52,0
DWS022,20091007,66.03,66.03,66.03,66.03,0
DWS022,20091008,66.16,66.16,66.16,66.16,0
DWS022,20091009,66.44,66.44,66.44,66.44,0
DWS022,20091012,66.16,66.16,66.16,66.16,0
DWS022,20091013,65.96,65.96,65.96,65.96,0
DWS022,20091014,66.27,66.27,66.27,66.27,0
DWS022,20091015,66.44,66.44,66.44,66.44,0
DWS022,20091016,65.80,65.80,65.80,65.80,0
DWS022,20091019,65.81,65.81,65.81,65.81,0
DWS022,20091020,65.66,65.66,65.66,65.66,0
DWS022,20091021,65.55,65.55,65.55,65.55,0
DWS022,20091022,65.46,65.46,65.46,65.46,0
DWS022,20091023,66.04,66.04,66.04,66.04,0
DWS022,20091026,65.44,65.44,65.44,65.44,0
DWS022,20091027,64.92,64.92,64.92,64.92,0
DWS022,20091028,64.63,64.63,64.63,64.63,0
DWS022,20091029,64.56,64.56,64.56,64.56,0
DWS022,20091030,64.74,64.74,64.74,64.74,0
DWS022,20091102,63.97,63.97,63.97,63.97,0
DWS022,20091103,63.31,63.31,63.31,63.31,0
DWS022,20091104,63.77,63.77,63.77,63.77,0
DWS022,20091105,64.00,64.00,64.00,64.00,0
DWS022,20091106,63.83,63.83,63.83,63.83,0
DWS022,20091109,64.65,64.65,64.65,64.65,0
DWS022,20091110,64.32,64.32,64.32,64.32,0
DWS022,20091112,64.08,64.08,64.08,64.08,0
DWS022,20091113,63.53,63.53,63.53,63.53,0
DWS022,20091116,64.42,64.42,64.42,64.42,0
DWS022,20091117,64.50,64.50,64.50,64.50,0
DWS022,20091118,63.96,63.96,63.96,63.96,0
DWS022,20091119,63.18,63.18,63.18,63.18,0
DWS022,20091120,63.24,63.24,63.24,63.24,0
DWS022,20091123,64.00,64.00,64.00,64.00,0
DWS022,20091124,63.49,63.49,63.49,63.49,0
DWS022,20091125,63.23,63.23,63.23,63.23,0
DWS022,20091126,63.01,63.01,63.01,63.01,0
DWS022,20091127,62.72,62.72,62.72,62.72,0
DWS022,20091130,63.25,63.25,63.25,63.25,0
DWS022,20091201,64.07,64.07,64.07,64.07,0
DWS022,20091202,64.08,64.08,64.08,64.08,0
DWS022,20091203,64.19,64.19,64.19,64.19,0
DWS022,20091204,64.73,64.73,64.73,64.73,0
DWS022,20091207,64.57,64.57,64.57,64.57,0
DWS022,20091208,64.25,64.25,64.25,64.25,0
DWS022,20091209,63.96,63.96,63.96,63.96,0
DWS022,20091210,63.73,63.73,63.73,63.73,0
DWS022,20091211,63.99,63.99,63.99,63.99,0
DWS022,20091214,63.95,63.95,63.95,63.95,0
DWS022,20091215,63.95,63.95,63.95,63.95,0
DWS022,20091216,64.15,64.15,64.15,64.15,0
DWS022,20091217,64.22,64.22,64.22,64.22,0
DWS022,20091218,63.74,63.74,63.74,63.74,0
DWS022,20091221,63.73,63.73,63.73,63.73,0
DWS022,20091222,63.97,63.97,63.97,63.97,0
DWS022,20091223,63.92,63.92,63.92,63.92,0
DWS022,20091228,64.36,64.36,64.36,64.36,0
DWS022,20091229,65.38,65.38,65.38,65.38,0
DWS022,20091230,65.19,65.19,65.19,65.19,0
DWS022,20091231,65.04,65.04,65.04,65.04,0
DWS022,20100104,65.46,65.46,65.46,65.46,0
DWS022,20100105,65.77,65.77,65.77,65.77,0
DWS022,20100106,66.19,66.19,66.19,66.19,0
DWS022,20100107,66.01,66.01,66.01,66.01,0
DWS022,20100108,66.32,66.32,66.32,66.32,0
DWS022,20100111,66.48,66.48,66.48,66.48,0
DWS022,20100112,66.05,66.05,66.05,66.05,0
DWS022,20100113,66.24,66.24,66.24,66.24,0
DWS022,20100114,66.34,66.34,66.34,66.34,0
DWS022,20100115,66.36,66.36,66.36,66.36,0
DWS022,20100118,67.31,67.31,67.31,67.31,0
DWS022,20100119,67.55,67.55,67.55,67.55,0
DWS022,20100120,67.63,67.63,67.63,67.63,0
DWS022,20100121,67.48,67.48,67.48,67.48,0
DWS022,20100122,66.89,66.89,66.89,66.89,0
DWS022,20100125,66.81,66.81,66.81,66.81,0
DWS022,20100126,66.44,66.44,66.44,66.44,0
DWS022,20100127,66.42,66.42,66.42,66.42,0
DWS022,20100128,66.79,66.79,66.79,66.79,0
DWS022,20100129,67.26,67.26,67.26,67.26,0
DWS022,20100201,67.44,67.44,67.44,67.44,0
DWS022,20100202,67.53,67.53,67.53,67.53,0
DWS022,20100203,67.81,67.81,67.81,67.81,0
DWS022,20100204,66.48,66.48,66.48,66.48,0
DWS022,20100205,65.26,65.26,65.26,65.26,0
DWS022,20100208,65.34,65.34,65.34,65.34,0
DWS022,20100209,65.71,65.71,65.71,65.71,0
DWS022,20100210,65.72,65.72,65.72,65.72,0
DWS022,20100211,65.60,65.60,65.60,65.60,0
DWS022,20100212,66.36,66.36,66.36,66.36,0
DWS022,20100215,66.53,66.53,66.53,66.53,0
DWS022,20100216,66.46,66.46,66.46,66.46,0
DWS022,20100217,67.20,67.20,67.20,67.20,0
DWS022,20100218,67.01,67.01,67.01,67.01,0
DWS022,20100219,67.19,67.19,67.19,67.19,0
DWS022,20100222,67.55,67.55,67.55,67.55,0
DWS022,20100223,67.11,67.11,67.11,67.11,0
DWS022,20100224,67.26,67.26,67.26,67.26,0
DWS022,20100225,67.24,67.24,67.24,67.24,0
DWS022,20100226,67.77,67.77,67.77,67.77,0
DWS022,20100301,68.16,68.16,68.16,68.16,0
DWS022,20100302,69.23,69.23,69.23,69.23,0
DWS022,20100303,69.45,69.45,69.45,69.45,0
DWS022,20100304,69.51,69.51,69.51,69.51,0
DWS022,20100305,70.40,70.40,70.40,70.40,0
DWS022,20100308,70.90,70.90,70.90,70.90,0
DWS022,20100309,71.13,71.13,71.13,71.13,0
DWS022,20100310,72.35,72.35,72.35,72.35,0
DWS022,20100311,72.29,72.29,72.29,72.29,0
DWS022,20100312,72.95,72.95,72.95,72.95,0
DWS022,20100315,72.90,72.90,72.90,72.90,0
DWS022,20100316,73.58,73.58,73.58,73.58,0
DWS022,20100317,74.30,74.30,74.30,74.30,0
DWS022,20100318,74.08,74.08,74.08,74.08,0
DWS022,20100319,73.85,73.85,73.85,73.85,0
DWS022,20100322,73.66,73.66,73.66,73.66,0
DWS022,20100323,74.19,74.19,74.19,74.19,0
DWS022,20100324,74.30,74.30,74.30,74.30,0
DWS022,20100325,74.64,74.64,74.64,74.64,0
DWS022,20100326,74.90,74.90,74.90,74.90,0
DWS022,20100329,75.39,75.39,75.39,75.39,0
DWS022,20100330,75.18,75.18,75.18,75.18,0
DWS022,20100331,75.32,75.32,75.32,75.32,0
DWS022,20100401,75.86,75.86,75.86,75.86,0
DWS022,20100406,75.78,75.78,75.78,75.78,0
DWS022,20100407,75.30,75.30,75.30,75.30,0
DWS022,20100408,75.03,75.03,75.03,75.03,0
DWS022,20100409,75.37,75.37,75.37,75.37,0
DWS022,20100412,75.56,75.56,75.56,75.56,0
DWS022,20100413,75.80,75.80,75.80,75.80,0
DWS022,20100414,75.84,75.84,75.84,75.84,0
DWS022,20100415,75.56,75.56,75.56,75.56,0
DWS022,20100416,75.61,75.61,75.61,75.61,0
DWS022,20100419,74.02,74.02,74.02,74.02,0
DWS022,20100420,74.87,74.87,74.87,74.87,0
DWS022,20100421,74.98,74.98,74.98,74.98,0
DWS022,20100422,74.67,74.67,74.67,74.67,0
DWS022,20100423,75.08,75.08,75.08,75.08,0
DWS022,20100426,76.36,76.36,76.36,76.36,0
DWS022,20100427,76.08,76.08,76.08,76.08,0
DWS022,20100428,75.55,75.55,75.55,75.55,0
DWS022,20100429,76.37,76.37,76.37,76.37,0
DWS022,20100430,76.18,76.18,76.18,76.18,0
DWS022,20100504,74.94,74.94,74.94,74.94,0
DWS022,20100505,73.41,73.41,73.41,73.41,0
DWS022,20100506,73.02,73.02,73.02,73.02,0
DWS022,20100507,71.39,71.39,71.39,71.39,0
DWS022,20100510,73.93,73.93,73.93,73.93,0
DWS022,20100511,73.06,73.06,73.06,73.06,0
DWS022,20100512,73.90,73.90,73.90,73.90,0
DWS022,20100513,74.21,74.21,74.21,74.21,0
DWS022,20100514,73.16,73.16,73.16,73.16,0
DWS022,20100517,72.16,72.16,72.16,72.16,0
DWS022,20100518,72.84,72.84,72.84,72.84,0
DWS022,20100519,71.54,71.54,71.54,71.54,0
DWS022,20100520,70.02,70.02,70.02,70.02,0
DWS022,20100521,70.18,70.18,70.18,70.18,0
DWS022,20100524,70.26,70.26,70.26,70.26,0
DWS022,20100525,70.07,70.07,70.07,70.07,0
DWS022,20100526,71.60,71.60,71.60,71.60,0
DWS022,20100527,72.28,72.28,72.28,72.28,0
DWS022,20100528,72.46,72.46,72.46,72.46,0
DWS022,20100531,72.36,72.36,72.36,72.36,0
DWS022,20100601,72.21,72.21,72.21,72.21,0
DWS022,20100602,72.22,72.22,72.22,72.22,0
DWS022,20100604,71.54,71.54,71.54,71.54,0
DWS022,20100607,71.21,71.21,71.21,71.21,0
DWS022,20100608,71.28,71.28,71.28,71.28,0
DWS022,20100609,70.96,70.96,70.96,70.96,0
DWS022,20100610,71.69,71.69,71.69,71.69,0
DWS022,20100611,71.51,71.51,71.51,71.51,0
DWS022,20100614,71.68,71.68,71.68,71.68,0
DWS022,20100615,71.44,71.44,71.44,71.44,0
DWS022,20100616,71.66,71.66,71.66,71.66,0
DWS022,20100617,71.17,71.17,71.17,71.17,0
DWS022,20100618,70.91,70.91,70.91,70.91,0
DWS022,20100621,71.47,71.47,71.47,71.47,0
DWS022,20100622,71.15,71.15,71.15,71.15,0
DWS022,20100623,70.58,70.58,70.58,70.58,0
DWS022,20100624,70.64,70.64,70.64,70.64,0
DWS022,20100625,70.43,70.43,70.43,70.43,0
DWS022,20100628,70.15,70.15,70.15,70.15,0
DWS022,20100629,69.07,69.07,69.07,69.07,0
DWS022,20100630,68.84,68.84,68.84,68.84,0
DWS022,20100701,69.02,69.02,69.02,69.02,0
DWS022,20100702,69.42,69.42,69.42,69.42,0
DWS022,20100705,69.03,69.03,69.03,69.03,0
DWS022,20100706,70.18,70.18,70.18,70.18,0
DWS022,20100707,70.44,70.44,70.44,70.44,0
DWS022,20100708,71.10,71.10,71.10,71.10,0
DWS022,20100709,70.94,70.94,70.94,70.94,0
DWS022,20100712,71.31,71.31,71.31,71.31,0
DWS022,20100713,71.69,71.69,71.69,71.69,0
DWS022,20100714,71.69,71.69,71.69,71.69,0
DWS022,20100715,71.80,71.80,71.80,71.80,0
DWS022,20100716,71.73,71.73,71.73,71.73,0
DWS022,20100719,71.79,71.79,71.79,71.79,0
DWS022,20100720,71.64,71.64,71.64,71.64,0
DWS022,20100721,72.40,72.40,72.40,72.40,0
DWS022,20100722,72.54,72.54,72.54,72.54,0
DWS022,20100723,72.77,72.77,72.77,72.77,0
DWS022,20100726,72.77,72.77,72.77,72.77,0
DWS022,20100727,72.59,72.59,72.59,72.59,0
DWS022,20100728,72.45,72.45,72.45,72.45,0
DWS022,20100729,72.77,72.77,72.77,72.77,0
DWS022,20100730,72.32,72.32,72.32,72.32,0
DWS022,20100802,72.88,72.88,72.88,72.88,0
DWS022,20100803,72.95,72.95,72.95,72.95,0
DWS022,20100804,73.12,73.12,73.12,73.12,0
DWS022,20100805,73.06,73.06,73.06,73.06,0
DWS022,20100806,72.87,72.87,72.87,72.87,0
DWS022,20100809,72.71,72.71,72.71,72.71,0
DWS022,20100810,72.50,72.50,72.50,72.50,0
DWS022,20100811,72.05,72.05,72.05,72.05,0
DWS022,20100812,71.86,71.86,71.86,71.86,0
DWS022,20100813,71.97,71.97,71.97,71.97,0
DWS022,20100816,72.09,72.09,72.09,72.09,0
DWS022,20100817,72.29,72.29,72.29,72.29,0
DWS022,20100818,72.40,72.40,72.40,72.40,0
DWS022,20100819,72.03,72.03,72.03,72.03,0
DWS022,20100820,72.03,72.03,72.03,72.03,0
DWS022,20100823,72.41,72.41,72.41,72.41,0
DWS022,20100824,71.22,71.22,71.22,71.22,0
DWS022,20100825,71.10,71.10,71.10,71.10,0
DWS022,20100826,71.25,71.25,71.25,71.25,0
DWS022,20100827,71.90,71.90,71.90,71.90,0
DWS022,20100830,71.80,71.80,71.80,71.80,0
DWS022,20100831,71.53,71.53,71.53,71.53,0
DWS022,20100901,72.21,72.21,72.21,72.21,0
DWS022,20100902,72.64,72.64,72.64,72.64,0
DWS022,20100903,73.03,73.03,73.03,73.03,0
DWS022,20100906,73.00,73.00,73.00,73.00,0
DWS022,20100907,73.12,73.12,73.12,73.12,0
DWS022,20100908,73.56,73.56,73.56,73.56,0
DWS022,20100909,73.73,73.73,73.73,73.73,0
DWS022,20100910,73.50,73.50,73.50,73.50,0
DWS022,20100913,73.51,73.51,73.51,73.51,0
DWS022,20100914,73.23,73.23,73.23,73.23,0
DWS022,20100915,73.52,73.52,73.52,73.52,0
DWS022,20100916,73.77,73.77,73.77,73.77,0
DWS022,20100917,73.08,73.08,73.08,73.08,0
DWS022,20100920,72.71,72.71,72.71,72.71,0
DWS022,20100921,73.05,73.05,73.05,73.05,0
DWS022,20100922,73.05,73.05,73.05,73.05,0
DWS022,20100923,72.58,72.58,72.58,72.58,0
DWS022,20100924,73.46,73.46,73.46,73.46,0
DWS022,20100927,73.30,73.30,73.30,73.30,0
DWS022,20100928,72.85,72.85,72.85,72.85,0
DWS022,20100929,72.56,72.56,72.56,72.56,0
DWS022,20100930,72.88,72.88,72.88,72.88,0
DWS022,20101001,72.63,72.63,72.63,72.63,0
DWS022,20101004,72.65,72.65,72.65,72.65,0
DWS022,20101005,72.78,72.78,72.78,72.78,0
DWS022,20101006,72.64,72.64,72.64,72.64,0
DWS022,20101007,72.18,72.18,72.18,72.18,0
DWS022,20101008,71.78,71.78,71.78,71.78,0
DWS022,20101011,71.69,71.69,71.69,71.69,0
DWS022,20101012,71.43,71.43,71.43,71.43,0
DWS022,20101013,71.46,71.46,71.46,71.46,0
DWS022,20101014,71.59,71.59,71.59,71.59,0
DWS022,20101015,71.40,71.40,71.40,71.40,0
DWS022,20101018,71.15,71.15,71.15,71.15,0
DWS022,20101019,70.79,70.79,70.79,70.79,0
DWS022,20101020,70.75,70.75,70.75,70.75,0
DWS022,20101021,71.29,71.29,71.29,71.29,0
DWS022,20101022,70.84,70.84,70.84,70.84,0
DWS022,20101025,71.40,71.40,71.40,71.40,0
DWS022,20101026,71.68,71.68,71.68,71.68,0
DWS022,20101027,71.94,71.94,71.94,71.94,0
DWS022,20101028,71.77,71.77,71.77,71.77,0
DWS022,20101029,72.37,72.37,72.37,72.37,0
DWS022,20101102,72.58,72.58,72.58,72.58,0
DWS022,20101103,72.48,72.48,72.48,72.48,0
DWS022,20101104,72.74,72.74,72.74,72.74,0
DWS022,20101105,72.77,72.77,72.77,72.77,0
DWS022,20101108,72.78,72.78,72.78,72.78,0
DWS022,20101109,72.71,72.71,72.71,72.71,0
DWS022,20101110,72.83,72.83,72.83,72.83,0
DWS022,20101112,72.82,72.82,72.82,72.82,0
DWS022,20101115,72.98,72.98,72.98,72.98,0
DWS022,20101116,72.34,72.34,72.34,72.34,0
DWS022,20101117,72.16,72.16,72.16,72.16,0
DWS022,20101118,72.54,72.54,72.54,72.54,0
DWS022,20101119,71.88,71.88,71.88,71.88,0
DWS022,20101122,71.87,71.87,71.87,71.87,0
DWS022,20101123,71.36,71.36,71.36,71.36,0
DWS022,20101124,71.03,71.03,71.03,71.03,0
DWS022,20101125,71.20,71.20,71.20,71.20,0
DWS022,20101126,70.30,70.30,70.30,70.30,0
DWS022,20101129,70.11,70.11,70.11,70.11,0
DWS022,20101130,70.06,70.06,70.06,70.06,0
DWS022,20101201,70.86,70.86,70.86,70.86,0
DWS022,20101202,71.37,71.37,71.37,71.37,0
DWS022,20101203,71.86,71.86,71.86,71.86,0
DWS022,20101206,72.53,72.53,72.53,72.53,0
DWS022,20101207,72.51,72.51,72.51,72.51,0
DWS022,20101208,72.65,72.65,72.65,72.65,0
DWS022,20101209,72.84,72.84,72.84,72.84,0
DWS022,20101210,72.45,72.45,72.45,72.45,0
DWS022,20101213,72.42,72.42,72.42,72.42,0
DWS022,20101214,72.48,72.48,72.48,72.48,0
DWS022,20101215,72.83,72.83,72.83,72.83,0
DWS022,20101216,72.86,72.86,72.86,72.86,0
DWS022,20101217,72.78,72.78,72.78,72.78,0
DWS022,20101220,72.39,72.39,72.39,72.39,0
DWS022,20101221,72.51,72.51,72.51,72.51,0
DWS022,20101222,72.48,72.48,72.48,72.48,0
DWS022,20101223,72.51,72.51,72.51,72.51,0
DWS022,20101227,72.66,72.66,72.66,72.66,0
DWS022,20101228,72.24,72.24,72.24,72.24,0
DWS022,20101229,72.56,72.56,72.56,72.56,0
DWS022,20101230,72.74,72.74,72.74,72.74,0
DWS022,20101231,72.66,72.66,72.66,72.66,0
DWS022,20110103,73.25,73.25,73.25,73.25,0
DWS022,20110104,73.22,73.22,73.22,73.22,0
DWS022,20110105,72.76,72.76,72.76,72.76,0
DWS022,20110107,72.80,72.80,72.80,72.80,0
DWS022,20110110,72.41,72.41,72.41,72.41,0
DWS022,20110111,72.19,72.19,72.19,72.19,0
DWS022,20110112,72.68,72.68,72.68,72.68,0
DWS022,20110113,72.85,72.85,72.85,72.85,0
DWS022,20110114,72.61,72.61,72.61,72.61,0
DWS022,20110117,73.29,73.29,73.29,73.29,0
DWS022,20110118,73.59,73.59,73.59,73.59,0
DWS022,20110119,73.47,73.47,73.47,73.47,0
DWS022,20110120,73.17,73.17,73.17,73.17,0
DWS022,20110121,73.26,73.26,73.26,73.26,0
DWS022,20110124,73.00,73.00,73.00,73.00,0
DWS022,20110125,72.69,72.69,72.69,72.69,0
DWS022,20110126,72.96,72.96,72.96,72.96,0
DWS022,20110127,72.84,72.84,72.84,72.84,0
DWS022,20110128,72.69,72.69,72.69,72.69,0
DWS022,20110131,72.55,72.55,72.55,72.55,0
DWS022,20110201,72.79,72.79,72.79,72.79,0
DWS022,20110202,72.32,72.32,72.32,72.32,0
DWS022,20110203,72.61,72.61,72.61,72.61,0
DWS022,20110204,72.73,72.73,72.73,72.73,0
DWS022,20110207,72.88,72.88,72.88,72.88,0
DWS022,20110208,72.62,72.62,72.62,72.62,0
DWS022,20110209,72.50,72.50,72.50,72.50,0
DWS022,20110210,72.04,72.04,72.04,72.04,0
DWS022,20110211,72.30,72.30,72.30,72.30,0
DWS022,20110214,72.26,72.26,72.26,72.26,0
DWS022,20110215,72.55,72.55,72.55,72.55,0
DWS022,20110216,72.90,72.90,72.90,72.90,0
DWS022,20110217,72.68,72.68,72.68,72.68,0
DWS022,20110218,72.13,72.13,72.13,72.13,0
DWS022,20110221,71.77,71.77,71.77,71.77,0
DWS022,20110222,71.60,71.60,71.60,71.60,0
DWS022,20110223,71.89,71.89,71.89,71.89,0
DWS022,20110224,71.67,71.67,71.67,71.67,0
DWS022,20110225,71.78,71.78,71.78,71.78,0
DWS022,20110228,72.13,72.13,72.13,72.13,0
DWS022,20110301,71.99,71.99,71.99,71.99,0
DWS022,20110302,71.91,71.91,71.91,71.91,0
DWS022,20110303,71.97,71.97,71.97,71.97,0
DWS022,20110304,71.64,71.64,71.64,71.64,0
DWS022,20110307,71.73,71.73,71.73,71.73,0
DWS022,20110308,71.90,71.90,71.90,71.90,0
DWS022,20110309,71.72,71.72,71.72,71.72,0
DWS022,20110310,71.58,71.58,71.58,71.58,0
DWS022,20110311,71.24,71.24,71.24,71.24,0
DWS022,20110314,71.08,71.08,71.08,71.08,0
DWS022,20110315,70.58,70.58,70.58,70.58,0
DWS022,20110316,70.37,70.37,70.37,70.37,0
DWS022,20110317,70.65,70.65,70.65,70.65,0
DWS022,20110318,70.53,70.53,70.53,70.53,0
DWS022,20110321,70.94,70.94,70.94,70.94,0
DWS022,20110322,70.47,70.47,70.47,70.47,0
DWS022,20110323,70.33,70.33,70.33,70.33,0
DWS022,20110324,70.65,70.65,70.65,70.65,0
DWS022,20110325,71.45,71.45,71.45,71.45,0
DWS022,20110328,71.45,71.45,71.45,71.45,0
DWS022,20110329,71.46,71.46,71.46,71.46,0
DWS022,20110330,71.11,71.11,71.11,71.11,0
DWS022,20110331,71.37,71.37,71.37,71.37,0
DWS022,20110401,71.16,71.16,71.16,71.16,0
DWS022,20110404,70.80,70.80,70.80,70.80,0
DWS022,20110405,71.44,71.44,71.44,71.44,0
DWS022,20110406,71.47,71.47,71.47,71.47,0
DWS022,20110407,71.76,71.76,71.76,71.76,0
DWS022,20110408,71.25,71.25,71.25,71.25,0
DWS022,20110411,71.14,71.14,71.14,71.14,0
DWS022,20110412,70.93,70.93,70.93,70.93,0
DWS022,20110413,71.20,71.20,71.20,71.20,0
DWS022,20110414,70.84,70.84,70.84,70.84,0
DWS022,20110415,70.65,70.65,70.65,70.65,0
DWS022,20110418,70.09,70.09,70.09,70.09,0
DWS022,20110419,70.39,70.39,70.39,70.39,0
DWS022,20110420,70.59,70.59,70.59,70.59,0
DWS022,20110421,70.33,70.33,70.33,70.33,0
DWS022,20110426,70.32,70.32,70.32,70.32,0
DWS022,20110427,70.10,70.10,70.10,70.10,0
DWS022,20110428,70.21,70.21,70.21,70.21,0
DWS022,20110429,70.14,70.14,70.14,70.14,0
DWS022,20110502,70.70,70.70,70.70,70.70,0
DWS022,20110504,70.30,70.30,70.30,70.30,0
DWS022,20110505,70.08,70.08,70.08,70.08,0
DWS022,20110506,69.93,69.93,69.93,69.93,0
DWS022,20110509,69.12,69.12,69.12,69.12,0
DWS022,20110510,69.34,69.34,69.34,69.34,0
DWS022,20110511,69.19,69.19,69.19,69.19,0
DWS022,20110512,68.42,68.42,68.42,68.42,0
DWS022,20110513,68.38,68.38,68.38,68.38,0
DWS022,20110516,68.18,68.18,68.18,68.18,0
DWS022,20110517,66.90,66.90,66.90,66.90,0
DWS022,20110518,66.52,66.52,66.52,66.52,0
DWS022,20110519,66.93,66.93,66.93,66.93,0
DWS022,20110520,66.98,66.98,66.98,66.98,0
DWS022,20110523,66.13,66.13,66.13,66.13,0
DWS022,20110524,66.10,66.10,66.10,66.10,0
DWS022,20110525,66.14,66.14,66.14,66.14,0
DWS022,20110526,66.51,66.51,66.51,66.51,0
DWS022,20110527,66.68,66.68,66.68,66.68,0
DWS022,20110530,66.70,66.70,66.70,66.70,0
DWS022,20110531,67.14,67.14,67.14,67.14,0
DWS022,20110601,67.03,67.03,67.03,67.03,0
DWS022,20110602,66.83,66.83,66.83,66.83,0
DWS022,20110603,66.66,66.66,66.66,66.66,0
DWS022,20110606,66.48,66.48,66.48,66.48,0
DWS022,20110607,66.75,66.75,66.75,66.75,0
DWS022,20110608,66.38,66.38,66.38,66.38,0
DWS022,20110609,67.04,67.04,67.04,67.04,0
DWS022,20110610,66.74,66.74,66.74,66.74,0
DWS022,20110613,66.50,66.50,66.50,66.50,0
DWS022,20110614,66.55,66.55,66.55,66.55,0
DWS022,20110615,66.06,66.06,66.06,66.06,0
DWS022,20110616,65.84,65.84,65.84,65.84,0
DWS022,20110617,66.14,66.14,66.14,66.14,0
DWS022,20110620,65.58,65.58,65.58,65.58,0
DWS022,20110621,64.87,64.87,64.87,64.87,0
DWS022,20110622,64.90,64.90,64.90,64.90,0
DWS022,20110624,65.11,65.11,65.11,65.11,0
DWS022,20110627,64.25,64.25,64.25,64.25,0
DWS022,20110628,64.02,64.02,64.02,64.02,0
DWS022,20110629,64.40,64.40,64.40,64.40,0
DWS022,20110630,65.17,65.17,65.17,65.17,0
DWS022,20110701,65.16,65.16,65.16,65.16,0
DWS022,20110704,65.04,65.04,65.04,65.04,0
DWS022,20110705,65.21,65.21,65.21,65.21,0
DWS022,20110706,64.58,64.58,64.58,64.58,0
DWS022,20110707,65.10,65.10,65.10,65.10,0
DWS022,20110708,64.81,64.81,64.81,64.81,0
DWS022,20110711,64.02,64.02,64.02,64.02,0
DWS022,20110712,63.42,63.42,63.42,63.42,0
DWS022,20110713,63.51,63.51,63.51,63.51,0
DWS022,20110714,63.09,63.09,63.09,63.09,0
DWS022,20110715,62.69,62.69,62.69,62.69,0
DWS022,20110718,61.67,61.67,61.67,61.67,0
DWS022,20110719,60.65,60.65,60.65,60.65,0
DWS022,20110720,60.96,60.96,60.96,60.96,0
DWS022,20110721,61.20,61.20,61.20,61.20,0
DWS022,20110722,61.26,61.26,61.26,61.26,0
DWS022,20110725,60.88,60.88,60.88,60.88,0
DWS022,20110726,60.72,60.72,60.72,60.72,0
DWS022,20110727,60.03,60.03,60.03,60.03,0
DWS022,20110728,60.35,60.35,60.35,60.35,0
DWS022,20110729,60.22,60.22,60.22,60.22,0
DWS022,20110801,59.69,59.69,59.69,59.69,0
DWS022,20110802,59.27,59.27,59.27,59.27,0
DWS022,20110803,56.80,56.80,56.80,56.80,0
DWS022,20110804,54.55,54.55,54.55,54.55,0
DWS022,20110805,53.23,53.23,53.23,53.23,0
DWS022,20110808,50.72,50.72,50.72,50.72,0
DWS022,20110809,48.23,48.23,48.23,48.23,0
DWS022,20110810,47.31,47.31,47.31,47.31,0
DWS022,20110811,47.73,47.73,47.73,47.73,0
DWS022,20110812,49.60,49.60,49.60,49.60,0
DWS022,20110816,51.65,51.65,51.65,51.65,0
DWS022,20110817,52.95,52.95,52.95,52.95,0
DWS022,20110818,49.28,49.28,49.28,49.28,0
DWS022,20110819,49.35,49.35,49.35,49.35,0
DWS022,20110822,50.04,50.04,50.04,50.04,0
DWS022,20110823,50.44,50.44,50.44,50.44,0
DWS022,20110824,50.08,50.08,50.08,50.08,0
DWS022,20110825,50.42,50.42,50.42,50.42,0
DWS022,20110826,50.41,50.41,50.41,50.41,0
DWS022,20110829,51.65,51.65,51.65,51.65,0
DWS022,20110830,52.21,52.21,52.21,52.21,0
DWS022,20110831,53.08,53.08,53.08,53.08,0
DWS022,20110901,52.28,52.28,52.28,52.28,0
DWS022,20110902,50.95,50.95,50.95,50.95,0
DWS022,20110905,49.27,49.27,49.27,49.27,0
DWS022,20110906,49.01,49.01,49.01,49.01,0
DWS022,20110907,50.27,50.27,50.27,50.27,0
DWS022,20110908,50.30,50.30,50.30,50.30,0
DWS022,20110909,48.74,48.74,48.74,48.74,0
DWS022,20110912,47.13,47.13,47.13,47.13,0
DWS022,20110913,47.40,47.40,47.40,47.40,0
DWS022,20110914,47.17,47.17,47.17,47.17,0
DWS022,20110915,47.89,47.89,47.89,47.89,0
DWS022,20110916,48.39,48.39,48.39,48.39,0
DWS022,20110919,48.19,48.19,48.19,48.19,0
DWS022,20110920,47.92,47.92,47.92,47.92,0
DWS022,20110921,48.04,48.04,48.04,48.04,0
DWS022,20110922,46.66,46.66,46.66,46.66,0
DWS022,20110923,46.00,46.00,46.00,46.00,0
DWS022,20110926,46.31,46.31,46.31,46.31,0
DWS022,20110927,46.89,46.89,46.89,46.89,0
DWS022,20110928,46.68,46.68,46.68,46.68,0
DWS022,20110929,47.65,47.65,47.65,47.65,0
DWS022,20110930,48.38,48.38,48.38,48.38,0
DWS022,20111003,47.69,47.69,47.69,47.69,0
DWS022,20111004,46.95,46.95,46.95,46.95,0
DWS022,20111005,47.38,47.38,47.38,47.38,0
DWS022,20111006,47.50,47.50,47.50,47.50,0
DWS022,20111007,47.81,47.81,47.81,47.81,0
DWS022,20111010,48.62,48.62,48.62,48.62,0
DWS022,20111011,48.73,48.73,48.73,48.73,0
DWS022,20111012,49.64,49.64,49.64,49.64,0
DWS022,20111013,49.15,49.15,49.15,49.15,0
DWS022,20111014,49.33,49.33,49.33,49.33,0
DWS022,20111017,48.83,48.83,48.83,48.83,0
DWS022,20111018,48.84,48.84,48.84,48.84,0
DWS022,20111019,49.44,49.44,49.44,49.44,0
DWS022,20111020,48.72,48.72,48.72,48.72,0
DWS022,20111021,49.74,49.74,49.74,49.74,0
DWS022,20111024,50.20,50.20,50.20,50.20,0
DWS022,20111025,49.87,49.87,49.87,49.87,0
DWS022,20111026,50.34,50.34,50.34,50.34,0
DWS022,20111027,51.16,51.16,51.16,51.16,0
DWS022,20111028,51.18,51.18,51.18,51.18,0
DWS022,20111031,51.20,51.20,51.20,51.20,0
DWS022,20111102,50.64,50.64,50.64,50.64,0
DWS022,20111103,50.99,50.99,50.99,50.99,0
DWS022,20111104,51.26,51.26,51.26,51.26,0
DWS022,20111107,51.52,51.52,51.52,51.52,0
DWS022,20111108,51.90,51.90,51.90,51.90,0
DWS022,20111109,51.19,51.19,51.19,51.19,0
DWS022,20111110,50.93,50.93,50.93,50.93,0
DWS022,20111114,51.16,51.16,51.16,51.16,0
DWS022,20111115,50.86,50.86,50.86,50.86,0
DWS022,20111116,50.82,50.82,50.82,50.82,0
DWS022,20111117,50.69,50.69,50.69,50.69,0
DWS022,20111118,50.32,50.32,50.32,50.32,0
DWS022,20111121,49.74,49.74,49.74,49.74,0
DWS022,20111122,49.43,49.43,49.43,49.43,0
DWS022,20111123,49.02,49.02,49.02,49.02,0
DWS022,20111124,48.78,48.78,48.78,48.78,0
DWS022,20111125,48.88,48.88,48.88,48.88,0
DWS022,20111128,49.05,49.05,49.05,49.05,0
DWS022,20111129,48.94,48.94,48.94,48.94,0
DWS022,20111130,49.41,49.41,49.41,49.41,0
DWS022,20111201,49.36,49.36,49.36,49.36,0
DWS022,20111202,49.33,49.33,49.33,49.33,0
DWS022,20111205,49.25,49.25,49.25,49.25,0
DWS022,20111206,48.58,48.58,48.58,48.58,0
DWS022,20111207,48.57,48.57,48.57,48.57,0
DWS022,20111208,48.30,48.30,48.30,48.30,0
DWS022,20111209,48.32,48.32,48.32,48.32,0
DWS022,20111212,48.18,48.18,48.18,48.18,0
DWS022,20111213,47.82,47.82,47.82,47.82,0
DWS022,20111214,48.29,48.29,48.29,48.29,0
DWS022,20111215,48.07,48.07,48.07,48.07,0
DWS022,20111216,47.74,47.74,47.74,47.74,0
DWS022,20111219,47.50,47.50,47.50,47.50,0
DWS022,20111220,47.84,47.84,47.84,47.84,0
DWS022,20111221,48.10,48.10,48.10,48.10,0
DWS022,20111222,48.16,48.16,48.16,48.16,0
DWS022,20111223,48.53,48.53,48.53,48.53,0
DWS022,20111227,48.33,48.33,48.33,48.33,0
DWS022,20111228,48.26,48.26,48.26,48.26,0
DWS022,20111229,48.68,48.68,48.68,48.68,0
DWS022,20111230,48.85,48.85,48.85,48.85,0
DWS022,20120102,49.01,49.01,49.01,49.01,0
DWS022,20120103,49.35,49.35,49.35,49.35,0
DWS022,20120104,48.99,48.99,48.99,48.99,0
DWS022,20120105,48.95,48.95,48.95,48.95,0
DWS022,20120109,48.77,48.77,48.77,48.77,0
DWS022,20120110,49.02,49.02,49.02,49.02,0
DWS022,20120111,49.12,49.12,49.12,49.12,0
DWS022,20120112,49.59,49.59,49.59,49.59,0
DWS022,20120113,49.39,49.39,49.39,49.39,0
DWS022,20120116,49.40,49.40,49.40,49.40,0
DWS022,20120117,49.61,49.61,49.61,49.61,0
DWS022,20120118,49.49,49.49,49.49,49.49,0
DWS022,20120119,49.50,49.50,49.50,49.50,0
DWS022,20120120,49.79,49.79,49.79,49.79,0
DWS022,20120123,50.29,50.29,50.29,50.29,0
DWS022,20120124,50.35,50.35,50.35,50.35,0
DWS022,20120125,50.42,50.42,50.42,50.42,0
DWS022,20120126,51.35,51.35,51.35,51.35,0
DWS022,20120127,51.53,51.53,51.53,51.53,0
DWS022,20120130,51.80,51.80,51.80,51.80,0
DWS022,20120131,52.04,52.04,52.04,52.04,0
DWS022,20120201,52.93,52.93,52.93,52.93,0
DWS022,20120202,52.84,52.84,52.84,52.84,0
DWS022,20120203,53.13,53.13,53.13,53.13,0
DWS022,20120206,54.09,54.09,54.09,54.09,0
DWS022,20120207,54.45,54.45,54.45,54.45,0
DWS022,20120208,54.86,54.86,54.86,54.86,0
DWS022,20120209,54.61,54.61,54.61,54.61,0
DWS022,20120210,54.26,54.26,54.26,54.26,0
DWS022,20120213,54.69,54.69,54.69,54.69,0
DWS022,20120214,54.55,54.55,54.55,54.55,0
DWS022,20120215,55.00,55.00,55.00,55.00,0
DWS022,20120216,55.27,55.27,55.27,55.27,0
DWS022,20120217,55.90,55.90,55.90,55.90,0
DWS022,20120220,56.05,56.05,56.05,56.05,0
DWS022,20120221,56.23,56.23,56.23,56.23,0
DWS022,20120222,55.74,55.74,55.74,55.74,0
DWS022,20120223,55.79,55.79,55.79,55.79,0
DWS022,20120224,55.75,55.75,55.75,55.75,0
DWS022,20120227,55.68,55.68,55.68,55.68,0
DWS022,20120228,55.63,55.63,55.63,55.63,0
DWS022,20120229,55.83,55.83,55.83,55.83,0
DWS022,20120301,55.50,55.50,55.50,55.50,0
DWS022,20120302,55.49,55.49,55.49,55.49,0
DWS022,20120305,55.00,55.00,55.00,55.00,0
DWS022,20120306,54.52,54.52,54.52,54.52,0
DWS022,20120307,55.11,55.11,55.11,55.11,0
DWS022,20120308,55.53,55.53,55.53,55.53,0
DWS022,20120309,55.51,55.51,55.51,55.51,0
DWS022,20120312,55.25,55.25,55.25,55.25,0
DWS022,20120313,55.68,55.68,55.68,55.68,0
DWS022,20120314,56.10,56.10,56.10,56.10,0
DWS022,20120315,56.46,56.46,56.46,56.46,0
DWS022,20120316,56.64,56.64,56.64,56.64,0
DWS022,20120319,56.25,56.25,56.25,56.25,0
DWS022,20120320,56.18,56.18,56.18,56.18,0
DWS022,20120321,56.13,56.13,56.13,56.13,0
DWS022,20120322,55.75,55.75,55.75,55.75,0
DWS022,20120323,56.03,56.03,56.03,56.03,0
DWS022,20120326,56.25,56.25,56.25,56.25,0
DWS022,20120327,56.31,56.31,56.31,56.31,0
DWS022,20120328,55.94,55.94,55.94,55.94,0
DWS022,20120329,55.41,55.41,55.41,55.41,0
DWS022,20120330,55.47,55.47,55.47,55.47,0
DWS022,20120402,55.68,55.68,55.68,55.68,0
DWS022,20120403,55.66,55.66,55.66,55.66,0
DWS022,20120404,55.16,55.16,55.16,55.16,0
DWS022,20120405,55.21,55.21,55.21,55.21,0
DWS022,20120410,54.68,54.68,54.68,54.68,0
DWS022,20120411,54.75,54.75,54.75,54.75,0
DWS022,20120412,55.27,55.27,55.27,55.27,0
DWS022,20120413,55.22,55.22,55.22,55.22,0
DWS022,20120416,55.00,55.00,55.00,55.00,0
DWS022,20120417,55.20,55.20,55.20,55.20,0
DWS022,20120418,55.08,55.08,55.08,55.08,0
DWS022,20120419,55.24,55.24,55.24,55.24,0
DWS022,20120420,55.01,55.01,55.01,55.01,0
DWS022,20120423,53.92,53.92,53.92,53.92,0
DWS022,20120424,53.48,53.48,53.48,53.48,0
DWS022,20120425,53.65,53.65,53.65,53.65,0
DWS022,20120426,53.90,53.90,53.90,53.90,0
DWS022,20120427,54.03,54.03,54.03,54.03,0
DWS022,20120430,54.65,54.65,54.65,54.65,0
DWS022,20120502,54.82,54.82,54.82,54.82,0
DWS022,20120504,54.61,54.61,54.61,54.61,0
DWS022,20120507,54.46,54.46,54.46,54.46,0
DWS022,20120508,54.42,54.42,54.42,54.42,0
DWS022,20120509,53.75,53.75,53.75,53.75,0
DWS022,20120510,53.70,53.70,53.70,53.70,0
DWS022,20120511,53.65,53.65,53.65,53.65,0
DWS022,20120514,53.08,53.08,53.08,53.08,0
DWS022,20120515,52.51,52.51,52.51,52.51,0
DWS022,20120516,52.26,52.26,52.26,52.26,0
DWS022,20120517,51.70,51.70,51.70,51.70,0
DWS022,20120518,51.57,51.57,51.57,51.57,0
DWS022,20120521,51.55,51.55,51.55,51.55,0
DWS022,20120522,51.43,51.43,51.43,51.43,0
DWS022,20120523,50.78,50.78,50.78,50.78,0
DWS022,20120524,50.50,50.50,50.50,50.50,0
DWS022,20120525,50.75,50.75,50.75,50.75,0
DWS022,20120528,50.67,50.67,50.67,50.67,0
DWS022,20120529,50.62,50.62,50.62,50.62,0
DWS022,20120530,50.91,50.91,50.91,50.91,0
DWS022,20120531,51.20,51.20,51.20,51.20,0
DWS022,20120601,50.66,50.66,50.66,50.66,0
DWS022,20120604,50.42,50.42,50.42,50.42,0
DWS022,20120605,50.08,50.08,50.08,50.08,0
DWS022,20120606,50.48,50.48,50.48,50.48,0
DWS022,20120608,50.95,50.95,50.95,50.95,0
DWS022,20120611,51.21,51.21,51.21,51.21,0
DWS022,20120612,51.56,51.56,51.56,51.56,0
DWS022,20120613,51.35,51.35,51.35,51.35,0
DWS022,20120614,51.02,51.02,51.02,51.02,0
DWS022,20120615,51.52,51.52,51.52,51.52,0
DWS022,20120618,51.19,51.19,51.19,51.19,0
DWS022,20120619,51.85,51.85,51.85,51.85,0
DWS022,20120620,51.87,51.87,51.87,51.87,0
DWS022,20120621,51.71,51.71,51.71,51.71,0
DWS022,20120622,51.97,51.97,51.97,51.97,0
DWS022,20120625,51.92,51.92,51.92,51.92,0
DWS022,20120626,51.73,51.73,51.73,51.73,0
DWS022,20120627,52.01,52.01,52.01,52.01,0
DWS022,20120628,51.55,51.55,51.55,51.55,0
DWS022,20120629,51.80,51.80,51.80,51.80,0
DWS022,20120702,51.22,51.22,51.22,51.22,0
DWS022,20120703,51.35,51.35,51.35,51.35,0
DWS022,20120704,50.84,50.84,50.84,50.84,0
DWS022,20120705,51.06,51.06,51.06,51.06,0
DWS022,20120706,51.23,51.23,51.23,51.23,0
DWS022,20120709,50.86,50.86,50.86,50.86,0
DWS022,20120710,50.91,50.91,50.91,50.91,0
DWS022,20120711,50.37,50.37,50.37,50.37,0
DWS022,20120712,50.41,50.41,50.41,50.41,0
DWS022,20120713,50.51,50.51,50.51,50.51,0
DWS022,20120716,50.36,50.36,50.36,50.36,0
DWS022,20120717,50.21,50.21,50.21,50.21,0
DWS022,20120718,50.21,50.21,50.21,50.21,0
DWS022,20120719,50.27,50.27,50.27,50.27,0
DWS022,20120720,49.94,49.94,49.94,49.94,0
DWS022,20120723,48.67,48.67,48.67,48.67,0
DWS022,20120724,48.82,48.82,48.82,48.82,0
DWS022,20120725,48.67,48.67,48.67,48.67,0
DWS022,20120726,48.11,48.11,48.11,48.11,0
DWS022,20120727,48.81,48.81,48.81,48.81,0
DWS022,20120730,49.07,49.07,49.07,49.07,0
DWS022,20120731,48.70,48.70,48.70,48.70,0
DWS022,20120801,48.87,48.87,48.87,48.87,0
DWS022,20120802,48.55,48.55,48.55,48.55,0
DWS022,20120803,48.71,48.71,48.71,48.71,0
DWS022,20120806,49.13,49.13,49.13,49.13,0
DWS022,20120807,48.86,48.86,48.86,48.86,0
DWS022,20120808,48.72,48.72,48.72,48.72,0
DWS022,20120809,48.99,48.99,48.99,48.99,0
DWS022,20120810,49.22,49.22,49.22,49.22,0
DWS022,20120813,48.93,48.93,48.93,48.93,0
DWS022,20120814,49.06,49.06,49.06,49.06,0
DWS022,20120816,48.98,48.98,48.98,48.98,0
DWS022,20120817,49.03,49.03,49.03,49.03,0
DWS022,20120820,49.01,49.01,49.01,49.01,0
DWS022,20120821,49.10,49.10,49.10,49.10,0
DWS022,20120822,49.07,49.07,49.07,49.07,0
DWS022,20120823,49.14,49.14,49.14,49.14,0
DWS022,20120824,49.57,49.57,49.57,49.57,0
DWS022,20120827,49.90,49.90,49.90,49.90,0
DWS022,20120828,49.75,49.75,49.75,49.75,0
DWS022,20120829,49.77,49.77,49.77,49.77,0
DWS022,20120830,49.72,49.72,49.72,49.72,0
DWS022,20120831,49.91,49.91,49.91,49.91,0
DWS022,20120903,50.03,50.03,50.03,50.03,0
DWS022,20120904,49.72,49.72,49.72,49.72,0
DWS022,20120905,49.48,49.48,49.48,49.48,0
DWS022,20120906,49.62,49.62,49.62,49.62,0
DWS022,20120907,50.35,50.35,50.35,50.35,0
DWS022,20120910,50.65,50.65,50.65,50.65,0
DWS022,20120911,50.55,50.55,50.55,50.55,0
DWS022,20120912,51.20,51.20,51.20,51.20,0
DWS022,20120913,51.34,51.34,51.34,51.34,0
DWS022,20121119,52.31,52.31,52.31,52.31,0
DWS022,20121120,52.47,52.47,52.47,52.47,0
DWS022,20121121,52.21,52.21,52.21,52.21,0
DWS022,20121122,52.30,52.30,52.30,52.30,0
DWS022,20121123,52.13,52.13,52.13,52.13,0
DWS022,20121126,52.39,52.39,52.39,52.39,0
DWS022,20121127,52.78,52.78,52.78,52.78,0
DWS022,20121128,52.97,52.97,52.97,52.97,0
DWS022,20121129,53.19,53.19,53.19,53.19,0
DWS022,20121130,53.98,53.98,53.98,53.98,0
DWS022,20121203,54.24,54.24,54.24,54.24,0
DWS022,20121204,53.98,53.98,53.98,53.98,0
DWS022,20121205,54.32,54.32,54.32,54.32,0
DWS022,20121206,54.55,54.55,54.55,54.55,0
DWS022,20121207,55.22,55.22,55.22,55.22,0
DWS022,20121210,55.82,55.82,55.82,55.82,0
DWS022,20121211,55.96,55.96,55.96,55.96,0
DWS022,20121212,55.90,55.90,55.90,55.90,0
DWS022,20121213,56.02,56.02,56.02,56.02,0
DWS022,20121214,56.20,56.20,56.20,56.20,0
DWS022,20121217,55.70,55.70,55.70,55.70,0
DWS022,20121218,55.90,55.90,55.90,55.90,0
DWS022,20121219,56.57,56.57,56.57,56.57,0
DWS022,20121220,56.19,56.19,56.19,56.19,0
DWS022,20121221,55.79,55.79,55.79,55.79,0
DWS022,20121227,56.22,56.22,56.22,56.22,0
DWS022,20121228,56.40,56.40,56.40,56.40,0
DWS022,20130102,56.66,56.66,56.66,56.66,0
DWS022,20130103,57.02,57.02,57.02,57.02,0
DWS022,20130104,56.92,56.92,56.92,56.92,0
DWS022,20130107,56.77,56.77,56.77,56.77,0
DWS022,20130108,56.80,56.80,56.80,56.80,0
DWS022,20130109,56.89,56.89,56.89,56.89,0
DWS022,20130110,56.84,56.84,56.84,56.84,0
DWS022,20130111,57.12,57.12,57.12,57.12,0
DWS022,20130114,56.52,56.52,56.52,56.52,0
DWS022,20130115,56.27,56.27,56.27,56.27,0
DWS022,20130116,56.45,56.45,56.45,56.45,0
DWS022,20130117,56.90,56.90,56.90,56.90,0
DWS022,20130118,57.36,57.36,57.36,57.36,0
DWS022,20130121,57.40,57.40,57.40,57.40,0
DWS022,20130122,57.45,57.45,57.45,57.45,0
DWS022,20130123,57.69,57.69,57.69,57.69,0
DWS022,20130124,57.48,57.48,57.48,57.48,0
DWS022,20130125,57.87,57.87,57.87,57.87,0
DWS022,20130128,57.60,57.60,57.60,57.60,0
DWS022,20130129,57.08,57.08,57.08,57.08,0
DWS022,20130130,56.82,56.82,56.82,56.82,0
DWS022,20130131,57.09,57.09,57.09,57.09,0
DWS022,20130201,57.11,57.11,57.11,57.11,0
DWS022,20130204,56.76,56.76,56.76,56.76,0
DWS022,20130205,56.20,56.20,56.20,56.20,0
DWS022,20130206,55.72,55.72,55.72,55.72,0
DWS022,20130207,55.63,55.63,55.63,55.63,0
DWS022,20130208,55.69,55.69,55.69,55.69,0
DWS022,20130211,55.92,55.92,55.92,55.92,0
DWS022,20130212,56.36,56.36,56.36,56.36,0
DWS022,20130213,56.36,56.36,56.36,56.36,0
DWS022,20130214,56.41,56.41,56.41,56.41,0
DWS022,20130215,57.02,57.02,57.02,57.02,0
DWS022,20130218,56.84,56.84,56.84,56.84,0
DWS022,20130219,56.70,56.70,56.70,56.70,0
DWS022,20130220,56.22,56.22,56.22,56.22,0
DWS022,20130221,55.71,55.71,55.71,55.71,0
DWS022,20130222,56.08,56.08,56.08,56.08,0
DWS022,20130225,56.27,56.27,56.27,56.27,0
DWS022,20130226,56.07,56.07,56.07,56.07,0
DWS022,20130227,56.04,56.04,56.04,56.04,0
DWS022,20130228,56.10,56.10,56.10,56.10,0
DWS022,20130301,55.97,55.97,55.97,55.97,0
DWS022,20130304,55.65,55.65,55.65,55.65,0
DWS022,20130305,55.79,55.79,55.79,55.79,0
DWS022,20130306,55.42,55.42,55.42,55.42,0
DWS022,20130307,55.50,55.50,55.50,55.50,0
DWS022,20130308,55.90,55.90,55.90,55.90,0
DWS022,20130311,55.95,55.95,55.95,55.95,0
DWS022,20130312,55.80,55.80,55.80,55.80,0
DWS022,20130313,55.69,55.69,55.69,55.69,0
DWS022,20130314,55.97,55.97,55.97,55.97,0
DWS022,20130315,56.27,56.27,56.27,56.27,0
DWS022,20130318,55.89,55.89,55.89,55.89,0
DWS022,20130319,55.45,55.45,55.45,55.45,0
DWS022,20130320,55.40,55.40,55.40,55.40,0
DWS022,20130321,55.06,55.06,55.06,55.06,0
DWS022,20130322,54.83,54.83,54.83,54.83,0
DWS022,20130325,54.05,54.05,54.05,54.05,0
DWS022,20130326,54.47,54.47,54.47,54.47,0
DWS022,20130327,54.37,54.37,54.37,54.37,0
DWS022,20130328,54.40,54.40,54.40,54.40,0
DWS022,20130402,54.85,54.85,54.85,54.85,0
DWS022,20130403,54.34,54.34,54.34,54.34,0
DWS022,20130404,54.54,54.54,54.54,54.54,0
DWS022,20130405,54.17,54.17,54.17,54.17,0
DWS022,20130408,54.01,54.01,54.01,54.01,0
DWS022,20130409,53.85,53.85,53.85,53.85,0
DWS022,20130410,54.30,54.30,54.30,54.30,0
DWS022,20130411,54.72,54.72,54.72,54.72,0
DWS022,20130412,54.42,54.42,54.42,54.42,0
DWS022,20130415,54.50,54.50,54.50,54.50,0
DWS022,20130417,53.99,53.99,53.99,53.99,0
DWS022,20130418,53.30,53.30,53.30,53.30,0
DWS022,20130419,53.01,53.01,53.01,53.01,0
DWS022,20130422,52.70,52.70,52.70,52.70,0
DWS022,20130423,52.38,52.38,52.38,52.38,0
DWS022,20130424,52.52,52.52,52.52,52.52,0
DWS022,20130425,52.87,52.87,52.87,52.87,0
DWS022,20130426,52.80,52.80,52.80,52.80,0
DWS022,20130429,53.43,53.43,53.43,53.43,0
DWS022,20130502,53.39,53.39,53.39,53.39,0
DWS022,20130506,53.92,53.92,53.92,53.92,0
DWS022,20130507,53.94,53.94,53.94,53.94,0
DWS022,20130508,54.51,54.51,54.51,54.51,0
DWS022,20130509,54.80,54.80,54.80,54.80,0
DWS022,20130510,54.64,54.64,54.64,54.64,0
DWS022,20130513,54.61,54.61,54.61,54.61,0
DWS022,20130514,54.61,54.61,54.61,54.61,0
DWS022,20130515,54.61,54.61,54.61,54.61,0
DWS022,20130516,54.81,54.81,54.81,54.81,0
DWS022,20130520,55.13,55.13,55.13,55.13,0
DWS022,20130521,55.74,55.74,55.74,55.74,0
DWS022,20130522,55.92,55.92,55.92,55.92,0
DWS022,20130523,55.37,55.37,55.37,55.37,0
DWS022,20130524,56.05,56.05,56.05,56.05,0
DWS022,20130527,56.55,56.55,56.55,56.55,0
DWS022,20130529,56.84,56.84,56.84,56.84,0
DWS022,20130531,56.76,56.76,56.76,56.76,0
DWS022,20130603,56.04,56.04,56.04,56.04,0
DWS022,20130605,56.18,56.18,56.18,56.18,0
DWS022,20130606,55.78,55.78,55.78,55.78,0
DWS022,20130704,52.92,52.92,52.92,52.92,0
DWS022,20130719,54.90,54.90,54.90,54.90,0
DWS022,20130722,54.16,54.16,54.16,54.16,0
DWS022,20130723,54.98,54.98,54.98,54.98,0
DWS022,20130724,55.20,55.20,55.20,55.20,0
DWS022,20130725,55.14,55.14,55.14,55.14,0
DWS022,20130726,55.32,55.32,55.32,55.32,0
DWS022,20130729,55.71,55.71,55.71,55.71,0
DWS022,20130730,55.67,55.67,55.67,55.67,0
DWS022,20130731,55.62,55.62,55.62,55.62,0
DWS022,20130801,56.34,56.34,56.34,56.34,0
DWS022,20130802,56.79,56.79,56.79,56.79,0
DWS022,20130805,57.14,57.14,57.14,57.14,0
DWS022,20130806,57.37,57.37,57.37,57.37,0
DWS022,20130807,57.16,57.16,57.16,57.16,0
DWS022,20130808,57.25,57.25,57.25,57.25,0
DWS022,20130809,57.57,57.57,57.57,57.57,0
DWS022,20130812,57.65,57.65,57.65,57.65,0
DWS022,20130813,58.08,58.08,58.08,58.08,0
DWS022,20130814,58.33,58.33,58.33,58.33,0
DWS022,20130816,58.13,58.13,58.13,58.13,0
DWS022,20130819,57.56,57.56,57.56,57.56,0
DWS022,20130820,57.26,57.26,57.26,57.26,0
DWS022,20130821,57.86,57.86,57.86,57.86,0
DWS022,20130822,58.58,58.58,58.58,58.58,0
DWS022,20130823,58.44,58.44,58.44,58.44,0
DWS022,20130826,58.13,58.13,58.13,58.13,0
DWS022,20130827,57.31,57.31,57.31,57.31,0
DWS022,20130828,57.60,57.60,57.60,57.60,0
DWS022,20130829,58.48,58.48,58.48,58.48,0
DWS022,20130830,58.38,58.38,58.38,58.38,0
DWS022,20130902,59.37,59.37,59.37,59.37,0
DWS022,20130903,59.40,59.40,59.40,59.40,0
DWS022,20130904,58.82,58.82,58.82,58.82,0
DWS022,20130905,58.14,58.14,58.14,58.14,0
DWS022,20130906,59.14,59.14,59.14,59.14,0
DWS022,20130909,59.32,59.32,59.32,59.32,0
DWS022,20130910,60.02,60.02,60.02,60.02,0
DWS022,20130911,60.27,60.27,60.27,60.27,0
DWS022,20130912,60.41,60.41,60.41,60.41,0
DWS022,20130913,60.73,60.73,60.73,60.73,0
DWS022,20130916,60.71,60.71,60.71,60.71,0
DWS022,20130917,60.62,60.62,60.62,60.62,0
DWS022,20130918,60.79,60.79,60.79,60.79,0
DWS022,20130919,60.96,60.96,60.96,60.96,0
DWS022,20130920,60.77,60.77,60.77,60.77,0
DWS022,20130923,60.75,60.75,60.75,60.75,0
DWS022,20130924,60.93,60.93,60.93,60.93,0
DWS022,20130925,61.49,61.49,61.49,61.49,0
DWS022,20131021,63.59,63.59,63.59,63.59,0
DWS022,20131022,64.34,64.34,64.34,64.34,0
DWS022,20131023,64.23,64.23,64.23,64.23,0
DWS022,20131024,64.48,64.48,64.48,64.48,0
DWS022,20131025,64.60,64.60,64.60,64.60,0
DWS022,20131028,65.22,65.22,65.22,65.22,0
DWS022,20131029,65.25,65.25,65.25,65.25,0
DWS022,20131030,65.36,65.36,65.36,65.36,0
DWS022,20131031,65.62,65.62,65.62,65.62,0
DWS022,20131104,65.89,65.89,65.89,65.89,0
DWS022,20131105,65.95,65.95,65.95,65.95,0
DWS022,20131106,66.14,66.14,66.14,66.14,0
DWS022,20131107,66.10,66.10,66.10,66.10,0
DWS022,20131108,65.88,65.88,65.88,65.88,0
DWS022,20131112,65.54,65.54,65.54,65.54,0
DWS022,20131113,64.60,64.60,64.60,64.60,0
DWS022,20131114,64.80,64.80,64.80,64.80,0
DWS022,20131115,65.30,65.30,65.30,65.30,0
DWS022,20131118,65.86,65.86,65.86,65.86,0
DWS022,20131119,65.98,65.98,65.98,65.98,0
DWS022,20131120,66.38,66.38,66.38,66.38,0
DWS022,20131121,66.04,66.04,66.04,66.04,0
DWS022,20131122,66.09,66.09,66.09,66.09,0
DWS022,20131125,66.66,66.66,66.66,66.66,0
DWS022,20131126,66.57,66.57,66.57,66.57,0
DWS022,20131127,66.98,66.98,66.98,66.98,0
DWS022,20131128,67.19,67.19,67.19,67.19,0
DWS022,20131129,67.57,67.57,67.57,67.57,0
DWS022,20131202,67.51,67.51,67.51,67.51,0
DWS022,20131203,67.05,67.05,67.05,67.05,0
DWS022,20131204,66.68,66.68,66.68,66.68,0
DWS022,20131205,66.52,66.52,66.52,66.52,0
DWS022,20131206,66.57,66.57,66.57,66.57,0
DWS022,20131209,66.81,66.81,66.81,66.81,0
DWS022,20131210,66.50,66.50,66.50,66.50,0
DWS022,20131211,66.72,66.72,66.72,66.72,0
DWS022,20131212,66.67,66.67,66.67,66.67,0
DWS022,20131213,66.58,66.58,66.58,66.58,0
DWS022,20131216,66.99,66.99,66.99,66.99,0
DWS022,20131217,66.73,66.73,66.73,66.73,0
DWS022,20131218,67.29,67.29,67.29,67.29,0
DWS022,20131219,67.39,67.39,67.39,67.39,0
DWS022,20131220,67.46,67.46,67.46,67.46,0
DWS022,20131223,67.96,67.96,67.96,67.96,0
DWS022,20131227,68.44,68.44,68.44,68.44,0
DWS022,20131230,68.86,68.86,68.86,68.86,0
DWS022,20140102,69.02,69.02,69.02,69.02,0
DWS022,20140103,69.06,69.06,69.06,69.06,0
DWS022,20140107,67.86,67.86,67.86,67.86,0
DWS022,20140108,68.27,68.27,68.27,68.27,0
DWS022,20140109,67.60,67.60,67.60,67.60,0
DWS022,20140110,67.71,67.71,67.71,67.71,0
DWS022,20140113,68.48,68.48,68.48,68.48,0
DWS022,20140114,68.65,68.65,68.65,68.65,0
DWS022,20140115,69.46,69.46,69.46,69.46,0
DWS022,20140116,69.47,69.47,69.47,69.47,0
DWS022,20140117,69.35,69.35,69.35,69.35,0
DWS022,20140120,69.39,69.39,69.39,69.39,0
DWS022,20140121,69.87,69.87,69.87,69.87,0
DWS022,20140122,70.49,70.49,70.49,70.49,0
DWS022,20140123,70.08,70.08,70.08,70.08,0
DWS022,20140124,69.86,69.86,69.86,69.86,0
DWS022,20140127,69.45,69.45,69.45,69.45,0
DWS022,20140128,70.22,70.22,70.22,70.22,0
DWS022,20140129,69.86,69.86,69.86,69.86,0
DWS022,20140130,70.14,70.14,70.14,70.14,0
DWS022,20140131,70.05,70.05,70.05,70.05,0
DWS022,20140203,70.12,70.12,70.12,70.12,0
DWS022,20140204,70.26,70.26,70.26,70.26,0
DWS022,20140205,70.64,70.64,70.64,70.64,0
DWS022,20140206,71.35,71.35,71.35,71.35,0
DWS022,20140207,71.32,71.32,71.32,71.32,0
DWS022,20140210,71.17,71.17,71.17,71.17,0
DWS022,20140211,72.04,72.04,72.04,72.04,0
DWS022,20140212,72.46,72.46,72.46,72.46,0
DWS022,20140213,72.32,72.32,72.32,72.32,0
DWS022,20140214,72.63,72.63,72.63,72.63,0
DWS022,20140217,73.01,73.01,73.01,73.01,0
DWS022,20140218,72.61,72.61,72.61,72.61,0
DWS022,20140219,72.74,72.74,72.74,72.74,0
DWS022,20140220,72.37,72.37,72.37,72.37,0
DWS022,20140221,72.76,72.76,72.76,72.76,0
DWS022,20140224,72.87,72.87,72.87,72.87,0
DWS022,20140225,72.98,72.98,72.98,72.98,0
DWS022,20140226,72.92,72.92,72.92,72.92,0
DWS022,20140227,73.47,73.47,73.47,73.47,0
DWS022,20140228,73.97,73.97,73.97,73.97,0
DWS022,20140303,71.47,71.47,71.47,71.47,0
DWS022,20140304,73.10,73.10,73.10,73.10,0
DWS022,20140305,72.93,72.93,72.93,72.93,0
DWS022,20140306,73.53,73.53,73.53,73.53,0
DWS022,20140307,73.39,73.39,73.39,73.39,0
DWS022,20140310,72.59,72.59,72.59,72.59,0
DWS022,20140311,72.96,72.96,72.96,72.96,0
DWS022,20140312,71.73,71.73,71.73,71.73,0
DWS022,20140313,70.70,70.70,70.70,70.70,0
DWS022,20140314,69.37,69.37,69.37,69.37,0
DWS022,20140317,70.87,70.87,70.87,70.87,0
DWS022,20140318,71.94,71.94,71.94,71.94,0
DWS022,20140319,71.53,71.53,71.53,71.53,0
DWS022,20140320,71.72,71.72,71.72,71.72,0
DWS022,20140321,71.27,71.27,71.27,71.27,0
DWS022,20140324,70.25,70.25,70.25,70.25,0
DWS022,20140325,70.92,70.92,70.92,70.92,0
DWS022,20140326,71.58,71.58,71.58,71.58,0
DWS022,20140327,71.75,71.75,71.75,71.75,0
DWS022,20140328,71.89,71.89,71.89,71.89,0
DWS022,20140331,72.61,72.61,72.61,72.61,0
DWS022,20140401,73.25,73.25,73.25,73.25,0
DWS022,20140402,73.39,73.39,73.39,73.39,0
DWS022,20140403,73.42,73.42,73.42,73.42,0
DWS022,20140404,73.76,73.76,73.76,73.76,0
DWS022,20140407,72.60,72.60,72.60,72.60,0
DWS022,20140408,71.95,71.95,71.95,71.95,0
DWS022,20140409,72.53,72.53,72.53,72.53,0
DWS022,20140410,72.32,72.32,72.32,72.32,0
DWS022,20140411,71.54,71.54,71.54,71.54,0
DWS022,20140414,70.50,70.50,70.50,70.50,0
DWS022,20140415,69.86,69.86,69.86,69.86,0
DWS022,20140416,69.66,69.66,69.66,69.66,0
DWS022,20140417,70.22,70.22,70.22,70.22,0
DWS022,20140422,71.06,71.06,71.06,71.06,0
DWS022,20140423,70.36,70.36,70.36,70.36,0
DWS022,20140424,70.57,70.57,70.57,70.57,0
DWS022,20140425,70.03,70.03,70.03,70.03,0
DWS022,20140428,69.93,69.93,69.93,69.93,0
DWS022,20140429,70.99,70.99,70.99,70.99,0
DWS022,20140430,71.29,71.29,71.29,71.29,0
DWS022,20140502,71.53,71.53,71.53,71.53,0
DWS022,20140505,71.37,71.37,71.37,71.37,0
DWS022,20140506,70.94,70.94,70.94,70.94,0
DWS022,20140507,70.90,70.90,70.90,70.90,0
DWS022,20140508,71.05,71.05,71.05,71.05,0
DWS022,20140509,70.16,70.16,70.16,70.16,0
DWS022,20140512,70.84,70.84,70.84,70.84,0
DWS022,20140513,71.36,71.36,71.36,71.36,0
DWS022,20140514,71.53,71.53,71.53,71.53,0
DWS022,20140515,70.97,70.97,70.97,70.97,0
DWS022,20140516,70.86,70.86,70.86,70.86,0
DWS022,20140519,70.90,70.90,70.90,70.90,0
DWS022,20140520,71.19,71.19,71.19,71.19,0
DWS022,20140521,71.01,71.01,71.01,71.01,0
DWS022,20140522,71.60,71.60,71.60,71.60,0
DWS022,20140523,71.90,71.90,71.90,71.90,0
DWS022,20140526,72.36,72.36,72.36,72.36,0
DWS022,20140527,72.64,72.64,72.64,72.64,0
DWS022,20140528,72.93,72.93,72.93,72.93,0
DWS022,20140529,73.33,73.33,73.33,73.33,0
DWS022,20140602,73.76,73.76,73.76,73.76,0
DWS022,20140603,73.47,73.47,73.47,73.47,0
DWS022,20140604,73.47,73.47,73.47,73.47,0
DWS022,20140605,73.54,73.54,73.54,73.54,0
DWS022,20140606,73.94,73.94,73.94,73.94,0
DWS022,20140609,73.87,73.87,73.87,73.87,0
DWS022,20140610,74.22,74.22,74.22,74.22,0
DWS022,20140611,73.48,73.48,73.48,73.48,0
DWS022,20140612,73.50,73.50,73.50,73.50,0
DWS022,20140613,72.80,72.80,72.80,72.80,0
DWS022,20140616,73.07,73.07,73.07,73.07,0
DWS022,20140617,73.74,73.74,73.74,73.74,0
DWS022,20140620,73.81,73.81,73.81,73.81,0
DWS022,20140623,73.23,73.23,73.23,73.23,0
DWS022,20140624,73.05,73.05,73.05,73.05,0
DWS022,20140625,72.36,72.36,72.36,72.36,0
DWS022,20140626,72.29,72.29,72.29,72.29,0
DWS022,20140627,72.56,72.56,72.56,72.56,0
DWS022,20140630,73.02,73.02,73.02,73.02,0
DWS022,20140701,73.01,73.01,73.01,73.01,0
DWS022,20140702,72.80,72.80,72.80,72.80,0
DWS022,20140704,73.15,73.15,73.15,73.15,0
DWS022,20140707,72.56,72.56,72.56,72.56,0
DWS022,20140708,71.71,71.71,71.71,71.71,0
DWS022,20140709,70.79,70.79,70.79,70.79,0
DWS022,20140710,70.05,70.05,70.05,70.05,0
DWS022,20140711,70.42,70.42,70.42,70.42,0
DWS022,20140714,70.48,70.48,70.48,70.48,0
DWS022,20140715,69.79,69.79,69.79,69.79,0
DWS022,20140716,69.82,69.82,69.82,69.82,0
DWS022,20140717,69.31,69.31,69.31,69.31,0
DWS022,20140718,69.17,69.17,69.17,69.17,0
DWS022,20140721,68.95,68.95,68.95,68.95,0
DWS022,20140722,69.59,69.59,69.59,69.59,0
DWS022,20140723,69.53,69.53,69.53,69.53,0
DWS022,20140724,69.36,69.36,69.36,69.36,0
DWS022,20140725,68.54,68.54,68.54,68.54,0
DWS022,20140728,68.05,68.05,68.05,68.05,0
DWS022,20140729,67.97,67.97,67.97,67.97,0
DWS022,20140805,65.87,65.87,65.87,65.87,0
DWS022,20140806,65.10,65.10,65.10,65.10,0
DWS022,20140807,64.71,64.71,64.71,64.71,0
DWS022,20140808,63.52,63.52,63.52,63.52,0
DWS022,20140811,64.68,64.68,64.68,64.68,0
DWS022,20140812,64.38,64.38,64.38,64.38,0
DWS022,20140813,64.26,64.26,64.26,64.26,0
DWS022,20140814,64.45,64.45,64.45,64.45,0
DWS022,20140818,65.21,65.21,65.21,65.21,0
DWS022,20140820,66.23,66.23,66.23,66.23,0
DWS022,20140821,66.69,66.69,66.69,66.69,0
DWS022,20140822,66.71,66.71,66.71,66.71,0
DWS022,20140825,66.82,66.82,66.82,66.82,0
DWS022,20140826,66.91,66.91,66.91,66.91,0
DWS022,20140827,67.22,67.22,67.22,67.22,0
DWS022,20140828,66.14,66.14,66.14,66.14,0
DWS022,20140901,66.74,66.74,66.74,66.74,0
DWS022,20140902,66.22,66.22,66.22,66.22,0
DWS022,20140903,66.88,66.88,66.88,66.88,0
DWS022,20140904,67.07,67.07,67.07,67.07,0
DWS022,20140905,67.54,67.54,67.54,67.54,0
DWS022,20140908,67.58,67.58,67.58,67.58,0
DWS022,20140909,67.59,67.59,67.59,67.59,0
DWS022,20140910,67.33,67.33,67.33,67.33,0
DWS022,20140918,68.05,68.05,68.05,68.05,0
DWS022,20140919,67.72,67.72,67.72,67.72,0
DWS022,20140922,67.23,67.23,67.23,67.23,0
DWS022,20140923,66.62,66.62,66.62,66.62,0
DWS022,20140924,66.56,66.56,66.56,66.56,0
DWS022,20140925,66.53,66.53,66.53,66.53,0
DWS022,20140929,66.42,66.42,66.42,66.42,0
DWS022,20140930,66.82,66.82,66.82,66.82,0
DWS022,20141001,66.65,66.65,66.65,66.65,0
DWS022,20141002,65.30,65.30,65.30,65.30,0
DWS022,20141006,66.61,66.61,66.61,66.61,0
DWS022,20141007,66.17,66.17,66.17,66.17,0
DWS022,20141008,65.25,65.25,65.25,65.25,0
DWS022,20141009,65.09,65.09,65.09,65.09,0
DWS022,20141010,63.24,63.24,63.24,63.24,0
DWS022,20141013,62.68,62.68,62.68,62.68,0
DWS022,20141014,62.87,62.87,62.87,62.87,0
DWS022,20141015,61.32,61.32,61.32,61.32,0
DWS022,20141016,60.85,60.85,60.85,60.85,0
DWS022,20141017,62.44,62.44,62.44,62.44,0
DWS022,20141020,62.36,62.36,62.36,62.36,0
DWS022,20141021,63.37,63.37,63.37,63.37,0
DWS022,20141022,64.03,64.03,64.03,64.03,0
DWS022,20141023,64.61,64.61,64.61,64.61,0
DWS022,20141024,64.88,64.88,64.88,64.88,0
DWS022,20141027,65.04,65.04,65.04,65.04,0
DWS022,20141028,66.08,66.08,66.08,66.08,0
DWS022,20141029,67.04,67.04,67.04,67.04,0
DWS022,20141030,67.20,67.20,67.20,67.20,0
DWS022,20141031,68.05,68.05,68.05,68.05,0
DWS022,20141103,68.36,68.36,68.36,68.36,0
DWS022,20141104,68.45,68.45,68.45,68.45,0
DWS022,20141105,69.14,69.14,69.14,69.14,0
DWS022,20141106,69.13,69.13,69.13,69.13,0
DWS022,20141107,68.72,68.72,68.72,68.72,0
DWS022,20141110,69.25,69.25,69.25,69.25,0
DWS022,20141112,68.63,68.63,68.63,68.63,0
DWS022,20141113,68.86,68.86,68.86,68.86,0
DWS022,20141114,68.35,68.35,68.35,68.35,0
DWS022,20141117,67.58,67.58,67.58,67.58,0
DWS022,20141118,68.28,68.28,68.28,68.28,0
DWS022,20141119,68.07,68.07,68.07,68.07,0
DWS022,20141120,68.30,68.30,68.30,68.30,0
DWS022,20141121,68.99,68.99,68.99,68.99,0
DWS022,20141124,69.57,69.57,69.57,69.57,0
DWS022,20141125,69.46,69.46,69.46,69.46,0
DWS022,20141126,70.09,70.09,70.09,70.09,0
DWS022,20141127,70.28,70.28,70.28,70.28,0
DWS022,20141128,70.72,70.72,70.72,70.72,0
DWS022,20141201,70.01,70.01,70.01,70.01,0
DWS022,20141202,69.95,69.95,69.95,69.95,0
DWS022,20141203,70.00,70.00,70.00,70.00,0
DWS022,20141204,69.29,69.29,69.29,69.29,0
DWS022,20141205,69.45,69.45,69.45,69.45,0
DWS022,20141208,69.40,69.40,69.40,69.40,0
DWS022,20141209,68.16,68.16,68.16,68.16,0
DWS022,20141210,67.98,67.98,67.98,67.98,0
DWS022,20141211,67.26,67.26,67.26,67.26,0
DWS022,20141212,66.64,66.64,66.64,66.64,0
DWS022,20141215,65.25,65.25,65.25,65.25,0
DWS022,20141216,65.33,65.33,65.33,65.33,0
DWS022,20141217,65.39,65.39,65.39,65.39,0
DWS022,20141218,66.71,66.71,66.71,66.71,0
DWS022,20141219,66.24,66.24,66.24,66.24,0
DWS022,20141222,66.08,66.08,66.08,66.08,0
DWS022,20141223,66.18,66.18,66.18,66.18,0
DWS022,20141229,66.33,66.33,66.33,66.33,0
DWS022,20141230,66.51,66.51,66.51,66.51,0
DWS022,20150102,67.21,67.21,67.21,67.21,0
DWS022,20150105,66.69,66.69,66.69,66.69,0
DWS022,20150107,66.55,66.55,66.55,66.55,0
DWS022,20150108,67.97,67.97,67.97,67.97,0
DWS022,20150109,67.92,67.92,67.92,67.92,0
DWS022,20150112,68.02,68.02,68.02,68.02,0
DWS022,20150113,68.49,68.49,68.49,68.49,0
DWS022,20150114,67.63,67.63,67.63,67.63,0
DWS022,20150115,67.85,67.85,67.85,67.85,0
DWS022,20150116,67.51,67.51,67.51,67.51,0
DWS022,20150119,67.63,67.63,67.63,67.63,0
DWS022,20150120,67.69,67.69,67.69,67.69,0
DWS022,20150121,67.81,67.81,67.81,67.81,0
DWS022,20150122,68.53,68.53,68.53,68.53,0
DWS022,20150123,69.34,69.34,69.34,69.34,0
DWS022,20150126,70.04,70.04,70.04,70.04,0
DWS022,20150127,69.38,69.38,69.38,69.38,0
DWS022,20150128,69.46,69.46,69.46,69.46,0
DWS022,20150129,69.96,69.96,69.96,69.96,0
DWS022,20150130,70.30,70.30,70.30,70.30,0
DWS022,20150202,69.42,69.42,69.42,69.42,0
DWS022,20150203,68.99,68.99,68.99,68.99,0
DWS022,20150204,69.09,69.09,69.09,69.09,0
DWS022,20150205,69.43,69.43,69.43,69.43,0
DWS022,20150206,69.77,69.77,69.77,69.77,0
DWS022,20150209,68.98,68.98,68.98,68.98,0
DWS022,20150210,70.35,70.35,70.35,70.35,0
DWS022,20150211,70.62,70.62,70.62,70.62,0
DWS022,20150212,70.86,70.86,70.86,70.86,0
DWS022,20150213,71.30,71.30,71.30,71.30,0
DWS022,20150216,72.03,72.03,72.03,72.03,0
DWS022,20150217,72.30,72.30,72.30,72.30,0
DWS022,20150218,73.14,73.14,73.14,73.14,0
DWS022,20150219,73.60,73.60,73.60,73.60,0
DWS022,20150220,73.63,73.63,73.63,73.63,0
DWS022,20150223,74.26,74.26,74.26,74.26,0
DWS022,20150224,74.66,74.66,74.66,74.66,0
DWS022,20150225,74.67,74.67,74.67,74.67,0
DWS022,20150226,74.84,74.84,74.84,74.84,0
DWS022,20150227,75.78,75.78,75.78,75.78,0
DWS022,20150302,76.80,76.80,76.80,76.80,0
DWS022,20150303,76.68,76.68,76.68,76.68,0
DWS022,20150304,77.09,77.09,77.09,77.09,0
DWS022,20150305,78.00,78.00,78.00,78.00,0
DWS022,20150306,78.81,78.81,78.81,78.81,0
DWS022,20150309,78.77,78.77,78.77,78.77,0
DWS022,20150310,78.30,78.30,78.30,78.30,0
DWS022,20150311,79.46,79.46,79.46,79.46,0
DWS022,20150312,79.62,79.62,79.62,79.62,0
DWS022,20150313,79.90,79.90,79.90,79.90,0
DWS022,20150316,80.50,80.50,80.50,80.50,0
DWS022,20150317,79.56,79.56,79.56,79.56,0
DWS022,20150318,79.36,79.36,79.36,79.36,0
DWS022,20150319,80.32,80.32,80.32,80.32,0
DWS022,20150320,81.04,81.04,81.04,81.04,0
DWS022,20150323,80.66,80.66,80.66,80.66,0
DWS022,20150324,80.57,80.57,80.57,80.57,0
DWS022,20150325,79.77,79.77,79.77,79.77,0
DWS022,20150326,79.37,79.37,79.37,79.37,0
DWS022,20150327,79.67,79.67,79.67,79.67,0
DWS022,20150330,80.57,80.57,80.57,80.57,0
DWS022,20150331,80.93,80.93,80.93,80.93,0
DWS022,20150401,80.55,80.55,80.55,80.55,0
DWS022,20150402,80.51,80.51,80.51,80.51,0
DWS022,20150407,80.82,80.82,80.82,80.82,0
DWS022,20150408,80.30,80.30,80.30,80.30,0
DWS022,20150409,80.74,80.74,80.74,80.74,0
DWS022,20150410,81.27,81.27,81.27,81.27,0
DWS022,20150413,81.17,81.17,81.17,81.17,0
DWS022,20150414,80.74,80.74,80.74,80.74,0
DWS022,20150415,79.89,79.89,79.89,79.89,0
DWS022,20150416,79.85,79.85,79.85,79.85,0
DWS022,20150417,79.11,79.11,79.11,79.11,0
DWS022,20150420,79.47,79.47,79.47,79.47,0
DWS022,20150421,79.73,79.73,79.73,79.73,0
DWS022,20150422,80.09,80.09,80.09,80.09,0
DWS022,20150423,80.13,80.13,80.13,80.13,0
DWS022,20150424,80.02,80.02,80.02,80.02,0
DWS022,20150427,80.82,80.82,80.82,80.82,0
DWS022,20150428,80.73,80.73,80.73,80.73,0
DWS022,20150429,79.49,79.49,79.49,79.49,0
DWS022,20150430,78.75,78.75,78.75,78.75,0
DWS022,20150504,79.47,79.47,79.47,79.47,0
DWS022,20150505,78.57,78.57,78.57,78.57,0
DWS022,20150506,78.54,78.54,78.54,78.54,0
DWS022,20150507,79.14,79.14,79.14,79.14,0
DWS022,20150508,80.46,80.46,80.46,80.46,0
DWS022,20150511,81.21,81.21,81.21,81.21,0
DWS022,20150512,80.66,80.66,80.66,80.66,0
DWS022,20150513,81.15,81.15,81.15,81.15,0
DWS022,20150514,81.73,81.73,81.73,81.73,0
DWS022,20150515,82.05,82.05,82.05,82.05,0
DWS022,20150518,82.11,82.11,82.11,82.11,0
DWS022,20150519,82.38,82.38,82.38,82.38,0
DWS022,20150520,82.63,82.63,82.63,82.63,0
DWS022,20150521,83.54,83.54,83.54,83.54,0
DWS022,20150522,82.93,82.93,82.93,82.93,0
DWS022,20150525,82.54,82.54,82.54,82.54,0
DWS022,20150526,82.01,82.01,82.01,82.01,0
DWS022,20150527,83.24,83.24,83.24,83.24,0
DWS022,20150528,83.17,83.17,83.17,83.17,0
DWS022,20150529,82.64,82.64,82.64,82.64,0
DWS022,20150601,82.59,82.59,82.59,82.59,0
DWS022,20150602,81.84,81.84,81.84,81.84,0
DWS022,20150603,82.16,82.16,82.16,82.16,0
DWS022,20150605,80.76,80.76,80.76,80.76,0
DWS022,20150608,79.75,79.75,79.75,79.75,0
DWS022,20150609,80.01,80.01,80.01,80.01,0
DWS022,20150610,79.67,79.67,79.67,79.67,0
DWS022,20150611,80.08,80.08,80.08,80.08,0
DWS022,20150612,79.04,79.04,79.04,79.04,0
DWS022,20150615,78.49,78.49,78.49,78.49,0
DWS022,20150616,79.05,79.05,79.05,79.05,0
DWS022,20150617,78.05,78.05,78.05,78.05,0
DWS022,20150618,77.95,77.95,77.95,77.95,0
DWS022,20150619,78.07,78.07,78.07,78.07,0
DWS022,20150622,79.82,79.82,79.82,79.82,0
DWS022,20150623,80.47,80.47,80.47,80.47,0
DWS022,20150624,79.94,79.94,79.94,79.94,0
DWS022,20150625,79.90,79.90,79.90,79.90,0
DWS022,20150626,79.43,79.43,79.43,79.43,0
DWS022,20150629,77.36,77.36,77.36,77.36,0
DWS022,20150630,77.49,77.49,77.49,77.49,0
DWS022,20150701,78.83,78.83,78.83,78.83,0
DWS022,20150702,78.78,78.78,78.78,78.78,0
DWS022,20150703,78.44,78.44,78.44,78.44,0
DWS022,20150706,77.95,77.95,77.95,77.95,0
DWS022,20150707,76.41,76.41,76.41,76.41,0
DWS022,20150708,75.91,75.91,75.91,75.91,0
DWS022,20150709,77.01,77.01,77.01,77.01,0
DWS022,20150710,78.74,78.74,78.74,78.74,0
DWS022,20150713,79.80,79.80,79.80,79.80,0
DWS022,20150714,80.05,80.05,80.05,80.05,0
DWS022,20150715,80.60,80.60,80.60,80.60,0
DWS022,20150716,81.57,81.57,81.57,81.57,0
DWS022,20150717,81.67,81.67,81.67,81.67,0
DWS022,20150720,81.74,81.74,81.74,81.74,0
DWS022,20150721,81.04,81.04,81.04,81.04,0
DWS022,20150722,80.49,80.49,80.49,80.49,0
DWS022,20150723,80.50,80.50,80.50,80.50,0
DWS022,20150724,80.05,80.05,80.05,80.05,0
DWS022,20150727,79.07,79.07,79.07,79.07,0
DWS022,20150728,78.97,78.97,78.97,78.97,0
DWS022,20150729,78.89,78.89,78.89,78.89,0
DWS022,20150730,79.22,79.22,79.22,79.22,0
DWS022,20150731,79.67,79.67,79.67,79.67,0
DWS022,20150803,79.57,79.57,79.57,79.57,0
DWS022,20150804,79.19,79.19,79.19,79.19,0
DWS022,20150805,80.33,80.33,80.33,80.33,0
DWS022,20150806,79.92,79.92,79.92,79.92,0
DWS022,20150807,79.73,79.73,79.73,79.73,0
DWS022,20150810,80.34,80.34,80.34,80.34,0
DWS022,20150811,79.53,79.53,79.53,79.53,0
DWS022,20150812,78.29,78.29,78.29,78.29,0
DWS022,20150813,79.01,79.01,79.01,79.01,0
DWS022,20150814,78.90,78.90,78.90,78.90,0
DWS022,20150817,78.76,78.76,78.76,78.76,0
DWS022,20150818,79.12,79.12,79.12,79.12,0
DWS022,20150819,78.58,78.58,78.58,78.58,0
DWS022,20150820,77.58,77.58,77.58,77.58,0
DWS022,20150821,76.12,76.12,76.12,76.12,0
DWS022,20150824,72.61,72.61,72.61,72.61,0
DWS022,20150825,75.08,75.08,75.08,75.08,0
DWS022,20150826,74.39,74.39,74.39,74.39,0
DWS022,20150827,75.71,75.71,75.71,75.71,0
DWS022,20150828,75.55,75.55,75.55,75.55,0
DWS022,20150831,75.91,75.91,75.91,75.91,0
DWS022,20150901,74.29,74.29,74.29,74.29,0
DWS022,20150902,74.28,74.28,74.28,74.28,0
DWS022,20150903,75.79,75.79,75.79,75.79,0
DWS022,20150904,74.97,74.97,74.97,74.97,0
DWS022,20150907,74.81,74.81,74.81,74.81,0
DWS022,20150908,75.65,75.65,75.65,75.65,0
DWS022,20150909,76.22,76.22,76.22,76.22,0
DWS022,20150910,75.85,75.85,75.85,75.85,0
DWS022,20150911,75.44,75.44,75.44,75.44,0
DWS022,20150914,75.48,75.48,75.48,75.48,0
DWS022,20150915,75.69,75.69,75.69,75.69,0
DWS022,20150916,75.82,75.82,75.82,75.82,0
DWS022,20150917,76.55,76.55,76.55,76.55,0
DWS022,20150918,76.43,76.43,76.43,76.43,0
DWS022,20150921,75.35,75.35,75.35,75.35,0
DWS022,20150922,74.28,74.28,74.28,74.28,0
DWS022,20150923,74.68,74.68,74.68,74.68,0
DWS022,20150924,73.99,73.99,73.99,73.99,0
DWS022,20150925,74.61,74.61,74.61,74.61,0
DWS022,20150928,73.67,73.67,73.67,73.67,0
DWS022,20150929,73.95,73.95,73.95,73.95,0
DWS022,20150930,75.45,75.45,75.45,75.45,0
DWS022,20151001,74.55,74.55,74.55,74.55,0
DWS022,20151002,74.76,74.76,74.76,74.76,0
DWS022,20151005,75.62,75.62,75.62,75.62,0
DWS022,20151006,76.00,76.00,76.00,76.00,0
DWS022,20151007,75.28,75.28,75.28,75.28,0
DWS022,20151008,75.89,75.89,75.89,75.89,0
DWS022,20151009,75.95,75.95,75.95,75.95,0
DWS022,20151012,75.98,75.98,75.98,75.98,0
DWS022,20151013,75.77,75.77,75.77,75.77,0
DWS022,20151014,75.23,75.23,75.23,75.23,0
DWS022,20151015,76.02,76.02,76.02,76.02,0
DWS022,20151016,76.33,76.33,76.33,76.33,0
DWS022,20151019,77.36,77.36,77.36,77.36,0
DWS022,20151020,77.57,77.57,77.57,77.57,0
DWS022,20151021,77.99,77.99,77.99,77.99,0
DWS022,20151022,78.32,78.32,78.32,78.32,0
DWS022,20151023,79.01,79.01,79.01,79.01,0
DWS022,20151026,78.11,78.11,78.11,78.11,0
DWS022,20151027,77.90,77.90,77.90,77.90,0
DWS022,20151028,78.51,78.51,78.51,78.51,0
DWS022,20151029,78.46,78.46,78.46,78.46,0
DWS022,20151030,78.62,78.62,78.62,78.62,0
DWS022,20151102,79.22,79.22,79.22,79.22,0
DWS022,20151103,79.44,79.44,79.44,79.44,0
DWS022,20151104,80.05,80.05,80.05,80.05,0
DWS022,20151105,79.91,79.91,79.91,79.91,0
DWS022,20151106,80.14,80.14,80.14,80.14,0
DWS022,20151109,79.75,79.75,79.75,79.75,0
DWS022,20151110,79.58,79.58,79.58,79.58,0
DWS022,20151112,79.14,79.14,79.14,79.14,0
DWS022,20151113,77.94,77.94,77.94,77.94,0
DWS022,20151116,76.55,76.55,76.55,76.55,0
DWS022,20151117,76.59,76.59,76.59,76.59,0
DWS022,20151118,76.38,76.38,76.38,76.38,0
DWS022,20151119,76.29,76.29,76.29,76.29,0
DWS022,20151120,76.74,76.74,76.74,76.74,0
DWS022,20151123,76.48,76.48,76.48,76.48,0
DWS022,20151124,75.29,75.29,75.29,75.29,0
DWS022,20151125,75.75,75.75,75.75,75.75,0
DWS022,20151126,76.57,76.57,76.57,76.57,0
DWS022,20151127,76.46,76.46,76.46,76.46,0
DWS022,20151130,76.41,76.41,76.41,76.41,0
DWS022,20151201,76.26,76.26,76.26,76.26,0
DWS022,20151202,76.82,76.82,76.82,76.82,0
DWS022,20151203,75.88,75.88,75.88,75.88,0
DWS022,20151204,75.37,75.37,75.37,75.37,0
DWS022,20151207,75.37,75.37,75.37,75.37,0
DWS022,20151208,74.29,74.29,74.29,74.29,0
DWS022,20151209,74.02,74.02,74.02,74.02,0
DWS022,20151210,74.10,74.10,74.10,74.10,0
DWS022,20151211,73.27,73.27,73.27,73.27,0
DWS022,20151214,71.74,71.74,71.74,71.74,0
DWS022,20151215,72.82,72.82,72.82,72.82,0
DWS022,20151216,72.69,72.69,72.69,72.69,0
DWS022,20151217,73.84,73.84,73.84,73.84,0
DWS022,20151218,73.53,73.53,73.53,73.53,0
DWS022,20151221,73.74,73.74,73.74,73.74,0
DWS022,20151222,73.78,73.78,73.78,73.78,0
DWS022,20151223,74.29,74.29,74.29,74.29,0
DWS022,20151228,74.52,74.52,74.52,74.52,0
DWS022,20151229,75.22,75.22,75.22,75.22,0
DWS022,20151230,75.36,75.36,75.36,75.36,0
DWS022,20160104,73.60,73.60,73.60,73.60,0
DWS022,20160105,74.03,74.03,74.03,74.03,0
DWS022,20160107,71.47,71.47,71.47,71.47,0
DWS022,20160108,71.00,71.00,71.00,71.00,0
DWS022,20160111,71.07,71.07,71.07,71.07,0
DWS022,20160112,71.95,71.95,71.95,71.95,0
DWS022,20160113,71.41,71.41,71.41,71.41,0
DWS022,20160114,71.09,71.09,71.09,71.09,0
DWS022,20160115,69.03,69.03,69.03,69.03,0
DWS022,20160118,68.11,68.11,68.11,68.11,0
DWS022,20160119,69.32,69.32,69.32,69.32,0
DWS022,20160120,67.79,67.79,67.79,67.79,0
DWS022,20160121,68.11,68.11,68.11,68.11,0
DWS022,20160122,69.54,69.54,69.54,69.54,0
DWS022,20160125,70.18,70.18,70.18,70.18,0
DWS022,20160126,70.32,70.32,70.32,70.32,0
DWS022,20160127,69.93,69.93,69.93,69.93,0
DWS022,20160128,69.28,69.28,69.28,69.28,0
DWS022,20160129,70.44,70.44,70.44,70.44,0
DWS022,20160201,70.43,70.43,70.43,70.43,0
DWS022,20160202,69.66,69.66,69.66,69.66,0
DWS022,20160203,68.99,68.99,68.99,68.99,0
DWS022,20160204,68.77,68.77,68.77,68.77,0
DWS022,20160205,68.48,68.48,68.48,68.48,0
DWS022,20160208,67.11,67.11,67.11,67.11,0
DWS022,20160209,66.36,66.36,66.36,66.36,0
DWS022,20160210,67.02,67.02,67.02,67.02,0
DWS022,20160211,65.64,65.64,65.64,65.64,0
DWS022,20160212,65.89,65.89,65.89,65.89,0
DWS022,20160215,67.02,67.02,67.02,67.02,0
DWS022,20160216,67.10,67.10,67.10,67.10,0
DWS022,20160217,69.43,69.43,69.43,69.43,0
DWS022,20160218,70.17,70.17,70.17,70.17,0
DWS022,20160219,70.41,70.41,70.41,70.41,0
DWS022,20160222,71.20,71.20,71.20,71.20,0
DWS022,20160223,70.87,70.87,70.87,70.87,0
DWS022,20160224,70.11,70.11,70.11,70.11,0
DWS022,20160225,70.95,70.95,70.95,70.95,0
DWS022,20160226,71.68,71.68,71.68,71.68,0
DWS022,20160229,71.97,71.97,71.97,71.97,0
DWS022,20160301,73.05,73.05,73.05,73.05,0
DWS022,20160302,72.93,72.93,72.93,72.93,0
DWS022,20160303,73.10,73.10,73.10,73.10,0
DWS022,20160304,74.15,74.15,74.15,74.15,0
DWS022,20160307,73.93,73.93,73.93,73.93,0
DWS022,20160308,73.50,73.50,73.50,73.50,0
DWS022,20160309,73.04,73.04,73.04,73.04,0
DWS022,20160310,72.56,72.56,72.56,72.56,0
DWS022,20160311,72.77,72.77,72.77,72.77,0
DWS022,20160314,72.94,72.94,72.94,72.94,0
DWS022,20160315,72.23,72.23,72.23,72.23,0
DWS022,20160316,72.78,72.78,72.78,72.78,0
DWS022,20160317,72.58,72.58,72.58,72.58,0
DWS022,20160318,72.96,72.96,72.96,72.96,0
DWS022,20160321,73.34,73.34,73.34,73.34,0
DWS022,20160322,73.60,73.60,73.60,73.60,0
DWS022,20160323,73.94,73.94,73.94,73.94,0
DWS022,20160324,73.53,73.53,73.53,73.53,0
DWS022,20160329,73.87,73.87,73.87,73.87,0
DWS022,20160330,75.13,75.13,75.13,75.13,0
DWS022,20160331,76.35,76.35,76.35,76.35,0
DWS022,20160401,76.35,76.35,76.35,76.35,0
DWS022,20160404,76.55,76.55,76.55,76.55,0
DWS022,20160405,75.52,75.52,75.52,75.52,0
DWS022,20160406,75.36,75.36,75.36,75.36,0
DWS022,20160407,75.36,75.36,75.36,75.36,0
DWS022,20160408,75.69,75.69,75.69,75.69,0
DWS022,20160411,75.38,75.38,75.38,75.38,0
DWS022,20160412,75.10,75.10,75.10,75.10,0
DWS022,20160413,75.78,75.78,75.78,75.78,0
DWS022,20160414,75.78,75.78,75.78,75.78,0
DWS022,20160415,75.90,75.90,75.90,75.90,0
DWS022,20160418,75.37,75.37,75.37,75.37,0
DWS022,20160419,75.86,75.86,75.86,75.86,0
DWS022,20160420,74.75,74.75,74.75,74.75,0
DWS022,20160421,74.54,74.54,74.54,74.54,0
DWS022,20160422,74.53,74.53,74.53,74.53,0
DWS022,20160425,74.88,74.88,74.88,74.88,0
DWS022,20160426,74.72,74.72,74.72,74.72,0
DWS022,20160427,75.04,75.04,75.04,75.04,0
DWS022,20160428,74.82,74.82,74.82,74.82,0
DWS022,20160429,74.27,74.27,74.27,74.27,0
DWS022,20160502,75.21,75.21,75.21,75.21,0
DWS022,20160504,74.33,74.33,74.33,74.33,0
DWS022,20160505,74.17,74.17,74.17,74.17,0
DWS022,20160506,74.25,74.25,74.25,74.25,0
DWS022,20160509,75.19,75.19,75.19,75.19,0
DWS022,20160510,75.34,75.34,75.34,75.34,0
DWS022,20160511,75.16,75.16,75.16,75.16,0
DWS022,20160512,75.03,75.03,75.03,75.03,0
DWS022,20160513,75.80,75.80,75.80,75.80,0
DWS022,20160516,76.76,76.76,76.76,76.76,0
DWS022,20160517,76.79,76.79,76.79,76.79,0
DWS022,20160518,77.17,77.17,77.17,77.17,0
DWS022,20160519,76.66,76.66,76.66,76.66,0
DWS022,20160520,77.63,77.63,77.63,77.63,0
DWS022,20160523,77.50,77.50,77.50,77.50,0
DWS022,20160524,77.68,77.68,77.68,77.68,0
DWS022,20160525,78.70,78.70,78.70,78.70,0
DWS022,20160527,79.05,79.05,79.05,79.05,0
DWS022,20160530,78.46,78.46,78.46,78.46,0
DWS022,20160531,78.17,78.17,78.17,78.17,0
DWS022,20160601,77.41,77.41,77.41,77.41,0
DWS022,20160602,77.89,77.89,77.89,77.89,0
DWS022,20160603,78.29,78.29,78.29,78.29,0
DWS022,20160606,77.74,77.74,77.74,77.74,0
DWS022,20160607,77.84,77.84,77.84,77.84,0
DWS022,20160608,78.15,78.15,78.15,78.15,0
DWS022,20160609,77.69,77.69,77.69,77.69,0
DWS022,20160610,77.31,77.31,77.31,77.31,0
DWS022,20160613,76.08,76.08,76.08,76.08,0
DWS022,20160614,75.40,75.40,75.40,75.40,0
DWS022,20160615,75.32,75.32,75.32,75.32,0
DWS022,20160616,75.21,75.21,75.21,75.21,0
DWS022,20160617,75.66,75.66,75.66,75.66,0
DWS022,20160620,76.59,76.59,76.59,76.59,0
DWS022,20160621,76.93,76.93,76.93,76.93,0
DWS022,20160622,77.21,77.21,77.21,77.21,0
DWS022,20160623,77.92,77.92,77.92,77.92,0
DWS022,20160624,76.26,76.26,76.26,76.26,0
DWS022,20160627,75.28,75.28,75.28,75.28,0
DWS022,20160628,75.89,75.89,75.89,75.89,0
DWS022,20160629,76.85,76.85,76.85,76.85,0
DWS022,20160630,77.43,77.43,77.43,77.43,0
DWS022,20160701,77.62,77.62,77.62,77.62,0
DWS022,20160704,77.04,77.04,77.04,77.04,0
DWS022,20160705,76.97,76.97,76.97,76.97,0
DWS022,20160706,76.80,76.80,76.80,76.80,0
DWS022,20160707,76.84,76.84,76.84,76.84,0
DWS022,20160708,77.08,77.08,77.08,77.08,0
DWS022,20160711,77.73,77.73,77.73,77.73,0
DWS022,20160712,78.10,78.10,78.10,78.10,0
DWS022,20160713,77.80,77.80,77.80,77.80,0
DWS022,20160714,78.08,78.08,78.08,78.08,0
DWS022,20160715,78.04,78.04,78.04,78.04,0
DWS022,20160718,78.43,78.43,78.43,78.43,0
DWS022,20160719,79.11,79.11,79.11,79.11,0
DWS022,20160720,79.53,79.53,79.53,79.53,0
DWS022,20160721,80.17,80.17,80.17,80.17,0
DWS022,20160722,79.57,79.57,79.57,79.57,0
DWS022,20160725,80.19,80.19,80.19,80.19,0
DWS022,20160726,80.51,80.51,80.51,80.51,0
DWS022,20160727,81.15,81.15,81.15,81.15,0
DWS022,20160728,81.36,81.36,81.36,81.36,0
DWS022,20160729,81.45,81.45,81.45,81.45,0
DWS022,20160801,80.98,80.98,80.98,80.98,0
DWS022,20160802,81.01,81.01,81.01,81.01,0
DWS022,20160803,81.53,81.53,81.53,81.53,0
DWS022,20160804,82.14,82.14,82.14,82.14,0
DWS022,20160805,83.51,83.51,83.51,83.51,0
DWS022,20160808,83.60,83.60,83.60,83.60,0
DWS022,20160809,84.27,84.27,84.27,84.27,0
DWS022,20160810,84.40,84.40,84.40,84.40,0
DWS022,20160811,85.55,85.55,85.55,85.55,0
DWS022,20160812,86.04,86.04,86.04,86.04,0
DWS022,20160816,86.01,86.01,86.01,86.01,0
DWS022,20160817,85.54,85.54,85.54,85.54,0
DWS022,20160818,85.46,85.46,85.46,85.46,0
DWS022,20160819,85.71,85.71,85.71,85.71,0
DWS022,20160822,85.21,85.21,85.21,85.21,0
DWS022,20160823,85.54,85.54,85.54,85.54,0
DWS022,20160824,85.70,85.70,85.70,85.70,0
DWS022,20160825,85.77,85.77,85.77,85.77,0
DWS022,20160826,86.02,86.02,86.02,86.02,0
DWS022,20160829,85.80,85.80,85.80,85.80,0
DWS022,20160830,85.25,85.25,85.25,85.25,0
DWS022,20160831,86.38,86.38,86.38,86.38,0
DWS022,20160901,85.85,85.85,85.85,85.85,0
DWS022,20160902,86.41,86.41,86.41,86.41,0
DWS022,20160905,86.79,86.79,86.79,86.79,0
DWS022,20160906,86.57,86.57,86.57,86.57,0
DWS022,20161006,87.11,87.11,87.11,87.11,0
DWS022,20161007,87.32,87.32,87.32,87.32,0
DWS022,20161010,87.07,87.07,87.07,87.07,0
DWS022,20161011,87.29,87.29,87.29,87.29,0
DWS022,20161012,87.14,87.14,87.14,87.14,0
DWS022,20161013,86.40,86.40,86.40,86.40,0
DWS022,20161014,86.49,86.49,86.49,86.49,0
DWS022,20161017,86.37,86.37,86.37,86.37,0
DWS022,20161018,86.91,86.91,86.91,86.91,0
DWS022,20161019,87.04,87.04,87.04,87.04,0
DWS022,20161020,87.22,87.22,87.22,87.22,0
DWS022,20161021,86.82,86.82,86.82,86.82,0
DWS022,20161024,86.38,86.38,86.38,86.38,0
DWS022,20161025,85.86,85.86,85.86,85.86,0
DWS022,20161026,85.18,85.18,85.18,85.18,0
DWS022,20161027,85.43,85.43,85.43,85.43,0
DWS022,20161028,85.24,85.24,85.24,85.24,0
DWS022,20161031,85.62,85.62,85.62,85.62,0
DWS022,20161102,84.68,84.68,84.68,84.68,0
DWS022,20161103,84.22,84.22,84.22,84.22,0
DWS022,20161104,84.17,84.17,84.17,84.17,0
DWS022,20161107,84.12,84.12,84.12,84.12,0
DWS022,20161108,83.76,83.76,83.76,83.76,0
DWS022,20161109,84.92,84.92,84.92,84.92,0
DWS022,20161110,84.91,84.91,84.91,84.91,0
DWS022,20161114,84.38,84.38,84.38,84.38,0
DWS022,20161115,84.12,84.12,84.12,84.12,0
DWS022,20161116,83.55,83.55,83.55,83.55,0
DWS022,20161117,83.47,83.47,83.47,83.47,0
DWS022,20161118,83.58,83.58,83.58,83.58,0
DWS022,20161121,83.23,83.23,83.23,83.23,0
DWS022,20161122,84.09,84.09,84.09,84.09,0
DWS022,20161123,83.80,83.80,83.80,83.80,0
DWS022,20161124,84.98,84.98,84.98,84.98,0
DWS022,20161125,85.20,85.20,85.20,85.20,0
DWS022,20161128,85.76,85.76,85.76,85.76,0
DWS022,20161129,87.02,87.02,87.02,87.02,0
DWS022,20161130,86.14,86.14,86.14,86.14,0
DWS022,20161201,86.50,86.50,86.50,86.50,0
DWS022,20161202,86.43,86.43,86.43,86.43,0
DWS022,20161205,87.22,87.22,87.22,87.22,0
DWS022,20161206,87.80,87.80,87.80,87.80,0
DWS022,20161207,87.66,87.66,87.66,87.66,0
DWS022,20161208,88.24,88.24,88.24,88.24,0
DWS022,20161209,87.62,87.62,87.62,87.62,0
DWS022,20161212,86.77,86.77,86.77,86.77,0
DWS022,20161213,87.47,87.47,87.47,87.47,0
DWS022,20161214,87.25,87.25,87.25,87.25,0
DWS022,20161215,87.93,87.93,87.93,87.93,0
DWS022,20161216,87.89,87.89,87.89,87.89,0
DWS022,20161219,87.43,87.43,87.43,87.43,0
DWS022,20161220,87.82,87.82,87.82,87.82,0
DWS022,20161221,87.78,87.78,87.78,87.78,0
DWS022,20161222,87.83,87.83,87.83,87.83,0
DWS022,20161223,88.70,88.70,88.70,88.70,0
DWS022,20161227,88.99,88.99,88.99,88.99,0
DWS022,20161228,88.52,88.52,88.52,88.52,0
DWS022,20161229,89.93,89.93,89.93,89.93,0
DWS022,20161230,89.84,89.84,89.84,89.84,0
DWS022,20170102,90.71,90.71,90.71,90.71,0
DWS022,20170103,91.20,91.20,91.20,91.20,0
DWS022,20170104,90.86,90.86,90.86,90.86,0
DWS022,20170105,91.49,91.49,91.49,91.49,0
DWS022,20170109,91.72,91.72,91.72,91.72,0
DWS022,20170110,91.78,91.78,91.78,91.78,0
DWS022,20170111,92.26,92.26,92.26,92.26,0
DWS022,20170112,92.57,92.57,92.57,92.57,0
DWS022,20170113,92.53,92.53,92.53,92.53,0
DWS022,20170116,92.21,92.21,92.21,92.21,0
DWS022,20170117,91.84,91.84,91.84,91.84,0
DWS022,20170118,92.28,92.28,92.28,92.28,0
DWS022,20170119,92.44,92.44,92.44,92.44,0
DWS022,20170120,92.59,92.59,92.59,92.59,0
DWS022,20170123,92.94,92.94,92.94,92.94,0
DWS022,20170124,93.77,93.77,93.77,93.77,0
DWS022,20170125,94.30,94.30,94.30,94.30,0
DWS022,20170126,94.36,94.36,94.36,94.36,0
DWS022,20170127,94.52,94.52,94.52,94.52,0
DWS022,20170130,94.49,94.49,94.49,94.49,0
DWS022,20170131,94.63,94.63,94.63,94.63,0
DWS022,20170201,94.66,94.66,94.66,94.66,0
DWS022,20170202,94.49,94.49,94.49,94.49,0
DWS022,20170203,94.16,94.16,94.16,94.16,0
DWS022,20170206,93.81,93.81,93.81,93.81,0
DWS022,20170207,94.05,94.05,94.05,94.05,0
DWS022,20170208,93.75,93.75,93.75,93.75,0
DWS022,20170209,94.10,94.10,94.10,94.10,0
DWS022,20170210,94.29,94.29,94.29,94.29,0
DWS022,20170213,95.04,95.04,95.04,95.04,0
DWS022,20170214,95.16,95.16,95.16,95.16,0
DWS022,20170215,95.39,95.39,95.39,95.39,0
DWS022,20170216,96.39,96.39,96.39,96.39,0
DWS022,20170217,96.18,96.18,96.18,96.18,0
DWS022,20170220,96.29,96.29,96.29,96.29,0
DWS022,20170221,97.06,97.06,97.06,97.06,0
DWS022,20170222,97.23,97.23,97.23,97.23,0
DWS022,20170223,98.95,98.95,98.95,98.95,0
DWS022,20170224,98.49,98.49,98.49,98.49,0
DWS022,20170227,99.22,99.22,99.22,99.22,0
DWS022,20170228,98.99,98.99,98.99,98.99,0
DWS022,20170301,100.01,100.01,100.01,100.01,0
DWS022,20170302,100.31,100.31,100.31,100.31,0
DWS022,20170303,99.88,99.88,99.88,99.88,0
DWS022,20170306,99.28,99.28,99.28,99.28,0
DWS022,20170307,98.83,98.83,98.83,98.83,0
DWS022,20170308,99.12,99.12,99.12,99.12,0
DWS022,20170309,98.81,98.81,98.81,98.81,0
DWS022,20170310,100.03,100.03,100.03,100.03,0
DWS022,20170313,100.65,100.65,100.65,100.65,0
DWS022,20170314,100.82,100.82,100.82,100.82,0
DWS022,20170315,100.85,100.85,100.85,100.85,0
DWS022,20170316,101.40,101.40,101.40,101.40,0
DWS022,20170317,101.65,101.65,101.65,101.65,0
DWS022,20170320,101.54,101.54,101.54,101.54,0
DWS022,20170321,101.21,101.21,101.21,101.21,0
DWS022,20170322,100.42,100.42,100.42,100.42,0
DWS022,20170323,101.10,101.10,101.10,101.10,0
DWS022,20170324,101.26,101.26,101.26,101.26,0
DWS022,20170327,100.77,100.77,100.77,100.77,0
DWS022,20170328,101.83,101.83,101.83,101.83,0
DWS022,20170329,102.16,102.16,102.16,102.16,0
DWS022,20170330,102.19,102.19,102.19,102.19,0
DWS022,20170331,102.49,102.49,102.49,102.49,0
DWS022,20170403,102.53,102.53,102.53,102.53,0
DWS022,20170404,102.73,102.73,102.73,102.73,0
DWS022,20170405,102.70,102.70,102.70,102.70,0
DWS022,20170406,102.10,102.10,102.10,102.10,0
DWS022,20170407,102.16,102.16,102.16,102.16,0
DWS022,20170410,101.87,101.87,101.87,101.87,0
DWS022,20170411,100.84,100.84,100.84,100.84,0
DWS022,20170412,101.23,101.23,101.23,101.23,0
DWS022,20170413,100.78,100.78,100.78,100.78,0
DWS022,20170418,100.47,100.47,100.47,100.47,0
DWS022,20170419,100.61,100.61,100.61,100.61,0
DWS022,20170420,100.85,100.85,100.85,100.85,0
DWS022,20170421,100.36,100.36,100.36,100.36,0
DWS022,20170424,101.08,101.08,101.08,101.08,0
DWS022,20170425,101.27,101.27,101.27,101.27,0
DWS022,20170426,100.33,100.33,100.33,100.33,0
DWS022,20170427,100.94,100.94,100.94,100.94,0
DWS022,20170428,101.47,101.47,101.47,101.47,0
DWS022,20170502,101.95,101.95,101.95,101.95,0
DWS022,20170504,101.54,101.54,101.54,101.54,0
DWS022,20170505,101.51,101.51,101.51,101.51,0
DWS022,20170508,101.47,101.47,101.47,101.47,0
DWS022,20170509,101.41,101.41,101.41,101.41,0
DWS022,20170510,101.22,101.22,101.22,101.22,0
DWS022,20170511,100.84,100.84,100.84,100.84,0
DWS022,20170512,100.73,100.73,100.73,100.73,0
DWS022,20170515,101.63,101.63,101.63,101.63,0
DWS022,20170516,101.74,101.74,101.74,101.74,0
DWS022,20170517,100.78,100.78,100.78,100.78,0
DWS022,20170518,100.88,100.88,100.88,100.88,0
DWS022,20170519,102.23,102.23,102.23,102.23,0
DWS022,20170522,102.14,102.14,102.14,102.14,0
DWS022,20170523,102.26,102.26,102.26,102.26,0
DWS022,20170524,103.00,103.00,103.00,103.00,0
DWS022,20170525,103.97,103.97,103.97,103.97,0
DWS022,20170526,104.04,104.04,104.04,104.04,0
DWS022,20170529,104.03,104.03,104.03,104.03,0
DWS022,20170530,103.98,103.98,103.98,103.98,0
DWS022,20170531,103.78,103.78,103.78,103.78,0
DWS022,20170601,104.76,104.76,104.76,104.76,0
DWS022,20170602,105.85,105.85,105.85,105.85,0
DWS022,20170605,105.67,105.67,105.67,105.67,0
DWS022,20170606,105.80,105.80,105.80,105.80,0
DWS022,20170607,106.11,106.11,106.11,106.11,0
DWS022,20170608,107.51,107.51,107.51,107.51,0
DWS022,20170609,106.68,106.68,106.68,106.68,0
DWS022,20170612,104.00,104.00,104.00,104.00,0
DWS022,20170613,105.22,105.22,105.22,105.22,0
DWS022,20170614,104.36,104.36,104.36,104.36,0
DWS022,20170616,104.71,104.71,104.71,104.71,0
DWS022,20170619,105.99,105.99,105.99,105.99,0
DWS022,20170620,105.33,105.33,105.33,105.33,0
DWS022,20170621,105.54,105.54,105.54,105.54,0
DWS022,20170622,106.02,106.02,106.02,106.02,0
DWS022,20170623,105.80,105.80,105.80,105.80,0
DWS022,20170626,106.11,106.11,106.11,106.11,0
DWS022,20170627,104.55,104.55,104.55,104.55,0
DWS022,20170628,105.13,105.13,105.13,105.13,0
DWS022,20170629,103.51,103.51,103.51,103.51,0
DWS022,20170630,103.60,103.60,103.60,103.60,0
DWS022,20170703,103.46,103.46,103.46,103.46,0
DWS022,20170704,103.22,103.22,103.22,103.22,0
DWS022,20170705,103.39,103.39,103.39,103.39,0
DWS022,20170706,103.21,103.21,103.21,103.21,0
DWS022,20170707,103.84,103.84,103.84,103.84,0
DWS022,20170710,104.44,104.44,104.44,104.44,0
DWS022,20170711,104.74,104.74,104.74,104.74,0
DWS022,20170712,106.42,106.42,106.42,106.42,0
DWS022,20170713,106.47,106.47,106.47,106.47,0
DWS022,20170714,107.22,107.22,107.22,107.22,0
DWS022,20170717,107.43,107.43,107.43,107.43,0
DWS022,20170718,106.58,106.58,106.58,106.58,0
DWS022,20170719,107.25,107.25,107.25,107.25,0
DWS022,20170720,108.47,108.47,108.47,108.47,0
DWS022,20170721,107.82,107.82,107.82,107.82,0
DWS022,20170724,107.34,107.34,107.34,107.34,0
DWS022,20170725,107.20,107.20,107.20,107.20,0
DWS022,20170726,107.25,107.25,107.25,107.25,0
DWS022,20170727,107.21,107.21,107.21,107.21,0
DWS022,20170728,107.05,107.05,107.05,107.05,0
DWS022,20170731,106.34,106.34,106.34,106.34,0
DWS022,20170801,106.82,106.82,106.82,106.82,0
DWS022,20170802,105.64,105.64,105.64,105.64,0
DWS022,20170803,105.52,105.52,105.52,105.52,0
DWS022,20170804,106.21,106.21,106.21,106.21,0
DWS022,20170807,106.63,106.63,106.63,106.63,0
DWS022,20170808,106.59,106.59,106.59,106.59,0
DWS022,20170809,106.07,106.07,106.07,106.07,0
DWS022,20170810,104.54,104.54,104.54,104.54,0
DWS022,20170811,103.56,103.56,103.56,103.56,0
DWS022,20170814,105.39,105.39,105.39,105.39,0
DWS022,20170816,106.46,106.46,106.46,106.46,0
DWS022,20170817,105.78,105.78,105.78,105.78,0
DWS022,20170818,105.37,105.37,105.37,105.37,0
DWS022,20170821,105.06,105.06,105.06,105.06,0
DWS022,20170822,105.96,105.96,105.96,105.96,0
DWS022,20170823,106.01,106.01,106.01,106.01,0
DWS022,20170824,106.19,106.19,106.19,106.19,0
DWS022,20170825,106.61,106.61,106.61,106.61,0
DWS022,20170828,106.13,106.13,106.13,106.13,0
DWS022,20170829,105.20,105.20,105.20,105.20,0
DWS022,20170830,105.80,105.80,105.80,105.80,0
DWS022,20170831,107.11,107.11,107.11,107.11,0
DWS022,20170901,107.41,107.41,107.41,107.41,0
DWS022,20170904,107.11,107.11,107.11,107.11,0
DWS022,20170905,106.12,106.12,106.12,106.12,0
DWS022,20170906,105.75,105.75,105.75,105.75,0
DWS022,20170907,106.76,106.76,106.76,106.76,0
DWS022,20170908,106.93,106.93,106.93,106.93,0
DWS022,20170911,108.38,108.38,108.38,108.38,0
DWS022,20170912,108.87,108.87,108.87,108.87,0
DWS022,20170913,109.38,109.38,109.38,109.38,0
DWS022,20170914,109.19,109.19,109.19,109.19,0
DWS022,20170915,109.29,109.29,109.29,109.29,0
DWS022,20170918,110.47,110.47,110.47,110.47,0
DWS022,20170919,111.23,111.23,111.23,111.23,0
DWS022,20170920,111.41,111.41,111.41,111.41,0
DWS022,20170921,111.23,111.23,111.23,111.23,0
