Name,Date,Open,High,Low,Close,Volume
DWS020,20080128,100.48,100.48,100.48,100.48,0
DWS020,20080129,100.48,100.48,100.48,100.48,0
DWS020,20080130,100.48,100.48,100.48,100.48,0
DWS020,20080131,100.47,100.47,100.47,100.47,0
DWS020,20080201,100.46,100.46,100.46,100.46,0
DWS020,20080204,100.47,100.47,100.47,100.47,0
DWS020,20080205,100.47,100.47,100.47,100.47,0
DWS020,20080206,100.47,100.47,100.47,100.47,0
DWS020,20080207,100.40,100.40,100.40,100.40,0
DWS020,20080208,100.12,100.12,100.12,100.12,0
DWS020,20080211,100.40,100.40,100.40,100.40,0
DWS020,20080212,99.49,99.49,99.49,99.49,0
DWS020,20080213,99.67,99.67,99.67,99.67,0
DWS020,20080214,99.93,99.93,99.93,99.93,0
DWS020,20080215,102.12,102.12,102.12,102.12,0
DWS020,20080218,102.23,102.23,102.23,102.23,0
DWS020,20080219,101.98,101.98,101.98,101.98,0
DWS020,20080220,102.45,102.45,102.45,102.45,0
DWS020,20080221,100.01,100.01,100.01,100.01,0
DWS020,20080222,99.94,99.94,99.94,99.94,0
DWS020,20080225,98.41,98.41,98.41,98.41,0
DWS020,20080226,98.33,98.33,98.33,98.33,0
DWS020,20080227,99.32,99.32,99.32,99.32,0
DWS020,20080228,100.20,100.20,100.20,100.20,0
DWS020,20080229,101.35,101.35,101.35,101.35,0
DWS020,20080303,99.41,99.41,99.41,99.41,0
DWS020,20080304,96.33,96.33,96.33,96.33,0
DWS020,20080305,95.03,95.03,95.03,95.03,0
DWS020,20080306,94.07,94.07,94.07,94.07,0
DWS020,20080307,95.33,95.33,95.33,95.33,0
DWS020,20080310,92.65,92.65,92.65,92.65,0
DWS020,20080311,90.30,90.30,90.30,90.30,0
DWS020,20080312,90.96,90.96,90.96,90.96,0
DWS020,20080313,92.62,92.62,92.62,92.62,0
DWS020,20080314,89.41,89.41,89.41,89.41,0
DWS020,20080317,88.73,88.73,88.73,88.73,0
DWS020,20080318,85.71,85.71,85.71,85.71,0
DWS020,20080319,86.74,86.74,86.74,86.74,0
DWS020,20080320,88.66,88.66,88.66,88.66,0
DWS020,20080325,87.30,87.30,87.30,87.30,0
DWS020,20080326,91.64,91.64,91.64,91.64,0
DWS020,20080327,91.97,91.97,91.97,91.97,0
DWS020,20080328,92.30,92.30,92.30,92.30,0
DWS020,20080331,93.74,93.74,93.74,93.74,0
DWS020,20080401,92.92,92.92,92.92,92.92,0
DWS020,20080402,93.50,93.50,93.50,93.50,0
DWS020,20080403,96.05,96.05,96.05,96.05,0
DWS020,20080404,97.35,97.35,97.35,97.35,0
DWS020,20080407,96.92,96.92,96.92,96.92,0
DWS020,20080408,97.82,97.82,97.82,97.82,0
DWS020,20080409,96.69,96.69,96.69,96.69,0
DWS020,20080410,94.99,94.99,94.99,94.99,0
DWS020,20080411,94.41,94.41,94.41,94.41,0
DWS020,20080414,95.35,95.35,95.35,95.35,0
DWS020,20080415,93.03,93.03,93.03,93.03,0
DWS020,20080416,93.32,93.32,93.32,93.32,0
DWS020,20080417,94.19,94.19,94.19,94.19,0
DWS020,20080418,95.54,95.54,95.54,95.54,0
DWS020,20080421,95.74,95.74,95.74,95.74,0
DWS020,20080422,96.40,96.40,96.40,96.40,0
DWS020,20080423,96.34,96.34,96.34,96.34,0
DWS020,20080424,97.07,97.07,97.07,97.07,0
DWS020,20080425,97.43,97.43,97.43,97.43,0
DWS020,20080428,98.11,98.11,98.11,98.11,0
DWS020,20080429,98.93,98.93,98.93,98.93,0
DWS020,20080430,99.44,99.44,99.44,99.44,0
DWS020,20080505,100.61,100.61,100.61,100.61,0
DWS020,20080506,100.80,100.80,100.80,100.80,0
DWS020,20080507,100.45,100.45,100.45,100.45,0
DWS020,20080508,99.91,99.91,99.91,99.91,0
DWS020,20080509,98.95,98.95,98.95,98.95,0
DWS020,20080512,97.41,97.41,97.41,97.41,0
DWS020,20080513,97.37,97.37,97.37,97.37,0
DWS020,20080514,97.90,97.90,97.90,97.90,0
DWS020,20080515,98.69,98.69,98.69,98.69,0
DWS020,20080516,98.11,98.11,98.11,98.11,0
DWS020,20080519,98.23,98.23,98.23,98.23,0
DWS020,20080520,98.67,98.67,98.67,98.67,0
DWS020,20080521,96.35,96.35,96.35,96.35,0
DWS020,20080523,94.57,94.57,94.57,94.57,0
DWS020,20080526,93.75,93.75,93.75,93.75,0
DWS020,20080527,93.07,93.07,93.07,93.07,0
DWS020,20080528,94.74,94.74,94.74,94.74,0
DWS020,20080529,94.22,94.22,94.22,94.22,0
DWS020,20080530,95.28,95.28,95.28,95.28,0
DWS020,20080602,95.63,95.63,95.63,95.63,0
DWS020,20080603,96.27,96.27,96.27,96.27,0
DWS020,20080604,95.20,95.20,95.20,95.20,0
DWS020,20080605,94.61,94.61,94.61,94.61,0
DWS020,20080606,93.63,93.63,93.63,93.63,0
DWS020,20080609,93.23,93.23,93.23,93.23,0
DWS020,20080610,92.65,92.65,92.65,92.65,0
DWS020,20080611,90.47,90.47,90.47,90.47,0
DWS020,20080612,89.19,89.19,89.19,89.19,0
DWS020,20080613,88.38,88.38,88.38,88.38,0
DWS020,20080616,88.03,88.03,88.03,88.03,0
DWS020,20080617,89.42,89.42,89.42,89.42,0
DWS020,20080618,89.79,89.79,89.79,89.79,0
DWS020,20080619,90.55,90.55,90.55,90.55,0
DWS020,20080620,88.60,88.60,88.60,88.60,0
DWS020,20080623,88.06,88.06,88.06,88.06,0
DWS020,20080624,88.05,88.05,88.05,88.05,0
DWS020,20080625,86.25,86.25,86.25,86.25,0
DWS020,20080626,85.77,85.77,85.77,85.77,0
DWS020,20080627,85.06,85.06,85.06,85.06,0
DWS020,20080630,83.49,83.49,83.49,83.49,0
DWS020,20080701,83.19,83.19,83.19,83.19,0
DWS020,20080702,82.63,82.63,82.63,82.63,0
DWS020,20080703,81.17,81.17,81.17,81.17,0
DWS020,20080704,80.42,80.42,80.42,80.42,0
DWS020,20080707,79.90,79.90,79.90,79.90,0
DWS020,20080708,80.93,80.93,80.93,80.93,0
DWS020,20080709,80.32,80.32,80.32,80.32,0
DWS020,20080710,81.25,81.25,81.25,81.25,0
DWS020,20080711,81.39,81.39,81.39,81.39,0
DWS020,20080714,81.12,81.12,81.12,81.12,0
DWS020,20080715,80.20,80.20,80.20,80.20,0
DWS020,20080716,77.49,77.49,77.49,77.49,0
DWS020,20080717,78.05,78.05,78.05,78.05,0
DWS020,20080718,79.09,79.09,79.09,79.09,0
DWS020,20080721,79.33,79.33,79.33,79.33,0
DWS020,20080722,80.79,80.79,80.79,80.79,0
DWS020,20080723,80.96,80.96,80.96,80.96,0
DWS020,20080724,83.23,83.23,83.23,83.23,0
DWS020,20080725,83.55,83.55,83.55,83.55,0
DWS020,20080728,83.02,83.02,83.02,83.02,0
DWS020,20080729,82.83,82.83,82.83,82.83,0
DWS020,20080730,82.59,82.59,82.59,82.59,0
DWS020,20080731,83.01,83.01,83.01,83.01,0
DWS020,20080801,82.94,82.94,82.94,82.94,0
DWS020,20080804,82.03,82.03,82.03,82.03,0
DWS020,20080805,81.48,81.48,81.48,81.48,0
DWS020,20080806,80.79,80.79,80.79,80.79,0
DWS020,20080807,81.61,81.61,81.61,81.61,0
DWS020,20080808,80.98,80.98,80.98,80.98,0
DWS020,20080811,80.82,80.82,80.82,80.82,0
DWS020,20080812,81.83,81.83,81.83,81.83,0
DWS020,20080813,81.80,81.80,81.80,81.80,0
DWS020,20080814,81.50,81.50,81.50,81.50,0
DWS020,20080818,80.53,80.53,80.53,80.53,0
DWS020,20080819,80.45,80.45,80.45,80.45,0
DWS020,20080820,79.34,79.34,79.34,79.34,0
DWS020,20080821,79.73,79.73,79.73,79.73,0
DWS020,20080822,78.97,78.97,78.97,78.97,0
DWS020,20080825,78.82,78.82,78.82,78.82,0
DWS020,20080826,79.66,79.66,79.66,79.66,0
DWS020,20080827,79.42,79.42,79.42,79.42,0
DWS020,20080828,79.61,79.61,79.61,79.61,0
DWS020,20080829,79.14,79.14,79.14,79.14,0
DWS020,20080901,80.38,80.38,80.38,80.38,0
DWS020,20080902,79.95,79.95,79.95,79.95,0
DWS020,20080903,79.89,79.89,79.89,79.89,0
DWS020,20080904,79.58,79.58,79.58,79.58,0
DWS020,20080905,78.39,78.39,78.39,78.39,0
DWS020,20080908,77.18,77.18,77.18,77.18,0
DWS020,20080909,79.57,79.57,79.57,79.57,0
DWS020,20080910,78.95,78.95,78.95,78.95,0
DWS020,20080911,78.00,78.00,78.00,78.00,0
DWS020,20080912,76.90,76.90,76.90,76.90,0
DWS020,20080915,77.46,77.46,77.46,77.46,0
DWS020,20080916,77.10,77.10,77.10,77.10,0
DWS020,20080917,74.27,74.27,74.27,74.27,0
DWS020,20080918,73.57,73.57,73.57,73.57,0
DWS020,20080919,72.76,72.76,72.76,72.76,0
DWS020,20080922,74.81,74.81,74.81,74.81,0
DWS020,20080923,75.43,75.43,75.43,75.43,0
DWS020,20080924,75.31,75.31,75.31,75.31,0
DWS020,20080925,73.28,73.28,73.28,73.28,0
DWS020,20080926,73.60,73.60,73.60,73.60,0
DWS020,20080929,73.26,73.26,73.26,73.26,0
DWS020,20080930,71.73,71.73,71.73,71.73,0
DWS020,20081001,70.99,70.99,70.99,70.99,0
DWS020,20081002,70.74,70.74,70.74,70.74,0
DWS020,20081003,70.62,70.62,70.62,70.62,0
DWS020,20081006,70.09,70.09,70.09,70.09,0
DWS020,20081007,65.77,65.77,65.77,65.77,0
DWS020,20081008,65.14,65.14,65.14,65.14,0
DWS020,20081009,63.08,63.08,63.08,63.08,0
DWS020,20081010,62.28,62.28,62.28,62.28,0
DWS020,20081013,59.07,59.07,59.07,59.07,0
DWS020,20081014,59.63,59.63,59.63,59.63,0
DWS020,20081015,65.06,65.06,65.06,65.06,0
DWS020,20081016,63.59,63.59,63.59,63.59,0
DWS020,20081017,61.29,61.29,61.29,61.29,0
DWS020,20081020,61.32,61.32,61.32,61.32,0
DWS020,20081021,63.81,63.81,63.81,63.81,0
DWS020,20081022,65.23,65.23,65.23,65.23,0
DWS020,20081023,61.62,61.62,61.62,61.62,0
DWS020,20081024,61.50,61.50,61.50,61.50,0
DWS020,20081027,58.53,58.53,58.53,58.53,0
DWS020,20081028,56.13,56.13,56.13,56.13,0
DWS020,20081029,55.34,55.34,55.34,55.34,0
DWS020,20081030,57.45,57.45,57.45,57.45,0
DWS020,20081031,60.08,60.08,60.08,60.08,0
DWS020,20081103,60.88,60.88,60.88,60.88,0
DWS020,20081104,61.37,61.37,61.37,61.37,0
DWS020,20081105,63.31,63.31,63.31,63.31,0
DWS020,20081106,65.13,65.13,65.13,65.13,0
DWS020,20081107,63.23,63.23,63.23,63.23,0
DWS020,20081110,62.96,62.96,62.96,62.96,0
DWS020,20081112,61.08,61.08,61.08,61.08,0
DWS020,20081113,60.02,60.02,60.02,60.02,0
DWS020,20081114,58.50,58.50,58.50,58.50,0
DWS020,20081117,57.77,57.77,57.77,57.77,0
DWS020,20081118,56.18,56.18,56.18,56.18,0
DWS020,20081119,55.08,55.08,55.08,55.08,0
DWS020,20081120,53.50,53.50,53.50,53.50,0
DWS020,20081121,51.92,51.92,51.92,51.92,0
DWS020,20081124,53.21,53.21,53.21,53.21,0
DWS020,20081125,53.22,53.22,53.22,53.22,0
DWS020,20081126,54.88,54.88,54.88,54.88,0
DWS020,20081127,55.76,55.76,55.76,55.76,0
DWS020,20081128,57.04,57.04,57.04,57.04,0
DWS020,20081201,57.62,57.62,57.62,57.62,0
DWS020,20081202,56.78,56.78,56.78,56.78,0
DWS020,20081203,55.52,55.52,55.52,55.52,0
DWS020,20081204,55.48,55.48,55.48,55.48,0
DWS020,20081205,55.26,55.26,55.26,55.26,0
DWS020,20081208,55.64,55.64,55.64,55.64,0
DWS020,20081209,57.17,57.17,57.17,57.17,0
DWS020,20081210,57.24,57.24,57.24,57.24,0
DWS020,20081211,59.14,59.14,59.14,59.14,0
DWS020,20081212,58.68,58.68,58.68,58.68,0
DWS020,20081215,57.36,57.36,57.36,57.36,0
DWS020,20081216,58.23,58.23,58.23,58.23,0
DWS020,20081217,57.95,57.95,57.95,57.95,0
DWS020,20081218,58.76,58.76,58.76,58.76,0
DWS020,20081219,58.96,58.96,58.96,58.96,0
DWS020,20081222,58.83,58.83,58.83,58.83,0
DWS020,20081223,58.22,58.22,58.22,58.22,0
DWS020,20081229,58.14,58.14,58.14,58.14,0
DWS020,20081230,57.70,57.70,57.70,57.70,0
DWS020,20081231,57.72,57.72,57.72,57.72,0
DWS020,20090105,58.48,58.48,58.48,58.48,0
DWS020,20090106,60.15,60.15,60.15,60.15,0
DWS020,20090107,60.17,60.17,60.17,60.17,0
DWS020,20090108,59.88,59.88,59.88,59.88,0
DWS020,20090109,58.34,58.34,58.34,58.34,0
DWS020,20090112,57.98,57.98,57.98,57.98,0
DWS020,20090113,57.40,57.40,57.40,57.40,0
DWS020,20090114,55.82,55.82,55.82,55.82,0
DWS020,20090115,55.09,55.09,55.09,55.09,0
DWS020,20090116,54.40,54.40,54.40,54.40,0
DWS020,20090119,54.46,54.46,54.46,54.46,0
DWS020,20090120,54.12,54.12,54.12,54.12,0
DWS020,20090121,52.76,52.76,52.76,52.76,0
DWS020,20090122,52.31,52.31,52.31,52.31,0
DWS020,20090123,52.70,52.70,52.70,52.70,0
DWS020,20090126,52.23,52.23,52.23,52.23,0
DWS020,20090127,52.99,52.99,52.99,52.99,0
DWS020,20090128,52.87,52.87,52.87,52.87,0
DWS020,20090129,52.53,52.53,52.53,52.53,0
DWS020,20090130,53.40,53.40,53.40,53.40,0
DWS020,20090202,52.99,52.99,52.99,52.99,0
DWS020,20090203,52.00,52.00,52.00,52.00,0
DWS020,20090204,51.63,51.63,51.63,51.63,0
DWS020,20090205,51.62,51.62,51.62,51.62,0
DWS020,20090206,52.18,52.18,52.18,52.18,0
DWS020,20090209,52.55,52.55,52.55,52.55,0
DWS020,20090210,52.98,52.98,52.98,52.98,0
DWS020,20090211,53.15,53.15,53.15,53.15,0
DWS020,20090212,52.55,52.55,52.55,52.55,0
DWS020,20090213,51.96,51.96,51.96,51.96,0
DWS020,20090216,51.80,51.80,51.80,51.80,0
DWS020,20090217,50.98,50.98,50.98,50.98,0
DWS020,20090218,49.62,49.62,49.62,49.62,0
DWS020,20090219,49.71,49.71,49.71,49.71,0
DWS020,20090220,49.04,49.04,49.04,49.04,0
DWS020,20090223,48.87,48.87,48.87,48.87,0
DWS020,20090224,48.53,48.53,48.53,48.53,0
DWS020,20090225,49.24,49.24,49.24,49.24,0
DWS020,20090226,48.91,48.91,48.91,48.91,0
DWS020,20090227,49.28,49.28,49.28,49.28,0
DWS020,20090302,48.74,48.74,48.74,48.74,0
DWS020,20090303,48.39,48.39,48.39,48.39,0
DWS020,20090304,48.91,48.91,48.91,48.91,0
DWS020,20090305,49.72,49.72,49.72,49.72,0
DWS020,20090306,49.74,49.74,49.74,49.74,0
DWS020,20090309,49.04,49.04,49.04,49.04,0
DWS020,20090310,48.69,48.69,48.69,48.69,0
DWS020,20090311,49.39,49.39,49.39,49.39,0
DWS020,20090312,49.49,49.49,49.49,49.49,0
DWS020,20090313,49.59,49.59,49.59,49.59,0
DWS020,20090316,50.23,50.23,50.23,50.23,0
DWS020,20090317,50.86,50.86,50.86,50.86,0
DWS020,20090318,51.29,51.29,51.29,51.29,0
DWS020,20090319,51.62,51.62,51.62,51.62,0
DWS020,20090320,51.91,51.91,51.91,51.91,0
DWS020,20090323,52.71,52.71,52.71,52.71,0
DWS020,20090324,53.16,53.16,53.16,53.16,0
DWS020,20090325,54.31,54.31,54.31,54.31,0
DWS020,20090326,55.18,55.18,55.18,55.18,0
DWS020,20090327,54.99,54.99,54.99,54.99,0
DWS020,20090330,55.00,55.00,55.00,55.00,0
DWS020,20090331,53.60,53.60,53.60,53.60,0
DWS020,20090401,53.70,53.70,53.70,53.70,0
DWS020,20090402,54.72,54.72,54.72,54.72,0
DWS020,20090403,56.80,56.80,56.80,56.80,0
DWS020,20090406,57.58,57.58,57.58,57.58,0
DWS020,20090407,57.56,57.56,57.56,57.56,0
DWS020,20090408,58.09,58.09,58.09,58.09,0
DWS020,20090409,58.48,58.48,58.48,58.48,0
DWS020,20090414,60.66,60.66,60.66,60.66,0
DWS020,20090415,60.08,60.08,60.08,60.08,0
DWS020,20090416,60.12,60.12,60.12,60.12,0
DWS020,20090417,59.74,59.74,59.74,59.74,0
DWS020,20090420,59.57,59.57,59.57,59.57,0
DWS020,20090421,59.65,59.65,59.65,59.65,0
DWS020,20090422,59.88,59.88,59.88,59.88,0
DWS020,20090423,60.39,60.39,60.39,60.39,0
DWS020,20090424,60.80,60.80,60.80,60.80,0
DWS020,20090427,60.75,60.75,60.75,60.75,0
DWS020,20090428,59.81,59.81,59.81,59.81,0
DWS020,20090429,59.96,59.96,59.96,59.96,0
DWS020,20090430,60.49,60.49,60.49,60.49,0
DWS020,20090504,61.41,61.41,61.41,61.41,0
DWS020,20090505,61.47,61.47,61.47,61.47,0
DWS020,20090506,61.36,61.36,61.36,61.36,0
DWS020,20090507,61.98,61.98,61.98,61.98,0
DWS020,20090508,62.85,62.85,62.85,62.85,0
DWS020,20090511,62.76,62.76,62.76,62.76,0
DWS020,20090512,63.47,63.47,63.47,63.47,0
DWS020,20090513,63.41,63.41,63.41,63.41,0
DWS020,20090514,62.46,62.46,62.46,62.46,0
DWS020,20090515,61.87,61.87,61.87,61.87,0
DWS020,20090518,62.41,62.41,62.41,62.41,0
DWS020,20090519,63.26,63.26,63.26,63.26,0
DWS020,20090520,63.01,63.01,63.01,63.01,0
DWS020,20090521,62.69,62.69,62.69,62.69,0
DWS020,20090522,62.43,62.43,62.43,62.43,0
DWS020,20090525,61.58,61.58,61.58,61.58,0
DWS020,20090526,62.15,62.15,62.15,62.15,0
DWS020,20090527,62.75,62.75,62.75,62.75,0
DWS020,20090528,63.22,63.22,63.22,63.22,0
DWS020,20090529,63.15,63.15,63.15,63.15,0
DWS020,20090601,65.65,65.65,65.65,65.65,0
DWS020,20090602,66.53,66.53,66.53,66.53,0
DWS020,20090603,66.51,66.51,66.51,66.51,0
DWS020,20090604,66.91,66.91,66.91,66.91,0
DWS020,20090605,67.20,67.20,67.20,67.20,0
DWS020,20090608,66.24,66.24,66.24,66.24,0
DWS020,20090609,66.28,66.28,66.28,66.28,0
DWS020,20090610,67.38,67.38,67.38,67.38,0
DWS020,20090612,67.93,67.93,67.93,67.93,0
DWS020,20090615,67.07,67.07,67.07,67.07,0
DWS020,20090616,66.20,66.20,66.20,66.20,0
DWS020,20090617,65.44,65.44,65.44,65.44,0
DWS020,20090618,65.20,65.20,65.20,65.20,0
DWS020,20090619,65.50,65.50,65.50,65.50,0
DWS020,20090622,63.73,63.73,63.73,63.73,0
DWS020,20090623,63.70,63.70,63.70,63.70,0
DWS020,20090624,63.79,63.79,63.79,63.79,0
DWS020,20090625,64.59,64.59,64.59,64.59,0
DWS020,20090626,65.21,65.21,65.21,65.21,0
DWS020,20090629,65.10,65.10,65.10,65.10,0
DWS020,20090630,65.10,65.10,65.10,65.10,0
DWS020,20090701,65.10,65.10,65.10,65.10,0
DWS020,20090702,64.73,64.73,64.73,64.73,0
DWS020,20090703,65.00,65.00,65.00,65.00,0
DWS020,20090706,64.47,64.47,64.47,64.47,0
DWS020,20090707,64.31,64.31,64.31,64.31,0
DWS020,20090708,63.47,63.47,63.47,63.47,0
DWS020,20090709,63.38,63.38,63.38,63.38,0
DWS020,20090710,63.05,63.05,63.05,63.05,0
DWS020,20090713,62.57,62.57,62.57,62.57,0
DWS020,20090714,64.32,64.32,64.32,64.32,0
DWS020,20090715,65.36,65.36,65.36,65.36,0
DWS020,20090716,65.56,65.56,65.56,65.56,0
DWS020,20090717,65.95,65.95,65.95,65.95,0
DWS020,20090720,66.56,66.56,66.56,66.56,0
DWS020,20090721,67.07,67.07,67.07,67.07,0
DWS020,20090722,64.83,64.83,64.83,64.83,0
DWS020,20090723,67.21,67.21,67.21,67.21,0
DWS020,20090724,68.73,68.73,68.73,68.73,0
DWS020,20090727,69.16,69.16,69.16,69.16,0
DWS020,20090728,69.56,69.56,69.56,69.56,0
DWS020,20090729,68.04,68.04,68.04,68.04,0
DWS020,20090730,68.76,68.76,68.76,68.76,0
DWS020,20090731,68.91,68.91,68.91,68.91,0
DWS020,20090803,69.24,69.24,69.24,69.24,0
DWS020,20090804,68.96,68.96,68.96,68.96,0
DWS020,20090805,69.50,69.50,69.50,69.50,0
DWS020,20090806,70.46,70.46,70.46,70.46,0
DWS020,20090807,70.14,70.14,70.14,70.14,0
DWS020,20090810,70.46,70.46,70.46,70.46,0
DWS020,20090811,70.64,70.64,70.64,70.64,0
DWS020,20090812,70.53,70.53,70.53,70.53,0
DWS020,20090813,70.87,70.87,70.87,70.87,0
DWS020,20090814,71.15,71.15,71.15,71.15,0
DWS020,20090817,69.97,69.97,69.97,69.97,0
DWS020,20090818,70.07,70.07,70.07,70.07,0
DWS020,20090819,70.05,70.05,70.05,70.05,0
DWS020,20090820,71.41,71.41,71.41,71.41,0
DWS020,20090821,72.08,72.08,72.08,72.08,0
DWS020,20090824,73.25,73.25,73.25,73.25,0
DWS020,20090825,73.18,73.18,73.18,73.18,0
DWS020,20090826,72.95,72.95,72.95,72.95,0
DWS020,20090827,72.88,72.88,72.88,72.88,0
DWS020,20090828,73.61,73.61,73.61,73.61,0
DWS020,20090831,72.95,72.95,72.95,72.95,0
DWS020,20090901,71.99,71.99,71.99,71.99,0
DWS020,20090902,69.66,69.66,69.66,69.66,0
DWS020,20090903,69.91,69.91,69.91,69.91,0
DWS020,20090904,70.68,70.68,70.68,70.68,0
DWS020,20090907,72.00,72.00,72.00,72.00,0
DWS020,20090908,71.48,71.48,71.48,71.48,0
DWS020,20090909,71.86,71.86,71.86,71.86,0
DWS020,20090910,71.91,71.91,71.91,71.91,0
DWS020,20090911,72.30,72.30,72.30,72.30,0
DWS020,20090914,71.29,71.29,71.29,71.29,0
DWS020,20090915,71.86,71.86,71.86,71.86,0
DWS020,20090916,72.63,72.63,72.63,72.63,0
DWS020,20090917,73.13,73.13,73.13,73.13,0
DWS020,20090918,72.77,72.77,72.77,72.77,0
DWS020,20090921,72.52,72.52,72.52,72.52,0
DWS020,20090922,73.34,73.34,73.34,73.34,0
DWS020,20090923,73.33,73.33,73.33,73.33,0
DWS020,20090924,72.71,72.71,72.71,72.71,0
DWS020,20090925,72.44,72.44,72.44,72.44,0
DWS020,20090928,72.70,72.70,72.70,72.70,0
DWS020,20090929,73.27,73.27,73.27,73.27,0
DWS020,20090930,72.83,72.83,72.83,72.83,0
DWS020,20091001,73.33,73.33,73.33,73.33,0
DWS020,20091002,70.90,70.90,70.90,70.90,0
DWS020,20091005,71.26,71.26,71.26,71.26,0
DWS020,20091006,72.37,72.37,72.37,72.37,0
DWS020,20091007,72.52,72.52,72.52,72.52,0
DWS020,20091008,73.04,73.04,73.04,73.04,0
DWS020,20091009,73.16,73.16,73.16,73.16,0
DWS020,20091012,73.18,73.18,73.18,73.18,0
DWS020,20091013,72.49,72.49,72.49,72.49,0
DWS020,20091014,73.33,73.33,73.33,73.33,0
DWS020,20091015,73.63,73.63,73.63,73.63,0
DWS020,20091016,72.82,72.82,72.82,72.82,0
DWS020,20091019,73.21,73.21,73.21,73.21,0
DWS020,20091020,73.92,73.92,73.92,73.92,0
DWS020,20091021,74.04,74.04,74.04,74.04,0
DWS020,20091022,73.20,73.20,73.20,73.20,0
DWS020,20091023,73.84,73.84,73.84,73.84,0
DWS020,20091026,73.68,73.68,73.68,73.68,0
DWS020,20091027,72.51,72.51,72.51,72.51,0
DWS020,20091028,70.85,70.85,70.85,70.85,0
DWS020,20091029,71.09,71.09,71.09,71.09,0
DWS020,20091030,71.32,71.32,71.32,71.32,0
DWS020,20091102,70.93,70.93,70.93,70.93,0
DWS020,20091103,70.11,70.11,70.11,70.11,0
DWS020,20091104,70.82,70.82,70.82,70.82,0
DWS020,20091105,70.56,70.56,70.56,70.56,0
DWS020,20091106,70.72,70.72,70.72,70.72,0
DWS020,20091109,71.69,71.69,71.69,71.69,0
DWS020,20091110,71.82,71.82,71.82,71.82,0
DWS020,20091112,72.11,72.11,72.11,72.11,0
DWS020,20091113,72.17,72.17,72.17,72.17,0
DWS020,20091116,72.89,72.89,72.89,72.89,0
DWS020,20091117,73.06,73.06,73.06,73.06,0
DWS020,20091118,71.91,71.91,71.91,71.91,0
DWS020,20091119,71.23,71.23,71.23,71.23,0
DWS020,20091120,70.98,70.98,70.98,70.98,0
DWS020,20091123,71.92,71.92,71.92,71.92,0
DWS020,20091124,71.28,71.28,71.28,71.28,0
DWS020,20091125,70.88,70.88,70.88,70.88,0
DWS020,20091126,70.10,70.10,70.10,70.10,0
DWS020,20091127,69.62,69.62,69.62,69.62,0
DWS020,20091130,70.39,70.39,70.39,70.39,0
DWS020,20091201,71.46,71.46,71.46,71.46,0
DWS020,20091202,71.77,71.77,71.77,71.77,0
DWS020,20091203,72.05,72.05,72.05,72.05,0
DWS020,20091204,72.57,72.57,72.57,72.57,0
DWS020,20091207,72.31,72.31,72.31,72.31,0
DWS020,20091208,71.48,71.48,71.48,71.48,0
DWS020,20091209,71.30,71.30,71.30,71.30,0
DWS020,20091210,71.04,71.04,71.04,71.04,0
DWS020,20091211,71.35,71.35,71.35,71.35,0
DWS020,20091214,71.68,71.68,71.68,71.68,0
DWS020,20091215,71.90,71.90,71.90,71.90,0
DWS020,20091216,72.10,72.10,72.10,72.10,0
DWS020,20091217,71.91,71.91,71.91,71.91,0
DWS020,20091218,71.30,71.30,71.30,71.30,0
DWS020,20091221,71.61,71.61,71.61,71.61,0
DWS020,20091222,71.85,71.85,71.85,71.85,0
DWS020,20091223,72.10,72.10,72.10,72.10,0
DWS020,20091228,72.55,72.55,72.55,72.55,0
DWS020,20091229,73.01,73.01,73.01,73.01,0
DWS020,20091230,73.03,73.03,73.03,73.03,0
DWS020,20091231,72.83,72.83,72.83,72.83,0
DWS020,20100104,73.49,73.49,73.49,73.49,0
DWS020,20100105,73.62,73.62,73.62,73.62,0
DWS020,20100106,73.92,73.92,73.92,73.92,0
DWS020,20100107,73.42,73.42,73.42,73.42,0
DWS020,20100108,73.71,73.71,73.71,73.71,0
DWS020,20100111,73.70,73.70,73.70,73.70,0
DWS020,20100112,73.50,73.50,73.50,73.50,0
DWS020,20100113,73.00,73.00,73.00,73.00,0
DWS020,20100114,73.00,73.00,73.00,73.00,0
DWS020,20100115,73.14,73.14,73.14,73.14,0
DWS020,20100118,73.41,73.41,73.41,73.41,0
DWS020,20100119,73.94,73.94,73.94,73.94,0
DWS020,20100120,74.04,74.04,74.04,74.04,0
DWS020,20100121,73.39,73.39,73.39,73.39,0
DWS020,20100122,72.40,72.40,72.40,72.40,0
DWS020,20100125,71.77,71.77,71.77,71.77,0
DWS020,20100126,71.47,71.47,71.47,71.47,0
DWS020,20100127,71.13,71.13,71.13,71.13,0
DWS020,20100128,71.58,71.58,71.58,71.58,0
DWS020,20100129,71.71,71.71,71.71,71.71,0
DWS020,20100201,71.19,71.19,71.19,71.19,0
DWS020,20100202,71.51,71.51,71.51,71.51,0
DWS020,20100203,71.70,71.70,71.70,71.70,0
DWS020,20100204,70.84,70.84,70.84,70.84,0
DWS020,20100205,69.62,69.62,69.62,69.62,0
DWS020,20100208,69.36,69.36,69.36,69.36,0
DWS020,20100209,69.35,69.35,69.35,69.35,0
DWS020,20100210,69.52,69.52,69.52,69.52,0
DWS020,20100211,69.29,69.29,69.29,69.29,0
DWS020,20100212,69.90,69.90,69.90,69.90,0
DWS020,20100215,70.64,70.64,70.64,70.64,0
DWS020,20100216,70.80,70.80,70.80,70.80,0
DWS020,20100217,71.92,71.92,71.92,71.92,0
DWS020,20100218,71.83,71.83,71.83,71.83,0
DWS020,20100219,71.89,71.89,71.89,71.89,0
DWS020,20100222,72.06,72.06,72.06,72.06,0
DWS020,20100223,71.93,71.93,71.93,71.93,0
DWS020,20100224,72.00,72.00,72.00,72.00,0
DWS020,20100225,71.46,71.46,71.46,71.46,0
DWS020,20100226,72.03,72.03,72.03,72.03,0
DWS020,20100301,72.84,72.84,72.84,72.84,0
DWS020,20100302,73.94,73.94,73.94,73.94,0
DWS020,20100303,73.94,73.94,73.94,73.94,0
DWS020,20100304,74.18,74.18,74.18,74.18,0
DWS020,20100305,75.34,75.34,75.34,75.34,0
DWS020,20100308,75.53,75.53,75.53,75.53,0
DWS020,20100309,75.84,75.84,75.84,75.84,0
DWS020,20100310,76.32,76.32,76.32,76.32,0
DWS020,20100311,76.17,76.17,76.17,76.17,0
DWS020,20100312,76.81,76.81,76.81,76.81,0
DWS020,20100315,76.79,76.79,76.79,76.79,0
DWS020,20100316,77.21,77.21,77.21,77.21,0
DWS020,20100317,77.92,77.92,77.92,77.92,0
DWS020,20100318,77.99,77.99,77.99,77.99,0
DWS020,20100319,77.65,77.65,77.65,77.65,0
DWS020,20100322,77.71,77.71,77.71,77.71,0
DWS020,20100323,78.21,78.21,78.21,78.21,0
DWS020,20100324,78.50,78.50,78.50,78.50,0
DWS020,20100325,78.71,78.71,78.71,78.71,0
DWS020,20100326,79.16,79.16,79.16,79.16,0
DWS020,20100329,79.27,79.27,79.27,79.27,0
DWS020,20100330,79.89,79.89,79.89,79.89,0
DWS020,20100331,79.52,79.52,79.52,79.52,0
DWS020,20100401,79.97,79.97,79.97,79.97,0
DWS020,20100406,80.74,80.74,80.74,80.74,0
DWS020,20100407,80.45,80.45,80.45,80.45,0
DWS020,20100408,79.95,79.95,79.95,79.95,0
DWS020,20100409,80.17,80.17,80.17,80.17,0
DWS020,20100412,80.03,80.03,80.03,80.03,0
DWS020,20100413,80.22,80.22,80.22,80.22,0
DWS020,20100414,80.57,80.57,80.57,80.57,0
DWS020,20100415,80.79,80.79,80.79,80.79,0
DWS020,20100416,80.53,80.53,80.53,80.53,0
DWS020,20100419,79.00,79.00,79.00,79.00,0
DWS020,20100420,79.40,79.40,79.40,79.40,0
DWS020,20100421,80.02,80.02,80.02,80.02,0
DWS020,20100422,79.79,79.79,79.79,79.79,0
DWS020,20100423,80.19,80.19,80.19,80.19,0
DWS020,20100426,81.30,81.30,81.30,81.30,0
DWS020,20100427,81.06,81.06,81.06,81.06,0
DWS020,20100428,80.45,80.45,80.45,80.45,0
DWS020,20100429,80.96,80.96,80.96,80.96,0
DWS020,20100430,81.37,81.37,81.37,81.37,0
DWS020,20100504,80.63,80.63,80.63,80.63,0
DWS020,20100505,80.23,80.23,80.23,80.23,0
DWS020,20100506,79.76,79.76,79.76,79.76,0
DWS020,20100507,78.31,78.31,78.31,78.31,0
DWS020,20100510,79.47,79.47,79.47,79.47,0
DWS020,20100511,79.18,79.18,79.18,79.18,0
DWS020,20100512,80.43,80.43,80.43,80.43,0
DWS020,20100513,80.45,80.45,80.45,80.45,0
DWS020,20100514,79.82,79.82,79.82,79.82,0
DWS020,20100517,79.75,79.75,79.75,79.75,0
DWS020,20100518,79.63,79.63,79.63,79.63,0
DWS020,20100519,78.47,78.47,78.47,78.47,0
DWS020,20100520,76.79,76.79,76.79,76.79,0
DWS020,20100521,75.97,75.97,75.97,75.97,0
DWS020,20100524,76.29,76.29,76.29,76.29,0
DWS020,20100525,75.87,75.87,75.87,75.87,0
DWS020,20100526,77.66,77.66,77.66,77.66,0
DWS020,20100527,78.28,78.28,78.28,78.28,0
DWS020,20100528,78.78,78.78,78.78,78.78,0
DWS020,20100531,78.67,78.67,78.67,78.67,0
DWS020,20100601,78.55,78.55,78.55,78.55,0
DWS020,20100602,78.41,78.41,78.41,78.41,0
DWS020,20100604,78.80,78.80,78.80,78.80,0
DWS020,20100607,77.87,77.87,77.87,77.87,0
DWS020,20100608,77.54,77.54,77.54,77.54,0
DWS020,20100609,77.70,77.70,77.70,77.70,0
DWS020,20100610,78.76,78.76,78.76,78.76,0
DWS020,20100611,78.88,78.88,78.88,78.88,0
DWS020,20100614,79.33,79.33,79.33,79.33,0
DWS020,20100615,79.24,79.24,79.24,79.24,0
DWS020,20100616,79.63,79.63,79.63,79.63,0
DWS020,20100617,79.35,79.35,79.35,79.35,0
DWS020,20100618,78.92,78.92,78.92,78.92,0
DWS020,20100621,80.06,80.06,80.06,80.06,0
DWS020,20100622,79.52,79.52,79.52,79.52,0
DWS020,20100623,78.53,78.53,78.53,78.53,0
DWS020,20100624,77.89,77.89,77.89,77.89,0
DWS020,20100625,77.31,77.31,77.31,77.31,0
DWS020,20100628,77.66,77.66,77.66,77.66,0
DWS020,20100629,76.44,76.44,76.44,76.44,0
DWS020,20100630,75.93,75.93,75.93,75.93,0
DWS020,20100701,75.29,75.29,75.29,75.29,0
DWS020,20100702,75.36,75.36,75.36,75.36,0
DWS020,20100705,74.99,74.99,74.99,74.99,0
DWS020,20100706,75.85,75.85,75.85,75.85,0
DWS020,20100707,75.33,75.33,75.33,75.33,0
DWS020,20100708,76.26,76.26,76.26,76.26,0
DWS020,20100709,76.52,76.52,76.52,76.52,0
DWS020,20100712,77.17,77.17,77.17,77.17,0
DWS020,20100713,77.77,77.77,77.77,77.77,0
DWS020,20100714,77.95,77.95,77.95,77.95,0
DWS020,20100715,77.45,77.45,77.45,77.45,0
DWS020,20100716,76.76,76.76,76.76,76.76,0
DWS020,20100719,76.55,76.55,76.55,76.55,0
DWS020,20100720,76.34,76.34,76.34,76.34,0
DWS020,20100721,77.47,77.47,77.47,77.47,0
DWS020,20100722,77.83,77.83,77.83,77.83,0
DWS020,20100723,78.28,78.28,78.28,78.28,0
DWS020,20100726,78.60,78.60,78.60,78.60,0
DWS020,20100727,79.04,79.04,79.04,79.04,0
DWS020,20100728,78.78,78.78,78.78,78.78,0
DWS020,20100729,79.15,79.15,79.15,79.15,0
DWS020,20100730,78.89,78.89,78.89,78.89,0
DWS020,20100802,79.48,79.48,79.48,79.48,0
DWS020,20100803,79.40,79.40,79.40,79.40,0
DWS020,20100804,79.48,79.48,79.48,79.48,0
DWS020,20100805,79.32,79.32,79.32,79.32,0
DWS020,20100806,78.84,78.84,78.84,78.84,0
DWS020,20100809,78.63,78.63,78.63,78.63,0
DWS020,20100810,78.69,78.69,78.69,78.69,0
DWS020,20100811,78.35,78.35,78.35,78.35,0
DWS020,20100812,77.97,77.97,77.97,77.97,0
DWS020,20100813,78.11,78.11,78.11,78.11,0
DWS020,20100816,77.98,77.98,77.98,77.98,0
DWS020,20100817,78.15,78.15,78.15,78.15,0
DWS020,20100818,78.43,78.43,78.43,78.43,0
DWS020,20100819,78.21,78.21,78.21,78.21,0
DWS020,20100820,78.23,78.23,78.23,78.23,0
DWS020,20100823,78.59,78.59,78.59,78.59,0
DWS020,20100824,77.69,77.69,77.69,77.69,0
DWS020,20100825,77.43,77.43,77.43,77.43,0
DWS020,20100826,77.80,77.80,77.80,77.80,0
DWS020,20100827,77.77,77.77,77.77,77.77,0
DWS020,20100830,78.09,78.09,78.09,78.09,0
DWS020,20100831,77.64,77.64,77.64,77.64,0
DWS020,20100901,78.03,78.03,78.03,78.03,0
DWS020,20100902,79.05,79.05,79.05,79.05,0
DWS020,20100903,79.32,79.32,79.32,79.32,0
DWS020,20100906,79.54,79.54,79.54,79.54,0
DWS020,20100907,79.64,79.64,79.64,79.64,0
DWS020,20100908,80.05,80.05,80.05,80.05,0
DWS020,20100909,80.54,80.54,80.54,80.54,0
DWS020,20100910,80.39,80.39,80.39,80.39,0
DWS020,20100913,80.76,80.76,80.76,80.76,0
DWS020,20100914,80.23,80.23,80.23,80.23,0
DWS020,20100915,79.77,79.77,79.77,79.77,0
DWS020,20100916,79.57,79.57,79.57,79.57,0
DWS020,20100917,79.10,79.10,79.10,79.10,0
DWS020,20100920,79.39,79.39,79.39,79.39,0
DWS020,20100921,79.92,79.92,79.92,79.92,0
DWS020,20100922,79.14,79.14,79.14,79.14,0
DWS020,20100923,78.93,78.93,78.93,78.93,0
DWS020,20100924,79.44,79.44,79.44,79.44,0
DWS020,20100927,79.34,79.34,79.34,79.34,0
DWS020,20100928,78.74,78.74,78.74,78.74,0
DWS020,20100929,78.76,78.76,78.76,78.76,0
DWS020,20100930,79.39,79.39,79.39,79.39,0
DWS020,20101001,78.55,78.55,78.55,78.55,0
DWS020,20101004,78.81,78.81,78.81,78.81,0
DWS020,20101005,79.02,79.02,79.02,79.02,0
DWS020,20101006,79.53,79.53,79.53,79.53,0
DWS020,20101007,79.38,79.38,79.38,79.38,0
DWS020,20101008,79.37,79.37,79.37,79.37,0
DWS020,20101011,79.27,79.27,79.27,79.27,0
DWS020,20101012,79.05,79.05,79.05,79.05,0
DWS020,20101013,79.54,79.54,79.54,79.54,0
DWS020,20101014,79.15,79.15,79.15,79.15,0
DWS020,20101015,78.74,78.74,78.74,78.74,0
DWS020,20101018,78.63,78.63,78.63,78.63,0
DWS020,20101019,78.44,78.44,78.44,78.44,0
DWS020,20101020,78.11,78.11,78.11,78.11,0
DWS020,20101021,78.19,78.19,78.19,78.19,0
DWS020,20101022,78.13,78.13,78.13,78.13,0
DWS020,20101025,78.44,78.44,78.44,78.44,0
DWS020,20101026,78.01,78.01,78.01,78.01,0
DWS020,20101027,78.49,78.49,78.49,78.49,0
DWS020,20101028,78.50,78.50,78.50,78.50,0
DWS020,20101029,78.83,78.83,78.83,78.83,0
DWS020,20101102,78.55,78.55,78.55,78.55,0
DWS020,20101103,78.39,78.39,78.39,78.39,0
DWS020,20101104,78.77,78.77,78.77,78.77,0
DWS020,20101105,79.77,79.77,79.77,79.77,0
DWS020,20101108,79.68,79.68,79.68,79.68,0
DWS020,20101109,79.57,79.57,79.57,79.57,0
DWS020,20101110,79.34,79.34,79.34,79.34,0
DWS020,20101112,78.85,78.85,78.85,78.85,0
DWS020,20101115,78.93,78.93,78.93,78.93,0
DWS020,20101116,78.52,78.52,78.52,78.52,0
DWS020,20101117,77.70,77.70,77.70,77.70,0
DWS020,20101118,77.67,77.67,77.67,77.67,0
DWS020,20101119,76.94,76.94,76.94,76.94,0
DWS020,20101122,77.23,77.23,77.23,77.23,0
DWS020,20101123,76.71,76.71,76.71,76.71,0
DWS020,20101124,76.57,76.57,76.57,76.57,0
DWS020,20101125,76.52,76.52,76.52,76.52,0
DWS020,20101126,76.11,76.11,76.11,76.11,0
DWS020,20101129,75.51,75.51,75.51,75.51,0
DWS020,20101130,75.63,75.63,75.63,75.63,0
DWS020,20101201,76.19,76.19,76.19,76.19,0
DWS020,20101202,76.62,76.62,76.62,76.62,0
DWS020,20101203,77.18,77.18,77.18,77.18,0
DWS020,20101206,77.25,77.25,77.25,77.25,0
DWS020,20101207,77.51,77.51,77.51,77.51,0
DWS020,20101208,77.15,77.15,77.15,77.15,0
DWS020,20101209,77.17,77.17,77.17,77.17,0
DWS020,20101210,76.90,76.90,76.90,76.90,0
DWS020,20101213,77.08,77.08,77.08,77.08,0
DWS020,20101214,77.15,77.15,77.15,77.15,0
DWS020,20101215,77.31,77.31,77.31,77.31,0
DWS020,20101216,76.81,76.81,76.81,76.81,0
DWS020,20101217,76.12,76.12,76.12,76.12,0
DWS020,20101220,76.35,76.35,76.35,76.35,0
DWS020,20101221,76.37,76.37,76.37,76.37,0
DWS020,20101222,76.35,76.35,76.35,76.35,0
DWS020,20101223,76.66,76.66,76.66,76.66,0
DWS020,20101227,76.38,76.38,76.38,76.38,0
DWS020,20101228,76.45,76.45,76.45,76.45,0
DWS020,20101229,76.76,76.76,76.76,76.76,0
DWS020,20101230,76.69,76.69,76.69,76.69,0
DWS020,20101231,76.54,76.54,76.54,76.54,0
DWS020,20110103,76.75,76.75,76.75,76.75,0
DWS020,20110104,76.78,76.78,76.78,76.78,0
DWS020,20110105,76.21,76.21,76.21,76.21,0
DWS020,20110107,76.12,76.12,76.12,76.12,0
DWS020,20110110,75.59,75.59,75.59,75.59,0
DWS020,20110111,75.82,75.82,75.82,75.82,0
DWS020,20110112,76.54,76.54,76.54,76.54,0
DWS020,20110113,76.50,76.50,76.50,76.50,0
DWS020,20110114,76.29,76.29,76.29,76.29,0
DWS020,20110117,76.35,76.35,76.35,76.35,0
DWS020,20110118,76.52,76.52,76.52,76.52,0
DWS020,20110119,75.66,75.66,75.66,75.66,0
DWS020,20110120,75.17,75.17,75.17,75.17,0
DWS020,20110121,74.91,74.91,74.91,74.91,0
DWS020,20110124,74.80,74.80,74.80,74.80,0
DWS020,20110125,74.73,74.73,74.73,74.73,0
DWS020,20110126,74.78,74.78,74.78,74.78,0
DWS020,20110127,74.86,74.86,74.86,74.86,0
DWS020,20110128,74.76,74.76,74.76,74.76,0
DWS020,20110131,74.41,74.41,74.41,74.41,0
DWS020,20110201,74.57,74.57,74.57,74.57,0
DWS020,20110202,74.56,74.56,74.56,74.56,0
DWS020,20110203,74.45,74.45,74.45,74.45,0
DWS020,20110204,74.35,74.35,74.35,74.35,0
DWS020,20110207,74.59,74.59,74.59,74.59,0
DWS020,20110208,74.66,74.66,74.66,74.66,0
DWS020,20110209,74.38,74.38,74.38,74.38,0
DWS020,20110210,74.14,74.14,74.14,74.14,0
DWS020,20110211,74.16,74.16,74.16,74.16,0
DWS020,20110214,74.38,74.38,74.38,74.38,0
DWS020,20110215,74.45,74.45,74.45,74.45,0
DWS020,20110216,74.68,74.68,74.68,74.68,0
DWS020,20110217,74.61,74.61,74.61,74.61,0
DWS020,20110218,74.57,74.57,74.57,74.57,0
DWS020,20110221,74.28,74.28,74.28,74.28,0
DWS020,20110222,73.78,73.78,73.78,73.78,0
DWS020,20110223,73.72,73.72,73.72,73.72,0
DWS020,20110224,73.53,73.53,73.53,73.53,0
DWS020,20110225,74.04,74.04,74.04,74.04,0
DWS020,20110228,74.80,74.80,74.80,74.80,0
DWS020,20110301,74.57,74.57,74.57,74.57,0
DWS020,20110302,74.31,74.31,74.31,74.31,0
DWS020,20110303,74.61,74.61,74.61,74.61,0
DWS020,20110304,74.35,74.35,74.35,74.35,0
DWS020,20110307,74.09,74.09,74.09,74.09,0
DWS020,20110308,74.01,74.01,74.01,74.01,0
DWS020,20110309,73.78,73.78,73.78,73.78,0
DWS020,20110310,73.58,73.58,73.58,73.58,0
DWS020,20110311,73.24,73.24,73.24,73.24,0
DWS020,20110314,73.10,73.10,73.10,73.10,0
DWS020,20110315,72.21,72.21,72.21,72.21,0
DWS020,20110316,71.90,71.90,71.90,71.90,0
DWS020,20110317,72.07,72.07,72.07,72.07,0
DWS020,20110318,72.67,72.67,72.67,72.67,0
DWS020,20110321,72.96,72.96,72.96,72.96,0
DWS020,20110322,72.33,72.33,72.33,72.33,0
DWS020,20110323,72.01,72.01,72.01,72.01,0
DWS020,20110324,72.44,72.44,72.44,72.44,0
DWS020,20110325,73.06,73.06,73.06,73.06,0
DWS020,20110328,72.92,72.92,72.92,72.92,0
DWS020,20110329,72.85,72.85,72.85,72.85,0
DWS020,20110330,73.11,73.11,73.11,73.11,0
DWS020,20110331,73.51,73.51,73.51,73.51,0
DWS020,20110401,73.84,73.84,73.84,73.84,0
DWS020,20110404,73.76,73.76,73.76,73.76,0
DWS020,20110405,73.94,73.94,73.94,73.94,0
DWS020,20110406,74.11,74.11,74.11,74.11,0
DWS020,20110407,74.21,74.21,74.21,74.21,0
DWS020,20110408,73.63,73.63,73.63,73.63,0
DWS020,20110411,73.40,73.40,73.40,73.40,0
DWS020,20110412,72.89,72.89,72.89,72.89,0
DWS020,20110413,73.21,73.21,73.21,73.21,0
DWS020,20110414,73.13,73.13,73.13,73.13,0
DWS020,20110415,73.45,73.45,73.45,73.45,0
DWS020,20110418,72.80,72.80,72.80,72.80,0
DWS020,20110419,73.05,73.05,73.05,73.05,0
DWS020,20110420,73.27,73.27,73.27,73.27,0
DWS020,20110421,73.17,73.17,73.17,73.17,0
DWS020,20110426,73.80,73.80,73.80,73.80,0
DWS020,20110427,73.66,73.66,73.66,73.66,0
DWS020,20110428,73.80,73.80,73.80,73.80,0
DWS020,20110429,73.69,73.69,73.69,73.69,0
DWS020,20110502,74.26,74.26,74.26,74.26,0
DWS020,20110504,73.71,73.71,73.71,73.71,0
DWS020,20110505,73.29,73.29,73.29,73.29,0
DWS020,20110506,73.35,73.35,73.35,73.35,0
DWS020,20110509,72.40,72.40,72.40,72.40,0
DWS020,20110510,72.52,72.52,72.52,72.52,0
DWS020,20110511,72.24,72.24,72.24,72.24,0
DWS020,20110512,71.62,71.62,71.62,71.62,0
DWS020,20110513,71.14,71.14,71.14,71.14,0
DWS020,20110516,70.72,70.72,70.72,70.72,0
DWS020,20110517,69.78,69.78,69.78,69.78,0
DWS020,20110518,69.56,69.56,69.56,69.56,0
DWS020,20110519,70.62,70.62,70.62,70.62,0
DWS020,20110520,70.82,70.82,70.82,70.82,0
DWS020,20110523,69.80,69.80,69.80,69.80,0
DWS020,20110524,70.30,70.30,70.30,70.30,0
DWS020,20110525,70.21,70.21,70.21,70.21,0
DWS020,20110526,70.74,70.74,70.74,70.74,0
DWS020,20110527,71.17,71.17,71.17,71.17,0
DWS020,20110530,71.18,71.18,71.18,71.18,0
DWS020,20110531,71.17,71.17,71.17,71.17,0
DWS020,20110601,71.25,71.25,71.25,71.25,0
DWS020,20110602,71.12,71.12,71.12,71.12,0
DWS020,20110603,70.30,70.30,70.30,70.30,0
DWS020,20110606,70.29,70.29,70.29,70.29,0
DWS020,20110607,70.24,70.24,70.24,70.24,0
DWS020,20110608,69.99,69.99,69.99,69.99,0
DWS020,20110609,70.52,70.52,70.52,70.52,0
DWS020,20110610,69.85,69.85,69.85,69.85,0
DWS020,20110613,70.15,70.15,70.15,70.15,0
DWS020,20110614,70.48,70.48,70.48,70.48,0
DWS020,20110615,70.29,70.29,70.29,70.29,0
DWS020,20110616,70.08,70.08,70.08,70.08,0
DWS020,20110617,70.48,70.48,70.48,70.48,0
DWS020,20110620,70.27,70.27,70.27,70.27,0
DWS020,20110621,70.02,70.02,70.02,70.02,0
DWS020,20110622,70.28,70.28,70.28,70.28,0
DWS020,20110624,69.86,69.86,69.86,69.86,0
DWS020,20110627,69.26,69.26,69.26,69.26,0
DWS020,20110628,69.15,69.15,69.15,69.15,0
DWS020,20110629,69.32,69.32,69.32,69.32,0
DWS020,20110630,69.64,69.64,69.64,69.64,0
DWS020,20110701,69.65,69.65,69.65,69.65,0
DWS020,20110704,69.98,69.98,69.98,69.98,0
DWS020,20110705,70.08,70.08,70.08,70.08,0
DWS020,20110706,69.76,69.76,69.76,69.76,0
DWS020,20110707,70.30,70.30,70.30,70.30,0
DWS020,20110708,69.79,69.79,69.79,69.79,0
DWS020,20110711,69.28,69.28,69.28,69.28,0
DWS020,20110712,69.62,69.62,69.62,69.62,0
DWS020,20110713,69.54,69.54,69.54,69.54,0
DWS020,20110714,69.02,69.02,69.02,69.02,0
DWS020,20110715,68.74,68.74,68.74,68.74,0
DWS020,20110718,67.83,67.83,67.83,67.83,0
DWS020,20110719,66.72,66.72,66.72,66.72,0
DWS020,20110720,67.37,67.37,67.37,67.37,0
DWS020,20110721,67.85,67.85,67.85,67.85,0
DWS020,20110722,67.98,67.98,67.98,67.98,0
DWS020,20110725,67.99,67.99,67.99,67.99,0
DWS020,20110726,67.57,67.57,67.57,67.57,0
DWS020,20110727,67.34,67.34,67.34,67.34,0
DWS020,20110728,66.48,66.48,66.48,66.48,0
DWS020,20110729,66.63,66.63,66.63,66.63,0
DWS020,20110801,66.25,66.25,66.25,66.25,0
DWS020,20110802,65.69,65.69,65.69,65.69,0
DWS020,20110803,63.10,63.10,63.10,63.10,0
DWS020,20110804,61.95,61.95,61.95,61.95,0
DWS020,20110805,59.20,59.20,59.20,59.20,0
DWS020,20110808,57.04,57.04,57.04,57.04,0
DWS020,20110809,55.35,55.35,55.35,55.35,0
DWS020,20110810,55.60,55.60,55.60,55.60,0
DWS020,20110811,56.50,56.50,56.50,56.50,0
DWS020,20110812,57.50,57.50,57.50,57.50,0
DWS020,20110816,58.73,58.73,58.73,58.73,0
DWS020,20110817,59.00,59.00,59.00,59.00,0
DWS020,20110818,55.79,55.79,55.79,55.79,0
DWS020,20110819,55.83,55.83,55.83,55.83,0
DWS020,20110822,55.82,55.82,55.82,55.82,0
DWS020,20110823,55.66,55.66,55.66,55.66,0
DWS020,20110824,55.83,55.83,55.83,55.83,0
DWS020,20110825,55.75,55.75,55.75,55.75,0
DWS020,20110826,55.25,55.25,55.25,55.25,0
DWS020,20110829,57.05,57.05,57.05,57.05,0
DWS020,20110830,57.26,57.26,57.26,57.26,0
DWS020,20110831,58.48,58.48,58.48,58.48,0
DWS020,20110901,58.21,58.21,58.21,58.21,0
DWS020,20110902,57.10,57.10,57.10,57.10,0
DWS020,20110905,55.86,55.86,55.86,55.86,0
DWS020,20110906,55.12,55.12,55.12,55.12,0
DWS020,20110907,55.63,55.63,55.63,55.63,0
DWS020,20110908,55.61,55.61,55.61,55.61,0
DWS020,20110909,55.30,55.30,55.30,55.30,0
DWS020,20110912,53.46,53.46,53.46,53.46,0
DWS020,20110913,53.59,53.59,53.59,53.59,0
DWS020,20110914,53.17,53.17,53.17,53.17,0
DWS020,20110915,54.59,54.59,54.59,54.59,0
DWS020,20110916,54.94,54.94,54.94,54.94,0
DWS020,20110919,54.32,54.32,54.32,54.32,0
DWS020,20110920,54.97,54.97,54.97,54.97,0
DWS020,20110921,55.12,55.12,55.12,55.12,0
DWS020,20110922,53.16,53.16,53.16,53.16,0
DWS020,20110923,53.28,53.28,53.28,53.28,0
DWS020,20110926,52.92,52.92,52.92,52.92,0
DWS020,20110927,53.83,53.83,53.83,53.83,0
DWS020,20110928,53.88,53.88,53.88,53.88,0
DWS020,20110929,53.87,53.87,53.87,53.87,0
DWS020,20110930,53.72,53.72,53.72,53.72,0
DWS020,20111003,53.14,53.14,53.14,53.14,0
DWS020,20111004,51.41,51.41,51.41,51.41,0
DWS020,20111005,52.90,52.90,52.90,52.90,0
DWS020,20111006,52.82,52.82,52.82,52.82,0
DWS020,20111007,53.69,53.69,53.69,53.69,0
DWS020,20111010,53.86,53.86,53.86,53.86,0
DWS020,20111011,54.94,54.94,54.94,54.94,0
DWS020,20111012,55.77,55.77,55.77,55.77,0
DWS020,20111013,55.65,55.65,55.65,55.65,0
DWS020,20111014,56.14,56.14,56.14,56.14,0
DWS020,20111017,55.44,55.44,55.44,55.44,0
DWS020,20111018,55.69,55.69,55.69,55.69,0
DWS020,20111019,56.45,56.45,56.45,56.45,0
DWS020,20111020,55.18,55.18,55.18,55.18,0
DWS020,20111021,56.51,56.51,56.51,56.51,0
DWS020,20111024,57.32,57.32,57.32,57.32,0
DWS020,20111025,56.79,56.79,56.79,56.79,0
DWS020,20111026,56.96,56.96,56.96,56.96,0
DWS020,20111027,58.01,58.01,58.01,58.01,0
DWS020,20111028,58.21,58.21,58.21,58.21,0
DWS020,20111031,58.39,58.39,58.39,58.39,0
DWS020,20111102,57.81,57.81,57.81,57.81,0
DWS020,20111103,57.47,57.47,57.47,57.47,0
DWS020,20111104,57.43,57.43,57.43,57.43,0
DWS020,20111107,57.75,57.75,57.75,57.75,0
DWS020,20111108,57.96,57.96,57.96,57.96,0
DWS020,20111109,56.97,56.97,56.97,56.97,0
DWS020,20111110,56.27,56.27,56.27,56.27,0
DWS020,20111114,56.77,56.77,56.77,56.77,0
DWS020,20111115,56.21,56.21,56.21,56.21,0
DWS020,20111116,56.20,56.20,56.20,56.20,0
DWS020,20111117,55.83,55.83,55.83,55.83,0
DWS020,20111118,55.39,55.39,55.39,55.39,0
DWS020,20111121,54.47,54.47,54.47,54.47,0
DWS020,20111122,54.59,54.59,54.59,54.59,0
DWS020,20111123,53.88,53.88,53.88,53.88,0
DWS020,20111124,53.41,53.41,53.41,53.41,0
DWS020,20111125,53.72,53.72,53.72,53.72,0
DWS020,20111128,54.48,54.48,54.48,54.48,0
DWS020,20111129,54.62,54.62,54.62,54.62,0
DWS020,20111130,56.01,56.01,56.01,56.01,0
DWS020,20111201,55.81,55.81,55.81,55.81,0
DWS020,20111202,55.68,55.68,55.68,55.68,0
DWS020,20111205,55.83,55.83,55.83,55.83,0
DWS020,20111206,55.34,55.34,55.34,55.34,0
DWS020,20111207,55.22,55.22,55.22,55.22,0
DWS020,20111208,54.97,54.97,54.97,54.97,0
DWS020,20111209,55.23,55.23,55.23,55.23,0
DWS020,20111212,54.78,54.78,54.78,54.78,0
DWS020,20111213,55.41,55.41,55.41,55.41,0
DWS020,20111214,54.57,54.57,54.57,54.57,0
DWS020,20111215,54.77,54.77,54.77,54.77,0
DWS020,20111216,54.52,54.52,54.52,54.52,0
DWS020,20111219,53.97,53.97,53.97,53.97,0
DWS020,20111220,54.08,54.08,54.08,54.08,0
DWS020,20111221,54.35,54.35,54.35,54.35,0
DWS020,20111222,54.79,54.79,54.79,54.79,0
DWS020,20111223,55.27,55.27,55.27,55.27,0
DWS020,20111227,55.27,55.27,55.27,55.27,0
DWS020,20111228,54.71,54.71,54.71,54.71,0
DWS020,20111229,55.03,55.03,55.03,55.03,0
DWS020,20111230,55.49,55.49,55.49,55.49,0
DWS020,20120102,55.86,55.86,55.86,55.86,0
DWS020,20120103,56.36,56.36,56.36,56.36,0
DWS020,20120104,56.06,56.06,56.06,56.06,0
DWS020,20120105,55.96,55.96,55.96,55.96,0
DWS020,20120109,55.71,55.71,55.71,55.71,0
DWS020,20120110,56.46,56.46,56.46,56.46,0
DWS020,20120111,56.18,56.18,56.18,56.18,0
DWS020,20120112,56.38,56.38,56.38,56.38,0
DWS020,20120113,55.73,55.73,55.73,55.73,0
DWS020,20120116,56.19,56.19,56.19,56.19,0
DWS020,20120117,56.48,56.48,56.48,56.48,0
DWS020,20120118,56.38,56.38,56.38,56.38,0
DWS020,20120119,56.44,56.44,56.44,56.44,0
DWS020,20120120,56.51,56.51,56.51,56.51,0
DWS020,20120123,56.78,56.78,56.78,56.78,0
DWS020,20120124,56.62,56.62,56.62,56.62,0
DWS020,20120125,57.01,57.01,57.01,57.01,0
DWS020,20120126,57.83,57.83,57.83,57.83,0
DWS020,20120127,57.57,57.57,57.57,57.57,0
DWS020,20120130,57.79,57.79,57.79,57.79,0
DWS020,20120131,57.88,57.88,57.88,57.88,0
DWS020,20120201,57.78,57.78,57.78,57.78,0
DWS020,20120202,57.95,57.95,57.95,57.95,0
DWS020,20120203,58.07,58.07,58.07,58.07,0
DWS020,20120206,58.35,58.35,58.35,58.35,0
DWS020,20120207,58.52,58.52,58.52,58.52,0
DWS020,20120208,58.83,58.83,58.83,58.83,0
DWS020,20120209,58.25,58.25,58.25,58.25,0
DWS020,20120210,57.96,57.96,57.96,57.96,0
DWS020,20120213,58.24,58.24,58.24,58.24,0
DWS020,20120214,57.86,57.86,57.86,57.86,0
DWS020,20120215,57.94,57.94,57.94,57.94,0
DWS020,20120216,58.38,58.38,58.38,58.38,0
DWS020,20120217,58.62,58.62,58.62,58.62,0
DWS020,20120220,58.53,58.53,58.53,58.53,0
DWS020,20120221,57.95,57.95,57.95,57.95,0
DWS020,20120222,57.38,57.38,57.38,57.38,0
DWS020,20120223,57.30,57.30,57.30,57.30,0
DWS020,20120224,57.39,57.39,57.39,57.39,0
DWS020,20120227,57.44,57.44,57.44,57.44,0
DWS020,20120228,57.65,57.65,57.65,57.65,0
DWS020,20120229,57.29,57.29,57.29,57.29,0
DWS020,20120301,56.79,56.79,56.79,56.79,0
DWS020,20120302,56.65,56.65,56.65,56.65,0
DWS020,20120305,56.25,56.25,56.25,56.25,0
DWS020,20120306,55.67,55.67,55.67,55.67,0
DWS020,20120307,55.82,55.82,55.82,55.82,0
DWS020,20120308,56.08,56.08,56.08,56.08,0
DWS020,20120309,55.94,55.94,55.94,55.94,0
DWS020,20120312,55.48,55.48,55.48,55.48,0
DWS020,20120313,56.15,56.15,56.15,56.15,0
DWS020,20120314,56.66,56.66,56.66,56.66,0
DWS020,20120315,56.76,56.76,56.76,56.76,0
DWS020,20120316,56.78,56.78,56.78,56.78,0
DWS020,20120319,56.55,56.55,56.55,56.55,0
DWS020,20120320,56.60,56.60,56.60,56.60,0
DWS020,20120321,56.43,56.43,56.43,56.43,0
DWS020,20120322,55.59,55.59,55.59,55.59,0
DWS020,20120323,55.69,55.69,55.69,55.69,0
DWS020,20120326,55.99,55.99,55.99,55.99,0
DWS020,20120327,56.34,56.34,56.34,56.34,0
DWS020,20120328,56.36,56.36,56.36,56.36,0
DWS020,20120329,55.72,55.72,55.72,55.72,0
DWS020,20120330,56.15,56.15,56.15,56.15,0
DWS020,20120402,56.14,56.14,56.14,56.14,0
DWS020,20120403,56.11,56.11,56.11,56.11,0
DWS020,20120404,55.43,55.43,55.43,55.43,0
DWS020,20120405,55.35,55.35,55.35,55.35,0
DWS020,20120410,55.14,55.14,55.14,55.14,0
DWS020,20120411,54.85,54.85,54.85,54.85,0
DWS020,20120412,54.96,54.96,54.96,54.96,0
DWS020,20120413,55.07,55.07,55.07,55.07,0
DWS020,20120416,55.51,55.51,55.51,55.51,0
DWS020,20120417,55.50,55.50,55.50,55.50,0
DWS020,20120418,55.55,55.55,55.55,55.55,0
DWS020,20120419,55.36,55.36,55.36,55.36,0
DWS020,20120420,55.38,55.38,55.38,55.38,0
DWS020,20120423,54.55,54.55,54.55,54.55,0
DWS020,20120424,55.12,55.12,55.12,55.12,0
DWS020,20120425,55.49,55.49,55.49,55.49,0
DWS020,20120426,55.57,55.57,55.57,55.57,0
DWS020,20120427,55.78,55.78,55.78,55.78,0
DWS020,20120430,55.82,55.82,55.82,55.82,0
DWS020,20120502,55.96,55.96,55.96,55.96,0
DWS020,20120504,55.98,55.98,55.98,55.98,0
DWS020,20120507,56.04,56.04,56.04,56.04,0
DWS020,20120508,56.05,56.05,56.05,56.05,0
DWS020,20120509,55.77,55.77,55.77,55.77,0
DWS020,20120510,56.21,56.21,56.21,56.21,0
DWS020,20120511,56.01,56.01,56.01,56.01,0
DWS020,20120514,56.07,56.07,56.07,56.07,0
DWS020,20120515,55.78,55.78,55.78,55.78,0
DWS020,20120516,55.96,55.96,55.96,55.96,0
DWS020,20120517,55.58,55.58,55.58,55.58,0
DWS020,20120518,54.72,54.72,54.72,54.72,0
DWS020,20120521,54.33,54.33,54.33,54.33,0
DWS020,20120522,54.86,54.86,54.86,54.86,0
DWS020,20120523,54.73,54.73,54.73,54.73,0
DWS020,20120524,54.91,54.91,54.91,54.91,0
DWS020,20120525,54.83,54.83,54.83,54.83,0
DWS020,20120528,54.68,54.68,54.68,54.68,0
DWS020,20120529,54.94,54.94,54.94,54.94,0
DWS020,20120530,54.84,54.84,54.84,54.84,0
DWS020,20120531,54.69,54.69,54.69,54.69,0
DWS020,20120601,54.71,54.71,54.71,54.71,0
DWS020,20120604,54.05,54.05,54.05,54.05,0
DWS020,20120605,53.88,53.88,53.88,53.88,0
DWS020,20120606,54.52,54.52,54.52,54.52,0
DWS020,20120608,54.23,54.23,54.23,54.23,0
DWS020,20120611,54.44,54.44,54.44,54.44,0
DWS020,20120612,54.28,54.28,54.28,54.28,0
DWS020,20120613,54.44,54.44,54.44,54.44,0
DWS020,20120614,54.64,54.64,54.64,54.64,0
DWS020,20120615,54.68,54.68,54.68,54.68,0
DWS020,20120618,54.48,54.48,54.48,54.48,0
DWS020,20120619,55.05,55.05,55.05,55.05,0
DWS020,20120620,54.93,54.93,54.93,54.93,0
DWS020,20120621,54.66,54.66,54.66,54.66,0
DWS020,20120622,54.46,54.46,54.46,54.46,0
DWS020,20120625,54.23,54.23,54.23,54.23,0
DWS020,20120626,54.28,54.28,54.28,54.28,0
DWS020,20120627,54.47,54.47,54.47,54.47,0
DWS020,20120628,54.41,54.41,54.41,54.41,0
DWS020,20120629,55.35,55.35,55.35,55.35,0
DWS020,20120702,55.50,55.50,55.50,55.50,0
DWS020,20120703,55.68,55.68,55.68,55.68,0
DWS020,20120704,55.68,55.68,55.68,55.68,0
DWS020,20120705,55.72,55.72,55.72,55.72,0
DWS020,20120706,55.65,55.65,55.65,55.65,0
DWS020,20120709,55.81,55.81,55.81,55.81,0
DWS020,20120710,55.52,55.52,55.52,55.52,0
DWS020,20120711,55.01,55.01,55.01,55.01,0
DWS020,20120712,55.09,55.09,55.09,55.09,0
DWS020,20120713,55.79,55.79,55.79,55.79,0
DWS020,20120716,55.73,55.73,55.73,55.73,0
DWS020,20120717,55.67,55.67,55.67,55.67,0
DWS020,20120718,55.80,55.80,55.80,55.80,0
DWS020,20120719,55.44,55.44,55.44,55.44,0
DWS020,20120720,55.18,55.18,55.18,55.18,0
DWS020,20120723,54.89,54.89,54.89,54.89,0
DWS020,20120724,55.35,55.35,55.35,55.35,0
DWS020,20120725,55.21,55.21,55.21,55.21,0
DWS020,20120726,55.34,55.34,55.34,55.34,0
DWS020,20120727,55.22,55.22,55.22,55.22,0
DWS020,20120730,55.35,55.35,55.35,55.35,0
DWS020,20120731,55.16,55.16,55.16,55.16,0
DWS020,20120801,55.34,55.34,55.34,55.34,0
DWS020,20120802,54.70,54.70,54.70,54.70,0
DWS020,20120803,55.17,55.17,55.17,55.17,0
DWS020,20120806,54.86,54.86,54.86,54.86,0
DWS020,20120807,54.35,54.35,54.35,54.35,0
DWS020,20120808,54.52,54.52,54.52,54.52,0
DWS020,20120809,54.20,54.20,54.20,54.20,0
DWS020,20120810,54.13,54.13,54.13,54.13,0
DWS020,20120813,54.22,54.22,54.22,54.22,0
DWS020,20120814,54.34,54.34,54.34,54.34,0
DWS020,20120816,54.23,54.23,54.23,54.23,0
DWS020,20120817,54.35,54.35,54.35,54.35,0
DWS020,20120820,54.32,54.32,54.32,54.32,0
DWS020,20120821,54.57,54.57,54.57,54.57,0
DWS020,20120822,54.43,54.43,54.43,54.43,0
DWS020,20120823,54.42,54.42,54.42,54.42,0
DWS020,20120824,54.65,54.65,54.65,54.65,0
DWS020,20120827,54.62,54.62,54.62,54.62,0
DWS020,20120828,54.72,54.72,54.72,54.72,0
DWS020,20120829,55.63,55.63,55.63,55.63,0
DWS020,20120830,55.97,55.97,55.97,55.97,0
DWS020,20120831,55.90,55.90,55.90,55.90,0
DWS020,20120903,56.15,56.15,56.15,56.15,0
DWS020,20120904,55.88,55.88,55.88,55.88,0
DWS020,20120905,56.43,56.43,56.43,56.43,0
DWS020,20120906,56.20,56.20,56.20,56.20,0
DWS020,20120907,56.06,56.06,56.06,56.06,0
DWS020,20120910,55.61,55.61,55.61,55.61,0
DWS020,20120911,55.54,55.54,55.54,55.54,0
DWS020,20120912,55.38,55.38,55.38,55.38,0
DWS020,20120913,55.84,55.84,55.84,55.84,0
DWS020,20130704,62.04,62.04,62.04,62.04,0
DWS020,20130809,59.80,59.80,59.80,59.80,0
DWS020,20130812,59.77,59.77,59.77,59.77,0
DWS020,20130813,59.38,59.38,59.38,59.38,0
DWS020,20131030,60.45,60.45,60.45,60.45,0
DWS020,20131031,59.84,59.84,59.84,59.84,0
DWS020,20131104,60.09,60.09,60.09,60.09,0
DWS020,20131105,59.74,59.74,59.74,59.74,0
DWS020,20131106,59.51,59.51,59.51,59.51,0
DWS020,20131107,59.19,59.19,59.19,59.19,0
DWS020,20131108,58.38,58.38,58.38,58.38,0
DWS020,20131112,59.03,59.03,59.03,59.03,0
DWS020,20131113,58.74,58.74,58.74,58.74,0
DWS020,20131114,59.23,59.23,59.23,59.23,0
DWS020,20131115,59.60,59.60,59.60,59.60,0
DWS020,20131118,59.50,59.50,59.50,59.50,0
DWS020,20131119,58.97,58.97,58.97,58.97,0
DWS020,20131120,58.94,58.94,58.94,58.94,0
DWS020,20131121,58.75,58.75,58.75,58.75,0
DWS020,20131122,58.92,58.92,58.92,58.92,0
DWS020,20131125,58.74,58.74,58.74,58.74,0
DWS020,20131126,58.59,58.59,58.59,58.59,0
DWS020,20131127,58.69,58.69,58.69,58.69,0
DWS020,20131128,58.83,58.83,58.83,58.83,0
DWS020,20131129,58.76,58.76,58.76,58.76,0
DWS020,20131202,58.25,58.25,58.25,58.25,0
DWS020,20131203,57.93,57.93,57.93,57.93,0
DWS020,20131204,57.78,57.78,57.78,57.78,0
DWS020,20131205,57.35,57.35,57.35,57.35,0
DWS020,20131206,57.54,57.54,57.54,57.54,0
DWS020,20131209,57.31,57.31,57.31,57.31,0
DWS020,20131210,57.24,57.24,57.24,57.24,0
DWS020,20131211,56.59,56.59,56.59,56.59,0
DWS020,20131212,56.01,56.01,56.01,56.01,0
DWS020,20131213,56.23,56.23,56.23,56.23,0
DWS020,20131216,55.96,55.96,55.96,55.96,0
DWS020,20131217,55.76,55.76,55.76,55.76,0
DWS020,20131218,56.04,56.04,56.04,56.04,0
DWS020,20131219,56.45,56.45,56.45,56.45,0
DWS020,20131220,56.54,56.54,56.54,56.54,0
DWS020,20131223,56.86,56.86,56.86,56.86,0
DWS020,20131227,56.47,56.47,56.47,56.47,0
DWS020,20131230,56.89,56.89,56.89,56.89,0
DWS020,20140102,57.39,57.39,57.39,57.39,0
DWS020,20140103,57.54,57.54,57.54,57.54,0
DWS020,20140107,57.50,57.50,57.50,57.50,0
DWS020,20140108,57.50,57.50,57.50,57.50,0
DWS020,20140109,57.45,57.45,57.45,57.45,0
DWS020,20140110,57.49,57.49,57.49,57.49,0
DWS020,20140113,57.53,57.53,57.53,57.53,0
DWS020,20140114,57.10,57.10,57.10,57.10,0
DWS020,20140115,57.61,57.61,57.61,57.61,0
DWS020,20140116,57.68,57.68,57.68,57.68,0
DWS020,20140117,57.95,57.95,57.95,57.95,0
DWS020,20140120,57.87,57.87,57.87,57.87,0
DWS020,20140121,58.36,58.36,58.36,58.36,0
DWS020,20140122,58.48,58.48,58.48,58.48,0
DWS020,20140123,57.81,57.81,57.81,57.81,0
DWS020,20140124,57.68,57.68,57.68,57.68,0
DWS020,20140127,57.53,57.53,57.53,57.53,0
DWS020,20140128,56.94,56.94,56.94,56.94,0
DWS020,20140129,57.36,57.36,57.36,57.36,0
DWS020,20140130,57.83,57.83,57.83,57.83,0
DWS020,20140131,58.21,58.21,58.21,58.21,0
DWS020,20140203,58.26,58.26,58.26,58.26,0
DWS020,20140204,57.54,57.54,57.54,57.54,0
DWS020,20140205,57.30,57.30,57.30,57.30,0
DWS020,20140206,57.28,57.28,57.28,57.28,0
DWS020,20140207,57.81,57.81,57.81,57.81,0
DWS020,20140210,57.64,57.64,57.64,57.64,0
DWS020,20140211,57.86,57.86,57.86,57.86,0
DWS020,20140212,58.44,58.44,58.44,58.44,0
DWS020,20140213,57.94,57.94,57.94,57.94,0
DWS020,20140214,57.74,57.74,57.74,57.74,0
DWS020,20140217,57.77,57.77,57.77,57.77,0
DWS020,20140218,57.85,57.85,57.85,57.85,0
DWS020,20140219,58.19,58.19,58.19,58.19,0
DWS020,20140220,58.27,58.27,58.27,58.27,0
DWS020,20140221,58.09,58.09,58.09,58.09,0
DWS020,20140224,58.16,58.16,58.16,58.16,0
DWS020,20140225,58.06,58.06,58.06,58.06,0
DWS020,20140226,58.20,58.20,58.20,58.20,0
DWS020,20140227,58.49,58.49,58.49,58.49,0
DWS020,20140228,57.88,57.88,57.88,57.88,0
DWS020,20140303,58.24,58.24,58.24,58.24,0
DWS020,20140304,58.73,58.73,58.73,58.73,0
DWS020,20140305,58.85,58.85,58.85,58.85,0
DWS020,20140306,58.42,58.42,58.42,58.42,0
DWS020,20140307,58.00,58.00,58.00,58.00,0
DWS020,20140310,57.77,57.77,57.77,57.77,0
DWS020,20140311,58.13,58.13,58.13,58.13,0
DWS020,20140312,57.90,57.90,57.90,57.90,0
DWS020,20140313,57.52,57.52,57.52,57.52,0
DWS020,20140314,57.39,57.39,57.39,57.39,0
DWS020,20140317,57.54,57.54,57.54,57.54,0
DWS020,20140318,57.78,57.78,57.78,57.78,0
DWS020,20140319,57.54,57.54,57.54,57.54,0
DWS020,20140320,56.88,56.88,56.88,56.88,0
DWS020,20140321,57.33,57.33,57.33,57.33,0
DWS020,20140324,57.12,57.12,57.12,57.12,0
DWS020,20140325,57.18,57.18,57.18,57.18,0
DWS020,20140326,57.14,57.14,57.14,57.14,0
DWS020,20140327,57.35,57.35,57.35,57.35,0
DWS020,20140328,57.66,57.66,57.66,57.66,0
DWS020,20140331,57.67,57.67,57.67,57.67,0
DWS020,20140401,57.89,57.89,57.89,57.89,0
DWS020,20140402,58.28,58.28,58.28,58.28,0
DWS020,20140403,58.42,58.42,58.42,58.42,0
DWS020,20140404,58.63,58.63,58.63,58.63,0
DWS020,20140407,58.66,58.66,58.66,58.66,0
DWS020,20140408,58.41,58.41,58.41,58.41,0
DWS020,20140409,58.33,58.33,58.33,58.33,0
DWS020,20140410,58.45,58.45,58.45,58.45,0
DWS020,20140411,57.87,57.87,57.87,57.87,0
DWS020,20140414,58.01,58.01,58.01,58.01,0
DWS020,20140415,58.23,58.23,58.23,58.23,0
DWS020,20140416,58.56,58.56,58.56,58.56,0
DWS020,20140417,58.68,58.68,58.68,58.68,0
DWS020,20140422,58.89,58.89,58.89,58.89,0
DWS020,20140423,58.74,58.74,58.74,58.74,0
DWS020,20140424,58.81,58.81,58.81,58.81,0
DWS020,20140425,58.78,58.78,58.78,58.78,0
DWS020,20140428,58.82,58.82,58.82,58.82,0
DWS020,20140429,59.21,59.21,59.21,59.21,0
DWS020,20140430,58.94,58.94,58.94,58.94,0
DWS020,20140502,59.39,59.39,59.39,59.39,0
DWS020,20140505,59.21,59.21,59.21,59.21,0
DWS020,20140506,59.11,59.11,59.11,59.11,0
DWS020,20140507,59.14,59.14,59.14,59.14,0
DWS020,20140508,59.54,59.54,59.54,59.54,0
DWS020,20140509,59.81,59.81,59.81,59.81,0
DWS020,20140512,59.93,59.93,59.93,59.93,0
DWS020,20140513,60.48,60.48,60.48,60.48,0
DWS020,20140514,60.35,60.35,60.35,60.35,0
DWS020,20140515,60.44,60.44,60.44,60.44,0
DWS020,20140516,60.44,60.44,60.44,60.44,0
DWS020,20140519,60.48,60.48,60.48,60.48,0
DWS020,20140520,60.42,60.42,60.42,60.42,0
DWS020,20140521,60.34,60.34,60.34,60.34,0
DWS020,20140522,60.19,60.19,60.19,60.19,0
DWS020,20140523,60.22,60.22,60.22,60.22,0
DWS020,20140526,60.45,60.45,60.45,60.45,0
DWS020,20140527,60.73,60.73,60.73,60.73,0
DWS020,20140528,60.69,60.69,60.69,60.69,0
DWS020,20140529,60.39,60.39,60.39,60.39,0
DWS020,20140602,60.94,60.94,60.94,60.94,0
DWS020,20140603,60.95,60.95,60.95,60.95,0
DWS020,20140604,61.02,61.02,61.02,61.02,0
DWS020,20140605,60.93,60.93,60.93,60.93,0
DWS020,20140606,61.26,61.26,61.26,61.26,0
DWS020,20140609,61.00,61.00,61.00,61.00,0
DWS020,20140610,60.98,60.98,60.98,60.98,0
DWS020,20140611,60.86,60.86,60.86,60.86,0
DWS020,20140612,60.62,60.62,60.62,60.62,0
DWS020,20140613,60.63,60.63,60.63,60.63,0
DWS020,20140616,61.01,61.01,61.01,61.01,0
DWS020,20140617,60.79,60.79,60.79,60.79,0
DWS020,20140620,61.58,61.58,61.58,61.58,0
DWS020,20140623,61.65,61.65,61.65,61.65,0
DWS020,20140624,61.38,61.38,61.38,61.38,0
DWS020,20140625,61.16,61.16,61.16,61.16,0
DWS020,20140626,61.25,61.25,61.25,61.25,0
DWS020,20140627,61.43,61.43,61.43,61.43,0
DWS020,20140630,61.47,61.47,61.47,61.47,0
DWS020,20140701,61.38,61.38,61.38,61.38,0
DWS020,20140702,61.40,61.40,61.40,61.40,0
DWS020,20140704,61.47,61.47,61.47,61.47,0
DWS020,20140707,61.47,61.47,61.47,61.47,0
DWS020,20140708,61.35,61.35,61.35,61.35,0
DWS020,20140709,60.99,60.99,60.99,60.99,0
DWS020,20140710,61.41,61.41,61.41,61.41,0
DWS020,20140711,61.51,61.51,61.51,61.51,0
DWS020,20140714,61.45,61.45,61.45,61.45,0
DWS020,20140715,61.89,61.89,61.89,61.89,0
DWS020,20140716,62.11,62.11,62.11,62.11,0
DWS020,20140717,62.23,62.23,62.23,62.23,0
DWS020,20140718,62.42,62.42,62.42,62.42,0
DWS020,20140721,62.54,62.54,62.54,62.54,0
DWS020,20140722,62.80,62.80,62.80,62.80,0
DWS020,20140723,62.72,62.72,62.72,62.72,0
DWS020,20140724,62.70,62.70,62.70,62.70,0
DWS020,20140725,62.78,62.78,62.78,62.78,0
DWS020,20140728,62.60,62.60,62.60,62.60,0
DWS020,20140729,62.88,62.88,62.88,62.88,0
DWS020,20140805,62.29,62.29,62.29,62.29,0
DWS020,20140806,62.33,62.33,62.33,62.33,0
DWS020,20140807,62.45,62.45,62.45,62.45,0
DWS020,20140808,62.13,62.13,62.13,62.13,0
DWS020,20140811,62.61,62.61,62.61,62.61,0
DWS020,20140812,62.75,62.75,62.75,62.75,0
DWS020,20140813,62.85,62.85,62.85,62.85,0
DWS020,20140814,62.89,62.89,62.89,62.89,0
DWS020,20140818,63.41,63.41,63.41,63.41,0
DWS020,20140820,63.74,63.74,63.74,63.74,0
DWS020,20140821,64.25,64.25,64.25,64.25,0
DWS020,20140822,63.99,63.99,63.99,63.99,0
DWS020,20140825,64.10,64.10,64.10,64.10,0
DWS020,20140826,64.05,64.05,64.05,64.05,0
DWS020,20140827,64.30,64.30,64.30,64.30,0
DWS020,20140828,64.40,64.40,64.40,64.40,0
DWS020,20140901,64.72,64.72,64.72,64.72,0
DWS020,20140902,64.83,64.83,64.83,64.83,0
DWS020,20140903,64.76,64.76,64.76,64.76,0
DWS020,20140904,65.25,65.25,65.25,65.25,0
DWS020,20140905,65.41,65.41,65.41,65.41,0
DWS020,20140908,65.32,65.32,65.32,65.32,0
DWS020,20140909,65.31,65.31,65.31,65.31,0
DWS020,20140910,64.85,64.85,64.85,64.85,0
DWS020,20140918,63.17,63.17,63.17,63.17,0
DWS020,20140919,63.36,63.36,63.36,63.36,0
DWS020,20140922,62.96,62.96,62.96,62.96,0
DWS020,20140923,62.62,62.62,62.62,62.62,0
DWS020,20140924,62.51,62.51,62.51,62.51,0
DWS020,20140925,62.76,62.76,62.76,62.76,0
DWS020,20140929,62.80,62.80,62.80,62.80,0
DWS020,20140930,63.07,63.07,63.07,63.07,0
DWS020,20141001,63.13,63.13,63.13,63.13,0
DWS020,20141002,62.61,62.61,62.61,62.61,0
DWS020,20141006,63.11,63.11,63.11,63.11,0
DWS020,20141007,62.76,62.76,62.76,62.76,0
DWS020,20141008,62.52,62.52,62.52,62.52,0
DWS020,20141009,63.05,63.05,63.05,63.05,0
DWS020,20141010,63.27,63.27,63.27,63.27,0
DWS020,20141013,63.07,63.07,63.07,63.07,0
DWS020,20141014,63.50,63.50,63.50,63.50,0
DWS020,20141015,63.11,63.11,63.11,63.11,0
DWS020,20141016,62.90,62.90,62.90,62.90,0
DWS020,20141017,63.14,63.14,63.14,63.14,0
DWS020,20141020,63.62,63.62,63.62,63.62,0
DWS020,20141021,64.25,64.25,64.25,64.25,0
DWS020,20141022,64.99,64.99,64.99,64.99,0
DWS020,20141023,65.19,65.19,65.19,65.19,0
DWS020,20141024,65.18,65.18,65.18,65.18,0
DWS020,20141027,65.23,65.23,65.23,65.23,0
DWS020,20141028,65.29,65.29,65.29,65.29,0
DWS020,20141029,65.39,65.39,65.39,65.39,0
DWS020,20141030,65.93,65.93,65.93,65.93,0
DWS020,20141031,67.30,67.30,67.30,67.30,0
DWS020,20141103,67.57,67.57,67.57,67.57,0
DWS020,20141104,67.81,67.81,67.81,67.81,0
DWS020,20141105,67.82,67.82,67.82,67.82,0
DWS020,20141106,67.45,67.45,67.45,67.45,0
DWS020,20141107,67.10,67.10,67.10,67.10,0
DWS020,20141110,67.15,67.15,67.15,67.15,0
DWS020,20141112,67.44,67.44,67.44,67.44,0
DWS020,20141113,67.41,67.41,67.41,67.41,0
DWS020,20141114,67.81,67.81,67.81,67.81,0
DWS020,20141117,67.28,67.28,67.28,67.28,0
DWS020,20141118,67.11,67.11,67.11,67.11,0
DWS020,20141119,66.91,66.91,66.91,66.91,0
DWS020,20141120,66.34,66.34,66.34,66.34,0
DWS020,20141121,67.41,67.41,67.41,67.41,0
DWS020,20141124,67.43,67.43,67.43,67.43,0
DWS020,20141125,67.08,67.08,67.08,67.08,0
DWS020,20141126,66.97,66.97,66.97,66.97,0
DWS020,20141127,67.21,67.21,67.21,67.21,0
DWS020,20141128,67.70,67.70,67.70,67.70,0
DWS020,20141201,67.29,67.29,67.29,67.29,0
DWS020,20141202,67.46,67.46,67.46,67.46,0
DWS020,20141203,67.92,67.92,67.92,67.92,0
DWS020,20141204,67.27,67.27,67.27,67.27,0
DWS020,20141205,67.64,67.64,67.64,67.64,0
DWS020,20141208,68.05,68.05,68.05,68.05,0
DWS020,20141209,67.32,67.32,67.32,67.32,0
DWS020,20141210,67.41,67.41,67.41,67.41,0
DWS020,20141211,67.58,67.58,67.58,67.58,0
DWS020,20141212,67.59,67.59,67.59,67.59,0
DWS020,20141215,66.98,66.98,66.98,66.98,0
DWS020,20141216,66.13,66.13,66.13,66.13,0
DWS020,20141217,67.17,67.17,67.17,67.17,0
DWS020,20141218,68.55,68.55,68.55,68.55,0
DWS020,20141219,69.46,69.46,69.46,69.46,0
DWS020,20141222,69.87,69.87,69.87,69.87,0
DWS020,20141223,70.63,70.63,70.63,70.63,0
DWS020,20141229,71.00,71.00,71.00,71.00,0
DWS020,20141230,71.24,71.24,71.24,71.24,0
DWS020,20150102,71.35,71.35,71.35,71.35,0
DWS020,20150105,71.76,71.76,71.76,71.76,0
DWS020,20150107,73.21,73.21,73.21,73.21,0
DWS020,20150108,73.70,73.70,73.70,73.70,0
DWS020,20150109,73.68,73.68,73.68,73.68,0
DWS020,20150112,73.80,73.80,73.80,73.80,0
DWS020,20150113,74.52,74.52,74.52,74.52,0
DWS020,20150114,74.26,74.26,74.26,74.26,0
DWS020,20150115,75.46,75.46,75.46,75.46,0
DWS020,20150116,76.48,76.48,76.48,76.48,0
DWS020,20150119,76.32,76.32,76.32,76.32,0
DWS020,20150120,76.88,76.88,76.88,76.88,0
DWS020,20150121,76.19,76.19,76.19,76.19,0
DWS020,20150122,77.02,77.02,77.02,77.02,0
DWS020,20150123,78.17,78.17,78.17,78.17,0
DWS020,20150126,77.61,77.61,77.61,77.61,0
DWS020,20150127,77.60,77.60,77.60,77.60,0
DWS020,20150128,78.22,78.22,78.22,78.22,0
DWS020,20150129,77.42,77.42,77.42,77.42,0
DWS020,20150130,77.01,77.01,77.01,77.01,0
DWS020,20150202,75.28,75.28,75.28,75.28,0
DWS020,20150203,75.17,75.17,75.17,75.17,0
DWS020,20150204,75.69,75.69,75.69,75.69,0
DWS020,20150205,75.97,75.97,75.97,75.97,0
DWS020,20150206,76.17,76.17,76.17,76.17,0
DWS020,20150209,75.36,75.36,75.36,75.36,0
DWS020,20150210,75.59,75.59,75.59,75.59,0
DWS020,20150211,75.90,75.90,75.90,75.90,0
DWS020,20150212,75.30,75.30,75.30,75.30,0
DWS020,20150213,75.44,75.44,75.44,75.44,0
DWS020,20150216,75.44,75.44,75.44,75.44,0
DWS020,20150217,75.70,75.70,75.70,75.70,0
DWS020,20150218,75.57,75.57,75.57,75.57,0
DWS020,20150219,75.55,75.55,75.55,75.55,0
DWS020,20150220,75.64,75.64,75.64,75.64,0
DWS020,20150223,75.78,75.78,75.78,75.78,0
DWS020,20150224,75.57,75.57,75.57,75.57,0
DWS020,20150225,75.29,75.29,75.29,75.29,0
DWS020,20150226,75.31,75.31,75.31,75.31,0
DWS020,20150227,75.21,75.21,75.21,75.21,0
DWS020,20150302,76.05,76.05,76.05,76.05,0
DWS020,20150303,75.86,75.86,75.86,75.86,0
DWS020,20150304,76.44,76.44,76.44,76.44,0
DWS020,20150305,76.20,76.20,76.20,76.20,0
DWS020,20150306,75.41,75.41,75.41,75.41,0
DWS020,20150309,74.77,74.77,74.77,74.77,0
DWS020,20150310,75.12,75.12,75.12,75.12,0
DWS020,20150311,76.43,76.43,76.43,76.43,0
DWS020,20150312,76.52,76.52,76.52,76.52,0
DWS020,20150313,78.02,78.02,78.02,78.02,0
DWS020,20150316,78.08,78.08,78.08,78.08,0
DWS020,20150317,77.49,77.49,77.49,77.49,0
DWS020,20150318,77.89,77.89,77.89,77.89,0
DWS020,20150319,78.52,78.52,78.52,78.52,0
DWS020,20150320,78.25,78.25,78.25,78.25,0
DWS020,20150323,78.30,78.30,78.30,78.30,0
DWS020,20150324,77.77,77.77,77.77,77.77,0
DWS020,20150325,77.17,77.17,77.17,77.17,0
DWS020,20150326,75.91,75.91,75.91,75.91,0
DWS020,20150327,76.49,76.49,76.49,76.49,0
DWS020,20150330,76.64,76.64,76.64,76.64,0
DWS020,20150331,77.35,77.35,77.35,77.35,0
DWS020,20150401,76.54,76.54,76.54,76.54,0
DWS020,20150402,76.19,76.19,76.19,76.19,0
DWS020,20150407,76.72,76.72,76.72,76.72,0
DWS020,20150408,76.32,76.32,76.32,76.32,0
DWS020,20150409,76.38,76.38,76.38,76.38,0
DWS020,20150410,76.98,76.98,76.98,76.98,0
DWS020,20150413,76.70,76.70,76.70,76.70,0
DWS020,20150414,76.19,76.19,76.19,76.19,0
DWS020,20150415,76.25,76.25,76.25,76.25,0
DWS020,20150416,75.60,75.60,75.60,75.60,0
DWS020,20150417,75.71,75.71,75.71,75.71,0
DWS020,20150420,75.21,75.21,75.21,75.21,0
DWS020,20150421,75.19,75.19,75.19,75.19,0
DWS020,20150422,75.48,75.48,75.48,75.48,0
DWS020,20150423,75.32,75.32,75.32,75.32,0
DWS020,20150424,75.18,75.18,75.18,75.18,0
DWS020,20150427,75.62,75.62,75.62,75.62,0
DWS020,20150428,74.24,74.24,74.24,74.24,0
DWS020,20150429,73.36,73.36,73.36,73.36,0
DWS020,20150430,72.64,72.64,72.64,72.64,0
DWS020,20150504,73.05,73.05,73.05,73.05,0
DWS020,20150505,72.10,72.10,72.10,72.10,0
DWS020,20150506,70.86,70.86,70.86,70.86,0
DWS020,20150507,70.84,70.84,70.84,70.84,0
DWS020,20150508,72.81,72.81,72.81,72.81,0
DWS020,20150511,73.18,73.18,73.18,73.18,0
DWS020,20150512,71.94,71.94,71.94,71.94,0
DWS020,20150513,72.19,72.19,72.19,72.19,0
DWS020,20150514,72.48,72.48,72.48,72.48,0
DWS020,20150515,72.21,72.21,72.21,72.21,0
DWS020,20150518,72.16,72.16,72.16,72.16,0
DWS020,20150519,73.16,73.16,73.16,73.16,0
DWS020,20150520,73.57,73.57,73.57,73.57,0
DWS020,20150521,73.78,73.78,73.78,73.78,0
DWS020,20150522,74.30,74.30,74.30,74.30,0
DWS020,20150525,74.56,74.56,74.56,74.56,0
DWS020,20150526,75.24,75.24,75.24,75.24,0
DWS020,20150527,75.60,75.60,75.60,75.60,0
DWS020,20150528,75.23,75.23,75.23,75.23,0
DWS020,20150529,74.32,74.32,74.32,74.32,0
DWS020,20150601,74.33,74.33,74.33,74.33,0
DWS020,20150602,73.39,73.39,73.39,73.39,0
DWS020,20150603,72.20,72.20,72.20,72.20,0
DWS020,20150605,72.14,72.14,72.14,72.14,0
DWS020,20150608,71.21,71.21,71.21,71.21,0
DWS020,20150609,71.09,71.09,71.09,71.09,0
DWS020,20150610,70.65,70.65,70.65,70.65,0
DWS020,20150611,71.81,71.81,71.81,71.81,0
DWS020,20150612,71.43,71.43,71.43,71.43,0
DWS020,20150615,71.15,71.15,71.15,71.15,0
DWS020,20150616,71.48,71.48,71.48,71.48,0
DWS020,20150617,71.19,71.19,71.19,71.19,0
DWS020,20150618,71.36,71.36,71.36,71.36,0
DWS020,20150619,71.56,71.56,71.56,71.56,0
DWS020,20150622,71.94,71.94,71.94,71.94,0
DWS020,20150623,71.79,71.79,71.79,71.79,0
DWS020,20150624,72.04,72.04,72.04,72.04,0
DWS020,20150625,71.79,71.79,71.79,71.79,0
DWS020,20150626,71.47,71.47,71.47,71.47,0
DWS020,20150629,71.73,71.73,71.73,71.73,0
DWS020,20150630,71.00,71.00,71.00,71.00,0
DWS020,20150701,71.77,71.77,71.77,71.77,0
DWS020,20150702,72.40,72.40,72.40,72.40,0
DWS020,20150703,71.93,71.93,71.93,71.93,0
DWS020,20150706,72.00,72.00,72.00,72.00,0
DWS020,20150707,73.24,73.24,73.24,73.24,0
DWS020,20150708,72.50,72.50,72.50,72.50,0
DWS020,20150709,72.89,72.89,72.89,72.89,0
DWS020,20150710,71.78,71.78,71.78,71.78,0
DWS020,20150713,72.65,72.65,72.65,72.65,0
DWS020,20150714,72.65,72.65,72.65,72.65,0
DWS020,20150715,72.71,72.71,72.71,72.71,0
DWS020,20150716,73.26,73.26,73.26,73.26,0
DWS020,20150717,73.55,73.55,73.55,73.55,0
DWS020,20150720,73.48,73.48,73.48,73.48,0
DWS020,20150721,73.39,73.39,73.39,73.39,0
DWS020,20150722,73.40,73.40,73.40,73.40,0
DWS020,20150723,72.44,72.44,72.44,72.44,0
DWS020,20150724,72.41,72.41,72.41,72.41,0
DWS020,20150727,72.17,72.17,72.17,72.17,0
DWS020,20150728,72.03,72.03,72.03,72.03,0
DWS020,20150729,72.28,72.28,72.28,72.28,0
DWS020,20150730,72.96,72.96,72.96,72.96,0
DWS020,20150731,72.80,72.80,72.80,72.80,0
DWS020,20150803,73.05,73.05,73.05,73.05,0
DWS020,20150804,73.44,73.44,73.44,73.44,0
DWS020,20150805,74.14,74.14,74.14,74.14,0
DWS020,20150806,73.75,73.75,73.75,73.75,0
DWS020,20150807,73.92,73.92,73.92,73.92,0
DWS020,20150810,73.89,73.89,73.89,73.89,0
DWS020,20150811,73.35,73.35,73.35,73.35,0
DWS020,20150812,72.71,72.71,72.71,72.71,0
DWS020,20150813,72.60,72.60,72.60,72.60,0
DWS020,20150814,73.07,73.07,73.07,73.07,0
DWS020,20150817,73.15,73.15,73.15,73.15,0
DWS020,20150818,73.48,73.48,73.48,73.48,0
DWS020,20150819,73.44,73.44,73.44,73.44,0
DWS020,20150820,72.65,72.65,72.65,72.65,0
DWS020,20150821,71.59,71.59,71.59,71.59,0
DWS020,20150824,67.28,67.28,67.28,67.28,0
DWS020,20150825,68.22,68.22,68.22,68.22,0
DWS020,20150826,67.74,67.74,67.74,67.74,0
DWS020,20150827,69.24,69.24,69.24,69.24,0
DWS020,20150828,69.77,69.77,69.77,69.77,0
DWS020,20150831,69.66,69.66,69.66,69.66,0
DWS020,20150901,68.17,68.17,68.17,68.17,0
DWS020,20150902,68.61,68.61,68.61,68.61,0
DWS020,20150903,69.26,69.26,69.26,69.26,0
DWS020,20150904,68.43,68.43,68.43,68.43,0
DWS020,20150907,67.96,67.96,67.96,67.96,0
DWS020,20150908,68.48,68.48,68.48,68.48,0
DWS020,20150909,69.01,69.01,69.01,69.01,0
DWS020,20150910,68.12,68.12,68.12,68.12,0
DWS020,20150911,67.56,67.56,67.56,67.56,0
DWS020,20150914,68.16,68.16,68.16,68.16,0
DWS020,20150915,67.76,67.76,67.76,67.76,0
DWS020,20150916,68.47,68.47,68.47,68.47,0
DWS020,20150917,68.79,68.79,68.79,68.79,0
DWS020,20150918,69.03,69.03,69.03,69.03,0
DWS020,20150921,69.67,69.67,69.67,69.67,0
DWS020,20150922,69.73,69.73,69.73,69.73,0
DWS020,20150923,69.41,69.41,69.41,69.41,0
DWS020,20150924,69.35,69.35,69.35,69.35,0
DWS020,20150925,70.14,70.14,70.14,70.14,0
DWS020,20150928,70.20,70.20,70.20,70.20,0
DWS020,20150929,69.29,69.29,69.29,69.29,0
DWS020,20150930,70.53,70.53,70.53,70.53,0
DWS020,20151001,71.07,71.07,71.07,71.07,0
DWS020,20151002,70.23,70.23,70.23,70.23,0
DWS020,20151005,72.11,72.11,72.11,72.11,0
DWS020,20151006,72.49,72.49,72.49,72.49,0
DWS020,20151007,72.15,72.15,72.15,72.15,0
DWS020,20151008,72.45,72.45,72.45,72.45,0
DWS020,20151009,72.03,72.03,72.03,72.03,0
DWS020,20151012,72.26,72.26,72.26,72.26,0
DWS020,20151013,72.20,72.20,72.20,72.20,0
DWS020,20151014,71.91,71.91,71.91,71.91,0
DWS020,20151015,71.97,71.97,71.97,71.97,0
DWS020,20151016,72.88,72.88,72.88,72.88,0
DWS020,20151019,73.24,73.24,73.24,73.24,0
DWS020,20151020,73.57,73.57,73.57,73.57,0
DWS020,20151021,74.09,74.09,74.09,74.09,0
DWS020,20151022,75.10,75.10,75.10,75.10,0
DWS020,20151023,75.87,75.87,75.87,75.87,0
DWS020,20151026,75.54,75.54,75.54,75.54,0
DWS020,20151027,75.85,75.85,75.85,75.85,0
DWS020,20151028,76.18,76.18,76.18,76.18,0
DWS020,20151029,76.04,76.04,76.04,76.04,0
DWS020,20151030,75.41,75.41,75.41,75.41,0
DWS020,20151102,74.99,74.99,74.99,74.99,0
DWS020,20151103,75.35,75.35,75.35,75.35,0
DWS020,20151104,75.66,75.66,75.66,75.66,0
DWS020,20151105,75.31,75.31,75.31,75.31,0
DWS020,20151106,75.45,75.45,75.45,75.45,0
DWS020,20151109,74.41,74.41,74.41,74.41,0
DWS020,20151110,74.33,74.33,74.33,74.33,0
DWS020,20151112,73.86,73.86,73.86,73.86,0
DWS020,20151113,74.05,74.05,74.05,74.05,0
DWS020,20151116,73.79,73.79,73.79,73.79,0
DWS020,20151117,74.86,74.86,74.86,74.86,0
DWS020,20151118,75.06,75.06,75.06,75.06,0
DWS020,20151119,75.56,75.56,75.56,75.56,0
DWS020,20151120,76.26,76.26,76.26,76.26,0
DWS020,20151123,76.51,76.51,76.51,76.51,0
DWS020,20151124,76.10,76.10,76.10,76.10,0
DWS020,20151125,76.96,76.96,76.96,76.96,0
DWS020,20151126,76.96,76.96,76.96,76.96,0
DWS020,20151127,77.10,77.10,77.10,77.10,0
DWS020,20151130,77.19,77.19,77.19,77.19,0
DWS020,20151201,77.49,77.49,77.49,77.49,0
DWS020,20151202,77.96,77.96,77.96,77.96,0
DWS020,20151203,75.41,75.41,75.41,75.41,0
DWS020,20151204,75.51,75.51,75.51,75.51,0
DWS020,20151207,76.40,76.40,76.40,76.40,0
DWS020,20151208,76.03,76.03,76.03,76.03,0
DWS020,20151209,75.52,75.52,75.52,75.52,0
DWS020,20151210,75.43,75.43,75.43,75.43,0
DWS020,20151211,74.39,74.39,74.39,74.39,0
DWS020,20151214,74.43,74.43,74.43,74.43,0
DWS020,20151215,75.22,75.22,75.22,75.22,0
DWS020,20151216,75.59,75.59,75.59,75.59,0
DWS020,20151217,76.05,76.05,76.05,76.05,0
DWS020,20151218,75.47,75.47,75.47,75.47,0
DWS020,20151221,74.79,74.79,74.79,74.79,0
DWS020,20151222,74.21,74.21,74.21,74.21,0
DWS020,20151223,74.78,74.78,74.78,74.78,0
DWS020,20151228,74.39,74.39,74.39,74.39,0
DWS020,20151229,75.46,75.46,75.46,75.46,0
DWS020,20151230,75.57,75.57,75.57,75.57,0
DWS020,20160104,75.39,75.39,75.39,75.39,0
DWS020,20160105,76.47,76.47,76.47,76.47,0
DWS020,20160107,75.70,75.70,75.70,75.70,0
DWS020,20160108,75.23,75.23,75.23,75.23,0
DWS020,20160111,74.67,74.67,74.67,74.67,0
DWS020,20160112,74.73,74.73,74.73,74.73,0
DWS020,20160113,74.40,74.40,74.40,74.40,0
DWS020,20160114,73.38,73.38,73.38,73.38,0
DWS020,20160115,72.86,72.86,72.86,72.86,0
DWS020,20160118,74.35,74.35,74.35,74.35,0
DWS020,20160119,74.39,74.39,74.39,74.39,0
DWS020,20160120,72.80,72.80,72.80,72.80,0
DWS020,20160121,73.00,73.00,73.00,73.00,0
DWS020,20160122,74.21,74.21,74.21,74.21,0
DWS020,20160125,75.23,75.23,75.23,75.23,0
DWS020,20160126,75.38,75.38,75.38,75.38,0
DWS020,20160127,74.93,74.93,74.93,74.93,0
DWS020,20160128,74.43,74.43,74.43,74.43,0
DWS020,20160129,74.94,74.94,74.94,74.94,0
DWS020,20160201,75.22,75.22,75.22,75.22,0
DWS020,20160202,74.19,74.19,74.19,74.19,0
DWS020,20160203,74.14,74.14,74.14,74.14,0
DWS020,20160204,73.15,73.15,73.15,73.15,0
DWS020,20160205,73.18,73.18,73.18,73.18,0
DWS020,20160208,71.67,71.67,71.67,71.67,0
DWS020,20160209,70.40,70.40,70.40,70.40,0
DWS020,20160210,71.00,71.00,71.00,71.00,0
DWS020,20160211,69.71,69.71,69.71,69.71,0
DWS020,20160212,69.47,69.47,69.47,69.47,0
DWS020,20160215,70.75,70.75,70.75,70.75,0
DWS020,20160216,71.23,71.23,71.23,71.23,0
DWS020,20160217,72.07,72.07,72.07,72.07,0
DWS020,20160218,72.24,72.24,72.24,72.24,0
DWS020,20160219,72.59,72.59,72.59,72.59,0
DWS020,20160222,73.81,73.81,73.81,73.81,0
DWS020,20160223,73.65,73.65,73.65,73.65,0
DWS020,20160224,72.82,72.82,72.82,72.82,0
DWS020,20160225,73.66,73.66,73.66,73.66,0
DWS020,20160226,74.25,74.25,74.25,74.25,0
DWS020,20160229,74.30,74.30,74.30,74.30,0
DWS020,20160301,74.82,74.82,74.82,74.82,0
DWS020,20160302,75.73,75.73,75.73,75.73,0
DWS020,20160303,75.63,75.63,75.63,75.63,0
DWS020,20160304,75.17,75.17,75.17,75.17,0
DWS020,20160307,75.40,75.40,75.40,75.40,0
DWS020,20160308,75.07,75.07,75.07,75.07,0
DWS020,20160309,75.35,75.35,75.35,75.35,0
DWS020,20160310,75.16,75.16,75.16,75.16,0
DWS020,20160311,74.99,74.99,74.99,74.99,0
DWS020,20160314,75.49,75.49,75.49,75.49,0
DWS020,20160315,75.44,75.44,75.44,75.44,0
DWS020,20160316,75.81,75.81,75.81,75.81,0
DWS020,20160317,75.64,75.64,75.64,75.64,0
DWS020,20160318,75.97,75.97,75.97,75.97,0
DWS020,20160321,75.68,75.68,75.68,75.68,0
DWS020,20160322,75.70,75.70,75.70,75.70,0
DWS020,20160323,75.51,75.51,75.51,75.51,0
DWS020,20160324,75.21,75.21,75.21,75.21,0
DWS020,20160329,75.71,75.71,75.71,75.71,0
DWS020,20160330,76.04,76.04,76.04,76.04,0
DWS020,20160331,75.71,75.71,75.71,75.71,0
DWS020,20160401,75.11,75.11,75.11,75.11,0
DWS020,20160404,75.38,75.38,75.38,75.38,0
DWS020,20160405,75.16,75.16,75.16,75.16,0
DWS020,20160406,74.97,74.97,74.97,74.97,0
DWS020,20160407,75.45,75.45,75.45,75.45,0
DWS020,20160408,75.72,75.72,75.72,75.72,0
DWS020,20160411,75.51,75.51,75.51,75.51,0
DWS020,20160412,75.79,75.79,75.79,75.79,0
DWS020,20160413,76.60,76.60,76.60,76.60,0
DWS020,20160414,76.47,76.47,76.47,76.47,0
DWS020,20160415,76.26,76.26,76.26,76.26,0
DWS020,20160418,76.15,76.15,76.15,76.15,0
DWS020,20160419,76.42,76.42,76.42,76.42,0
DWS020,20160420,76.35,76.35,76.35,76.35,0
DWS020,20160421,76.04,76.04,76.04,76.04,0
DWS020,20160422,76.03,76.03,76.03,76.03,0
DWS020,20160425,76.62,76.62,76.62,76.62,0
DWS020,20160426,77.23,77.23,77.23,77.23,0
DWS020,20160427,76.67,76.67,76.67,76.67,0
DWS020,20160428,76.81,76.81,76.81,76.81,0
DWS020,20160429,75.77,75.77,75.77,75.77,0
DWS020,20160502,75.54,75.54,75.54,75.54,0
DWS020,20160504,75.79,75.79,75.79,75.79,0
DWS020,20160505,75.79,75.79,75.79,75.79,0
DWS020,20160506,76.73,76.73,76.73,76.73,0
DWS020,20160509,77.66,77.66,77.66,77.66,0
DWS020,20160510,78.27,78.27,78.27,78.27,0
DWS020,20160511,77.21,77.21,77.21,77.21,0
DWS020,20160512,76.78,76.78,76.78,76.78,0
DWS020,20160513,76.98,76.98,76.98,76.98,0
DWS020,20160516,76.93,76.93,76.93,76.93,0
DWS020,20160517,77.00,77.00,77.00,77.00,0
DWS020,20160518,76.66,76.66,76.66,76.66,0
DWS020,20160519,76.10,76.10,76.10,76.10,0
DWS020,20160520,76.35,76.35,76.35,76.35,0
DWS020,20160523,76.74,76.74,76.74,76.74,0
DWS020,20160524,77.62,77.62,77.62,77.62,0
DWS020,20160525,77.46,77.46,77.46,77.46,0
DWS020,20160527,78.14,78.14,78.14,78.14,0
DWS020,20160530,78.09,78.09,78.09,78.09,0
DWS020,20160531,77.80,77.80,77.80,77.80,0
DWS020,20160601,77.83,77.83,77.83,77.83,0
DWS020,20160602,77.44,77.44,77.44,77.44,0
DWS020,20160603,77.40,77.40,77.40,77.40,0
DWS020,20160606,77.44,77.44,77.44,77.44,0
DWS020,20160607,77.38,77.38,77.38,77.38,0
DWS020,20160608,77.22,77.22,77.22,77.22,0
DWS020,20160609,77.98,77.98,77.98,77.98,0
DWS020,20160610,77.72,77.72,77.72,77.72,0
DWS020,20160613,77.68,77.68,77.68,77.68,0
DWS020,20160614,77.36,77.36,77.36,77.36,0
DWS020,20160615,77.60,77.60,77.60,77.60,0
DWS020,20160616,77.60,77.60,77.60,77.60,0
DWS020,20160617,77.20,77.20,77.20,77.20,0
DWS020,20160620,78.11,78.11,78.11,78.11,0
DWS020,20160621,78.66,78.66,78.66,78.66,0
DWS020,20160622,78.19,78.19,78.19,78.19,0
DWS020,20160623,78.17,78.17,78.17,78.17,0
DWS020,20160624,77.91,77.91,77.91,77.91,0
DWS020,20160627,77.69,77.69,77.69,77.69,0
DWS020,20160628,78.81,78.81,78.81,78.81,0
DWS020,20160629,79.78,79.78,79.78,79.78,0
DWS020,20160630,80.12,80.12,80.12,80.12,0
DWS020,20160701,81.02,81.02,81.02,81.02,0
DWS020,20160704,80.97,80.97,80.97,80.97,0
DWS020,20160705,80.59,80.59,80.59,80.59,0
DWS020,20160706,81.03,81.03,81.03,81.03,0
DWS020,20160707,80.62,80.62,80.62,80.62,0
DWS020,20160708,81.07,81.07,81.07,81.07,0
DWS020,20160711,81.83,81.83,81.83,81.83,0
DWS020,20160712,81.99,81.99,81.99,81.99,0
DWS020,20160713,82.21,82.21,82.21,82.21,0
DWS020,20160714,82.27,82.27,82.27,82.27,0
DWS020,20160715,81.91,81.91,81.91,81.91,0
DWS020,20160718,82.35,82.35,82.35,82.35,0
DWS020,20160719,82.48,82.48,82.48,82.48,0
DWS020,20160720,83.27,83.27,83.27,83.27,0
DWS020,20160721,83.09,83.09,83.09,83.09,0
DWS020,20160722,83.40,83.40,83.40,83.40,0
DWS020,20160725,83.89,83.89,83.89,83.89,0
DWS020,20160726,83.86,83.86,83.86,83.86,0
DWS020,20160727,83.23,83.23,83.23,83.23,0
DWS020,20160728,82.87,82.87,82.87,82.87,0
DWS020,20160729,83.37,83.37,83.37,83.37,0
DWS020,20160801,83.58,83.58,83.58,83.58,0
DWS020,20160802,82.91,82.91,82.91,82.91,0
DWS020,20160803,82.00,82.00,82.00,82.00,0
DWS020,20160804,82.34,82.34,82.34,82.34,0
DWS020,20160805,82.99,82.99,82.99,82.99,0
DWS020,20160808,82.96,82.96,82.96,82.96,0
DWS020,20160809,82.71,82.71,82.71,82.71,0
DWS020,20160810,82.64,82.64,82.64,82.64,0
DWS020,20160811,82.19,82.19,82.19,82.19,0
DWS020,20160812,82.33,82.33,82.33,82.33,0
DWS020,20160816,81.18,81.18,81.18,81.18,0
DWS020,20160817,80.76,80.76,80.76,80.76,0
DWS020,20160818,80.95,80.95,80.95,80.95,0
DWS020,20160819,80.49,80.49,80.49,80.49,0
DWS020,20160822,80.50,80.50,80.50,80.50,0
DWS020,20160823,81.23,81.23,81.23,81.23,0
DWS020,20160824,81.07,81.07,81.07,81.07,0
DWS020,20160825,81.03,81.03,81.03,81.03,0
DWS020,20160826,81.17,81.17,81.17,81.17,0
DWS020,20160829,81.49,81.49,81.49,81.49,0
DWS020,20160830,81.49,81.49,81.49,81.49,0
DWS020,20160831,81.56,81.56,81.56,81.56,0
DWS020,20160901,81.48,81.48,81.48,81.48,0
DWS020,20160902,82.09,82.09,82.09,82.09,0
DWS020,20160905,82.25,82.25,82.25,82.25,0
DWS020,20160906,82.08,82.08,82.08,82.08,0
DWS020,20160907,81.98,81.98,81.98,81.98,0
DWS020,20160908,81.77,81.77,81.77,81.77,0
DWS020,20160909,80.59,80.59,80.59,80.59,0
DWS020,20160912,79.60,79.60,79.60,79.60,0
DWS020,20160913,79.26,79.26,79.26,79.26,0
DWS020,20160914,78.60,78.60,78.60,78.60,0
DWS020,20160915,78.44,78.44,78.44,78.44,0
DWS020,20160916,78.76,78.76,78.76,78.76,0
DWS020,20160919,79.37,79.37,79.37,79.37,0
DWS020,20160920,79.72,79.72,79.72,79.72,0
DWS020,20160921,79.75,79.75,79.75,79.75,0
DWS020,20160922,80.61,80.61,80.61,80.61,0
DWS020,20160923,80.58,80.58,80.58,80.58,0
DWS020,20160926,80.77,80.77,80.77,80.77,0
DWS020,20160927,81.17,81.17,81.17,81.17,0
DWS020,20160928,80.98,80.98,80.98,80.98,0
DWS020,20160929,80.66,80.66,80.66,80.66,0
DWS020,20160930,80.34,80.34,80.34,80.34,0
DWS020,20161003,79.79,79.79,79.79,79.79,0
DWS020,20161004,79.20,79.20,79.20,79.20,0
DWS020,20161005,77.94,77.94,77.94,77.94,0
DWS020,20161006,76.92,76.92,76.92,76.92,0
DWS020,20161007,77.07,77.07,77.07,77.07,0
DWS020,20161010,77.15,77.15,77.15,77.15,0
DWS020,20161011,77.29,77.29,77.29,77.29,0
DWS020,20161012,77.05,77.05,77.05,77.05,0
DWS020,20161013,77.49,77.49,77.49,77.49,0
DWS020,20161014,78.15,78.15,78.15,78.15,0
DWS020,20161017,78.09,78.09,78.09,78.09,0
DWS020,20161018,78.65,78.65,78.65,78.65,0
DWS020,20161019,78.69,78.69,78.69,78.69,0
DWS020,20161020,79.28,79.28,79.28,79.28,0
DWS020,20161021,79.13,79.13,79.13,79.13,0
DWS020,20161024,79.71,79.71,79.71,79.71,0
DWS020,20161025,79.44,79.44,79.44,79.44,0
DWS020,20161026,79.45,79.45,79.45,79.45,0
DWS020,20161027,77.40,77.40,77.40,77.40,0
DWS020,20161028,77.11,77.11,77.11,77.11,0
DWS020,20161031,77.25,77.25,77.25,77.25,0
DWS020,20161102,75.58,75.58,75.58,75.58,0
DWS020,20161103,75.42,75.42,75.42,75.42,0
DWS020,20161104,74.81,74.81,74.81,74.81,0
DWS020,20161107,75.69,75.69,75.69,75.69,0
DWS020,20161108,75.76,75.76,75.76,75.76,0
DWS020,20161109,74.99,74.99,74.99,74.99,0
DWS020,20161110,74.60,74.60,74.60,74.60,0
DWS020,20161114,75.16,75.16,75.16,75.16,0
DWS020,20161115,76.51,76.51,76.51,76.51,0
DWS020,20161116,75.85,75.85,75.85,75.85,0
DWS020,20161117,76.25,76.25,76.25,76.25,0
DWS020,20161118,76.25,76.25,76.25,76.25,0
DWS020,20161121,76.30,76.30,76.30,76.30,0
DWS020,20161122,76.30,76.30,76.30,76.30,0
DWS020,20161123,76.74,76.74,76.74,76.74,0
DWS020,20161124,77.04,77.04,77.04,77.04,0
DWS020,20161125,77.14,77.14,77.14,77.14,0
DWS020,20161128,77.65,77.65,77.65,77.65,0
DWS020,20161129,77.73,77.73,77.73,77.73,0
DWS020,20161130,77.59,77.59,77.59,77.59,0
DWS020,20161201,76.90,76.90,76.90,76.90,0
DWS020,20161202,77.08,77.08,77.08,77.08,0
DWS020,20161205,76.24,76.24,76.24,76.24,0
DWS020,20161206,76.76,76.76,76.76,76.76,0
DWS020,20161207,77.36,77.36,77.36,77.36,0
DWS020,20161208,78.55,78.55,78.55,78.55,0
DWS020,20161209,79.84,79.84,79.84,79.84,0
DWS020,20161212,78.93,78.93,78.93,78.93,0
DWS020,20161213,79.24,79.24,79.24,79.24,0
DWS020,20161214,78.98,78.98,78.98,78.98,0
DWS020,20161215,79.00,79.00,79.00,79.00,0
DWS020,20161216,79.42,79.42,79.42,79.42,0
DWS020,20161219,79.87,79.87,79.87,79.87,0
DWS020,20161220,80.54,80.54,80.54,80.54,0
DWS020,20161221,80.25,80.25,80.25,80.25,0
DWS020,20161222,78.91,78.91,78.91,78.91,0
DWS020,20161223,79.37,79.37,79.37,79.37,0
DWS020,20161227,79.31,79.31,79.31,79.31,0
DWS020,20161228,79.29,79.29,79.29,79.29,0
DWS020,20161229,79.33,79.33,79.33,79.33,0
DWS020,20161230,79.66,79.66,79.66,79.66,0
DWS020,20170102,79.97,79.97,79.97,79.97,0
DWS020,20170103,80.69,80.69,80.69,80.69,0
DWS020,20170104,80.90,80.90,80.90,80.90,0
DWS020,20170105,80.67,80.67,80.67,80.67,0
DWS020,20170109,81.02,81.02,81.02,81.02,0
DWS020,20170110,80.29,80.29,80.29,80.29,0
DWS020,20170111,80.57,80.57,80.57,80.57,0
DWS020,20170112,79.21,79.21,79.21,79.21,0
DWS020,20170113,79.57,79.57,79.57,79.57,0
DWS020,20170116,79.47,79.47,79.47,79.47,0
DWS020,20170117,79.11,79.11,79.11,79.11,0
DWS020,20170118,79.49,79.49,79.49,79.49,0
DWS020,20170119,79.30,79.30,79.30,79.30,0
DWS020,20170120,78.76,78.76,78.76,78.76,0
DWS020,20170123,78.92,78.92,78.92,78.92,0
DWS020,20170124,79.23,79.23,79.23,79.23,0
DWS020,20170125,78.89,78.89,78.89,78.89,0
DWS020,20170126,79.34,79.34,79.34,79.34,0
DWS020,20170127,78.78,78.78,78.78,78.78,0
DWS020,20170130,78.47,78.47,78.47,78.47,0
DWS020,20170131,78.15,78.15,78.15,78.15,0
DWS020,20170201,78.80,78.80,78.80,78.80,0
DWS020,20170202,77.81,77.81,77.81,77.81,0
DWS020,20170203,78.49,78.49,78.49,78.49,0
DWS020,20170206,78.75,78.75,78.75,78.75,0
DWS020,20170207,79.46,79.46,79.46,79.46,0
DWS020,20170208,79.55,79.55,79.55,79.55,0
DWS020,20170209,80.08,80.08,80.08,80.08,0
DWS020,20170210,80.41,80.41,80.41,80.41,0
DWS020,20170213,80.63,80.63,80.63,80.63,0
DWS020,20170214,80.49,80.49,80.49,80.49,0
DWS020,20170215,80.48,80.48,80.48,80.48,0
DWS020,20170216,80.40,80.40,80.40,80.40,0
DWS020,20170217,80.64,80.64,80.64,80.64,0
DWS020,20170220,80.81,80.81,80.81,80.81,0
DWS020,20170221,81.27,81.27,81.27,81.27,0
DWS020,20170222,82.13,82.13,82.13,82.13,0
DWS020,20170223,81.84,81.84,81.84,81.84,0
DWS020,20170224,81.87,81.87,81.87,81.87,0
DWS020,20170227,81.82,81.82,81.82,81.82,0
DWS020,20170228,81.75,81.75,81.75,81.75,0
DWS020,20170301,81.71,81.71,81.71,81.71,0
DWS020,20170302,81.62,81.62,81.62,81.62,0
DWS020,20170303,80.74,80.74,80.74,80.74,0
DWS020,20170306,80.35,80.35,80.35,80.35,0
DWS020,20170307,80.36,80.36,80.36,80.36,0
DWS020,20170308,79.92,79.92,79.92,79.92,0
DWS020,20170309,79.32,79.32,79.32,79.32,0
DWS020,20170310,78.31,78.31,78.31,78.31,0
DWS020,20170313,77.99,77.99,77.99,77.99,0
DWS020,20170314,77.98,77.98,77.98,77.98,0
DWS020,20170315,78.53,78.53,78.53,78.53,0
DWS020,20170316,78.92,78.92,78.92,78.92,0
DWS020,20170317,79.18,79.18,79.18,79.18,0
DWS020,20170320,79.15,79.15,79.15,79.15,0
DWS020,20170321,78.41,78.41,78.41,78.41,0
DWS020,20170322,77.92,77.92,77.92,77.92,0
DWS020,20170323,78.94,78.94,78.94,78.94,0
DWS020,20170324,78.90,78.90,78.90,78.90,0
DWS020,20170327,78.33,78.33,78.33,78.33,0
DWS020,20170328,77.72,77.72,77.72,77.72,0
DWS020,20170329,78.77,78.77,78.77,78.77,0
DWS020,20170330,78.82,78.82,78.82,78.82,0
DWS020,20170331,79.43,79.43,79.43,79.43,0
DWS020,20170403,79.69,79.69,79.69,79.69,0
DWS020,20170404,79.98,79.98,79.98,79.98,0
DWS020,20170405,80.05,80.05,80.05,80.05,0
DWS020,20170406,80.23,80.23,80.23,80.23,0
DWS020,20170407,80.79,80.79,80.79,80.79,0
DWS020,20170410,80.88,80.88,80.88,80.88,0
DWS020,20170411,81.35,81.35,81.35,81.35,0
DWS020,20170412,81.82,81.82,81.82,81.82,0
DWS020,20170413,81.78,81.78,81.78,81.78,0
DWS020,20170418,81.92,81.92,81.92,81.92,0
DWS020,20170419,81.63,81.63,81.63,81.63,0
DWS020,20170420,80.95,80.95,80.95,80.95,0
DWS020,20170421,81.55,81.55,81.55,81.55,0
DWS020,20170424,79.85,79.85,79.85,79.85,0
DWS020,20170425,80.14,80.14,80.14,80.14,0
DWS020,20170426,79.90,79.90,79.90,79.90,0
DWS020,20170427,80.18,80.18,80.18,80.18,0
DWS020,20170428,79.29,79.29,79.29,79.29,0
DWS020,20170502,79.58,79.58,79.58,79.58,0
DWS020,20170504,78.54,78.54,78.54,78.54,0
DWS020,20170505,78.56,78.56,78.56,78.56,0
DWS020,20170508,79.12,79.12,79.12,79.12,0
DWS020,20170509,79.12,79.12,79.12,79.12,0
DWS020,20170510,79.39,79.39,79.39,79.39,0
DWS020,20170511,78.93,78.93,78.93,78.93,0
DWS020,20170512,78.87,78.87,78.87,78.87,0
DWS020,20170515,78.71,78.71,78.71,78.71,0
DWS020,20170516,77.69,77.69,77.69,77.69,0
DWS020,20170517,77.49,77.49,77.49,77.49,0
DWS020,20170518,77.44,77.44,77.44,77.44,0
DWS020,20170519,77.29,77.29,77.29,77.29,0
DWS020,20170522,77.52,77.52,77.52,77.52,0
DWS020,20170523,77.63,77.63,77.63,77.63,0
DWS020,20170524,78.00,78.00,78.00,78.00,0
DWS020,20170525,78.00,78.00,78.00,78.00,0
DWS020,20170526,78.30,78.30,78.30,78.30,0
DWS020,20170529,78.05,78.05,78.05,78.05,0
DWS020,20170530,77.76,77.76,77.76,77.76,0
DWS020,20170531,77.72,77.72,77.72,77.72,0
DWS020,20170601,78.17,78.17,78.17,78.17,0
DWS020,20170602,78.50,78.50,78.50,78.50,0
DWS020,20170605,78.47,78.47,78.47,78.47,0
DWS020,20170606,78.43,78.43,78.43,78.43,0
DWS020,20170607,78.60,78.60,78.60,78.60,0
DWS020,20170608,78.43,78.43,78.43,78.43,0
DWS020,20170609,78.77,78.77,78.77,78.77,0
DWS020,20170612,78.87,78.87,78.87,78.87,0
DWS020,20170613,79.36,79.36,79.36,79.36,0
DWS020,20170614,79.71,79.71,79.71,79.71,0
DWS020,20170616,79.81,79.81,79.81,79.81,0
DWS020,20170619,79.85,79.85,79.85,79.85,0
DWS020,20170620,79.87,79.87,79.87,79.87,0
DWS020,20170621,79.54,79.54,79.54,79.54,0
DWS020,20170622,79.05,79.05,79.05,79.05,0
DWS020,20170623,79.03,79.03,79.03,79.03,0
DWS020,20170626,79.35,79.35,79.35,79.35,0
DWS020,20170627,78.67,78.67,78.67,78.67,0
DWS020,20170628,77.88,77.88,77.88,77.88,0
DWS020,20170629,77.28,77.28,77.28,77.28,0
DWS020,20170630,77.05,77.05,77.05,77.05,0
DWS020,20170703,77.36,77.36,77.36,77.36,0
DWS020,20170704,77.67,77.67,77.67,77.67,0
DWS020,20170705,77.31,77.31,77.31,77.31,0
DWS020,20170706,76.39,76.39,76.39,76.39,0
DWS020,20170707,75.81,75.81,75.81,75.81,0
DWS020,20170710,76.13,76.13,76.13,76.13,0
DWS020,20170711,75.24,75.24,75.24,75.24,0
DWS020,20170712,75.99,75.99,75.99,75.99,0
DWS020,20170713,76.20,76.20,76.20,76.20,0
DWS020,20170714,76.50,76.50,76.50,76.50,0
DWS020,20170717,76.56,76.56,76.56,76.56,0
DWS020,20170718,76.17,76.17,76.17,76.17,0
DWS020,20170719,76.84,76.84,76.84,76.84,0
DWS020,20170720,76.85,76.85,76.85,76.85,0
DWS020,20170721,76.16,76.16,76.16,76.16,0
DWS020,20170724,76.04,76.04,76.04,76.04,0
DWS020,20170725,75.67,75.67,75.67,75.67,0
DWS020,20170726,76.27,76.27,76.27,76.27,0
DWS020,20170727,76.14,76.14,76.14,76.14,0
DWS020,20170728,76.10,76.10,76.10,76.10,0
DWS020,20170731,75.69,75.69,75.69,75.69,0
DWS020,20170801,75.86,75.86,75.86,75.86,0
DWS020,20170802,75.69,75.69,75.69,75.69,0
DWS020,20170803,75.49,75.49,75.49,75.49,0
DWS020,20170804,75.81,75.81,75.81,75.81,0
DWS020,20170807,75.73,75.73,75.73,75.73,0
DWS020,20170808,75.44,75.44,75.44,75.44,0
DWS020,20170809,75.89,75.89,75.89,75.89,0
DWS020,20170810,75.48,75.48,75.48,75.48,0
DWS020,20170811,74.54,74.54,74.54,74.54,0
DWS020,20170814,75.04,75.04,75.04,75.04,0
DWS020,20170816,76.00,76.00,76.00,76.00,0
DWS020,20170817,75.98,75.98,75.98,75.98,0
DWS020,20170818,75.06,75.06,75.06,75.06,0
DWS020,20170821,74.77,74.77,74.77,74.77,0
DWS020,20170822,75.44,75.44,75.44,75.44,0
DWS020,20170823,74.97,74.97,74.97,74.97,0
DWS020,20170824,75.47,75.47,75.47,75.47,0
DWS020,20170825,74.78,74.78,74.78,74.78,0
DWS020,20170828,74.39,74.39,74.39,74.39,0
DWS020,20170829,73.70,73.70,73.70,73.70,0
DWS020,20170830,74.05,74.05,74.05,74.05,0
DWS020,20170831,75.32,75.32,75.32,75.32,0
DWS020,20170901,75.46,75.46,75.46,75.46,0
DWS020,20170904,75.17,75.17,75.17,75.17,0
DWS020,20170905,75.24,75.24,75.24,75.24,0
DWS020,20170906,75.13,75.13,75.13,75.13,0
DWS020,20170907,74.85,74.85,74.85,74.85,0
DWS020,20170908,75.01,75.01,75.01,75.01,0
DWS020,20170911,75.59,75.59,75.59,75.59,0
DWS020,20170912,75.71,75.71,75.71,75.71,0
DWS020,20170913,75.15,75.15,75.15,75.15,0
DWS020,20170914,75.25,75.25,75.25,75.25,0
DWS020,20170915,75.24,75.24,75.24,75.24,0
DWS020,20170918,75.36,75.36,75.36,75.36,0
DWS020,20170919,74.72,74.72,74.72,74.72,0
DWS020,20170920,74.58,74.58,74.58,74.58,0
DWS020,20170921,74.77,74.77,74.77,74.77,0
