Name,Date,Open,High,Low,Close,Volume
DWS026,20081007,100.02,100.02,100.02,100.02,0
DWS026,20081008,100.02,100.02,100.02,100.02,0
DWS026,20081009,100.02,100.02,100.02,100.02,0
DWS026,20081010,100.03,100.03,100.03,100.03,0
DWS026,20081013,100.04,100.04,100.04,100.04,0
DWS026,20081014,100.05,100.05,100.05,100.05,0
DWS026,20081015,100.05,100.05,100.05,100.05,0
DWS026,20081016,100.05,100.05,100.05,100.05,0
DWS026,20081017,100.06,100.06,100.06,100.06,0
DWS026,20081020,100.07,100.07,100.07,100.07,0
DWS026,20081021,100.07,100.07,100.07,100.07,0
DWS026,20081022,100.07,100.07,100.07,100.07,0
DWS026,20081023,100.07,100.07,100.07,100.07,0
DWS026,20081024,100.07,100.07,100.07,100.07,0
DWS026,20081027,100.07,100.07,100.07,100.07,0
DWS026,20081028,100.07,100.07,100.07,100.07,0
DWS026,20081029,100.07,100.07,100.07,100.07,0
DWS026,20081030,100.07,100.07,100.07,100.07,0
DWS026,20081031,100.07,100.07,100.07,100.07,0
DWS026,20081103,100.05,100.05,100.05,100.05,0
DWS026,20081104,102.12,102.12,102.12,102.12,0
DWS026,20081105,104.93,104.93,104.93,104.93,0
DWS026,20081106,102.43,102.43,102.43,102.43,0
DWS026,20081107,101.45,101.45,101.45,101.45,0
DWS026,20081110,104.81,104.81,104.81,104.81,0
DWS026,20081112,105.95,105.95,105.95,105.95,0
DWS026,20081113,101.63,101.63,101.63,101.63,0
DWS026,20081114,101.69,101.69,101.69,101.69,0
DWS026,20081117,100.45,100.45,100.45,100.45,0
DWS026,20081118,99.35,99.35,99.35,99.35,0
DWS026,20081119,100.38,100.38,100.38,100.38,0
DWS026,20081120,97.10,97.10,97.10,97.10,0
DWS026,20081121,91.60,91.60,91.60,91.60,0
DWS026,20081124,97.12,97.12,97.12,97.12,0
DWS026,20081125,97.04,97.04,97.04,97.04,0
DWS026,20081126,97.04,97.04,97.04,97.04,0
DWS026,20081127,97.62,97.62,97.62,97.62,0
DWS026,20081128,98.42,98.42,98.42,98.42,0
DWS026,20081201,100.69,100.69,100.69,100.69,0
DWS026,20081202,96.75,96.75,96.75,96.75,0
DWS026,20081203,94.98,94.98,94.98,94.98,0
DWS026,20081204,96.14,96.14,96.14,96.14,0
DWS026,20081205,96.67,96.67,96.67,96.67,0
DWS026,20081208,96.21,96.21,96.21,96.21,0
DWS026,20081209,99.68,99.68,99.68,99.68,0
DWS026,20081210,101.61,101.61,101.61,101.61,0
DWS026,20081211,103.77,103.77,103.77,103.77,0
DWS026,20081212,100.75,100.75,100.75,100.75,0
DWS026,20081215,102.43,102.43,102.43,102.43,0
DWS026,20081216,103.05,103.05,103.05,103.05,0
DWS026,20081217,104.06,104.06,104.06,104.06,0
DWS026,20081218,104.70,104.70,104.70,104.70,0
DWS026,20081219,103.47,103.47,103.47,103.47,0
DWS026,20081222,105.19,105.19,105.19,105.19,0
DWS026,20081223,103.41,103.41,103.41,103.41,0
DWS026,20081229,103.03,103.03,103.03,103.03,0
DWS026,20081230,104.64,104.64,104.64,104.64,0
DWS026,20081231,104.15,104.15,104.15,104.15,0
DWS026,20090105,104.63,104.63,104.63,104.63,0
DWS026,20090106,112.08,112.08,112.08,112.08,0
DWS026,20090107,114.00,114.00,114.00,114.00,0
DWS026,20090108,111.28,111.28,111.28,111.28,0
DWS026,20090109,109.72,109.72,109.72,109.72,0
DWS026,20090112,110.18,110.18,110.18,110.18,0
DWS026,20090113,110.16,110.16,110.16,110.16,0
DWS026,20090114,108.85,108.85,108.85,108.85,0
DWS026,20090115,106.61,106.61,106.61,106.61,0
DWS026,20090116,106.15,106.15,106.15,106.15,0
DWS026,20090119,107.91,107.91,107.91,107.91,0
DWS026,20090120,106.57,106.57,106.57,106.57,0
DWS026,20090121,105.06,105.06,105.06,105.06,0
DWS026,20090122,107.44,107.44,107.44,107.44,0
DWS026,20090123,106.85,106.85,106.85,106.85,0
DWS026,20090126,106.82,106.82,106.82,106.82,0
DWS026,20090127,106.62,106.62,106.62,106.62,0
DWS026,20090128,107.03,107.03,107.03,107.03,0
DWS026,20090129,108.22,108.22,108.22,108.22,0
DWS026,20090130,110.00,110.00,110.00,110.00,0
DWS026,20090202,107.15,107.15,107.15,107.15,0
DWS026,20090203,107.35,107.35,107.35,107.35,0
DWS026,20090204,107.20,107.20,107.20,107.20,0
DWS026,20090205,109.88,109.88,109.88,109.88,0
DWS026,20090206,110.67,110.67,110.67,110.67,0
DWS026,20090209,113.99,113.99,113.99,113.99,0
DWS026,20090210,113.78,113.78,113.78,113.78,0
DWS026,20090211,114.92,114.92,114.92,114.92,0
DWS026,20090212,112.98,112.98,112.98,112.98,0
DWS026,20090213,113.63,113.63,113.63,113.63,0
DWS026,20090216,113.71,113.71,113.71,113.71,0
DWS026,20090217,111.85,111.85,111.85,111.85,0
DWS026,20090218,110.41,110.41,110.41,110.41,0
DWS026,20090219,110.83,110.83,110.83,110.83,0
DWS026,20090220,109.95,109.95,109.95,109.95,0
DWS026,20090223,110.04,110.04,110.04,110.04,0
DWS026,20090224,107.72,107.72,107.72,107.72,0
DWS026,20090225,108.48,108.48,108.48,108.48,0
DWS026,20090226,108.58,108.58,108.58,108.58,0
DWS026,20090227,107.57,107.57,107.57,107.57,0
DWS026,20090302,109.12,109.12,109.12,109.12,0
DWS026,20090303,103.51,103.51,103.51,103.51,0
DWS026,20090304,107.06,107.06,107.06,107.06,0
DWS026,20090305,106.30,106.30,106.30,106.30,0
DWS026,20090306,104.22,104.22,104.22,104.22,0
DWS026,20090309,103.61,103.61,103.61,103.61,0
DWS026,20090310,102.94,102.94,102.94,102.94,0
DWS026,20090311,104.80,104.80,104.80,104.80,0
DWS026,20090312,104.25,104.25,104.25,104.25,0
DWS026,20090313,105.06,105.06,105.06,105.06,0
DWS026,20090316,105.35,105.35,105.35,105.35,0
DWS026,20090317,105.20,105.20,105.20,105.20,0
DWS026,20090318,105.20,105.20,105.20,105.20,0
DWS026,20090319,104.71,104.71,104.71,104.71,0
DWS026,20090320,104.63,104.63,104.63,104.63,0
DWS026,20090323,105.93,105.93,105.93,105.93,0
DWS026,20090324,106.85,106.85,106.85,106.85,0
DWS026,20090325,108.05,108.05,108.05,108.05,0
DWS026,20090326,108.49,108.49,108.49,108.49,0
DWS026,20090327,109.88,109.88,109.88,109.88,0
DWS026,20090330,108.05,108.05,108.05,108.05,0
DWS026,20090331,107.99,107.99,107.99,107.99,0
DWS026,20090401,107.47,107.47,107.47,107.47,0
DWS026,20090402,108.65,108.65,108.65,108.65,0
DWS026,20090403,111.80,111.80,111.80,111.80,0
DWS026,20090406,112.35,112.35,112.35,112.35,0
DWS026,20090407,111.02,111.02,111.02,111.02,0
DWS026,20090408,110.45,110.45,110.45,110.45,0
DWS026,20090409,112.31,112.31,112.31,112.31,0
DWS026,20090414,114.94,114.94,114.94,114.94,0
DWS026,20090415,115.12,115.12,115.12,115.12,0
DWS026,20090416,116.24,116.24,116.24,116.24,0
DWS026,20090417,119.00,119.00,119.00,119.00,0
DWS026,20090420,118.32,118.32,118.32,118.32,0
DWS026,20090421,116.31,116.31,116.31,116.31,0
DWS026,20090422,116.07,116.07,116.07,116.07,0
DWS026,20090423,117.01,117.01,117.01,117.01,0
DWS026,20090424,115.55,115.55,115.55,115.55,0
DWS026,20090427,116.65,116.65,116.65,116.65,0
DWS026,20090428,116.55,116.55,116.55,116.55,0
DWS026,20090429,118.24,118.24,118.24,118.24,0
DWS026,20090430,119.43,119.43,119.43,119.43,0
DWS026,20090504,123.43,123.43,123.43,123.43,0
DWS026,20090505,125.22,125.22,125.22,125.22,0
DWS026,20090506,126.87,126.87,126.87,126.87,0
DWS026,20090507,129.18,129.18,129.18,129.18,0
DWS026,20090508,130.25,130.25,130.25,130.25,0
DWS026,20090511,127.25,127.25,127.25,127.25,0
DWS026,20090512,126.36,126.36,126.36,126.36,0
DWS026,20090513,126.69,126.69,126.69,126.69,0
DWS026,20090514,124.10,124.10,124.10,124.10,0
DWS026,20090515,125.95,125.95,125.95,125.95,0
DWS026,20090518,127.91,127.91,127.91,127.91,0
DWS026,20090519,129.34,129.34,129.34,129.34,0
DWS026,20090520,131.52,131.52,131.52,131.52,0
DWS026,20090521,131.95,131.95,131.95,131.95,0
DWS026,20090522,129.43,129.43,129.43,129.43,0
DWS026,20090525,129.57,129.57,129.57,129.57,0
DWS026,20090526,130.26,130.26,130.26,130.26,0
DWS026,20090527,130.27,130.27,130.27,130.27,0
DWS026,20090528,129.63,129.63,129.63,129.63,0
DWS026,20090529,131.27,131.27,131.27,131.27,0
DWS026,20090601,130.87,130.87,130.87,130.87,0
DWS026,20090602,130.97,130.97,130.97,130.97,0
DWS026,20090603,134.50,134.50,134.50,134.50,0
DWS026,20090604,133.82,133.82,133.82,133.82,0
DWS026,20090605,134.01,134.01,134.01,134.01,0
DWS026,20090608,134.37,134.37,134.37,134.37,0
DWS026,20090609,134.29,134.29,134.29,134.29,0
DWS026,20090610,136.82,136.82,136.82,136.82,0
DWS026,20090612,137.45,137.45,137.45,137.45,0
DWS026,20090615,136.94,136.94,136.94,136.94,0
DWS026,20090616,137.08,137.08,137.08,137.08,0
DWS026,20090617,132.19,132.19,132.19,132.19,0
DWS026,20090618,132.22,132.22,132.22,132.22,0
DWS026,20090619,133.30,133.30,133.30,133.30,0
DWS026,20090622,133.45,133.45,133.45,133.45,0
DWS026,20090623,131.39,131.39,131.39,131.39,0
DWS026,20090624,132.03,132.03,132.03,132.03,0
DWS026,20090625,132.40,132.40,132.40,132.40,0
DWS026,20090626,132.22,132.22,132.22,132.22,0
DWS026,20090629,132.41,132.41,132.41,132.41,0
DWS026,20090630,130.76,130.76,130.76,130.76,0
DWS026,20090701,131.73,131.73,131.73,131.73,0
DWS026,20090702,130.52,130.52,130.52,130.52,0
DWS026,20090703,130.88,130.88,130.88,130.88,0
DWS026,20090706,130.58,130.58,130.58,130.58,0
DWS026,20090707,129.99,129.99,129.99,129.99,0
DWS026,20090708,128.67,128.67,128.67,128.67,0
DWS026,20090709,128.36,128.36,128.36,128.36,0
DWS026,20090710,126.92,126.92,126.92,126.92,0
DWS026,20090713,125.00,125.00,125.00,125.00,0
DWS026,20090714,128.20,128.20,128.20,128.20,0
DWS026,20090715,129.60,129.60,129.60,129.60,0
DWS026,20090716,130.94,130.94,130.94,130.94,0
DWS026,20090717,131.65,131.65,131.65,131.65,0
DWS026,20090720,130.96,130.96,130.96,130.96,0
DWS026,20090721,133.02,133.02,133.02,133.02,0
DWS026,20090722,131.80,131.80,131.80,131.80,0
DWS026,20090723,132.60,132.60,132.60,132.60,0
DWS026,20090724,135.47,135.47,135.47,135.47,0
DWS026,20090727,131.21,131.21,131.21,131.21,0
DWS026,20090728,134.10,134.10,134.10,134.10,0
DWS026,20090729,136.01,136.01,136.01,136.01,0
DWS026,20090730,137.23,137.23,137.23,137.23,0
DWS026,20090731,139.42,139.42,139.42,139.42,0
DWS026,20090803,137.42,137.42,137.42,137.42,0
DWS026,20090804,139.30,139.30,139.30,139.30,0
DWS026,20090805,138.50,138.50,138.50,138.50,0
DWS026,20090806,139.89,139.89,139.89,139.89,0
DWS026,20090807,139.44,139.44,139.44,139.44,0
DWS026,20090810,139.27,139.27,139.27,139.27,0
DWS026,20090811,139.68,139.68,139.68,139.68,0
DWS026,20090812,140.17,140.17,140.17,140.17,0
DWS026,20090813,141.79,141.79,141.79,141.79,0
DWS026,20090814,141.06,141.06,141.06,141.06,0
DWS026,20090817,136.96,136.96,136.96,136.96,0
DWS026,20090818,139.26,139.26,139.26,139.26,0
DWS026,20090819,139.98,139.98,139.98,139.98,0
DWS026,20090820,139.68,139.68,139.68,139.68,0
DWS026,20090821,140.35,140.35,140.35,140.35,0
DWS026,20090824,141.23,141.23,141.23,141.23,0
DWS026,20090825,142.89,142.89,142.89,142.89,0
DWS026,20090826,142.38,142.38,142.38,142.38,0
DWS026,20090827,142.26,142.26,142.26,142.26,0
DWS026,20090828,139.74,139.74,139.74,139.74,0
DWS026,20090831,140.29,140.29,140.29,140.29,0
DWS026,20090901,139.36,139.36,139.36,139.36,0
DWS026,20090902,141.25,141.25,141.25,141.25,0
DWS026,20090903,138.98,138.98,138.98,138.98,0
DWS026,20090904,140.10,140.10,140.10,140.10,0
DWS026,20090907,140.80,140.80,140.80,140.80,0
DWS026,20090908,141.75,141.75,141.75,141.75,0
DWS026,20090909,140.96,140.96,140.96,140.96,0
DWS026,20090910,141.36,141.36,141.36,141.36,0
DWS026,20090911,143.15,143.15,143.15,143.15,0
DWS026,20090914,142.82,142.82,142.82,142.82,0
DWS026,20090915,141.65,141.65,141.65,141.65,0
DWS026,20090916,144.70,144.70,144.70,144.70,0
DWS026,20090917,143.42,143.42,143.42,143.42,0
DWS026,20090918,145.82,145.82,145.82,145.82,0
DWS026,20090921,141.36,141.36,141.36,141.36,0
DWS026,20090922,142.44,142.44,142.44,142.44,0
DWS026,20090923,145.33,145.33,145.33,145.33,0
DWS026,20090924,143.50,143.50,143.50,143.50,0
DWS026,20090925,144.10,144.10,144.10,144.10,0
DWS026,20090928,143.95,143.95,143.95,143.95,0
DWS026,20090929,146.68,146.68,146.68,146.68,0
DWS026,20090930,145.30,145.30,145.30,145.30,0
DWS026,20091001,144.57,144.57,144.57,144.57,0
DWS026,20091002,143.19,143.19,143.19,143.19,0
DWS026,20091005,142.86,142.86,142.86,142.86,0
DWS026,20091006,144.97,144.97,144.97,144.97,0
DWS026,20091007,146.55,146.55,146.55,146.55,0
DWS026,20091008,146.91,146.91,146.91,146.91,0
DWS026,20091009,147.12,147.12,147.12,147.12,0
DWS026,20091012,148.77,148.77,148.77,148.77,0
DWS026,20091013,148.40,148.40,148.40,148.40,0
DWS026,20091014,149.24,149.24,149.24,149.24,0
DWS026,20091015,148.99,148.99,148.99,148.99,0
DWS026,20091016,149.22,149.22,149.22,149.22,0
DWS026,20091019,148.77,148.77,148.77,148.77,0
DWS026,20091020,149.29,149.29,149.29,149.29,0
DWS026,20091021,148.73,148.73,148.73,148.73,0
DWS026,20091022,148.86,148.86,148.86,148.86,0
DWS026,20091023,145.53,145.53,145.53,145.53,0
DWS026,20091026,148.06,148.06,148.06,148.06,0
DWS026,20091027,145.18,145.18,145.18,145.18,0
DWS026,20091028,144.19,144.19,144.19,144.19,0
DWS026,20091029,144.40,144.40,144.40,144.40,0
DWS026,20091030,143.65,143.65,143.65,143.65,0
DWS026,20091102,143.54,143.54,143.54,143.54,0
DWS026,20091103,144.48,144.48,144.48,144.48,0
DWS026,20091104,144.35,144.35,144.35,144.35,0
DWS026,20091105,145.51,145.51,145.51,145.51,0
DWS026,20091106,146.56,146.56,146.56,146.56,0
DWS026,20091109,148.43,148.43,148.43,148.43,0
DWS026,20091110,147.72,147.72,147.72,147.72,0
DWS026,20091112,148.59,148.59,148.59,148.59,0
DWS026,20091113,146.71,146.71,146.71,146.71,0
DWS026,20091116,148.64,148.64,148.64,148.64,0
DWS026,20091117,149.88,149.88,149.88,149.88,0
DWS026,20091118,150.69,150.69,150.69,150.69,0
DWS026,20091119,151.11,151.11,151.11,151.11,0
DWS026,20091120,149.45,149.45,149.45,149.45,0
DWS026,20091123,149.83,149.83,149.83,149.83,0
DWS026,20091124,150.62,150.62,150.62,150.62,0
DWS026,20091125,148.62,148.62,148.62,148.62,0
DWS026,20091126,147.04,147.04,147.04,147.04,0
DWS026,20091127,148.33,148.33,148.33,148.33,0
DWS026,20091130,146.09,146.09,146.09,146.09,0
DWS026,20091201,148.53,148.53,148.53,148.53,0
DWS026,20091202,151.68,151.68,151.68,151.68,0
DWS026,20091203,151.69,151.69,151.69,151.69,0
DWS026,20091204,150.91,150.91,150.91,150.91,0
DWS026,20091207,153.71,153.71,153.71,153.71,0
DWS026,20091208,152.45,152.45,152.45,152.45,0
DWS026,20091209,150.59,150.59,150.59,150.59,0
DWS026,20091210,150.93,150.93,150.93,150.93,0
DWS026,20091211,152.76,152.76,152.76,152.76,0
DWS026,20091214,152.35,152.35,152.35,152.35,0
DWS026,20091215,154.06,154.06,154.06,154.06,0
DWS026,20091216,153.04,153.04,153.04,153.04,0
DWS026,20091217,152.93,152.93,152.93,152.93,0
DWS026,20091218,151.97,151.97,151.97,151.97,0
DWS026,20091221,152.49,152.49,152.49,152.49,0
DWS026,20091222,154.58,154.58,154.58,154.58,0
DWS026,20091223,154.73,154.73,154.73,154.73,0
DWS026,20091228,155.31,155.31,155.31,155.31,0
DWS026,20091229,154.82,154.82,154.82,154.82,0
DWS026,20091230,154.52,154.52,154.52,154.52,0
DWS026,20091231,154.56,154.56,154.56,154.56,0
DWS026,20100104,157.35,157.35,157.35,157.35,0
DWS026,20100105,159.70,159.70,159.70,159.70,0
DWS026,20100106,158.16,158.16,158.16,158.16,0
DWS026,20100107,159.73,159.73,159.73,159.73,0
DWS026,20100108,160.08,160.08,160.08,160.08,0
DWS026,20100111,160.19,160.19,160.19,160.19,0
DWS026,20100112,159.68,159.68,159.68,159.68,0
DWS026,20100113,159.59,159.59,159.59,159.59,0
DWS026,20100114,158.86,158.86,158.86,158.86,0
DWS026,20100115,160.13,160.13,160.13,160.13,0
DWS026,20100118,160.36,160.36,160.36,160.36,0
DWS026,20100119,160.25,160.25,160.25,160.25,0
DWS026,20100120,161.04,161.04,161.04,161.04,0
DWS026,20100121,162.29,162.29,162.29,162.29,0
DWS026,20100122,162.24,162.24,162.24,162.24,0
DWS026,20100125,159.00,159.00,159.00,159.00,0
DWS026,20100126,158.93,158.93,158.93,158.93,0
DWS026,20100127,157.66,157.66,157.66,157.66,0
DWS026,20100128,157.35,157.35,157.35,157.35,0
DWS026,20100129,158.46,158.46,158.46,158.46,0
DWS026,20100201,157.82,157.82,157.82,157.82,0
DWS026,20100202,157.22,157.22,157.22,157.22,0
DWS026,20100203,159.25,159.25,159.25,159.25,0
DWS026,20100204,159.39,159.39,159.39,159.39,0
DWS026,20100205,158.41,158.41,158.41,158.41,0
DWS026,20100208,156.10,156.10,156.10,156.10,0
DWS026,20100209,155.99,155.99,155.99,155.99,0
DWS026,20100210,156.43,156.43,156.43,156.43,0
DWS026,20100211,156.58,156.58,156.58,156.58,0
DWS026,20100212,157.22,157.22,157.22,157.22,0
DWS026,20100215,157.30,157.30,157.30,157.30,0
DWS026,20100216,157.25,157.25,157.25,157.25,0
DWS026,20100217,159.75,159.75,159.75,159.75,0
DWS026,20100218,159.73,159.73,159.73,159.73,0
DWS026,20100219,161.13,161.13,161.13,161.13,0
DWS026,20100222,161.17,161.17,161.17,161.17,0
DWS026,20100223,161.13,161.13,161.13,161.13,0
DWS026,20100224,161.09,161.09,161.09,161.09,0
DWS026,20100225,159.14,159.14,159.14,159.14,0
DWS026,20100226,159.68,159.68,159.68,159.68,0
DWS026,20100301,159.63,159.63,159.63,159.63,0
DWS026,20100302,161.61,161.61,161.61,161.61,0
DWS026,20100303,162.98,162.98,162.98,162.98,0
DWS026,20100304,162.52,162.52,162.52,162.52,0
DWS026,20100305,162.51,162.51,162.51,162.51,0
DWS026,20100308,163.45,163.45,163.45,163.45,0
DWS026,20100309,163.80,163.80,163.80,163.80,0
DWS026,20100310,163.50,163.50,163.50,163.50,0
DWS026,20100311,163.72,163.72,163.72,163.72,0
DWS026,20100312,163.00,163.00,163.00,163.00,0
DWS026,20100315,163.69,163.69,163.69,163.69,0
DWS026,20100316,163.21,163.21,163.21,163.21,0
DWS026,20100317,163.89,163.89,163.89,163.89,0
DWS026,20100318,164.18,164.18,164.18,164.18,0
DWS026,20100319,164.35,164.35,164.35,164.35,0
DWS026,20100322,164.65,164.65,164.65,164.65,0
DWS026,20100323,163.79,163.79,163.79,163.79,0
DWS026,20100324,164.74,164.74,164.74,164.74,0
DWS026,20100325,166.16,166.16,166.16,166.16,0
DWS026,20100326,166.16,166.16,166.16,166.16,0
DWS026,20100329,166.17,166.17,166.17,166.17,0
DWS026,20100330,166.12,166.12,166.12,166.12,0
DWS026,20100331,166.68,166.68,166.68,166.68,0
DWS026,20100401,165.57,165.57,165.57,165.57,0
DWS026,20100406,166.80,166.80,166.80,166.80,0
DWS026,20100407,167.47,167.47,167.47,167.47,0
DWS026,20100408,167.56,167.56,167.56,167.56,0
DWS026,20100409,167.07,167.07,167.07,167.07,0
DWS026,20100412,166.01,166.01,166.01,166.01,0
DWS026,20100413,166.05,166.05,166.05,166.05,0
DWS026,20100414,165.90,165.90,165.90,165.90,0
DWS026,20100415,166.11,166.11,166.11,166.11,0
DWS026,20100416,166.75,166.75,166.75,166.75,0
DWS026,20100419,166.59,166.59,166.59,166.59,0
DWS026,20100420,166.27,166.27,166.27,166.27,0
DWS026,20100421,166.53,166.53,166.53,166.53,0
DWS026,20100422,167.08,167.08,167.08,167.08,0
DWS026,20100423,166.64,166.64,166.64,166.64,0
DWS026,20100426,167.27,167.27,167.27,167.27,0
DWS026,20100427,168.13,168.13,168.13,168.13,0
DWS026,20100428,167.15,167.15,167.15,167.15,0
DWS026,20100429,166.51,166.51,166.51,166.51,0
DWS026,20100430,166.25,166.25,166.25,166.25,0
DWS026,20100504,163.29,163.29,163.29,163.29,0
DWS026,20100505,165.94,165.94,165.94,165.94,0
DWS026,20100506,161.86,161.86,161.86,161.86,0
DWS026,20100507,162.12,162.12,162.12,162.12,0
DWS026,20100510,162.84,162.84,162.84,162.84,0
DWS026,20100511,163.37,163.37,163.37,163.37,0
DWS026,20100512,163.36,163.36,163.36,163.36,0
DWS026,20100513,166.34,166.34,166.34,166.34,0
DWS026,20100514,160.92,160.92,160.92,160.92,0
DWS026,20100517,162.76,162.76,162.76,162.76,0
DWS026,20100518,164.32,164.32,164.32,164.32,0
DWS026,20100519,163.12,163.12,163.12,163.12,0
DWS026,20100520,161.09,161.09,161.09,161.09,0
DWS026,20100521,156.66,156.66,156.66,156.66,0
DWS026,20100524,157.49,157.49,157.49,157.49,0
DWS026,20100525,152.42,152.42,152.42,152.42,0
DWS026,20100526,152.58,152.58,152.58,152.58,0
DWS026,20100527,160.03,160.03,160.03,160.03,0
DWS026,20100528,159.12,159.12,159.12,159.12,0
DWS026,20100531,159.51,159.51,159.51,159.51,0
DWS026,20100601,160.03,160.03,160.03,160.03,0
DWS026,20100602,160.39,160.39,160.39,160.39,0
DWS026,20100604,159.56,159.56,159.56,159.56,0
DWS026,20100607,160.35,160.35,160.35,160.35,0
DWS026,20100608,159.01,159.01,159.01,159.01,0
DWS026,20100609,160.29,160.29,160.29,160.29,0
DWS026,20100610,164.47,164.47,164.47,164.47,0
DWS026,20100611,161.08,161.08,161.08,161.08,0
DWS026,20100614,163.30,163.30,163.30,163.30,0
DWS026,20100615,162.93,162.93,162.93,162.93,0
DWS026,20100616,164.76,164.76,164.76,164.76,0
DWS026,20100617,161.30,161.30,161.30,161.30,0
DWS026,20100618,162.35,162.35,162.35,162.35,0
DWS026,20100621,164.70,164.70,164.70,164.70,0
DWS026,20100622,164.93,164.93,164.93,164.93,0
DWS026,20100623,161.17,161.17,161.17,161.17,0
DWS026,20100624,161.02,161.02,161.02,161.02,0
DWS026,20100625,159.00,159.00,159.00,159.00,0
DWS026,20100628,159.46,159.46,159.46,159.46,0
DWS026,20100629,156.20,156.20,156.20,156.20,0
DWS026,20100630,158.33,158.33,158.33,158.33,0
DWS026,20100701,153.52,153.52,153.52,153.52,0
DWS026,20100702,154.23,154.23,154.23,154.23,0
DWS026,20100705,152.57,152.57,152.57,152.57,0
DWS026,20100706,153.69,153.69,153.69,153.69,0
DWS026,20100707,154.75,154.75,154.75,154.75,0
DWS026,20100708,156.41,156.41,156.41,156.41,0
DWS026,20100709,155.41,155.41,155.41,155.41,0
DWS026,20100712,158.56,158.56,158.56,158.56,0
DWS026,20100713,160.86,160.86,160.86,160.86,0
DWS026,20100714,159.06,159.06,159.06,159.06,0
DWS026,20100715,157.39,157.39,157.39,157.39,0
DWS026,20100716,155.78,155.78,155.78,155.78,0
DWS026,20100719,153.50,153.50,153.50,153.50,0
DWS026,20100720,155.12,155.12,155.12,155.12,0
DWS026,20100721,157.78,157.78,157.78,157.78,0
DWS026,20100722,159.06,159.06,159.06,159.06,0
DWS026,20100723,159.10,159.10,159.10,159.10,0
DWS026,20100726,158.36,158.36,158.36,158.36,0
DWS026,20100727,161.05,161.05,161.05,161.05,0
DWS026,20100728,159.27,159.27,159.27,159.27,0
DWS026,20100729,158.65,158.65,158.65,158.65,0
DWS026,20100730,158.53,158.53,158.53,158.53,0
DWS026,20100802,159.05,159.05,159.05,159.05,0
DWS026,20100803,159.93,159.93,159.93,159.93,0
DWS026,20100804,160.00,160.00,160.00,160.00,0
DWS026,20100805,159.00,159.00,159.00,159.00,0
DWS026,20100806,164.25,164.25,164.25,164.25,0
DWS026,20100809,160.94,160.94,160.94,160.94,0
DWS026,20100810,162.19,162.19,162.19,162.19,0
DWS026,20100811,160.67,160.67,160.67,160.67,0
DWS026,20100812,161.98,161.98,161.98,161.98,0
DWS026,20100813,163.52,163.52,163.52,163.52,0
DWS026,20100816,164.31,164.31,164.31,164.31,0
DWS026,20100817,166.68,166.68,166.68,166.68,0
DWS026,20100818,166.68,166.68,166.68,166.68,0
DWS026,20100819,164.82,164.82,164.82,164.82,0
DWS026,20100820,164.98,164.98,164.98,164.98,0
DWS026,20100823,166.02,166.02,166.02,166.02,0
DWS026,20100824,165.59,165.59,165.59,165.59,0
DWS026,20100825,161.65,161.65,161.65,161.65,0
DWS026,20100826,162.09,162.09,162.09,162.09,0
DWS026,20100827,163.77,163.77,163.77,163.77,0
DWS026,20100830,163.44,163.44,163.44,163.44,0
DWS026,20100831,163.90,163.90,163.90,163.90,0
DWS026,20100901,164.89,164.89,164.89,164.89,0
DWS026,20100902,164.85,164.85,164.85,164.85,0
DWS026,20100903,166.78,166.78,166.78,166.78,0
DWS026,20100906,166.76,166.76,166.76,166.76,0
DWS026,20100907,167.08,167.08,167.08,167.08,0
DWS026,20100908,169.28,169.28,169.28,169.28,0
DWS026,20100909,169.50,169.50,169.50,169.50,0
DWS026,20100910,170.36,170.36,170.36,170.36,0
DWS026,20100913,171.50,171.50,171.50,171.50,0
DWS026,20100914,172.89,172.89,172.89,172.89,0
DWS026,20100915,170.49,170.49,170.49,170.49,0
DWS026,20100916,170.96,170.96,170.96,170.96,0
DWS026,20100917,170.60,170.60,170.60,170.60,0
DWS026,20100920,170.92,170.92,170.92,170.92,0
DWS026,20100921,170.03,170.03,170.03,170.03,0
DWS026,20100922,167.46,167.46,167.46,167.46,0
DWS026,20100923,168.67,168.67,168.67,168.67,0
DWS026,20100924,169.18,169.18,169.18,169.18,0
DWS026,20100927,170.15,170.15,170.15,170.15,0
DWS026,20100928,169.12,169.12,169.12,169.12,0
DWS026,20100929,166.30,166.30,166.30,166.30,0
DWS026,20100930,166.56,166.56,166.56,166.56,0
DWS026,20101001,166.50,166.50,166.50,166.50,0
DWS026,20101004,165.52,165.52,165.52,165.52,0
DWS026,20101005,166.24,166.24,166.24,166.24,0
DWS026,20101006,166.33,166.33,166.33,166.33,0
DWS026,20101007,166.99,166.99,166.99,166.99,0
DWS026,20101008,167.13,167.13,167.13,167.13,0
DWS026,20101011,170.06,170.06,170.06,170.06,0
DWS026,20101012,171.31,171.31,171.31,171.31,0
DWS026,20101013,172.61,172.61,172.61,172.61,0
DWS026,20101014,173.81,173.81,173.81,173.81,0
DWS026,20101015,171.79,171.79,171.79,171.79,0
DWS026,20101018,173.67,173.67,173.67,173.67,0
DWS026,20101019,173.57,173.57,173.57,173.57,0
DWS026,20101020,170.92,170.92,170.92,170.92,0
DWS026,20101021,173.56,173.56,173.56,173.56,0
DWS026,20101022,172.38,172.38,172.38,172.38,0
DWS026,20101025,174.16,174.16,174.16,174.16,0
DWS026,20101026,174.78,174.78,174.78,174.78,0
DWS026,20101027,175.27,175.27,175.27,175.27,0
DWS026,20101028,172.87,172.87,172.87,172.87,0
DWS026,20101029,175.91,175.91,175.91,175.91,0
DWS026,20101102,174.35,174.35,174.35,174.35,0
DWS026,20101103,173.12,173.12,173.12,173.12,0
DWS026,20101104,174.90,174.90,174.90,174.90,0
DWS026,20101105,176.96,176.96,176.96,176.96,0
DWS026,20101108,178.88,178.88,178.88,178.88,0
DWS026,20101109,179.14,179.14,179.14,179.14,0
DWS026,20101110,177.59,177.59,177.59,177.59,0
DWS026,20101112,176.26,176.26,176.26,176.26,0
DWS026,20101115,175.64,175.64,175.64,175.64,0
DWS026,20101116,175.98,175.98,175.98,175.98,0
DWS026,20101117,176.12,176.12,176.12,176.12,0
DWS026,20101118,177.26,177.26,177.26,177.26,0
DWS026,20101119,177.87,177.87,177.87,177.87,0
DWS026,20101122,172.15,172.15,172.15,172.15,0
DWS026,20101123,173.91,173.91,173.91,173.91,0
DWS026,20101124,177.94,177.94,177.94,177.94,0
DWS026,20101125,178.81,178.81,178.81,178.81,0
DWS026,20101126,177.90,177.90,177.90,177.90,0
DWS026,20101129,178.41,178.41,178.41,178.41,0
DWS026,20101130,178.80,178.80,178.80,178.80,0
DWS026,20101201,180.78,180.78,180.78,180.78,0
DWS026,20101202,186.21,186.21,186.21,186.21,0
DWS026,20101203,180.67,180.67,180.67,180.67,0
DWS026,20101206,179.85,179.85,179.85,179.85,0
DWS026,20101207,181.33,181.33,181.33,181.33,0
DWS026,20101208,181.06,181.06,181.06,181.06,0
DWS026,20101209,180.21,180.21,180.21,180.21,0
DWS026,20101210,182.29,182.29,182.29,182.29,0
DWS026,20101213,182.41,182.41,182.41,182.41,0
DWS026,20101214,180.33,180.33,180.33,180.33,0
DWS026,20101215,180.03,180.03,180.03,180.03,0
DWS026,20101216,181.28,181.28,181.28,181.28,0
DWS026,20101217,179.63,179.63,179.63,179.63,0
DWS026,20101220,183.43,183.43,183.43,183.43,0
DWS026,20101221,183.43,183.43,183.43,183.43,0
DWS026,20101222,184.43,184.43,184.43,184.43,0
DWS026,20101223,185.15,185.15,185.15,185.15,0
DWS026,20101227,185.32,185.32,185.32,185.32,0
DWS026,20101228,184.93,184.93,184.93,184.93,0
DWS026,20101229,186.27,186.27,186.27,186.27,0
DWS026,20101230,185.16,185.16,185.16,185.16,0
DWS026,20101231,185.25,185.25,185.25,185.25,0
DWS026,20110103,185.13,185.13,185.13,185.13,0
DWS026,20110104,184.89,184.89,184.89,184.89,0
DWS026,20110105,184.16,184.16,184.16,184.16,0
DWS026,20110107,188.15,188.15,188.15,188.15,0
DWS026,20110110,187.22,187.22,187.22,187.22,0
DWS026,20110111,189.10,189.10,189.10,189.10,0
DWS026,20110112,191.71,191.71,191.71,191.71,0
DWS026,20110113,190.62,190.62,190.62,190.62,0
DWS026,20110114,187.46,187.46,187.46,187.46,0
DWS026,20110117,188.67,188.67,188.67,188.67,0
DWS026,20110118,189.02,189.02,189.02,189.02,0
DWS026,20110119,186.81,186.81,186.81,186.81,0
DWS026,20110120,183.83,183.83,183.83,183.83,0
DWS026,20110121,184.70,184.70,184.70,184.70,0
DWS026,20110124,185.66,185.66,185.66,185.66,0
DWS026,20110125,182.99,182.99,182.99,182.99,0
DWS026,20110126,184.21,184.21,184.21,184.21,0
DWS026,20110127,185.41,185.41,185.41,185.41,0
DWS026,20110128,183.67,183.67,183.67,183.67,0
DWS026,20110131,183.87,183.87,183.87,183.87,0
DWS026,20110201,184.58,184.58,184.58,184.58,0
DWS026,20110202,187.39,187.39,187.39,187.39,0
DWS026,20110203,186.77,186.77,186.77,186.77,0
DWS026,20110204,188.29,188.29,188.29,188.29,0
DWS026,20110207,189.28,189.28,189.28,189.28,0
DWS026,20110208,188.96,188.96,188.96,188.96,0
DWS026,20110209,187.06,187.06,187.06,187.06,0
DWS026,20110210,187.66,187.66,187.66,187.66,0
DWS026,20110211,188.17,188.17,188.17,188.17,0
DWS026,20110214,190.02,190.02,190.02,190.02,0
DWS026,20110215,188.57,188.57,188.57,188.57,0
DWS026,20110216,189.49,189.49,189.49,189.49,0
DWS026,20110217,190.45,190.45,190.45,190.45,0
DWS026,20110218,188.36,188.36,188.36,188.36,0
DWS026,20110221,188.53,188.53,188.53,188.53,0
DWS026,20110222,184.84,184.84,184.84,184.84,0
DWS026,20110223,185.41,185.41,185.41,185.41,0
DWS026,20110224,184.71,184.71,184.71,184.71,0
DWS026,20110225,186.60,186.60,186.60,186.60,0
DWS026,20110228,187.58,187.58,187.58,187.58,0
DWS026,20110301,186.09,186.09,186.09,186.09,0
DWS026,20110302,183.06,183.06,183.06,183.06,0
DWS026,20110303,184.95,184.95,184.95,184.95,0
DWS026,20110304,184.84,184.84,184.84,184.84,0
DWS026,20110307,181.90,181.90,181.90,181.90,0
DWS026,20110308,183.50,183.50,183.50,183.50,0
DWS026,20110309,184.96,184.96,184.96,184.96,0
DWS026,20110310,181.31,181.31,181.31,181.31,0
DWS026,20110311,180.02,180.02,180.02,180.02,0
DWS026,20110314,177.62,177.62,177.62,177.62,0
DWS026,20110315,168.54,168.54,168.54,168.54,0
DWS026,20110316,170.60,170.60,170.60,170.60,0
DWS026,20110317,177.22,177.22,177.22,177.22,0
DWS026,20110318,178.27,178.27,178.27,178.27,0
DWS026,20110321,177.14,177.14,177.14,177.14,0
DWS026,20110322,178.39,178.39,178.39,178.39,0
DWS026,20110323,179.19,179.19,179.19,179.19,0
DWS026,20110324,180.62,180.62,180.62,180.62,0
DWS026,20110325,183.89,183.89,183.89,183.89,0
DWS026,20110328,182.27,182.27,182.27,182.27,0
DWS026,20110329,181.67,181.67,181.67,181.67,0
DWS026,20110330,183.13,183.13,183.13,183.13,0
DWS026,20110331,185.37,185.37,185.37,185.37,0
DWS026,20110401,186.77,186.77,186.77,186.77,0
DWS026,20110404,188.70,188.70,188.70,188.70,0
DWS026,20110405,186.29,186.29,186.29,186.29,0
DWS026,20110406,185.93,185.93,185.93,185.93,0
DWS026,20110407,183.95,183.95,183.95,183.95,0
DWS026,20110408,182.27,182.27,182.27,182.27,0
DWS026,20110411,183.18,183.18,183.18,183.18,0
DWS026,20110412,180.87,180.87,180.87,180.87,0
DWS026,20110413,179.99,179.99,179.99,179.99,0
DWS026,20110414,180.89,180.89,180.89,180.89,0
DWS026,20110415,181.71,181.71,181.71,181.71,0
DWS026,20110418,181.75,181.75,181.75,181.75,0
DWS026,20110419,181.73,181.73,181.73,181.73,0
DWS026,20110420,183.10,183.10,183.10,183.10,0
DWS026,20110421,183.46,183.46,183.46,183.46,0
DWS026,20110426,183.88,183.88,183.88,183.88,0
DWS026,20110427,182.68,182.68,182.68,182.68,0
DWS026,20110428,182.71,182.71,182.71,182.71,0
DWS026,20110429,181.97,181.97,181.97,181.97,0
DWS026,20110502,181.96,181.96,181.96,181.96,0
DWS026,20110504,178.33,178.33,178.33,178.33,0
DWS026,20110505,174.15,174.15,174.15,174.15,0
DWS026,20110506,181.25,181.25,181.25,181.25,0
DWS026,20110509,184.10,184.10,184.10,184.10,0
DWS026,20110510,184.54,184.54,184.54,184.54,0
DWS026,20110511,183.27,183.27,183.27,183.27,0
DWS026,20110512,182.83,182.83,182.83,182.83,0
DWS026,20110513,181.84,181.84,181.84,181.84,0
DWS026,20110516,183.28,183.28,183.28,183.28,0
DWS026,20110517,182.16,182.16,182.16,182.16,0
DWS026,20110518,182.36,182.36,182.36,182.36,0
DWS026,20110519,182.67,182.67,182.67,182.67,0
DWS026,20110520,183.69,183.69,183.69,183.69,0
DWS026,20110523,182.41,182.41,182.41,182.41,0
DWS026,20110524,181.03,181.03,181.03,181.03,0
DWS026,20110525,184.43,184.43,184.43,184.43,0
DWS026,20110526,184.48,184.48,184.48,184.48,0
DWS026,20110527,184.65,184.65,184.65,184.65,0
DWS026,20110530,185.11,185.11,185.11,185.11,0
DWS026,20110531,185.25,185.25,185.25,185.25,0
DWS026,20110601,184.84,184.84,184.84,184.84,0
DWS026,20110602,182.44,182.44,182.44,182.44,0
DWS026,20110603,182.39,182.39,182.39,182.39,0
DWS026,20110606,177.48,177.48,177.48,177.48,0
DWS026,20110607,176.06,176.06,176.06,176.06,0
DWS026,20110608,174.53,174.53,174.53,174.53,0
DWS026,20110609,177.02,177.02,177.02,177.02,0
DWS026,20110610,174.59,174.59,174.59,174.59,0
DWS026,20110613,175.85,175.85,175.85,175.85,0
DWS026,20110614,176.88,176.88,176.88,176.88,0
DWS026,20110615,171.91,171.91,171.91,171.91,0
DWS026,20110616,173.13,173.13,173.13,173.13,0
DWS026,20110617,172.76,172.76,172.76,172.76,0
DWS026,20110620,173.24,173.24,173.24,173.24,0
DWS026,20110621,175.70,175.70,175.70,175.70,0
DWS026,20110622,175.31,175.31,175.31,175.31,0
DWS026,20110624,173.29,173.29,173.29,173.29,0
DWS026,20110627,175.36,175.36,175.36,175.36,0
DWS026,20110628,174.56,174.56,174.56,174.56,0
DWS026,20110629,176.78,176.78,176.78,176.78,0
DWS026,20110630,178.87,178.87,178.87,178.87,0
DWS026,20110701,177.95,177.95,177.95,177.95,0
DWS026,20110704,177.83,177.83,177.83,177.83,0
DWS026,20110705,178.63,178.63,178.63,178.63,0
DWS026,20110706,179.95,179.95,179.95,179.95,0
DWS026,20110707,180.55,180.55,180.55,180.55,0
DWS026,20110708,178.23,178.23,178.23,178.23,0
DWS026,20110711,180.92,180.92,180.92,180.92,0
DWS026,20110712,179.54,179.54,179.54,179.54,0
DWS026,20110713,185.65,185.65,185.65,185.65,0
DWS026,20110714,182.78,182.78,182.78,182.78,0
DWS026,20110715,181.23,181.23,181.23,181.23,0
DWS026,20110718,177.40,177.40,177.40,177.40,0
DWS026,20110719,178.84,178.84,178.84,178.84,0
DWS026,20110720,180.92,180.92,180.92,180.92,0
DWS026,20110721,180.71,180.71,180.71,180.71,0
DWS026,20110722,180.26,180.26,180.26,180.26,0
DWS026,20110725,181.85,181.85,181.85,181.85,0
DWS026,20110726,178.98,178.98,178.98,178.98,0
DWS026,20110727,178.69,178.69,178.69,178.69,0
DWS026,20110728,177.82,177.82,177.82,177.82,0
DWS026,20110729,175.46,175.46,175.46,175.46,0
DWS026,20110801,175.23,175.23,175.23,175.23,0
DWS026,20110802,173.65,173.65,173.65,173.65,0
DWS026,20110803,172.96,172.96,172.96,172.96,0
DWS026,20110804,163.93,163.93,163.93,163.93,0
DWS026,20110805,160.92,160.92,160.92,160.92,0
DWS026,20110808,157.01,157.01,157.01,157.01,0
DWS026,20110809,156.06,156.06,156.06,156.06,0
DWS026,20110810,154.72,154.72,154.72,154.72,0
DWS026,20110811,160.46,160.46,160.46,160.46,0
DWS026,20110812,163.89,163.89,163.89,163.89,0
DWS026,20110816,162.57,162.57,162.57,162.57,0
DWS026,20110817,163.45,163.45,163.45,163.45,0
DWS026,20110818,159.90,159.90,159.90,159.90,0
DWS026,20110819,157.31,157.31,157.31,157.31,0
DWS026,20110822,157.74,157.74,157.74,157.74,0
DWS026,20110823,160.53,160.53,160.53,160.53,0
DWS026,20110824,160.05,160.05,160.05,160.05,0
DWS026,20110825,162.39,162.39,162.39,162.39,0
DWS026,20110826,162.05,162.05,162.05,162.05,0
DWS026,20110829,163.77,163.77,163.77,163.77,0
DWS026,20110830,167.63,167.63,167.63,167.63,0
DWS026,20110831,168.91,168.91,168.91,168.91,0
DWS026,20110901,170.57,170.57,170.57,170.57,0
DWS026,20110902,167.88,167.88,167.88,167.88,0
DWS026,20110905,168.00,168.00,168.00,168.00,0
DWS026,20110906,165.85,165.85,165.85,165.85,0
DWS026,20110907,168.49,168.49,168.49,168.49,0
DWS026,20110908,171.41,171.41,171.41,171.41,0
DWS026,20110909,166.39,166.39,166.39,166.39,0
DWS026,20110912,167.25,167.25,167.25,167.25,0
DWS026,20110913,169.46,169.46,169.46,169.46,0
DWS026,20110914,170.09,170.09,170.09,170.09,0
DWS026,20110915,170.76,170.76,170.76,170.76,0
DWS026,20110916,170.74,170.74,170.74,170.74,0
DWS026,20110919,169.26,169.26,169.26,169.26,0
DWS026,20110920,168.11,168.11,168.11,168.11,0
DWS026,20110921,164.21,164.21,164.21,164.21,0
DWS026,20110922,156.89,156.89,156.89,156.89,0
DWS026,20110923,156.00,156.00,156.00,156.00,0
DWS026,20110926,153.14,153.14,153.14,153.14,0
DWS026,20110927,161.83,161.83,161.83,161.83,0
DWS026,20110928,159.89,159.89,159.89,159.89,0
DWS026,20110929,157.47,157.47,157.47,157.47,0
DWS026,20110930,155.71,155.71,155.71,155.71,0
DWS026,20111003,151.98,151.98,151.98,151.98,0
DWS026,20111004,148.16,148.16,148.16,148.16,0
DWS026,20111005,150.95,150.95,150.95,150.95,0
DWS026,20111006,158.23,158.23,158.23,158.23,0
DWS026,20111007,157.92,157.92,157.92,157.92,0
DWS026,20111010,160.03,160.03,160.03,160.03,0
DWS026,20111011,161.34,161.34,161.34,161.34,0
DWS026,20111012,162.17,162.17,162.17,162.17,0
DWS026,20111013,160.21,160.21,160.21,160.21,0
DWS026,20111014,162.87,162.87,162.87,162.87,0
DWS026,20111017,161.83,161.83,161.83,161.83,0
DWS026,20111018,162.40,162.40,162.40,162.40,0
DWS026,20111019,162.00,162.00,162.00,162.00,0
DWS026,20111020,158.71,158.71,158.71,158.71,0
DWS026,20111021,164.09,164.09,164.09,164.09,0
DWS026,20111024,169.69,169.69,169.69,169.69,0
DWS026,20111025,166.05,166.05,166.05,166.05,0
DWS026,20111026,165.86,165.86,165.86,165.86,0
DWS026,20111027,170.34,170.34,170.34,170.34,0
DWS026,20111028,170.80,170.80,170.80,170.80,0
DWS026,20111031,169.77,169.77,169.77,169.77,0
DWS026,20111102,167.59,167.59,167.59,167.59,0
DWS026,20111103,167.73,167.73,167.73,167.73,0
DWS026,20111104,169.32,169.32,169.32,169.32,0
DWS026,20111107,169.61,169.61,169.61,169.61,0
DWS026,20111108,170.06,170.06,170.06,170.06,0
DWS026,20111109,169.28,169.28,169.28,169.28,0
DWS026,20111110,167.98,167.98,167.98,167.98,0
DWS026,20111114,171.80,171.80,171.80,171.80,0
DWS026,20111115,170.29,170.29,170.29,170.29,0
DWS026,20111116,170.23,170.23,170.23,170.23,0
DWS026,20111117,164.98,164.98,164.98,164.98,0
DWS026,20111118,164.11,164.11,164.11,164.11,0
DWS026,20111121,160.00,160.00,160.00,160.00,0
DWS026,20111122,160.35,160.35,160.35,160.35,0
DWS026,20111123,160.19,160.19,160.19,160.19,0
DWS026,20111124,158.02,158.02,158.02,158.02,0
DWS026,20111125,157.87,157.87,157.87,157.87,0
DWS026,20111128,161.30,161.30,161.30,161.30,0
DWS026,20111129,162.05,162.05,162.05,162.05,0
DWS026,20111130,166.21,166.21,166.21,166.21,0
DWS026,20111201,166.85,166.85,166.85,166.85,0
DWS026,20111202,166.64,166.64,166.64,166.64,0
DWS026,20111205,167.42,167.42,167.42,167.42,0
DWS026,20111206,168.48,168.48,168.48,168.48,0
DWS026,20111207,168.67,168.67,168.67,168.67,0
DWS026,20111208,166.23,166.23,166.23,166.23,0
DWS026,20111209,162.95,162.95,162.95,162.95,0
DWS026,20111212,163.96,163.96,163.96,163.96,0
DWS026,20111213,164.67,164.67,164.67,164.67,0
DWS026,20111214,162.19,162.19,162.19,162.19,0
DWS026,20111215,161.91,161.91,161.91,161.91,0
DWS026,20111216,162.56,162.56,162.56,162.56,0
DWS026,20111219,161.51,161.51,161.51,161.51,0
DWS026,20111220,163.47,163.47,163.47,163.47,0
DWS026,20111221,164.97,164.97,164.97,164.97,0
DWS026,20111222,165.81,165.81,165.81,165.81,0
DWS026,20111223,167.79,167.79,167.79,167.79,0
DWS026,20111227,166.44,166.44,166.44,166.44,0
DWS026,20111228,166.04,166.04,166.04,166.04,0
DWS026,20111229,166.41,166.41,166.41,166.41,0
DWS026,20111230,167.23,167.23,167.23,167.23,0
DWS026,20120102,167.65,167.65,167.65,167.65,0
DWS026,20120103,170.56,170.56,170.56,170.56,0
DWS026,20120104,172.29,172.29,172.29,172.29,0
DWS026,20120105,175.00,175.00,175.00,175.00,0
DWS026,20120109,173.51,173.51,173.51,173.51,0
DWS026,20120110,176.36,176.36,176.36,176.36,0
DWS026,20120111,177.18,177.18,177.18,177.18,0
DWS026,20120112,173.86,173.86,173.86,173.86,0
DWS026,20120113,173.11,173.11,173.11,173.11,0
DWS026,20120116,174.56,174.56,174.56,174.56,0
DWS026,20120117,175.89,175.89,175.89,175.89,0
DWS026,20120118,176.71,176.71,176.71,176.71,0
DWS026,20120119,175.80,175.80,175.80,175.80,0
DWS026,20120120,174.52,174.52,174.52,174.52,0
DWS026,20120123,174.40,174.40,174.40,174.40,0
DWS026,20120124,173.23,173.23,173.23,173.23,0
DWS026,20120125,173.17,173.17,173.17,173.17,0
DWS026,20120126,174.35,174.35,174.35,174.35,0
DWS026,20120127,175.14,175.14,175.14,175.14,0
DWS026,20120130,174.03,174.03,174.03,174.03,0
DWS026,20120131,174.52,174.52,174.52,174.52,0
DWS026,20120201,174.78,174.78,174.78,174.78,0
DWS026,20120202,174.66,174.66,174.66,174.66,0
DWS026,20120203,174.37,174.37,174.37,174.37,0
DWS026,20120206,178.07,178.07,178.07,178.07,0
DWS026,20120207,178.57,178.57,178.57,178.57,0
DWS026,20120208,178.60,178.60,178.60,178.60,0
DWS026,20120209,177.92,177.92,177.92,177.92,0
DWS026,20120210,177.81,177.81,177.81,177.81,0
DWS026,20120213,178.13,178.13,178.13,178.13,0
DWS026,20120214,177.93,177.93,177.93,177.93,0
DWS026,20120215,178.86,178.86,178.86,178.86,0
DWS026,20120216,179.25,179.25,179.25,179.25,0
DWS026,20120217,180.47,180.47,180.47,180.47,0
DWS026,20120220,180.14,180.14,180.14,180.14,0
DWS026,20120221,179.43,179.43,179.43,179.43,0
DWS026,20120222,180.54,180.54,180.54,180.54,0
DWS026,20120223,180.25,180.25,180.25,180.25,0
DWS026,20120224,179.18,179.18,179.18,179.18,0
DWS026,20120227,179.38,179.38,179.38,179.38,0
DWS026,20120228,180.01,180.01,180.01,180.01,0
DWS026,20120229,180.16,180.16,180.16,180.16,0
DWS026,20120301,180.98,180.98,180.98,180.98,0
DWS026,20120302,182.17,182.17,182.17,182.17,0
DWS026,20120305,178.20,178.20,178.20,178.20,0
DWS026,20120306,174.60,174.60,174.60,174.60,0
DWS026,20120307,176.88,176.88,176.88,176.88,0
DWS026,20120308,178.37,178.37,178.37,178.37,0
DWS026,20120309,179.83,179.83,179.83,179.83,0
DWS026,20120312,180.07,180.07,180.07,180.07,0
DWS026,20120313,183.67,183.67,183.67,183.67,0
DWS026,20120314,184.77,184.77,184.77,184.77,0
DWS026,20120315,186.03,186.03,186.03,186.03,0
DWS026,20120316,187.06,187.06,187.06,187.06,0
DWS026,20120319,187.61,187.61,187.61,187.61,0
DWS026,20120320,186.26,186.26,186.26,186.26,0
DWS026,20120321,185.85,185.85,185.85,185.85,0
DWS026,20120322,184.41,184.41,184.41,184.41,0
DWS026,20120323,185.38,185.38,185.38,185.38,0
DWS026,20120326,185.88,185.88,185.88,185.88,0
DWS026,20120327,186.40,186.40,186.40,186.40,0
DWS026,20120328,184.21,184.21,184.21,184.21,0
DWS026,20120329,181.89,181.89,181.89,181.89,0
DWS026,20120330,184.59,184.59,184.59,184.59,0
DWS026,20120402,186.67,186.67,186.67,186.67,0
DWS026,20120403,184.96,184.96,184.96,184.96,0
DWS026,20120404,184.53,184.53,184.53,184.53,0
DWS026,20120405,185.83,185.83,185.83,185.83,0
DWS026,20120410,181.85,181.85,181.85,181.85,0
DWS026,20120411,182.15,182.15,182.15,182.15,0
DWS026,20120412,183.61,183.61,183.61,183.61,0
DWS026,20120413,184.05,184.05,184.05,184.05,0
DWS026,20120416,184.22,184.22,184.22,184.22,0
DWS026,20120417,185.33,185.33,185.33,185.33,0
DWS026,20120418,184.63,184.63,184.63,184.63,0
DWS026,20120419,184.19,184.19,184.19,184.19,0
DWS026,20120420,184.06,184.06,184.06,184.06,0
DWS026,20120423,181.75,181.75,181.75,181.75,0
DWS026,20120424,181.56,181.56,181.56,181.56,0
DWS026,20120425,183.83,183.83,183.83,183.83,0
DWS026,20120426,183.43,183.43,183.43,183.43,0
DWS026,20120427,183.79,183.79,183.79,183.79,0
DWS026,20120430,182.92,182.92,182.92,182.92,0
DWS026,20120502,185.18,185.18,185.18,185.18,0
DWS026,20120504,181.86,181.86,181.86,181.86,0
DWS026,20120507,182.22,182.22,182.22,182.22,0
DWS026,20120508,182.15,182.15,182.15,182.15,0
DWS026,20120509,179.70,179.70,179.70,179.70,0
DWS026,20120510,178.91,178.91,178.91,178.91,0
DWS026,20120511,179.77,179.77,179.77,179.77,0
DWS026,20120514,177.02,177.02,177.02,177.02,0
DWS026,20120515,176.96,176.96,176.96,176.96,0
DWS026,20120516,175.73,175.73,175.73,175.73,0
DWS026,20120517,175.15,175.15,175.15,175.15,0
DWS026,20120518,173.57,173.57,173.57,173.57,0
DWS026,20120521,173.72,173.72,173.72,173.72,0
DWS026,20120522,175.02,175.02,175.02,175.02,0
DWS026,20120523,172.80,172.80,172.80,172.80,0
DWS026,20120524,174.76,174.76,174.76,174.76,0
DWS026,20120525,174.99,174.99,174.99,174.99,0
DWS026,20120528,175.40,175.40,175.40,175.40,0
DWS026,20120529,177.92,177.92,177.92,177.92,0
DWS026,20120530,178.12,178.12,178.12,178.12,0
DWS026,20120531,176.86,176.86,176.86,176.86,0
DWS026,20120601,174.14,174.14,174.14,174.14,0
DWS026,20120604,169.66,169.66,169.66,169.66,0
DWS026,20120605,171.82,171.82,171.82,171.82,0
DWS026,20120606,175.81,175.81,175.81,175.81,0
DWS026,20120608,175.55,175.55,175.55,175.55,0
DWS026,20120611,175.77,175.77,175.77,175.77,0
DWS026,20120612,176.19,176.19,176.19,176.19,0
DWS026,20120613,175.29,175.29,175.29,175.29,0
DWS026,20120614,174.62,174.62,174.62,174.62,0
DWS026,20120615,175.31,175.31,175.31,175.31,0
DWS026,20120618,175.59,175.59,175.59,175.59,0
DWS026,20120619,177.93,177.93,177.93,177.93,0
DWS026,20120620,179.06,179.06,179.06,179.06,0
DWS026,20120621,178.79,178.79,178.79,178.79,0
DWS026,20120622,177.66,177.66,177.66,177.66,0
DWS026,20120625,177.88,177.88,177.88,177.88,0
DWS026,20120626,180.34,180.34,180.34,180.34,0
DWS026,20120627,182.60,182.60,182.60,182.60,0
DWS026,20120628,183.24,183.24,183.24,183.24,0
DWS026,20120629,182.97,182.97,182.97,182.97,0
DWS026,20120702,186.84,186.84,186.84,186.84,0
DWS026,20120703,188.58,188.58,188.58,188.58,0
DWS026,20120704,188.88,188.88,188.88,188.88,0
DWS026,20120705,190.72,190.72,190.72,190.72,0
DWS026,20120706,189.80,189.80,189.80,189.80,0
DWS026,20120709,188.09,188.09,188.09,188.09,0
DWS026,20120710,189.81,189.81,189.81,189.81,0
DWS026,20120711,190.23,190.23,190.23,190.23,0
DWS026,20120712,187.88,187.88,187.88,187.88,0
DWS026,20120713,188.95,188.95,188.95,188.95,0
DWS026,20120716,188.50,188.50,188.50,188.50,0
DWS026,20120717,189.85,189.85,189.85,189.85,0
DWS026,20120718,192.51,192.51,192.51,192.51,0
DWS026,20120719,193.78,193.78,193.78,193.78,0
DWS026,20120720,193.21,193.21,193.21,193.21,0
DWS026,20120723,190.99,190.99,190.99,190.99,0
DWS026,20120724,190.44,190.44,190.44,190.44,0
DWS026,20120725,190.17,190.17,190.17,190.17,0
DWS026,20120726,190.67,190.67,190.67,190.67,0
DWS026,20120727,191.36,191.36,191.36,191.36,0
DWS026,20120730,194.24,194.24,194.24,194.24,0
DWS026,20120731,193.78,193.78,193.78,193.78,0
DWS026,20120801,194.07,194.07,194.07,194.07,0
DWS026,20120802,193.45,193.45,193.45,193.45,0
DWS026,20120803,192.77,192.77,192.77,192.77,0
DWS026,20120806,193.84,193.84,193.84,193.84,0
DWS026,20120807,194.05,194.05,194.05,194.05,0
DWS026,20120808,194.51,194.51,194.51,194.51,0
DWS026,20120809,195.96,195.96,195.96,195.96,0
DWS026,20120810,195.95,195.95,195.95,195.95,0
DWS026,20120813,194.97,194.97,194.97,194.97,0
DWS026,20120814,195.45,195.45,195.45,195.45,0
DWS026,20120816,196.56,196.56,196.56,196.56,0
DWS026,20120817,196.84,196.84,196.84,196.84,0
DWS026,20120820,196.71,196.71,196.71,196.71,0
DWS026,20120821,195.90,195.90,195.90,195.90,0
DWS026,20120822,193.65,193.65,193.65,193.65,0
DWS026,20120823,191.97,191.97,191.97,191.97,0
DWS026,20120824,191.25,191.25,191.25,191.25,0
DWS026,20120827,191.54,191.54,191.54,191.54,0
DWS026,20120828,190.82,190.82,190.82,190.82,0
DWS026,20120829,191.60,191.60,191.60,191.60,0
DWS026,20120830,190.67,190.67,190.67,190.67,0
DWS026,20120831,190.57,190.57,190.57,190.57,0
DWS026,20120903,190.98,190.98,190.98,190.98,0
DWS026,20120904,189.38,189.38,189.38,189.38,0
DWS026,20120905,190.21,190.21,190.21,190.21,0
DWS026,20120906,192.92,192.92,192.92,192.92,0
DWS026,20120907,192.86,192.86,192.86,192.86,0
DWS026,20120910,192.38,192.38,192.38,192.38,0
DWS026,20120911,192.10,192.10,192.10,192.10,0
DWS026,20120912,192.78,192.78,192.78,192.78,0
DWS026,20120913,191.35,191.35,191.35,191.35,0
DWS026,20121119,187.32,187.32,187.32,187.32,0
DWS026,20121120,187.23,187.23,187.23,187.23,0
DWS026,20121121,187.16,187.16,187.16,187.16,0
DWS026,20121122,187.79,187.79,187.79,187.79,0
DWS026,20121123,188.20,188.20,188.20,188.20,0
DWS026,20121126,188.30,188.30,188.30,188.30,0
DWS026,20121127,189.06,189.06,189.06,189.06,0
DWS026,20121128,188.49,188.49,188.49,188.49,0
DWS026,20121129,190.04,190.04,190.04,190.04,0
DWS026,20121130,190.24,190.24,190.24,190.24,0
DWS026,20121203,189.89,189.89,189.89,189.89,0
DWS026,20121204,188.66,188.66,188.66,188.66,0
DWS026,20121205,189.10,189.10,189.10,189.10,0
DWS026,20121206,190.67,190.67,190.67,190.67,0
DWS026,20121207,192.18,192.18,192.18,192.18,0
DWS026,20121210,192.45,192.45,192.45,192.45,0
DWS026,20121211,193.10,193.10,193.10,193.10,0
DWS026,20121212,193.44,193.44,193.44,193.44,0
DWS026,20121213,192.19,192.19,192.19,192.19,0
DWS026,20121214,191.96,191.96,191.96,191.96,0
DWS026,20121217,191.71,191.71,191.71,191.71,0
DWS026,20121218,192.13,192.13,192.13,192.13,0
DWS026,20121219,192.70,192.70,192.70,192.70,0
DWS026,20121220,192.06,192.06,192.06,192.06,0
DWS026,20121221,190.41,190.41,190.41,190.41,0
DWS026,20121227,190.85,190.85,190.85,190.85,0
DWS026,20121228,189.58,189.58,189.58,189.58,0
DWS026,20130102,193.99,193.99,193.99,193.99,0
DWS026,20130103,196.84,196.84,196.84,196.84,0
DWS026,20130104,196.80,196.80,196.80,196.80,0
DWS026,20130107,195.84,195.84,195.84,195.84,0
DWS026,20130108,195.24,195.24,195.24,195.24,0
DWS026,20130109,198.50,198.50,198.50,198.50,0
DWS026,20130110,197.02,197.02,197.02,197.02,0
DWS026,20130111,196.76,196.76,196.76,196.76,0
DWS026,20130114,196.31,196.31,196.31,196.31,0
DWS026,20130115,196.71,196.71,196.71,196.71,0
DWS026,20130116,196.75,196.75,196.75,196.75,0
DWS026,20130117,197.34,197.34,197.34,197.34,0
DWS026,20130118,197.87,197.87,197.87,197.87,0
DWS026,20130121,198.45,198.45,198.45,198.45,0
DWS026,20130122,198.96,198.96,198.96,198.96,0
DWS026,20130123,199.40,199.40,199.40,199.40,0
DWS026,20130124,200.74,200.74,200.74,200.74,0
DWS026,20130125,199.42,199.42,199.42,199.42,0
DWS026,20130128,199.11,199.11,199.11,199.11,0
DWS026,20130129,199.70,199.70,199.70,199.70,0
DWS026,20130130,199.24,199.24,199.24,199.24,0
DWS026,20130131,198.42,198.42,198.42,198.42,0
DWS026,20130201,199.00,199.00,199.00,199.00,0
DWS026,20130204,197.48,197.48,197.48,197.48,0
DWS026,20130205,198.28,198.28,198.28,198.28,0
DWS026,20130206,199.21,199.21,199.21,199.21,0
DWS026,20130207,199.20,199.20,199.20,199.20,0
DWS026,20130208,199.82,199.82,199.82,199.82,0
DWS026,20130211,198.96,198.96,198.96,198.96,0
DWS026,20130212,198.66,198.66,198.66,198.66,0
DWS026,20130213,199.82,199.82,199.82,199.82,0
DWS026,20130214,198.67,198.67,198.67,198.67,0
DWS026,20130215,200.56,200.56,200.56,200.56,0
DWS026,20130218,200.57,200.57,200.57,200.57,0
DWS026,20130219,200.89,200.89,200.89,200.89,0
DWS026,20130220,198.87,198.87,198.87,198.87,0
DWS026,20130221,197.14,197.14,197.14,197.14,0
DWS026,20130222,197.63,197.63,197.63,197.63,0
DWS026,20130225,198.25,198.25,198.25,198.25,0
DWS026,20130226,196.32,196.32,196.32,196.32,0
DWS026,20130227,198.55,198.55,198.55,198.55,0
DWS026,20130228,199.79,199.79,199.79,199.79,0
DWS026,20130301,199.36,199.36,199.36,199.36,0
DWS026,20130304,198.82,198.82,198.82,198.82,0
DWS026,20130305,200.90,200.90,200.90,200.90,0
DWS026,20130306,201.01,201.01,201.01,201.01,0
DWS026,20130307,199.84,199.84,199.84,199.84,0
DWS026,20130308,199.96,199.96,199.96,199.96,0
DWS026,20130311,201.54,201.54,201.54,201.54,0
DWS026,20130312,202.18,202.18,202.18,202.18,0
DWS026,20130313,203.63,203.63,203.63,203.63,0
DWS026,20130314,204.60,204.60,204.60,204.60,0
DWS026,20130315,203.11,203.11,203.11,203.11,0
DWS026,20130318,201.81,201.81,201.81,201.81,0
DWS026,20130319,201.67,201.67,201.67,201.67,0
DWS026,20130320,202.74,202.74,202.74,202.74,0
DWS026,20130321,201.27,201.27,201.27,201.27,0
DWS026,20130322,201.19,201.19,201.19,201.19,0
DWS026,20130325,199.29,199.29,199.29,199.29,0
DWS026,20130326,199.94,199.94,199.94,199.94,0
DWS026,20130327,200.28,200.28,200.28,200.28,0
DWS026,20130328,201.99,201.99,201.99,201.99,0
DWS026,20130402,202.25,202.25,202.25,202.25,0
DWS026,20130403,200.57,200.57,200.57,200.57,0
DWS026,20130404,198.24,198.24,198.24,198.24,0
DWS026,20130405,195.54,195.54,195.54,195.54,0
DWS026,20130408,195.50,195.50,195.50,195.50,0
DWS026,20130409,196.51,196.51,196.51,196.51,0
DWS026,20130410,198.38,198.38,198.38,198.38,0
DWS026,20130411,197.90,197.90,197.90,197.90,0
DWS026,20130412,195.66,195.66,195.66,195.66,0
DWS026,20130415,192.20,192.20,192.20,192.20,0
DWS026,20130417,190.85,190.85,190.85,190.85,0
DWS026,20130418,190.66,190.66,190.66,190.66,0
DWS026,20130419,192.09,192.09,192.09,192.09,0
DWS026,20130422,192.68,192.68,192.68,192.68,0
DWS026,20130423,193.81,193.81,193.81,193.81,0
DWS026,20130424,195.51,195.51,195.51,195.51,0
DWS026,20130425,196.72,196.72,196.72,196.72,0
DWS026,20130426,198.17,198.17,198.17,198.17,0
DWS026,20130429,199.35,199.35,199.35,199.35,0
DWS026,20130502,198.94,198.94,198.94,198.94,0
DWS026,20130506,199.30,199.30,199.30,199.30,0
DWS026,20130507,200.09,200.09,200.09,200.09,0
DWS026,20130508,201.36,201.36,201.36,201.36,0
DWS026,20130509,201.09,201.09,201.09,201.09,0
DWS026,20130510,203.30,203.30,203.30,203.30,0
DWS026,20130513,203.63,203.63,203.63,203.63,0
DWS026,20130514,203.17,203.17,203.17,203.17,0
DWS026,20130515,204.49,204.49,204.49,204.49,0
DWS026,20130516,203.46,203.46,203.46,203.46,0
DWS026,20130520,204.64,204.64,204.64,204.64,0
DWS026,20130521,205.39,205.39,205.39,205.39,0
DWS026,20130522,202.50,202.50,202.50,202.50,0
DWS026,20130523,199.50,199.50,199.50,199.50,0
DWS026,20130524,199.42,199.42,199.42,199.42,0
DWS026,20130527,199.24,199.24,199.24,199.24,0
DWS026,20130529,200.37,200.37,200.37,200.37,0
DWS026,20130531,199.50,199.50,199.50,199.50,0
DWS026,20130603,198.01,198.01,198.01,198.01,0
DWS026,20130605,194.92,194.92,194.92,194.92,0
DWS026,20130606,193.82,193.82,193.82,193.82,0
DWS026,20130704,187.91,187.91,187.91,187.91,0
DWS026,20130719,189.66,189.66,189.66,189.66,0
DWS026,20130722,189.33,189.33,189.33,189.33,0
DWS026,20130723,189.47,189.47,189.47,189.47,0
DWS026,20130724,187.22,187.22,187.22,187.22,0
DWS026,20130725,186.54,186.54,186.54,186.54,0
DWS026,20130726,185.67,185.67,185.67,185.67,0
DWS026,20130729,185.12,185.12,185.12,185.12,0
DWS026,20130730,181.69,181.69,181.69,181.69,0
DWS026,20130731,177.79,177.79,177.79,177.79,0
DWS026,20130801,179.78,179.78,179.78,179.78,0
DWS026,20130802,179.01,179.01,179.01,179.01,0
DWS026,20130805,178.27,178.27,178.27,178.27,0
DWS026,20130806,175.59,175.59,175.59,175.59,0
DWS026,20130807,175.65,175.65,175.65,175.65,0
DWS026,20130808,177.51,177.51,177.51,177.51,0
DWS026,20130809,178.72,178.72,178.72,178.72,0
DWS026,20130812,179.34,179.34,179.34,179.34,0
DWS026,20130813,182.06,182.06,182.06,182.06,0
DWS026,20130814,180.36,180.36,180.36,180.36,0
DWS026,20130816,177.47,177.47,177.47,177.47,0
DWS026,20130819,176.62,176.62,176.62,176.62,0
DWS026,20130820,175.59,175.59,175.59,175.59,0
DWS026,20130821,175.47,175.47,175.47,175.47,0
DWS026,20130822,175.98,175.98,175.98,175.98,0
DWS026,20130823,175.84,175.84,175.84,175.84,0
DWS026,20130826,179.28,179.28,179.28,179.28,0
DWS026,20130827,174.43,174.43,174.43,174.43,0
DWS026,20130828,174.58,174.58,174.58,174.58,0
DWS026,20130829,175.87,175.87,175.87,175.87,0
DWS026,20130830,177.07,177.07,177.07,177.07,0
DWS026,20130902,177.46,177.46,177.46,177.46,0
DWS026,20130903,179.16,179.16,179.16,179.16,0
DWS026,20130904,178.11,178.11,178.11,178.11,0
DWS026,20130905,178.96,178.96,178.96,178.96,0
DWS026,20130906,181.11,181.11,181.11,181.11,0
DWS026,20130909,181.69,181.69,181.69,181.69,0
DWS026,20130910,182.35,182.35,182.35,182.35,0
DWS026,20130911,182.52,182.52,182.52,182.52,0
DWS026,20130912,181.66,181.66,181.66,181.66,0
DWS026,20130913,181.51,181.51,181.51,181.51,0
DWS026,20130916,181.97,181.97,181.97,181.97,0
DWS026,20130917,183.75,183.75,183.75,183.75,0
DWS026,20130918,184.47,184.47,184.47,184.47,0
DWS026,20130919,183.93,183.93,183.93,183.93,0
DWS026,20130920,183.07,183.07,183.07,183.07,0
DWS026,20130923,183.06,183.06,183.06,183.06,0
DWS026,20130924,182.35,182.35,182.35,182.35,0
DWS026,20130925,182.26,182.26,182.26,182.26,0
DWS026,20131021,185.00,185.00,185.00,185.00,0
DWS026,20131022,185.05,185.05,185.05,185.05,0
DWS026,20131023,183.21,183.21,183.21,183.21,0
DWS026,20131024,184.75,184.75,184.75,184.75,0
DWS026,20131025,182.67,182.67,182.67,182.67,0
DWS026,20131028,184.07,184.07,184.07,184.07,0
DWS026,20131029,185.18,185.18,185.18,185.18,0
DWS026,20131030,184.19,184.19,184.19,184.19,0
DWS026,20131031,184.88,184.88,184.88,184.88,0
DWS026,20131104,185.18,185.18,185.18,185.18,0
DWS026,20131105,186.01,186.01,186.01,186.01,0
DWS026,20131106,185.15,185.15,185.15,185.15,0
DWS026,20131107,184.00,184.00,184.00,184.00,0
DWS026,20131108,186.36,186.36,186.36,186.36,0
DWS026,20131112,185.40,185.40,185.40,185.40,0
DWS026,20131113,186.07,186.07,186.07,186.07,0
DWS026,20131114,186.85,186.85,186.85,186.85,0
DWS026,20131115,187.35,187.35,187.35,187.35,0
DWS026,20131118,187.86,187.86,187.86,187.86,0
DWS026,20131119,186.46,186.46,186.46,186.46,0
DWS026,20131120,187.27,187.27,187.27,187.27,0
DWS026,20131121,185.40,185.40,185.40,185.40,0
DWS026,20131122,183.62,183.62,183.62,183.62,0
DWS026,20131125,184.21,184.21,184.21,184.21,0
DWS026,20131126,184.26,184.26,184.26,184.26,0
DWS026,20131127,182.78,182.78,182.78,182.78,0
DWS026,20131128,183.79,183.79,183.79,183.79,0
DWS026,20131129,183.99,183.99,183.99,183.99,0
DWS026,20131202,183.79,183.79,183.79,183.79,0
DWS026,20131203,182.05,182.05,182.05,182.05,0
DWS026,20131204,182.05,182.05,182.05,182.05,0
DWS026,20131205,182.06,182.06,182.06,182.06,0
DWS026,20131206,182.52,182.52,182.52,182.52,0
DWS026,20131209,181.98,181.98,181.98,181.98,0
DWS026,20131210,181.96,181.96,181.96,181.96,0
DWS026,20131211,178.12,178.12,178.12,178.12,0
DWS026,20131212,178.07,178.07,178.07,178.07,0
DWS026,20131213,177.78,177.78,177.78,177.78,0
DWS026,20131216,177.08,177.08,177.08,177.08,0
DWS026,20131217,176.38,176.38,176.38,176.38,0
DWS026,20131218,178.67,178.67,178.67,178.67,0
DWS026,20131219,179.75,179.75,179.75,179.75,0
DWS026,20131220,180.81,180.81,180.81,180.81,0
DWS026,20131223,181.59,181.59,181.59,181.59,0
DWS026,20131227,183.52,183.52,183.52,183.52,0
DWS026,20131230,182.72,182.72,182.72,182.72,0
DWS026,20140102,183.18,183.18,183.18,183.18,0
DWS026,20140103,183.89,183.89,183.89,183.89,0
DWS026,20140107,183.72,183.72,183.72,183.72,0
DWS026,20140108,184.55,184.55,184.55,184.55,0
DWS026,20140109,184.00,184.00,184.00,184.00,0
DWS026,20140110,185.64,185.64,185.64,185.64,0
DWS026,20140113,184.91,184.91,184.91,184.91,0
DWS026,20140114,183.88,183.88,183.88,183.88,0
DWS026,20140115,185.89,185.89,185.89,185.89,0
DWS026,20140116,187.87,187.87,187.87,187.87,0
DWS026,20140117,187.49,187.49,187.49,187.49,0
DWS026,20140120,186.82,186.82,186.82,186.82,0
DWS026,20140121,187.00,187.00,187.00,187.00,0
DWS026,20140122,187.64,187.64,187.64,187.64,0
DWS026,20140123,186.17,186.17,186.17,186.17,0
DWS026,20140124,183.68,183.68,183.68,183.68,0
DWS026,20140127,178.86,178.86,178.86,178.86,0
DWS026,20140128,180.04,180.04,180.04,180.04,0
DWS026,20140129,179.69,179.69,179.69,179.69,0
DWS026,20140130,177.19,177.19,177.19,177.19,0
DWS026,20140131,177.39,177.39,177.39,177.39,0
DWS026,20140203,173.87,173.87,173.87,173.87,0
DWS026,20140204,177.86,177.86,177.86,177.86,0
DWS026,20140205,176.05,176.05,176.05,176.05,0
DWS026,20140206,177.34,177.34,177.34,177.34,0
DWS026,20140207,179.94,179.94,179.94,179.94,0
DWS026,20140210,179.24,179.24,179.24,179.24,0
DWS026,20140211,180.84,180.84,180.84,180.84,0
DWS026,20140212,180.96,180.96,180.96,180.96,0
DWS026,20140213,179.65,179.65,179.65,179.65,0
DWS026,20140214,179.96,179.96,179.96,179.96,0
DWS026,20140217,179.89,179.89,179.89,179.89,0
DWS026,20140218,179.44,179.44,179.44,179.44,0
DWS026,20140219,179.19,179.19,179.19,179.19,0
DWS026,20140220,180.85,180.85,180.85,180.85,0
DWS026,20140221,180.80,180.80,180.80,180.80,0
DWS026,20140224,182.67,182.67,182.67,182.67,0
DWS026,20140225,181.52,181.52,181.52,181.52,0
DWS026,20140226,182.02,182.02,182.02,182.02,0
DWS026,20140227,182.50,182.50,182.50,182.50,0
DWS026,20140228,180.88,180.88,180.88,180.88,0
DWS026,20140303,180.95,180.95,180.95,180.95,0
DWS026,20140304,182.24,182.24,182.24,182.24,0
DWS026,20140305,185.12,185.12,185.12,185.12,0
DWS026,20140306,185.10,185.10,185.10,185.10,0
DWS026,20140307,186.74,186.74,186.74,186.74,0
DWS026,20140310,185.25,185.25,185.25,185.25,0
DWS026,20140311,184.51,184.51,184.51,184.51,0
DWS026,20140312,184.95,184.95,184.95,184.95,0
DWS026,20140313,182.29,182.29,182.29,182.29,0
DWS026,20140314,180.57,180.57,180.57,180.57,0
DWS026,20140317,182.18,182.18,182.18,182.18,0
DWS026,20140318,183.34,183.34,183.34,183.34,0
DWS026,20140319,184.28,184.28,184.28,184.28,0
DWS026,20140320,183.32,183.32,183.32,183.32,0
DWS026,20140321,185.49,185.49,185.49,185.49,0
DWS026,20140324,185.82,185.82,185.82,185.82,0
DWS026,20140325,184.67,184.67,184.67,184.67,0
DWS026,20140326,186.82,186.82,186.82,186.82,0
DWS026,20140327,186.52,186.52,186.52,186.52,0
DWS026,20140328,187.70,187.70,187.70,187.70,0
DWS026,20140331,189.00,189.00,189.00,189.00,0
DWS026,20140401,189.37,189.37,189.37,189.37,0
DWS026,20140402,191.44,191.44,191.44,191.44,0
DWS026,20140403,190.37,190.37,190.37,190.37,0
DWS026,20140404,189.94,189.94,189.94,189.94,0
DWS026,20140407,191.16,191.16,191.16,191.16,0
DWS026,20140408,189.02,189.02,189.02,189.02,0
DWS026,20140409,188.36,188.36,188.36,188.36,0
DWS026,20140410,190.37,190.37,190.37,190.37,0
DWS026,20140411,189.04,189.04,189.04,189.04,0
DWS026,20140414,187.00,187.00,187.00,187.00,0
DWS026,20140415,188.02,188.02,188.02,188.02,0
DWS026,20140416,188.93,188.93,188.93,188.93,0
DWS026,20140417,189.30,189.30,189.30,189.30,0
DWS026,20140422,188.84,188.84,188.84,188.84,0
DWS026,20140423,190.15,190.15,190.15,190.15,0
DWS026,20140424,189.67,189.67,189.67,189.67,0
DWS026,20140425,189.25,189.25,189.25,189.25,0
DWS026,20140428,189.24,189.24,189.24,189.24,0
DWS026,20140429,189.36,189.36,189.36,189.36,0
DWS026,20140430,191.05,191.05,191.05,191.05,0
DWS026,20140502,189.42,189.42,189.42,189.42,0
DWS026,20140505,190.23,190.23,190.23,190.23,0
DWS026,20140506,187.21,187.21,187.21,187.21,0
DWS026,20140507,188.29,188.29,188.29,188.29,0
DWS026,20140508,189.32,189.32,189.32,189.32,0
DWS026,20140509,190.77,190.77,190.77,190.77,0
DWS026,20140512,191.57,191.57,191.57,191.57,0
DWS026,20140513,191.86,191.86,191.86,191.86,0
DWS026,20140514,190.82,190.82,190.82,190.82,0
DWS026,20140515,192.57,192.57,192.57,192.57,0
DWS026,20140516,192.66,192.66,192.66,192.66,0
DWS026,20140519,192.56,192.56,192.56,192.56,0
DWS026,20140520,192.57,192.57,192.57,192.57,0
DWS026,20140521,192.85,192.85,192.85,192.85,0
DWS026,20140522,194.04,194.04,194.04,194.04,0
DWS026,20140523,194.03,194.03,194.03,194.03,0
DWS026,20140526,194.34,194.34,194.34,194.34,0
DWS026,20140527,192.61,192.61,192.61,192.61,0
DWS026,20140528,194.02,194.02,194.02,194.02,0
DWS026,20140529,192.39,192.39,192.39,192.39,0
DWS026,20140602,194.89,194.89,194.89,194.89,0
DWS026,20140603,194.68,194.68,194.68,194.68,0
DWS026,20140604,193.98,193.98,193.98,193.98,0
DWS026,20140605,193.44,193.44,193.44,193.44,0
DWS026,20140606,194.65,194.65,194.65,194.65,0
DWS026,20140609,195.28,195.28,195.28,195.28,0
DWS026,20140610,195.32,195.32,195.32,195.32,0
DWS026,20140611,197.25,197.25,197.25,197.25,0
DWS026,20140612,196.35,196.35,196.35,196.35,0
DWS026,20140613,195.90,195.90,195.90,195.90,0
DWS026,20140616,196.23,196.23,196.23,196.23,0
DWS026,20140617,195.57,195.57,195.57,195.57,0
DWS026,20140620,197.11,197.11,197.11,197.11,0
DWS026,20140623,197.77,197.77,197.77,197.77,0
DWS026,20140624,197.60,197.60,197.60,197.60,0
DWS026,20140625,196.82,196.82,196.82,196.82,0
DWS026,20140626,197.24,197.24,197.24,197.24,0
DWS026,20140627,196.25,196.25,196.25,196.25,0
DWS026,20140630,197.02,197.02,197.02,197.02,0
DWS026,20140701,196.84,196.84,196.84,196.84,0
DWS026,20140702,197.63,197.63,197.63,197.63,0
DWS026,20140704,198.01,198.01,198.01,198.01,0
DWS026,20140707,197.65,197.65,197.65,197.65,0
DWS026,20140708,196.61,196.61,196.61,196.61,0
DWS026,20140709,195.14,195.14,195.14,195.14,0
DWS026,20140710,195.01,195.01,195.01,195.01,0
DWS026,20140711,193.50,193.50,193.50,193.50,0
DWS026,20140714,194.53,194.53,194.53,194.53,0
DWS026,20140715,195.08,195.08,195.08,195.08,0
DWS026,20140716,194.48,194.48,194.48,194.48,0
DWS026,20140717,196.02,196.02,196.02,196.02,0
DWS026,20140718,194.29,194.29,194.29,194.29,0
DWS026,20140721,195.44,195.44,195.44,195.44,0
DWS026,20140722,195.81,195.81,195.81,195.81,0
DWS026,20140723,196.90,196.90,196.90,196.90,0
DWS026,20140724,196.41,196.41,196.41,196.41,0
DWS026,20140725,197.83,197.83,197.83,197.83,0
DWS026,20140728,196.34,196.34,196.34,196.34,0
DWS026,20140729,196.40,196.40,196.40,196.40,0
DWS026,20140805,192.29,192.29,192.29,192.29,0
DWS026,20140806,192.00,192.00,192.00,192.00,0
DWS026,20140807,192.79,192.79,192.79,192.79,0
DWS026,20140808,191.15,191.15,191.15,191.15,0
DWS026,20140811,192.24,192.24,192.24,192.24,0
DWS026,20140812,193.40,193.40,193.40,193.40,0
DWS026,20140813,193.45,193.45,193.45,193.45,0
DWS026,20140814,192.95,192.95,192.95,192.95,0
DWS026,20140818,193.34,193.34,193.34,193.34,0
DWS026,20140820,196.86,196.86,196.86,196.86,0
DWS026,20140821,196.15,196.15,196.15,196.15,0
DWS026,20140822,197.18,197.18,197.18,197.18,0
DWS026,20140825,196.28,196.28,196.28,196.28,0
DWS026,20140826,198.43,198.43,198.43,198.43,0
DWS026,20140827,199.25,199.25,199.25,199.25,0
DWS026,20140828,199.26,199.26,199.26,199.26,0
DWS026,20140901,199.64,199.64,199.64,199.64,0
DWS026,20140902,199.68,199.68,199.68,199.68,0
DWS026,20140903,199.35,199.35,199.35,199.35,0
DWS026,20140904,200.90,200.90,200.90,200.90,0
DWS026,20140905,201.80,201.80,201.80,201.80,0
DWS026,20140908,201.44,201.44,201.44,201.44,0
DWS026,20140909,199.57,199.57,199.57,199.57,0
DWS026,20140910,200.12,200.12,200.12,200.12,0
DWS026,20140918,199.75,199.75,199.75,199.75,0
DWS026,20140919,200.91,200.91,200.91,200.91,0
DWS026,20140922,201.41,201.41,201.41,201.41,0
DWS026,20140923,199.09,199.09,199.09,199.09,0
DWS026,20140924,200.24,200.24,200.24,200.24,0
DWS026,20140925,199.24,199.24,199.24,199.24,0
DWS026,20140929,199.03,199.03,199.03,199.03,0
DWS026,20140930,199.08,199.08,199.08,199.08,0
DWS026,20141001,198.45,198.45,198.45,198.45,0
DWS026,20141002,197.23,197.23,197.23,197.23,0
DWS026,20141006,197.50,197.50,197.50,197.50,0
DWS026,20141007,193.73,193.73,193.73,193.73,0
DWS026,20141008,194.09,194.09,194.09,194.09,0
DWS026,20141009,193.04,193.04,193.04,193.04,0
DWS026,20141010,189.81,189.81,189.81,189.81,0
DWS026,20141013,188.76,188.76,188.76,188.76,0
DWS026,20141014,189.85,189.85,189.85,189.85,0
DWS026,20141015,187.48,187.48,187.48,187.48,0
DWS026,20141016,186.58,186.58,186.58,186.58,0
DWS026,20141017,188.88,188.88,188.88,188.88,0
DWS026,20141020,188.77,188.77,188.77,188.77,0
DWS026,20141021,192.77,192.77,192.77,192.77,0
DWS026,20141022,190.98,190.98,190.98,190.98,0
DWS026,20141023,191.84,191.84,191.84,191.84,0
DWS026,20141024,193.24,193.24,193.24,193.24,0
DWS026,20141027,193.73,193.73,193.73,193.73,0
DWS026,20141028,193.72,193.72,193.72,193.72,0
DWS026,20141029,195.93,195.93,195.93,195.93,0
DWS026,20141030,193.99,193.99,193.99,193.99,0
DWS026,20141031,198.93,198.93,198.93,198.93,0
DWS026,20141103,199.52,199.52,199.52,199.52,0
DWS026,20141104,198.04,198.04,198.04,198.04,0
DWS026,20141105,198.84,198.84,198.84,198.84,0
DWS026,20141106,197.64,197.64,197.64,197.64,0
DWS026,20141107,199.05,199.05,199.05,199.05,0
DWS026,20141110,198.91,198.91,198.91,198.91,0
DWS026,20141112,200.27,200.27,200.27,200.27,0
DWS026,20141113,201.54,201.54,201.54,201.54,0
DWS026,20141114,201.18,201.18,201.18,201.18,0
DWS026,20141117,199.91,199.91,199.91,199.91,0
DWS026,20141118,201.59,201.59,201.59,201.59,0
DWS026,20141119,202.80,202.80,202.80,202.80,0
DWS026,20141120,202.99,202.99,202.99,202.99,0
DWS026,20141121,203.69,203.69,203.69,203.69,0
DWS026,20141124,206.11,206.11,206.11,206.11,0
DWS026,20141125,204.20,204.20,204.20,204.20,0
DWS026,20141126,201.88,201.88,201.88,201.88,0
DWS026,20141127,200.92,200.92,200.92,200.92,0
DWS026,20141128,200.68,200.68,200.68,200.68,0
DWS026,20141201,200.08,200.08,200.08,200.08,0
DWS026,20141202,198.15,198.15,198.15,198.15,0
DWS026,20141203,199.36,199.36,199.36,199.36,0
DWS026,20141204,201.62,201.62,201.62,201.62,0
DWS026,20141205,201.65,201.65,201.65,201.65,0
DWS026,20141208,201.69,201.69,201.69,201.69,0
DWS026,20141209,197.77,197.77,197.77,197.77,0
DWS026,20141210,195.90,195.90,195.90,195.90,0
DWS026,20141211,195.37,195.37,195.37,195.37,0
DWS026,20141212,196.03,196.03,196.03,196.03,0
DWS026,20141215,190.66,190.66,190.66,190.66,0
DWS026,20141216,192.36,192.36,192.36,192.36,0
DWS026,20141217,188.97,188.97,188.97,188.97,0
DWS026,20141218,194.27,194.27,194.27,194.27,0
DWS026,20141219,200.20,200.20,200.20,200.20,0
DWS026,20141222,200.13,200.13,200.13,200.13,0
DWS026,20141223,200.35,200.35,200.35,200.35,0
DWS026,20141229,202.67,202.67,202.67,202.67,0
DWS026,20141230,202.90,202.90,202.90,202.90,0
DWS026,20150102,203.10,203.10,203.10,203.10,0
DWS026,20150105,202.98,202.98,202.98,202.98,0
DWS026,20150107,206.25,206.25,206.25,206.25,0
DWS026,20150108,210.92,210.92,210.92,210.92,0
DWS026,20150109,210.76,210.76,210.76,210.76,0
DWS026,20150112,210.64,210.64,210.64,210.64,0
DWS026,20150113,210.92,210.92,210.92,210.92,0
DWS026,20150114,210.16,210.16,210.16,210.16,0
DWS026,20150115,210.18,210.18,210.18,210.18,0
DWS026,20150116,213.03,213.03,213.03,213.03,0
DWS026,20150119,213.32,213.32,213.32,213.32,0
DWS026,20150120,214.83,214.83,214.83,214.83,0
DWS026,20150121,215.92,215.92,215.92,215.92,0
DWS026,20150122,220.27,220.27,220.27,220.27,0
DWS026,20150123,221.32,221.32,221.32,221.32,0
DWS026,20150126,221.18,221.18,221.18,221.18,0
DWS026,20150127,221.14,221.14,221.14,221.14,0
DWS026,20150128,221.17,221.17,221.17,221.17,0
DWS026,20150129,219.88,219.88,219.88,219.88,0
DWS026,20150130,219.98,219.98,219.98,219.98,0
DWS026,20150202,217.81,217.81,217.81,217.81,0
DWS026,20150203,220.09,220.09,220.09,220.09,0
DWS026,20150204,220.44,220.44,220.44,220.44,0
DWS026,20150205,218.23,218.23,218.23,218.23,0
DWS026,20150206,219.51,219.51,219.51,219.51,0
DWS026,20150209,218.06,218.06,218.06,218.06,0
DWS026,20150210,218.98,218.98,218.98,218.98,0
DWS026,20150211,219.14,219.14,219.14,219.14,0
DWS026,20150212,220.56,220.56,220.56,220.56,0
DWS026,20150213,219.27,219.27,219.27,219.27,0
DWS026,20150216,219.10,219.10,219.10,219.10,0
DWS026,20150217,218.65,218.65,218.65,218.65,0
DWS026,20150218,221.95,221.95,221.95,221.95,0
DWS026,20150219,219.36,219.36,219.36,219.36,0
DWS026,20150220,219.36,219.36,219.36,219.36,0
DWS026,20150223,222.26,222.26,222.26,222.26,0
DWS026,20150224,225.51,225.51,225.51,225.51,0
DWS026,20150225,225.42,225.42,225.42,225.42,0
DWS026,20150226,223.90,223.90,223.90,223.90,0
DWS026,20150227,227.80,227.80,227.80,227.80,0
DWS026,20150302,224.67,224.67,224.67,224.67,0
DWS026,20150303,224.58,224.58,224.58,224.58,0
DWS026,20150304,223.62,223.62,223.62,223.62,0
DWS026,20150305,223.40,223.40,223.40,223.40,0
DWS026,20150306,224.18,224.18,224.18,224.18,0
DWS026,20150309,222.76,222.76,222.76,222.76,0
DWS026,20150310,222.95,222.95,222.95,222.95,0
DWS026,20150311,221.14,221.14,221.14,221.14,0
DWS026,20150312,223.72,223.72,223.72,223.72,0
DWS026,20150313,223.75,223.75,223.75,223.75,0
DWS026,20150316,224.50,224.50,224.50,224.50,0
DWS026,20150317,224.19,224.19,224.19,224.19,0
DWS026,20150318,224.09,224.09,224.09,224.09,0
DWS026,20150319,225.26,225.26,225.26,225.26,0
DWS026,20150320,223.18,223.18,223.18,223.18,0
DWS026,20150323,219.13,219.13,219.13,219.13,0
DWS026,20150324,219.57,219.57,219.57,219.57,0
DWS026,20150325,220.57,220.57,220.57,220.57,0
DWS026,20150326,218.57,218.57,218.57,218.57,0
DWS026,20150327,217.92,217.92,217.92,217.92,0
DWS026,20150330,218.11,218.11,218.11,218.11,0
DWS026,20150331,218.73,218.73,218.73,218.73,0
DWS026,20150401,219.88,219.88,219.88,219.88,0
DWS026,20150402,220.54,220.54,220.54,220.54,0
DWS026,20150407,222.44,222.44,222.44,222.44,0
DWS026,20150408,222.39,222.39,222.39,222.39,0
DWS026,20150409,224.24,224.24,224.24,224.24,0
DWS026,20150410,227.32,227.32,227.32,227.32,0
DWS026,20150413,229.62,229.62,229.62,229.62,0
DWS026,20150414,231.14,231.14,231.14,231.14,0
DWS026,20150415,228.01,228.01,228.01,228.01,0
DWS026,20150416,230.38,230.38,230.38,230.38,0
DWS026,20150417,229.56,229.56,229.56,229.56,0
DWS026,20150420,226.87,226.87,226.87,226.87,0
DWS026,20150421,228.81,228.81,228.81,228.81,0
DWS026,20150422,227.78,227.78,227.78,227.78,0
DWS026,20150423,227.67,227.67,227.67,227.67,0
DWS026,20150424,228.61,228.61,228.61,228.61,0
DWS026,20150427,228.77,228.77,228.77,228.77,0
DWS026,20150428,227.39,227.39,227.39,227.39,0
DWS026,20150429,220.70,220.70,220.70,220.70,0
DWS026,20150430,222.88,222.88,222.88,222.88,0
DWS026,20150504,224.18,224.18,224.18,224.18,0
DWS026,20150505,223.18,223.18,223.18,223.18,0
DWS026,20150506,220.54,220.54,220.54,220.54,0
DWS026,20150507,220.59,220.59,220.59,220.59,0
DWS026,20150508,223.19,223.19,223.19,223.19,0
DWS026,20150511,223.60,223.60,223.60,223.60,0
DWS026,20150512,222.29,222.29,222.29,222.29,0
DWS026,20150513,221.15,221.15,221.15,221.15,0
DWS026,20150514,221.21,221.21,221.21,221.21,0
DWS026,20150515,221.06,221.06,221.06,221.06,0
DWS026,20150518,222.62,222.62,222.62,222.62,0
DWS026,20150519,225.91,225.91,225.91,225.91,0
DWS026,20150520,227.75,227.75,227.75,227.75,0
DWS026,20150521,228.11,228.11,228.11,228.11,0
DWS026,20150522,228.30,228.30,228.30,228.30,0
DWS026,20150525,228.33,228.33,228.33,228.33,0
DWS026,20150526,228.51,228.51,228.51,228.51,0
DWS026,20150527,229.22,229.22,229.22,229.22,0
DWS026,20150528,229.23,229.23,229.23,229.23,0
DWS026,20150529,226.86,226.86,226.86,226.86,0
DWS026,20150601,226.38,226.38,226.38,226.38,0
DWS026,20150602,224.74,224.74,224.74,224.74,0
DWS026,20150603,223.40,223.40,223.40,223.40,0
DWS026,20150605,220.87,220.87,220.87,220.87,0
DWS026,20150608,220.53,220.53,220.53,220.53,0
DWS026,20150609,220.04,220.04,220.04,220.04,0
DWS026,20150610,219.97,219.97,219.97,219.97,0
DWS026,20150611,219.92,219.92,219.92,219.92,0
DWS026,20150612,219.89,219.89,219.89,219.89,0
DWS026,20150615,219.85,219.85,219.85,219.85,0
DWS026,20150616,219.87,219.87,219.87,219.87,0
DWS026,20150617,219.83,219.83,219.83,219.83,0
DWS026,20150618,219.86,219.86,219.86,219.86,0
DWS026,20150619,219.88,219.88,219.88,219.88,0
DWS026,20150622,219.82,219.82,219.82,219.82,0
DWS026,20150623,223.10,223.10,223.10,223.10,0
DWS026,20150624,223.09,223.09,223.09,223.09,0
DWS026,20150625,223.13,223.13,223.13,223.13,0
DWS026,20150626,225.87,225.87,225.87,225.87,0
DWS026,20150629,221.66,221.66,221.66,221.66,0
DWS026,20150630,221.96,221.96,221.96,221.96,0
DWS026,20150701,223.57,223.57,223.57,223.57,0
DWS026,20150702,223.52,223.52,223.52,223.52,0
DWS026,20150703,222.47,222.47,222.47,222.47,0
DWS026,20150706,220.84,220.84,220.84,220.84,0
DWS026,20150707,220.17,220.17,220.17,220.17,0
DWS026,20150708,217.89,217.89,217.89,217.89,0
DWS026,20150709,218.25,218.25,218.25,218.25,0
DWS026,20150710,217.76,217.76,217.76,217.76,0
DWS026,20150713,220.08,220.08,220.08,220.08,0
DWS026,20150714,221.22,221.22,221.22,221.22,0
DWS026,20150715,222.27,222.27,222.27,222.27,0
DWS026,20150716,223.47,223.47,223.47,223.47,0
DWS026,20150717,223.03,223.03,223.03,223.03,0
DWS026,20150720,222.46,222.46,222.46,222.46,0
DWS026,20150721,220.58,220.58,220.58,220.58,0
DWS026,20150722,218.41,218.41,218.41,218.41,0
DWS026,20150723,217.61,217.61,217.61,217.61,0
DWS026,20150724,217.05,217.05,217.05,217.05,0
DWS026,20150727,212.19,212.19,212.19,212.19,0
DWS026,20150728,210.30,210.30,210.30,210.30,0
DWS026,20150729,213.04,213.04,213.04,213.04,0
DWS026,20150730,215.23,215.23,215.23,215.23,0
DWS026,20150731,213.71,213.71,213.71,213.71,0
DWS026,20150803,212.69,212.69,212.69,212.69,0
DWS026,20150804,213.44,213.44,213.44,213.44,0
DWS026,20150805,215.23,215.23,215.23,215.23,0
DWS026,20150806,216.55,216.55,216.55,216.55,0
DWS026,20150807,215.17,215.17,215.17,215.17,0
DWS026,20150810,216.09,216.09,216.09,216.09,0
DWS026,20150811,211.64,211.64,211.64,211.64,0
DWS026,20150812,208.09,208.09,208.09,208.09,0
DWS026,20150813,209.12,209.12,209.12,209.12,0
DWS026,20150814,209.07,209.07,209.07,209.07,0
DWS026,20150817,209.85,209.85,209.85,209.85,0
DWS026,20150818,211.03,211.03,211.03,211.03,0
DWS026,20150819,209.95,209.95,209.95,209.95,0
DWS026,20150820,208.65,208.65,208.65,208.65,0
DWS026,20150821,203.15,203.15,203.15,203.15,0
DWS026,20150824,189.28,189.28,189.28,189.28,0
DWS026,20150825,193.48,193.48,193.48,193.48,0
DWS026,20150826,189.43,189.43,189.43,189.43,0
DWS026,20150827,194.42,194.42,194.42,194.42,0
DWS026,20150828,197.76,197.76,197.76,197.76,0
DWS026,20150831,196.91,196.91,196.91,196.91,0
DWS026,20150901,194.95,194.95,194.95,194.95,0
DWS026,20150902,195.44,195.44,195.44,195.44,0
DWS026,20150903,195.63,195.63,195.63,195.63,0
DWS026,20150904,196.77,196.77,196.77,196.77,0
DWS026,20150907,195.30,195.30,195.30,195.30,0
DWS026,20150908,195.86,195.86,195.86,195.86,0
DWS026,20150909,200.80,200.80,200.80,200.80,0
DWS026,20150910,196.89,196.89,196.89,196.89,0
DWS026,20150911,196.02,196.02,196.02,196.02,0
DWS026,20150914,194.09,194.09,194.09,194.09,0
DWS026,20150915,192.64,192.64,192.64,192.64,0
DWS026,20150916,195.04,195.04,195.04,195.04,0
DWS026,20150917,197.25,197.25,197.25,197.25,0
DWS026,20150918,195.56,195.56,195.56,195.56,0
DWS026,20150921,191.13,191.13,191.13,191.13,0
DWS026,20150922,190.80,190.80,190.80,190.80,0
DWS026,20150923,187.27,187.27,187.27,187.27,0
DWS026,20150924,182.95,182.95,182.95,182.95,0
DWS026,20150925,184.66,184.66,184.66,184.66,0
DWS026,20150928,183.66,183.66,183.66,183.66,0
DWS026,20150929,178.01,178.01,178.01,178.01,0
DWS026,20150930,183.87,183.87,183.87,183.87,0
DWS026,20151001,182.53,182.53,182.53,182.53,0
DWS026,20151002,181.68,181.68,181.68,181.68,0
DWS026,20151005,186.99,186.99,186.99,186.99,0
DWS026,20151006,189.51,189.51,189.51,189.51,0
DWS026,20151007,191.40,191.40,191.40,191.40,0
DWS026,20151008,191.44,191.44,191.44,191.44,0
DWS026,20151009,192.46,192.46,192.46,192.46,0
DWS026,20151012,192.11,192.11,192.11,192.11,0
DWS026,20151013,191.46,191.46,191.46,191.46,0
DWS026,20151014,191.21,191.21,191.21,191.21,0
DWS026,20151015,191.13,191.13,191.13,191.13,0
DWS026,20151016,191.12,191.12,191.12,191.12,0
DWS026,20151019,191.06,191.06,191.06,191.06,0
DWS026,20151020,191.66,191.66,191.66,191.66,0
DWS026,20151021,191.80,191.80,191.80,191.80,0
DWS026,20151022,195.24,195.24,195.24,195.24,0
DWS026,20151023,197.56,197.56,197.56,197.56,0
DWS026,20151026,197.56,197.56,197.56,197.56,0
DWS026,20151027,195.99,195.99,195.99,195.99,0
DWS026,20151028,196.10,196.10,196.10,196.10,0
DWS026,20151029,195.18,195.18,195.18,195.18,0
DWS026,20151030,194.19,194.19,194.19,194.19,0
DWS026,20151102,192.78,192.78,192.78,192.78,0
DWS026,20151103,192.76,192.76,192.76,192.76,0
DWS026,20151104,197.47,197.47,197.47,197.47,0
DWS026,20151105,198.69,198.69,198.69,198.69,0
DWS026,20151106,195.49,195.49,195.49,195.49,0
DWS026,20151109,194.55,194.55,194.55,194.55,0
DWS026,20151110,194.52,194.52,194.52,194.52,0
DWS026,20151112,191.40,191.40,191.40,191.40,0
DWS026,20151113,190.71,190.71,190.71,190.71,0
DWS026,20151116,195.19,195.19,195.19,195.19,0
DWS026,20151117,198.77,198.77,198.77,198.77,0
DWS026,20151118,197.61,197.61,197.61,197.61,0
DWS026,20151119,200.33,200.33,200.33,200.33,0
DWS026,20151120,199.09,199.09,199.09,199.09,0
DWS026,20151123,198.01,198.01,198.01,198.01,0
DWS026,20151124,195.75,195.75,195.75,195.75,0
DWS026,20151125,197.10,197.10,197.10,197.10,0
DWS026,20151126,198.05,198.05,198.05,198.05,0
DWS026,20151127,197.79,197.79,197.79,197.79,0
DWS026,20151130,196.51,196.51,196.51,196.51,0
DWS026,20151201,196.76,196.76,196.76,196.76,0
DWS026,20151202,199.23,199.23,199.23,199.23,0
DWS026,20151203,196.66,196.66,196.66,196.66,0
DWS026,20151204,192.38,192.38,192.38,192.38,0
DWS026,20151207,192.76,192.76,192.76,192.76,0
DWS026,20151208,190.58,190.58,190.58,190.58,0
DWS026,20151209,188.17,188.17,188.17,188.17,0
DWS026,20151210,187.55,187.55,187.55,187.55,0
DWS026,20151211,186.49,186.49,186.49,186.49,0
DWS026,20151214,182.49,182.49,182.49,182.49,0
DWS026,20151215,181.72,181.72,181.72,181.72,0
DWS026,20151216,184.25,184.25,184.25,184.25,0
DWS026,20151217,186.01,186.01,186.01,186.01,0
DWS026,20151218,183.70,183.70,183.70,183.70,0
DWS026,20151221,182.96,182.96,182.96,182.96,0
DWS026,20151222,182.35,182.35,182.35,182.35,0
DWS026,20151223,181.63,181.63,181.63,181.63,0
DWS026,20151228,187.59,187.59,187.59,187.59,0
DWS026,20151229,187.87,187.87,187.87,187.87,0
DWS026,20151230,187.85,187.85,187.85,187.85,0
DWS026,20160104,179.02,179.02,179.02,179.02,0
DWS026,20160105,182.86,182.86,182.86,182.86,0
DWS026,20160107,176.03,176.03,176.03,176.03,0
DWS026,20160108,174.24,174.24,174.24,174.24,0
DWS026,20160111,169.23,169.23,169.23,169.23,0
DWS026,20160112,166.80,166.80,166.80,166.80,0
DWS026,20160113,170.15,170.15,170.15,170.15,0
DWS026,20160114,168.53,168.53,168.53,168.53,0
DWS026,20160115,166.84,166.84,166.84,166.84,0
DWS026,20160118,166.56,166.56,166.56,166.56,0
DWS026,20160119,166.00,166.00,166.00,166.00,0
DWS026,20160120,161.67,161.67,161.67,161.67,0
DWS026,20160121,163.16,163.16,163.16,163.16,0
DWS026,20160122,164.05,164.05,164.05,164.05,0
DWS026,20160125,165.35,165.35,165.35,165.35,0
DWS026,20160126,161.93,161.93,161.93,161.93,0
DWS026,20160127,164.07,164.07,164.07,164.07,0
DWS026,20160128,163.56,163.56,163.56,163.56,0
DWS026,20160129,165.31,165.31,165.31,165.31,0
DWS026,20160201,169.17,169.17,169.17,169.17,0
DWS026,20160202,165.64,165.64,165.64,165.64,0
DWS026,20160203,162.25,162.25,162.25,162.25,0
DWS026,20160204,166.61,166.61,166.61,166.61,0
DWS026,20160205,168.28,168.28,168.28,168.28,0
DWS026,20160208,163.70,163.70,163.70,163.70,0
DWS026,20160209,157.96,157.96,157.96,157.96,0
DWS026,20160210,159.44,159.44,159.44,159.44,0
DWS026,20160211,159.42,159.42,159.42,159.42,0
DWS026,20160212,157.96,157.96,157.96,157.96,0
DWS026,20160215,162.32,162.32,162.32,162.32,0
DWS026,20160216,162.34,162.34,162.34,162.34,0
DWS026,20160217,161.28,161.28,161.28,161.28,0
DWS026,20160218,165.56,165.56,165.56,165.56,0
DWS026,20160219,166.65,166.65,166.65,166.65,0
DWS026,20160222,166.40,166.40,166.40,166.40,0
DWS026,20160223,168.69,168.69,168.69,168.69,0
DWS026,20160224,169.05,169.05,169.05,169.05,0
DWS026,20160225,172.27,172.27,172.27,172.27,0
DWS026,20160226,174.09,174.09,174.09,174.09,0
DWS026,20160229,173.85,173.85,173.85,173.85,0
DWS026,20160301,179.06,179.06,179.06,179.06,0
DWS026,20160302,179.11,179.11,179.11,179.11,0
DWS026,20160303,178.82,178.82,178.82,178.82,0
DWS026,20160304,180.15,180.15,180.15,180.15,0
DWS026,20160307,179.04,179.04,179.04,179.04,0
DWS026,20160308,177.38,177.38,177.38,177.38,0
DWS026,20160309,176.23,176.23,176.23,176.23,0
DWS026,20160310,171.19,171.19,171.19,171.19,0
DWS026,20160311,178.63,178.63,178.63,178.63,0
DWS026,20160314,180.49,180.49,180.49,180.49,0
DWS026,20160315,179.68,179.68,179.68,179.68,0
DWS026,20160316,180.97,180.97,180.97,180.97,0
DWS026,20160317,179.10,179.10,179.10,179.10,0
DWS026,20160318,179.40,179.40,179.40,179.40,0
DWS026,20160321,179.82,179.82,179.82,179.82,0
DWS026,20160322,180.55,180.55,180.55,180.55,0
DWS026,20160323,179.86,179.86,179.86,179.86,0
DWS026,20160324,178.79,178.79,178.79,178.79,0
DWS026,20160329,178.55,178.55,178.55,178.55,0
DWS026,20160330,181.38,181.38,181.38,181.38,0
DWS026,20160331,180.18,180.18,180.18,180.18,0
DWS026,20160401,178.46,178.46,178.46,178.46,0
DWS026,20160404,179.63,179.63,179.63,179.63,0
DWS026,20160405,175.45,175.45,175.45,175.45,0
DWS026,20160406,175.78,175.78,175.78,175.78,0
DWS026,20160407,174.60,174.60,174.60,174.60,0
DWS026,20160408,176.15,176.15,176.15,176.15,0
DWS026,20160411,177.41,177.41,177.41,177.41,0
DWS026,20160412,178.97,178.97,178.97,178.97,0
DWS026,20160413,181.91,181.91,181.91,181.91,0
DWS026,20160414,182.97,182.97,182.97,182.97,0
DWS026,20160415,181.46,181.46,181.46,181.46,0
DWS026,20160418,182.76,182.76,182.76,182.76,0
DWS026,20160419,185.56,185.56,185.56,185.56,0
DWS026,20160420,187.19,187.19,187.19,187.19,0
DWS026,20160421,185.37,185.37,185.37,185.37,0
DWS026,20160422,185.06,185.06,185.06,185.06,0
DWS026,20160425,184.12,184.12,184.12,184.12,0
DWS026,20160426,183.87,183.87,183.87,183.87,0
DWS026,20160427,184.40,184.40,184.40,184.40,0
DWS026,20160428,183.54,183.54,183.54,183.54,0
DWS026,20160429,180.85,180.85,180.85,180.85,0
DWS026,20160502,181.09,181.09,181.09,181.09,0
DWS026,20160504,176.40,176.40,176.40,176.40,0
DWS026,20160505,176.51,176.51,176.51,176.51,0
DWS026,20160506,177.39,177.39,177.39,177.39,0
DWS026,20160509,178.79,178.79,178.79,178.79,0
DWS026,20160510,180.99,180.99,180.99,180.99,0
DWS026,20160511,179.12,179.12,179.12,179.12,0
DWS026,20160512,177.69,177.69,177.69,177.69,0
DWS026,20160513,177.43,177.43,177.43,177.43,0
DWS026,20160516,177.32,177.32,177.32,177.32,0
DWS026,20160517,177.25,177.25,177.25,177.25,0
DWS026,20160518,178.31,178.31,178.31,178.31,0
DWS026,20160519,176.97,176.97,176.97,176.97,0
DWS026,20160520,178.38,178.38,178.38,178.38,0
DWS026,20160523,178.27,178.27,178.27,178.27,0
DWS026,20160524,182.15,182.15,182.15,182.15,0
DWS026,20160525,183.50,183.50,183.50,183.50,0
DWS026,20160527,184.32,184.32,184.32,184.32,0
DWS026,20160530,185.90,185.90,185.90,185.90,0
DWS026,20160531,185.02,185.02,185.02,185.02,0
DWS026,20160601,184.36,184.36,184.36,184.36,0
DWS026,20160602,184.78,184.78,184.78,184.78,0
DWS026,20160603,182.56,182.56,182.56,182.56,0
DWS026,20160606,182.77,182.77,182.77,182.77,0
DWS026,20160607,184.81,184.81,184.81,184.81,0
DWS026,20160608,183.95,183.95,183.95,183.95,0
DWS026,20160609,182.09,182.09,182.09,182.09,0
DWS026,20160610,177.48,177.48,177.48,177.48,0
DWS026,20160613,173.58,173.58,173.58,173.58,0
DWS026,20160614,171.22,171.22,171.22,171.22,0
DWS026,20160615,173.25,173.25,173.25,173.25,0
DWS026,20160616,172.17,172.17,172.17,172.17,0
DWS026,20160617,173.76,173.76,173.76,173.76,0
DWS026,20160620,179.32,179.32,179.32,179.32,0
DWS026,20160621,181.31,181.31,181.31,181.31,0
DWS026,20160622,182.23,182.23,182.23,182.23,0
DWS026,20160623,185.06,185.06,185.06,185.06,0
DWS026,20160624,173.80,173.80,173.80,173.80,0
DWS026,20160627,168.94,168.94,168.94,168.94,0
DWS026,20160628,172.87,172.87,172.87,172.87,0
DWS026,20160629,175.18,175.18,175.18,175.18,0
DWS026,20160630,177.45,177.45,177.45,177.45,0
DWS026,20160701,177.33,177.33,177.33,177.33,0
DWS026,20160704,178.57,178.57,178.57,178.57,0
DWS026,20160705,173.96,173.96,173.96,173.96,0
DWS026,20160706,174.41,174.41,174.41,174.41,0
DWS026,20160707,174.00,174.00,174.00,174.00,0
DWS026,20160708,176.68,176.68,176.68,176.68,0
DWS026,20160711,179.37,179.37,179.37,179.37,0
DWS026,20160712,181.20,181.20,181.20,181.20,0
DWS026,20160713,180.30,180.30,180.30,180.30,0
DWS026,20160714,181.66,181.66,181.66,181.66,0
DWS026,20160715,181.72,181.72,181.72,181.72,0
DWS026,20160718,182.29,182.29,182.29,182.29,0
DWS026,20160719,182.01,182.01,182.01,182.01,0
DWS026,20160720,183.46,183.46,183.46,183.46,0
DWS026,20160721,183.46,183.46,183.46,183.46,0
DWS026,20160722,182.43,182.43,182.43,182.43,0
DWS026,20160725,183.76,183.76,183.76,183.76,0
DWS026,20160726,184.47,184.47,184.47,184.47,0
DWS026,20160727,186.48,186.48,186.48,186.48,0
DWS026,20160728,187.05,187.05,187.05,187.05,0
DWS026,20160729,186.78,186.78,186.78,186.78,0
DWS026,20160801,185.70,185.70,185.70,185.70,0
DWS026,20160802,184.52,184.52,184.52,184.52,0
DWS026,20160803,183.32,183.32,183.32,183.32,0
DWS026,20160804,183.95,183.95,183.95,183.95,0
DWS026,20160805,185.64,185.64,185.64,185.64,0
DWS026,20160808,186.63,186.63,186.63,186.63,0
DWS026,20160809,190.00,190.00,190.00,190.00,0
DWS026,20160810,189.40,189.40,189.40,189.40,0
DWS026,20160811,191.53,191.53,191.53,191.53,0
DWS026,20160812,191.50,191.50,191.50,191.50,0
DWS026,20160816,191.35,191.35,191.35,191.35,0
DWS026,20160817,189.90,189.90,189.90,189.90,0
DWS026,20160818,190.02,190.02,190.02,190.02,0
DWS026,20160819,189.41,189.41,189.41,189.41,0
DWS026,20160822,188.11,188.11,188.11,188.11,0
DWS026,20160823,189.88,189.88,189.88,189.88,0
DWS026,20160824,191.52,191.52,191.52,191.52,0
DWS026,20160825,189.35,189.35,189.35,189.35,0
DWS026,20160826,188.63,188.63,188.63,188.63,0
DWS026,20160829,189.38,189.38,189.38,189.38,0
DWS026,20160830,190.27,190.27,190.27,190.27,0
DWS026,20160831,189.66,189.66,189.66,189.66,0
DWS026,20160901,189.42,189.42,189.42,189.42,0
DWS026,20160902,191.24,191.24,191.24,191.24,0
DWS026,20160905,191.62,191.62,191.62,191.62,0
DWS026,20160906,192.26,192.26,192.26,192.26,0
DWS026,20160907,192.50,192.50,192.50,192.50,0
DWS026,20160908,191.48,191.48,191.48,191.48,0
DWS026,20160909,188.87,188.87,188.87,188.87,0
DWS026,20160912,187.88,187.88,187.88,187.88,0
DWS026,20160913,187.28,187.28,187.28,187.28,0
DWS026,20160914,187.33,187.33,187.33,187.33,0
DWS026,20160915,187.70,187.70,187.70,187.70,0
DWS026,20160916,186.91,186.91,186.91,186.91,0
DWS026,20160919,187.15,187.15,187.15,187.15,0
DWS026,20160920,188.45,188.45,188.45,188.45,0
DWS026,20160921,190.11,190.11,190.11,190.11,0
DWS026,20160922,193.87,193.87,193.87,193.87,0
DWS026,20160923,192.61,192.61,192.61,192.61,0
DWS026,20160926,189.38,189.38,189.38,189.38,0
DWS026,20160927,190.23,190.23,190.23,190.23,0
DWS026,20160928,192.04,192.04,192.04,192.04,0
DWS026,20160929,189.73,189.73,189.73,189.73,0
DWS026,20160930,191.98,191.98,191.98,191.98,0
DWS026,20161003,193.23,193.23,193.23,193.23,0
DWS026,20161004,193.37,193.37,193.37,193.37,0
DWS026,20161005,194.02,194.02,194.02,194.02,0
DWS026,20161006,193.72,193.72,193.72,193.72,0
DWS026,20161007,192.96,192.96,192.96,192.96,0
DWS026,20161010,193.96,193.96,193.96,193.96,0
DWS026,20161011,193.06,193.06,193.06,193.06,0
DWS026,20161012,191.52,191.52,191.52,191.52,0
DWS026,20161013,190.31,190.31,190.31,190.31,0
DWS026,20161014,192.68,192.68,192.68,192.68,0
DWS026,20161017,191.02,191.02,191.02,191.02,0
DWS026,20161018,192.48,192.48,192.48,192.48,0
DWS026,20161019,192.92,192.92,192.92,192.92,0
DWS026,20161020,193.18,193.18,193.18,193.18,0
DWS026,20161021,192.89,192.89,192.89,192.89,0
DWS026,20161024,193.43,193.43,193.43,193.43,0
DWS026,20161025,192.61,192.61,192.61,192.61,0
DWS026,20161026,191.81,191.81,191.81,191.81,0
DWS026,20161027,192.79,192.79,192.79,192.79,0
DWS026,20161028,191.51,191.51,191.51,191.51,0
DWS026,20161031,192.82,192.82,192.82,192.82,0
DWS026,20161102,187.88,187.88,187.88,187.88,0
DWS026,20161103,188.58,188.58,188.58,188.58,0
DWS026,20161104,187.42,187.42,187.42,187.42,0
DWS026,20161107,187.50,187.50,187.50,187.50,0
DWS026,20161108,189.04,189.04,189.04,189.04,0
DWS026,20161109,187.82,187.82,187.82,187.82,0
DWS026,20161110,187.86,187.86,187.86,187.86,0
DWS026,20161114,187.74,187.74,187.74,187.74,0
DWS026,20161115,187.45,187.45,187.45,187.45,0
DWS026,20161116,188.44,188.44,188.44,188.44,0
DWS026,20161117,188.21,188.21,188.21,188.21,0
DWS026,20161118,188.24,188.24,188.24,188.24,0
DWS026,20161121,188.03,188.03,188.03,188.03,0
DWS026,20161122,189.56,189.56,189.56,189.56,0
DWS026,20161123,187.32,187.32,187.32,187.32,0
DWS026,20161124,188.18,188.18,188.18,188.18,0
DWS026,20161125,189.03,189.03,189.03,189.03,0
DWS026,20161128,186.58,186.58,186.58,186.58,0
DWS026,20161129,189.42,189.42,189.42,189.42,0
DWS026,20161130,188.73,188.73,188.73,188.73,0
DWS026,20161201,187.82,187.82,187.82,187.82,0
DWS026,20161202,185.46,185.46,185.46,185.46,0
DWS026,20161205,188.58,188.58,188.58,188.58,0
DWS026,20161206,190.45,190.45,190.45,190.45,0
DWS026,20161207,193.38,193.38,193.38,193.38,0
DWS026,20161208,195.02,195.02,195.02,195.02,0
DWS026,20161209,195.38,195.38,195.38,195.38,0
DWS026,20161212,195.65,195.65,195.65,195.65,0
DWS026,20161213,196.36,196.36,196.36,196.36,0
DWS026,20161214,197.14,197.14,197.14,197.14,0
DWS026,20161215,197.46,197.46,197.46,197.46,0
DWS026,20161216,197.43,197.43,197.43,197.43,0
DWS026,20161219,198.04,198.04,198.04,198.04,0
DWS026,20161220,198.52,198.52,198.52,198.52,0
DWS026,20161221,198.72,198.72,198.72,198.72,0
DWS026,20161222,198.40,198.40,198.40,198.40,0
DWS026,20161223,199.05,199.05,199.05,199.05,0
DWS026,20161227,199.08,199.08,199.08,199.08,0
DWS026,20161228,199.14,199.14,199.14,199.14,0
DWS026,20161229,199.54,199.54,199.54,199.54,0
DWS026,20161230,199.19,199.19,199.19,199.19,0
DWS026,20170102,202.49,202.49,202.49,202.49,0
DWS026,20170103,202.24,202.24,202.24,202.24,0
DWS026,20170104,201.03,201.03,201.03,201.03,0
DWS026,20170105,201.21,201.21,201.21,201.21,0
DWS026,20170109,200.66,200.66,200.66,200.66,0
DWS026,20170110,201.80,201.80,201.80,201.80,0
DWS026,20170111,202.01,202.01,202.01,202.01,0
DWS026,20170112,201.82,201.82,201.82,201.82,0
DWS026,20170113,202.23,202.23,202.23,202.23,0
DWS026,20170116,201.68,201.68,201.68,201.68,0
DWS026,20170117,201.28,201.28,201.28,201.28,0
DWS026,20170118,201.26,201.26,201.26,201.26,0
DWS026,20170119,201.56,201.56,201.56,201.56,0
DWS026,20170120,201.49,201.49,201.49,201.49,0
DWS026,20170123,200.68,200.68,200.68,200.68,0
DWS026,20170124,201.25,201.25,201.25,201.25,0
DWS026,20170125,204.33,204.33,204.33,204.33,0
DWS026,20170126,204.35,204.35,204.35,204.35,0
DWS026,20170127,204.01,204.01,204.01,204.01,0
DWS026,20170130,203.43,203.43,203.43,203.43,0
DWS026,20170131,201.38,201.38,201.38,201.38,0
DWS026,20170201,203.30,203.30,203.30,203.30,0
DWS026,20170202,203.25,203.25,203.25,203.25,0
DWS026,20170203,203.30,203.30,203.30,203.30,0
DWS026,20170206,200.94,200.94,200.94,200.94,0
DWS026,20170207,201.97,201.97,201.97,201.97,0
DWS026,20170208,202.69,202.69,202.69,202.69,0
DWS026,20170209,202.93,202.93,202.93,202.93,0
DWS026,20170210,204.11,204.11,204.11,204.11,0
DWS026,20170213,206.23,206.23,206.23,206.23,0
DWS026,20170214,206.30,206.30,206.30,206.30,0
DWS026,20170215,205.97,205.97,205.97,205.97,0
DWS026,20170216,206.77,206.77,206.77,206.77,0
DWS026,20170217,206.55,206.55,206.55,206.55,0
DWS026,20170220,207.32,207.32,207.32,207.32,0
DWS026,20170221,209.34,209.34,209.34,209.34,0
DWS026,20170222,209.33,209.33,209.33,209.33,0
DWS026,20170223,209.06,209.06,209.06,209.06,0
DWS026,20170224,206.65,206.65,206.65,206.65,0
DWS026,20170227,206.55,206.55,206.55,206.55,0
DWS026,20170228,207.03,207.03,207.03,207.03,0
DWS026,20170301,210.09,210.09,210.09,210.09,0
DWS026,20170302,208.58,208.58,208.58,208.58,0
DWS026,20170303,208.25,208.25,208.25,208.25,0
DWS026,20170306,207.71,207.71,207.71,207.71,0
DWS026,20170307,207.95,207.95,207.95,207.95,0
DWS026,20170308,207.98,207.98,207.98,207.98,0
DWS026,20170309,207.85,207.85,207.85,207.85,0
DWS026,20170310,207.89,207.89,207.89,207.89,0
DWS026,20170313,209.51,209.51,209.51,209.51,0
DWS026,20170314,208.67,208.67,208.67,208.67,0
DWS026,20170315,209.25,209.25,209.25,209.25,0
DWS026,20170316,210.85,210.85,210.85,210.85,0
DWS026,20170317,210.39,210.39,210.39,210.39,0
DWS026,20170320,211.17,211.17,211.17,211.17,0
DWS026,20170321,209.05,209.05,209.05,209.05,0
DWS026,20170322,207.05,207.05,207.05,207.05,0
DWS026,20170323,209.75,209.75,209.75,209.75,0
DWS026,20170324,209.61,209.61,209.61,209.61,0
DWS026,20170327,209.08,209.08,209.08,209.08,0
DWS026,20170328,211.15,211.15,211.15,211.15,0
DWS026,20170329,211.47,211.47,211.47,211.47,0
DWS026,20170330,212.56,212.56,212.56,212.56,0
DWS026,20170331,214.07,214.07,214.07,214.07,0
DWS026,20170403,214.75,214.75,214.75,214.75,0
DWS026,20170404,216.27,216.27,216.27,216.27,0
DWS026,20170405,216.21,216.21,216.21,216.21,0
DWS026,20170406,214.44,214.44,214.44,214.44,0
DWS026,20170407,215.27,215.27,215.27,215.27,0
DWS026,20170410,214.86,214.86,214.86,214.86,0
DWS026,20170411,215.42,215.42,215.42,215.42,0
DWS026,20170412,215.00,215.00,215.00,215.00,0
DWS026,20170413,214.69,214.69,214.69,214.69,0
DWS026,20170418,212.71,212.71,212.71,212.71,0
DWS026,20170419,212.65,212.65,212.65,212.65,0
DWS026,20170420,213.40,213.40,213.40,213.40,0
DWS026,20170421,213.74,213.74,213.74,213.74,0
DWS026,20170424,218.80,218.80,218.80,218.80,0
DWS026,20170425,219.87,219.87,219.87,219.87,0
DWS026,20170426,219.29,219.29,219.29,219.29,0
DWS026,20170427,219.20,219.20,219.20,219.20,0
DWS026,20170428,220.20,220.20,220.20,220.20,0
DWS026,20170502,222.61,222.61,222.61,222.61,0
DWS026,20170504,223.98,223.98,223.98,223.98,0
DWS026,20170505,225.94,225.94,225.94,225.94,0
DWS026,20170508,225.31,225.31,225.31,225.31,0
DWS026,20170509,224.72,224.72,224.72,224.72,0
DWS026,20170510,226.31,226.31,226.31,226.31,0
DWS026,20170511,224.81,224.81,224.81,224.81,0
DWS026,20170512,225.67,225.67,225.67,225.67,0
DWS026,20170515,227.03,227.03,227.03,227.03,0
DWS026,20170516,227.12,227.12,227.12,227.12,0
DWS026,20170517,222.19,222.19,222.19,222.19,0
DWS026,20170518,223.15,223.15,223.15,223.15,0
DWS026,20170519,224.11,224.11,224.11,224.11,0
DWS026,20170522,224.06,224.06,224.06,224.06,0
DWS026,20170523,224.81,224.81,224.81,224.81,0
DWS026,20170524,224.95,224.95,224.95,224.95,0
DWS026,20170525,224.55,224.55,224.55,224.55,0
DWS026,20170526,223.26,223.26,223.26,223.26,0
DWS026,20170529,225.37,225.37,225.37,225.37,0
DWS026,20170530,224.91,224.91,224.91,224.91,0
DWS026,20170531,224.54,224.54,224.54,224.54,0
DWS026,20170601,225.91,225.91,225.91,225.91,0
DWS026,20170602,229.92,229.92,229.92,229.92,0
DWS026,20170605,229.77,229.77,229.77,229.77,0
DWS026,20170606,226.99,226.99,226.99,226.99,0
DWS026,20170607,226.57,226.57,226.57,226.57,0
DWS026,20170608,227.37,227.37,227.37,227.37,0
DWS026,20170609,228.23,228.23,228.23,228.23,0
DWS026,20170612,225.83,225.83,225.83,225.83,0
DWS026,20170613,227.62,227.62,227.62,227.62,0
DWS026,20170614,228.48,228.48,228.48,228.48,0
DWS026,20170616,227.71,227.71,227.71,227.71,0
DWS026,20170619,229.32,229.32,229.32,229.32,0
DWS026,20170620,229.57,229.57,229.57,229.57,0
DWS026,20170621,228.37,228.37,228.37,228.37,0
DWS026,20170622,228.75,228.75,228.75,228.75,0
DWS026,20170623,227.81,227.81,227.81,227.81,0
DWS026,20170626,228.64,228.64,228.64,228.64,0
DWS026,20170627,225.62,225.62,225.62,225.62,0
DWS026,20170628,225.13,225.13,225.13,225.13,0
DWS026,20170629,219.57,219.57,219.57,219.57,0
DWS026,20170630,220.09,220.09,220.09,220.09,0
DWS026,20170703,221.84,221.84,221.84,221.84,0
DWS026,20170704,222.26,222.26,222.26,222.26,0
DWS026,20170705,223.37,223.37,223.37,223.37,0
DWS026,20170706,222.17,222.17,222.17,222.17,0
DWS026,20170707,220.82,220.82,220.82,220.82,0
DWS026,20170710,223.93,223.93,223.93,223.93,0
DWS026,20170711,222.68,222.68,222.68,222.68,0
DWS026,20170712,225.71,225.71,225.71,225.71,0
DWS026,20170713,226.25,226.25,226.25,226.25,0
DWS026,20170714,225.25,225.25,225.25,225.25,0
DWS026,20170717,224.81,224.81,224.81,224.81,0
DWS026,20170718,222.42,222.42,222.42,222.42,0
DWS026,20170719,223.31,223.31,223.31,223.31,0
DWS026,20170720,222.91,222.91,222.91,222.91,0
DWS026,20170721,219.14,219.14,219.14,219.14,0
DWS026,20170724,218.61,218.61,218.61,218.61,0
DWS026,20170725,219.86,219.86,219.86,219.86,0
DWS026,20170726,219.31,219.31,219.31,219.31,0
DWS026,20170727,219.13,219.13,219.13,219.13,0
DWS026,20170728,218.22,218.22,218.22,218.22,0
DWS026,20170731,217.85,217.85,217.85,217.85,0
DWS026,20170801,220.11,220.11,220.11,220.11,0
DWS026,20170802,220.31,220.31,220.31,220.31,0
DWS026,20170803,218.91,218.91,218.91,218.91,0
DWS026,20170804,219.63,219.63,219.63,219.63,0
DWS026,20170807,219.50,219.50,219.50,219.50,0
DWS026,20170808,220.54,220.54,220.54,220.54,0
DWS026,20170809,217.50,217.50,217.50,217.50,0
DWS026,20170810,213.19,213.19,213.19,213.19,0
DWS026,20170811,214.18,214.18,214.18,214.18,0
DWS026,20170814,216.56,216.56,216.56,216.56,0
DWS026,20170816,219.84,219.84,219.84,219.84,0
DWS026,20170817,218.38,218.38,218.38,218.38,0
DWS026,20170818,217.81,217.81,217.81,217.81,0
DWS026,20170821,216.96,216.96,216.96,216.96,0
DWS026,20170822,218.11,218.11,218.11,218.11,0
DWS026,20170823,218.23,218.23,218.23,218.23,0
DWS026,20170824,218.14,218.14,218.14,218.14,0
DWS026,20170825,218.19,218.19,218.19,218.19,0
DWS026,20170828,217.07,217.07,217.07,217.07,0
DWS026,20170829,212.92,212.92,212.92,212.92,0
DWS026,20170830,214.46,214.46,214.46,214.46,0
DWS026,20170831,216.25,216.25,216.25,216.25,0
DWS026,20170901,218.81,218.81,218.81,218.81,0
DWS026,20170904,217.74,217.74,217.74,217.74,0
DWS026,20170905,218.19,218.19,218.19,218.19,0
DWS026,20170906,220.29,220.29,220.29,220.29,0
DWS026,20170907,220.55,220.55,220.55,220.55,0
DWS026,20170908,221.27,221.27,221.27,221.27,0
DWS026,20170911,225.33,225.33,225.33,225.33,0
DWS026,20170912,226.02,226.02,226.02,226.02,0
DWS026,20170913,226.48,226.48,226.48,226.48,0
DWS026,20170914,227.12,227.12,227.12,227.12,0
DWS026,20170915,227.01,227.01,227.01,227.01,0
DWS026,20170918,226.29,226.29,226.29,226.29,0
DWS026,20170919,228.61,228.61,228.61,228.61,0
DWS026,20170920,227.58,227.58,227.58,227.58,0
DWS026,20170921,229.76,229.76,229.76,229.76,0
