Name,Date,Open,High,Low,Close,Volume
DWS025,20081007,100.02,100.02,100.02,100.02,0
DWS025,20081008,100.02,100.02,100.02,100.02,0
DWS025,20081009,100.02,100.02,100.02,100.02,0
DWS025,20081010,100.03,100.03,100.03,100.03,0
DWS025,20081013,100.04,100.04,100.04,100.04,0
DWS025,20081014,100.05,100.05,100.05,100.05,0
DWS025,20081015,100.05,100.05,100.05,100.05,0
DWS025,20081016,100.05,100.05,100.05,100.05,0
DWS025,20081017,100.06,100.06,100.06,100.06,0
DWS025,20081020,100.07,100.07,100.07,100.07,0
DWS025,20081021,100.07,100.07,100.07,100.07,0
DWS025,20081022,100.07,100.07,100.07,100.07,0
DWS025,20081023,100.07,100.07,100.07,100.07,0
DWS025,20081024,100.07,100.07,100.07,100.07,0
DWS025,20081027,100.07,100.07,100.07,100.07,0
DWS025,20081028,100.07,100.07,100.07,100.07,0
DWS025,20081029,100.07,100.07,100.07,100.07,0
DWS025,20081030,100.07,100.07,100.07,100.07,0
DWS025,20081031,100.07,100.07,100.07,100.07,0
DWS025,20081103,100.05,100.05,100.05,100.05,0
DWS025,20081104,100.05,100.05,100.05,100.05,0
DWS025,20081105,102.36,102.36,102.36,102.36,0
DWS025,20081106,102.47,102.47,102.47,102.47,0
DWS025,20081107,104.49,104.49,104.49,104.49,0
DWS025,20081110,105.55,105.55,105.55,105.55,0
DWS025,20081112,107.38,107.38,107.38,107.38,0
DWS025,20081113,105.13,105.13,105.13,105.13,0
DWS025,20081114,105.63,105.63,105.63,105.63,0
DWS025,20081117,106.23,106.23,106.23,106.23,0
DWS025,20081118,109.53,109.53,109.53,109.53,0
DWS025,20081119,110.02,110.02,110.02,110.02,0
DWS025,20081120,111.32,111.32,111.32,111.32,0
DWS025,20081121,109.41,109.41,109.41,109.41,0
DWS025,20081124,121.47,121.47,121.47,121.47,0
DWS025,20081125,117.88,117.88,117.88,117.88,0
DWS025,20081126,118.35,118.35,118.35,118.35,0
DWS025,20081127,116.24,116.24,116.24,116.24,0
DWS025,20081128,116.05,116.05,116.05,116.05,0
DWS025,20081201,116.29,116.29,116.29,116.29,0
DWS025,20081202,114.01,114.01,114.01,114.01,0
DWS025,20081203,115.30,115.30,115.30,115.30,0
DWS025,20081204,116.36,116.36,116.36,116.36,0
DWS025,20081205,114.78,114.78,114.78,114.78,0
DWS025,20081208,115.60,115.60,115.60,115.60,0
DWS025,20081209,118.39,118.39,118.39,118.39,0
DWS025,20081210,116.44,116.44,116.44,116.44,0
DWS025,20081211,119.31,119.31,119.31,119.31,0
DWS025,20081212,119.39,119.39,119.39,119.39,0
DWS025,20081215,120.98,120.98,120.98,120.98,0
DWS025,20081216,121.46,121.46,121.46,121.46,0
DWS025,20081217,123.20,123.20,123.20,123.20,0
DWS025,20081218,125.06,125.06,125.06,125.06,0
DWS025,20081219,122.77,122.77,122.77,122.77,0
DWS025,20081222,122.53,122.53,122.53,122.53,0
DWS025,20081223,122.61,122.61,122.61,122.61,0
DWS025,20081229,124.79,124.79,124.79,124.79,0
DWS025,20081230,124.91,124.91,124.91,124.91,0
DWS025,20081231,126.37,126.37,126.37,126.37,0
DWS025,20090105,122.93,122.93,122.93,122.93,0
DWS025,20090106,121.65,121.65,121.65,121.65,0
DWS025,20090107,121.98,121.98,121.98,121.98,0
DWS025,20090108,123.56,123.56,123.56,123.56,0
DWS025,20090109,123.33,123.33,123.33,123.33,0
DWS025,20090112,123.55,123.55,123.55,123.55,0
DWS025,20090113,122.31,122.31,122.31,122.31,0
DWS025,20090114,123.90,123.90,123.90,123.90,0
DWS025,20090115,123.18,123.18,123.18,123.18,0
DWS025,20090116,123.40,123.40,123.40,123.40,0
DWS025,20090119,125.23,125.23,125.23,125.23,0
DWS025,20090120,129.61,129.61,129.61,129.61,0
DWS025,20090121,128.26,128.26,128.26,128.26,0
DWS025,20090122,128.41,128.41,128.41,128.41,0
DWS025,20090123,131.09,131.09,131.09,131.09,0
DWS025,20090126,133.90,133.90,133.90,133.90,0
DWS025,20090127,132.25,132.25,132.25,132.25,0
DWS025,20090128,133.78,133.78,133.78,133.78,0
DWS025,20090129,133.75,133.75,133.75,133.75,0
DWS025,20090130,138.56,138.56,138.56,138.56,0
DWS025,20090202,138.18,138.18,138.18,138.18,0
DWS025,20090203,138.97,138.97,138.97,138.97,0
DWS025,20090204,139.06,139.06,139.06,139.06,0
DWS025,20090205,136.58,136.58,136.58,136.58,0
DWS025,20090206,139.91,139.91,139.91,139.91,0
DWS025,20090209,139.16,139.16,139.16,139.16,0
DWS025,20090210,135.46,135.46,135.46,135.46,0
DWS025,20090211,140.10,140.10,140.10,140.10,0
DWS025,20090212,146.64,146.64,146.64,146.64,0
DWS025,20090213,147.01,147.01,147.01,147.01,0
DWS025,20090216,148.00,148.00,148.00,148.00,0
DWS025,20090217,152.21,152.21,152.21,152.21,0
DWS025,20090218,154.07,154.07,154.07,154.07,0
DWS025,20090219,152.59,152.59,152.59,152.59,0
DWS025,20090220,153.17,153.17,153.17,153.17,0
DWS025,20090223,153.41,153.41,153.41,153.41,0
DWS025,20090224,150.77,150.77,150.77,150.77,0
DWS025,20090225,148.90,148.90,148.90,148.90,0
DWS025,20090226,148.26,148.26,148.26,148.26,0
DWS025,20090227,147.92,147.92,147.92,147.92,0
DWS025,20090302,150.64,150.64,150.64,150.64,0
DWS025,20090303,146.68,146.68,146.68,146.68,0
DWS025,20090304,144.36,144.36,144.36,144.36,0
DWS025,20090305,144.16,144.16,144.16,144.16,0
DWS025,20090306,148.84,148.84,148.84,148.84,0
DWS025,20090309,146.05,146.05,146.05,146.05,0
DWS025,20090310,144.54,144.54,144.54,144.54,0
DWS025,20090311,142.74,142.74,142.74,142.74,0
DWS025,20090312,144.63,144.63,144.63,144.63,0
DWS025,20090313,142.28,142.28,142.28,142.28,0
DWS025,20090316,142.69,142.69,142.69,142.69,0
DWS025,20090317,140.36,140.36,140.36,140.36,0
DWS025,20090318,140.71,140.71,140.71,140.71,0
DWS025,20090319,143.41,143.41,143.41,143.41,0
DWS025,20090320,142.11,142.11,142.11,142.11,0
DWS025,20090323,141.07,141.07,141.07,141.07,0
DWS025,20090324,137.27,137.27,137.27,137.27,0
DWS025,20090325,137.37,137.37,137.37,137.37,0
DWS025,20090326,137.39,137.39,137.39,137.39,0
DWS025,20090327,137.48,137.48,137.48,137.48,0
DWS025,20090330,138.11,138.11,138.11,138.11,0
DWS025,20090331,139.95,139.95,139.95,139.95,0
DWS025,20090401,139.19,139.19,139.19,139.19,0
DWS025,20090402,139.59,139.59,139.59,139.59,0
DWS025,20090403,134.80,134.80,134.80,134.80,0
DWS025,20090406,132.79,132.79,132.79,132.79,0
DWS025,20090407,130.33,130.33,130.33,130.33,0
DWS025,20090408,132.95,132.95,132.95,132.95,0
DWS025,20090409,133.52,133.52,133.52,133.52,0
DWS025,20090414,135.06,135.06,135.06,135.06,0
DWS025,20090415,134.66,134.66,134.66,134.66,0
DWS025,20090416,134.64,134.64,134.64,134.64,0
DWS025,20090417,133.40,133.40,133.40,133.40,0
DWS025,20090420,132.70,132.70,132.70,132.70,0
DWS025,20090421,135.65,135.65,135.65,135.65,0
DWS025,20090422,135.56,135.56,135.56,135.56,0
DWS025,20090423,136.41,136.41,136.41,136.41,0
DWS025,20090424,137.31,137.31,137.31,137.31,0
DWS025,20090427,138.97,138.97,138.97,138.97,0
DWS025,20090428,137.38,137.38,137.38,137.38,0
DWS025,20090429,134.37,134.37,134.37,134.37,0
DWS025,20090430,133.49,133.49,133.49,133.49,0
DWS025,20090504,134.53,134.53,134.53,134.53,0
DWS025,20090505,133.52,133.52,133.52,133.52,0
DWS025,20090506,135.19,135.19,135.19,135.19,0
DWS025,20090507,135.59,135.59,135.59,135.59,0
DWS025,20090508,135.27,135.27,135.27,135.27,0
DWS025,20090511,134.44,134.44,134.44,134.44,0
DWS025,20090512,135.09,135.09,135.09,135.09,0
DWS025,20090513,134.20,134.20,134.20,134.20,0
DWS025,20090514,134.42,134.42,134.42,134.42,0
DWS025,20090515,136.64,136.64,136.64,136.64,0
DWS025,20090518,136.51,136.51,136.51,136.51,0
DWS025,20090519,135.75,135.75,135.75,135.75,0
DWS025,20090520,135.87,135.87,135.87,135.87,0
DWS025,20090521,137.09,137.09,137.09,137.09,0
DWS025,20090522,138.55,138.55,138.55,138.55,0
DWS025,20090525,135.38,135.38,135.38,135.38,0
DWS025,20090526,136.41,136.41,136.41,136.41,0
DWS025,20090527,135.17,135.17,135.17,135.17,0
DWS025,20090528,135.87,135.87,135.87,135.87,0
DWS025,20090529,137.86,137.86,137.86,137.86,0
DWS025,20090601,138.13,138.13,138.13,138.13,0
DWS025,20090602,138.30,138.30,138.30,138.30,0
DWS025,20090603,137.42,137.42,137.42,137.42,0
DWS025,20090604,136.16,136.16,136.16,136.16,0
DWS025,20090605,137.92,137.92,137.92,137.92,0
DWS025,20090608,136.62,136.62,136.62,136.62,0
DWS025,20090609,136.70,136.70,136.70,136.70,0
DWS025,20090610,135.99,135.99,135.99,135.99,0
DWS025,20090612,135.16,135.16,135.16,135.16,0
DWS025,20090615,134.50,134.50,134.50,134.50,0
DWS025,20090616,135.11,135.11,135.11,135.11,0
DWS025,20090617,134.61,134.61,134.61,134.61,0
DWS025,20090618,134.51,134.51,134.51,134.51,0
DWS025,20090619,134.48,134.48,134.48,134.48,0
DWS025,20090622,134.39,134.39,134.39,134.39,0
DWS025,20090623,134.28,134.28,134.28,134.28,0
DWS025,20090624,133.15,133.15,133.15,133.15,0
DWS025,20090625,134.01,134.01,134.01,134.01,0
DWS025,20090626,134.41,134.41,134.41,134.41,0
DWS025,20090629,133.82,133.82,133.82,133.82,0
DWS025,20090630,133.25,133.25,133.25,133.25,0
DWS025,20090701,133.12,133.12,133.12,133.12,0
DWS025,20090702,132.40,132.40,132.40,132.40,0
DWS025,20090703,132.52,132.52,132.52,132.52,0
DWS025,20090706,132.03,132.03,132.03,132.03,0
DWS025,20090707,132.15,132.15,132.15,132.15,0
DWS025,20090708,132.37,132.37,132.37,132.37,0
DWS025,20090709,130.53,130.53,130.53,130.53,0
DWS025,20090710,130.48,130.48,130.48,130.48,0
DWS025,20090713,130.27,130.27,130.27,130.27,0
DWS025,20090714,131.19,131.19,131.19,131.19,0
DWS025,20090715,131.24,131.24,131.24,131.24,0
DWS025,20090716,131.75,131.75,131.75,131.75,0
DWS025,20090717,131.86,131.86,131.86,131.86,0
DWS025,20090720,132.58,132.58,132.58,132.58,0
DWS025,20090721,132.22,132.22,132.22,132.22,0
DWS025,20090722,132.71,132.71,132.71,132.71,0
DWS025,20090723,132.48,132.48,132.48,132.48,0
DWS025,20090724,131.97,131.97,131.97,131.97,0
DWS025,20090727,132.02,132.02,132.02,132.02,0
DWS025,20090728,131.85,131.85,131.85,131.85,0
DWS025,20090729,130.60,130.60,130.60,130.60,0
DWS025,20090730,130.86,130.86,130.86,130.86,0
DWS025,20090731,130.02,130.02,130.02,130.02,0
DWS025,20090803,132.45,132.45,132.45,132.45,0
DWS025,20090804,130.36,130.36,130.36,130.36,0
DWS025,20090805,130.61,130.61,130.61,130.61,0
DWS025,20090806,131.59,131.59,131.59,131.59,0
DWS025,20090807,131.74,131.74,131.74,131.74,0
DWS025,20090810,130.20,130.20,130.20,130.20,0
DWS025,20090811,131.18,131.18,131.18,131.18,0
DWS025,20090812,131.33,131.33,131.33,131.33,0
DWS025,20090813,131.48,131.48,131.48,131.48,0
DWS025,20090814,130.97,130.97,130.97,130.97,0
DWS025,20090817,129.63,129.63,129.63,129.63,0
DWS025,20090818,129.69,129.69,129.69,129.69,0
DWS025,20090819,129.61,129.61,129.61,129.61,0
DWS025,20090820,130.02,130.02,130.02,130.02,0
DWS025,20090821,129.87,129.87,129.87,129.87,0
DWS025,20090824,130.62,130.62,130.62,130.62,0
DWS025,20090825,131.27,131.27,131.27,131.27,0
DWS025,20090826,130.34,130.34,130.34,130.34,0
DWS025,20090827,130.39,130.39,130.39,130.39,0
DWS025,20090828,131.09,131.09,131.09,131.09,0
DWS025,20090831,130.98,130.98,130.98,130.98,0
DWS025,20090901,130.73,130.73,130.73,130.73,0
DWS025,20090902,132.44,132.44,132.44,132.44,0
DWS025,20090903,136.37,136.37,136.37,136.37,0
DWS025,20090904,137.61,137.61,137.61,137.61,0
DWS025,20090907,137.74,137.74,137.74,137.74,0
DWS025,20090908,139.15,139.15,139.15,139.15,0
DWS025,20090909,137.52,137.52,137.52,137.52,0
DWS025,20090910,136.25,136.25,136.25,136.25,0
DWS025,20090911,138.02,138.02,138.02,138.02,0
DWS025,20090914,137.69,137.69,137.69,137.69,0
DWS025,20090915,137.32,137.32,137.32,137.32,0
DWS025,20090916,139.36,139.36,139.36,139.36,0
DWS025,20090917,139.34,139.34,139.34,139.34,0
DWS025,20090918,138.44,138.44,138.44,138.44,0
DWS025,20090921,136.41,136.41,136.41,136.41,0
DWS025,20090922,137.99,137.99,137.99,137.99,0
DWS025,20090923,137.85,137.85,137.85,137.85,0
DWS025,20090924,137.50,137.50,137.50,137.50,0
DWS025,20090925,135.36,135.36,135.36,135.36,0
DWS025,20090928,135.29,135.29,135.29,135.29,0
DWS025,20090929,136.26,136.26,136.26,136.26,0
DWS025,20090930,137.22,137.22,137.22,137.22,0
DWS025,20091001,137.27,137.27,137.27,137.27,0
DWS025,20091002,136.37,136.37,136.37,136.37,0
DWS025,20091005,138.02,138.02,138.02,138.02,0
DWS025,20091006,138.94,138.94,138.94,138.94,0
DWS025,20091007,141.87,141.87,141.87,141.87,0
DWS025,20091008,143.33,143.33,143.33,143.33,0
DWS025,20091009,143.10,143.10,143.10,143.10,0
DWS025,20091012,142.79,142.79,142.79,142.79,0
DWS025,20091013,143.82,143.82,143.82,143.82,0
DWS025,20091014,144.03,144.03,144.03,144.03,0
DWS025,20091015,142.34,142.34,142.34,142.34,0
DWS025,20091016,141.49,141.49,141.49,141.49,0
DWS025,20091019,140.69,140.69,140.69,140.69,0
DWS025,20091020,141.71,141.71,141.71,141.71,0
DWS025,20091021,141.47,141.47,141.47,141.47,0
DWS025,20091022,140.93,140.93,140.93,140.93,0
DWS025,20091023,141.12,141.12,141.12,141.12,0
DWS025,20091026,140.24,140.24,140.24,140.24,0
DWS025,20091027,139.50,139.50,139.50,139.50,0
DWS025,20091028,139.47,139.47,139.47,139.47,0
DWS025,20091029,139.66,139.66,139.66,139.66,0
DWS025,20091030,139.98,139.98,139.98,139.98,0
DWS025,20091102,140.42,140.42,140.42,140.42,0
DWS025,20091103,142.59,142.59,142.59,142.59,0
DWS025,20091104,145.20,145.20,145.20,145.20,0
DWS025,20091105,145.68,145.68,145.68,145.68,0
DWS025,20091106,145.89,145.89,145.89,145.89,0
DWS025,20091109,146.97,146.97,146.97,146.97,0
DWS025,20091110,145.79,145.79,145.79,145.79,0
DWS025,20091112,146.25,146.25,146.25,146.25,0
DWS025,20091113,146.38,146.38,146.38,146.38,0
DWS025,20091116,149.30,149.30,149.30,149.30,0
DWS025,20091117,148.76,148.76,148.76,148.76,0
DWS025,20091118,150.57,150.57,150.57,150.57,0
DWS025,20091119,150.01,150.01,150.01,150.01,0
DWS025,20091120,150.29,150.29,150.29,150.29,0
DWS025,20091123,152.67,152.67,152.67,152.67,0
DWS025,20091124,152.76,152.76,152.76,152.76,0
DWS025,20091125,153.22,153.22,153.22,153.22,0
DWS025,20091126,153.59,153.59,153.59,153.59,0
DWS025,20091127,150.53,150.53,150.53,150.53,0
DWS025,20091130,151.29,151.29,151.29,151.29,0
DWS025,20091201,154.29,154.29,154.29,154.29,0
DWS025,20091202,155.45,155.45,155.45,155.45,0
DWS025,20091203,156.86,156.86,156.86,156.86,0
DWS025,20091204,150.38,150.38,150.38,150.38,0
DWS025,20091207,149.68,149.68,149.68,149.68,0
DWS025,20091208,150.57,150.57,150.57,150.57,0
DWS025,20091209,149.23,149.23,149.23,149.23,0
DWS025,20091210,148.55,148.55,148.55,148.55,0
DWS025,20091211,146.79,146.79,146.79,146.79,0
DWS025,20091214,148.15,148.15,148.15,148.15,0
DWS025,20091215,146.61,146.61,146.61,146.61,0
DWS025,20091216,148.48,148.48,148.48,148.48,0
DWS025,20091217,146.54,146.54,146.54,146.54,0
DWS025,20091218,147.77,147.77,147.77,147.77,0
DWS025,20091221,147.26,147.26,147.26,147.26,0
DWS025,20091222,146.96,146.96,146.96,146.96,0
DWS025,20091223,146.47,146.47,146.47,146.47,0
DWS025,20091228,148.86,148.86,148.86,148.86,0
DWS025,20091229,146.66,146.66,146.66,146.66,0
DWS025,20091230,145.31,145.31,145.31,145.31,0
DWS025,20091231,145.25,145.25,145.25,145.25,0
DWS025,20100104,148.60,148.60,148.60,148.60,0
DWS025,20100105,149.45,149.45,149.45,149.45,0
DWS025,20100106,150.90,150.90,150.90,150.90,0
DWS025,20100107,150.76,150.76,150.76,150.76,0
DWS025,20100108,150.90,150.90,150.90,150.90,0
DWS025,20100111,151.49,151.49,151.49,151.49,0
DWS025,20100112,152.43,152.43,152.43,152.43,0
DWS025,20100113,151.84,151.84,151.84,151.84,0
DWS025,20100114,150.09,150.09,150.09,150.09,0
DWS025,20100115,149.76,149.76,149.76,149.76,0
DWS025,20100118,150.06,150.06,150.06,150.06,0
DWS025,20100119,150.02,150.02,150.02,150.02,0
DWS025,20100120,149.94,149.94,149.94,149.94,0
DWS025,20100121,149.51,149.51,149.51,149.51,0
DWS025,20100122,147.78,147.78,147.78,147.78,0
DWS025,20100125,145.91,145.91,145.91,145.91,0
DWS025,20100126,144.55,144.55,144.55,144.55,0
DWS025,20100127,144.46,144.46,144.46,144.46,0
DWS025,20100128,144.98,144.98,144.98,144.98,0
DWS025,20100129,143.69,143.69,143.69,143.69,0
DWS025,20100201,143.26,143.26,143.26,143.26,0
DWS025,20100202,147.25,147.25,147.25,147.25,0
DWS025,20100203,147.79,147.79,147.79,147.79,0
DWS025,20100204,146.33,146.33,146.33,146.33,0
DWS025,20100205,146.16,146.16,146.16,146.16,0
DWS025,20100208,145.04,145.04,145.04,145.04,0
DWS025,20100209,144.83,144.83,144.83,144.83,0
DWS025,20100210,145.22,145.22,145.22,145.22,0
DWS025,20100211,145.87,145.87,145.87,145.87,0
DWS025,20100212,147.39,147.39,147.39,147.39,0
DWS025,20100215,148.98,148.98,148.98,148.98,0
DWS025,20100216,151.01,151.01,151.01,151.01,0
DWS025,20100217,150.84,150.84,150.84,150.84,0
DWS025,20100218,151.09,151.09,151.09,151.09,0
DWS025,20100219,151.69,151.69,151.69,151.69,0
DWS025,20100222,151.69,151.69,151.69,151.69,0
DWS025,20100223,149.90,149.90,149.90,149.90,0
DWS025,20100224,149.32,149.32,149.32,149.32,0
DWS025,20100225,148.82,148.82,148.82,148.82,0
DWS025,20100226,150.68,150.68,150.68,150.68,0
DWS025,20100301,150.77,150.77,150.77,150.77,0
DWS025,20100302,152.53,152.53,152.53,152.53,0
DWS025,20100303,153.82,153.82,153.82,153.82,0
DWS025,20100304,153.40,153.40,153.40,153.40,0
DWS025,20100305,153.68,153.68,153.68,153.68,0
DWS025,20100308,152.93,152.93,152.93,152.93,0
DWS025,20100309,151.85,151.85,151.85,151.85,0
DWS025,20100310,152.41,152.41,152.41,152.41,0
DWS025,20100311,149.78,149.78,149.78,149.78,0
DWS025,20100312,150.58,150.58,150.58,150.58,0
DWS025,20100315,148.98,148.98,148.98,148.98,0
DWS025,20100316,150.71,150.71,150.71,150.71,0
DWS025,20100317,151.76,151.76,151.76,151.76,0
DWS025,20100318,151.88,151.88,151.88,151.88,0
DWS025,20100319,152.11,152.11,152.11,152.11,0
DWS025,20100322,151.93,151.93,151.93,151.93,0
DWS025,20100323,150.73,150.73,150.73,150.73,0
DWS025,20100324,150.44,150.44,150.44,150.44,0
DWS025,20100325,150.49,150.49,150.49,150.49,0
DWS025,20100326,150.32,150.32,150.32,150.32,0
DWS025,20100329,151.13,151.13,151.13,151.13,0
DWS025,20100330,151.01,151.01,151.01,151.01,0
DWS025,20100331,151.53,151.53,151.53,151.53,0
DWS025,20100401,152.52,152.52,152.52,152.52,0
DWS025,20100406,154.61,154.61,154.61,154.61,0
DWS025,20100407,156.36,156.36,156.36,156.36,0
DWS025,20100408,158.67,158.67,158.67,158.67,0
DWS025,20100409,159.12,159.12,159.12,159.12,0
DWS025,20100412,158.45,158.45,158.45,158.45,0
DWS025,20100413,156.54,156.54,156.54,156.54,0
DWS025,20100414,157.12,157.12,157.12,157.12,0
DWS025,20100415,157.00,157.00,157.00,157.00,0
DWS025,20100416,157.40,157.40,157.40,157.40,0
DWS025,20100419,155.01,155.01,155.01,155.01,0
DWS025,20100420,156.87,156.87,156.87,156.87,0
DWS025,20100421,158.05,158.05,158.05,158.05,0
DWS025,20100422,156.89,156.89,156.89,156.89,0
DWS025,20100423,158.19,158.19,158.19,158.19,0
DWS025,20100426,158.83,158.83,158.83,158.83,0
DWS025,20100427,159.10,159.10,159.10,159.10,0
DWS025,20100428,162.41,162.41,162.41,162.41,0
DWS025,20100429,163.23,163.23,163.23,163.23,0
DWS025,20100430,163.19,163.19,163.19,163.19,0
DWS025,20100504,164.56,164.56,164.56,164.56,0
DWS025,20100505,165.77,165.77,165.77,165.77,0
DWS025,20100506,168.82,168.82,168.82,168.82,0
DWS025,20100507,174.22,174.22,174.22,174.22,0
DWS025,20100510,169.82,169.82,169.82,169.82,0
DWS025,20100511,175.21,175.21,175.21,175.21,0
DWS025,20100512,178.91,178.91,178.91,178.91,0
DWS025,20100513,178.64,178.64,178.64,178.64,0
DWS025,20100514,179.30,179.30,179.30,179.30,0
DWS025,20100517,181.53,181.53,181.53,181.53,0
DWS025,20100518,178.03,178.03,178.03,178.03,0
DWS025,20100519,174.40,174.40,174.40,174.40,0
DWS025,20100520,174.53,174.53,174.53,174.53,0
DWS025,20100521,172.18,172.18,172.18,172.18,0
DWS025,20100524,174.23,174.23,174.23,174.23,0
DWS025,20100525,178.01,178.01,178.01,178.01,0
DWS025,20100526,179.43,179.43,179.43,179.43,0
DWS025,20100527,179.21,179.21,179.21,179.21,0
DWS025,20100528,177.92,177.92,177.92,177.92,0
DWS025,20100531,178.62,178.62,178.62,178.62,0
DWS025,20100601,181.38,181.38,181.38,181.38,0
DWS025,20100602,180.42,180.42,180.42,180.42,0
DWS025,20100604,180.05,180.05,180.05,180.05,0
DWS025,20100607,183.48,183.48,183.48,183.48,0
DWS025,20100608,186.60,186.60,186.60,186.60,0
DWS025,20100609,185.51,185.51,185.51,185.51,0
DWS025,20100610,184.06,184.06,184.06,184.06,0
DWS025,20100611,183.89,183.89,183.89,183.89,0
DWS025,20100614,182.98,182.98,182.98,182.98,0
DWS025,20100615,183.37,183.37,183.37,183.37,0
DWS025,20100616,182.41,182.41,182.41,182.41,0
DWS025,20100617,185.00,185.00,185.00,185.00,0
DWS025,20100618,184.81,184.81,184.81,184.81,0
DWS025,20100621,182.53,182.53,182.53,182.53,0
DWS025,20100622,183.48,183.48,183.48,183.48,0
DWS025,20100623,182.93,182.93,182.93,182.93,0
DWS025,20100624,183.25,183.25,183.25,183.25,0
DWS025,20100625,185.64,185.64,185.64,185.64,0
DWS025,20100628,183.38,183.38,183.38,183.38,0
DWS025,20100629,184.95,184.95,184.95,184.95,0
DWS025,20100630,185.14,185.14,185.14,185.14,0
DWS025,20100701,179.53,179.53,179.53,179.53,0
DWS025,20100702,178.77,178.77,178.77,178.77,0
DWS025,20100705,176.82,176.82,176.82,176.82,0
DWS025,20100706,171.63,171.63,171.63,171.63,0
DWS025,20100707,174.39,174.39,174.39,174.39,0
DWS025,20100708,173.89,173.89,173.89,173.89,0
DWS025,20100709,174.96,174.96,174.96,174.96,0
DWS025,20100712,174.39,174.39,174.39,174.39,0
DWS025,20100713,176.26,176.26,176.26,176.26,0
DWS025,20100714,174.07,174.07,174.07,174.07,0
DWS025,20100715,170.58,170.58,170.58,170.58,0
DWS025,20100716,169.56,169.56,169.56,169.56,0
DWS025,20100719,167.24,167.24,167.24,167.24,0
DWS025,20100720,169.49,169.49,169.49,169.49,0
DWS025,20100721,169.87,169.87,169.87,169.87,0
DWS025,20100722,171.66,171.66,171.66,171.66,0
DWS025,20100723,170.32,170.32,170.32,170.32,0
DWS025,20100726,169.98,169.98,169.98,169.98,0
DWS025,20100727,165.92,165.92,165.92,165.92,0
DWS025,20100728,165.16,165.16,165.16,165.16,0
DWS025,20100729,163.63,163.63,163.63,163.63,0
DWS025,20100730,166.88,166.88,166.88,166.88,0
DWS025,20100802,163.58,163.58,163.58,163.58,0
DWS025,20100803,165.82,165.82,165.82,165.82,0
DWS025,20100804,167.93,167.93,167.93,167.93,0
DWS025,20100805,168.84,168.84,168.84,168.84,0
DWS025,20100806,168.72,168.72,168.72,168.72,0
DWS025,20100809,167.64,167.64,167.64,167.64,0
DWS025,20100810,168.14,168.14,168.14,168.14,0
DWS025,20100811,170.21,170.21,170.21,170.21,0
DWS025,20100812,172.29,172.29,172.29,172.29,0
DWS025,20100813,173.44,173.44,173.44,173.44,0
DWS025,20100816,175.76,175.76,175.76,175.76,0
DWS025,20100817,175.47,175.47,175.47,175.47,0
DWS025,20100818,175.94,175.94,175.94,175.94,0
DWS025,20100819,177.09,177.09,177.09,177.09,0
DWS025,20100820,175.95,175.95,175.95,175.95,0
DWS025,20100823,177.32,177.32,177.32,177.32,0
DWS025,20100824,177.33,177.33,177.33,177.33,0
DWS025,20100825,179.16,179.16,179.16,179.16,0
DWS025,20100826,178.65,178.65,178.65,178.65,0
DWS025,20100827,177.49,177.49,177.49,177.49,0
DWS025,20100830,178.08,178.08,178.08,178.08,0
DWS025,20100831,178.94,178.94,178.94,178.94,0
DWS025,20100901,179.08,179.08,179.08,179.08,0
DWS025,20100902,178.69,178.69,178.69,178.69,0
DWS025,20100903,178.41,178.41,178.41,178.41,0
DWS025,20100906,177.38,177.38,177.38,177.38,0
DWS025,20100907,180.11,180.11,180.11,180.11,0
DWS025,20100908,180.97,180.97,180.97,180.97,0
DWS025,20100909,179.78,179.78,179.78,179.78,0
DWS025,20100910,178.63,178.63,178.63,178.63,0
DWS025,20100913,177.72,177.72,177.72,177.72,0
DWS025,20100914,180.37,180.37,180.37,180.37,0
DWS025,20100915,179.23,179.23,179.23,179.23,0
DWS025,20100916,178.99,178.99,178.99,178.99,0
DWS025,20100917,179.17,179.17,179.17,179.17,0
DWS025,20100920,179.94,179.94,179.94,179.94,0
DWS025,20100921,178.55,178.55,178.55,178.55,0
DWS025,20100922,179.12,179.12,179.12,179.12,0
DWS025,20100923,178.66,178.66,178.66,178.66,0
DWS025,20100924,178.96,178.96,178.96,178.96,0
DWS025,20100927,178.06,178.06,178.06,178.06,0
DWS025,20100928,179.37,179.37,179.37,179.37,0
DWS025,20100929,178.12,178.12,178.12,178.12,0
DWS025,20100930,177.06,177.06,177.06,177.06,0
DWS025,20101001,176.98,176.98,176.98,176.98,0
DWS025,20101004,177.34,177.34,177.34,177.34,0
DWS025,20101005,179.89,179.89,179.89,179.89,0
DWS025,20101006,179.63,179.63,179.63,179.63,0
DWS025,20101007,177.15,177.15,177.15,177.15,0
DWS025,20101008,179.06,179.06,179.06,179.06,0
DWS025,20101011,179.44,179.44,179.44,179.44,0
DWS025,20101012,179.55,179.55,179.55,179.55,0
DWS025,20101013,181.08,181.08,181.08,181.08,0
DWS025,20101014,180.18,180.18,180.18,180.18,0
DWS025,20101015,178.82,178.82,178.82,178.82,0
DWS025,20101018,180.35,180.35,180.35,180.35,0
DWS025,20101019,175.91,175.91,175.91,175.91,0
DWS025,20101020,178.31,178.31,178.31,178.31,0
DWS025,20101021,174.08,174.08,174.08,174.08,0
DWS025,20101022,174.75,174.75,174.75,174.75,0
DWS025,20101025,175.69,175.69,175.69,175.69,0
DWS025,20101026,175.92,175.92,175.92,175.92,0
DWS025,20101027,175.45,175.45,175.45,175.45,0
DWS025,20101028,177.73,177.73,177.73,177.73,0
DWS025,20101029,179.50,179.50,179.50,179.50,0
DWS025,20101102,178.55,178.55,178.55,178.55,0
DWS025,20101103,175.88,175.88,175.88,175.88,0
DWS025,20101104,178.92,178.92,178.92,178.92,0
DWS025,20101105,181.05,181.05,181.05,181.05,0
DWS025,20101108,184.34,184.34,184.34,184.34,0
DWS025,20101109,185.81,185.81,185.81,185.81,0
DWS025,20101110,185.41,185.41,185.41,185.41,0
DWS025,20101112,183.92,183.92,183.92,183.92,0
DWS025,20101115,184.31,184.31,184.31,184.31,0
DWS025,20101116,181.10,181.10,181.10,181.10,0
DWS025,20101117,181.54,181.54,181.54,181.54,0
DWS025,20101118,182.47,182.47,182.47,182.47,0
DWS025,20101119,181.18,181.18,181.18,181.18,0
DWS025,20101122,182.09,182.09,182.09,182.09,0
DWS025,20101123,183.33,183.33,183.33,183.33,0
DWS025,20101124,187.62,187.62,187.62,187.62,0
DWS025,20101125,187.69,187.69,187.69,187.69,0
DWS025,20101126,187.44,187.44,187.44,187.44,0
DWS025,20101129,186.95,186.95,186.95,186.95,0
DWS025,20101130,188.51,188.51,188.51,188.51,0
DWS025,20101201,192.17,192.17,192.17,192.17,0
DWS025,20101202,192.22,192.22,192.22,192.22,0
DWS025,20101203,193.16,193.16,193.16,193.16,0
DWS025,20101206,193.03,193.03,193.03,193.03,0
DWS025,20101207,192.39,192.39,192.39,192.39,0
DWS025,20101208,190.76,190.76,190.76,190.76,0
DWS025,20101209,190.90,190.90,190.90,190.90,0
DWS025,20101210,190.23,190.23,190.23,190.23,0
DWS025,20101213,191.86,191.86,191.86,191.86,0
DWS025,20101214,189.03,189.03,189.03,189.03,0
DWS025,20101215,190.06,190.06,190.06,190.06,0
DWS025,20101216,188.43,188.43,188.43,188.43,0
DWS025,20101217,189.35,189.35,189.35,189.35,0
DWS025,20101220,191.53,191.53,191.53,191.53,0
DWS025,20101221,191.73,191.73,191.73,191.73,0
DWS025,20101222,191.71,191.71,191.71,191.71,0
DWS025,20101223,190.75,190.75,190.75,190.75,0
DWS025,20101227,190.83,190.83,190.83,190.83,0
DWS025,20101228,192.79,192.79,192.79,192.79,0
DWS025,20101229,193.43,193.43,193.43,193.43,0
DWS025,20101230,192.14,192.14,192.14,192.14,0
DWS025,20101231,192.07,192.07,192.07,192.07,0
DWS025,20110103,192.69,192.69,192.69,192.69,0
DWS025,20110104,188.23,188.23,188.23,188.23,0
DWS025,20110105,188.28,188.28,188.28,188.28,0
DWS025,20110107,189.77,189.77,189.77,189.77,0
DWS025,20110110,190.77,190.77,190.77,190.77,0
DWS025,20110111,190.79,190.79,190.79,190.79,0
DWS025,20110112,190.17,190.17,190.17,190.17,0
DWS025,20110113,188.42,188.42,188.42,188.42,0
DWS025,20110114,183.59,183.59,183.59,183.59,0
DWS025,20110117,184.86,184.86,184.86,184.86,0
DWS025,20110118,184.46,184.46,184.46,184.46,0
DWS025,20110119,181.25,181.25,181.25,181.25,0
DWS025,20110120,180.97,180.97,180.97,180.97,0
DWS025,20110121,179.64,179.64,179.64,179.64,0
DWS025,20110124,178.61,178.61,178.61,178.61,0
DWS025,20110125,177.30,177.30,177.30,177.30,0
DWS025,20110126,176.66,176.66,176.66,176.66,0
DWS025,20110127,176.34,176.34,176.34,176.34,0
DWS025,20110128,177.96,177.96,177.96,177.96,0
DWS025,20110131,177.92,177.92,177.92,177.92,0
DWS025,20110201,177.10,177.10,177.10,177.10,0
DWS025,20110202,176.95,176.95,176.95,176.95,0
DWS025,20110203,178.76,178.76,178.76,178.76,0
DWS025,20110204,180.49,180.49,180.49,180.49,0
DWS025,20110207,180.14,180.14,180.14,180.14,0
DWS025,20110208,181.23,181.23,181.23,181.23,0
DWS025,20110209,181.16,181.16,181.16,181.16,0
DWS025,20110210,180.98,180.98,180.98,180.98,0
DWS025,20110211,181.88,181.88,181.88,181.88,0
DWS025,20110214,182.93,182.93,182.93,182.93,0
DWS025,20110215,183.95,183.95,183.95,183.95,0
DWS025,20110216,183.59,183.59,183.59,183.59,0
DWS025,20110217,184.50,184.50,184.50,184.50,0
DWS025,20110218,184.27,184.27,184.27,184.27,0
DWS025,20110221,185.34,185.34,185.34,185.34,0
DWS025,20110222,187.11,187.11,187.11,187.11,0
DWS025,20110223,185.91,185.91,185.91,185.91,0
DWS025,20110224,185.66,185.66,185.66,185.66,0
DWS025,20110225,185.11,185.11,185.11,185.11,0
DWS025,20110228,185.28,185.28,185.28,185.28,0
DWS025,20110301,186.33,186.33,186.33,186.33,0
DWS025,20110302,187.49,187.49,187.49,187.49,0
DWS025,20110303,184.90,184.90,184.90,184.90,0
DWS025,20110304,185.75,185.75,185.75,185.75,0
DWS025,20110307,184.81,184.81,184.81,184.81,0
DWS025,20110308,184.60,184.60,184.60,184.60,0
DWS025,20110309,185.74,185.74,185.74,185.74,0
DWS025,20110310,184.30,184.30,184.30,184.30,0
DWS025,20110311,184.80,184.80,184.80,184.80,0
DWS025,20110314,181.79,181.79,181.79,181.79,0
DWS025,20110315,180.09,180.09,180.09,180.09,0
DWS025,20110316,180.76,180.76,180.76,180.76,0
DWS025,20110317,180.65,180.65,180.65,180.65,0
DWS025,20110318,181.62,181.62,181.62,181.62,0
DWS025,20110321,181.68,181.68,181.68,181.68,0
DWS025,20110322,181.93,181.93,181.93,181.93,0
DWS025,20110323,183.64,183.64,183.64,183.64,0
DWS025,20110324,184.38,184.38,184.38,184.38,0
DWS025,20110325,183.60,183.60,183.60,183.60,0
DWS025,20110328,182.84,182.84,182.84,182.84,0
DWS025,20110329,181.52,181.52,181.52,181.52,0
DWS025,20110330,182.83,182.83,182.83,182.83,0
DWS025,20110331,183.25,183.25,183.25,183.25,0
DWS025,20110401,182.47,182.47,182.47,182.47,0
DWS025,20110404,182.57,182.57,182.57,182.57,0
DWS025,20110405,184.88,184.88,184.88,184.88,0
DWS025,20110406,185.18,185.18,185.18,185.18,0
DWS025,20110407,185.09,185.09,185.09,185.09,0
DWS025,20110408,185.43,185.43,185.43,185.43,0
DWS025,20110411,185.13,185.13,185.13,185.13,0
DWS025,20110412,182.68,182.68,182.68,182.68,0
DWS025,20110413,182.56,182.56,182.56,182.56,0
DWS025,20110414,183.82,183.82,183.82,183.82,0
DWS025,20110415,185.17,185.17,185.17,185.17,0
DWS025,20110418,186.45,186.45,186.45,186.45,0
DWS025,20110419,187.76,187.76,187.76,187.76,0
DWS025,20110420,185.29,185.29,185.29,185.29,0
DWS025,20110421,187.18,187.18,187.18,187.18,0
DWS025,20110426,185.25,185.25,185.25,185.25,0
DWS025,20110427,186.30,186.30,186.30,186.30,0
DWS025,20110428,186.36,186.36,186.36,186.36,0
DWS025,20110429,185.58,185.58,185.58,185.58,0
DWS025,20110502,187.31,187.31,187.31,187.31,0
DWS025,20110504,182.34,182.34,182.34,182.34,0
DWS025,20110505,177.48,177.48,177.48,177.48,0
DWS025,20110506,181.30,181.30,181.30,181.30,0
DWS025,20110509,184.48,184.48,184.48,184.48,0
DWS025,20110510,186.34,186.34,186.34,186.34,0
DWS025,20110511,186.44,186.44,186.44,186.44,0
DWS025,20110512,186.80,186.80,186.80,186.80,0
DWS025,20110513,185.33,185.33,185.33,185.33,0
DWS025,20110516,185.93,185.93,185.93,185.93,0
DWS025,20110517,184.38,184.38,184.38,184.38,0
DWS025,20110518,184.53,184.53,184.53,184.53,0
DWS025,20110519,184.90,184.90,184.90,184.90,0
DWS025,20110520,186.33,186.33,186.33,186.33,0
DWS025,20110523,185.07,185.07,185.07,185.07,0
DWS025,20110524,189.81,189.81,189.81,189.81,0
DWS025,20110525,190.35,190.35,190.35,190.35,0
DWS025,20110526,189.49,189.49,189.49,189.49,0
DWS025,20110527,189.94,189.94,189.94,189.94,0
DWS025,20110530,189.20,189.20,189.20,189.20,0
DWS025,20110531,188.78,188.78,188.78,188.78,0
DWS025,20110601,189.29,189.29,189.29,189.29,0
DWS025,20110602,188.11,188.11,188.11,188.11,0
DWS025,20110603,187.70,187.70,187.70,187.70,0
DWS025,20110606,186.58,186.58,186.58,186.58,0
DWS025,20110607,185.52,185.52,185.52,185.52,0
DWS025,20110608,184.66,184.66,184.66,184.66,0
DWS025,20110609,185.64,185.64,185.64,185.64,0
DWS025,20110610,186.30,186.30,186.30,186.30,0
DWS025,20110613,184.56,184.56,184.56,184.56,0
DWS025,20110614,183.15,183.15,183.15,183.15,0
DWS025,20110615,186.75,186.75,186.75,186.75,0
DWS025,20110616,186.49,186.49,186.49,186.49,0
DWS025,20110617,188.98,188.98,188.98,188.98,0
DWS025,20110620,188.25,188.25,188.25,188.25,0
DWS025,20110621,187.65,187.65,187.65,187.65,0
DWS025,20110622,189.24,189.24,189.24,189.24,0
DWS025,20110624,185.68,185.68,185.68,185.68,0
DWS025,20110627,183.98,183.98,183.98,183.98,0
DWS025,20110628,182.75,182.75,182.75,182.75,0
DWS025,20110629,184.06,184.06,184.06,184.06,0
DWS025,20110630,182.30,182.30,182.30,182.30,0
DWS025,20110701,180.35,180.35,180.35,180.35,0
DWS025,20110704,181.22,181.22,181.22,181.22,0
DWS025,20110705,183.02,183.02,183.02,183.02,0
DWS025,20110706,187.51,187.51,187.51,187.51,0
DWS025,20110707,188.40,188.40,188.40,188.40,0
DWS025,20110708,188.80,188.80,188.80,188.80,0
DWS025,20110711,191.19,191.19,191.19,191.19,0
DWS025,20110712,195.37,195.37,195.37,195.37,0
DWS025,20110713,198.65,198.65,198.65,198.65,0
DWS025,20110714,196.19,196.19,196.19,196.19,0
DWS025,20110715,197.30,197.30,197.30,197.30,0
DWS025,20110718,200.08,200.08,200.08,200.08,0
DWS025,20110719,197.86,197.86,197.86,197.86,0
DWS025,20110720,197.78,197.78,197.78,197.78,0
DWS025,20110721,195.57,195.57,195.57,195.57,0
DWS025,20110722,195.53,195.53,195.53,195.53,0
DWS025,20110725,197.93,197.93,197.93,197.93,0
DWS025,20110726,196.35,196.35,196.35,196.35,0
DWS025,20110727,197.47,197.47,197.47,197.47,0
DWS025,20110728,196.89,196.89,196.89,196.89,0
DWS025,20110729,197.66,197.66,197.66,197.66,0
DWS025,20110801,197.67,197.67,197.67,197.67,0
DWS025,20110802,199.90,199.90,199.90,199.90,0
DWS025,20110803,202.87,202.87,202.87,202.87,0
DWS025,20110804,202.19,202.19,202.19,202.19,0
DWS025,20110805,196.78,196.78,196.78,196.78,0
DWS025,20110808,205.98,205.98,205.98,205.98,0
DWS025,20110809,204.50,204.50,204.50,204.50,0
DWS025,20110810,211.97,211.97,211.97,211.97,0
DWS025,20110811,209.17,209.17,209.17,209.17,0
DWS025,20110812,207.83,207.83,207.83,207.83,0
DWS025,20110816,214.45,214.45,214.45,214.45,0
DWS025,20110817,212.63,212.63,212.63,212.63,0
DWS025,20110818,214.55,214.55,214.55,214.55,0
DWS025,20110819,216.60,216.60,216.60,216.60,0
DWS025,20110822,221.45,221.45,221.45,221.45,0
DWS025,20110823,217.99,217.99,217.99,217.99,0
DWS025,20110824,207.12,207.12,207.12,207.12,0
DWS025,20110825,207.50,207.50,207.50,207.50,0
DWS025,20110826,210.25,210.25,210.25,210.25,0
DWS025,20110829,208.93,208.93,208.93,208.93,0
DWS025,20110830,212.92,212.92,212.92,212.92,0
DWS025,20110831,213.82,213.82,213.82,213.82,0
DWS025,20110901,216.50,216.50,216.50,216.50,0
DWS025,20110902,220.55,220.55,220.55,220.55,0
DWS025,20110905,223.93,223.93,223.93,223.93,0
DWS025,20110906,225.02,225.02,225.02,225.02,0
DWS025,20110907,219.56,219.56,219.56,219.56,0
DWS025,20110908,223.48,223.48,223.48,223.48,0
DWS025,20110909,232.35,232.35,232.35,232.35,0
DWS025,20110912,226.72,226.72,226.72,226.72,0
DWS025,20110913,228.05,228.05,228.05,228.05,0
DWS025,20110914,225.04,225.04,225.04,225.04,0
DWS025,20110915,220.44,220.44,220.44,220.44,0
DWS025,20110916,221.97,221.97,221.97,221.97,0
DWS025,20110919,220.56,220.56,220.56,220.56,0
DWS025,20110920,225.04,225.04,225.04,225.04,0
DWS025,20110921,223.82,223.82,223.82,223.82,0
DWS025,20110922,218.71,218.71,218.71,218.71,0
DWS025,20110923,210.57,210.57,210.57,210.57,0
DWS025,20110926,201.20,201.20,201.20,201.20,0
DWS025,20110927,207.19,207.19,207.19,207.19,0
DWS025,20110928,203.61,203.61,203.61,203.61,0
DWS025,20110929,204.00,204.00,204.00,204.00,0
DWS025,20110930,204.83,204.83,204.83,204.83,0
DWS025,20111003,210.31,210.31,210.31,210.31,0
DWS025,20111004,204.47,204.47,204.47,204.47,0
DWS025,20111005,208.03,208.03,208.03,208.03,0
DWS025,20111006,207.51,207.51,207.51,207.51,0
DWS025,20111007,207.04,207.04,207.04,207.04,0
DWS025,20111010,208.99,208.99,208.99,208.99,0
DWS025,20111011,207.42,207.42,207.42,207.42,0
DWS025,20111012,208.77,208.77,208.77,208.77,0
DWS025,20111013,205.68,205.68,205.68,205.68,0
DWS025,20111014,207.85,207.85,207.85,207.85,0
DWS025,20111017,206.05,206.05,206.05,206.05,0
DWS025,20111018,204.89,204.89,204.89,204.89,0
DWS025,20111019,203.25,203.25,203.25,203.25,0
DWS025,20111020,200.54,200.54,200.54,200.54,0
DWS025,20111021,202.41,202.41,202.41,202.41,0
DWS025,20111024,202.09,202.09,202.09,202.09,0
DWS025,20111025,206.68,206.68,206.68,206.68,0
DWS025,20111026,210.39,210.39,210.39,210.39,0
DWS025,20111027,210.55,210.55,210.55,210.55,0
DWS025,20111028,209.33,209.33,209.33,209.33,0
DWS025,20111031,209.03,209.03,209.03,209.03,0
DWS025,20111102,212.61,212.61,212.61,212.61,0
DWS025,20111103,215.57,215.57,215.57,215.57,0
DWS025,20111104,215.80,215.80,215.80,215.80,0
DWS025,20111107,221.42,221.42,221.42,221.42,0
DWS025,20111108,222.14,222.14,222.14,222.14,0
DWS025,20111109,221.42,221.42,221.42,221.42,0
DWS025,20111110,217.61,217.61,217.61,217.61,0
DWS025,20111114,220.79,220.79,220.79,220.79,0
DWS025,20111115,221.89,221.89,221.89,221.89,0
DWS025,20111116,221.04,221.04,221.04,221.04,0
DWS025,20111117,216.65,216.65,216.65,216.65,0
DWS025,20111118,215.96,215.96,215.96,215.96,0
DWS025,20111121,210.44,210.44,210.44,210.44,0
DWS025,20111122,212.80,212.80,212.80,212.80,0
DWS025,20111123,212.56,212.56,212.56,212.56,0
DWS025,20111124,213.75,213.75,213.75,213.75,0
DWS025,20111125,213.34,213.34,213.34,213.34,0
DWS025,20111128,215.85,215.85,215.85,215.85,0
DWS025,20111129,216.95,216.95,216.95,216.95,0
DWS025,20111130,219.36,219.36,219.36,219.36,0
DWS025,20111201,220.23,220.23,220.23,220.23,0
DWS025,20111202,219.97,219.97,219.97,219.97,0
DWS025,20111205,218.75,218.75,218.75,218.75,0
DWS025,20111206,218.34,218.34,218.34,218.34,0
DWS025,20111207,219.74,219.74,219.74,219.74,0
DWS025,20111208,216.53,216.53,216.53,216.53,0
DWS025,20111209,216.66,216.66,216.66,216.66,0
DWS025,20111212,212.69,212.69,212.69,212.69,0
DWS025,20111213,213.57,213.57,213.57,213.57,0
DWS025,20111214,205.77,205.77,205.77,205.77,0
DWS025,20111215,203.97,203.97,203.97,203.97,0
DWS025,20111216,206.20,206.20,206.20,206.20,0
DWS025,20111219,206.31,206.31,206.31,206.31,0
DWS025,20111220,208.56,208.56,208.56,208.56,0
DWS025,20111221,208.42,208.42,208.42,208.42,0
DWS025,20111222,206.70,206.70,206.70,206.70,0
DWS025,20111223,207.32,207.32,207.32,207.32,0
DWS025,20111227,206.09,206.09,206.09,206.09,0
DWS025,20111228,201.81,201.81,201.81,201.81,0
DWS025,20111229,200.71,200.71,200.71,200.71,0
DWS025,20111230,204.03,204.03,204.03,204.03,0
DWS025,20120102,204.54,204.54,204.54,204.54,0
DWS025,20120103,207.09,207.09,207.09,207.09,0
DWS025,20120104,210.37,210.37,210.37,210.37,0
DWS025,20120105,212.96,212.96,212.96,212.96,0
DWS025,20120109,212.27,212.27,212.27,212.27,0
DWS025,20120110,214.91,214.91,214.91,214.91,0
DWS025,20120111,216.07,216.07,216.07,216.07,0
DWS025,20120112,216.51,216.51,216.51,216.51,0
DWS025,20120113,213.78,213.78,213.78,213.78,0
DWS025,20120116,215.23,215.23,215.23,215.23,0
DWS025,20120117,215.84,215.84,215.84,215.84,0
DWS025,20120118,214.47,214.47,214.47,214.47,0
DWS025,20120119,215.11,215.11,215.11,215.11,0
DWS025,20120120,211.82,211.82,211.82,211.82,0
DWS025,20120123,214.01,214.01,214.01,214.01,0
DWS025,20120124,212.69,212.69,212.69,212.69,0
DWS025,20120125,211.29,211.29,211.29,211.29,0
DWS025,20120126,216.78,216.78,216.78,216.78,0
DWS025,20120127,217.51,217.51,217.51,217.51,0
DWS025,20120130,217.95,217.95,217.95,217.95,0
DWS025,20120131,218.60,218.60,218.60,218.60,0
DWS025,20120201,220.42,220.42,220.42,220.42,0
DWS025,20120202,220.61,220.61,220.61,220.61,0
DWS025,20120203,219.58,219.58,219.58,219.58,0
DWS025,20120206,218.33,218.33,218.33,218.33,0
DWS025,20120207,216.19,216.19,216.19,216.19,0
DWS025,20120208,218.15,218.15,218.15,218.15,0
DWS025,20120209,216.49,216.49,216.49,216.49,0
DWS025,20120210,215.48,215.48,215.48,215.48,0
DWS025,20120213,216.06,216.06,216.06,216.06,0
DWS025,20120214,214.61,214.61,214.61,214.61,0
DWS025,20120215,216.17,216.17,216.17,216.17,0
DWS025,20120216,216.71,216.71,216.71,216.71,0
DWS025,20120217,216.37,216.37,216.37,216.37,0
DWS025,20120220,216.43,216.43,216.43,216.43,0
DWS025,20120221,216.80,216.80,216.80,216.80,0
DWS025,20120222,220.64,220.64,220.64,220.64,0
DWS025,20120223,222.51,222.51,222.51,222.51,0
DWS025,20120224,220.24,220.24,220.24,220.24,0
DWS025,20120227,219.35,219.35,219.35,219.35,0
DWS025,20120228,219.96,219.96,219.96,219.96,0
DWS025,20120229,214.37,214.37,214.37,214.37,0
DWS025,20120301,215.84,215.84,215.84,215.84,0
DWS025,20120302,214.77,214.77,214.77,214.77,0
DWS025,20120305,214.21,214.21,214.21,214.21,0
DWS025,20120306,210.09,210.09,210.09,210.09,0
DWS025,20120307,211.37,211.37,211.37,211.37,0
DWS025,20120308,212.60,212.60,212.60,212.60,0
DWS025,20120309,214.24,214.24,214.24,214.24,0
DWS025,20120312,214.17,214.17,214.17,214.17,0
DWS025,20120313,211.98,211.98,211.98,211.98,0
DWS025,20120314,207.95,207.95,207.95,207.95,0
DWS025,20120315,208.77,208.77,208.77,208.77,0
DWS025,20120316,208.50,208.50,208.50,208.50,0
DWS025,20120319,207.72,207.72,207.72,207.72,0
DWS025,20120320,204.94,204.94,204.94,204.94,0
DWS025,20120321,206.15,206.15,206.15,206.15,0
DWS025,20120322,204.73,204.73,204.73,204.73,0
DWS025,20120323,206.72,206.72,206.72,206.72,0
DWS025,20120326,208.52,208.52,208.52,208.52,0
DWS025,20120327,208.19,208.19,208.19,208.19,0
DWS025,20120328,205.20,205.20,205.20,205.20,0
DWS025,20120329,205.11,205.11,205.11,205.11,0
DWS025,20120330,206.04,206.04,206.04,206.04,0
DWS025,20120402,205.91,205.91,205.91,205.91,0
DWS025,20120403,206.14,206.14,206.14,206.14,0
DWS025,20120404,201.60,201.60,201.60,201.60,0
DWS025,20120405,202.63,202.63,202.63,202.63,0
DWS025,20120410,206.71,206.71,206.71,206.71,0
DWS025,20120411,206.14,206.14,206.14,206.14,0
DWS025,20120412,208.38,208.38,208.38,208.38,0
DWS025,20120413,206.14,206.14,206.14,206.14,0
DWS025,20120416,206.24,206.24,206.24,206.24,0
DWS025,20120417,204.96,204.96,204.96,204.96,0
DWS025,20120418,204.47,204.47,204.47,204.47,0
DWS025,20120419,204.38,204.38,204.38,204.38,0
DWS025,20120420,203.44,203.44,203.44,203.44,0
DWS025,20120423,201.98,201.98,201.98,201.98,0
DWS025,20120424,202.66,202.66,202.66,202.66,0
DWS025,20120425,202.55,202.55,202.55,202.55,0
DWS025,20120426,204.11,204.11,204.11,204.11,0
DWS025,20120427,205.59,205.59,205.59,205.59,0
DWS025,20120430,204.49,204.49,204.49,204.49,0
DWS025,20120502,204.28,204.28,204.28,204.28,0
DWS025,20120504,203.19,203.19,203.19,203.19,0
DWS025,20120507,202.00,202.00,202.00,202.00,0
DWS025,20120508,198.89,198.89,198.89,198.89,0
DWS025,20120509,197.51,197.51,197.51,197.51,0
DWS025,20120510,199.27,199.27,199.27,199.27,0
DWS025,20120511,197.68,197.68,197.68,197.68,0
DWS025,20120514,196.10,196.10,196.10,196.10,0
DWS025,20120515,194.82,194.82,194.82,194.82,0
DWS025,20120516,193.52,193.52,193.52,193.52,0
DWS025,20120517,197.57,197.57,197.57,197.57,0
DWS025,20120518,200.66,200.66,200.66,200.66,0
DWS025,20120521,199.72,199.72,199.72,199.72,0
DWS025,20120522,199.02,199.02,199.02,199.02,0
DWS025,20120523,196.88,196.88,196.88,196.88,0
DWS025,20120524,199.30,199.30,199.30,199.30,0
DWS025,20120525,201.88,201.88,201.88,201.88,0
DWS025,20120528,201.93,201.93,201.93,201.93,0
DWS025,20120529,200.54,200.54,200.54,200.54,0
DWS025,20120530,202.13,202.13,202.13,202.13,0
DWS025,20120531,202.52,202.52,202.52,202.52,0
DWS025,20120601,210.18,210.18,210.18,210.18,0
DWS025,20120604,205.89,205.89,205.89,205.89,0
DWS025,20120605,206.01,206.01,206.01,206.01,0
DWS025,20120606,209.22,209.22,209.22,209.22,0
DWS025,20120608,204.28,204.28,204.28,204.28,0
DWS025,20120611,204.52,204.52,204.52,204.52,0
DWS025,20120612,207.08,207.08,207.08,207.08,0
DWS025,20120613,207.83,207.83,207.83,207.83,0
DWS025,20120614,207.03,207.03,207.03,207.03,0
DWS025,20120615,207.37,207.37,207.37,207.37,0
DWS025,20120618,206.81,206.81,206.81,206.81,0
DWS025,20120619,206.91,206.91,206.91,206.91,0
DWS025,20120620,205.13,205.13,205.13,205.13,0
DWS025,20120621,201.57,201.57,201.57,201.57,0
DWS025,20120622,201.26,201.26,201.26,201.26,0
DWS025,20120625,203.05,203.05,203.05,203.05,0
DWS025,20120626,201.52,201.52,201.52,201.52,0
DWS025,20120627,202.17,202.17,202.17,202.17,0
DWS025,20120628,199.43,199.43,199.43,199.43,0
DWS025,20120629,202.75,202.75,202.75,202.75,0
DWS025,20120702,203.25,203.25,203.25,203.25,0
DWS025,20120703,205.86,205.86,205.86,205.86,0
DWS025,20120704,205.69,205.69,205.69,205.69,0
DWS025,20120705,206.51,206.51,206.51,206.51,0
DWS025,20120706,205.17,205.17,205.17,205.17,0
DWS025,20120709,205.67,205.67,205.67,205.67,0
DWS025,20120710,205.59,205.59,205.59,205.59,0
DWS025,20120711,203.79,203.79,203.79,203.79,0
DWS025,20120712,202.76,202.76,202.76,202.76,0
DWS025,20120713,205.26,205.26,205.26,205.26,0
DWS025,20120716,205.09,205.09,205.09,205.09,0
DWS025,20120717,204.39,204.39,204.39,204.39,0
DWS025,20120718,202.30,202.30,202.30,202.30,0
DWS025,20120719,202.91,202.91,202.91,202.91,0
DWS025,20120720,204.10,204.10,204.10,204.10,0
DWS025,20120723,204.01,204.01,204.01,204.01,0
DWS025,20120724,205.25,205.25,205.25,205.25,0
DWS025,20120725,208.12,208.12,208.12,208.12,0
DWS025,20120726,207.83,207.83,207.83,207.83,0
DWS025,20120727,207.76,207.76,207.76,207.76,0
DWS025,20120730,208.91,208.91,208.91,208.91,0
DWS025,20120731,207.69,207.69,207.69,207.69,0
DWS025,20120801,205.67,205.67,205.67,205.67,0
DWS025,20120802,205.71,205.71,205.71,205.71,0
DWS025,20120803,206.75,206.75,206.75,206.75,0
DWS025,20120806,205.52,205.52,205.52,205.52,0
DWS025,20120807,204.64,204.64,204.64,204.64,0
DWS025,20120808,207.15,207.15,207.15,207.15,0
DWS025,20120809,207.63,207.63,207.63,207.63,0
DWS025,20120810,208.99,208.99,208.99,208.99,0
DWS025,20120813,208.40,208.40,208.40,208.40,0
DWS025,20120814,206.14,206.14,206.14,206.14,0
DWS025,20120816,208.11,208.11,208.11,208.11,0
DWS025,20120817,208.40,208.40,208.40,208.40,0
DWS025,20120820,208.83,208.83,208.83,208.83,0
DWS025,20120821,210.48,210.48,210.48,210.48,0
DWS025,20120822,209.72,209.72,209.72,209.72,0
DWS025,20120823,212.53,212.53,212.53,212.53,0
DWS025,20120824,212.60,212.60,212.60,212.60,0
DWS025,20120827,213.16,213.16,213.16,213.16,0
DWS025,20120828,212.58,212.58,212.58,212.58,0
DWS025,20120829,211.82,211.82,211.82,211.82,0
DWS025,20120830,211.70,211.70,211.70,211.70,0
DWS025,20120831,214.46,214.46,214.46,214.46,0
DWS025,20120903,213.82,213.82,213.82,213.82,0
DWS025,20120904,215.18,215.18,215.18,215.18,0
DWS025,20120905,215.13,215.13,215.13,215.13,0
DWS025,20120906,215.65,215.65,215.65,215.65,0
DWS025,20120907,218.87,218.87,218.87,218.87,0
DWS025,20120910,217.17,217.17,217.17,217.17,0
DWS025,20120911,217.07,217.07,217.07,217.07,0
DWS025,20120912,215.91,215.91,215.91,215.91,0
DWS025,20120913,218.67,218.67,218.67,218.67,0
DWS025,20121119,216.05,216.05,216.05,216.05,0
DWS025,20121120,215.24,215.24,215.24,215.24,0
DWS025,20121121,215.94,215.94,215.94,215.94,0
DWS025,20121122,214.90,214.90,214.90,214.90,0
DWS025,20121123,216.63,216.63,216.63,216.63,0
DWS025,20121126,215.57,215.57,215.57,215.57,0
DWS025,20121127,214.93,214.93,214.93,214.93,0
DWS025,20121128,211.98,211.98,211.98,211.98,0
DWS025,20121129,213.08,213.08,213.08,213.08,0
DWS025,20121130,210.62,210.62,210.62,210.62,0
DWS025,20121203,211.10,211.10,211.10,211.10,0
DWS025,20121204,207.43,207.43,207.43,207.43,0
DWS025,20121205,206.65,206.65,206.65,206.65,0
DWS025,20121206,208.30,208.30,208.30,208.30,0
DWS025,20121207,210.19,210.19,210.19,210.19,0
DWS025,20121210,211.41,211.41,211.41,211.41,0
DWS025,20121211,210.34,210.34,210.34,210.34,0
DWS025,20121212,210.18,210.18,210.18,210.18,0
DWS025,20121213,207.82,207.82,207.82,207.82,0
DWS025,20121214,207.15,207.15,207.15,207.15,0
DWS025,20121217,205.94,205.94,205.94,205.94,0
DWS025,20121218,203.43,203.43,203.43,203.43,0
DWS025,20121219,202.74,202.74,202.74,202.74,0
DWS025,20121220,199.34,199.34,199.34,199.34,0
DWS025,20121221,200.80,200.80,200.80,200.80,0
DWS025,20121227,201.32,201.32,201.32,201.32,0
DWS025,20121228,200.93,200.93,200.93,200.93,0
DWS025,20130102,205.40,205.40,205.40,205.40,0
DWS025,20130103,205.05,205.05,205.05,205.05,0
DWS025,20130104,203.25,203.25,203.25,203.25,0
DWS025,20130107,201.77,201.77,201.77,201.77,0
DWS025,20130108,202.25,202.25,202.25,202.25,0
DWS025,20130109,202.33,202.33,202.33,202.33,0
DWS025,20130110,203.88,203.88,203.88,203.88,0
DWS025,20130111,200.35,200.35,200.35,200.35,0
DWS025,20130114,200.47,200.47,200.47,200.47,0
DWS025,20130115,202.26,202.26,202.26,202.26,0
DWS025,20130116,203.01,203.01,203.01,203.01,0
DWS025,20130117,202.56,202.56,202.56,202.56,0
DWS025,20130118,202.33,202.33,202.33,202.33,0
DWS025,20130121,203.22,203.22,203.22,203.22,0
DWS025,20130122,203.50,203.50,203.50,203.50,0
DWS025,20130123,203.21,203.21,203.21,203.21,0
DWS025,20130124,200.20,200.20,200.20,200.20,0
DWS025,20130125,196.15,196.15,196.15,196.15,0
DWS025,20130128,191.28,191.28,191.28,191.28,0
DWS025,20130129,196.12,196.12,196.12,196.12,0
DWS025,20130130,197.24,197.24,197.24,197.24,0
DWS025,20130131,194.71,194.71,194.71,194.71,0
DWS025,20130201,194.99,194.99,194.99,194.99,0
DWS025,20130204,196.52,196.52,196.52,196.52,0
DWS025,20130205,195.26,195.26,195.26,195.26,0
DWS025,20130206,196.20,196.20,196.20,196.20,0
DWS025,20130207,198.32,198.32,198.32,198.32,0
DWS025,20130208,198.02,198.02,198.02,198.02,0
DWS025,20130211,197.26,197.26,197.26,197.26,0
DWS025,20130212,194.52,194.52,194.52,194.52,0
DWS025,20130213,195.09,195.09,195.09,195.09,0
DWS025,20130214,194.74,194.74,194.74,194.74,0
DWS025,20130215,190.36,190.36,190.36,190.36,0
DWS025,20130218,190.49,190.49,190.49,190.49,0
DWS025,20130219,189.71,189.71,189.71,189.71,0
DWS025,20130220,186.28,186.28,186.28,186.28,0
DWS025,20130221,187.43,187.43,187.43,187.43,0
DWS025,20130222,187.42,187.42,187.42,187.42,0
DWS025,20130225,189.78,189.78,189.78,189.78,0
DWS025,20130226,194.05,194.05,194.05,194.05,0
DWS025,20130227,190.84,190.84,190.84,190.84,0
DWS025,20130228,189.85,189.85,189.85,189.85,0
DWS025,20130301,189.01,189.01,189.01,189.01,0
DWS025,20130304,187.23,187.23,187.23,187.23,0
DWS025,20130305,188.12,188.12,188.12,188.12,0
DWS025,20130306,188.72,188.72,188.72,188.72,0
DWS025,20130307,189.36,189.36,189.36,189.36,0
DWS025,20130308,189.55,189.55,189.55,189.55,0
DWS025,20130311,189.18,189.18,189.18,189.18,0
DWS025,20130312,191.21,191.21,191.21,191.21,0
DWS025,20130313,190.18,190.18,190.18,190.18,0
DWS025,20130314,189.30,189.30,189.30,189.30,0
DWS025,20130315,189.53,189.53,189.53,189.53,0
DWS025,20130318,192.32,192.32,192.32,192.32,0
DWS025,20130319,193.77,193.77,193.77,193.77,0
DWS025,20130320,192.25,192.25,192.25,192.25,0
DWS025,20130321,194.27,194.27,194.27,194.27,0
DWS025,20130322,192.75,192.75,192.75,192.75,0
DWS025,20130325,193.08,193.08,193.08,193.08,0
DWS025,20130326,192.43,192.43,192.43,192.43,0
DWS025,20130327,194.43,194.43,194.43,194.43,0
DWS025,20130328,192.75,192.75,192.75,192.75,0
DWS025,20130402,189.19,189.19,189.19,189.19,0
DWS025,20130403,183.22,183.22,183.22,183.22,0
DWS025,20130404,182.00,182.00,182.00,182.00,0
DWS025,20130405,183.95,183.95,183.95,183.95,0
DWS025,20130408,186.07,186.07,186.07,186.07,0
DWS025,20130409,186.84,186.84,186.84,186.84,0
DWS025,20130410,184.51,184.51,184.51,184.51,0
DWS025,20130411,183.78,183.78,183.78,183.78,0
DWS025,20130412,175.99,175.99,175.99,175.99,0
DWS025,20130415,160.05,160.05,160.05,160.05,0
DWS025,20130417,163.51,163.51,163.51,163.51,0
DWS025,20130418,163.13,163.13,163.13,163.13,0
DWS025,20130419,164.53,164.53,164.53,164.53,0
DWS025,20130422,167.13,167.13,167.13,167.13,0
DWS025,20130423,166.22,166.22,166.22,166.22,0
DWS025,20130424,168.09,168.09,168.09,168.09,0
DWS025,20130425,173.37,173.37,173.37,173.37,0
DWS025,20130426,172.11,172.11,172.11,172.11,0
DWS025,20130429,171.09,171.09,171.09,171.09,0
DWS025,20130502,170.93,170.93,170.93,170.93,0
DWS025,20130506,170.54,170.54,170.54,170.54,0
DWS025,20130507,169.10,169.10,169.10,169.10,0
DWS025,20130508,170.29,170.29,170.29,170.29,0
DWS025,20130509,171.29,171.29,171.29,171.29,0
DWS025,20130510,167.53,167.53,167.53,167.53,0
DWS025,20130513,167.20,167.20,167.20,167.20,0
DWS025,20130514,167.22,167.22,167.22,167.22,0
DWS025,20130515,164.37,164.37,164.37,164.37,0
DWS025,20130516,161.34,161.34,161.34,161.34,0
DWS025,20130520,162.28,162.28,162.28,162.28,0
DWS025,20130521,161.52,161.52,161.52,161.52,0
DWS025,20130522,162.44,162.44,162.44,162.44,0
DWS025,20130523,162.41,162.41,162.41,162.41,0
DWS025,20130524,162.64,162.64,162.64,162.64,0
DWS025,20130527,163.60,163.60,163.60,163.60,0
DWS025,20130529,163.44,163.44,163.44,163.44,0
DWS025,20130531,165.06,165.06,165.06,165.06,0
DWS025,20130603,163.53,163.53,163.53,163.53,0
DWS025,20130605,161.83,161.83,161.83,161.83,0
DWS025,20130606,163.59,163.59,163.59,163.59,0
DWS025,20130704,147.06,147.06,147.06,147.06,0
DWS025,20130719,150.17,150.17,150.17,150.17,0
DWS025,20130722,153.97,153.97,153.97,153.97,0
DWS025,20130723,155.15,155.15,155.15,155.15,0
DWS025,20130724,151.84,151.84,151.84,151.84,0
DWS025,20130725,150.87,150.87,150.87,150.87,0
DWS025,20130726,150.59,150.59,150.59,150.59,0
DWS025,20130729,153.02,153.02,153.02,153.02,0
DWS025,20130730,150.89,150.89,150.89,150.89,0
DWS025,20130731,148.66,148.66,148.66,148.66,0
DWS025,20130801,148.86,148.86,148.86,148.86,0
DWS025,20130802,148.83,148.83,148.83,148.83,0
DWS025,20130805,147.65,147.65,147.65,147.65,0
DWS025,20130806,145.68,145.68,145.68,145.68,0
DWS025,20130807,144.03,144.03,144.03,144.03,0
DWS025,20130808,147.51,147.51,147.51,147.51,0
DWS025,20130809,148.26,148.26,148.26,148.26,0
DWS025,20130812,152.73,152.73,152.73,152.73,0
DWS025,20130813,150.74,150.74,150.74,150.74,0
DWS025,20130814,152.04,152.04,152.04,152.04,0
DWS025,20130816,157.36,157.36,157.36,157.36,0
DWS025,20130819,156.48,156.48,156.48,156.48,0
DWS025,20130820,156.94,156.94,156.94,156.94,0
DWS025,20130821,155.37,155.37,155.37,155.37,0
DWS025,20130822,155.30,155.30,155.30,155.30,0
DWS025,20130823,158.76,158.76,158.76,158.76,0
DWS025,20130826,158.68,158.68,158.68,158.68,0
DWS025,20130827,158.99,158.99,158.99,158.99,0
DWS025,20130828,160.04,160.04,160.04,160.04,0
DWS025,20130829,160.46,160.46,160.46,160.46,0
DWS025,20130830,159.90,159.90,159.90,159.90,0
DWS025,20130902,159.42,159.42,159.42,159.42,0
DWS025,20130903,161.44,161.44,161.44,161.44,0
DWS025,20130904,158.75,158.75,158.75,158.75,0
DWS025,20130905,156.96,156.96,156.96,156.96,0
DWS025,20130906,158.94,158.94,158.94,158.94,0
DWS025,20130909,156.90,156.90,156.90,156.90,0
DWS025,20130910,153.10,153.10,153.10,153.10,0
DWS025,20130911,153.84,153.84,153.84,153.84,0
DWS025,20130912,148.89,148.89,148.89,148.89,0
DWS025,20130913,147.82,147.82,147.82,147.82,0
DWS025,20130916,149.97,149.97,149.97,149.97,0
DWS025,20130917,149.74,149.74,149.74,149.74,0
DWS025,20130918,148.19,148.19,148.19,148.19,0
DWS025,20130919,153.46,153.46,153.46,153.46,0
DWS025,20130920,152.11,152.11,152.11,152.11,0
DWS025,20130923,148.92,148.92,148.92,148.92,0
DWS025,20130924,147.78,147.78,147.78,147.78,0
DWS025,20130925,149.85,149.85,149.85,149.85,0
DWS025,20131021,145.24,145.24,145.24,145.24,0
DWS025,20131022,149.35,149.35,149.35,149.35,0
DWS025,20131023,146.37,146.37,146.37,146.37,0
DWS025,20131024,147.74,147.74,147.74,147.74,0
DWS025,20131025,148.40,148.40,148.40,148.40,0
DWS025,20131028,149.81,149.81,149.81,149.81,0
DWS025,20131029,147.34,147.34,147.34,147.34,0
DWS025,20131030,147.90,147.90,147.90,147.90,0
DWS025,20131031,145.59,145.59,145.59,145.59,0
DWS025,20131104,145.32,145.32,145.32,145.32,0
DWS025,20131105,146.06,146.06,146.06,146.06,0
DWS025,20131106,146.66,146.66,146.66,146.66,0
DWS025,20131107,145.81,145.81,145.81,145.81,0
DWS025,20131108,144.88,144.88,144.88,144.88,0
DWS025,20131112,141.21,141.21,141.21,141.21,0
DWS025,20131113,141.47,141.47,141.47,141.47,0
DWS025,20131114,143.72,143.72,143.72,143.72,0
DWS025,20131115,142.94,142.94,142.94,142.94,0
DWS025,20131118,141.57,141.57,141.57,141.57,0
DWS025,20131119,140.60,140.60,140.60,140.60,0
DWS025,20131120,140.71,140.71,140.71,140.71,0
DWS025,20131121,137.31,137.31,137.31,137.31,0
DWS025,20131122,136.99,136.99,136.99,136.99,0
DWS025,20131125,137.48,137.48,137.48,137.48,0
DWS025,20131126,134.67,134.67,134.67,134.67,0
DWS025,20131127,136.56,136.56,136.56,136.56,0
DWS025,20131128,139.99,139.99,139.99,139.99,0
DWS025,20131129,137.87,137.87,137.87,137.87,0
DWS025,20131202,136.87,136.87,136.87,136.87,0
DWS025,20131203,132.79,132.79,132.79,132.79,0
DWS025,20131204,135.15,135.15,135.15,135.15,0
DWS025,20131205,133.43,133.43,133.43,133.43,0
DWS025,20131206,132.77,132.77,132.77,132.77,0
DWS025,20131209,133.91,133.91,133.91,133.91,0
DWS025,20131210,137.61,137.61,137.61,137.61,0
DWS025,20131211,134.04,134.04,134.04,134.04,0
DWS025,20131212,131.37,131.37,131.37,131.37,0
DWS025,20131213,133.95,133.95,133.95,133.95,0
DWS025,20131216,134.85,134.85,134.85,134.85,0
DWS025,20131217,132.94,132.94,132.94,132.94,0
DWS025,20131218,133.68,133.68,133.68,133.68,0
DWS025,20131219,130.43,130.43,130.43,130.43,0
DWS025,20131220,130.28,130.28,130.28,130.28,0
DWS025,20131223,129.83,129.83,129.83,129.83,0
DWS025,20131227,131.77,131.77,131.77,131.77,0
DWS025,20131230,131.31,131.31,131.31,131.31,0
DWS025,20140102,133.81,133.81,133.81,133.81,0
DWS025,20140103,135.41,135.41,135.41,135.41,0
DWS025,20140107,134.65,134.65,134.65,134.65,0
DWS025,20140108,134.63,134.63,134.63,134.63,0
DWS025,20140109,134.43,134.43,134.43,134.43,0
DWS025,20140110,135.93,135.93,135.93,135.93,0
DWS025,20140113,136.59,136.59,136.59,136.59,0
DWS025,20140114,135.99,135.99,135.99,135.99,0
DWS025,20140115,135.88,135.88,135.88,135.88,0
DWS025,20140116,136.58,136.58,136.58,136.58,0
DWS025,20140117,138.02,138.02,138.02,138.02,0
DWS025,20140120,139.15,139.15,139.15,139.15,0
DWS025,20140121,139.31,139.31,139.31,139.31,0
DWS025,20140122,136.94,136.94,136.94,136.94,0
DWS025,20140123,138.89,138.89,138.89,138.89,0
DWS025,20140124,138.34,138.34,138.34,138.34,0
DWS025,20140127,137.29,137.29,137.29,137.29,0
DWS025,20140128,136.80,136.80,136.80,136.80,0
DWS025,20140129,139.66,139.66,139.66,139.66,0
DWS025,20140130,138.12,138.12,138.12,138.12,0
DWS025,20140131,137.65,137.65,137.65,137.65,0
DWS025,20140203,139.31,139.31,139.31,139.31,0
DWS025,20140204,138.42,138.42,138.42,138.42,0
DWS025,20140205,138.50,138.50,138.50,138.50,0
DWS025,20140206,139.79,139.79,139.79,139.79,0
DWS025,20140207,140.26,140.26,140.26,140.26,0
DWS025,20140210,141.00,141.00,141.00,141.00,0
DWS025,20140211,142.71,142.71,142.71,142.71,0
DWS025,20140212,142.67,142.67,142.67,142.67,0
DWS025,20140213,143.63,143.63,143.63,143.63,0
DWS025,20140214,145.16,145.16,145.16,145.16,0
DWS025,20140217,146.22,146.22,146.22,146.22,0
DWS025,20140218,145.41,145.41,145.41,145.41,0
DWS025,20140219,143.89,143.89,143.89,143.89,0
DWS025,20140220,148.28,148.28,148.28,148.28,0
DWS025,20140221,146.67,146.67,146.67,146.67,0
DWS025,20140224,151.60,151.60,151.60,151.60,0
DWS025,20140225,148.55,148.55,148.55,148.55,0
DWS025,20140226,146.28,146.28,146.28,146.28,0
DWS025,20140227,146.16,146.16,146.16,146.16,0
DWS025,20140228,145.91,145.91,145.91,145.91,0
DWS025,20140303,148.30,148.30,148.30,148.30,0
DWS025,20140304,146.64,146.64,146.64,146.64,0
DWS025,20140305,146.87,146.87,146.87,146.87,0
DWS025,20140306,146.86,146.86,146.86,146.86,0
DWS025,20140307,147.76,147.76,147.76,147.76,0
DWS025,20140310,146.61,146.61,146.61,146.61,0
DWS025,20140311,147.00,147.00,147.00,147.00,0
DWS025,20140312,147.92,147.92,147.92,147.92,0
DWS025,20140313,149.66,149.66,149.66,149.66,0
DWS025,20140314,149.54,149.54,149.54,149.54,0
DWS025,20140317,150.83,150.83,150.83,150.83,0
DWS025,20140318,149.50,149.50,149.50,149.50,0
DWS025,20140319,148.08,148.08,148.08,148.08,0
DWS025,20140320,146.08,146.08,146.08,146.08,0
DWS025,20140321,145.86,145.86,145.86,145.86,0
DWS025,20140324,145.49,145.49,145.49,145.49,0
DWS025,20140325,144.33,144.33,144.33,144.33,0
DWS025,20140326,143.64,143.64,143.64,143.64,0
DWS025,20140327,142.77,142.77,142.77,142.77,0
DWS025,20140328,142.97,142.97,142.97,142.97,0
DWS025,20140331,141.46,141.46,141.46,141.46,0
DWS025,20140401,138.79,138.79,138.79,138.79,0
DWS025,20140402,141.54,141.54,141.54,141.54,0
DWS025,20140403,139.00,139.00,139.00,139.00,0
DWS025,20140404,142.31,142.31,142.31,142.31,0
DWS025,20140407,141.21,141.21,141.21,141.21,0
DWS025,20140408,142.59,142.59,142.59,142.59,0
DWS025,20140409,141.65,141.65,141.65,141.65,0
DWS025,20140410,141.71,141.71,141.71,141.71,0
DWS025,20140411,141.84,141.84,141.84,141.84,0
DWS025,20140414,143.80,143.80,143.80,143.80,0
DWS025,20140415,140.19,140.19,140.19,140.19,0
DWS025,20140416,140.19,140.19,140.19,140.19,0
DWS025,20140417,139.31,139.31,139.31,139.31,0
DWS025,20140422,139.44,139.44,139.44,139.44,0
DWS025,20140423,139.46,139.46,139.46,139.46,0
DWS025,20140424,139.37,139.37,139.37,139.37,0
DWS025,20140425,141.02,141.02,141.02,141.02,0
DWS025,20140428,140.20,140.20,140.20,140.20,0
DWS025,20140429,141.30,141.30,141.30,141.30,0
DWS025,20140430,139.16,139.16,139.16,139.16,0
DWS025,20140502,141.35,141.35,141.35,141.35,0
DWS025,20140505,141.34,141.34,141.34,141.34,0
DWS025,20140506,141.50,141.50,141.50,141.50,0
DWS025,20140507,141.14,141.14,141.14,141.14,0
DWS025,20140508,140.78,140.78,140.78,140.78,0
DWS025,20140509,141.10,141.10,141.10,141.10,0
DWS025,20140512,141.18,141.18,141.18,141.18,0
DWS025,20140513,141.16,141.16,141.16,141.16,0
DWS025,20140514,141.33,141.33,141.33,141.33,0
DWS025,20140515,141.35,141.35,141.35,141.35,0
DWS025,20140516,141.26,141.26,141.26,141.26,0
DWS025,20140519,141.17,141.17,141.17,141.17,0
DWS025,20140520,141.85,141.85,141.85,141.85,0
DWS025,20140521,141.89,141.89,141.89,141.89,0
DWS025,20140522,142.08,142.08,142.08,142.08,0
DWS025,20140523,141.83,141.83,141.83,141.83,0
DWS025,20140526,141.63,141.63,141.63,141.63,0
DWS025,20140527,141.02,141.02,141.02,141.02,0
DWS025,20140528,138.98,138.98,138.98,138.98,0
DWS025,20140529,138.67,138.67,138.67,138.67,0
DWS025,20140602,135.37,135.37,135.37,135.37,0
DWS025,20140603,134.15,134.15,134.15,134.15,0
DWS025,20140604,135.32,135.32,135.32,135.32,0
DWS025,20140605,136.33,136.33,136.33,136.33,0
DWS025,20140606,135.65,135.65,135.65,135.65,0
DWS025,20140609,136.21,136.21,136.21,136.21,0
DWS025,20140610,138.22,138.22,138.22,138.22,0
DWS025,20140611,138.84,138.84,138.84,138.84,0
DWS025,20140612,140.32,140.32,140.32,140.32,0
DWS025,20140613,139.74,139.74,139.74,139.74,0
DWS025,20140616,139.69,139.69,139.69,139.69,0
DWS025,20140617,139.46,139.46,139.46,139.46,0
DWS025,20140620,145.01,145.01,145.01,145.01,0
DWS025,20140623,146.20,146.20,146.20,146.20,0
DWS025,20140624,143.73,143.73,143.73,143.73,0
DWS025,20140625,144.03,144.03,144.03,144.03,0
DWS025,20140626,144.78,144.78,144.78,144.78,0
DWS025,20140627,144.55,144.55,144.55,144.55,0
DWS025,20140630,145.30,145.30,145.30,145.30,0
DWS025,20140701,144.93,144.93,144.93,144.93,0
DWS025,20140702,146.43,146.43,146.43,146.43,0
DWS025,20140704,146.82,146.82,146.82,146.82,0
DWS025,20140707,145.38,145.38,145.38,145.38,0
DWS025,20140708,145.81,145.81,145.81,145.81,0
DWS025,20140709,147.04,147.04,147.04,147.04,0
DWS025,20140710,148.79,148.79,148.79,148.79,0
DWS025,20140711,148.39,148.39,148.39,148.39,0
DWS025,20140714,143.24,143.24,143.24,143.24,0
DWS025,20140715,142.50,142.50,142.50,142.50,0
DWS025,20140716,143.70,143.70,143.70,143.70,0
DWS025,20140717,145.77,145.77,145.77,145.77,0
DWS025,20140718,145.07,145.07,145.07,145.07,0
DWS025,20140721,145.04,145.04,145.04,145.04,0
DWS025,20140722,144.95,144.95,144.95,144.95,0
DWS025,20140723,144.92,144.92,144.92,144.92,0
DWS025,20140724,143.03,143.03,143.03,143.03,0
DWS025,20140725,144.41,144.41,144.41,144.41,0
DWS025,20140728,144.95,144.95,144.95,144.95,0
DWS025,20140729,144.96,144.96,144.96,144.96,0
DWS025,20140805,143.77,143.77,143.77,143.77,0
DWS025,20140806,145.17,145.17,145.17,145.17,0
DWS025,20140807,145.23,145.23,145.23,145.23,0
DWS025,20140808,147.43,147.43,147.43,147.43,0
DWS025,20140811,147.02,147.02,147.02,147.02,0
DWS025,20140812,146.77,146.77,146.77,146.77,0
DWS025,20140813,147.04,147.04,147.04,147.04,0
DWS025,20140814,147.25,147.25,147.25,147.25,0
DWS025,20140818,145.71,145.71,145.71,145.71,0
DWS025,20140820,145.89,145.89,145.89,145.89,0
DWS025,20140821,144.00,144.00,144.00,144.00,0
DWS025,20140822,144.17,144.17,144.17,144.17,0
DWS025,20140825,144.09,144.09,144.09,144.09,0
DWS025,20140826,145.77,145.77,145.77,145.77,0
DWS025,20140827,145.17,145.17,145.17,145.17,0
DWS025,20140828,145.35,145.35,145.35,145.35,0
DWS025,20140901,146.40,146.40,146.40,146.40,0
DWS025,20140902,144.37,144.37,144.37,144.37,0
DWS025,20140903,144.41,144.41,144.41,144.41,0
DWS025,20140904,144.48,144.48,144.48,144.48,0
DWS025,20140905,143.91,143.91,143.91,143.91,0
DWS025,20140908,144.40,144.40,144.40,144.40,0
DWS025,20140909,143.76,143.76,143.76,143.76,0
DWS025,20140910,142.97,142.97,142.97,142.97,0
DWS025,20140918,139.50,139.50,139.50,139.50,0
DWS025,20140919,138.91,138.91,138.91,138.91,0
DWS025,20140922,137.61,137.61,137.61,137.61,0
DWS025,20140923,137.99,137.99,137.99,137.99,0
DWS025,20140924,139.38,139.38,139.38,139.38,0
DWS025,20140925,138.06,138.06,138.06,138.06,0
DWS025,20140929,139.25,139.25,139.25,139.25,0
DWS025,20140930,139.21,139.21,139.21,139.21,0
DWS025,20141001,137.63,137.63,137.63,137.63,0
DWS025,20141002,139.29,139.29,139.29,139.29,0
DWS025,20141006,137.59,137.59,137.59,137.59,0
DWS025,20141007,137.84,137.84,137.84,137.84,0
DWS025,20141008,138.94,138.94,138.94,138.94,0
DWS025,20141009,139.99,139.99,139.99,139.99,0
DWS025,20141010,139.02,139.02,139.02,139.02,0
DWS025,20141013,140.33,140.33,140.33,140.33,0
DWS025,20141014,140.41,140.41,140.41,140.41,0
DWS025,20141015,139.98,139.98,139.98,139.98,0
DWS025,20141016,141.71,141.71,141.71,141.71,0
DWS025,20141017,141.04,141.04,141.04,141.04,0
DWS025,20141020,139.92,139.92,139.92,139.92,0
DWS025,20141021,140.85,140.85,140.85,140.85,0
DWS025,20141022,140.57,140.57,140.57,140.57,0
DWS025,20141023,141.10,141.10,141.10,141.10,0
DWS025,20141024,140.09,140.09,140.09,140.09,0
DWS025,20141027,139.37,139.37,139.37,139.37,0
DWS025,20141028,138.98,138.98,138.98,138.98,0
DWS025,20141029,138.50,138.50,138.50,138.50,0
DWS025,20141030,137.00,137.00,137.00,137.00,0
DWS025,20141031,132.69,132.69,132.69,132.69,0
DWS025,20141103,132.40,132.40,132.40,132.40,0
DWS025,20141104,131.68,131.68,131.68,131.68,0
DWS025,20141105,129.55,129.55,129.55,129.55,0
DWS025,20141106,129.18,129.18,129.18,129.18,0
DWS025,20141107,130.79,130.79,130.79,130.79,0
DWS025,20141110,132.67,132.67,132.67,132.67,0
DWS025,20141112,132.52,132.52,132.52,132.52,0
DWS025,20141113,132.81,132.81,132.81,132.81,0
DWS025,20141114,131.09,131.09,131.09,131.09,0
DWS025,20141117,135.23,135.23,135.23,135.23,0
DWS025,20141118,134.58,134.58,134.58,134.58,0
DWS025,20141119,136.06,136.06,136.06,136.06,0
DWS025,20141120,134.67,134.67,134.67,134.67,0
DWS025,20141121,135.74,135.74,135.74,135.74,0
DWS025,20141124,137.33,137.33,137.33,137.33,0
DWS025,20141125,137.44,137.44,137.44,137.44,0
DWS025,20141126,137.37,137.37,137.37,137.37,0
DWS025,20141127,135.93,135.93,135.93,135.93,0
DWS025,20141128,134.46,134.46,134.46,134.46,0
DWS025,20141201,133.05,133.05,133.05,133.05,0
DWS025,20141202,135.70,135.70,135.70,135.70,0
DWS025,20141203,137.36,137.36,137.36,137.36,0
DWS025,20141204,137.18,137.18,137.18,137.18,0
DWS025,20141205,136.77,136.77,136.77,136.77,0
DWS025,20141208,136.06,136.06,136.06,136.06,0
DWS025,20141209,137.79,137.79,137.79,137.79,0
DWS025,20141210,139.24,139.24,139.24,139.24,0
DWS025,20141211,137.54,137.54,137.54,137.54,0
DWS025,20141212,137.37,137.37,137.37,137.37,0
DWS025,20141215,135.68,135.68,135.68,135.68,0
DWS025,20141216,133.02,133.02,133.02,133.02,0
DWS025,20141217,134.22,134.22,134.22,134.22,0
DWS025,20141218,135.30,135.30,135.30,135.30,0
DWS025,20141219,136.37,136.37,136.37,136.37,0
DWS025,20141222,135.06,135.06,135.06,135.06,0
DWS025,20141223,133.64,133.64,133.64,133.64,0
DWS025,20141229,136.67,136.67,136.67,136.67,0
DWS025,20141230,135.82,135.82,135.82,135.82,0
DWS025,20150102,137.72,137.72,137.72,137.72,0
DWS025,20150105,140.48,140.48,140.48,140.48,0
DWS025,20150107,143.17,143.17,143.17,143.17,0
DWS025,20150108,143.40,143.40,143.40,143.40,0
DWS025,20150109,144.19,144.19,144.19,144.19,0
DWS025,20150112,146.23,146.23,146.23,146.23,0
DWS025,20150113,146.60,146.60,146.60,146.60,0
DWS025,20150114,145.82,145.82,145.82,145.82,0
DWS025,20150115,147.98,147.98,147.98,147.98,0
DWS025,20150116,149.69,149.69,149.69,149.69,0
DWS025,20150119,154.93,154.93,154.93,154.93,0
DWS025,20150120,156.48,156.48,156.48,156.48,0
DWS025,20150121,158.24,158.24,158.24,158.24,0
DWS025,20150122,158.24,158.24,158.24,158.24,0
DWS025,20150123,158.64,158.64,158.64,158.64,0
DWS025,20150126,159.68,159.68,159.68,159.68,0
DWS025,20150127,159.29,159.29,159.29,159.29,0
DWS025,20150128,157.95,157.95,157.95,157.95,0
DWS025,20150129,157.19,157.19,157.19,157.19,0
DWS025,20150130,156.75,156.75,156.75,156.75,0
DWS025,20150202,155.71,155.71,155.71,155.71,0
DWS025,20150203,153.68,153.68,153.68,153.68,0
DWS025,20150204,154.05,154.05,154.05,154.05,0
DWS025,20150205,153.61,153.61,153.61,153.61,0
DWS025,20150206,150.69,150.69,150.69,150.69,0
DWS025,20150209,150.79,150.79,150.79,150.79,0
DWS025,20150210,151.16,151.16,151.16,151.16,0
DWS025,20150211,150.26,150.26,150.26,150.26,0
DWS025,20150212,152.41,152.41,152.41,152.41,0
DWS025,20150213,149.66,149.66,149.66,149.66,0
DWS025,20150216,151.15,151.15,151.15,151.15,0
DWS025,20150217,148.29,148.29,148.29,148.29,0
DWS025,20150218,146.97,146.97,146.97,146.97,0
DWS025,20150219,148.82,148.82,148.82,148.82,0
DWS025,20150220,147.14,147.14,147.14,147.14,0
DWS025,20150223,145.66,145.66,145.66,145.66,0
DWS025,20150224,146.41,146.41,146.41,146.41,0
DWS025,20150225,147.52,147.52,147.52,147.52,0
DWS025,20150226,149.36,149.36,149.36,149.36,0
DWS025,20150227,148.45,148.45,148.45,148.45,0
DWS025,20150302,149.44,149.44,149.44,149.44,0
DWS025,20150303,148.79,148.79,148.79,148.79,0
DWS025,20150304,148.40,148.40,148.40,148.40,0
DWS025,20150305,148.33,148.33,148.33,148.33,0
DWS025,20150306,147.78,147.78,147.78,147.78,0
DWS025,20150309,144.92,144.92,144.92,144.92,0
DWS025,20150310,144.99,144.99,144.99,144.99,0
DWS025,20150311,146.78,146.78,146.78,146.78,0
DWS025,20150312,146.31,146.31,146.31,146.31,0
DWS025,20150313,147.05,147.05,147.05,147.05,0
DWS025,20150316,146.96,146.96,146.96,146.96,0
DWS025,20150317,146.62,146.62,146.62,146.62,0
DWS025,20150318,146.24,146.24,146.24,146.24,0
DWS025,20150319,148.19,148.19,148.19,148.19,0
DWS025,20150320,148.46,148.46,148.46,148.46,0
DWS025,20150323,148.32,148.32,148.32,148.32,0
DWS025,20150324,149.06,149.06,149.06,149.06,0
DWS025,20150325,147.48,147.48,147.48,147.48,0
DWS025,20150326,149.32,149.32,149.32,149.32,0
DWS025,20150327,148.33,148.33,148.33,148.33,0
DWS025,20150330,147.68,147.68,147.68,147.68,0
DWS025,20150331,147.35,147.35,147.35,147.35,0
DWS025,20150401,147.63,147.63,147.63,147.63,0
DWS025,20150402,149.87,149.87,149.87,149.87,0
DWS025,20150407,150.55,150.55,150.55,150.55,0
DWS025,20150408,149.72,149.72,149.72,149.72,0
DWS025,20150409,149.19,149.19,149.19,149.19,0
DWS025,20150410,151.95,151.95,151.95,151.95,0
DWS025,20150413,151.94,151.94,151.94,151.94,0
DWS025,20150414,151.36,151.36,151.36,151.36,0
DWS025,20150415,154.14,154.14,154.14,154.14,0
DWS025,20150416,152.66,152.66,152.66,152.66,0
DWS025,20150417,151.62,151.62,151.62,151.62,0
DWS025,20150420,149.42,149.42,149.42,149.42,0
DWS025,20150421,150.22,150.22,150.22,150.22,0
DWS025,20150422,151.03,151.03,151.03,151.03,0
DWS025,20150423,149.07,149.07,149.07,149.07,0
DWS025,20150424,149.66,149.66,149.66,149.66,0
DWS025,20150427,147.08,147.08,147.08,147.08,0
DWS025,20150428,149.47,149.47,149.47,149.47,0
DWS025,20150429,150.15,150.15,150.15,150.15,0
DWS025,20150430,146.75,146.75,146.75,146.75,0
DWS025,20150504,145.75,145.75,145.75,145.75,0
DWS025,20150505,145.24,145.24,145.24,145.24,0
DWS025,20150506,144.90,144.90,144.90,144.90,0
DWS025,20150507,142.56,142.56,142.56,142.56,0
DWS025,20150508,144.00,144.00,144.00,144.00,0
DWS025,20150511,145.66,145.66,145.66,145.66,0
DWS025,20150512,145.35,145.35,145.35,145.35,0
DWS025,20150513,145.64,145.64,145.64,145.64,0
DWS025,20150514,146.75,146.75,146.75,146.75,0
DWS025,20150515,147.28,147.28,147.28,147.28,0
DWS025,20150518,147.67,147.67,147.67,147.67,0
DWS025,20150519,147.17,147.17,147.17,147.17,0
DWS025,20150520,147.83,147.83,147.83,147.83,0
DWS025,20150521,147.47,147.47,147.47,147.47,0
DWS025,20150522,147.78,147.78,147.78,147.78,0
DWS025,20150525,147.37,147.37,147.37,147.37,0
DWS025,20150526,147.27,147.27,147.27,147.27,0
DWS025,20150527,147.05,147.05,147.05,147.05,0
DWS025,20150528,146.71,146.71,146.71,146.71,0
DWS025,20150529,146.39,146.39,146.39,146.39,0
DWS025,20150601,147.04,147.04,147.04,147.04,0
DWS025,20150602,146.03,146.03,146.03,146.03,0
DWS025,20150603,142.62,142.62,142.62,142.62,0
DWS025,20150605,141.51,141.51,141.51,141.51,0
DWS025,20150608,141.48,141.48,141.48,141.48,0
DWS025,20150609,141.26,141.26,141.26,141.26,0
DWS025,20150610,142.04,142.04,142.04,142.04,0
DWS025,20150611,142.26,142.26,142.26,142.26,0
DWS025,20150612,141.07,141.07,141.07,141.07,0
DWS025,20150615,141.56,141.56,141.56,141.56,0
DWS025,20150616,141.07,141.07,141.07,141.07,0
DWS025,20150617,141.68,141.68,141.68,141.68,0
DWS025,20150618,143.22,143.22,143.22,143.22,0
DWS025,20150619,141.85,141.85,141.85,141.85,0
DWS025,20150622,139.99,139.99,139.99,139.99,0
DWS025,20150623,142.03,142.03,142.03,142.03,0
DWS025,20150624,141.53,141.53,141.53,141.53,0
DWS025,20150625,140.36,140.36,140.36,140.36,0
DWS025,20150626,140.97,140.97,140.97,140.97,0
DWS025,20150629,140.68,140.68,140.68,140.68,0
DWS025,20150630,141.57,141.57,141.57,141.57,0
DWS025,20150701,140.02,140.02,140.02,140.02,0
DWS025,20150702,140.83,140.83,140.83,140.83,0
DWS025,20150703,140.52,140.52,140.52,140.52,0
DWS025,20150706,141.88,141.88,141.88,141.88,0
DWS025,20150707,139.92,139.92,139.92,139.92,0
DWS025,20150708,139.56,139.56,139.56,139.56,0
DWS025,20150709,139.47,139.47,139.47,139.47,0
DWS025,20150710,138.89,138.89,138.89,138.89,0
DWS025,20150713,138.97,138.97,138.97,138.97,0
DWS025,20150714,139.37,139.37,139.37,139.37,0
DWS025,20150715,138.05,138.05,138.05,138.05,0
DWS025,20150716,140.09,140.09,140.09,140.09,0
DWS025,20150717,135.13,135.13,135.13,135.13,0
DWS025,20150720,133.51,133.51,133.51,133.51,0
DWS025,20150721,131.80,131.80,131.80,131.80,0
DWS025,20150722,131.57,131.57,131.57,131.57,0
DWS025,20150723,129.46,129.46,129.46,129.46,0
DWS025,20150724,127.27,127.27,127.27,127.27,0
DWS025,20150727,128.13,128.13,128.13,128.13,0
DWS025,20150728,129.47,129.47,129.47,129.47,0
DWS025,20150729,130.90,130.90,130.90,130.90,0
DWS025,20150730,130.41,130.41,130.41,130.41,0
DWS025,20150731,130.79,130.79,130.79,130.79,0
DWS025,20150803,129.53,129.53,129.53,129.53,0
DWS025,20150804,129.24,129.24,129.24,129.24,0
DWS025,20150805,128.51,128.51,128.51,128.51,0
DWS025,20150806,130.10,130.10,130.10,130.10,0
DWS025,20150807,129.48,129.48,129.48,129.48,0
DWS025,20150810,131.85,131.85,131.85,131.85,0
DWS025,20150811,131.55,131.55,131.55,131.55,0
DWS025,20150812,132.37,132.37,132.37,132.37,0
DWS025,20150813,131.66,131.66,131.66,131.66,0
DWS025,20150814,131.76,131.76,131.76,131.76,0
DWS025,20150817,133.42,133.42,133.42,133.42,0
DWS025,20150818,131.88,131.88,131.88,131.88,0
DWS025,20150819,134.00,134.00,134.00,134.00,0
DWS025,20150820,136.67,136.67,136.67,136.67,0
DWS025,20150821,135.38,135.38,135.38,135.38,0
DWS025,20150824,133.91,133.91,133.91,133.91,0
DWS025,20150825,132.97,132.97,132.97,132.97,0
DWS025,20150826,128.63,128.63,128.63,128.63,0
DWS025,20150827,130.46,130.46,130.46,130.46,0
DWS025,20150828,130.90,130.90,130.90,130.90,0
DWS025,20150831,131.36,131.36,131.36,131.36,0
DWS025,20150901,130.35,130.35,130.35,130.35,0
DWS025,20150902,130.60,130.60,130.60,130.60,0
DWS025,20150903,130.69,130.69,130.69,130.69,0
DWS025,20150904,130.15,130.15,130.15,130.15,0
DWS025,20150907,129.82,129.82,129.82,129.82,0
DWS025,20150908,131.23,131.23,131.23,131.23,0
DWS025,20150909,127.86,127.86,127.86,127.86,0
DWS025,20150910,128.10,128.10,128.10,128.10,0
DWS025,20150911,126.82,126.82,126.82,126.82,0
DWS025,20150914,127.18,127.18,127.18,127.18,0
DWS025,20150915,127.35,127.35,127.35,127.35,0
DWS025,20150916,130.56,130.56,130.56,130.56,0
DWS025,20150917,130.91,130.91,130.91,130.91,0
DWS025,20150918,132.75,132.75,132.75,132.75,0
DWS025,20150921,130.79,130.79,130.79,130.79,0
DWS025,20150922,130.22,130.22,130.22,130.22,0
DWS025,20150923,129.57,129.57,129.57,129.57,0
DWS025,20150924,133.86,133.86,133.86,133.86,0
DWS025,20150925,132.76,132.76,132.76,132.76,0
DWS025,20150928,132.61,132.61,132.61,132.61,0
DWS025,20150929,129.77,129.77,129.77,129.77,0
DWS025,20150930,130.28,130.28,130.28,130.28,0
DWS025,20151001,129.68,129.68,129.68,129.68,0
DWS025,20151002,130.09,130.09,130.09,130.09,0
DWS025,20151005,132.53,132.53,132.53,132.53,0
DWS025,20151006,133.95,133.95,133.95,133.95,0
DWS025,20151007,133.45,133.45,133.45,133.45,0
DWS025,20151008,133.64,133.64,133.64,133.64,0
DWS025,20151009,134.52,134.52,134.52,134.52,0
DWS025,20151012,133.14,133.14,133.14,133.14,0
DWS025,20151013,133.25,133.25,133.25,133.25,0
DWS025,20151014,136.16,136.16,136.16,136.16,0
DWS025,20151015,137.53,137.53,137.53,137.53,0
DWS025,20151016,137.03,137.03,137.03,137.03,0
DWS025,20151019,136.63,136.63,136.63,136.63,0
DWS025,20151020,136.46,136.46,136.46,136.46,0
DWS025,20151021,135.05,135.05,135.05,135.05,0
DWS025,20151022,135.28,135.28,135.28,135.28,0
DWS025,20151023,139.85,139.85,139.85,139.85,0
DWS025,20151026,138.32,138.32,138.32,138.32,0
DWS025,20151027,137.43,137.43,137.43,137.43,0
DWS025,20151028,140.05,140.05,140.05,140.05,0
DWS025,20151029,136.93,136.93,136.93,136.93,0
DWS025,20151030,135.49,135.49,135.49,135.49,0
DWS025,20151102,136.27,136.27,136.27,136.27,0
DWS025,20151103,135.01,135.01,135.01,135.01,0
DWS025,20151104,135.18,135.18,135.18,135.18,0
DWS025,20151105,134.25,134.25,134.25,134.25,0
DWS025,20151106,132.14,132.14,132.14,132.14,0
DWS025,20151109,132.01,132.01,132.01,132.01,0
DWS025,20151110,131.71,131.71,131.71,131.71,0
DWS025,20151112,131.70,131.70,131.70,131.70,0
DWS025,20151113,131.38,131.38,131.38,131.38,0
DWS025,20151116,131.03,131.03,131.03,131.03,0
DWS025,20151117,131.70,131.70,131.70,131.70,0
DWS025,20151118,130.88,130.88,130.88,130.88,0
DWS025,20151119,130.48,130.48,130.48,130.48,0
DWS025,20151120,130.80,130.80,130.80,130.80,0
DWS025,20151123,131.09,131.09,131.09,131.09,0
DWS025,20151124,130.69,130.69,130.69,130.69,0
DWS025,20151125,130.72,130.72,130.72,130.72,0
DWS025,20151126,130.67,130.67,130.67,130.67,0
DWS025,20151127,130.79,130.79,130.79,130.79,0
DWS025,20151130,130.23,130.23,130.23,130.23,0
DWS025,20151201,130.40,130.40,130.40,130.40,0
DWS025,20151202,130.61,130.61,130.61,130.61,0
DWS025,20151203,129.24,129.24,129.24,129.24,0
DWS025,20151204,129.49,129.49,129.49,129.49,0
DWS025,20151207,128.57,128.57,128.57,128.57,0
DWS025,20151208,128.88,128.88,128.88,128.88,0
DWS025,20151209,128.09,128.09,128.09,128.09,0
DWS025,20151210,127.64,127.64,127.64,127.64,0
DWS025,20151211,127.64,127.64,127.64,127.64,0
DWS025,20151214,126.46,126.46,126.46,126.46,0
DWS025,20151215,125.94,125.94,125.94,125.94,0
DWS025,20151216,126.34,126.34,126.34,126.34,0
DWS025,20151217,126.04,126.04,126.04,126.04,0
DWS025,20151218,127.71,127.71,127.71,127.71,0
DWS025,20151221,127.21,127.21,127.21,127.21,0
DWS025,20151222,127.78,127.78,127.78,127.78,0
DWS025,20151223,128.53,128.53,128.53,128.53,0
DWS025,20151228,127.87,127.87,127.87,127.87,0
DWS025,20151229,128.17,128.17,128.17,128.17,0
DWS025,20151230,127.07,127.07,127.07,127.07,0
DWS025,20160104,128.42,128.42,128.42,128.42,0
DWS025,20160105,127.82,127.82,127.82,127.82,0
DWS025,20160107,131.46,131.46,131.46,131.46,0
DWS025,20160108,131.21,131.21,131.21,131.21,0
DWS025,20160111,131.43,131.43,131.43,131.43,0
DWS025,20160112,129.95,129.95,129.95,129.95,0
DWS025,20160113,129.88,129.88,129.88,129.88,0
DWS025,20160114,128.99,128.99,128.99,128.99,0
DWS025,20160115,128.75,128.75,128.75,128.75,0
DWS025,20160118,128.85,128.85,128.85,128.85,0
DWS025,20160119,128.55,128.55,128.55,128.55,0
DWS025,20160120,128.13,128.13,128.13,128.13,0
DWS025,20160121,128.33,128.33,128.33,128.33,0
DWS025,20160122,129.42,129.42,129.42,129.42,0
DWS025,20160125,130.51,130.51,130.51,130.51,0
DWS025,20160126,131.99,131.99,131.99,131.99,0
DWS025,20160127,132.31,132.31,132.31,132.31,0
DWS025,20160128,132.23,132.23,132.23,132.23,0
DWS025,20160129,132.75,132.75,132.75,132.75,0
DWS025,20160201,133.57,133.57,133.57,133.57,0
DWS025,20160202,133.01,133.01,133.01,133.01,0
DWS025,20160203,133.36,133.36,133.36,133.36,0
DWS025,20160204,134.15,134.15,134.15,134.15,0
DWS025,20160205,136.65,136.65,136.65,136.65,0
DWS025,20160208,139.19,139.19,139.19,139.19,0
DWS025,20160209,137.37,137.37,137.37,137.37,0
DWS025,20160210,137.34,137.34,137.34,137.34,0
DWS025,20160211,143.87,143.87,143.87,143.87,0
DWS025,20160212,143.34,143.34,143.34,143.34,0
DWS025,20160215,141.47,141.47,141.47,141.47,0
DWS025,20160216,141.41,141.41,141.41,141.41,0
DWS025,20160217,140.63,140.63,140.63,140.63,0
DWS025,20160218,144.33,144.33,144.33,144.33,0
DWS025,20160219,143.60,143.60,143.60,143.60,0
DWS025,20160222,142.73,142.73,142.73,142.73,0
DWS025,20160223,143.51,143.51,143.51,143.51,0
DWS025,20160224,145.08,145.08,145.08,145.08,0
DWS025,20160225,145.94,145.94,145.94,145.94,0
DWS025,20160226,145.75,145.75,145.75,145.75,0
DWS025,20160229,146.65,146.65,146.65,146.65,0
DWS025,20160301,146.49,146.49,146.49,146.49,0
DWS025,20160302,148.07,148.07,148.07,148.07,0
DWS025,20160303,147.23,147.23,147.23,147.23,0
DWS025,20160304,149.26,149.26,149.26,149.26,0
DWS025,20160307,150.74,150.74,150.74,150.74,0
DWS025,20160308,150.59,150.59,150.59,150.59,0
DWS025,20160309,149.97,149.97,149.97,149.97,0
DWS025,20160310,148.90,148.90,148.90,148.90,0
DWS025,20160311,148.16,148.16,148.16,148.16,0
DWS025,20160314,148.17,148.17,148.17,148.17,0
DWS025,20160315,146.02,146.02,146.02,146.02,0
DWS025,20160316,145.75,145.75,145.75,145.75,0
DWS025,20160317,146.78,146.78,146.78,146.78,0
DWS025,20160318,147.94,147.94,147.94,147.94,0
DWS025,20160321,146.55,146.55,146.55,146.55,0
DWS025,20160322,145.95,145.95,145.95,145.95,0
DWS025,20160323,145.63,145.63,145.63,145.63,0
DWS025,20160324,142.71,142.71,142.71,142.71,0
DWS025,20160329,143.62,143.62,143.62,143.62,0
DWS025,20160330,143.68,143.68,143.68,143.68,0
DWS025,20160331,144.24,144.24,144.24,144.24,0
DWS025,20160401,143.41,143.41,143.41,143.41,0
DWS025,20160404,142.47,142.47,142.47,142.47,0
DWS025,20160405,141.54,141.54,141.54,141.54,0
DWS025,20160406,142.92,142.92,142.92,142.92,0
DWS025,20160407,143.24,143.24,143.24,143.24,0
DWS025,20160408,144.35,144.35,144.35,144.35,0
DWS025,20160411,145.58,145.58,145.58,145.58,0
DWS025,20160412,147.39,147.39,147.39,147.39,0
DWS025,20160413,147.52,147.52,147.52,147.52,0
DWS025,20160414,146.04,146.04,146.04,146.04,0
DWS025,20160415,146.87,146.87,146.87,146.87,0
DWS025,20160418,146.06,146.06,146.06,146.06,0
DWS025,20160419,146.96,146.96,146.96,146.96,0
DWS025,20160420,147.99,147.99,147.99,147.99,0
DWS025,20160421,147.66,147.66,147.66,147.66,0
DWS025,20160422,149.12,149.12,149.12,149.12,0
DWS025,20160425,148.00,148.00,148.00,148.00,0
DWS025,20160426,147.00,147.00,147.00,147.00,0
DWS025,20160427,147.12,147.12,147.12,147.12,0
DWS025,20160428,150.05,150.05,150.05,150.05,0
DWS025,20160429,150.53,150.53,150.53,150.53,0
DWS025,20160502,151.39,151.39,151.39,151.39,0
DWS025,20160504,148.72,148.72,148.72,148.72,0
DWS025,20160505,150.50,150.50,150.50,150.50,0
DWS025,20160506,151.72,151.72,151.72,151.72,0
DWS025,20160509,148.16,148.16,148.16,148.16,0
DWS025,20160510,149.65,149.65,149.65,149.65,0
DWS025,20160511,150.42,150.42,150.42,150.42,0
DWS025,20160512,150.21,150.21,150.21,150.21,0
DWS025,20160513,150.47,150.47,150.47,150.47,0
DWS025,20160516,150.31,150.31,150.31,150.31,0
DWS025,20160517,152.02,152.02,152.02,152.02,0
DWS025,20160518,148.07,148.07,148.07,148.07,0
DWS025,20160519,148.25,148.25,148.25,148.25,0
DWS025,20160520,148.86,148.86,148.86,148.86,0
DWS025,20160523,148.39,148.39,148.39,148.39,0
DWS025,20160524,145.68,145.68,145.68,145.68,0
DWS025,20160525,148.70,148.70,148.70,148.70,0
DWS025,20160527,144.15,144.15,144.15,144.15,0
DWS025,20160530,143.25,143.25,143.25,143.25,0
DWS025,20160531,144.46,144.46,144.46,144.46,0
DWS025,20160601,144.42,144.42,144.42,144.42,0
DWS025,20160602,143.74,143.74,143.74,143.74,0
DWS025,20160603,144.19,144.19,144.19,144.19,0
DWS025,20160606,148.18,148.18,148.18,148.18,0
DWS025,20160607,148.15,148.15,148.15,148.15,0
DWS025,20160608,149.17,149.17,149.17,149.17,0
DWS025,20160609,151.05,151.05,151.05,151.05,0
DWS025,20160610,152.13,152.13,152.13,152.13,0
DWS025,20160613,154.20,154.20,154.20,154.20,0
DWS025,20160614,154.51,154.51,154.51,154.51,0
DWS025,20160615,154.53,154.53,154.53,154.53,0
DWS025,20160616,156.07,156.07,156.07,156.07,0
DWS025,20160617,155.09,155.09,155.09,155.09,0
DWS025,20160620,153.24,153.24,153.24,153.24,0
DWS025,20160621,152.95,152.95,152.95,152.95,0
DWS025,20160622,151.57,151.57,151.57,151.57,0
DWS025,20160623,150.64,150.64,150.64,150.64,0
DWS025,20160624,159.31,159.31,159.31,159.31,0
DWS025,20160627,162.46,162.46,162.46,162.46,0
DWS025,20160628,159.18,159.18,159.18,159.18,0
DWS025,20160629,160.16,160.16,160.16,160.16,0
DWS025,20160630,159.58,159.58,159.58,159.58,0
DWS025,20160701,162.23,162.23,162.23,162.23,0
DWS025,20160704,165.93,165.93,165.93,165.93,0
DWS025,20160705,166.19,166.19,166.19,166.19,0
DWS025,20160706,167.94,167.94,167.94,167.94,0
DWS025,20160707,165.72,165.72,165.72,165.72,0
DWS025,20160708,165.73,165.73,165.73,165.73,0
DWS025,20160711,166.58,166.58,166.58,166.58,0
DWS025,20160712,163.64,163.64,163.64,163.64,0
DWS025,20160713,164.77,164.77,164.77,164.77,0
DWS025,20160714,166.69,166.69,166.69,166.69,0
DWS025,20160715,163.68,163.68,163.68,163.68,0
DWS025,20160718,163.53,163.53,163.53,163.53,0
DWS025,20160719,163.91,163.91,163.91,163.91,0
DWS025,20160720,160.37,160.37,160.37,160.37,0
DWS025,20160721,161.81,161.81,161.81,161.81,0
DWS025,20160722,162.35,162.35,162.35,162.35,0
DWS025,20160725,160.66,160.66,160.66,160.66,0
DWS025,20160726,161.92,161.92,161.92,161.92,0
DWS025,20160727,163.27,163.27,163.27,163.27,0
DWS025,20160728,163.77,163.77,163.77,163.77,0
DWS025,20160729,163.30,163.30,163.30,163.30,0
DWS025,20160801,164.62,164.62,164.62,164.62,0
DWS025,20160802,165.57,165.57,165.57,165.57,0
DWS025,20160803,165.61,165.61,165.61,165.61,0
DWS025,20160804,166.18,166.18,166.18,166.18,0
DWS025,20160805,163.82,163.82,163.82,163.82,0
DWS025,20160808,163.86,163.86,163.86,163.86,0
DWS025,20160809,163.63,163.63,163.63,163.63,0
DWS025,20160810,164.77,164.77,164.77,164.77,0
DWS025,20160811,164.12,164.12,164.12,164.12,0
DWS025,20160812,163.79,163.79,163.79,163.79,0
DWS025,20160816,163.29,163.29,163.29,163.29,0
DWS025,20160817,162.62,162.62,162.62,162.62,0
DWS025,20160818,162.73,162.73,162.73,162.73,0
DWS025,20160819,161.72,161.72,161.72,161.72,0
DWS025,20160822,160.79,160.79,160.79,160.79,0
DWS025,20160823,160.41,160.41,160.41,160.41,0
DWS025,20160824,158.90,158.90,158.90,158.90,0
DWS025,20160825,158.16,158.16,158.16,158.16,0
DWS025,20160826,158.64,158.64,158.64,158.64,0
DWS025,20160829,158.45,158.45,158.45,158.45,0
DWS025,20160830,157.43,157.43,157.43,157.43,0
DWS025,20160831,156.39,156.39,156.39,156.39,0
DWS025,20160901,156.76,156.76,156.76,156.76,0
DWS025,20160902,158.34,158.34,158.34,158.34,0
DWS025,20160905,159.66,159.66,159.66,159.66,0
DWS025,20160906,161.15,161.15,161.15,161.15,0
DWS025,20160907,161.59,161.59,161.59,161.59,0
DWS025,20160908,160.50,160.50,160.50,160.50,0
DWS025,20160909,157.61,157.61,157.61,157.61,0
DWS025,20160912,159.17,159.17,159.17,159.17,0
DWS025,20160913,156.90,156.90,156.90,156.90,0
DWS025,20160914,156.30,156.30,156.30,156.30,0
DWS025,20160915,156.58,156.58,156.58,156.58,0
DWS025,20160916,156.33,156.33,156.33,156.33,0
DWS025,20160919,156.72,156.72,156.72,156.72,0
DWS025,20160920,156.78,156.78,156.78,156.78,0
DWS025,20160921,160.33,160.33,160.33,160.33,0
DWS025,20160922,159.91,159.91,159.91,159.91,0
DWS025,20160923,158.91,158.91,158.91,158.91,0
DWS025,20160926,158.41,158.41,158.41,158.41,0
DWS025,20160927,157.86,157.86,157.86,157.86,0
DWS025,20160928,158.12,158.12,158.12,158.12,0
DWS025,20160929,157.86,157.86,157.86,157.86,0
DWS025,20160930,157.23,157.23,157.23,157.23,0
DWS025,20161003,157.21,157.21,157.21,157.21,0
DWS025,20161004,155.38,155.38,155.38,155.38,0
DWS025,20161005,151.19,151.19,151.19,151.19,0
DWS025,20161006,149.99,149.99,149.99,149.99,0
DWS025,20161007,149.16,149.16,149.16,149.16,0
DWS025,20161010,151.71,151.71,151.71,151.71,0
DWS025,20161011,149.20,149.20,149.20,149.20,0
DWS025,20161012,150.48,150.48,150.48,150.48,0
DWS025,20161013,151.16,151.16,151.16,151.16,0
DWS025,20161014,153.11,153.11,153.11,153.11,0
DWS025,20161017,150.40,150.40,150.40,150.40,0
DWS025,20161018,151.94,151.94,151.94,151.94,0
DWS025,20161019,153.63,153.63,153.63,153.63,0
DWS025,20161020,153.78,153.78,153.78,153.78,0
DWS025,20161021,153.71,153.71,153.71,153.71,0
DWS025,20161024,155.63,155.63,155.63,155.63,0
DWS025,20161025,153.66,153.66,153.66,153.66,0
DWS025,20161026,153.43,153.43,153.43,153.43,0
DWS025,20161027,152.57,152.57,152.57,152.57,0
DWS025,20161028,152.01,152.01,152.01,152.01,0
DWS025,20161031,153.31,153.31,153.31,153.31,0
DWS025,20161102,153.78,153.78,153.78,153.78,0
DWS025,20161103,154.49,154.49,154.49,154.49,0
DWS025,20161104,154.56,154.56,154.56,154.56,0
DWS025,20161107,153.07,153.07,153.07,153.07,0
DWS025,20161108,152.35,152.35,152.35,152.35,0
DWS025,20161109,155.76,155.76,155.76,155.76,0
DWS025,20161110,151.77,151.77,151.77,151.77,0
DWS025,20161114,147.78,147.78,147.78,147.78,0
DWS025,20161115,149.22,149.22,149.22,149.22,0
DWS025,20161116,149.12,149.12,149.12,149.12,0
DWS025,20161117,148.90,148.90,148.90,148.90,0
DWS025,20161118,147.68,147.68,147.68,147.68,0
DWS025,20161121,148.16,148.16,148.16,148.16,0
DWS025,20161122,148.08,148.08,148.08,148.08,0
DWS025,20161123,145.93,145.93,145.93,145.93,0
DWS025,20161124,145.41,145.41,145.41,145.41,0
DWS025,20161125,145.36,145.36,145.36,145.36,0
DWS025,20161128,146.54,146.54,146.54,146.54,0
DWS025,20161129,145.03,145.03,145.03,145.03,0
DWS025,20161130,144.80,144.80,144.80,144.80,0
DWS025,20161201,145.18,145.18,145.18,145.18,0
DWS025,20161202,144.61,144.61,144.61,144.61,0
DWS025,20161205,144.36,144.36,144.36,144.36,0
DWS025,20161206,144.24,144.24,144.24,144.24,0
DWS025,20161207,143.81,143.81,143.81,143.81,0
DWS025,20161208,145.91,145.91,145.91,145.91,0
DWS025,20161209,143.61,143.61,143.61,143.61,0
DWS025,20161212,143.88,143.88,143.88,143.88,0
DWS025,20161213,143.36,143.36,143.36,143.36,0
DWS025,20161214,143.84,143.84,143.84,143.84,0
DWS025,20161215,142.19,142.19,142.19,142.19,0
DWS025,20161216,140.55,140.55,140.55,140.55,0
DWS025,20161219,140.92,140.92,140.92,140.92,0
DWS025,20161220,141.30,141.30,141.30,141.30,0
DWS025,20161221,141.37,141.37,141.37,141.37,0
DWS025,20161222,141.56,141.56,141.56,141.56,0
DWS025,20161223,141.00,141.00,141.00,141.00,0
DWS025,20161227,141.12,141.12,141.12,141.12,0
DWS025,20161228,142.70,142.70,142.70,142.70,0
DWS025,20161229,143.51,143.51,143.51,143.51,0
DWS025,20161230,143.73,143.73,143.73,143.73,0
DWS025,20170102,143.67,143.67,143.67,143.67,0
DWS025,20170103,145.13,145.13,145.13,145.13,0
DWS025,20170104,145.44,145.44,145.44,145.44,0
DWS025,20170105,147.25,147.25,147.25,147.25,0
DWS025,20170109,146.15,146.15,146.15,146.15,0
DWS025,20170110,146.93,146.93,146.93,146.93,0
DWS025,20170111,146.73,146.73,146.73,146.73,0
DWS025,20170112,147.43,147.43,147.43,147.43,0
DWS025,20170113,147.66,147.66,147.66,147.66,0
DWS025,20170116,148.19,148.19,148.19,148.19,0
DWS025,20170117,148.12,148.12,148.12,148.12,0
DWS025,20170118,147.81,147.81,147.81,147.81,0
DWS025,20170119,147.99,147.99,147.99,147.99,0
DWS025,20170120,147.39,147.39,147.39,147.39,0
DWS025,20170123,148.76,148.76,148.76,148.76,0
DWS025,20170124,148.54,148.54,148.54,148.54,0
DWS025,20170125,147.55,147.55,147.55,147.55,0
DWS025,20170126,147.18,147.18,147.18,147.18,0
DWS025,20170127,147.05,147.05,147.05,147.05,0
DWS025,20170130,147.18,147.18,147.18,147.18,0
DWS025,20170131,147.40,147.40,147.40,147.40,0
DWS025,20170201,148.22,148.22,148.22,148.22,0
DWS025,20170202,148.56,148.56,148.56,148.56,0
DWS025,20170203,149.27,149.27,149.27,149.27,0
DWS025,20170206,149.69,149.69,149.69,149.69,0
DWS025,20170207,151.26,151.26,151.26,151.26,0
DWS025,20170208,152.65,152.65,152.65,152.65,0
DWS025,20170209,153.14,153.14,153.14,153.14,0
DWS025,20170210,152.53,152.53,152.53,152.53,0
DWS025,20170213,152.14,152.14,152.14,152.14,0
DWS025,20170214,152.28,152.28,152.28,152.28,0
DWS025,20170215,152.26,152.26,152.26,152.26,0
DWS025,20170216,153.00,153.00,153.00,153.00,0
DWS025,20170217,153.26,153.26,153.26,153.26,0
DWS025,20170220,153.06,153.06,153.06,153.06,0
DWS025,20170221,152.57,152.57,152.57,152.57,0
DWS025,20170222,152.35,152.35,152.35,152.35,0
DWS025,20170223,153.59,153.59,153.59,153.59,0
DWS025,20170224,153.34,153.34,153.34,153.34,0
DWS025,20170227,154.01,154.01,154.01,154.01,0
DWS025,20170228,153.27,153.27,153.27,153.27,0
DWS025,20170301,151.47,151.47,151.47,151.47,0
DWS025,20170302,150.47,150.47,150.47,150.47,0
DWS025,20170303,149.25,149.25,149.25,149.25,0
DWS025,20170306,148.43,148.43,148.43,148.43,0
DWS025,20170307,148.31,148.31,148.31,148.31,0
DWS025,20170308,146.77,146.77,146.77,146.77,0
DWS025,20170309,145.81,145.81,145.81,145.81,0
DWS025,20170310,145.34,145.34,145.34,145.34,0
DWS025,20170313,146.40,146.40,146.40,146.40,0
DWS025,20170314,145.77,145.77,145.77,145.77,0
DWS025,20170315,147.05,147.05,147.05,147.05,0
DWS025,20170316,148.52,148.52,148.52,148.52,0
DWS025,20170317,148.25,148.25,148.25,148.25,0
DWS025,20170320,148.72,148.72,148.72,148.72,0
DWS025,20170321,148.52,148.52,148.52,148.52,0
DWS025,20170322,149.85,149.85,149.85,149.85,0
DWS025,20170323,149.96,149.96,149.96,149.96,0
DWS025,20170324,148.66,148.66,148.66,148.66,0
DWS025,20170327,149.96,149.96,149.96,149.96,0
DWS025,20170328,151.49,151.49,151.49,151.49,0
DWS025,20170329,149.74,149.74,149.74,149.74,0
DWS025,20170330,149.21,149.21,149.21,149.21,0
DWS025,20170331,149.74,149.74,149.74,149.74,0
DWS025,20170403,150.61,150.61,150.61,150.61,0
DWS025,20170404,151.94,151.94,151.94,151.94,0
DWS025,20170405,152.03,152.03,152.03,152.03,0
DWS025,20170406,151.57,151.57,151.57,151.57,0
DWS025,20170407,152.85,152.85,152.85,152.85,0
DWS025,20170410,152.56,152.56,152.56,152.56,0
DWS025,20170411,154.25,154.25,154.25,154.25,0
DWS025,20170412,154.73,154.73,154.73,154.73,0
DWS025,20170413,155.35,155.35,155.35,155.35,0
DWS025,20170418,154.56,154.56,154.56,154.56,0
DWS025,20170419,152.53,152.53,152.53,152.53,0
DWS025,20170420,153.13,153.13,153.13,153.13,0
DWS025,20170421,153.44,153.44,153.44,153.44,0
DWS025,20170424,150.68,150.68,150.68,150.68,0
DWS025,20170425,148.72,148.72,148.72,148.72,0
DWS025,20170426,149.25,149.25,149.25,149.25,0
DWS025,20170427,148.82,148.82,148.82,148.82,0
DWS025,20170428,149.59,149.59,149.59,149.59,0
DWS025,20170502,147.89,147.89,147.89,147.89,0
DWS025,20170504,144.12,144.12,144.12,144.12,0
DWS025,20170505,144.94,144.94,144.94,144.94,0
DWS025,20170508,145.38,145.38,145.38,145.38,0
DWS025,20170509,145.11,145.11,145.11,145.11,0
DWS025,20170510,145.63,145.63,145.63,145.63,0
DWS025,20170511,146.91,146.91,146.91,146.91,0
DWS025,20170512,147.22,147.22,147.22,147.22,0
DWS025,20170515,147.32,147.32,147.32,147.32,0
DWS025,20170516,147.73,147.73,147.73,147.73,0
DWS025,20170517,147.12,147.12,147.12,147.12,0
DWS025,20170518,147.41,147.41,147.41,147.41,0
DWS025,20170519,147.38,147.38,147.38,147.38,0
DWS025,20170522,147.58,147.58,147.58,147.58,0
DWS025,20170523,147.62,147.62,147.62,147.62,0
DWS025,20170524,146.89,146.89,146.89,146.89,0
DWS025,20170525,147.03,147.03,147.03,147.03,0
DWS025,20170526,147.69,147.69,147.69,147.69,0
DWS025,20170529,148.69,148.69,148.69,148.69,0
DWS025,20170530,148.32,148.32,148.32,148.32,0
DWS025,20170531,148.16,148.16,148.16,148.16,0
DWS025,20170601,148.13,148.13,148.13,148.13,0
DWS025,20170602,148.42,148.42,148.42,148.42,0
DWS025,20170605,148.53,148.53,148.53,148.53,0
DWS025,20170606,150.62,150.62,150.62,150.62,0
DWS025,20170607,150.57,150.57,150.57,150.57,0
DWS025,20170608,149.46,149.46,149.46,149.46,0
DWS025,20170609,148.79,148.79,148.79,148.79,0
DWS025,20170612,148.22,148.22,148.22,148.22,0
DWS025,20170613,148.18,148.18,148.18,148.18,0
DWS025,20170614,148.92,148.92,148.92,148.92,0
DWS025,20170616,146.78,146.78,146.78,146.78,0
DWS025,20170619,146.50,146.50,146.50,146.50,0
DWS025,20170620,145.85,145.85,145.85,145.85,0
DWS025,20170621,145.95,145.95,145.95,145.95,0
DWS025,20170622,146.74,146.74,146.74,146.74,0
DWS025,20170623,147.13,147.13,147.13,147.13,0
DWS025,20170626,146.22,146.22,146.22,146.22,0
DWS025,20170627,145.23,145.23,145.23,145.23,0
DWS025,20170628,145.35,145.35,145.35,145.35,0
DWS025,20170629,143.75,143.75,143.75,143.75,0
DWS025,20170630,144.66,144.66,144.66,144.66,0
DWS025,20170703,143.15,143.15,143.15,143.15,0
DWS025,20170704,142.94,142.94,142.94,142.94,0
DWS025,20170705,142.57,142.57,142.57,142.57,0
DWS025,20170706,142.51,142.51,142.51,142.51,0
DWS025,20170707,141.68,141.68,141.68,141.68,0
DWS025,20170710,141.44,141.44,141.44,141.44,0
DWS025,20170711,141.21,141.21,141.21,141.21,0
DWS025,20170712,141.90,141.90,141.90,141.90,0
DWS025,20170713,141.06,141.06,141.06,141.06,0
DWS025,20170714,141.66,141.66,141.66,141.66,0
DWS025,20170717,142.46,142.46,142.46,142.46,0
DWS025,20170718,142.87,142.87,142.87,142.87,0
DWS025,20170719,143.89,143.89,143.89,143.89,0
DWS025,20170720,143.96,143.96,143.96,143.96,0
DWS025,20170721,143.91,143.91,143.91,143.91,0
DWS025,20170724,143.93,143.93,143.93,143.93,0
DWS025,20170725,143.77,143.77,143.77,143.77,0
DWS025,20170726,143.73,143.73,143.73,143.73,0
DWS025,20170727,143.75,143.75,143.75,143.75,0
DWS025,20170728,144.18,144.18,144.18,144.18,0
DWS025,20170731,145.03,145.03,145.03,145.03,0
DWS025,20170801,145.18,145.18,145.18,145.18,0
DWS025,20170802,144.69,144.69,144.69,144.69,0
DWS025,20170803,144.33,144.33,144.33,144.33,0
DWS025,20170804,143.37,143.37,143.37,143.37,0
DWS025,20170807,143.29,143.29,143.29,143.29,0
DWS025,20170808,142.99,142.99,142.99,142.99,0
DWS025,20170809,144.14,144.14,144.14,144.14,0
DWS025,20170810,145.24,145.24,145.24,145.24,0
DWS025,20170811,145.48,145.48,145.48,145.48,0
DWS025,20170814,146.05,146.05,146.05,146.05,0
DWS025,20170816,145.16,145.16,145.16,145.16,0
DWS025,20170817,145.78,145.78,145.78,145.78,0
DWS025,20170818,146.03,146.03,146.03,146.03,0
DWS025,20170821,146.05,146.05,146.05,146.05,0
DWS025,20170822,146.00,146.00,146.00,146.00,0
DWS025,20170823,145.94,145.94,145.94,145.94,0
DWS025,20170824,146.17,146.17,146.17,146.17,0
DWS025,20170825,146.27,146.27,146.27,146.27,0
DWS025,20170828,146.56,146.56,146.56,146.56,0
DWS025,20170829,148.54,148.54,148.54,148.54,0
DWS025,20170830,147.69,147.69,147.69,147.69,0
DWS025,20170831,148.68,148.68,148.68,148.68,0
DWS025,20170901,148.42,148.42,148.42,148.42,0
DWS025,20170904,149.58,149.58,149.58,149.58,0
DWS025,20170905,150.50,150.50,150.50,150.50,0
DWS025,20170906,150.60,150.60,150.60,150.60,0
DWS025,20170907,151.03,151.03,151.03,151.03,0
DWS025,20170908,151.01,151.01,151.01,151.01,0
DWS025,20170911,150.46,150.46,150.46,150.46,0
DWS025,20170912,149.50,149.50,149.50,149.50,0
DWS025,20170913,148.99,148.99,148.99,148.99,0
DWS025,20170914,149.23,149.23,149.23,149.23,0
DWS025,20170915,148.87,148.87,148.87,148.87,0
DWS025,20170918,148.09,148.09,148.09,148.09,0
DWS025,20170919,147.28,147.28,147.28,147.28,0
DWS025,20170920,146.88,146.88,146.88,146.88,0
DWS025,20170921,146.10,146.10,146.10,146.10,0
