Name,Date,Open,High,Low,Close,Volume
DWS031,20081007,100.02,100.02,100.02,100.02,0
DWS031,20081008,100.02,100.02,100.02,100.02,0
DWS031,20081009,100.02,100.02,100.02,100.02,0
DWS031,20081010,100.03,100.03,100.03,100.03,0
DWS031,20081013,100.04,100.04,100.04,100.04,0
DWS031,20081014,100.05,100.05,100.05,100.05,0
DWS031,20081015,100.05,100.05,100.05,100.05,0
DWS031,20081016,100.05,100.05,100.05,100.05,0
DWS031,20081017,100.06,100.06,100.06,100.06,0
DWS031,20081020,100.07,100.07,100.07,100.07,0
DWS031,20081021,100.07,100.07,100.07,100.07,0
DWS031,20081022,100.07,100.07,100.07,100.07,0
DWS031,20081023,100.07,100.07,100.07,100.07,0
DWS031,20081024,100.07,100.07,100.07,100.07,0
DWS031,20081027,100.07,100.07,100.07,100.07,0
DWS031,20081028,100.07,100.07,100.07,100.07,0
DWS031,20081029,100.07,100.07,100.07,100.07,0
DWS031,20081030,100.07,100.07,100.07,100.07,0
DWS031,20081031,106.29,106.29,106.29,106.29,0
DWS031,20081103,108.17,108.17,108.17,108.17,0
DWS031,20081104,110.19,110.19,110.19,110.19,0
DWS031,20081105,117.60,117.60,117.60,117.60,0
DWS031,20081106,110.08,110.08,110.08,110.08,0
DWS031,20081107,104.48,104.48,104.48,104.48,0
DWS031,20081110,104.95,104.95,104.95,104.95,0
DWS031,20081112,111.07,111.07,111.07,111.07,0
DWS031,20081113,102.65,102.65,102.65,102.65,0
DWS031,20081114,103.38,103.38,103.38,103.38,0
DWS031,20081117,107.14,107.14,107.14,107.14,0
DWS031,20081118,108.93,108.93,108.93,108.93,0
DWS031,20081119,102.81,102.81,102.81,102.81,0
DWS031,20081120,100.22,100.22,100.22,100.22,0
DWS031,20081121,97.69,97.69,97.69,97.69,0
DWS031,20081124,94.10,94.10,94.10,94.10,0
DWS031,20081125,101.47,101.47,101.47,101.47,0
DWS031,20081126,100.43,100.43,100.43,100.43,0
DWS031,20081127,104.66,104.66,104.66,104.66,0
DWS031,20081128,104.76,104.76,104.76,104.76,0
DWS031,20081201,106.77,106.77,106.77,106.77,0
DWS031,20081202,101.90,101.90,101.90,101.90,0
DWS031,20081203,99.78,99.78,99.78,99.78,0
DWS031,20081204,101.99,101.99,101.99,101.99,0
DWS031,20081205,101.88,101.88,101.88,101.88,0
DWS031,20081208,101.95,101.95,101.95,101.95,0
DWS031,20081209,108.14,108.14,108.14,108.14,0
DWS031,20081210,107.41,107.41,107.41,107.41,0
DWS031,20081211,108.61,108.61,108.61,108.61,0
DWS031,20081212,107.72,107.72,107.72,107.72,0
DWS031,20081215,108.15,108.15,108.15,108.15,0
DWS031,20081216,108.65,108.65,108.65,108.65,0
DWS031,20081217,109.47,109.47,109.47,109.47,0
DWS031,20081218,114.18,114.18,114.18,114.18,0
DWS031,20081219,111.11,111.11,111.11,111.11,0
DWS031,20081222,109.75,109.75,109.75,109.75,0
DWS031,20081223,111.22,111.22,111.22,111.22,0
DWS031,20081229,108.93,108.93,108.93,108.93,0
DWS031,20081230,107.79,107.79,107.79,107.79,0
DWS031,20081231,107.88,107.88,107.88,107.88,0
DWS031,20090105,115.23,115.23,115.23,115.23,0
DWS031,20090106,118.26,118.26,118.26,118.26,0
DWS031,20090107,118.47,118.47,118.47,118.47,0
DWS031,20090108,116.06,116.06,116.06,116.06,0
DWS031,20090109,116.15,116.15,116.15,116.15,0
DWS031,20090112,116.65,116.65,116.65,116.65,0
DWS031,20090113,116.90,116.90,116.90,116.90,0
DWS031,20090114,117.19,117.19,117.19,117.19,0
DWS031,20090115,113.53,113.53,113.53,113.53,0
DWS031,20090116,112.90,112.90,112.90,112.90,0
DWS031,20090119,118.81,118.81,118.81,118.81,0
DWS031,20090120,116.93,116.93,116.93,116.93,0
DWS031,20090121,115.46,115.46,115.46,115.46,0
DWS031,20090122,116.92,116.92,116.92,116.92,0
DWS031,20090123,118.38,118.38,118.38,118.38,0
DWS031,20090126,120.04,120.04,120.04,120.04,0
DWS031,20090127,118.89,118.89,118.89,118.89,0
DWS031,20090128,119.07,119.07,119.07,119.07,0
DWS031,20090129,122.09,122.09,122.09,122.09,0
DWS031,20090130,124.79,124.79,124.79,124.79,0
DWS031,20090202,121.94,121.94,121.94,121.94,0
DWS031,20090203,123.41,123.41,123.41,123.41,0
DWS031,20090204,126.06,126.06,126.06,126.06,0
DWS031,20090205,125.82,125.82,125.82,125.82,0
DWS031,20090206,126.79,126.79,126.79,126.79,0
DWS031,20090209,130.51,130.51,130.51,130.51,0
DWS031,20090210,127.47,127.47,127.47,127.47,0
DWS031,20090211,126.77,126.77,126.77,126.77,0
DWS031,20090212,126.53,126.53,126.53,126.53,0
DWS031,20090213,127.20,127.20,127.20,127.20,0
DWS031,20090216,129.52,129.52,129.52,129.52,0
DWS031,20090217,132.20,132.20,132.20,132.20,0
DWS031,20090218,128.96,128.96,128.96,128.96,0
DWS031,20090219,117.86,117.86,117.86,117.86,0
DWS031,20090220,121.72,121.72,121.72,121.72,0
DWS031,20090223,114.61,114.61,114.61,114.61,0
DWS031,20090224,111.72,111.72,111.72,111.72,0
DWS031,20090225,112.80,112.80,112.80,112.80,0
DWS031,20090226,112.39,112.39,112.39,112.39,0
DWS031,20090227,111.62,111.62,111.62,111.62,0
DWS031,20090302,114.93,114.93,114.93,114.93,0
DWS031,20090303,109.69,109.69,109.69,109.69,0
DWS031,20090304,108.58,108.58,108.58,108.58,0
DWS031,20090305,112.72,112.72,112.72,112.72,0
DWS031,20090306,113.02,113.02,113.02,113.02,0
DWS031,20090309,110.14,110.14,110.14,110.14,0
DWS031,20090310,111.58,111.58,111.58,111.58,0
DWS031,20090311,111.17,111.17,111.17,111.17,0
DWS031,20090312,113.19,113.19,113.19,113.19,0
DWS031,20090313,112.06,112.06,112.06,112.06,0
DWS031,20090316,116.03,116.03,116.03,116.03,0
DWS031,20090317,114.06,114.06,114.06,114.06,0
DWS031,20090318,115.76,115.76,115.76,115.76,0
DWS031,20090319,115.75,115.75,115.75,115.75,0
DWS031,20090320,117.07,117.07,117.07,117.07,0
DWS031,20090323,117.69,117.69,117.69,117.69,0
DWS031,20090324,116.78,116.78,116.78,116.78,0
DWS031,20090325,120.71,120.71,120.71,120.71,0
DWS031,20090326,121.69,121.69,121.69,121.69,0
DWS031,20090327,121.99,121.99,121.99,121.99,0
DWS031,20090330,120.48,120.48,120.48,120.48,0
DWS031,20090331,120.07,120.07,120.07,120.07,0
DWS031,20090401,118.88,118.88,118.88,118.88,0
DWS031,20090402,120.56,120.56,120.56,120.56,0
DWS031,20090403,122.08,122.08,122.08,122.08,0
DWS031,20090406,122.98,122.98,122.98,122.98,0
DWS031,20090407,124.84,124.84,124.84,124.84,0
DWS031,20090408,123.96,123.96,123.96,123.96,0
DWS031,20090409,125.33,125.33,125.33,125.33,0
DWS031,20090414,128.61,128.61,128.61,128.61,0
DWS031,20090415,124.41,124.41,124.41,124.41,0
DWS031,20090416,125.31,125.31,125.31,125.31,0
DWS031,20090417,128.38,128.38,128.38,128.38,0
DWS031,20090420,129.41,129.41,129.41,129.41,0
DWS031,20090421,127.31,127.31,127.31,127.31,0
DWS031,20090422,126.90,126.90,126.90,126.90,0
DWS031,20090423,128.46,128.46,128.46,128.46,0
DWS031,20090424,129.51,129.51,129.51,129.51,0
DWS031,20090427,133.42,133.42,133.42,133.42,0
DWS031,20090428,129.80,129.80,129.80,129.80,0
DWS031,20090429,128.06,128.06,128.06,128.06,0
DWS031,20090430,130.20,130.20,130.20,130.20,0
DWS031,20090504,131.92,131.92,131.92,131.92,0
DWS031,20090505,134.45,134.45,134.45,134.45,0
DWS031,20090506,140.28,140.28,140.28,140.28,0
DWS031,20090507,143.66,143.66,143.66,143.66,0
DWS031,20090508,141.16,141.16,141.16,141.16,0
DWS031,20090511,138.16,138.16,138.16,138.16,0
DWS031,20090512,141.28,141.28,141.28,141.28,0
DWS031,20090513,136.66,136.66,136.66,136.66,0
DWS031,20090514,134.42,134.42,134.42,134.42,0
DWS031,20090515,136.71,136.71,136.71,136.71,0
DWS031,20090518,138.19,138.19,138.19,138.19,0
DWS031,20090519,138.69,138.69,138.69,138.69,0
DWS031,20090520,141.13,141.13,141.13,141.13,0
DWS031,20090521,142.54,142.54,142.54,142.54,0
DWS031,20090522,138.85,138.85,138.85,138.85,0
DWS031,20090525,137.96,137.96,137.96,137.96,0
DWS031,20090526,138.09,138.09,138.09,138.09,0
DWS031,20090527,143.36,143.36,143.36,143.36,0
DWS031,20090528,144.21,144.21,144.21,144.21,0
DWS031,20090529,144.17,144.17,144.17,144.17,0
DWS031,20090601,144.57,144.57,144.57,144.57,0
DWS031,20090602,150.08,150.08,150.08,150.08,0
DWS031,20090603,149.89,149.89,149.89,149.89,0
DWS031,20090604,146.25,146.25,146.25,146.25,0
DWS031,20090605,149.74,149.74,149.74,149.74,0
DWS031,20090608,151.17,151.17,151.17,151.17,0
DWS031,20090609,149.90,149.90,149.90,149.90,0
DWS031,20090610,147.32,147.32,147.32,147.32,0
DWS031,20090612,148.41,148.41,148.41,148.41,0
DWS031,20090615,151.91,151.91,151.91,151.91,0
DWS031,20090616,149.18,149.18,149.18,149.18,0
DWS031,20090617,146.39,146.39,146.39,146.39,0
DWS031,20090618,145.99,145.99,145.99,145.99,0
DWS031,20090619,146.12,146.12,146.12,146.12,0
DWS031,20090622,145.12,145.12,145.12,145.12,0
DWS031,20090623,147.35,147.35,147.35,147.35,0
DWS031,20090624,144.34,144.34,144.34,144.34,0
DWS031,20090625,142.16,142.16,142.16,142.16,0
DWS031,20090626,145.89,145.89,145.89,145.89,0
DWS031,20090629,146.30,146.30,146.30,146.30,0
DWS031,20090630,143.96,143.96,143.96,143.96,0
DWS031,20090701,145.29,145.29,145.29,145.29,0
DWS031,20090702,142.88,142.88,142.88,142.88,0
DWS031,20090703,141.28,141.28,141.28,141.28,0
DWS031,20090706,141.86,141.86,141.86,141.86,0
DWS031,20090707,140.83,140.83,140.83,140.83,0
DWS031,20090708,138.88,138.88,138.88,138.88,0
DWS031,20090709,135.61,135.61,135.61,135.61,0
DWS031,20090710,136.91,136.91,136.91,136.91,0
DWS031,20090713,137.09,137.09,137.09,137.09,0
DWS031,20090714,136.84,136.84,136.84,136.84,0
DWS031,20090715,135.05,135.05,135.05,135.05,0
DWS031,20090716,140.47,140.47,140.47,140.47,0
DWS031,20090717,142.37,142.37,142.37,142.37,0
DWS031,20090720,141.58,141.58,141.58,141.58,0
DWS031,20090721,144.15,144.15,144.15,144.15,0
DWS031,20090722,145.08,145.08,145.08,145.08,0
DWS031,20090723,142.90,142.90,142.90,142.90,0
DWS031,20090724,144.44,144.44,144.44,144.44,0
DWS031,20090727,142.66,142.66,142.66,142.66,0
DWS031,20090728,143.46,143.46,143.46,143.46,0
DWS031,20090729,144.76,144.76,144.76,144.76,0
DWS031,20090730,143.22,143.22,143.22,143.22,0
DWS031,20090731,144.17,144.17,144.17,144.17,0
DWS031,20090803,149.65,149.65,149.65,149.65,0
DWS031,20090804,146.66,146.66,146.66,146.66,0
DWS031,20090805,149.04,149.04,149.04,149.04,0
DWS031,20090806,149.51,149.51,149.51,149.51,0
DWS031,20090807,148.32,148.32,148.32,148.32,0
DWS031,20090810,149.15,149.15,149.15,149.15,0
DWS031,20090811,148.00,148.00,148.00,148.00,0
DWS031,20090812,150.46,150.46,150.46,150.46,0
DWS031,20090813,148.49,148.49,148.49,148.49,0
DWS031,20090814,146.90,146.90,146.90,146.90,0
DWS031,20090817,150.75,150.75,150.75,150.75,0
DWS031,20090818,145.29,145.29,145.29,145.29,0
DWS031,20090819,148.79,148.79,148.79,148.79,0
DWS031,20090820,147.68,147.68,147.68,147.68,0
DWS031,20090821,148.03,148.03,148.03,148.03,0
DWS031,20090824,150.19,150.19,150.19,150.19,0
DWS031,20090825,148.93,148.93,148.93,148.93,0
DWS031,20090826,147.01,147.01,147.01,147.01,0
DWS031,20090827,149.16,149.16,149.16,149.16,0
DWS031,20090828,146.61,146.61,146.61,146.61,0
DWS031,20090831,144.49,144.49,144.49,144.49,0
DWS031,20090901,144.56,144.56,144.56,144.56,0
DWS031,20090902,144.88,144.88,144.88,144.88,0
DWS031,20090903,143.89,143.89,143.89,143.89,0
DWS031,20090904,145.41,145.41,145.41,145.41,0
DWS031,20090907,147.53,147.53,147.53,147.53,0
DWS031,20090908,146.12,146.12,146.12,146.12,0
DWS031,20090909,149.38,149.38,149.38,149.38,0
DWS031,20090910,150.44,150.44,150.44,150.44,0
DWS031,20090911,153.05,153.05,153.05,153.05,0
DWS031,20090914,154.18,154.18,154.18,154.18,0
DWS031,20090915,152.87,152.87,152.87,152.87,0
DWS031,20090916,153.42,153.42,153.42,153.42,0
DWS031,20090917,154.37,154.37,154.37,154.37,0
DWS031,20090918,155.50,155.50,155.50,155.50,0
DWS031,20090921,156.08,156.08,156.08,156.08,0
DWS031,20090922,154.30,154.30,154.30,154.30,0
DWS031,20090923,157.23,157.23,157.23,157.23,0
DWS031,20090924,155.69,155.69,155.69,155.69,0
DWS031,20090925,155.53,155.53,155.53,155.53,0
DWS031,20090928,157.10,157.10,157.10,157.10,0
DWS031,20090929,159.14,159.14,159.14,159.14,0
DWS031,20090930,162.58,162.58,162.58,162.58,0
DWS031,20091001,158.74,158.74,158.74,158.74,0
DWS031,20091002,159.98,159.98,159.98,159.98,0
DWS031,20091005,162.37,162.37,162.37,162.37,0
DWS031,20091006,161.59,161.59,161.59,161.59,0
DWS031,20091007,163.41,163.41,163.41,163.41,0
DWS031,20091008,164.23,164.23,164.23,164.23,0
DWS031,20091009,168.21,168.21,168.21,168.21,0
DWS031,20091012,168.99,168.99,168.99,168.99,0
DWS031,20091013,167.74,167.74,167.74,167.74,0
DWS031,20091014,168.02,168.02,168.02,168.02,0
DWS031,20091015,170.31,170.31,170.31,170.31,0
DWS031,20091016,171.51,171.51,171.51,171.51,0
DWS031,20091019,172.68,172.68,172.68,172.68,0
DWS031,20091020,166.02,166.02,166.02,166.02,0
DWS031,20091021,163.96,163.96,163.96,163.96,0
DWS031,20091022,166.70,166.70,166.70,166.70,0
DWS031,20091023,167.28,167.28,167.28,167.28,0
DWS031,20091026,165.84,165.84,165.84,165.84,0
DWS031,20091027,166.34,166.34,166.34,166.34,0
DWS031,20091028,164.42,164.42,164.42,164.42,0
DWS031,20091029,157.50,157.50,157.50,157.50,0
DWS031,20091030,165.38,165.38,165.38,165.38,0
DWS031,20091102,161.34,161.34,161.34,161.34,0
DWS031,20091103,161.74,161.74,161.74,161.74,0
DWS031,20091104,167.93,167.93,167.93,167.93,0
DWS031,20091105,167.53,167.53,167.53,167.53,0
DWS031,20091106,168.12,168.12,168.12,168.12,0
DWS031,20091109,166.00,166.00,166.00,166.00,0
DWS031,20091110,169.78,169.78,169.78,169.78,0
DWS031,20091112,163.39,163.39,163.39,163.39,0
DWS031,20091113,163.06,163.06,163.06,163.06,0
DWS031,20091116,167.52,167.52,167.52,167.52,0
DWS031,20091117,167.07,167.07,167.07,167.07,0
DWS031,20091118,168.87,168.87,168.87,168.87,0
DWS031,20091119,165.68,165.68,165.68,165.68,0
DWS031,20091120,167.37,167.37,167.37,167.37,0
DWS031,20091123,166.82,166.82,166.82,166.82,0
DWS031,20091124,167.29,167.29,167.29,167.29,0
DWS031,20091125,166.36,166.36,166.36,166.36,0
DWS031,20091126,168.32,168.32,168.32,168.32,0
DWS031,20091127,169.15,169.15,169.15,169.15,0
DWS031,20091130,166.17,166.17,166.17,166.17,0
DWS031,20091201,170.31,170.31,170.31,170.31,0
DWS031,20091202,170.48,170.48,170.48,170.48,0
DWS031,20091203,169.59,169.59,169.59,169.59,0
DWS031,20091204,166.41,166.41,166.41,166.41,0
DWS031,20091207,169.02,169.02,169.02,169.02,0
DWS031,20091208,169.59,169.59,169.59,169.59,0
DWS031,20091209,168.02,168.02,168.02,168.02,0
DWS031,20091210,169.08,169.08,169.08,169.08,0
DWS031,20091211,172.04,172.04,172.04,172.04,0
DWS031,20091214,171.66,171.66,171.66,171.66,0
DWS031,20091215,173.30,173.30,173.30,173.30,0
DWS031,20091216,176.02,176.02,176.02,176.02,0
DWS031,20091217,169.31,169.31,169.31,169.31,0
DWS031,20091218,171.45,171.45,171.45,171.45,0
DWS031,20091221,173.18,173.18,173.18,173.18,0
DWS031,20091222,172.88,172.88,172.88,172.88,0
DWS031,20091223,174.53,174.53,174.53,174.53,0
DWS031,20091228,174.94,174.94,174.94,174.94,0
DWS031,20091229,174.80,174.80,174.80,174.80,0
DWS031,20091230,171.80,171.80,171.80,171.80,0
DWS031,20091231,171.32,171.32,171.32,171.32,0
DWS031,20100104,176.13,176.13,176.13,176.13,0
DWS031,20100105,176.69,176.69,176.69,176.69,0
DWS031,20100106,178.36,178.36,178.36,178.36,0
DWS031,20100107,178.92,178.92,178.92,178.92,0
DWS031,20100108,179.31,179.31,179.31,179.31,0
DWS031,20100111,177.37,177.37,177.37,177.37,0
DWS031,20100112,176.67,176.67,176.67,176.67,0
DWS031,20100113,175.86,175.86,175.86,175.86,0
DWS031,20100114,173.59,173.59,173.59,173.59,0
DWS031,20100115,172.89,172.89,172.89,172.89,0
DWS031,20100118,170.08,170.08,170.08,170.08,0
DWS031,20100119,170.99,170.99,170.99,170.99,0
DWS031,20100120,173.28,173.28,173.28,173.28,0
DWS031,20100121,175.46,175.46,175.46,175.46,0
DWS031,20100122,171.40,171.40,171.40,171.40,0
DWS031,20100125,165.07,165.07,165.07,165.07,0
DWS031,20100126,164.97,164.97,164.97,164.97,0
DWS031,20100127,164.62,164.62,164.62,164.62,0
DWS031,20100128,162.54,162.54,162.54,162.54,0
DWS031,20100129,160.95,160.95,160.95,160.95,0
DWS031,20100201,158.78,158.78,158.78,158.78,0
DWS031,20100202,160.55,160.55,160.55,160.55,0
DWS031,20100203,161.97,161.97,161.97,161.97,0
DWS031,20100204,164.79,164.79,164.79,164.79,0
DWS031,20100205,167.29,167.29,167.29,167.29,0
DWS031,20100208,158.77,158.77,158.77,158.77,0
DWS031,20100209,158.43,158.43,158.43,158.43,0
DWS031,20100210,161.26,161.26,161.26,161.26,0
DWS031,20100211,161.12,161.12,161.12,161.12,0
DWS031,20100212,162.76,162.76,162.76,162.76,0
DWS031,20100215,163.06,163.06,163.06,163.06,0
DWS031,20100216,162.52,162.52,162.52,162.52,0
DWS031,20100217,161.94,161.94,161.94,161.94,0
DWS031,20100218,166.58,166.58,166.58,166.58,0
DWS031,20100219,169.01,169.01,169.01,169.01,0
DWS031,20100222,166.95,166.95,166.95,166.95,0
DWS031,20100223,165.02,165.02,165.02,165.02,0
DWS031,20100224,164.76,164.76,164.76,164.76,0
DWS031,20100225,164.84,164.84,164.84,164.84,0
DWS031,20100226,163.77,163.77,163.77,163.77,0
DWS031,20100301,163.49,163.49,163.49,163.49,0
DWS031,20100302,166.13,166.13,166.13,166.13,0
DWS031,20100303,166.09,166.09,166.09,166.09,0
DWS031,20100304,165.62,165.62,165.62,165.62,0
DWS031,20100305,165.32,165.32,165.32,165.32,0
DWS031,20100308,166.79,166.79,166.79,166.79,0
DWS031,20100309,167.01,167.01,167.01,167.01,0
DWS031,20100310,168.74,168.74,168.74,168.74,0
DWS031,20100311,169.75,169.75,169.75,169.75,0
DWS031,20100312,168.97,168.97,168.97,168.97,0
DWS031,20100315,168.46,168.46,168.46,168.46,0
DWS031,20100316,168.01,168.01,168.01,168.01,0
DWS031,20100317,167.71,167.71,167.71,167.71,0
DWS031,20100318,168.92,168.92,168.92,168.92,0
DWS031,20100319,169.28,169.28,169.28,169.28,0
DWS031,20100322,170.15,170.15,170.15,170.15,0
DWS031,20100323,169.51,169.51,169.51,169.51,0
DWS031,20100324,171.52,171.52,171.52,171.52,0
DWS031,20100325,170.33,170.33,170.33,170.33,0
DWS031,20100326,167.92,167.92,167.92,167.92,0
DWS031,20100329,167.60,167.60,167.60,167.60,0
DWS031,20100330,170.07,170.07,170.07,170.07,0
DWS031,20100331,171.27,171.27,171.27,171.27,0
DWS031,20100401,170.60,170.60,170.60,170.60,0
DWS031,20100406,174.93,174.93,174.93,174.93,0
DWS031,20100407,175.62,175.62,175.62,175.62,0
DWS031,20100408,175.01,175.01,175.01,175.01,0
DWS031,20100409,174.49,174.49,174.49,174.49,0
DWS031,20100412,174.07,174.07,174.07,174.07,0
DWS031,20100413,174.26,174.26,174.26,174.26,0
DWS031,20100414,173.66,173.66,173.66,173.66,0
DWS031,20100415,174.83,174.83,174.83,174.83,0
DWS031,20100416,175.05,175.05,175.05,175.05,0
DWS031,20100419,173.67,173.67,173.67,173.67,0
DWS031,20100420,174.54,174.54,174.54,174.54,0
DWS031,20100421,173.25,173.25,173.25,173.25,0
DWS031,20100422,172.76,172.76,172.76,172.76,0
DWS031,20100423,174.40,174.40,174.40,174.40,0
DWS031,20100426,174.42,174.42,174.42,174.42,0
DWS031,20100427,174.45,174.45,174.45,174.45,0
DWS031,20100428,172.09,172.09,172.09,172.09,0
DWS031,20100429,172.22,172.22,172.22,172.22,0
DWS031,20100430,174.40,174.40,174.40,174.40,0
DWS031,20100504,170.08,170.08,170.08,170.08,0
DWS031,20100505,173.56,173.56,173.56,173.56,0
DWS031,20100506,169.70,169.70,169.70,169.70,0
DWS031,20100507,171.88,171.88,171.88,171.88,0
DWS031,20100510,166.93,166.93,166.93,166.93,0
DWS031,20100511,174.85,174.85,174.85,174.85,0
DWS031,20100512,177.13,177.13,177.13,177.13,0
DWS031,20100513,176.34,176.34,176.34,176.34,0
DWS031,20100514,177.62,177.62,177.62,177.62,0
DWS031,20100517,177.26,177.26,177.26,177.26,0
DWS031,20100518,174.67,174.67,174.67,174.67,0
DWS031,20100519,170.53,170.53,170.53,170.53,0
DWS031,20100520,165.94,165.94,165.94,165.94,0
DWS031,20100521,163.86,163.86,163.86,163.86,0
DWS031,20100524,168.84,168.84,168.84,168.84,0
DWS031,20100525,165.53,165.53,165.53,165.53,0
DWS031,20100526,175.91,175.91,175.91,175.91,0
DWS031,20100527,173.98,173.98,173.98,173.98,0
DWS031,20100528,174.44,174.44,174.44,174.44,0
DWS031,20100531,174.82,174.82,174.82,174.82,0
DWS031,20100601,180.02,180.02,180.02,180.02,0
DWS031,20100602,174.62,174.62,174.62,174.62,0
DWS031,20100604,174.67,174.67,174.67,174.67,0
DWS031,20100607,179.28,179.28,179.28,179.28,0
DWS031,20100608,177.03,177.03,177.03,177.03,0
DWS031,20100609,182.39,182.39,182.39,182.39,0
DWS031,20100610,183.18,183.18,183.18,183.18,0
DWS031,20100611,182.89,182.89,182.89,182.89,0
DWS031,20100614,181.75,181.75,181.75,181.75,0
DWS031,20100615,181.77,181.77,181.77,181.77,0
DWS031,20100616,185.16,185.16,185.16,185.16,0
DWS031,20100617,184.25,184.25,184.25,184.25,0
DWS031,20100618,181.90,181.90,181.90,181.90,0
DWS031,20100621,182.73,182.73,182.73,182.73,0
DWS031,20100622,184.39,184.39,184.39,184.39,0
DWS031,20100623,180.81,180.81,180.81,180.81,0
DWS031,20100624,183.22,183.22,183.22,183.22,0
DWS031,20100625,185.60,185.60,185.60,185.60,0
DWS031,20100628,183.64,183.64,183.64,183.64,0
DWS031,20100629,178.43,178.43,178.43,178.43,0
DWS031,20100630,179.05,179.05,179.05,179.05,0
DWS031,20100701,176.04,176.04,176.04,176.04,0
DWS031,20100702,175.72,175.72,175.72,175.72,0
DWS031,20100705,172.20,172.20,172.20,172.20,0
DWS031,20100706,172.62,172.62,172.62,172.62,0
DWS031,20100707,176.15,176.15,176.15,176.15,0
DWS031,20100708,175.85,175.85,175.85,175.85,0
DWS031,20100709,176.03,176.03,176.03,176.03,0
DWS031,20100712,177.02,177.02,177.02,177.02,0
DWS031,20100713,178.15,178.15,178.15,178.15,0
DWS031,20100714,174.96,174.96,174.96,174.96,0
DWS031,20100715,173.49,173.49,173.49,173.49,0
DWS031,20100716,170.46,170.46,170.46,170.46,0
DWS031,20100719,170.46,170.46,170.46,170.46,0
DWS031,20100720,173.53,173.53,173.53,173.53,0
DWS031,20100721,177.60,177.60,177.60,177.60,0
DWS031,20100722,178.77,178.77,178.77,178.77,0
DWS031,20100723,178.51,178.51,178.51,178.51,0
DWS031,20100726,177.48,177.48,177.48,177.48,0
DWS031,20100727,176.47,176.47,176.47,176.47,0
DWS031,20100728,175.26,175.26,175.26,175.26,0
DWS031,20100729,173.74,173.74,173.74,173.74,0
DWS031,20100730,175.08,175.08,175.08,175.08,0
DWS031,20100802,178.07,178.07,178.07,178.07,0
DWS031,20100803,174.57,174.57,174.57,174.57,0
DWS031,20100804,175.89,175.89,175.89,175.89,0
DWS031,20100805,176.54,176.54,176.54,176.54,0
DWS031,20100806,170.67,170.67,170.67,170.67,0
DWS031,20100809,173.65,173.65,173.65,173.65,0
DWS031,20100810,172.09,172.09,172.09,172.09,0
DWS031,20100811,171.63,171.63,171.63,171.63,0
DWS031,20100812,172.58,172.58,172.58,172.58,0
DWS031,20100813,174.01,174.01,174.01,174.01,0
DWS031,20100816,176.42,176.42,176.42,176.42,0
DWS031,20100817,177.57,177.57,177.57,177.57,0
DWS031,20100818,175.89,175.89,175.89,175.89,0
DWS031,20100819,174.05,174.05,174.05,174.05,0
DWS031,20100820,174.04,174.04,174.04,174.04,0
DWS031,20100823,176.56,176.56,176.56,176.56,0
DWS031,20100824,173.55,173.55,173.55,173.55,0
DWS031,20100825,171.12,171.12,171.12,171.12,0
DWS031,20100826,171.80,171.80,171.80,171.80,0
DWS031,20100827,171.93,171.93,171.93,171.93,0
DWS031,20100830,170.73,170.73,170.73,170.73,0
DWS031,20100831,173.72,173.72,173.72,173.72,0
DWS031,20100901,177.65,177.65,177.65,177.65,0
DWS031,20100902,175.39,175.39,175.39,175.39,0
DWS031,20100903,178.01,178.01,178.01,178.01,0
DWS031,20100906,173.89,173.89,173.89,173.89,0
DWS031,20100907,175.75,175.75,175.75,175.75,0
DWS031,20100908,176.60,176.60,176.60,176.60,0
DWS031,20100909,176.10,176.10,176.10,176.10,0
DWS031,20100910,176.15,176.15,176.15,176.15,0
DWS031,20100913,179.14,179.14,179.14,179.14,0
DWS031,20100914,178.73,178.73,178.73,178.73,0
DWS031,20100915,175.34,175.34,175.34,175.34,0
DWS031,20100916,174.65,174.65,174.65,174.65,0
DWS031,20100917,175.20,175.20,175.20,175.20,0
DWS031,20100920,175.45,175.45,175.45,175.45,0
DWS031,20100921,174.26,174.26,174.26,174.26,0
DWS031,20100922,175.33,175.33,175.33,175.33,0
DWS031,20100923,176.00,176.00,176.00,176.00,0
DWS031,20100924,176.72,176.72,176.72,176.72,0
DWS031,20100927,175.25,175.25,175.25,175.25,0
DWS031,20100928,177.76,177.76,177.76,177.76,0
DWS031,20100929,175.85,175.85,175.85,175.85,0
DWS031,20100930,177.32,177.32,177.32,177.32,0
DWS031,20101001,176.07,176.07,176.07,176.07,0
DWS031,20101004,176.92,176.92,176.92,176.92,0
DWS031,20101005,179.91,179.91,179.91,179.91,0
DWS031,20101006,178.40,178.40,178.40,178.40,0
DWS031,20101007,175.72,175.72,175.72,175.72,0
DWS031,20101008,179.04,179.04,179.04,179.04,0
DWS031,20101011,181.69,181.69,181.69,181.69,0
DWS031,20101012,180.31,180.31,180.31,180.31,0
DWS031,20101013,181.59,181.59,181.59,181.59,0
DWS031,20101014,176.91,176.91,176.91,176.91,0
DWS031,20101015,175.90,175.90,175.90,175.90,0
DWS031,20101018,179.45,179.45,179.45,179.45,0
DWS031,20101019,175.97,175.97,175.97,175.97,0
DWS031,20101020,181.16,181.16,181.16,181.16,0
DWS031,20101021,174.46,174.46,174.46,174.46,0
DWS031,20101022,175.92,175.92,175.92,175.92,0
DWS031,20101025,174.32,174.32,174.32,174.32,0
DWS031,20101026,177.15,177.15,177.15,177.15,0
DWS031,20101027,176.78,176.78,176.78,176.78,0
DWS031,20101028,178.12,178.12,178.12,178.12,0
DWS031,20101029,180.70,180.70,180.70,180.70,0
DWS031,20101102,175.76,175.76,175.76,175.76,0
DWS031,20101103,178.96,178.96,178.96,178.96,0
DWS031,20101104,180.59,180.59,180.59,180.59,0
DWS031,20101105,179.21,179.21,179.21,179.21,0
DWS031,20101108,182.59,182.59,182.59,182.59,0
DWS031,20101109,181.97,181.97,181.97,181.97,0
DWS031,20101110,179.26,179.26,179.26,179.26,0
DWS031,20101112,179.35,179.35,179.35,179.35,0
DWS031,20101115,179.84,179.84,179.84,179.84,0
DWS031,20101116,176.09,176.09,176.09,176.09,0
DWS031,20101117,179.07,179.07,179.07,179.07,0
DWS031,20101118,181.12,181.12,181.12,181.12,0
DWS031,20101119,177.49,177.49,177.49,177.49,0
DWS031,20101122,177.64,177.64,177.64,177.64,0
DWS031,20101123,174.40,174.40,174.40,174.40,0
DWS031,20101124,183.98,183.98,183.98,183.98,0
DWS031,20101125,184.49,184.49,184.49,184.49,0
DWS031,20101126,183.53,183.53,183.53,183.53,0
DWS031,20101129,182.74,182.74,182.74,182.74,0
DWS031,20101130,189.96,189.96,189.96,189.96,0
DWS031,20101201,190.65,190.65,190.65,190.65,0
DWS031,20101202,190.44,190.44,190.44,190.44,0
DWS031,20101203,186.31,186.31,186.31,186.31,0
DWS031,20101206,189.40,189.40,189.40,189.40,0
DWS031,20101207,189.79,189.79,189.79,189.79,0
DWS031,20101208,188.59,188.59,188.59,188.59,0
DWS031,20101209,186.36,186.36,186.36,186.36,0
DWS031,20101210,187.19,187.19,187.19,187.19,0
DWS031,20101213,189.14,189.14,189.14,189.14,0
DWS031,20101214,186.36,186.36,186.36,186.36,0
DWS031,20101215,184.98,184.98,184.98,184.98,0
DWS031,20101216,183.90,183.90,183.90,183.90,0
DWS031,20101217,185.18,185.18,185.18,185.18,0
DWS031,20101220,187.22,187.22,187.22,187.22,0
DWS031,20101221,189.28,189.28,189.28,189.28,0
DWS031,20101222,188.90,188.90,188.90,188.90,0
DWS031,20101223,187.17,187.17,187.17,187.17,0
DWS031,20101227,188.14,188.14,188.14,188.14,0
DWS031,20101228,187.84,187.84,187.84,187.84,0
DWS031,20101229,191.00,191.00,191.00,191.00,0
DWS031,20101230,188.60,188.60,188.60,188.60,0
DWS031,20101231,188.29,188.29,188.29,188.29,0
DWS031,20110103,192.73,192.73,192.73,192.73,0
DWS031,20110104,190.62,190.62,190.62,190.62,0
DWS031,20110105,191.46,191.46,191.46,191.46,0
DWS031,20110107,188.87,188.87,188.87,188.87,0
DWS031,20110110,190.10,190.10,190.10,190.10,0
DWS031,20110111,190.87,190.87,190.87,190.87,0
DWS031,20110112,190.48,190.48,190.48,190.48,0
DWS031,20110113,188.12,188.12,188.12,188.12,0
DWS031,20110114,184.39,184.39,184.39,184.39,0
DWS031,20110117,185.52,185.52,185.52,185.52,0
DWS031,20110118,185.18,185.18,185.18,185.18,0
DWS031,20110119,183.25,183.25,183.25,183.25,0
DWS031,20110120,180.84,180.84,180.84,180.84,0
DWS031,20110121,179.60,179.60,179.60,179.60,0
DWS031,20110124,178.32,178.32,178.32,178.32,0
DWS031,20110125,178.05,178.05,178.05,178.05,0
DWS031,20110126,176.98,176.98,176.98,176.98,0
DWS031,20110127,176.54,176.54,176.54,176.54,0
DWS031,20110128,172.84,172.84,172.84,172.84,0
DWS031,20110131,175.39,175.39,175.39,175.39,0
DWS031,20110201,177.84,177.84,177.84,177.84,0
DWS031,20110202,174.74,174.74,174.74,174.74,0
DWS031,20110203,174.98,174.98,174.98,174.98,0
DWS031,20110204,174.61,174.61,174.61,174.61,0
DWS031,20110207,172.40,172.40,172.40,172.40,0
DWS031,20110208,173.10,173.10,173.10,173.10,0
DWS031,20110209,171.42,171.42,171.42,171.42,0
DWS031,20110210,171.11,171.11,171.11,171.11,0
DWS031,20110211,175.38,175.38,175.38,175.38,0
DWS031,20110214,178.27,178.27,178.27,178.27,0
DWS031,20110215,178.34,178.34,178.34,178.34,0
DWS031,20110216,177.13,177.13,177.13,177.13,0
DWS031,20110217,178.10,178.10,178.10,178.10,0
DWS031,20110218,178.11,178.11,178.11,178.11,0
DWS031,20110221,176.40,176.40,176.40,176.40,0
DWS031,20110222,175.62,175.62,175.62,175.62,0
DWS031,20110223,174.05,174.05,174.05,174.05,0
DWS031,20110224,175.86,175.86,175.86,175.86,0
DWS031,20110225,176.01,176.01,176.01,176.01,0
DWS031,20110228,176.57,176.57,176.57,176.57,0
DWS031,20110301,175.21,175.21,175.21,175.21,0
DWS031,20110302,174.39,174.39,174.39,174.39,0
DWS031,20110303,178.99,178.99,178.99,178.99,0
DWS031,20110304,179.01,179.01,179.01,179.01,0
DWS031,20110307,176.36,176.36,176.36,176.36,0
DWS031,20110308,177.05,177.05,177.05,177.05,0
DWS031,20110309,176.28,176.28,176.28,176.28,0
DWS031,20110310,174.07,174.07,174.07,174.07,0
DWS031,20110311,174.37,174.37,174.37,174.37,0
DWS031,20110314,173.08,173.08,173.08,173.08,0
DWS031,20110315,174.55,174.55,174.55,174.55,0
DWS031,20110316,170.01,170.01,170.01,170.01,0
DWS031,20110317,172.35,172.35,172.35,172.35,0
DWS031,20110318,172.91,172.91,172.91,172.91,0
DWS031,20110321,172.73,172.73,172.73,172.73,0
DWS031,20110322,172.02,172.02,172.02,172.02,0
DWS031,20110323,173.54,173.54,173.54,173.54,0
DWS031,20110324,175.97,175.97,175.97,175.97,0
DWS031,20110325,175.40,175.40,175.40,175.40,0
DWS031,20110328,171.79,171.79,171.79,171.79,0
DWS031,20110329,173.79,173.79,173.79,173.79,0
DWS031,20110330,176.16,176.16,176.16,176.16,0
DWS031,20110331,179.26,179.26,179.26,179.26,0
DWS031,20110401,182.06,182.06,182.06,182.06,0
DWS031,20110404,182.35,182.35,182.35,182.35,0
DWS031,20110405,183.15,183.15,183.15,183.15,0
DWS031,20110406,179.65,179.65,179.65,179.65,0
DWS031,20110407,177.97,177.97,177.97,177.97,0
DWS031,20110408,178.34,178.34,178.34,178.34,0
DWS031,20110411,177.21,177.21,177.21,177.21,0
DWS031,20110412,172.66,172.66,172.66,172.66,0
DWS031,20110413,170.81,170.81,170.81,170.81,0
DWS031,20110414,170.84,170.84,170.84,170.84,0
DWS031,20110415,172.80,172.80,172.80,172.80,0
DWS031,20110418,170.69,170.69,170.69,170.69,0
DWS031,20110419,175.29,175.29,175.29,175.29,0
DWS031,20110420,174.31,174.31,174.31,174.31,0
DWS031,20110421,174.12,174.12,174.12,174.12,0
DWS031,20110426,172.93,172.93,172.93,172.93,0
DWS031,20110427,170.59,170.59,170.59,170.59,0
DWS031,20110428,166.65,166.65,166.65,166.65,0
DWS031,20110429,169.47,169.47,169.47,169.47,0
DWS031,20110502,167.96,167.96,167.96,167.96,0
DWS031,20110504,162.60,162.60,162.60,162.60,0
DWS031,20110505,159.75,159.75,159.75,159.75,0
DWS031,20110506,165.62,165.62,165.62,165.62,0
DWS031,20110509,164.46,164.46,164.46,164.46,0
DWS031,20110510,168.81,168.81,168.81,168.81,0
DWS031,20110511,165.63,165.63,165.63,165.63,0
DWS031,20110512,165.54,165.54,165.54,165.54,0
DWS031,20110513,163.69,163.69,163.69,163.69,0
DWS031,20110516,165.17,165.17,165.17,165.17,0
DWS031,20110517,164.41,164.41,164.41,164.41,0
DWS031,20110518,166.57,166.57,166.57,166.57,0
DWS031,20110519,165.19,165.19,165.19,165.19,0
DWS031,20110520,163.99,163.99,163.99,163.99,0
DWS031,20110523,164.49,164.49,164.49,164.49,0
DWS031,20110524,166.85,166.85,166.85,166.85,0
DWS031,20110525,167.53,167.53,167.53,167.53,0
DWS031,20110526,168.12,168.12,168.12,168.12,0
DWS031,20110527,170.57,170.57,170.57,170.57,0
DWS031,20110530,169.66,169.66,169.66,169.66,0
DWS031,20110531,169.06,169.06,169.06,169.06,0
DWS031,20110601,165.34,165.34,165.34,165.34,0
DWS031,20110602,167.56,167.56,167.56,167.56,0
DWS031,20110603,167.96,167.96,167.96,167.96,0
DWS031,20110606,163.38,163.38,163.38,163.38,0
DWS031,20110607,162.95,162.95,162.95,162.95,0
DWS031,20110608,161.12,161.12,161.12,161.12,0
DWS031,20110609,163.36,163.36,163.36,163.36,0
DWS031,20110610,162.33,162.33,162.33,162.33,0
DWS031,20110613,162.23,162.23,162.23,162.23,0
DWS031,20110614,163.38,163.38,163.38,163.38,0
DWS031,20110615,161.73,161.73,161.73,161.73,0
DWS031,20110616,162.64,162.64,162.64,162.64,0
DWS031,20110617,164.14,164.14,164.14,164.14,0
DWS031,20110620,164.72,164.72,164.72,164.72,0
DWS031,20110621,164.60,164.60,164.60,164.60,0
DWS031,20110622,165.65,165.65,165.65,165.65,0
DWS031,20110624,165.27,165.27,165.27,165.27,0
DWS031,20110627,165.67,165.67,165.67,165.67,0
DWS031,20110628,167.70,167.70,167.70,167.70,0
DWS031,20110629,170.16,170.16,170.16,170.16,0
DWS031,20110630,168.67,168.67,168.67,168.67,0
DWS031,20110701,170.13,170.13,170.13,170.13,0
DWS031,20110704,169.43,169.43,169.43,169.43,0
DWS031,20110705,169.53,169.53,169.53,169.53,0
DWS031,20110706,168.52,168.52,168.52,168.52,0
DWS031,20110707,169.32,169.32,169.32,169.32,0
DWS031,20110708,165.37,165.37,165.37,165.37,0
DWS031,20110711,166.55,166.55,166.55,166.55,0
DWS031,20110712,171.41,171.41,171.41,171.41,0
DWS031,20110713,173.02,173.02,173.02,173.02,0
DWS031,20110714,167.43,167.43,167.43,167.43,0
DWS031,20110715,167.84,167.84,167.84,167.84,0
DWS031,20110718,167.86,167.86,167.86,167.86,0
DWS031,20110719,168.62,168.62,168.62,168.62,0
DWS031,20110720,167.23,167.23,167.23,167.23,0
DWS031,20110721,167.24,167.24,167.24,167.24,0
DWS031,20110722,166.51,166.51,166.51,166.51,0
DWS031,20110725,168.09,168.09,168.09,168.09,0
DWS031,20110726,164.37,164.37,164.37,164.37,0
DWS031,20110727,163.59,163.59,163.59,163.59,0
DWS031,20110728,166.10,166.10,166.10,166.10,0
DWS031,20110729,165.82,165.82,165.82,165.82,0
DWS031,20110801,165.02,165.02,165.02,165.02,0
DWS031,20110802,163.65,163.65,163.65,163.65,0
DWS031,20110803,160.36,160.36,160.36,160.36,0
DWS031,20110804,153.98,153.98,153.98,153.98,0
DWS031,20110805,159.22,159.22,159.22,159.22,0
DWS031,20110808,139.45,139.45,139.45,139.45,0
DWS031,20110809,138.77,138.77,138.77,138.77,0
DWS031,20110810,140.04,140.04,140.04,140.04,0
DWS031,20110811,152.22,152.22,152.22,152.22,0
DWS031,20110812,150.34,150.34,150.34,150.34,0
DWS031,20110816,155.75,155.75,155.75,155.75,0
DWS031,20110817,157.24,157.24,157.24,157.24,0
DWS031,20110818,150.82,150.82,150.82,150.82,0
DWS031,20110819,154.84,154.84,154.84,154.84,0
DWS031,20110822,153.01,153.01,153.01,153.01,0
DWS031,20110823,152.67,152.67,152.67,152.67,0
DWS031,20110824,155.07,155.07,155.07,155.07,0
DWS031,20110825,152.57,152.57,152.57,152.57,0
DWS031,20110826,154.70,154.70,154.70,154.70,0
DWS031,20110829,155.39,155.39,155.39,155.39,0
DWS031,20110830,158.52,158.52,158.52,158.52,0
DWS031,20110831,160.80,160.80,160.80,160.80,0
DWS031,20110901,162.54,162.54,162.54,162.54,0
DWS031,20110902,160.59,160.59,160.59,160.59,0
DWS031,20110905,158.74,158.74,158.74,158.74,0
DWS031,20110906,160.80,160.80,160.80,160.80,0
DWS031,20110907,163.75,163.75,163.75,163.75,0
DWS031,20110908,165.29,165.29,165.29,165.29,0
DWS031,20110909,164.40,164.40,164.40,164.40,0
DWS031,20110912,162.56,162.56,162.56,162.56,0
DWS031,20110913,165.58,165.58,165.58,165.58,0
DWS031,20110914,164.63,164.63,164.63,164.63,0
DWS031,20110915,167.96,167.96,167.96,167.96,0
DWS031,20110916,166.03,166.03,166.03,166.03,0
DWS031,20110919,161.08,161.08,161.08,161.08,0
DWS031,20110920,163.68,163.68,163.68,163.68,0
DWS031,20110921,160.89,160.89,160.89,160.89,0
DWS031,20110922,149.78,149.78,149.78,149.78,0
DWS031,20110923,153.80,153.80,153.80,153.80,0
DWS031,20110926,156.40,156.40,156.40,156.40,0
DWS031,20110927,161.93,161.93,161.93,161.93,0
DWS031,20110928,155.25,155.25,155.25,155.25,0
DWS031,20110929,154.82,154.82,154.82,154.82,0
DWS031,20110930,151.35,151.35,151.35,151.35,0
DWS031,20111003,149.20,149.20,149.20,149.20,0
DWS031,20111004,144.25,144.25,144.25,144.25,0
DWS031,20111005,154.66,154.66,154.66,154.66,0
DWS031,20111006,160.80,160.80,160.80,160.80,0
DWS031,20111007,157.43,157.43,157.43,157.43,0
DWS031,20111010,154.59,154.59,154.59,154.59,0
DWS031,20111011,158.10,158.10,158.10,158.10,0
DWS031,20111012,157.71,157.71,157.71,157.71,0
DWS031,20111013,157.76,157.76,157.76,157.76,0
DWS031,20111014,158.14,158.14,158.14,158.14,0
DWS031,20111017,154.34,154.34,154.34,154.34,0
DWS031,20111018,157.86,157.86,157.86,157.86,0
DWS031,20111019,159.28,159.28,159.28,159.28,0
DWS031,20111020,154.42,154.42,154.42,154.42,0
DWS031,20111021,160.74,160.74,160.74,160.74,0
DWS031,20111024,164.39,164.39,164.39,164.39,0
DWS031,20111025,162.88,162.88,162.88,162.88,0
DWS031,20111026,162.75,162.75,162.75,162.75,0
DWS031,20111027,166.22,166.22,166.22,166.22,0
DWS031,20111028,169.09,169.09,169.09,169.09,0
DWS031,20111031,165.66,165.66,165.66,165.66,0
DWS031,20111102,167.83,167.83,167.83,167.83,0
DWS031,20111103,169.20,169.20,169.20,169.20,0
DWS031,20111104,168.00,168.00,168.00,168.00,0
DWS031,20111107,170.17,170.17,170.17,170.17,0
DWS031,20111108,170.11,170.11,170.11,170.11,0
DWS031,20111109,165.29,165.29,165.29,165.29,0
DWS031,20111110,166.99,166.99,166.99,166.99,0
DWS031,20111114,168.12,168.12,168.12,168.12,0
DWS031,20111115,169.56,169.56,169.56,169.56,0
DWS031,20111116,170.72,170.72,170.72,170.72,0
DWS031,20111117,167.17,167.17,167.17,167.17,0
DWS031,20111118,166.39,166.39,166.39,166.39,0
DWS031,20111121,162.62,162.62,162.62,162.62,0
DWS031,20111122,163.37,163.37,163.37,163.37,0
DWS031,20111123,158.89,158.89,158.89,158.89,0
DWS031,20111124,159.14,159.14,159.14,159.14,0
DWS031,20111125,159.55,159.55,159.55,159.55,0
DWS031,20111128,163.55,163.55,163.55,163.55,0
DWS031,20111129,164.99,164.99,164.99,164.99,0
DWS031,20111130,169.00,169.00,169.00,169.00,0
DWS031,20111201,171.65,171.65,171.65,171.65,0
DWS031,20111202,171.04,171.04,171.04,171.04,0
DWS031,20111205,173.17,173.17,173.17,173.17,0
DWS031,20111206,172.56,172.56,172.56,172.56,0
DWS031,20111207,172.50,172.50,172.50,172.50,0
DWS031,20111208,168.73,168.73,168.73,168.73,0
DWS031,20111209,173.30,173.30,173.30,173.30,0
DWS031,20111212,170.49,170.49,170.49,170.49,0
DWS031,20111213,172.81,172.81,172.81,172.81,0
DWS031,20111214,170.36,170.36,170.36,170.36,0
DWS031,20111215,170.89,170.89,170.89,170.89,0
DWS031,20111216,169.95,169.95,169.95,169.95,0
DWS031,20111219,167.86,167.86,167.86,167.86,0
DWS031,20111220,170.28,170.28,170.28,170.28,0
DWS031,20111221,167.28,167.28,167.28,167.28,0
DWS031,20111222,170.72,170.72,170.72,170.72,0
DWS031,20111223,171.26,171.26,171.26,171.26,0
DWS031,20111227,169.69,169.69,169.69,169.69,0
DWS031,20111228,166.32,166.32,166.32,166.32,0
DWS031,20111229,168.36,168.36,168.36,168.36,0
DWS031,20111230,168.93,168.93,168.93,168.93,0
DWS031,20120102,171.94,171.94,171.94,171.94,0
DWS031,20120103,176.05,176.05,176.05,176.05,0
DWS031,20120104,177.19,177.19,177.19,177.19,0
DWS031,20120105,177.77,177.77,177.77,177.77,0
DWS031,20120109,177.24,177.24,177.24,177.24,0
DWS031,20120110,181.71,181.71,181.71,181.71,0
DWS031,20120111,181.35,181.35,181.35,181.35,0
DWS031,20120112,182.76,182.76,182.76,182.76,0
DWS031,20120113,179.29,179.29,179.29,179.29,0
DWS031,20120116,177.04,177.04,177.04,177.04,0
DWS031,20120117,178.91,178.91,178.91,178.91,0
DWS031,20120118,178.24,178.24,178.24,178.24,0
DWS031,20120119,178.91,178.91,178.91,178.91,0
DWS031,20120120,180.09,180.09,180.09,180.09,0
DWS031,20120123,179.23,179.23,179.23,179.23,0
DWS031,20120124,178.91,178.91,178.91,178.91,0
DWS031,20120125,177.13,177.13,177.13,177.13,0
DWS031,20120126,176.60,176.60,176.60,176.60,0
DWS031,20120127,176.04,176.04,176.04,176.04,0
DWS031,20120130,176.70,176.70,176.70,176.70,0
DWS031,20120131,176.14,176.14,176.14,176.14,0
DWS031,20120201,175.45,175.45,175.45,175.45,0
DWS031,20120202,177.77,177.77,177.77,177.77,0
DWS031,20120203,178.75,178.75,178.75,178.75,0
DWS031,20120206,179.70,179.70,179.70,179.70,0
DWS031,20120207,181.45,181.45,181.45,181.45,0
DWS031,20120208,179.55,179.55,179.55,179.55,0
DWS031,20120209,178.38,178.38,178.38,178.38,0
DWS031,20120210,178.50,178.50,178.50,178.50,0
DWS031,20120213,177.96,177.96,177.96,177.96,0
DWS031,20120214,179.77,179.77,179.77,179.77,0
DWS031,20120215,178.39,178.39,178.39,178.39,0
DWS031,20120216,180.00,180.00,180.00,180.00,0
DWS031,20120217,180.24,180.24,180.24,180.24,0
DWS031,20120220,181.14,181.14,181.14,181.14,0
DWS031,20120221,180.28,180.28,180.28,180.28,0
DWS031,20120222,180.35,180.35,180.35,180.35,0
DWS031,20120223,179.73,179.73,179.73,179.73,0
DWS031,20120224,178.47,178.47,178.47,178.47,0
DWS031,20120227,177.49,177.49,177.49,177.49,0
DWS031,20120228,178.88,178.88,178.88,178.88,0
DWS031,20120229,178.15,178.15,178.15,178.15,0
DWS031,20120301,180.28,180.28,180.28,180.28,0
DWS031,20120302,181.06,181.06,181.06,181.06,0
DWS031,20120305,179.37,179.37,179.37,179.37,0
DWS031,20120306,175.23,175.23,175.23,175.23,0
DWS031,20120307,177.27,177.27,177.27,177.27,0
DWS031,20120308,175.72,175.72,175.72,175.72,0
DWS031,20120309,179.43,179.43,179.43,179.43,0
DWS031,20120312,174.41,174.41,174.41,174.41,0
DWS031,20120313,179.65,179.65,179.65,179.65,0
DWS031,20120314,180.57,180.57,180.57,180.57,0
DWS031,20120315,181.27,181.27,181.27,181.27,0
DWS031,20120316,180.50,180.50,180.50,180.50,0
DWS031,20120319,178.79,178.79,178.79,178.79,0
DWS031,20120320,174.67,174.67,174.67,174.67,0
DWS031,20120321,175.97,175.97,175.97,175.97,0
DWS031,20120322,175.76,175.76,175.76,175.76,0
DWS031,20120323,175.46,175.46,175.46,175.46,0
DWS031,20120326,176.26,176.26,176.26,176.26,0
DWS031,20120327,176.80,176.80,176.80,176.80,0
DWS031,20120328,173.52,173.52,173.52,173.52,0
DWS031,20120329,172.98,172.98,172.98,172.98,0
DWS031,20120330,175.34,175.34,175.34,175.34,0
DWS031,20120402,176.23,176.23,176.23,176.23,0
DWS031,20120403,175.82,175.82,175.82,175.82,0
DWS031,20120404,175.46,175.46,175.46,175.46,0
DWS031,20120405,176.60,176.60,176.60,176.60,0
DWS031,20120410,174.17,174.17,174.17,174.17,0
DWS031,20120411,175.88,175.88,175.88,175.88,0
DWS031,20120412,175.53,175.53,175.53,175.53,0
DWS031,20120413,173.34,173.34,173.34,173.34,0
DWS031,20120416,175.63,175.63,175.63,175.63,0
DWS031,20120417,174.91,174.91,174.91,174.91,0
DWS031,20120418,171.94,171.94,171.94,171.94,0
DWS031,20120419,172.02,172.02,172.02,172.02,0
DWS031,20120420,175.74,175.74,175.74,175.74,0
DWS031,20120423,172.44,172.44,172.44,172.44,0
DWS031,20120424,172.51,172.51,172.51,172.51,0
DWS031,20120425,169.78,169.78,169.78,169.78,0
DWS031,20120426,170.71,170.71,170.71,170.71,0
DWS031,20120427,173.38,173.38,173.38,173.38,0
DWS031,20120430,170.94,170.94,170.94,170.94,0
DWS031,20120502,172.32,172.32,172.32,172.32,0
DWS031,20120504,171.83,171.83,171.83,171.83,0
DWS031,20120507,170.98,170.98,170.98,170.98,0
DWS031,20120508,168.95,168.95,168.95,168.95,0
DWS031,20120509,168.71,168.71,168.71,168.71,0
DWS031,20120510,170.84,170.84,170.84,170.84,0
DWS031,20120511,170.78,170.78,170.78,170.78,0
DWS031,20120514,167.95,167.95,167.95,167.95,0
DWS031,20120515,167.68,167.68,167.68,167.68,0
DWS031,20120516,168.87,168.87,168.87,168.87,0
DWS031,20120517,166.80,166.80,166.80,166.80,0
DWS031,20120518,165.86,165.86,165.86,165.86,0
DWS031,20120521,163.89,163.89,163.89,163.89,0
DWS031,20120522,164.33,164.33,164.33,164.33,0
DWS031,20120523,162.91,162.91,162.91,162.91,0
DWS031,20120524,164.85,164.85,164.85,164.85,0
DWS031,20120525,167.13,167.13,167.13,167.13,0
DWS031,20120528,167.36,167.36,167.36,167.36,0
DWS031,20120529,168.23,168.23,168.23,168.23,0
DWS031,20120530,168.22,168.22,168.22,168.22,0
DWS031,20120531,169.79,169.79,169.79,169.79,0
DWS031,20120601,168.43,168.43,168.43,168.43,0
DWS031,20120604,167.33,167.33,167.33,167.33,0
DWS031,20120605,166.75,166.75,166.75,166.75,0
DWS031,20120606,167.21,167.21,167.21,167.21,0
DWS031,20120608,166.06,166.06,166.06,166.06,0
DWS031,20120611,165.49,165.49,165.49,165.49,0
DWS031,20120612,164.13,164.13,164.13,164.13,0
DWS031,20120613,166.46,166.46,166.46,166.46,0
DWS031,20120614,164.23,164.23,164.23,164.23,0
DWS031,20120615,166.45,166.45,166.45,166.45,0
DWS031,20120618,165.49,165.49,165.49,165.49,0
DWS031,20120619,169.80,169.80,169.80,169.80,0
DWS031,20120620,168.57,168.57,168.57,168.57,0
DWS031,20120621,166.09,166.09,166.09,166.09,0
DWS031,20120622,164.39,164.39,164.39,164.39,0
DWS031,20120625,162.33,162.33,162.33,162.33,0
DWS031,20120626,164.10,164.10,164.10,164.10,0
DWS031,20120627,164.78,164.78,164.78,164.78,0
DWS031,20120628,164.06,164.06,164.06,164.06,0
DWS031,20120629,169.06,169.06,169.06,169.06,0
DWS031,20120702,169.86,169.86,169.86,169.86,0
DWS031,20120703,172.02,172.02,172.02,172.02,0
DWS031,20120704,169.47,169.47,169.47,169.47,0
DWS031,20120705,173.33,173.33,173.33,173.33,0
DWS031,20120706,171.64,171.64,171.64,171.64,0
DWS031,20120709,173.75,173.75,173.75,173.75,0
DWS031,20120710,171.38,171.38,171.38,171.38,0
DWS031,20120711,170.50,170.50,170.50,170.50,0
DWS031,20120712,169.81,169.81,169.81,169.81,0
DWS031,20120713,174.11,174.11,174.11,174.11,0
DWS031,20120716,171.56,171.56,171.56,171.56,0
DWS031,20120717,172.55,172.55,172.55,172.55,0
DWS031,20120718,172.82,172.82,172.82,172.82,0
DWS031,20120719,172.38,172.38,172.38,172.38,0
DWS031,20120720,171.68,171.68,171.68,171.68,0
DWS031,20120723,169.85,169.85,169.85,169.85,0
DWS031,20120724,169.37,169.37,169.37,169.37,0
DWS031,20120725,169.78,169.78,169.78,169.78,0
DWS031,20120726,172.41,172.41,172.41,172.41,0
DWS031,20120727,174.29,174.29,174.29,174.29,0
DWS031,20120730,174.01,174.01,174.01,174.01,0
DWS031,20120731,170.76,170.76,170.76,170.76,0
DWS031,20120801,170.74,170.74,170.74,170.74,0
DWS031,20120802,169.20,169.20,169.20,169.20,0
DWS031,20120803,172.26,172.26,172.26,172.26,0
DWS031,20120806,171.57,171.57,171.57,171.57,0
DWS031,20120807,170.46,170.46,170.46,170.46,0
DWS031,20120808,173.41,173.41,173.41,173.41,0
DWS031,20120809,173.34,173.34,173.34,173.34,0
DWS031,20120810,174.57,174.57,174.57,174.57,0
DWS031,20120813,174.69,174.69,174.69,174.69,0
DWS031,20120814,174.36,174.36,174.36,174.36,0
DWS031,20120816,173.02,173.02,173.02,173.02,0
DWS031,20120817,174.20,174.20,174.20,174.20,0
DWS031,20120820,173.48,173.48,173.48,173.48,0
DWS031,20120821,171.98,171.98,171.98,171.98,0
DWS031,20120822,169.54,169.54,169.54,169.54,0
DWS031,20120823,168.65,168.65,168.65,168.65,0
DWS031,20120824,170.50,170.50,170.50,170.50,0
DWS031,20120827,168.34,168.34,168.34,168.34,0
DWS031,20120828,167.70,167.70,167.70,167.70,0
DWS031,20120829,168.13,168.13,168.13,168.13,0
DWS031,20120830,168.31,168.31,168.31,168.31,0
DWS031,20120831,169.53,169.53,169.53,169.53,0
DWS031,20120903,170.76,170.76,170.76,170.76,0
DWS031,20120904,168.06,168.06,168.06,168.06,0
DWS031,20120905,169.99,169.99,169.99,169.99,0
DWS031,20120906,171.25,171.25,171.25,171.25,0
DWS031,20120907,170.54,170.54,170.54,170.54,0
DWS031,20120910,169.21,169.21,169.21,169.21,0
DWS031,20120911,169.83,169.83,169.83,169.83,0
DWS031,20120912,168.90,168.90,168.90,168.90,0
DWS031,20120913,172.60,172.60,172.60,172.60,0
DWS031,20121119,170.02,170.02,170.02,170.02,0
DWS031,20121120,169.80,169.80,169.80,169.80,0
DWS031,20121121,166.12,166.12,166.12,166.12,0
DWS031,20121122,166.77,166.77,166.77,166.77,0
DWS031,20121123,168.69,168.69,168.69,168.69,0
DWS031,20121126,165.10,165.10,165.10,165.10,0
DWS031,20121127,165.66,165.66,165.66,165.66,0
DWS031,20121128,164.05,164.05,164.05,164.05,0
DWS031,20121129,165.45,165.45,165.45,165.45,0
DWS031,20121130,163.54,163.54,163.54,163.54,0
DWS031,20121203,165.56,165.56,165.56,165.56,0
DWS031,20121204,165.95,165.95,165.95,165.95,0
DWS031,20121205,167.58,167.58,167.58,167.58,0
DWS031,20121206,168.83,168.83,168.83,168.83,0
DWS031,20121207,169.55,169.55,169.55,169.55,0
DWS031,20121210,172.68,172.68,172.68,172.68,0
DWS031,20121211,172.43,172.43,172.43,172.43,0
DWS031,20121212,172.11,172.11,172.11,172.11,0
DWS031,20121213,169.89,169.89,169.89,169.89,0
DWS031,20121214,170.23,170.23,170.23,170.23,0
DWS031,20121217,168.64,168.64,168.64,168.64,0
DWS031,20121218,170.08,170.08,170.08,170.08,0
DWS031,20121219,170.78,170.78,170.78,170.78,0
DWS031,20121220,169.09,169.09,169.09,169.09,0
DWS031,20121221,167.25,167.25,167.25,167.25,0
DWS031,20121227,168.39,168.39,168.39,168.39,0
DWS031,20121228,167.91,167.91,167.91,167.91,0
DWS031,20130102,172.30,172.30,172.30,172.30,0
DWS031,20130103,176.41,176.41,176.41,176.41,0
DWS031,20130104,177.39,177.39,177.39,177.39,0
DWS031,20130107,175.95,175.95,175.95,175.95,0
DWS031,20130108,175.23,175.23,175.23,175.23,0
DWS031,20130109,178.13,178.13,178.13,178.13,0
DWS031,20130110,175.04,175.04,175.04,175.04,0
DWS031,20130111,172.31,172.31,172.31,172.31,0
DWS031,20130114,174.86,174.86,174.86,174.86,0
DWS031,20130115,174.09,174.09,174.09,174.09,0
DWS031,20130116,174.24,174.24,174.24,174.24,0
DWS031,20130117,175.95,175.95,175.95,175.95,0
DWS031,20130118,175.43,175.43,175.43,175.43,0
DWS031,20130121,177.66,177.66,177.66,177.66,0
DWS031,20130122,177.91,177.91,177.91,177.91,0
DWS031,20130123,177.77,177.77,177.77,177.77,0
DWS031,20130124,178.50,178.50,178.50,178.50,0
DWS031,20130125,178.46,178.46,178.46,178.46,0
DWS031,20130128,178.04,178.04,178.04,178.04,0
DWS031,20130129,174.98,174.98,174.98,174.98,0
DWS031,20130130,175.13,175.13,175.13,175.13,0
DWS031,20130131,174.90,174.90,174.90,174.90,0
DWS031,20130201,175.74,175.74,175.74,175.74,0
DWS031,20130204,174.47,174.47,174.47,174.47,0
DWS031,20130205,174.51,174.51,174.51,174.51,0
DWS031,20130206,176.19,176.19,176.19,176.19,0
DWS031,20130207,175.97,175.97,175.97,175.97,0
DWS031,20130208,175.67,175.67,175.67,175.67,0
DWS031,20130211,174.52,174.52,174.52,174.52,0
DWS031,20130212,175.13,175.13,175.13,175.13,0
DWS031,20130213,175.50,175.50,175.50,175.50,0
DWS031,20130214,173.49,173.49,173.49,173.49,0
DWS031,20130215,175.06,175.06,175.06,175.06,0
DWS031,20130218,176.59,176.59,176.59,176.59,0
DWS031,20130219,175.51,175.51,175.51,175.51,0
DWS031,20130220,175.65,175.65,175.65,175.65,0
DWS031,20130221,174.28,174.28,174.28,174.28,0
DWS031,20130222,173.39,173.39,173.39,173.39,0
DWS031,20130225,174.53,174.53,174.53,174.53,0
DWS031,20130226,172.98,172.98,172.98,172.98,0
DWS031,20130227,174.82,174.82,174.82,174.82,0
DWS031,20130228,174.72,174.72,174.72,174.72,0
DWS031,20130301,175.51,175.51,175.51,175.51,0
DWS031,20130304,175.28,175.28,175.28,175.28,0
DWS031,20130305,174.83,174.83,174.83,174.83,0
DWS031,20130306,176.61,176.61,176.61,176.61,0
DWS031,20130307,177.69,177.69,177.69,177.69,0
DWS031,20130308,178.60,178.60,178.60,178.60,0
DWS031,20130311,179.75,179.75,179.75,179.75,0
DWS031,20130312,180.15,180.15,180.15,180.15,0
DWS031,20130313,179.60,179.60,179.60,179.60,0
DWS031,20130314,180.26,180.26,180.26,180.26,0
DWS031,20130315,179.90,179.90,179.90,179.90,0
DWS031,20130318,178.15,178.15,178.15,178.15,0
DWS031,20130319,177.14,177.14,177.14,177.14,0
DWS031,20130320,177.25,177.25,177.25,177.25,0
DWS031,20130321,178.24,178.24,178.24,178.24,0
DWS031,20130322,177.80,177.80,177.80,177.80,0
DWS031,20130325,172.86,172.86,172.86,172.86,0
DWS031,20130326,175.15,175.15,175.15,175.15,0
DWS031,20130327,176.73,176.73,176.73,176.73,0
DWS031,20130328,178.12,178.12,178.12,178.12,0
DWS031,20130402,178.91,178.91,178.91,178.91,0
DWS031,20130403,179.38,179.38,179.38,179.38,0
DWS031,20130404,178.09,178.09,178.09,178.09,0
DWS031,20130405,178.07,178.07,178.07,178.07,0
DWS031,20130408,171.80,171.80,171.80,171.80,0
DWS031,20130409,173.82,173.82,173.82,173.82,0
DWS031,20130410,173.93,173.93,173.93,173.93,0
DWS031,20130411,177.85,177.85,177.85,177.85,0
DWS031,20130412,176.96,176.96,176.96,176.96,0
DWS031,20130415,175.83,175.83,175.83,175.83,0
DWS031,20130417,173.02,173.02,173.02,173.02,0
DWS031,20130418,170.65,170.65,170.65,170.65,0
DWS031,20130419,169.04,169.04,169.04,169.04,0
DWS031,20130422,169.07,169.07,169.07,169.07,0
DWS031,20130423,171.33,171.33,171.33,171.33,0
DWS031,20130424,173.65,173.65,173.65,173.65,0
DWS031,20130425,175.06,175.06,175.06,175.06,0
DWS031,20130426,175.45,175.45,175.45,175.45,0
DWS031,20130429,174.61,174.61,174.61,174.61,0
DWS031,20130502,171.72,171.72,171.72,171.72,0
DWS031,20130506,175.40,175.40,175.40,175.40,0
DWS031,20130507,174.84,174.84,174.84,174.84,0
DWS031,20130508,175.21,175.21,175.21,175.21,0
DWS031,20130509,175.70,175.70,175.70,175.70,0
DWS031,20130510,176.19,176.19,176.19,176.19,0
DWS031,20130513,176.76,176.76,176.76,176.76,0
DWS031,20130514,174.11,174.11,174.11,174.11,0
DWS031,20130515,177.22,177.22,177.22,177.22,0
DWS031,20130516,181.21,181.21,181.21,181.21,0
DWS031,20130520,178.23,178.23,178.23,178.23,0
DWS031,20130521,178.97,178.97,178.97,178.97,0
DWS031,20130522,176.41,176.41,176.41,176.41,0
DWS031,20130523,178.78,178.78,178.78,178.78,0
DWS031,20130524,173.74,173.74,173.74,173.74,0
DWS031,20130527,174.29,174.29,174.29,174.29,0
DWS031,20130529,177.93,177.93,177.93,177.93,0
DWS031,20130531,171.34,171.34,171.34,171.34,0
DWS031,20130603,171.23,171.23,171.23,171.23,0
DWS031,20130605,164.62,164.62,164.62,164.62,0
DWS031,20130606,167.42,167.42,167.42,167.42,0
DWS031,20130704,152.70,152.70,152.70,152.70,0
DWS031,20130719,151.81,151.81,151.81,151.81,0
DWS031,20130722,150.67,150.67,150.67,150.67,0
DWS031,20130723,151.96,151.96,151.96,151.96,0
DWS031,20130724,149.77,149.77,149.77,149.77,0
DWS031,20130725,150.85,150.85,150.85,150.85,0
DWS031,20130726,149.73,149.73,149.73,149.73,0
DWS031,20130729,148.20,148.20,148.20,148.20,0
DWS031,20130730,147.28,147.28,147.28,147.28,0
DWS031,20130731,147.14,147.14,147.14,147.14,0
DWS031,20130801,151.14,151.14,151.14,151.14,0
DWS031,20130802,151.89,151.89,151.89,151.89,0
DWS031,20130805,151.13,151.13,151.13,151.13,0
DWS031,20130806,148.53,148.53,148.53,148.53,0
DWS031,20130807,148.04,148.04,148.04,148.04,0
DWS031,20130808,148.61,148.61,148.61,148.61,0
DWS031,20130809,150.81,150.81,150.81,150.81,0
DWS031,20130812,153.53,153.53,153.53,153.53,0
DWS031,20130813,152.07,152.07,152.07,152.07,0
DWS031,20130814,152.82,152.82,152.82,152.82,0
DWS031,20130816,150.18,150.18,150.18,150.18,0
DWS031,20130819,149.17,149.17,149.17,149.17,0
DWS031,20130820,147.20,147.20,147.20,147.20,0
DWS031,20130821,145.78,145.78,145.78,145.78,0
DWS031,20130822,145.74,145.74,145.74,145.74,0
DWS031,20130823,146.58,146.58,146.58,146.58,0
DWS031,20130826,147.91,147.91,147.91,147.91,0
DWS031,20130827,144.74,144.74,144.74,144.74,0
DWS031,20130828,145.30,145.30,145.30,145.30,0
DWS031,20130829,146.92,146.92,146.92,146.92,0
DWS031,20130830,146.19,146.19,146.19,146.19,0
DWS031,20130902,147.19,147.19,147.19,147.19,0
DWS031,20130903,147.90,147.90,147.90,147.90,0
DWS031,20130904,148.27,148.27,148.27,148.27,0
DWS031,20130905,149.84,149.84,149.84,149.84,0
DWS031,20130906,153.66,153.66,153.66,153.66,0
DWS031,20130909,155.59,155.59,155.59,155.59,0
DWS031,20130910,156.71,156.71,156.71,156.71,0
DWS031,20130911,155.96,155.96,155.96,155.96,0
DWS031,20130912,154.35,154.35,154.35,154.35,0
DWS031,20130913,152.23,152.23,152.23,152.23,0
DWS031,20130916,153.76,153.76,153.76,153.76,0
DWS031,20130917,155.31,155.31,155.31,155.31,0
DWS031,20130918,156.12,156.12,156.12,156.12,0
DWS031,20130919,155.80,155.80,155.80,155.80,0
DWS031,20130920,157.76,157.76,157.76,157.76,0
DWS031,20130923,156.56,156.56,156.56,156.56,0
DWS031,20130924,158.42,158.42,158.42,158.42,0
DWS031,20130925,155.14,155.14,155.14,155.14,0
DWS031,20131030,155.47,155.47,155.47,155.47,0
DWS031,20131031,154.58,154.58,154.58,154.58,0
DWS031,20131104,155.92,155.92,155.92,155.92,0
DWS031,20131105,152.56,152.56,152.56,152.56,0
DWS031,20131106,151.83,151.83,151.83,151.83,0
DWS031,20131107,153.10,153.10,153.10,153.10,0
DWS031,20131108,151.13,151.13,151.13,151.13,0
DWS031,20131112,149.91,149.91,149.91,149.91,0
DWS031,20131113,149.91,149.91,149.91,149.91,0
DWS031,20131114,152.84,152.84,152.84,152.84,0
DWS031,20131115,153.87,153.87,153.87,153.87,0
DWS031,20131118,156.09,156.09,156.09,156.09,0
DWS031,20131119,154.10,154.10,154.10,154.10,0
DWS031,20131120,153.67,153.67,153.67,153.67,0
DWS031,20131121,152.25,152.25,152.25,152.25,0
DWS031,20131122,153.32,153.32,153.32,153.32,0
DWS031,20131125,152.69,152.69,152.69,152.69,0
DWS031,20131126,150.42,150.42,150.42,150.42,0
DWS031,20131127,151.52,151.52,151.52,151.52,0
DWS031,20131128,152.36,152.36,152.36,152.36,0
DWS031,20131129,152.46,152.46,152.46,152.46,0
DWS031,20131202,151.19,151.19,151.19,151.19,0
DWS031,20131203,147.86,147.86,147.86,147.86,0
DWS031,20131204,147.55,147.55,147.55,147.55,0
DWS031,20131205,147.11,147.11,147.11,147.11,0
DWS031,20131206,148.14,148.14,148.14,148.14,0
DWS031,20131209,148.66,148.66,148.66,148.66,0
DWS031,20131210,148.27,148.27,148.27,148.27,0
DWS031,20131211,145.02,145.02,145.02,145.02,0
DWS031,20131212,144.63,144.63,144.63,144.63,0
DWS031,20131213,145.85,145.85,145.85,145.85,0
DWS031,20131216,146.49,146.49,146.49,146.49,0
DWS031,20131217,146.91,146.91,146.91,146.91,0
DWS031,20131218,146.11,146.11,146.11,146.11,0
DWS031,20131219,147.41,147.41,147.41,147.41,0
DWS031,20131220,147.50,147.50,147.50,147.50,0
DWS031,20131223,148.43,148.43,148.43,148.43,0
DWS031,20131227,147.92,147.92,147.92,147.92,0
DWS031,20131230,148.89,148.89,148.89,148.89,0
DWS031,20140102,149.31,149.31,149.31,149.31,0
DWS031,20140103,147.01,147.01,147.01,147.01,0
DWS031,20140107,147.71,147.71,147.71,147.71,0
DWS031,20140108,148.57,148.57,148.57,148.57,0
DWS031,20140109,148.39,148.39,148.39,148.39,0
DWS031,20140110,145.87,145.87,145.87,145.87,0
DWS031,20140113,146.69,146.69,146.69,146.69,0
DWS031,20140114,146.56,146.56,146.56,146.56,0
DWS031,20140115,146.41,146.41,146.41,146.41,0
DWS031,20140116,147.14,147.14,147.14,147.14,0
DWS031,20140117,146.10,146.10,146.10,146.10,0
DWS031,20140120,145.33,145.33,145.33,145.33,0
DWS031,20140121,145.51,145.51,145.51,145.51,0
DWS031,20140122,145.56,145.56,145.56,145.56,0
DWS031,20140123,145.58,145.58,145.58,145.58,0
DWS031,20140124,142.68,142.68,142.68,142.68,0
DWS031,20140127,138.62,138.62,138.62,138.62,0
DWS031,20140128,137.23,137.23,137.23,137.23,0
DWS031,20140129,138.85,138.85,138.85,138.85,0
DWS031,20140130,136.00,136.00,136.00,136.00,0
DWS031,20140131,136.69,136.69,136.69,136.69,0
DWS031,20140203,135.77,135.77,135.77,135.77,0
DWS031,20140204,132.46,132.46,132.46,132.46,0
DWS031,20140205,133.13,133.13,133.13,133.13,0
DWS031,20140206,135.42,135.42,135.42,135.42,0
DWS031,20140207,135.05,135.05,135.05,135.05,0
DWS031,20140210,134.34,134.34,134.34,134.34,0
DWS031,20140211,135.22,135.22,135.22,135.22,0
DWS031,20140212,136.56,136.56,136.56,136.56,0
DWS031,20140213,134.73,134.73,134.73,134.73,0
DWS031,20140214,134.90,134.90,134.90,134.90,0
DWS031,20140217,136.92,136.92,136.92,136.92,0
DWS031,20140218,135.19,135.19,135.19,135.19,0
DWS031,20140219,133.48,133.48,133.48,133.48,0
DWS031,20140220,134.04,134.04,134.04,134.04,0
DWS031,20140221,135.41,135.41,135.41,135.41,0
DWS031,20140224,136.42,136.42,136.42,136.42,0
DWS031,20140225,136.26,136.26,136.26,136.26,0
DWS031,20140226,135.37,135.37,135.37,135.37,0
DWS031,20140227,137.01,137.01,137.01,137.01,0
DWS031,20140228,137.08,137.08,137.08,137.08,0
DWS031,20140303,137.00,137.00,137.00,137.00,0
DWS031,20140304,137.08,137.08,137.08,137.08,0
DWS031,20140305,137.97,137.97,137.97,137.97,0
DWS031,20140306,137.78,137.78,137.78,137.78,0
DWS031,20140307,141.04,141.04,141.04,141.04,0
DWS031,20140310,136.64,136.64,136.64,136.64,0
DWS031,20140311,134.50,134.50,134.50,134.50,0
DWS031,20140312,137.70,137.70,137.70,137.70,0
DWS031,20140313,135.42,135.42,135.42,135.42,0
DWS031,20140314,134.64,134.64,134.64,134.64,0
DWS031,20140317,133.49,133.49,133.49,133.49,0
DWS031,20140318,135.26,135.26,135.26,135.26,0
DWS031,20140319,136.96,136.96,136.96,136.96,0
DWS031,20140320,137.41,137.41,137.41,137.41,0
DWS031,20140321,140.81,140.81,140.81,140.81,0
DWS031,20140324,141.74,141.74,141.74,141.74,0
DWS031,20140325,140.80,140.80,140.80,140.80,0
DWS031,20140326,142.87,142.87,142.87,142.87,0
DWS031,20140327,142.69,142.69,142.69,142.69,0
DWS031,20140328,147.14,147.14,147.14,147.14,0
DWS031,20140331,148.59,148.59,148.59,148.59,0
DWS031,20140401,149.17,149.17,149.17,149.17,0
DWS031,20140402,150.08,150.08,150.08,150.08,0
DWS031,20140403,151.47,151.47,151.47,151.47,0
DWS031,20140404,154.18,154.18,154.18,154.18,0
DWS031,20140407,153.09,153.09,153.09,153.09,0
DWS031,20140408,155.30,155.30,155.30,155.30,0
DWS031,20140409,151.87,151.87,151.87,151.87,0
DWS031,20140410,152.53,152.53,152.53,152.53,0
DWS031,20140411,152.05,152.05,152.05,152.05,0
DWS031,20140414,153.50,153.50,153.50,153.50,0
DWS031,20140415,152.29,152.29,152.29,152.29,0
DWS031,20140416,151.75,151.75,151.75,151.75,0
DWS031,20140417,152.00,152.00,152.00,152.00,0
DWS031,20140422,152.92,152.92,152.92,152.92,0
DWS031,20140423,152.16,152.16,152.16,152.16,0
DWS031,20140424,152.32,152.32,152.32,152.32,0
DWS031,20140425,151.59,151.59,151.59,151.59,0
DWS031,20140428,151.10,151.10,151.10,151.10,0
DWS031,20140429,154.39,154.39,154.39,154.39,0
DWS031,20140430,151.92,151.92,151.92,151.92,0
DWS031,20140502,154.01,154.01,154.01,154.01,0
DWS031,20140505,152.84,152.84,152.84,152.84,0
DWS031,20140506,154.86,154.86,154.86,154.86,0
DWS031,20140507,154.74,154.74,154.74,154.74,0
DWS031,20140508,154.65,154.65,154.65,154.65,0
DWS031,20140509,154.71,154.71,154.71,154.71,0
DWS031,20140512,155.33,155.33,155.33,155.33,0
DWS031,20140513,157.67,157.67,157.67,157.67,0
DWS031,20140514,157.35,157.35,157.35,157.35,0
DWS031,20140515,156.91,156.91,156.91,156.91,0
DWS031,20140516,154.33,154.33,154.33,154.33,0
DWS031,20140519,155.66,155.66,155.66,155.66,0
DWS031,20140520,155.59,155.59,155.59,155.59,0
DWS031,20140521,154.40,154.40,154.40,154.40,0
DWS031,20140522,154.42,154.42,154.42,154.42,0
DWS031,20140523,154.83,154.83,154.83,154.83,0
DWS031,20140526,154.52,154.52,154.52,154.52,0
DWS031,20140527,153.91,153.91,153.91,153.91,0
DWS031,20140528,152.90,152.90,152.90,152.90,0
DWS031,20140529,152.83,152.83,152.83,152.83,0
DWS031,20140602,152.15,152.15,152.15,152.15,0
DWS031,20140603,152.23,152.23,152.23,152.23,0
DWS031,20140604,152.70,152.70,152.70,152.70,0
DWS031,20140605,153.50,153.50,153.50,153.50,0
DWS031,20140606,155.06,155.06,155.06,155.06,0
DWS031,20140609,154.28,154.28,154.28,154.28,0
DWS031,20140610,158.48,158.48,158.48,158.48,0
DWS031,20140611,160.12,160.12,160.12,160.12,0
DWS031,20140612,159.89,159.89,159.89,159.89,0
DWS031,20140613,159.75,159.75,159.75,159.75,0
DWS031,20140616,159.04,159.04,159.04,159.04,0
DWS031,20140617,157.97,157.97,157.97,157.97,0
DWS031,20140620,159.78,159.78,159.78,159.78,0
DWS031,20140623,160.05,160.05,160.05,160.05,0
DWS031,20140624,161.11,161.11,161.11,161.11,0
DWS031,20140625,160.00,160.00,160.00,160.00,0
DWS031,20140626,158.79,158.79,158.79,158.79,0
DWS031,20140627,159.39,159.39,159.39,159.39,0
DWS031,20140630,158.74,158.74,158.74,158.74,0
DWS031,20140701,158.20,158.20,158.20,158.20,0
DWS031,20140702,158.21,158.21,158.21,158.21,0
DWS031,20140704,159.38,159.38,159.38,159.38,0
DWS031,20140707,158.93,158.93,158.93,158.93,0
DWS031,20140708,158.30,158.30,158.30,158.30,0
DWS031,20140709,158.73,158.73,158.73,158.73,0
DWS031,20140710,159.74,159.74,159.74,159.74,0
DWS031,20140711,160.76,160.76,160.76,160.76,0
DWS031,20140714,162.53,162.53,162.53,162.53,0
DWS031,20140715,163.79,163.79,163.79,163.79,0
DWS031,20140716,162.82,162.82,162.82,162.82,0
DWS031,20140717,161.15,161.15,161.15,161.15,0
DWS031,20140718,164.61,164.61,164.61,164.61,0
DWS031,20140721,166.13,166.13,166.13,166.13,0
DWS031,20140722,166.79,166.79,166.79,166.79,0
DWS031,20140723,167.69,167.69,167.69,167.69,0
DWS031,20140724,166.62,166.62,166.62,166.62,0
DWS031,20140725,167.85,167.85,167.85,167.85,0
DWS031,20140728,167.04,167.04,167.04,167.04,0
DWS031,20140729,166.10,166.10,166.10,166.10,0
DWS031,20140805,165.01,165.01,165.01,165.01,0
DWS031,20140806,165.92,165.92,165.92,165.92,0
DWS031,20140807,164.59,164.59,164.59,164.59,0
DWS031,20140808,165.29,165.29,165.29,165.29,0
DWS031,20140811,163.79,163.79,163.79,163.79,0
DWS031,20140812,167.07,167.07,167.07,167.07,0
DWS031,20140813,166.93,166.93,166.93,166.93,0
DWS031,20140814,166.47,166.47,166.47,166.47,0
DWS031,20140818,169.65,169.65,169.65,169.65,0
DWS031,20140820,169.49,169.49,169.49,169.49,0
DWS031,20140821,169.94,169.94,169.94,169.94,0
DWS031,20140822,170.72,170.72,170.72,170.72,0
DWS031,20140825,169.35,169.35,169.35,169.35,0
DWS031,20140826,171.23,171.23,171.23,171.23,0
DWS031,20140827,173.09,173.09,173.09,173.09,0
DWS031,20140828,175.33,175.33,175.33,175.33,0
DWS031,20140901,178.08,178.08,178.08,178.08,0
DWS031,20140902,180.37,180.37,180.37,180.37,0
DWS031,20140903,179.68,179.68,179.68,179.68,0
DWS031,20140904,181.84,181.84,181.84,181.84,0
DWS031,20140905,181.58,181.58,181.58,181.58,0
DWS031,20140908,181.24,181.24,181.24,181.24,0
DWS031,20140909,180.18,180.18,180.18,180.18,0
DWS031,20140910,176.21,176.21,176.21,176.21,0
DWS031,20140918,173.02,173.02,173.02,173.02,0
DWS031,20140919,171.74,171.74,171.74,171.74,0
DWS031,20140922,171.60,171.60,171.60,171.60,0
DWS031,20140923,165.73,165.73,165.73,165.73,0
DWS031,20140924,165.75,165.75,165.75,165.75,0
DWS031,20140925,165.64,165.64,165.64,165.64,0
DWS031,20140929,165.48,165.48,165.48,165.48,0
DWS031,20140930,158.94,158.94,158.94,158.94,0
DWS031,20141001,156.65,156.65,156.65,156.65,0
DWS031,20141002,153.54,153.54,153.54,153.54,0
DWS031,20141006,161.93,161.93,161.93,161.93,0
DWS031,20141007,166.06,166.06,166.06,166.06,0
DWS031,20141008,162.22,162.22,162.22,162.22,0
DWS031,20141009,166.42,166.42,166.42,166.42,0
DWS031,20141010,162.84,162.84,162.84,162.84,0
DWS031,20141013,162.18,162.18,162.18,162.18,0
DWS031,20141014,165.84,165.84,165.84,165.84,0
DWS031,20141015,158.00,158.00,158.00,158.00,0
DWS031,20141016,157.43,157.43,157.43,157.43,0
DWS031,20141017,157.98,157.98,157.98,157.98,0
DWS031,20141020,156.86,156.86,156.86,156.86,0
DWS031,20141021,155.38,155.38,155.38,155.38,0
DWS031,20141022,153.64,153.64,153.64,153.64,0
DWS031,20141023,151.13,151.13,151.13,151.13,0
DWS031,20141024,154.33,154.33,154.33,154.33,0
DWS031,20141027,147.76,147.76,147.76,147.76,0
DWS031,20141028,150.35,150.35,150.35,150.35,0
DWS031,20141029,153.55,153.55,153.55,153.55,0
DWS031,20141030,156.39,156.39,156.39,156.39,0
DWS031,20141031,158.80,158.80,158.80,158.80,0
DWS031,20141103,161.36,161.36,161.36,161.36,0
DWS031,20141104,161.96,161.96,161.96,161.96,0
DWS031,20141105,162.14,162.14,162.14,162.14,0
DWS031,20141106,158.07,158.07,158.07,158.07,0
DWS031,20141107,158.40,158.40,158.40,158.40,0
DWS031,20141110,158.08,158.08,158.08,158.08,0
DWS031,20141112,155.50,155.50,155.50,155.50,0
DWS031,20141113,155.64,155.64,155.64,155.64,0
DWS031,20141114,154.71,154.71,154.71,154.71,0
DWS031,20141117,151.49,151.49,151.49,151.49,0
DWS031,20141118,152.42,152.42,152.42,152.42,0
DWS031,20141119,151.63,151.63,151.63,151.63,0
DWS031,20141120,154.28,154.28,154.28,154.28,0
DWS031,20141121,154.49,154.49,154.49,154.49,0
DWS031,20141124,160.20,160.20,160.20,160.20,0
DWS031,20141125,161.17,161.17,161.17,161.17,0
DWS031,20141126,160.93,160.93,160.93,160.93,0
DWS031,20141127,160.33,160.33,160.33,160.33,0
DWS031,20141128,161.50,161.50,161.50,161.50,0
DWS031,20141201,156.00,156.00,156.00,156.00,0
DWS031,20141202,151.55,151.55,151.55,151.55,0
DWS031,20141203,153.55,153.55,153.55,153.55,0
DWS031,20141204,152.09,152.09,152.09,152.09,0
DWS031,20141205,151.16,151.16,151.16,151.16,0
DWS031,20141208,151.11,151.11,151.11,151.11,0
DWS031,20141209,147.84,147.84,147.84,147.84,0
DWS031,20141210,145.26,145.26,145.26,145.26,0
DWS031,20141211,145.39,145.39,145.39,145.39,0
DWS031,20141212,142.30,142.30,142.30,142.30,0
DWS031,20141215,141.74,141.74,141.74,141.74,0
DWS031,20141216,134.15,134.15,134.15,134.15,0
DWS031,20141217,141.53,141.53,141.53,141.53,0
DWS031,20141218,146.99,146.99,146.99,146.99,0
DWS031,20141219,149.33,149.33,149.33,149.33,0
DWS031,20141222,147.73,147.73,147.73,147.73,0
DWS031,20141223,148.57,148.57,148.57,148.57,0
DWS031,20141229,151.15,151.15,151.15,151.15,0
DWS031,20141230,152.84,152.84,152.84,152.84,0
DWS031,20150102,152.77,152.77,152.77,152.77,0
DWS031,20150105,152.45,152.45,152.45,152.45,0
DWS031,20150107,149.70,149.70,149.70,149.70,0
DWS031,20150108,152.10,152.10,152.10,152.10,0
DWS031,20150109,152.56,152.56,152.56,152.56,0
DWS031,20150112,152.33,152.33,152.33,152.33,0
DWS031,20150113,150.42,150.42,150.42,150.42,0
DWS031,20150114,151.38,151.38,151.38,151.38,0
DWS031,20150115,151.41,151.41,151.41,151.41,0
DWS031,20150116,153.79,153.79,153.79,153.79,0
DWS031,20150119,154.98,154.98,154.98,154.98,0
DWS031,20150120,155.78,155.78,155.78,155.78,0
DWS031,20150121,155.35,155.35,155.35,155.35,0
DWS031,20150122,154.78,154.78,154.78,154.78,0
DWS031,20150123,158.14,158.14,158.14,158.14,0
DWS031,20150126,160.81,160.81,160.81,160.81,0
DWS031,20150127,159.06,159.06,159.06,159.06,0
DWS031,20150128,157.12,157.12,157.12,157.12,0
DWS031,20150129,155.63,155.63,155.63,155.63,0
DWS031,20150130,154.82,154.82,154.82,154.82,0
DWS031,20150202,149.38,149.38,149.38,149.38,0
DWS031,20150203,149.53,149.53,149.53,149.53,0
DWS031,20150204,149.17,149.17,149.17,149.17,0
DWS031,20150205,149.25,149.25,149.25,149.25,0
DWS031,20150206,149.09,149.09,149.09,149.09,0
DWS031,20150209,149.26,149.26,149.26,149.26,0
DWS031,20150210,150.11,150.11,150.11,150.11,0
DWS031,20150211,150.03,150.03,150.03,150.03,0
DWS031,20150212,147.38,147.38,147.38,147.38,0
DWS031,20150213,147.02,147.02,147.02,147.02,0
DWS031,20150216,149.17,149.17,149.17,149.17,0
DWS031,20150217,149.47,149.47,149.47,149.47,0
DWS031,20150218,149.46,149.46,149.46,149.46,0
DWS031,20150219,149.30,149.30,149.30,149.30,0
DWS031,20150220,149.41,149.41,149.41,149.41,0
DWS031,20150223,149.29,149.29,149.29,149.29,0
DWS031,20150224,150.02,150.02,150.02,150.02,0
DWS031,20150225,149.69,149.69,149.69,149.69,0
DWS031,20150226,149.48,149.48,149.48,149.48,0
DWS031,20150227,151.26,151.26,151.26,151.26,0
DWS031,20150302,152.55,152.55,152.55,152.55,0
DWS031,20150303,152.40,152.40,152.40,152.40,0
DWS031,20150304,150.59,150.59,150.59,150.59,0
DWS031,20150305,150.28,150.28,150.28,150.28,0
DWS031,20150306,150.12,150.12,150.12,150.12,0
DWS031,20150309,147.69,147.69,147.69,147.69,0
DWS031,20150310,147.06,147.06,147.06,147.06,0
DWS031,20150311,149.13,149.13,149.13,149.13,0
DWS031,20150312,149.90,149.90,149.90,149.90,0
DWS031,20150313,147.68,147.68,147.68,147.68,0
DWS031,20150316,146.80,146.80,146.80,146.80,0
DWS031,20150317,146.71,146.71,146.71,146.71,0
DWS031,20150318,149.53,149.53,149.53,149.53,0
DWS031,20150319,148.86,148.86,148.86,148.86,0
DWS031,20150320,150.05,150.05,150.05,150.05,0
DWS031,20150323,149.22,149.22,149.22,149.22,0
DWS031,20150324,149.54,149.54,149.54,149.54,0
DWS031,20150325,148.20,148.20,148.20,148.20,0
DWS031,20150326,145.48,145.48,145.48,145.48,0
DWS031,20150327,145.44,145.44,145.44,145.44,0
DWS031,20150330,146.34,146.34,146.34,146.34,0
DWS031,20150331,147.93,147.93,147.93,147.93,0
DWS031,20150401,149.45,149.45,149.45,149.45,0
DWS031,20150402,150.39,150.39,150.39,150.39,0
DWS031,20150407,152.95,152.95,152.95,152.95,0
DWS031,20150408,154.41,154.41,154.41,154.41,0
DWS031,20150409,155.62,155.62,155.62,155.62,0
DWS031,20150410,155.59,155.59,155.59,155.59,0
DWS031,20150413,156.49,156.49,156.49,156.49,0
DWS031,20150414,154.16,154.16,154.16,154.16,0
DWS031,20150415,155.87,155.87,155.87,155.87,0
DWS031,20150416,156.44,156.44,156.44,156.44,0
DWS031,20150417,154.48,154.48,154.48,154.48,0
DWS031,20150420,153.92,153.92,153.92,153.92,0
DWS031,20150421,152.85,152.85,152.85,152.85,0
DWS031,20150422,153.74,153.74,153.74,153.74,0
DWS031,20150423,155.46,155.46,155.46,155.46,0
DWS031,20150424,158.39,158.39,158.39,158.39,0
DWS031,20150427,159.47,159.47,159.47,159.47,0
DWS031,20150428,158.29,158.29,158.29,158.29,0
DWS031,20150429,154.90,154.90,154.90,154.90,0
DWS031,20150430,153.54,153.54,153.54,153.54,0
DWS031,20150504,153.24,153.24,153.24,153.24,0
DWS031,20150505,151.83,151.83,151.83,151.83,0
DWS031,20150506,155.41,155.41,155.41,155.41,0
DWS031,20150507,154.87,154.87,154.87,154.87,0
DWS031,20150508,152.32,152.32,152.32,152.32,0
DWS031,20150511,155.35,155.35,155.35,155.35,0
DWS031,20150512,155.17,155.17,155.17,155.17,0
DWS031,20150513,153.80,153.80,153.80,153.80,0
DWS031,20150514,154.50,154.50,154.50,154.50,0
DWS031,20150515,154.40,154.40,154.40,154.40,0
DWS031,20150518,152.98,152.98,152.98,152.98,0
DWS031,20150519,153.53,153.53,153.53,153.53,0
DWS031,20150520,153.53,153.53,153.53,153.53,0
DWS031,20150521,153.39,153.39,153.39,153.39,0
DWS031,20150522,155.13,155.13,155.13,155.13,0
DWS031,20150525,155.67,155.67,155.67,155.67,0
DWS031,20150526,156.22,156.22,156.22,156.22,0
DWS031,20150527,153.86,153.86,153.86,153.86,0
DWS031,20150528,151.25,151.25,151.25,151.25,0
DWS031,20150529,150.38,150.38,150.38,150.38,0
DWS031,20150601,147.63,147.63,147.63,147.63,0
DWS031,20150602,148.84,148.84,148.84,148.84,0
DWS031,20150603,147.24,147.24,147.24,147.24,0
DWS031,20150605,147.29,147.29,147.29,147.29,0
DWS031,20150608,146.90,146.90,146.90,146.90,0
DWS031,20150609,146.66,146.66,146.66,146.66,0
DWS031,20150610,147.22,147.22,147.22,147.22,0
DWS031,20150611,148.27,148.27,148.27,148.27,0
DWS031,20150612,146.07,146.07,146.07,146.07,0
DWS031,20150615,147.12,147.12,147.12,147.12,0
DWS031,20150616,146.95,146.95,146.95,146.95,0
DWS031,20150617,147.55,147.55,147.55,147.55,0
DWS031,20150618,146.38,146.38,146.38,146.38,0
DWS031,20150619,147.76,147.76,147.76,147.76,0
DWS031,20150622,147.78,147.78,147.78,147.78,0
DWS031,20150623,147.80,147.80,147.80,147.80,0
DWS031,20150624,147.19,147.19,147.19,147.19,0
DWS031,20150625,150.78,150.78,150.78,150.78,0
DWS031,20150626,148.70,148.70,148.70,148.70,0
DWS031,20150629,147.07,147.07,147.07,147.07,0
DWS031,20150630,147.95,147.95,147.95,147.95,0
DWS031,20150701,146.34,146.34,146.34,146.34,0
DWS031,20150702,149.24,149.24,149.24,149.24,0
DWS031,20150703,148.00,148.00,148.00,148.00,0
DWS031,20150706,146.17,146.17,146.17,146.17,0
DWS031,20150707,145.10,145.10,145.10,145.10,0
DWS031,20150708,146.90,146.90,146.90,146.90,0
DWS031,20150709,143.94,143.94,143.94,143.94,0
DWS031,20150710,144.76,144.76,144.76,144.76,0
DWS031,20150713,142.40,142.40,142.40,142.40,0
DWS031,20150714,145.97,145.97,145.97,145.97,0
DWS031,20150715,146.20,146.20,146.20,146.20,0
DWS031,20150716,146.44,146.44,146.44,146.44,0
DWS031,20150717,148.38,148.38,148.38,148.38,0
DWS031,20150720,147.68,147.68,147.68,147.68,0
DWS031,20150721,144.94,144.94,144.94,144.94,0
DWS031,20150722,145.15,145.15,145.15,145.15,0
DWS031,20150723,144.21,144.21,144.21,144.21,0
DWS031,20150724,140.61,140.61,140.61,140.61,0
DWS031,20150727,137.92,137.92,137.92,137.92,0
DWS031,20150728,134.16,134.16,134.16,134.16,0
DWS031,20150729,135.27,135.27,135.27,135.27,0
DWS031,20150730,135.92,135.92,135.92,135.92,0
DWS031,20150731,137.46,137.46,137.46,137.46,0
DWS031,20150803,135.66,135.66,135.66,135.66,0
DWS031,20150804,136.39,136.39,136.39,136.39,0
DWS031,20150805,136.12,136.12,136.12,136.12,0
DWS031,20150806,136.71,136.71,136.71,136.71,0
DWS031,20150807,135.23,135.23,135.23,135.23,0
DWS031,20150810,134.91,134.91,134.91,134.91,0
DWS031,20150811,134.31,134.31,134.31,134.31,0
DWS031,20150812,134.18,134.18,134.18,134.18,0
DWS031,20150813,129.20,129.20,129.20,129.20,0
DWS031,20150814,129.45,129.45,129.45,129.45,0
DWS031,20150817,128.44,128.44,128.44,128.44,0
DWS031,20150818,128.15,128.15,128.15,128.15,0
DWS031,20150819,127.05,127.05,127.05,127.05,0
DWS031,20150820,126.85,126.85,126.85,126.85,0
DWS031,20150821,123.50,123.50,123.50,123.50,0
DWS031,20150824,120.15,120.15,120.15,120.15,0
DWS031,20150825,117.23,117.23,117.23,117.23,0
DWS031,20150826,117.13,117.13,117.13,117.13,0
DWS031,20150827,118.23,118.23,118.23,118.23,0
DWS031,20150828,122.96,122.96,122.96,122.96,0
DWS031,20150831,124.88,124.88,124.88,124.88,0
DWS031,20150901,120.32,120.32,120.32,120.32,0
DWS031,20150902,119.51,119.51,119.51,119.51,0
DWS031,20150903,119.89,119.89,119.89,119.89,0
DWS031,20150904,119.91,119.91,119.91,119.91,0
DWS031,20150907,119.52,119.52,119.52,119.52,0
DWS031,20150908,118.96,118.96,118.96,118.96,0
DWS031,20150909,120.20,120.20,120.20,120.20,0
DWS031,20150910,120.00,120.00,120.00,120.00,0
DWS031,20150911,115.40,115.40,115.40,115.40,0
DWS031,20150914,116.79,116.79,116.79,116.79,0
DWS031,20150915,117.03,117.03,117.03,117.03,0
DWS031,20150916,118.69,118.69,118.69,118.69,0
DWS031,20150917,121.65,121.65,121.65,121.65,0
DWS031,20150918,120.83,120.83,120.83,120.83,0
DWS031,20150921,118.84,118.84,118.84,118.84,0
DWS031,20150922,117.66,117.66,117.66,117.66,0
DWS031,20150923,115.33,115.33,115.33,115.33,0
DWS031,20150924,111.33,111.33,111.33,111.33,0
DWS031,20150925,112.02,112.02,112.02,112.02,0
DWS031,20150928,114.12,114.12,114.12,114.12,0
DWS031,20150929,110.71,110.71,110.71,110.71,0
DWS031,20150930,109.85,109.85,109.85,109.85,0
DWS031,20151001,114.63,114.63,114.63,114.63,0
DWS031,20151002,114.78,114.78,114.78,114.78,0
DWS031,20151005,113.91,113.91,113.91,113.91,0
DWS031,20151006,118.99,118.99,118.99,118.99,0
DWS031,20151007,121.24,121.24,121.24,121.24,0
DWS031,20151008,123.83,123.83,123.83,123.83,0
DWS031,20151009,122.74,122.74,122.74,122.74,0
DWS031,20151012,124.57,124.57,124.57,124.57,0
DWS031,20151013,123.39,123.39,123.39,123.39,0
DWS031,20151014,119.82,119.82,119.82,119.82,0
DWS031,20151015,119.33,119.33,119.33,119.33,0
DWS031,20151016,120.55,120.55,120.55,120.55,0
DWS031,20151019,119.05,119.05,119.05,119.05,0
DWS031,20151020,120.22,120.22,120.22,120.22,0
DWS031,20151021,120.60,120.60,120.60,120.60,0
DWS031,20151022,118.92,118.92,118.92,118.92,0
DWS031,20151023,122.40,122.40,122.40,122.40,0
DWS031,20151026,124.95,124.95,124.95,124.95,0
DWS031,20151027,125.42,125.42,125.42,125.42,0
DWS031,20151028,124.67,124.67,124.67,124.67,0
DWS031,20151029,125.01,125.01,125.01,125.01,0
DWS031,20151030,124.83,124.83,124.83,124.83,0
DWS031,20151102,122.27,122.27,122.27,122.27,0
DWS031,20151103,123.18,123.18,123.18,123.18,0
DWS031,20151104,126.48,126.48,126.48,126.48,0
DWS031,20151105,127.96,127.96,127.96,127.96,0
DWS031,20151106,127.26,127.26,127.26,127.26,0
DWS031,20151109,127.28,127.28,127.28,127.28,0
DWS031,20151110,126.90,126.90,126.90,126.90,0
DWS031,20151112,126.80,126.80,126.80,126.80,0
DWS031,20151113,125.01,125.01,125.01,125.01,0
DWS031,20151116,126.13,126.13,126.13,126.13,0
DWS031,20151117,126.55,126.55,126.55,126.55,0
DWS031,20151118,128.39,128.39,128.39,128.39,0
DWS031,20151119,129.81,129.81,129.81,129.81,0
DWS031,20151120,129.78,129.78,129.78,129.78,0
DWS031,20151123,131.74,131.74,131.74,131.74,0
DWS031,20151124,132.29,132.29,132.29,132.29,0
DWS031,20151125,130.72,130.72,130.72,130.72,0
DWS031,20151126,130.04,130.04,130.04,130.04,0
DWS031,20151127,129.51,129.51,129.51,129.51,0
DWS031,20151130,128.80,128.80,128.80,128.80,0
DWS031,20151201,125.12,125.12,125.12,125.12,0
DWS031,20151202,125.95,125.95,125.95,125.95,0
DWS031,20151203,126.07,126.07,126.07,126.07,0
DWS031,20151204,125.46,125.46,125.46,125.46,0
DWS031,20151207,126.22,126.22,126.22,126.22,0
DWS031,20151208,122.78,122.78,122.78,122.78,0
DWS031,20151209,125.84,125.84,125.84,125.84,0
DWS031,20151210,124.97,124.97,124.97,124.97,0
DWS031,20151211,121.37,121.37,121.37,121.37,0
DWS031,20151214,120.65,120.65,120.65,120.65,0
DWS031,20151215,122.41,122.41,122.41,122.41,0
DWS031,20151216,119.12,119.12,119.12,119.12,0
DWS031,20151217,123.02,123.02,123.02,123.02,0
DWS031,20151218,120.17,120.17,120.17,120.17,0
DWS031,20151221,116.35,116.35,116.35,116.35,0
DWS031,20151222,114.83,114.83,114.83,114.83,0
DWS031,20151223,116.19,116.19,116.19,116.19,0
DWS031,20151228,116.91,116.91,116.91,116.91,0
DWS031,20151229,119.18,119.18,119.18,119.18,0
DWS031,20151230,116.54,116.54,116.54,116.54,0
DWS031,20160104,112.63,112.63,112.63,112.63,0
DWS031,20160105,115.21,115.21,115.21,115.21,0
DWS031,20160107,112.83,112.83,112.83,112.83,0
DWS031,20160108,113.86,113.86,113.86,113.86,0
DWS031,20160111,113.22,113.22,113.22,113.22,0
DWS031,20160112,112.83,112.83,112.83,112.83,0
DWS031,20160113,113.25,113.25,113.25,113.25,0
DWS031,20160114,110.96,110.96,110.96,110.96,0
DWS031,20160115,109.73,109.73,109.73,109.73,0
DWS031,20160118,113.10,113.10,113.10,113.10,0
DWS031,20160119,112.50,112.50,112.50,112.50,0
DWS031,20160120,110.05,110.05,110.05,110.05,0
DWS031,20160121,110.88,110.88,110.88,110.88,0
DWS031,20160122,109.74,109.74,109.74,109.74,0
DWS031,20160125,112.17,112.17,112.17,112.17,0
DWS031,20160126,110.82,110.82,110.82,110.82,0
DWS031,20160127,111.35,111.35,111.35,111.35,0
DWS031,20160128,111.22,111.22,111.22,111.22,0
DWS031,20160129,114.53,114.53,114.53,114.53,0
DWS031,20160201,118.77,118.77,118.77,118.77,0
DWS031,20160202,115.46,115.46,115.46,115.46,0
DWS031,20160203,114.21,114.21,114.21,114.21,0
DWS031,20160204,116.17,116.17,116.17,116.17,0
DWS031,20160205,116.58,116.58,116.58,116.58,0
DWS031,20160208,116.66,116.66,116.66,116.66,0
DWS031,20160209,114.95,114.95,114.95,114.95,0
DWS031,20160210,113.25,113.25,113.25,113.25,0
DWS031,20160211,113.38,113.38,113.38,113.38,0
DWS031,20160212,110.59,110.59,110.59,110.59,0
DWS031,20160215,111.73,111.73,111.73,111.73,0
DWS031,20160216,113.04,113.04,113.04,113.04,0
DWS031,20160217,111.42,111.42,111.42,111.42,0
DWS031,20160218,114.95,114.95,114.95,114.95,0
DWS031,20160219,116.12,116.12,116.12,116.12,0
DWS031,20160222,114.39,114.39,114.39,114.39,0
DWS031,20160223,118.61,118.61,118.61,118.61,0
DWS031,20160224,118.91,118.91,118.91,118.91,0
DWS031,20160225,116.42,116.42,116.42,116.42,0
DWS031,20160226,117.38,117.38,117.38,117.38,0
DWS031,20160229,117.91,117.91,117.91,117.91,0
DWS031,20160301,118.55,118.55,118.55,118.55,0
DWS031,20160302,121.23,121.23,121.23,121.23,0
DWS031,20160303,123.06,123.06,123.06,123.06,0
DWS031,20160304,125.36,125.36,125.36,125.36,0
DWS031,20160307,128.09,128.09,128.09,128.09,0
DWS031,20160308,128.71,128.71,128.71,128.71,0
DWS031,20160309,127.79,127.79,127.79,127.79,0
DWS031,20160310,131.72,131.72,131.72,131.72,0
DWS031,20160311,134.14,134.14,134.14,134.14,0
DWS031,20160314,130.41,130.41,130.41,130.41,0
DWS031,20160315,128.94,128.94,128.94,128.94,0
DWS031,20160316,127.27,127.27,127.27,127.27,0
DWS031,20160317,125.86,125.86,125.86,125.86,0
DWS031,20160318,129.84,129.84,129.84,129.84,0
DWS031,20160321,132.16,132.16,132.16,132.16,0
DWS031,20160322,131.04,131.04,131.04,131.04,0
DWS031,20160323,131.67,131.67,131.67,131.67,0
DWS031,20160324,129.67,129.67,129.67,129.67,0
DWS031,20160329,129.11,129.11,129.11,129.11,0
DWS031,20160330,128.44,128.44,128.44,128.44,0
DWS031,20160331,130.77,130.77,130.77,130.77,0
DWS031,20160401,129.72,129.72,129.72,129.72,0
DWS031,20160404,127.76,127.76,127.76,127.76,0
DWS031,20160405,128.22,128.22,128.22,128.22,0
DWS031,20160406,125.39,125.39,125.39,125.39,0
DWS031,20160407,124.89,124.89,124.89,124.89,0
DWS031,20160408,125.74,125.74,125.74,125.74,0
DWS031,20160411,128.01,128.01,128.01,128.01,0
DWS031,20160412,130.82,130.82,130.82,130.82,0
DWS031,20160413,132.29,132.29,132.29,132.29,0
DWS031,20160414,134.80,134.80,134.80,134.80,0
DWS031,20160415,135.69,135.69,135.69,135.69,0
DWS031,20160418,137.15,137.15,137.15,137.15,0
DWS031,20160419,133.23,133.23,133.23,133.23,0
DWS031,20160420,136.09,136.09,136.09,136.09,0
DWS031,20160421,135.39,135.39,135.39,135.39,0
DWS031,20160422,134.34,134.34,134.34,134.34,0
DWS031,20160425,136.83,136.83,136.83,136.83,0
DWS031,20160426,137.02,137.02,137.02,137.02,0
DWS031,20160427,137.01,137.01,137.01,137.01,0
DWS031,20160428,139.06,139.06,139.06,139.06,0
DWS031,20160429,138.91,138.91,138.91,138.91,0
DWS031,20160502,139.35,139.35,139.35,139.35,0
DWS031,20160504,133.67,133.67,133.67,133.67,0
DWS031,20160505,134.51,134.51,134.51,134.51,0
DWS031,20160506,134.22,134.22,134.22,134.22,0
DWS031,20160509,134.32,134.32,134.32,134.32,0
DWS031,20160510,135.67,135.67,135.67,135.67,0
DWS031,20160511,139.25,139.25,139.25,139.25,0
DWS031,20160512,139.20,139.20,139.20,139.20,0
DWS031,20160513,138.40,138.40,138.40,138.40,0
DWS031,20160516,137.57,137.57,137.57,137.57,0
DWS031,20160517,138.97,138.97,138.97,138.97,0
DWS031,20160518,136.53,136.53,136.53,136.53,0
DWS031,20160519,134.90,134.90,134.90,134.90,0
DWS031,20160520,134.24,134.24,134.24,134.24,0
DWS031,20160523,135.77,135.77,135.77,135.77,0
DWS031,20160524,135.51,135.51,135.51,135.51,0
DWS031,20160525,137.70,137.70,137.70,137.70,0
DWS031,20160527,136.41,136.41,136.41,136.41,0
DWS031,20160530,134.26,134.26,134.26,134.26,0
DWS031,20160531,133.67,133.67,133.67,133.67,0
DWS031,20160601,133.49,133.49,133.49,133.49,0
DWS031,20160602,135.09,135.09,135.09,135.09,0
DWS031,20160603,136.46,136.46,136.46,136.46,0
DWS031,20160606,137.25,137.25,137.25,137.25,0
DWS031,20160607,137.06,137.06,137.06,137.06,0
DWS031,20160608,139.73,139.73,139.73,139.73,0
DWS031,20160609,140.33,140.33,140.33,140.33,0
DWS031,20160610,138.34,138.34,138.34,138.34,0
DWS031,20160613,136.86,136.86,136.86,136.86,0
DWS031,20160614,139.10,139.10,139.10,139.10,0
DWS031,20160615,137.33,137.33,137.33,137.33,0
DWS031,20160616,136.99,136.99,136.99,136.99,0
DWS031,20160617,139.61,139.61,139.61,139.61,0
DWS031,20160620,139.74,139.74,139.74,139.74,0
DWS031,20160621,140.43,140.43,140.43,140.43,0
DWS031,20160622,140.49,140.49,140.49,140.49,0
DWS031,20160623,140.20,140.20,140.20,140.20,0
DWS031,20160624,143.96,143.96,143.96,143.96,0
DWS031,20160627,142.17,142.17,142.17,142.17,0
DWS031,20160628,143.51,143.51,143.51,143.51,0
DWS031,20160629,147.15,147.15,147.15,147.15,0
DWS031,20160630,149.39,149.39,149.39,149.39,0
DWS031,20160701,147.94,147.94,147.94,147.94,0
DWS031,20160704,151.04,151.04,151.04,151.04,0
DWS031,20160705,151.23,151.23,151.23,151.23,0
DWS031,20160706,150.56,150.56,150.56,150.56,0
DWS031,20160707,148.42,148.42,148.42,148.42,0
DWS031,20160708,147.81,147.81,147.81,147.81,0
DWS031,20160711,149.88,149.88,149.88,149.88,0
DWS031,20160712,152.43,152.43,152.43,152.43,0
DWS031,20160713,152.80,152.80,152.80,152.80,0
DWS031,20160714,152.01,152.01,152.01,152.01,0
DWS031,20160715,155.60,155.60,155.60,155.60,0
DWS031,20160718,156.98,156.98,156.98,156.98,0
DWS031,20160719,155.01,155.01,155.01,155.01,0
DWS031,20160720,159.16,159.16,159.16,159.16,0
DWS031,20160721,157.10,157.10,157.10,157.10,0
DWS031,20160722,156.55,156.55,156.55,156.55,0
DWS031,20160725,156.23,156.23,156.23,156.23,0
DWS031,20160726,157.65,157.65,157.65,157.65,0
DWS031,20160727,155.95,155.95,155.95,155.95,0
DWS031,20160728,155.90,155.90,155.90,155.90,0
DWS031,20160729,153.80,153.80,153.80,153.80,0
DWS031,20160801,154.49,154.49,154.49,154.49,0
DWS031,20160802,153.90,153.90,153.90,153.90,0
DWS031,20160803,151.66,151.66,151.66,151.66,0
DWS031,20160804,151.11,151.11,151.11,151.11,0
DWS031,20160805,153.26,153.26,153.26,153.26,0
DWS031,20160808,156.10,156.10,156.10,156.10,0
DWS031,20160809,156.55,156.55,156.55,156.55,0
DWS031,20160810,156.34,156.34,156.34,156.34,0
DWS031,20160811,155.46,155.46,155.46,155.46,0
DWS031,20160812,156.13,156.13,156.13,156.13,0
DWS031,20160816,157.66,157.66,157.66,157.66,0
DWS031,20160817,152.55,152.55,152.55,152.55,0
DWS031,20160818,154.30,154.30,154.30,154.30,0
DWS031,20160819,155.16,155.16,155.16,155.16,0
DWS031,20160822,153.53,153.53,153.53,153.53,0
DWS031,20160823,153.31,153.31,153.31,153.31,0
DWS031,20160824,152.09,152.09,152.09,152.09,0
DWS031,20160825,150.21,150.21,150.21,150.21,0
DWS031,20160826,152.30,152.30,152.30,152.30,0
DWS031,20160829,151.53,151.53,151.53,151.53,0
DWS031,20160830,153.46,153.46,153.46,153.46,0
DWS031,20160831,155.76,155.76,155.76,155.76,0
DWS031,20160901,156.10,156.10,156.10,156.10,0
DWS031,20160902,154.04,154.04,154.04,154.04,0
DWS031,20160905,156.29,156.29,156.29,156.29,0
DWS031,20160906,156.31,156.31,156.31,156.31,0
DWS031,20160907,156.01,156.01,156.01,156.01,0
DWS031,20160908,155.05,155.05,155.05,155.05,0
DWS031,20160909,155.78,155.78,155.78,155.78,0
DWS031,20160912,149.70,149.70,149.70,149.70,0
DWS031,20160913,150.80,150.80,150.80,150.80,0
DWS031,20160914,150.27,150.27,150.27,150.27,0
DWS031,20160915,147.96,147.96,147.96,147.96,0
DWS031,20160916,147.49,147.49,147.49,147.49,0
DWS031,20160919,147.72,147.72,147.72,147.72,0
DWS031,20160920,150.51,150.51,150.51,150.51,0
DWS031,20160921,151.73,151.73,151.73,151.73,0
DWS031,20160922,155.50,155.50,155.50,155.50,0
DWS031,20160923,155.31,155.31,155.31,155.31,0
DWS031,20160926,153.86,153.86,153.86,153.86,0
DWS031,20160927,151.04,151.04,151.04,151.04,0
DWS031,20160928,152.23,152.23,152.23,152.23,0
DWS031,20160929,154.67,154.67,154.67,154.67,0
DWS031,20160930,154.11,154.11,154.11,154.11,0
DWS031,20161003,152.20,152.20,152.20,152.20,0
DWS031,20161004,156.79,156.79,156.79,156.79,0
DWS031,20161005,157.42,157.42,157.42,157.42,0
DWS031,20161006,157.33,157.33,157.33,157.33,0
DWS031,20161007,155.63,155.63,155.63,155.63,0
DWS031,20161010,159.30,159.30,159.30,159.30,0
DWS031,20161011,159.10,159.10,159.10,159.10,0
DWS031,20161012,159.32,159.32,159.32,159.32,0
DWS031,20161013,159.90,159.90,159.90,159.90,0
DWS031,20161014,160.70,160.70,160.70,160.70,0
DWS031,20161017,160.99,160.99,160.99,160.99,0
DWS031,20161018,164.85,164.85,164.85,164.85,0
DWS031,20161019,165.54,165.54,165.54,165.54,0
DWS031,20161020,166.93,166.93,166.93,166.93,0
DWS031,20161021,167.73,167.73,167.73,167.73,0
DWS031,20161024,168.74,168.74,168.74,168.74,0
DWS031,20161025,167.96,167.96,167.96,167.96,0
DWS031,20161026,166.73,166.73,166.73,166.73,0
DWS031,20161027,167.80,167.80,167.80,167.80,0
DWS031,20161028,166.28,166.28,166.28,166.28,0
DWS031,20161031,165.43,165.43,165.43,165.43,0
DWS031,20161102,157.34,157.34,157.34,157.34,0
DWS031,20161103,157.43,157.43,157.43,157.43,0
DWS031,20161104,156.83,156.83,156.83,156.83,0
DWS031,20161107,161.88,161.88,161.88,161.88,0
DWS031,20161108,164.40,164.40,164.40,164.40,0
DWS031,20161109,157.92,157.92,157.92,157.92,0
DWS031,20161110,160.81,160.81,160.81,160.81,0
DWS031,20161114,146.72,146.72,146.72,146.72,0
DWS031,20161115,150.20,150.20,150.20,150.20,0
DWS031,20161116,152.17,152.17,152.17,152.17,0
DWS031,20161117,152.35,152.35,152.35,152.35,0
DWS031,20161118,151.06,151.06,151.06,151.06,0
DWS031,20161121,153.83,153.83,153.83,153.83,0
DWS031,20161122,155.24,155.24,155.24,155.24,0
DWS031,20161123,154.38,154.38,154.38,154.38,0
DWS031,20161124,152.86,152.86,152.86,152.86,0
DWS031,20161125,150.79,150.79,150.79,150.79,0
DWS031,20161128,150.46,150.46,150.46,150.46,0
DWS031,20161129,151.26,151.26,151.26,151.26,0
DWS031,20161130,153.23,153.23,153.23,153.23,0
DWS031,20161201,153.13,153.13,153.13,153.13,0
DWS031,20161202,147.25,147.25,147.25,147.25,0
DWS031,20161205,147.73,147.73,147.73,147.73,0
DWS031,20161206,147.02,147.02,147.02,147.02,0
DWS031,20161207,145.29,145.29,145.29,145.29,0
DWS031,20161208,147.09,147.09,147.09,147.09,0
DWS031,20161209,148.31,148.31,148.31,148.31,0
DWS031,20161212,151.54,151.54,151.54,151.54,0
DWS031,20161213,149.99,149.99,149.99,149.99,0
DWS031,20161214,149.16,149.16,149.16,149.16,0
DWS031,20161215,147.11,147.11,147.11,147.11,0
DWS031,20161216,146.83,146.83,146.83,146.83,0
DWS031,20161219,146.49,146.49,146.49,146.49,0
DWS031,20161220,146.62,146.62,146.62,146.62,0
DWS031,20161221,147.97,147.97,147.97,147.97,0
DWS031,20161222,146.77,146.77,146.77,146.77,0
DWS031,20161223,146.30,146.30,146.30,146.30,0
DWS031,20161227,149.29,149.29,149.29,149.29,0
DWS031,20161228,149.97,149.97,149.97,149.97,0
DWS031,20161229,151.14,151.14,151.14,151.14,0
DWS031,20161230,151.13,151.13,151.13,151.13,0
DWS031,20170102,150.90,150.90,150.90,150.90,0
DWS031,20170103,150.82,150.82,150.82,150.82,0
DWS031,20170104,156.37,156.37,156.37,156.37,0
DWS031,20170105,154.67,154.67,154.67,154.67,0
DWS031,20170109,155.12,155.12,155.12,155.12,0
DWS031,20170110,154.72,154.72,154.72,154.72,0
DWS031,20170111,155.11,155.11,155.11,155.11,0
DWS031,20170112,154.24,154.24,154.24,154.24,0
DWS031,20170113,157.89,157.89,157.89,157.89,0
DWS031,20170116,157.98,157.98,157.98,157.98,0
DWS031,20170117,157.44,157.44,157.44,157.44,0
DWS031,20170118,156.25,156.25,156.25,156.25,0
DWS031,20170119,157.12,157.12,157.12,157.12,0
DWS031,20170120,156.69,156.69,156.69,156.69,0
DWS031,20170123,156.66,156.66,156.66,156.66,0
DWS031,20170124,159.80,159.80,159.80,159.80,0
DWS031,20170125,161.40,161.40,161.40,161.40,0
DWS031,20170126,162.19,162.19,162.19,162.19,0
DWS031,20170127,160.85,160.85,160.85,160.85,0
DWS031,20170130,159.86,159.86,159.86,159.86,0
DWS031,20170131,160.01,160.01,160.01,160.01,0
DWS031,20170201,158.33,158.33,158.33,158.33,0
DWS031,20170202,157.52,157.52,157.52,157.52,0
DWS031,20170203,159.10,159.10,159.10,159.10,0
DWS031,20170206,158.16,158.16,158.16,158.16,0
DWS031,20170207,158.54,158.54,158.54,158.54,0
DWS031,20170208,159.36,159.36,159.36,159.36,0
DWS031,20170209,159.45,159.45,159.45,159.45,0
DWS031,20170210,162.36,162.36,162.36,162.36,0
DWS031,20170213,165.07,165.07,165.07,165.07,0
DWS031,20170214,166.36,166.36,166.36,166.36,0
DWS031,20170215,166.00,166.00,166.00,166.00,0
DWS031,20170216,167.03,167.03,167.03,167.03,0
DWS031,20170217,167.03,167.03,167.03,167.03,0
DWS031,20170220,166.66,166.66,166.66,166.66,0
DWS031,20170221,167.56,167.56,167.56,167.56,0
DWS031,20170222,169.15,169.15,169.15,169.15,0
DWS031,20170223,168.58,168.58,168.58,168.58,0
DWS031,20170224,166.05,166.05,166.05,166.05,0
DWS031,20170227,162.40,162.40,162.40,162.40,0
DWS031,20170228,160.36,160.36,160.36,160.36,0
DWS031,20170301,160.92,160.92,160.92,160.92,0
DWS031,20170302,162.82,162.82,162.82,162.82,0
DWS031,20170303,161.79,161.79,161.79,161.79,0
DWS031,20170306,160.83,160.83,160.83,160.83,0
DWS031,20170307,162.18,162.18,162.18,162.18,0
DWS031,20170308,161.98,161.98,161.98,161.98,0
DWS031,20170309,160.17,160.17,160.17,160.17,0
DWS031,20170310,158.10,158.10,158.10,158.10,0
DWS031,20170313,160.23,160.23,160.23,160.23,0
DWS031,20170314,157.43,157.43,157.43,157.43,0
DWS031,20170315,157.46,157.46,157.46,157.46,0
DWS031,20170316,160.01,160.01,160.01,160.01,0
DWS031,20170317,158.56,158.56,158.56,158.56,0
DWS031,20170320,157.04,157.04,157.04,157.04,0
DWS031,20170321,158.67,158.67,158.67,158.67,0
DWS031,20170322,157.47,157.47,157.47,157.47,0
DWS031,20170323,156.65,156.65,156.65,156.65,0
DWS031,20170324,154.55,154.55,154.55,154.55,0
DWS031,20170327,156.72,156.72,156.72,156.72,0
DWS031,20170328,155.63,155.63,155.63,155.63,0
DWS031,20170329,156.48,156.48,156.48,156.48,0
DWS031,20170330,157.29,157.29,157.29,157.29,0
DWS031,20170331,159.14,159.14,159.14,159.14,0
DWS031,20170403,159.41,159.41,159.41,159.41,0
DWS031,20170404,160.12,160.12,160.12,160.12,0
DWS031,20170405,161.14,161.14,161.14,161.14,0
DWS031,20170406,160.93,160.93,160.93,160.93,0
DWS031,20170407,160.34,160.34,160.34,160.34,0
DWS031,20170410,160.39,160.39,160.39,160.39,0
DWS031,20170411,160.80,160.80,160.80,160.80,0
DWS031,20170412,161.10,161.10,161.10,161.10,0
DWS031,20170413,160.89,160.89,160.89,160.89,0
DWS031,20170418,161.62,161.62,161.62,161.62,0
DWS031,20170419,161.61,161.61,161.61,161.61,0
DWS031,20170420,162.41,162.41,162.41,162.41,0
DWS031,20170421,162.66,162.66,162.66,162.66,0
DWS031,20170424,161.44,161.44,161.44,161.44,0
DWS031,20170425,161.20,161.20,161.20,161.20,0
DWS031,20170426,160.38,160.38,160.38,160.38,0
DWS031,20170427,159.11,159.11,159.11,159.11,0
DWS031,20170428,158.81,158.81,158.81,158.81,0
DWS031,20170502,156.07,156.07,156.07,156.07,0
DWS031,20170504,160.78,160.78,160.78,160.78,0
DWS031,20170505,158.21,158.21,158.21,158.21,0
DWS031,20170508,159.25,159.25,159.25,159.25,0
DWS031,20170509,159.32,159.32,159.32,159.32,0
DWS031,20170510,158.82,158.82,158.82,158.82,0
DWS031,20170511,162.87,162.87,162.87,162.87,0
DWS031,20170512,163.28,163.28,163.28,163.28,0
DWS031,20170515,163.89,163.89,163.89,163.89,0
DWS031,20170516,162.52,162.52,162.52,162.52,0
DWS031,20170517,161.86,161.86,161.86,161.86,0
DWS031,20170518,158.80,158.80,158.80,158.80,0
DWS031,20170519,140.20,140.20,140.20,140.20,0
DWS031,20170522,145.84,145.84,145.84,145.84,0
DWS031,20170523,143.92,143.92,143.92,143.92,0
DWS031,20170524,146.05,146.05,146.05,146.05,0
DWS031,20170525,146.98,146.98,146.98,146.98,0
DWS031,20170526,145.40,145.40,145.40,145.40,0
DWS031,20170529,147.59,147.59,147.59,147.59,0
DWS031,20170530,148.08,148.08,148.08,148.08,0
DWS031,20170531,148.11,148.11,148.11,148.11,0
DWS031,20170601,149.06,149.06,149.06,149.06,0
DWS031,20170602,149.14,149.14,149.14,149.14,0
DWS031,20170605,148.77,148.77,148.77,148.77,0
DWS031,20170606,148.40,148.40,148.40,148.40,0
DWS031,20170607,148.47,148.47,148.47,148.47,0
DWS031,20170608,148.96,148.96,148.96,148.96,0
DWS031,20170609,148.34,148.34,148.34,148.34,0
DWS031,20170612,148.00,148.00,148.00,148.00,0
DWS031,20170613,147.97,147.97,147.97,147.97,0
DWS031,20170614,146.62,146.62,146.62,146.62,0
DWS031,20170616,147.09,147.09,147.09,147.09,0
DWS031,20170619,146.82,146.82,146.82,146.82,0
DWS031,20170620,147.26,147.26,147.26,147.26,0
DWS031,20170621,146.51,146.51,146.51,146.51,0
DWS031,20170622,145.82,145.82,145.82,145.82,0
DWS031,20170623,144.93,144.93,144.93,144.93,0
DWS031,20170626,144.43,144.43,144.43,144.43,0
DWS031,20170627,144.42,144.42,144.42,144.42,0
DWS031,20170628,142.34,142.34,142.34,142.34,0
DWS031,20170629,142.61,142.61,142.61,142.61,0
DWS031,20170630,142.26,142.26,142.26,142.26,0
DWS031,20170703,141.48,141.48,141.48,141.48,0
DWS031,20170704,143.58,143.58,143.58,143.58,0
DWS031,20170705,143.18,143.18,143.18,143.18,0
DWS031,20170706,142.00,142.00,142.00,142.00,0
DWS031,20170707,143.02,143.02,143.02,143.02,0
DWS031,20170710,143.57,143.57,143.57,143.57,0
DWS031,20170711,144.75,144.75,144.75,144.75,0
DWS031,20170712,144.19,144.19,144.19,144.19,0
DWS031,20170713,146.34,146.34,146.34,146.34,0
DWS031,20170714,148.91,148.91,148.91,148.91,0
DWS031,20170717,149.22,149.22,149.22,149.22,0
DWS031,20170718,147.59,147.59,147.59,147.59,0
DWS031,20170719,147.21,147.21,147.21,147.21,0
DWS031,20170720,147.95,147.95,147.95,147.95,0
DWS031,20170721,147.87,147.87,147.87,147.87,0
DWS031,20170724,148.18,148.18,148.18,148.18,0
DWS031,20170725,147.98,147.98,147.98,147.98,0
DWS031,20170726,148.42,148.42,148.42,148.42,0
DWS031,20170727,147.80,147.80,147.80,147.80,0
DWS031,20170728,148.28,148.28,148.28,148.28,0
DWS031,20170731,148.26,148.26,148.26,148.26,0
DWS031,20170801,147.03,147.03,147.03,147.03,0
DWS031,20170802,147.42,147.42,147.42,147.42,0
DWS031,20170803,148.15,148.15,148.15,148.15,0
DWS031,20170804,149.25,149.25,149.25,149.25,0
DWS031,20170807,148.99,148.99,148.99,148.99,0
DWS031,20170808,150.24,150.24,150.24,150.24,0
DWS031,20170809,148.55,148.55,148.55,148.55,0
DWS031,20170810,148.75,148.75,148.75,148.75,0
DWS031,20170811,147.74,147.74,147.74,147.74,0
DWS031,20170814,150.19,150.19,150.19,150.19,0
DWS031,20170816,151.74,151.74,151.74,151.74,0
DWS031,20170817,151.66,151.66,151.66,151.66,0
DWS031,20170818,154.09,154.09,154.09,154.09,0
DWS031,20170821,152.79,152.79,152.79,152.79,0
DWS031,20170822,155.98,155.98,155.98,155.98,0
DWS031,20170823,155.66,155.66,155.66,155.66,0
DWS031,20170824,157.23,157.23,157.23,157.23,0
DWS031,20170825,156.13,156.13,156.13,156.13,0
DWS031,20170828,155.51,155.51,155.51,155.51,0
DWS031,20170829,154.19,154.19,154.19,154.19,0
DWS031,20170830,153.50,153.50,153.50,153.50,0
DWS031,20170831,156.07,156.07,156.07,156.07,0
DWS031,20170901,155.98,155.98,155.98,155.98,0
DWS031,20170904,156.78,156.78,156.78,156.78,0
DWS031,20170905,157.52,157.52,157.52,157.52,0
DWS031,20170906,157.81,157.81,157.81,157.81,0
DWS031,20170907,161.25,161.25,161.25,161.25,0
DWS031,20170908,161.25,161.25,161.25,161.25,0
DWS031,20170911,162.00,162.00,162.00,162.00,0
DWS031,20170912,162.29,162.29,162.29,162.29,0
DWS031,20170913,162.64,162.64,162.64,162.64,0
DWS031,20170914,162.18,162.18,162.18,162.18,0
DWS031,20170915,162.62,162.62,162.62,162.62,0
DWS031,20170918,164.92,164.92,164.92,164.92,0
DWS031,20170919,166.90,166.90,166.90,166.90,0
DWS031,20170920,165.68,165.68,165.68,165.68,0
DWS031,20170921,168.27,168.27,168.27,168.27,0
