Name,Date,Open,High,Low,Close,Volume
EQU003,20120419,10.00,10.00,10.00,10.00,0
EQU003,20120511,10.00,10.00,10.00,10.00,0
EQU003,20120514,10.00,10.00,10.00,10.00,0
EQU003,20120515,10.00,10.00,10.00,10.00,0
EQU003,20120516,10.00,10.00,10.00,10.00,0
EQU003,20120517,10.02,10.02,10.02,10.02,0
EQU003,20120518,10.02,10.02,10.02,10.02,0
EQU003,20120521,10.02,10.02,10.02,10.02,0
EQU003,20120522,10.02,10.02,10.02,10.02,0
EQU003,20120523,10.02,10.02,10.02,10.02,0
EQU003,20120524,10.02,10.02,10.02,10.02,0
EQU003,20120525,10.02,10.02,10.02,10.02,0
EQU003,20120528,10.02,10.02,10.02,10.02,0
EQU003,20120529,10.02,10.02,10.02,10.02,0
EQU003,20120530,10.02,10.02,10.02,10.02,0
EQU003,20120531,10.02,10.02,10.02,10.02,0
EQU003,20120604,10.02,10.02,10.02,10.02,0
EQU003,20120605,10.02,10.02,10.02,10.02,0
EQU003,20120606,10.02,10.02,10.02,10.02,0
EQU003,20120608,10.03,10.03,10.03,10.03,0
EQU003,20120611,10.03,10.03,10.03,10.03,0
EQU003,20120612,10.03,10.03,10.03,10.03,0
EQU003,20120613,10.03,10.03,10.03,10.03,0
EQU003,20120614,10.03,10.03,10.03,10.03,0
EQU003,20120615,10.03,10.03,10.03,10.03,0
EQU003,20120618,10.03,10.03,10.03,10.03,0
EQU003,20120619,10.03,10.03,10.03,10.03,0
EQU003,20120620,10.04,10.04,10.04,10.04,0
EQU003,20120621,10.04,10.04,10.04,10.04,0
EQU003,20120622,10.04,10.04,10.04,10.04,0
EQU003,20120625,10.05,10.05,10.05,10.05,0
EQU003,20120626,10.05,10.05,10.05,10.05,0
EQU003,20120627,10.05,10.05,10.05,10.05,0
EQU003,20120628,10.05,10.05,10.05,10.05,0
EQU003,20120629,10.05,10.05,10.05,10.05,0
EQU003,20120702,10.05,10.05,10.05,10.05,0
EQU003,20120703,10.05,10.05,10.05,10.05,0
EQU003,20120704,10.05,10.05,10.05,10.05,0
EQU003,20120705,10.05,10.05,10.05,10.05,0
EQU003,20120706,10.05,10.05,10.05,10.05,0
EQU003,20120709,10.05,10.05,10.05,10.05,0
EQU003,20120710,10.06,10.06,10.06,10.06,0
EQU003,20120711,10.06,10.06,10.06,10.06,0
EQU003,20120712,10.07,10.07,10.07,10.07,0
EQU003,20120713,10.07,10.07,10.07,10.07,0
EQU003,20120716,10.07,10.07,10.07,10.07,0
EQU003,20120717,10.07,10.07,10.07,10.07,0
EQU003,20120718,10.08,10.08,10.08,10.08,0
EQU003,20120719,10.09,10.09,10.09,10.09,0
EQU003,20120720,10.08,10.08,10.08,10.08,0
EQU003,20120723,10.08,10.08,10.08,10.08,0
EQU003,20120724,10.08,10.08,10.08,10.08,0
EQU003,20120725,10.08,10.08,10.08,10.08,0
EQU003,20120726,10.08,10.08,10.08,10.08,0
EQU003,20120727,10.08,10.08,10.08,10.08,0
EQU003,20120730,10.07,10.07,10.07,10.07,0
EQU003,20120731,10.08,10.08,10.08,10.08,0
EQU003,20120801,10.08,10.08,10.08,10.08,0
EQU003,20120802,10.07,10.07,10.07,10.07,0
EQU003,20120803,10.09,10.09,10.09,10.09,0
EQU003,20120806,10.09,10.09,10.09,10.09,0
EQU003,20120807,10.08,10.08,10.08,10.08,0
EQU003,20120808,10.10,10.10,10.10,10.10,0
EQU003,20120809,10.10,10.10,10.10,10.10,0
EQU003,20120810,10.10,10.10,10.10,10.10,0
EQU003,20120813,10.11,10.11,10.11,10.11,0
EQU003,20120814,10.12,10.12,10.12,10.12,0
EQU003,20120816,10.14,10.14,10.14,10.14,0
EQU003,20120817,10.12,10.12,10.12,10.12,0
EQU003,20120820,10.13,10.13,10.13,10.13,0
EQU003,20120821,10.13,10.13,10.13,10.13,0
EQU003,20120822,10.13,10.13,10.13,10.13,0
EQU003,20120823,10.13,10.13,10.13,10.13,0
EQU003,20120824,10.14,10.14,10.14,10.14,0
EQU003,20120827,10.14,10.14,10.14,10.14,0
EQU003,20120828,10.14,10.14,10.14,10.14,0
EQU003,20120829,10.13,10.13,10.13,10.13,0
EQU003,20120830,10.13,10.13,10.13,10.13,0
EQU003,20120831,10.14,10.14,10.14,10.14,0
EQU003,20120903,10.15,10.15,10.15,10.15,0
EQU003,20120904,10.15,10.15,10.15,10.15,0
EQU003,20120905,10.16,10.16,10.16,10.16,0
EQU003,20120906,10.16,10.16,10.16,10.16,0
EQU003,20120907,10.16,10.16,10.16,10.16,0
EQU003,20120910,10.17,10.17,10.17,10.17,0
EQU003,20120911,10.17,10.17,10.17,10.17,0
EQU003,20120912,10.17,10.17,10.17,10.17,0
EQU003,20120913,10.17,10.17,10.17,10.17,0
EQU003,20120914,10.16,10.16,10.16,10.16,0
EQU003,20120917,10.17,10.17,10.17,10.17,0
EQU003,20120918,10.17,10.17,10.17,10.17,0
EQU003,20120919,10.17,10.17,10.17,10.17,0
EQU003,20120920,10.17,10.17,10.17,10.17,0
EQU003,20120921,10.18,10.18,10.18,10.18,0
EQU003,20120924,10.18,10.18,10.18,10.18,0
EQU003,20120925,10.18,10.18,10.18,10.18,0
EQU003,20120926,10.18,10.18,10.18,10.18,0
EQU003,20120927,10.18,10.18,10.18,10.18,0
EQU003,20120928,10.19,10.19,10.19,10.19,0
EQU003,20121001,10.19,10.19,10.19,10.19,0
EQU003,20121002,10.18,10.18,10.18,10.18,0
EQU003,20121003,10.19,10.19,10.19,10.19,0
EQU003,20121004,10.19,10.19,10.19,10.19,0
EQU003,20121005,10.19,10.19,10.19,10.19,0
EQU003,20121008,10.21,10.21,10.21,10.21,0
EQU003,20121009,10.21,10.21,10.21,10.21,0
EQU003,20121010,10.22,10.22,10.22,10.22,0
EQU003,20121011,10.22,10.22,10.22,10.22,0
EQU003,20121012,10.22,10.22,10.22,10.22,0
EQU003,20121015,10.22,10.22,10.22,10.22,0
EQU003,20121016,10.23,10.23,10.23,10.23,0
EQU003,20121017,10.23,10.23,10.23,10.23,0
EQU003,20121018,10.24,10.24,10.24,10.24,0
EQU003,20121019,10.24,10.24,10.24,10.24,0
EQU003,20121022,10.24,10.24,10.24,10.24,0
EQU003,20121023,10.24,10.24,10.24,10.24,0
EQU003,20121024,10.23,10.23,10.23,10.23,0
EQU003,20121025,10.24,10.24,10.24,10.24,0
EQU003,20121026,10.24,10.24,10.24,10.24,0
EQU003,20121029,10.25,10.25,10.25,10.25,0
EQU003,20121030,10.25,10.25,10.25,10.25,0
EQU003,20121031,10.26,10.26,10.26,10.26,0
EQU003,20121102,10.26,10.26,10.26,10.26,0
EQU003,20121105,10.26,10.26,10.26,10.26,0
EQU003,20121106,10.27,10.27,10.27,10.27,0
EQU003,20121107,10.27,10.27,10.27,10.27,0
EQU003,20121108,10.27,10.27,10.27,10.27,0
EQU003,20121109,10.28,10.28,10.28,10.28,0
EQU003,20121112,10.28,10.28,10.28,10.28,0
EQU003,20121113,10.29,10.29,10.29,10.29,0
EQU003,20121114,10.28,10.28,10.28,10.28,0
EQU003,20121115,10.29,10.29,10.29,10.29,0
EQU003,20121116,10.29,10.29,10.29,10.29,0
EQU003,20121119,10.30,10.30,10.30,10.30,0
EQU003,20121120,10.30,10.30,10.30,10.30,0
EQU003,20121121,10.29,10.29,10.29,10.29,0
EQU003,20121122,10.29,10.29,10.29,10.29,0
EQU003,20121123,10.29,10.29,10.29,10.29,0
EQU003,20121126,10.30,10.30,10.30,10.30,0
EQU003,20121127,10.30,10.30,10.30,10.30,0
EQU003,20121128,10.30,10.30,10.30,10.30,0
EQU003,20121129,10.30,10.30,10.30,10.30,0
EQU003,20121130,10.30,10.30,10.30,10.30,0
EQU003,20121203,10.32,10.32,10.32,10.32,0
EQU003,20121204,10.32,10.32,10.32,10.32,0
EQU003,20121205,10.30,10.30,10.30,10.30,0
EQU003,20121206,10.31,10.31,10.31,10.31,0
EQU003,20121207,10.31,10.31,10.31,10.31,0
EQU003,20121210,10.32,10.32,10.32,10.32,0
EQU003,20121211,10.33,10.33,10.33,10.33,0
EQU003,20121212,10.33,10.33,10.33,10.33,0
EQU003,20121213,10.33,10.33,10.33,10.33,0
EQU003,20121214,10.33,10.33,10.33,10.33,0
EQU003,20121217,10.34,10.34,10.34,10.34,0
EQU003,20121218,10.35,10.35,10.35,10.35,0
EQU003,20121219,10.35,10.35,10.35,10.35,0
EQU003,20121220,10.35,10.35,10.35,10.35,0
EQU003,20121221,10.36,10.36,10.36,10.36,0
EQU003,20121227,10.37,10.37,10.37,10.37,0
EQU003,20121228,10.38,10.38,10.38,10.38,0
EQU003,20130102,10.37,10.37,10.37,10.37,0
EQU003,20130103,10.38,10.38,10.38,10.38,0
EQU003,20130104,10.41,10.41,10.41,10.41,0
EQU003,20130107,10.41,10.41,10.41,10.41,0
EQU003,20130108,10.41,10.41,10.41,10.41,0
EQU003,20130109,10.42,10.42,10.42,10.42,0
EQU003,20130110,10.41,10.41,10.41,10.41,0
EQU003,20130111,10.41,10.41,10.41,10.41,0
EQU003,20130114,10.42,10.42,10.42,10.42,0
EQU003,20130115,10.41,10.41,10.41,10.41,0
EQU003,20130116,10.43,10.43,10.43,10.43,0
EQU003,20130117,10.42,10.42,10.42,10.42,0
EQU003,20130118,10.43,10.43,10.43,10.43,0
EQU003,20130121,10.44,10.44,10.44,10.44,0
EQU003,20130122,10.45,10.45,10.45,10.45,0
EQU003,20130123,10.45,10.45,10.45,10.45,0
EQU003,20130124,10.46,10.46,10.46,10.46,0
EQU003,20130125,10.46,10.46,10.46,10.46,0
EQU003,20130128,10.46,10.46,10.46,10.46,0
EQU003,20130129,10.47,10.47,10.47,10.47,0
EQU003,20130130,10.47,10.47,10.47,10.47,0
EQU003,20130131,10.47,10.47,10.47,10.47,0
EQU003,20130201,10.48,10.48,10.48,10.48,0
EQU003,20130204,10.48,10.48,10.48,10.48,0
EQU003,20130205,10.49,10.49,10.49,10.49,0
EQU003,20130206,10.49,10.49,10.49,10.49,0
EQU003,20130207,10.50,10.50,10.50,10.50,0
EQU003,20130208,10.50,10.50,10.50,10.50,0
EQU003,20130211,10.50,10.50,10.50,10.50,0
EQU003,20130212,10.50,10.50,10.50,10.50,0
EQU003,20130213,10.50,10.50,10.50,10.50,0
EQU003,20130214,10.49,10.49,10.49,10.49,0
EQU003,20130215,10.50,10.50,10.50,10.50,0
EQU003,20130218,10.52,10.52,10.52,10.52,0
EQU003,20130219,10.52,10.52,10.52,10.52,0
EQU003,20130220,10.52,10.52,10.52,10.52,0
EQU003,20130221,10.52,10.52,10.52,10.52,0
EQU003,20130222,10.52,10.52,10.52,10.52,0
EQU003,20130225,10.54,10.54,10.54,10.54,0
EQU003,20130226,10.54,10.54,10.54,10.54,0
EQU003,20130227,10.54,10.54,10.54,10.54,0
EQU003,20130228,10.55,10.55,10.55,10.55,0
EQU003,20130301,10.56,10.56,10.56,10.56,0
EQU003,20130304,10.56,10.56,10.56,10.56,0
EQU003,20130305,10.56,10.56,10.56,10.56,0
EQU003,20130306,10.56,10.56,10.56,10.56,0
EQU003,20130307,10.57,10.57,10.57,10.57,0
EQU003,20130308,10.57,10.57,10.57,10.57,0
EQU003,20130311,10.57,10.57,10.57,10.57,0
EQU003,20130312,10.58,10.58,10.58,10.58,0
EQU003,20130313,10.58,10.58,10.58,10.58,0
EQU003,20130314,10.54,10.54,10.54,10.54,0
EQU003,20130315,10.57,10.57,10.57,10.57,0
EQU003,20130318,10.57,10.57,10.57,10.57,0
EQU003,20130319,10.56,10.56,10.56,10.56,0
EQU003,20130320,10.58,10.58,10.58,10.58,0
EQU003,20130321,10.58,10.58,10.58,10.58,0
EQU003,20130322,10.57,10.57,10.57,10.57,0
EQU003,20130325,10.57,10.57,10.57,10.57,0
EQU003,20130326,10.58,10.58,10.58,10.58,0
EQU003,20130327,10.58,10.58,10.58,10.58,0
EQU003,20130328,10.59,10.59,10.59,10.59,0
EQU003,20130402,10.60,10.60,10.60,10.60,0
EQU003,20130403,10.61,10.61,10.61,10.61,0
EQU003,20130404,10.61,10.61,10.61,10.61,0
EQU003,20130405,10.61,10.61,10.61,10.61,0
EQU003,20130408,10.61,10.61,10.61,10.61,0
EQU003,20130409,10.61,10.61,10.61,10.61,0
EQU003,20130410,10.62,10.62,10.62,10.62,0
EQU003,20130411,10.62,10.62,10.62,10.62,0
EQU003,20130412,10.62,10.62,10.62,10.62,0
EQU003,20130415,10.63,10.63,10.63,10.63,0
EQU003,20130417,10.63,10.63,10.63,10.63,0
EQU003,20130418,10.63,10.63,10.63,10.63,0
EQU003,20130419,10.63,10.63,10.63,10.63,0
EQU003,20130422,10.63,10.63,10.63,10.63,0
EQU003,20130423,10.64,10.64,10.64,10.64,0
EQU003,20130424,10.64,10.64,10.64,10.64,0
EQU003,20130425,10.65,10.65,10.65,10.65,0
EQU003,20130426,10.66,10.66,10.66,10.66,0
EQU003,20130429,10.66,10.66,10.66,10.66,0
EQU003,20130430,10.66,10.66,10.66,10.66,0
EQU003,20130502,10.67,10.67,10.67,10.67,0
EQU003,20130506,10.67,10.67,10.67,10.67,0
EQU003,20130507,10.67,10.67,10.67,10.67,0
EQU003,20130508,10.68,10.68,10.68,10.68,0
EQU003,20130509,10.67,10.67,10.67,10.67,0
EQU003,20130510,10.68,10.68,10.68,10.68,0
EQU003,20130513,10.68,10.68,10.68,10.68,0
EQU003,20130514,10.69,10.69,10.69,10.69,0
EQU003,20130515,10.70,10.70,10.70,10.70,0
EQU003,20130516,10.70,10.70,10.70,10.70,0
EQU003,20130517,10.71,10.71,10.71,10.71,0
EQU003,20130520,10.71,10.71,10.71,10.71,0
EQU003,20130521,10.71,10.71,10.71,10.71,0
EQU003,20130522,10.72,10.72,10.72,10.72,0
EQU003,20130523,10.72,10.72,10.72,10.72,0
EQU003,20130524,10.72,10.72,10.72,10.72,0
EQU003,20130527,10.72,10.72,10.72,10.72,0
EQU003,20130528,10.72,10.72,10.72,10.72,0
EQU003,20130529,10.73,10.73,10.73,10.73,0
EQU003,20130531,10.75,10.75,10.75,10.75,0
EQU003,20130603,10.76,10.76,10.76,10.76,0
EQU003,20130604,10.76,10.76,10.76,10.76,0
EQU003,20130605,10.76,10.76,10.76,10.76,0
EQU003,20130606,10.76,10.76,10.76,10.76,0
EQU003,20130607,10.77,10.77,10.77,10.77,0
EQU003,20130610,10.77,10.77,10.77,10.77,0
EQU003,20130611,10.78,10.78,10.78,10.78,0
EQU003,20130612,10.78,10.78,10.78,10.78,0
EQU003,20130613,10.78,10.78,10.78,10.78,0
EQU003,20130614,10.78,10.78,10.78,10.78,0
EQU003,20130617,10.78,10.78,10.78,10.78,0
EQU003,20130618,10.79,10.79,10.79,10.79,0
EQU003,20130619,10.80,10.80,10.80,10.80,0
EQU003,20130620,10.80,10.80,10.80,10.80,0
EQU003,20130621,10.79,10.79,10.79,10.79,0
EQU003,20130624,10.80,10.80,10.80,10.80,0
EQU003,20130625,10.79,10.79,10.79,10.79,0
EQU003,20130626,10.79,10.79,10.79,10.79,0
EQU003,20130627,10.79,10.79,10.79,10.79,0
EQU003,20130628,10.81,10.81,10.81,10.81,0
EQU003,20130701,10.82,10.82,10.82,10.82,0
EQU003,20130702,10.82,10.82,10.82,10.82,0
EQU003,20130703,10.82,10.82,10.82,10.82,0
EQU003,20130704,10.83,10.83,10.83,10.83,0
EQU003,20130705,10.83,10.83,10.83,10.83,0
EQU003,20130708,10.84,10.84,10.84,10.84,0
EQU003,20130709,10.84,10.84,10.84,10.84,0
EQU003,20130710,10.84,10.84,10.84,10.84,0
EQU003,20130711,10.87,10.87,10.87,10.87,0
EQU003,20130712,10.87,10.87,10.87,10.87,0
EQU003,20130715,10.87,10.87,10.87,10.87,0
EQU003,20130716,10.89,10.89,10.89,10.89,0
EQU003,20130717,10.90,10.90,10.90,10.90,0
EQU003,20130718,10.92,10.92,10.92,10.92,0
EQU003,20130719,10.93,10.93,10.93,10.93,0
EQU003,20130722,10.93,10.93,10.93,10.93,0
EQU003,20130723,10.93,10.93,10.93,10.93,0
EQU003,20130724,10.93,10.93,10.93,10.93,0
EQU003,20130725,10.93,10.93,10.93,10.93,0
EQU003,20130726,10.93,10.93,10.93,10.93,0
EQU003,20130729,10.93,10.93,10.93,10.93,0
EQU003,20130730,10.93,10.93,10.93,10.93,0
EQU003,20130731,10.93,10.93,10.93,10.93,0
EQU003,20130801,10.93,10.93,10.93,10.93,0
EQU003,20130802,10.95,10.95,10.95,10.95,0
EQU003,20130805,10.95,10.95,10.95,10.95,0
EQU003,20130806,10.94,10.94,10.94,10.94,0
EQU003,20130807,10.94,10.94,10.94,10.94,0
EQU003,20130808,10.94,10.94,10.94,10.94,0
EQU003,20130809,10.95,10.95,10.95,10.95,0
EQU003,20130812,10.95,10.95,10.95,10.95,0
EQU003,20130813,10.96,10.96,10.96,10.96,0
EQU003,20130814,10.96,10.96,10.96,10.96,0
EQU003,20130816,10.97,10.97,10.97,10.97,0
EQU003,20130819,10.97,10.97,10.97,10.97,0
EQU003,20130820,10.97,10.97,10.97,10.97,0
EQU003,20130821,10.97,10.97,10.97,10.97,0
EQU003,20130822,10.98,10.98,10.98,10.98,0
EQU003,20130823,10.98,10.98,10.98,10.98,0
EQU003,20130826,10.97,10.97,10.97,10.97,0
EQU003,20130827,10.99,10.99,10.99,10.99,0
EQU003,20130828,10.99,10.99,10.99,10.99,0
EQU003,20130829,11.02,11.02,11.02,11.02,0
EQU003,20130830,11.02,11.02,11.02,11.02,0
EQU003,20130902,11.03,11.03,11.03,11.03,0
EQU003,20130903,11.03,11.03,11.03,11.03,0
EQU003,20130904,11.03,11.03,11.03,11.03,0
EQU003,20130905,11.03,11.03,11.03,11.03,0
EQU003,20130906,11.03,11.03,11.03,11.03,0
EQU003,20130909,11.06,11.06,11.06,11.06,0
EQU003,20130910,11.06,11.06,11.06,11.06,0
EQU003,20130911,11.07,11.07,11.07,11.07,0
EQU003,20130912,11.06,11.06,11.06,11.06,0
EQU003,20130913,11.07,11.07,11.07,11.07,0
EQU003,20130916,11.07,11.07,11.07,11.07,0
EQU003,20130917,11.06,11.06,11.06,11.06,0
EQU003,20130918,11.07,11.07,11.07,11.07,0
EQU003,20130919,11.05,11.05,11.05,11.05,0
EQU003,20130920,11.05,11.05,11.05,11.05,0
EQU003,20130923,11.06,11.06,11.06,11.06,0
EQU003,20130924,11.06,11.06,11.06,11.06,0
EQU003,20130925,11.06,11.06,11.06,11.06,0
EQU003,20130926,11.06,11.06,11.06,11.06,0
EQU003,20130927,11.06,11.06,11.06,11.06,0
EQU003,20130930,11.07,11.07,11.07,11.07,0
EQU003,20131001,11.07,11.07,11.07,11.07,0
EQU003,20131002,11.07,11.07,11.07,11.07,0
EQU003,20131003,11.07,11.07,11.07,11.07,0
EQU003,20131004,11.07,11.07,11.07,11.07,0
EQU003,20131007,11.08,11.08,11.08,11.08,0
EQU003,20131008,11.08,11.08,11.08,11.08,0
EQU003,20131009,11.09,11.09,11.09,11.09,0
EQU003,20131010,11.08,11.08,11.08,11.08,0
EQU003,20131011,11.09,11.09,11.09,11.09,0
EQU003,20131014,11.09,11.09,11.09,11.09,0
EQU003,20131015,11.09,11.09,11.09,11.09,0
EQU003,20131016,11.09,11.09,11.09,11.09,0
EQU003,20131017,11.10,11.10,11.10,11.10,0
EQU003,20131018,11.10,11.10,11.10,11.10,0
EQU003,20131021,11.07,11.07,11.07,11.07,0
EQU003,20131022,11.06,11.06,11.06,11.06,0
EQU003,20131023,11.07,11.07,11.07,11.07,0
EQU003,20131024,11.07,11.07,11.07,11.07,0
EQU003,20131025,11.06,11.06,11.06,11.06,0
EQU003,20131028,11.07,11.07,11.07,11.07,0
EQU003,20131029,11.06,11.06,11.06,11.06,0
EQU003,20131030,11.05,11.05,11.05,11.05,0
EQU003,20131031,11.08,11.08,11.08,11.08,0
EQU003,20131104,11.07,11.07,11.07,11.07,0
EQU003,20131105,11.07,11.07,11.07,11.07,0
EQU003,20131106,11.08,11.08,11.08,11.08,0
EQU003,20131107,11.09,11.09,11.09,11.09,0
EQU003,20131108,11.09,11.09,11.09,11.09,0
EQU003,20131112,11.11,11.11,11.11,11.11,0
EQU003,20131113,11.10,11.10,11.10,11.10,0
EQU003,20131114,11.10,11.10,11.10,11.10,0
EQU003,20131115,11.11,11.11,11.11,11.11,0
EQU003,20131118,11.11,11.11,11.11,11.11,0
EQU003,20131119,11.10,11.10,11.10,11.10,0
EQU003,20131120,11.11,11.11,11.11,11.11,0
EQU003,20131121,11.09,11.09,11.09,11.09,0
EQU003,20131122,11.09,11.09,11.09,11.09,0
EQU003,20131125,11.09,11.09,11.09,11.09,0
EQU003,20131126,11.10,11.10,11.10,11.10,0
EQU003,20131127,11.10,11.10,11.10,11.10,0
EQU003,20131128,11.10,11.10,11.10,11.10,0
EQU003,20131129,11.11,11.11,11.11,11.11,0
EQU003,20131202,11.11,11.11,11.11,11.11,0
EQU003,20131203,11.11,11.11,11.11,11.11,0
EQU003,20131204,11.10,11.10,11.10,11.10,0
EQU003,20131205,11.10,11.10,11.10,11.10,0
EQU003,20131206,11.11,11.11,11.11,11.11,0
EQU003,20131209,11.11,11.11,11.11,11.11,0
EQU003,20131210,11.11,11.11,11.11,11.11,0
EQU003,20131211,11.12,11.12,11.12,11.12,0
EQU003,20131212,11.12,11.12,11.12,11.12,0
EQU003,20131213,11.13,11.13,11.13,11.13,0
EQU003,20131216,11.12,11.12,11.12,11.12,0
EQU003,20131217,11.11,11.11,11.11,11.11,0
EQU003,20131218,11.13,11.13,11.13,11.13,0
EQU003,20131219,11.12,11.12,11.12,11.12,0
EQU003,20131220,11.13,11.13,11.13,11.13,0
EQU003,20131223,11.17,11.17,11.17,11.17,0
EQU003,20131227,11.17,11.17,11.17,11.17,0
EQU003,20131230,11.18,11.18,11.18,11.18,0
EQU003,20131231,11.18,11.18,11.18,11.18,0
EQU003,20140102,11.18,11.18,11.18,11.18,0
EQU003,20140103,11.21,11.21,11.21,11.21,0
EQU003,20140107,11.20,11.20,11.20,11.20,0
EQU003,20140108,11.19,11.19,11.19,11.19,0
EQU003,20140109,11.20,11.20,11.20,11.20,0
EQU003,20140110,11.19,11.19,11.19,11.19,0
EQU003,20140113,11.19,11.19,11.19,11.19,0
EQU003,20140114,11.18,11.18,11.18,11.18,0
EQU003,20140115,11.19,11.19,11.19,11.19,0
EQU003,20140116,11.18,11.18,11.18,11.18,0
EQU003,20140117,11.20,11.20,11.20,11.20,0
EQU003,20140120,11.20,11.20,11.20,11.20,0
EQU003,20140121,11.21,11.21,11.21,11.21,0
EQU003,20140122,11.21,11.21,11.21,11.21,0
EQU003,20140123,11.20,11.20,11.20,11.20,0
EQU003,20140124,11.21,11.21,11.21,11.21,0
EQU003,20140127,11.22,11.22,11.22,11.22,0
EQU003,20140128,11.21,11.21,11.21,11.21,0
EQU003,20140129,11.22,11.22,11.22,11.22,0
EQU003,20140130,11.22,11.22,11.22,11.22,0
EQU003,20140131,11.24,11.24,11.24,11.24,0
EQU003,20140203,11.23,11.23,11.23,11.23,0
EQU003,20140204,11.24,11.24,11.24,11.24,0
EQU003,20140205,11.24,11.24,11.24,11.24,0
EQU003,20140206,11.24,11.24,11.24,11.24,0
EQU003,20140207,11.24,11.24,11.24,11.24,0
EQU003,20140210,11.25,11.25,11.25,11.25,0
EQU003,20140211,11.25,11.25,11.25,11.25,0
EQU003,20140212,11.26,11.26,11.26,11.26,0
EQU003,20140213,11.26,11.26,11.26,11.26,0
EQU003,20140214,11.26,11.26,11.26,11.26,0
EQU003,20140217,11.27,11.27,11.27,11.27,0
EQU003,20140218,11.27,11.27,11.27,11.27,0
EQU003,20140219,11.27,11.27,11.27,11.27,0
EQU003,20140220,11.27,11.27,11.27,11.27,0
EQU003,20140221,11.30,11.30,11.30,11.30,0
EQU003,20140224,11.30,11.30,11.30,11.30,0
EQU003,20140225,11.29,11.29,11.29,11.29,0
EQU003,20140226,11.29,11.29,11.29,11.29,0
EQU003,20140227,11.30,11.30,11.30,11.30,0
EQU003,20140228,11.30,11.30,11.30,11.30,0
EQU003,20140303,11.31,11.31,11.31,11.31,0
EQU003,20140304,11.28,11.28,11.28,11.28,0
EQU003,20140305,11.29,11.29,11.29,11.29,0
EQU003,20140306,11.31,11.31,11.31,11.31,0
EQU003,20140307,11.31,11.31,11.31,11.31,0
EQU003,20140310,11.31,11.31,11.31,11.31,0
EQU003,20140311,11.33,11.33,11.33,11.33,0
EQU003,20140312,11.32,11.32,11.32,11.32,0
EQU003,20140313,11.32,11.32,11.32,11.32,0
EQU003,20140314,11.34,11.34,11.34,11.34,0
EQU003,20140317,11.34,11.34,11.34,11.34,0
EQU003,20140318,11.34,11.34,11.34,11.34,0
EQU003,20140319,11.35,11.35,11.35,11.35,0
EQU003,20140320,11.36,11.36,11.36,11.36,0
EQU003,20140321,11.35,11.35,11.35,11.35,0
EQU003,20140324,11.36,11.36,11.36,11.36,0
EQU003,20140325,11.37,11.37,11.37,11.37,0
EQU003,20140326,11.37,11.37,11.37,11.37,0
EQU003,20140327,11.37,11.37,11.37,11.37,0
EQU003,20140328,11.38,11.38,11.38,11.38,0
EQU003,20140331,11.35,11.35,11.35,11.35,0
EQU003,20140401,11.36,11.36,11.36,11.36,0
EQU003,20140402,11.36,11.36,11.36,11.36,0
EQU003,20140403,11.36,11.36,11.36,11.36,0
EQU003,20140404,11.37,11.37,11.37,11.37,0
EQU003,20140407,11.37,11.37,11.37,11.37,0
EQU003,20140408,11.36,11.36,11.36,11.36,0
EQU003,20140409,11.37,11.37,11.37,11.37,0
EQU003,20140410,11.38,11.38,11.38,11.38,0
EQU003,20140411,11.38,11.38,11.38,11.38,0
EQU003,20140414,11.39,11.39,11.39,11.39,0
EQU003,20140415,11.39,11.39,11.39,11.39,0
EQU003,20140416,11.40,11.40,11.40,11.40,0
EQU003,20140417,11.39,11.39,11.39,11.39,0
EQU003,20140422,11.39,11.39,11.39,11.39,0
EQU003,20140423,11.39,11.39,11.39,11.39,0
EQU003,20140424,11.38,11.38,11.38,11.38,0
EQU003,20140425,11.37,11.37,11.37,11.37,0
EQU003,20140428,11.38,11.38,11.38,11.38,0
EQU003,20140429,11.38,11.38,11.38,11.38,0
EQU003,20140430,11.38,11.38,11.38,11.38,0
EQU003,20140502,11.39,11.39,11.39,11.39,0
EQU003,20140505,11.39,11.39,11.39,11.39,0
EQU003,20140506,11.39,11.39,11.39,11.39,0
EQU003,20140507,11.39,11.39,11.39,11.39,0
EQU003,20140508,11.40,11.40,11.40,11.40,0
EQU003,20140509,11.40,11.40,11.40,11.40,0
EQU003,20140512,11.40,11.40,11.40,11.40,0
EQU003,20140513,11.41,11.41,11.41,11.41,0
EQU003,20140514,11.41,11.41,11.41,11.41,0
EQU003,20140515,11.41,11.41,11.41,11.41,0
EQU003,20140516,11.41,11.41,11.41,11.41,0
EQU003,20140519,11.42,11.42,11.42,11.42,0
EQU003,20140520,11.42,11.42,11.42,11.42,0
EQU003,20140521,11.42,11.42,11.42,11.42,0
EQU003,20140522,11.42,11.42,11.42,11.42,0
EQU003,20140523,11.42,11.42,11.42,11.42,0
EQU003,20140526,11.43,11.43,11.43,11.43,0
EQU003,20140527,11.44,11.44,11.44,11.44,0
EQU003,20140528,11.44,11.44,11.44,11.44,0
EQU003,20140529,11.44,11.44,11.44,11.44,0
EQU003,20140530,11.44,11.44,11.44,11.44,0
EQU003,20140602,11.44,11.44,11.44,11.44,0
EQU003,20140603,11.44,11.44,11.44,11.44,0
EQU003,20140604,11.44,11.44,11.44,11.44,0
EQU003,20140605,11.45,11.45,11.45,11.45,0
EQU003,20140606,11.45,11.45,11.45,11.45,0
EQU003,20140609,11.45,11.45,11.45,11.45,0
EQU003,20140610,11.45,11.45,11.45,11.45,0
EQU003,20140611,11.45,11.45,11.45,11.45,0
EQU003,20140612,11.45,11.45,11.45,11.45,0
EQU003,20140613,11.45,11.45,11.45,11.45,0
EQU003,20140616,11.47,11.47,11.47,11.47,0
EQU003,20140617,11.47,11.47,11.47,11.47,0
EQU003,20140618,11.47,11.47,11.47,11.47,0
EQU003,20140620,11.47,11.47,11.47,11.47,0
EQU003,20140623,11.44,11.44,11.44,11.44,0
EQU003,20140624,11.44,11.44,11.44,11.44,0
EQU003,20140625,11.44,11.44,11.44,11.44,0
EQU003,20140626,11.45,11.45,11.45,11.45,0
EQU003,20140627,11.45,11.45,11.45,11.45,0
EQU003,20140630,11.46,11.46,11.46,11.46,0
EQU003,20140701,11.46,11.46,11.46,11.46,0
EQU003,20140702,11.46,11.46,11.46,11.46,0
EQU003,20140703,11.46,11.46,11.46,11.46,0
EQU003,20140704,11.46,11.46,11.46,11.46,0
EQU003,20140707,11.46,11.46,11.46,11.46,0
EQU003,20140708,11.47,11.47,11.47,11.47,0
EQU003,20140709,11.47,11.47,11.47,11.47,0
EQU003,20140710,11.48,11.48,11.48,11.48,0
EQU003,20140711,11.48,11.48,11.48,11.48,0
EQU003,20140714,11.49,11.49,11.49,11.49,0
EQU003,20140715,11.49,11.49,11.49,11.49,0
EQU003,20140716,11.48,11.48,11.48,11.48,0
EQU003,20140717,11.48,11.48,11.48,11.48,0
EQU003,20140718,11.49,11.49,11.49,11.49,0
EQU003,20140721,11.49,11.49,11.49,11.49,0
EQU003,20140722,11.49,11.49,11.49,11.49,0
EQU003,20140723,11.49,11.49,11.49,11.49,0
EQU003,20140724,11.50,11.50,11.50,11.50,0
EQU003,20140725,11.50,11.50,11.50,11.50,0
EQU003,20140728,11.50,11.50,11.50,11.50,0
EQU003,20140729,11.50,11.50,11.50,11.50,0
EQU003,20140730,11.51,11.51,11.51,11.51,0
EQU003,20140731,11.51,11.51,11.51,11.51,0
EQU003,20140801,11.51,11.51,11.51,11.51,0
EQU003,20140804,11.51,11.51,11.51,11.51,0
EQU003,20140805,11.52,11.52,11.52,11.52,0
EQU003,20140806,11.51,11.51,11.51,11.51,0
EQU003,20140807,11.51,11.51,11.51,11.51,0
EQU003,20140808,11.52,11.52,11.52,11.52,0
EQU003,20140811,11.53,11.53,11.53,11.53,0
EQU003,20140812,11.53,11.53,11.53,11.53,0
EQU003,20140813,11.53,11.53,11.53,11.53,0
EQU003,20140814,11.54,11.54,11.54,11.54,0
EQU003,20140818,11.54,11.54,11.54,11.54,0
EQU003,20140820,11.55,11.55,11.55,11.55,0
EQU003,20140821,11.55,11.55,11.55,11.55,0
EQU003,20140822,11.55,11.55,11.55,11.55,0
EQU003,20140825,11.54,11.54,11.54,11.54,0
EQU003,20140826,11.54,11.54,11.54,11.54,0
EQU003,20140827,11.54,11.54,11.54,11.54,0
EQU003,20140828,11.54,11.54,11.54,11.54,0
EQU003,20140829,11.54,11.54,11.54,11.54,0
EQU003,20140901,11.54,11.54,11.54,11.54,0
EQU003,20140902,11.54,11.54,11.54,11.54,0
EQU003,20140903,11.54,11.54,11.54,11.54,0
EQU003,20140904,11.54,11.54,11.54,11.54,0
EQU003,20140905,11.54,11.54,11.54,11.54,0
EQU003,20140908,11.54,11.54,11.54,11.54,0
EQU003,20140909,11.54,11.54,11.54,11.54,0
EQU003,20140910,11.55,11.55,11.55,11.55,0
EQU003,20140918,11.56,11.56,11.56,11.56,0
EQU003,20140919,11.56,11.56,11.56,11.56,0
EQU003,20140922,11.57,11.57,11.57,11.57,0
EQU003,20140923,11.56,11.56,11.56,11.56,0
EQU003,20140924,11.57,11.57,11.57,11.57,0
EQU003,20140925,11.56,11.56,11.56,11.56,0
EQU003,20140929,11.55,11.55,11.55,11.55,0
EQU003,20140930,11.55,11.55,11.55,11.55,0
EQU003,20141001,11.55,11.55,11.55,11.55,0
EQU003,20141002,11.53,11.53,11.53,11.53,0
EQU003,20141006,11.54,11.54,11.54,11.54,0
EQU003,20141007,11.55,11.55,11.55,11.55,0
EQU003,20141008,11.55,11.55,11.55,11.55,0
EQU003,20141009,11.56,11.56,11.56,11.56,0
EQU003,20141010,11.57,11.57,11.57,11.57,0
EQU003,20141013,11.58,11.58,11.58,11.58,0
EQU003,20141014,11.58,11.58,11.58,11.58,0
EQU003,20141015,11.58,11.58,11.58,11.58,0
EQU003,20141016,11.58,11.58,11.58,11.58,0
EQU003,20141017,11.59,11.59,11.59,11.59,0
EQU003,20141020,11.59,11.59,11.59,11.59,0
EQU003,20141021,11.59,11.59,11.59,11.59,0
EQU003,20141022,11.58,11.58,11.58,11.58,0
EQU003,20141023,11.58,11.58,11.58,11.58,0
EQU003,20141024,11.58,11.58,11.58,11.58,0
EQU003,20141027,11.59,11.59,11.59,11.59,0
EQU003,20141028,11.60,11.60,11.60,11.60,0
EQU003,20141029,11.59,11.59,11.59,11.59,0
EQU003,20141030,11.59,11.59,11.59,11.59,0
EQU003,20141031,11.59,11.59,11.59,11.59,0
EQU003,20141103,11.60,11.60,11.60,11.60,0
EQU003,20141104,11.60,11.60,11.60,11.60,0
EQU003,20141105,11.60,11.60,11.60,11.60,0
EQU003,20141106,11.61,11.61,11.61,11.61,0
EQU003,20141107,11.61,11.61,11.61,11.61,0
EQU003,20141110,11.61,11.61,11.61,11.61,0
EQU003,20141112,11.61,11.61,11.61,11.61,0
EQU003,20141113,11.60,11.60,11.60,11.60,0
EQU003,20141114,11.60,11.60,11.60,11.60,0
EQU003,20141117,11.61,11.61,11.61,11.61,0
EQU003,20141118,11.60,11.60,11.60,11.60,0
EQU003,20141119,11.61,11.61,11.61,11.61,0
EQU003,20141120,11.60,11.60,11.60,11.60,0
EQU003,20141121,11.61,11.61,11.61,11.61,0
EQU003,20141124,11.62,11.62,11.62,11.62,0
EQU003,20141125,11.62,11.62,11.62,11.62,0
EQU003,20141126,11.62,11.62,11.62,11.62,0
EQU003,20141127,11.61,11.61,11.61,11.61,0
EQU003,20141128,11.62,11.62,11.62,11.62,0
EQU003,20141201,11.62,11.62,11.62,11.62,0
EQU003,20141202,11.62,11.62,11.62,11.62,0
EQU003,20141203,11.62,11.62,11.62,11.62,0
EQU003,20141204,11.62,11.62,11.62,11.62,0
EQU003,20141205,11.60,11.60,11.60,11.60,0
EQU003,20141208,11.60,11.60,11.60,11.60,0
EQU003,20141209,11.60,11.60,11.60,11.60,0
EQU003,20141210,11.61,11.61,11.61,11.61,0
EQU003,20141211,11.61,11.61,11.61,11.61,0
EQU003,20141212,11.61,11.61,11.61,11.61,0
EQU003,20141215,11.61,11.61,11.61,11.61,0
EQU003,20141216,11.61,11.61,11.61,11.61,0
EQU003,20141217,11.60,11.60,11.60,11.60,0
EQU003,20141218,11.61,11.61,11.61,11.61,0
EQU003,20141219,11.61,11.61,11.61,11.61,0
EQU003,20141222,11.62,11.62,11.62,11.62,0
EQU003,20141223,11.63,11.63,11.63,11.63,0
EQU003,20141229,11.64,11.64,11.64,11.64,0
EQU003,20141230,11.64,11.64,11.64,11.64,0
EQU003,20150102,11.64,11.64,11.64,11.64,0
EQU003,20150105,11.64,11.64,11.64,11.64,0
EQU003,20150107,11.65,11.65,11.65,11.65,0
EQU003,20150108,11.65,11.65,11.65,11.65,0
EQU003,20150109,11.66,11.66,11.66,11.66,0
EQU003,20150112,11.65,11.65,11.65,11.65,0
EQU003,20150113,11.65,11.65,11.65,11.65,0
EQU003,20150114,11.64,11.64,11.64,11.64,0
EQU003,20150115,11.65,11.65,11.65,11.65,0
EQU003,20150116,11.64,11.64,11.64,11.64,0
EQU003,20150119,11.65,11.65,11.65,11.65,0
EQU003,20150120,11.67,11.67,11.67,11.67,0
EQU003,20150121,11.67,11.67,11.67,11.67,0
EQU003,20150122,11.67,11.67,11.67,11.67,0
EQU003,20150123,11.67,11.67,11.67,11.67,0
EQU003,20150126,11.67,11.67,11.67,11.67,0
EQU003,20150127,11.67,11.67,11.67,11.67,0
EQU003,20150128,11.67,11.67,11.67,11.67,0
EQU003,20150129,11.68,11.68,11.68,11.68,0
EQU003,20150130,11.68,11.68,11.68,11.68,0
EQU003,20150202,11.70,11.70,11.70,11.70,0
EQU003,20150203,11.68,11.68,11.68,11.68,0
EQU003,20150204,11.67,11.67,11.67,11.67,0
EQU003,20150205,11.65,11.65,11.65,11.65,0
EQU003,20150206,11.67,11.67,11.67,11.67,0
EQU003,20150209,11.68,11.68,11.68,11.68,0
EQU003,20150210,11.68,11.68,11.68,11.68,0
EQU003,20150211,11.69,11.69,11.69,11.69,0
EQU003,20150212,11.71,11.71,11.71,11.71,0
EQU003,20150213,11.70,11.70,11.70,11.70,0
EQU003,20150216,11.70,11.70,11.70,11.70,0
EQU003,20150217,11.70,11.70,11.70,11.70,0
EQU003,20150218,11.70,11.70,11.70,11.70,0
EQU003,20150219,11.71,11.71,11.71,11.71,0
EQU003,20150220,11.70,11.70,11.70,11.70,0
EQU003,20150223,11.73,11.73,11.73,11.73,0
EQU003,20150224,11.74,11.74,11.74,11.74,0
EQU003,20150225,11.73,11.73,11.73,11.73,0
EQU003,20150226,11.75,11.75,11.75,11.75,0
EQU003,20150227,11.74,11.74,11.74,11.74,0
EQU003,20150302,11.72,11.72,11.72,11.72,0
EQU003,20150303,11.72,11.72,11.72,11.72,0
EQU003,20150304,11.72,11.72,11.72,11.72,0
EQU003,20150305,11.71,11.71,11.71,11.71,0
EQU003,20150306,11.73,11.73,11.73,11.73,0
EQU003,20150309,11.73,11.73,11.73,11.73,0
EQU003,20150310,11.71,11.71,11.71,11.71,0
EQU003,20150311,11.70,11.70,11.70,11.70,0
EQU003,20150312,11.71,11.71,11.71,11.71,0
EQU003,20150313,11.72,11.72,11.72,11.72,0
EQU003,20150316,11.72,11.72,11.72,11.72,0
EQU003,20150317,11.72,11.72,11.72,11.72,0
EQU003,20150318,11.71,11.71,11.71,11.71,0
EQU003,20150319,11.70,11.70,11.70,11.70,0
EQU003,20150320,11.72,11.72,11.72,11.72,0
EQU003,20150323,11.72,11.72,11.72,11.72,0
EQU003,20150324,11.71,11.71,11.71,11.71,0
EQU003,20150325,11.71,11.71,11.71,11.71,0
EQU003,20150326,11.72,11.72,11.72,11.72,0
EQU003,20150327,11.74,11.74,11.74,11.74,0
EQU003,20150330,11.74,11.74,11.74,11.74,0
EQU003,20150331,11.76,11.76,11.76,11.76,0
EQU003,20150401,11.76,11.76,11.76,11.76,0
EQU003,20150402,11.76,11.76,11.76,11.76,0
EQU003,20150407,11.76,11.76,11.76,11.76,0
EQU003,20150408,11.76,11.76,11.76,11.76,0
EQU003,20150409,11.76,11.76,11.76,11.76,0
EQU003,20150410,11.77,11.77,11.77,11.77,0
EQU003,20150413,11.78,11.78,11.78,11.78,0
EQU003,20150414,11.79,11.79,11.79,11.79,0
EQU003,20150415,11.80,11.80,11.80,11.80,0
EQU003,20150416,11.80,11.80,11.80,11.80,0
EQU003,20150417,11.80,11.80,11.80,11.80,0
EQU003,20150420,11.79,11.79,11.79,11.79,0
EQU003,20150421,11.79,11.79,11.79,11.79,0
EQU003,20150422,11.77,11.77,11.77,11.77,0
EQU003,20150423,11.75,11.75,11.75,11.75,0
EQU003,20150424,11.75,11.75,11.75,11.75,0
EQU003,20150427,11.75,11.75,11.75,11.75,0
EQU003,20150428,11.78,11.78,11.78,11.78,0
EQU003,20150429,11.78,11.78,11.78,11.78,0
EQU003,20150430,11.75,11.75,11.75,11.75,0
EQU003,20150504,11.75,11.75,11.75,11.75,0
EQU003,20150505,11.76,11.76,11.76,11.76,0
EQU003,20150506,11.76,11.76,11.76,11.76,0
EQU003,20150507,11.77,11.77,11.77,11.77,0
EQU003,20150508,11.77,11.77,11.77,11.77,0
EQU003,20150511,11.75,11.75,11.75,11.75,0
EQU003,20150512,11.74,11.74,11.74,11.74,0
EQU003,20150513,11.75,11.75,11.75,11.75,0
EQU003,20150514,11.75,11.75,11.75,11.75,0
EQU003,20150515,11.75,11.75,11.75,11.75,0
EQU003,20150518,11.77,11.77,11.77,11.77,0
EQU003,20150519,11.76,11.76,11.76,11.76,0
EQU003,20150520,11.77,11.77,11.77,11.77,0
EQU003,20150521,11.78,11.78,11.78,11.78,0
EQU003,20150522,11.78,11.78,11.78,11.78,0
EQU003,20150525,11.79,11.79,11.79,11.79,0
EQU003,20150526,11.79,11.79,11.79,11.79,0
EQU003,20150527,11.80,11.80,11.80,11.80,0
EQU003,20150528,11.80,11.80,11.80,11.80,0
EQU003,20150529,11.81,11.81,11.81,11.81,0
EQU003,20150601,11.81,11.81,11.81,11.81,0
EQU003,20150602,11.80,11.80,11.80,11.80,0
EQU003,20150603,11.81,11.81,11.81,11.81,0
EQU003,20150605,11.82,11.82,11.82,11.82,0
EQU003,20150608,11.80,11.80,11.80,11.80,0
EQU003,20150609,11.78,11.78,11.78,11.78,0
EQU003,20150610,11.76,11.76,11.76,11.76,0
EQU003,20150611,11.77,11.77,11.77,11.77,0
EQU003,20150612,11.78,11.78,11.78,11.78,0
EQU003,20150615,11.79,11.79,11.79,11.79,0
EQU003,20150616,11.79,11.79,11.79,11.79,0
EQU003,20150617,11.79,11.79,11.79,11.79,0
EQU003,20150618,11.79,11.79,11.79,11.79,0
EQU003,20150619,11.78,11.78,11.78,11.78,0
EQU003,20150622,11.78,11.78,11.78,11.78,0
EQU003,20150623,11.77,11.77,11.77,11.77,0
EQU003,20150624,11.77,11.77,11.77,11.77,0
EQU003,20150625,11.71,11.71,11.71,11.71,0
EQU003,20150626,11.72,11.72,11.72,11.72,0
EQU003,20150629,11.73,11.73,11.73,11.73,0
EQU003,20150630,11.72,11.72,11.72,11.72,0
EQU003,20150701,11.61,11.61,11.61,11.61,0
EQU003,20150702,11.59,11.59,11.59,11.59,0
EQU003,20150703,11.61,11.61,11.61,11.61,0
EQU003,20150706,11.61,11.61,11.61,11.61,0
EQU003,20150707,11.60,11.60,11.60,11.60,0
EQU003,20150708,11.59,11.59,11.59,11.59,0
EQU003,20150709,11.59,11.59,11.59,11.59,0
EQU003,20150710,11.58,11.58,11.58,11.58,0
EQU003,20150713,11.54,11.54,11.54,11.54,0
EQU003,20150714,11.54,11.54,11.54,11.54,0
EQU003,20150715,11.58,11.58,11.58,11.58,0
EQU003,20150716,11.57,11.57,11.57,11.57,0
EQU003,20150717,11.59,11.59,11.59,11.59,0
EQU003,20150720,11.60,11.60,11.60,11.60,0
EQU003,20150721,11.59,11.59,11.59,11.59,0
EQU003,20150722,11.59,11.59,11.59,11.59,0
EQU003,20150723,11.59,11.59,11.59,11.59,0
EQU003,20150724,11.60,11.60,11.60,11.60,0
EQU003,20150727,11.61,11.61,11.61,11.61,0
EQU003,20150728,11.61,11.61,11.61,11.61,0
EQU003,20150729,11.61,11.61,11.61,11.61,0
EQU003,20150730,11.62,11.62,11.62,11.62,0
EQU003,20150731,11.60,11.60,11.60,11.60,0
EQU003,20150803,11.60,11.60,11.60,11.60,0
EQU003,20150804,11.59,11.59,11.59,11.59,0
EQU003,20150805,11.59,11.59,11.59,11.59,0
EQU003,20150806,11.58,11.58,11.58,11.58,0
EQU003,20150807,11.60,11.60,11.60,11.60,0
EQU003,20150810,11.61,11.61,11.61,11.61,0
EQU003,20150811,11.60,11.60,11.60,11.60,0
EQU003,20150812,11.62,11.62,11.62,11.62,0
EQU003,20150813,11.61,11.61,11.61,11.61,0
EQU003,20150814,11.62,11.62,11.62,11.62,0
EQU003,20150817,11.64,11.64,11.64,11.64,0
EQU003,20150818,11.63,11.63,11.63,11.63,0
EQU003,20150819,11.62,11.62,11.62,11.62,0
EQU003,20150820,11.61,11.61,11.61,11.61,0
EQU003,20150821,11.62,11.62,11.62,11.62,0
EQU003,20150824,11.60,11.60,11.60,11.60,0
EQU003,20150825,11.61,11.61,11.61,11.61,0
EQU003,20150826,11.61,11.61,11.61,11.61,0
EQU003,20150827,11.61,11.61,11.61,11.61,0
EQU003,20150828,11.61,11.61,11.61,11.61,0
EQU003,20150831,11.62,11.62,11.62,11.62,0
EQU003,20150901,11.59,11.59,11.59,11.59,0
EQU003,20150902,11.55,11.55,11.55,11.55,0
EQU003,20150903,11.57,11.57,11.57,11.57,0
EQU003,20150904,11.57,11.57,11.57,11.57,0
EQU003,20150907,11.54,11.54,11.54,11.54,0
EQU003,20150908,11.54,11.54,11.54,11.54,0
EQU003,20150909,11.54,11.54,11.54,11.54,0
EQU003,20150910,11.58,11.58,11.58,11.58,0
EQU003,20150911,11.58,11.58,11.58,11.58,0
EQU003,20150914,11.58,11.58,11.58,11.58,0
EQU003,20150915,11.57,11.57,11.57,11.57,0
EQU003,20150916,11.57,11.57,11.57,11.57,0
EQU003,20150917,11.59,11.59,11.59,11.59,0
EQU003,20150918,11.58,11.58,11.58,11.58,0
EQU003,20150921,11.49,11.49,11.49,11.49,0
EQU003,20150922,11.43,11.43,11.43,11.43,0
EQU003,20150923,11.48,11.48,11.48,11.48,0
EQU003,20150924,11.44,11.44,11.44,11.44,0
EQU003,20150925,11.48,11.48,11.48,11.48,0
EQU003,20150928,11.47,11.47,11.47,11.47,0
EQU003,20150929,11.47,11.47,11.47,11.47,0
EQU003,20150930,11.46,11.46,11.46,11.46,0
EQU003,20151001,11.46,11.46,11.46,11.46,0
EQU003,20151002,11.46,11.46,11.46,11.46,0
EQU003,20151005,11.47,11.47,11.47,11.47,0
EQU003,20151006,11.47,11.47,11.47,11.47,0
EQU003,20151007,11.48,11.48,11.48,11.48,0
EQU003,20151008,11.50,11.50,11.50,11.50,0
EQU003,20151009,11.51,11.51,11.51,11.51,0
EQU003,20151012,11.52,11.52,11.52,11.52,0
EQU003,20151013,11.52,11.52,11.52,11.52,0
EQU003,20151014,11.53,11.53,11.53,11.53,0
EQU003,20151015,11.53,11.53,11.53,11.53,0
EQU003,20151016,11.53,11.53,11.53,11.53,0
EQU003,20151019,11.54,11.54,11.54,11.54,0
EQU003,20151020,11.55,11.55,11.55,11.55,0
EQU003,20151021,11.55,11.55,11.55,11.55,0
EQU003,20151022,11.55,11.55,11.55,11.55,0
EQU003,20151023,11.56,11.56,11.56,11.56,0
EQU003,20151026,11.57,11.57,11.57,11.57,0
EQU003,20151027,11.57,11.57,11.57,11.57,0
EQU003,20151028,11.58,11.58,11.58,11.58,0
EQU003,20151029,11.58,11.58,11.58,11.58,0
EQU003,20151030,11.58,11.58,11.58,11.58,0
EQU003,20151102,11.60,11.60,11.60,11.60,0
EQU003,20151103,11.60,11.60,11.60,11.60,0
EQU003,20151104,11.61,11.61,11.61,11.61,0
EQU003,20151105,11.63,11.63,11.63,11.63,0
EQU003,20151106,11.63,11.63,11.63,11.63,0
EQU003,20151109,11.64,11.64,11.64,11.64,0
EQU003,20151110,11.65,11.65,11.65,11.65,0
EQU003,20151112,11.65,11.65,11.65,11.65,0
EQU003,20151113,11.65,11.65,11.65,11.65,0
EQU003,20151116,11.66,11.66,11.66,11.66,0
EQU003,20151117,11.67,11.67,11.67,11.67,0
EQU003,20151118,11.67,11.67,11.67,11.67,0
EQU003,20151119,11.67,11.67,11.67,11.67,0
EQU003,20151120,11.67,11.67,11.67,11.67,0
EQU003,20151123,11.66,11.66,11.66,11.66,0
EQU003,20151124,11.65,11.65,11.65,11.65,0
EQU003,20151125,11.64,11.64,11.64,11.64,0
EQU003,20151126,11.64,11.64,11.64,11.64,0
EQU003,20151127,11.64,11.64,11.64,11.64,0
EQU003,20151130,11.65,11.65,11.65,11.65,0
EQU003,20151201,11.64,11.64,11.64,11.64,0
EQU003,20151202,11.64,11.64,11.64,11.64,0
EQU003,20151203,11.65,11.65,11.65,11.65,0
EQU003,20151204,11.65,11.65,11.65,11.65,0
EQU003,20151207,11.66,11.66,11.66,11.66,0
EQU003,20151208,11.66,11.66,11.66,11.66,0
EQU003,20151209,11.66,11.66,11.66,11.66,0
EQU003,20151210,11.66,11.66,11.66,11.66,0
EQU003,20151211,11.66,11.66,11.66,11.66,0
EQU003,20151214,11.67,11.67,11.67,11.67,0
EQU003,20151215,11.67,11.67,11.67,11.67,0
EQU003,20151216,11.68,11.68,11.68,11.68,0
EQU003,20151217,11.68,11.68,11.68,11.68,0
EQU003,20151218,11.68,11.68,11.68,11.68,0
EQU003,20151221,11.69,11.69,11.69,11.69,0
EQU003,20151222,11.69,11.69,11.69,11.69,0
EQU003,20151223,11.70,11.70,11.70,11.70,0
EQU003,20151228,11.71,11.71,11.71,11.71,0
EQU003,20151229,11.71,11.71,11.71,11.71,0
EQU003,20151230,11.73,11.73,11.73,11.73,0
EQU003,20160104,11.74,11.74,11.74,11.74,0
EQU003,20160105,11.74,11.74,11.74,11.74,0
EQU003,20160107,11.75,11.75,11.75,11.75,0
EQU003,20160108,11.75,11.75,11.75,11.75,0
EQU003,20160111,11.76,11.76,11.76,11.76,0
EQU003,20160112,11.75,11.75,11.75,11.75,0
EQU003,20160113,11.75,11.75,11.75,11.75,0
EQU003,20160114,11.75,11.75,11.75,11.75,0
EQU003,20160115,11.75,11.75,11.75,11.75,0
EQU003,20160118,11.76,11.76,11.76,11.76,0
EQU003,20160119,11.76,11.76,11.76,11.76,0
EQU003,20160120,11.76,11.76,11.76,11.76,0
EQU003,20160121,11.76,11.76,11.76,11.76,0
EQU003,20160122,11.76,11.76,11.76,11.76,0
EQU003,20160125,11.78,11.78,11.78,11.78,0
EQU003,20160126,11.78,11.78,11.78,11.78,0
EQU003,20160127,11.78,11.78,11.78,11.78,0
EQU003,20160128,11.78,11.78,11.78,11.78,0
EQU003,20160129,11.78,11.78,11.78,11.78,0
EQU003,20160201,11.80,11.80,11.80,11.80,0
EQU003,20160202,11.80,11.80,11.80,11.80,0
EQU003,20160203,11.79,11.79,11.79,11.79,0
EQU003,20160204,11.79,11.79,11.79,11.79,0
EQU003,20160205,11.79,11.79,11.79,11.79,0
EQU003,20160208,11.79,11.79,11.79,11.79,0
EQU003,20160209,11.79,11.79,11.79,11.79,0
EQU003,20160210,11.79,11.79,11.79,11.79,0
EQU003,20160211,11.79,11.79,11.79,11.79,0
EQU003,20160212,11.79,11.79,11.79,11.79,0
EQU003,20160215,11.79,11.79,11.79,11.79,0
EQU003,20160216,11.79,11.79,11.79,11.79,0
EQU003,20160217,11.79,11.79,11.79,11.79,0
EQU003,20160218,11.80,11.80,11.80,11.80,0
EQU003,20160219,11.80,11.80,11.80,11.80,0
EQU003,20160222,11.79,11.79,11.79,11.79,0
EQU003,20160223,11.79,11.79,11.79,11.79,0
EQU003,20160224,11.79,11.79,11.79,11.79,0
EQU003,20160225,11.80,11.80,11.80,11.80,0
EQU003,20160226,11.80,11.80,11.80,11.80,0
EQU003,20160229,11.79,11.79,11.79,11.79,0
EQU003,20160301,11.80,11.80,11.80,11.80,0
EQU003,20160302,11.80,11.80,11.80,11.80,0
EQU003,20160303,11.79,11.79,11.79,11.79,0
EQU003,20160304,11.80,11.80,11.80,11.80,0
EQU003,20160307,11.81,11.81,11.81,11.81,0
EQU003,20160308,11.81,11.81,11.81,11.81,0
EQU003,20160309,11.81,11.81,11.81,11.81,0
EQU003,20160310,11.81,11.81,11.81,11.81,0
EQU003,20160311,11.81,11.81,11.81,11.81,0
EQU003,20160314,11.81,11.81,11.81,11.81,0
EQU003,20160315,11.81,11.81,11.81,11.81,0
EQU003,20160316,11.81,11.81,11.81,11.81,0
EQU003,20160317,11.80,11.80,11.80,11.80,0
EQU003,20160318,11.81,11.81,11.81,11.81,0
EQU003,20160321,11.81,11.81,11.81,11.81,0
EQU003,20160322,11.82,11.82,11.82,11.82,0
EQU003,20160323,11.82,11.82,11.82,11.82,0
EQU003,20160324,11.83,11.83,11.83,11.83,0
EQU003,20160329,11.82,11.82,11.82,11.82,0
EQU003,20160330,11.82,11.82,11.82,11.82,0
EQU003,20160331,11.82,11.82,11.82,11.82,0
EQU003,20160401,11.82,11.82,11.82,11.82,0
EQU003,20160404,11.76,11.76,11.76,11.76,0
EQU003,20160405,11.77,11.77,11.77,11.77,0
EQU003,20160406,11.77,11.77,11.77,11.77,0
EQU003,20160407,11.77,11.77,11.77,11.77,0
EQU003,20160408,11.77,11.77,11.77,11.77,0
EQU003,20160411,11.78,11.78,11.78,11.78,0
EQU003,20160412,11.78,11.78,11.78,11.78,0
EQU003,20160413,11.79,11.79,11.79,11.79,0
EQU003,20160414,11.80,11.80,11.80,11.80,0
EQU003,20160415,11.80,11.80,11.80,11.80,0
EQU003,20160418,11.81,11.81,11.81,11.81,0
EQU003,20160419,11.81,11.81,11.81,11.81,0
EQU003,20160420,11.81,11.81,11.81,11.81,0
EQU003,20160421,11.82,11.82,11.82,11.82,0
EQU003,20160422,11.82,11.82,11.82,11.82,0
EQU003,20160425,11.83,11.83,11.83,11.83,0
EQU003,20160426,11.83,11.83,11.83,11.83,0
EQU003,20160427,11.83,11.83,11.83,11.83,0
EQU003,20160428,11.84,11.84,11.84,11.84,0
EQU003,20160429,11.84,11.84,11.84,11.84,0
EQU003,20160502,11.85,11.85,11.85,11.85,0
EQU003,20160504,11.86,11.86,11.86,11.86,0
EQU003,20160505,11.86,11.86,11.86,11.86,0
EQU003,20160506,11.86,11.86,11.86,11.86,0
EQU003,20160509,11.87,11.87,11.87,11.87,0
EQU003,20160510,11.88,11.88,11.88,11.88,0
EQU003,20160511,11.88,11.88,11.88,11.88,0
EQU003,20160512,11.88,11.88,11.88,11.88,0
EQU003,20160513,11.88,11.88,11.88,11.88,0
EQU003,20160516,11.89,11.89,11.89,11.89,0
EQU003,20160517,11.89,11.89,11.89,11.89,0
EQU003,20160518,11.89,11.89,11.89,11.89,0
EQU003,20160519,11.89,11.89,11.89,11.89,0
EQU003,20160520,11.89,11.89,11.89,11.89,0
EQU003,20160523,11.90,11.90,11.90,11.90,0
EQU003,20160524,11.90,11.90,11.90,11.90,0
EQU003,20160525,11.90,11.90,11.90,11.90,0
EQU003,20160527,11.91,11.91,11.91,11.91,0
EQU003,20160530,11.91,11.91,11.91,11.91,0
EQU003,20160531,11.91,11.91,11.91,11.91,0
EQU003,20160601,11.91,11.91,11.91,11.91,0
EQU003,20160602,11.91,11.91,11.91,11.91,0
EQU003,20160603,11.91,11.91,11.91,11.91,0
EQU003,20160606,11.91,11.91,11.91,11.91,0
EQU003,20160607,11.91,11.91,11.91,11.91,0
EQU003,20160608,11.91,11.91,11.91,11.91,0
EQU003,20160609,11.91,11.91,11.91,11.91,0
EQU003,20160610,11.91,11.91,11.91,11.91,0
EQU003,20160613,11.91,11.91,11.91,11.91,0
EQU003,20160614,11.91,11.91,11.91,11.91,0
EQU003,20160615,11.91,11.91,11.91,11.91,0
EQU003,20160616,11.91,11.91,11.91,11.91,0
EQU003,20160617,11.91,11.91,11.91,11.91,0
EQU003,20160620,11.91,11.91,11.91,11.91,0
EQU003,20160621,11.91,11.91,11.91,11.91,0
EQU003,20160622,11.91,11.91,11.91,11.91,0
EQU003,20160623,11.91,11.91,11.91,11.91,0
EQU003,20160624,11.91,11.91,11.91,11.91,0
EQU003,20160627,11.92,11.92,11.92,11.92,0
EQU003,20160628,11.92,11.92,11.92,11.92,0
EQU003,20160629,11.92,11.92,11.92,11.92,0
EQU003,20160630,11.94,11.94,11.94,11.94,0
EQU003,20160701,11.94,11.94,11.94,11.94,0
EQU003,20160704,11.94,11.94,11.94,11.94,0
EQU003,20160705,11.94,11.94,11.94,11.94,0
EQU003,20160706,11.95,11.95,11.95,11.95,0
EQU003,20160707,11.95,11.95,11.95,11.95,0
EQU003,20160708,11.95,11.95,11.95,11.95,0
EQU003,20160711,11.95,11.95,11.95,11.95,0
EQU003,20160712,11.95,11.95,11.95,11.95,0
EQU003,20160713,11.95,11.95,11.95,11.95,0
EQU003,20160714,11.95,11.95,11.95,11.95,0
EQU003,20160715,11.96,11.96,11.96,11.96,0
EQU003,20160718,11.96,11.96,11.96,11.96,0
EQU003,20160719,11.96,11.96,11.96,11.96,0
EQU003,20160720,11.96,11.96,11.96,11.96,0
EQU003,20160721,11.97,11.97,11.97,11.97,0
EQU003,20160722,11.97,11.97,11.97,11.97,0
EQU003,20160725,11.97,11.97,11.97,11.97,0
EQU003,20160726,11.97,11.97,11.97,11.97,0
EQU003,20160727,11.97,11.97,11.97,11.97,0
EQU003,20160728,11.97,11.97,11.97,11.97,0
EQU003,20160729,11.97,11.97,11.97,11.97,0
EQU003,20160801,11.98,11.98,11.98,11.98,0
EQU003,20160802,11.97,11.97,11.97,11.97,0
EQU003,20160803,11.97,11.97,11.97,11.97,0
EQU003,20160804,11.96,11.96,11.96,11.96,0
EQU003,20160805,11.97,11.97,11.97,11.97,0
EQU003,20160808,11.97,11.97,11.97,11.97,0
EQU003,20160809,11.97,11.97,11.97,11.97,0
EQU003,20160810,11.98,11.98,11.98,11.98,0
EQU003,20160811,11.99,11.99,11.99,11.99,0
EQU003,20160812,11.99,11.99,11.99,11.99,0
EQU003,20160816,12.00,12.00,12.00,12.00,0
EQU003,20160817,12.00,12.00,12.00,12.00,0
EQU003,20160818,12.00,12.00,12.00,12.00,0
EQU003,20160819,12.00,12.00,12.00,12.00,0
EQU003,20160822,12.00,12.00,12.00,12.00,0
EQU003,20160823,12.00,12.00,12.00,12.00,0
EQU003,20160824,12.00,12.00,12.00,12.00,0
EQU003,20160825,12.01,12.01,12.01,12.01,0
EQU003,20160826,12.01,12.01,12.01,12.01,0
EQU003,20160829,12.01,12.01,12.01,12.01,0
EQU003,20160830,12.01,12.01,12.01,12.01,0
EQU003,20160831,12.01,12.01,12.01,12.01,0
EQU003,20160901,12.02,12.02,12.02,12.02,0
EQU003,20160902,12.02,12.02,12.02,12.02,0
EQU003,20160905,12.02,12.02,12.02,12.02,0
EQU003,20160906,12.02,12.02,12.02,12.02,0
EQU003,20160907,12.02,12.02,12.02,12.02,0
EQU003,20160908,12.02,12.02,12.02,12.02,0
EQU003,20160909,12.02,12.02,12.02,12.02,0
EQU003,20160912,12.03,12.03,12.03,12.03,0
EQU003,20160913,12.03,12.03,12.03,12.03,0
EQU003,20160914,12.03,12.03,12.03,12.03,0
EQU003,20160915,12.03,12.03,12.03,12.03,0
EQU003,20160916,12.03,12.03,12.03,12.03,0
EQU003,20160919,12.03,12.03,12.03,12.03,0
EQU003,20160920,12.03,12.03,12.03,12.03,0
EQU003,20160921,12.03,12.03,12.03,12.03,0
EQU003,20160922,12.03,12.03,12.03,12.03,0
EQU003,20160923,12.03,12.03,12.03,12.03,0
EQU003,20160926,12.03,12.03,12.03,12.03,0
EQU003,20160927,12.03,12.03,12.03,12.03,0
EQU003,20160928,12.03,12.03,12.03,12.03,0
EQU003,20160929,12.03,12.03,12.03,12.03,0
EQU003,20160930,12.04,12.04,12.04,12.04,0
EQU003,20161003,12.04,12.04,12.04,12.04,0
EQU003,20161004,12.04,12.04,12.04,12.04,0
EQU003,20161005,12.04,12.04,12.04,12.04,0
EQU003,20161006,12.04,12.04,12.04,12.04,0
EQU003,20161007,12.04,12.04,12.04,12.04,0
EQU003,20161010,12.05,12.05,12.05,12.05,0
EQU003,20161011,12.05,12.05,12.05,12.05,0
EQU003,20161012,12.05,12.05,12.05,12.05,0
EQU003,20161013,12.05,12.05,12.05,12.05,0
EQU003,20161014,12.05,12.05,12.05,12.05,0
EQU003,20161017,12.05,12.05,12.05,12.05,0
EQU003,20161018,12.05,12.05,12.05,12.05,0
EQU003,20161019,12.05,12.05,12.05,12.05,0
EQU003,20161020,12.06,12.06,12.06,12.06,0
EQU003,20161021,12.06,12.06,12.06,12.06,0
EQU003,20161024,12.06,12.06,12.06,12.06,0
EQU003,20161025,12.06,12.06,12.06,12.06,0
EQU003,20161026,12.06,12.06,12.06,12.06,0
EQU003,20161027,12.07,12.07,12.07,12.07,0
EQU003,20161028,12.07,12.07,12.07,12.07,0
EQU003,20161031,12.07,12.07,12.07,12.07,0
EQU003,20161102,12.07,12.07,12.07,12.07,0
EQU003,20161103,12.06,12.06,12.06,12.06,0
EQU003,20161104,12.07,12.07,12.07,12.07,0
EQU003,20161107,12.07,12.07,12.07,12.07,0
EQU003,20161108,12.07,12.07,12.07,12.07,0
EQU003,20161109,12.07,12.07,12.07,12.07,0
EQU003,20161110,12.06,12.06,12.06,12.06,0
EQU003,20161114,12.01,12.01,12.01,12.01,0
EQU003,20161115,12.02,12.02,12.02,12.02,0
EQU003,20161116,12.00,12.00,12.00,12.00,0
EQU003,20161117,11.99,11.99,11.99,11.99,0
EQU003,20161118,11.94,11.94,11.94,11.94,0
EQU003,20161121,11.96,11.96,11.96,11.96,0
EQU003,20161122,11.97,11.97,11.97,11.97,0
EQU003,20161123,11.95,11.95,11.95,11.95,0
EQU003,20161124,11.96,11.96,11.96,11.96,0
EQU003,20161125,11.96,11.96,11.96,11.96,0
EQU003,20161128,11.99,11.99,11.99,11.99,0
EQU003,20161129,11.97,11.97,11.97,11.97,0
EQU003,20161130,11.95,11.95,11.95,11.95,0
EQU003,20161201,11.93,11.93,11.93,11.93,0
EQU003,20161202,11.91,11.91,11.91,11.91,0
EQU003,20161205,11.92,11.92,11.92,11.92,0
EQU003,20161206,11.96,11.96,11.96,11.96,0
EQU003,20161207,11.99,11.99,11.99,11.99,0
EQU003,20161208,11.97,11.97,11.97,11.97,0
EQU003,20161209,11.97,11.97,11.97,11.97,0
EQU003,20161212,11.96,11.96,11.96,11.96,0
EQU003,20161213,11.99,11.99,11.99,11.99,0
EQU003,20161214,12.02,12.02,12.02,12.02,0
EQU003,20161215,12.00,12.00,12.00,12.00,0
EQU003,20161216,12.02,12.02,12.02,12.02,0
EQU003,20161219,12.04,12.04,12.04,12.04,0
EQU003,20161220,12.03,12.03,12.03,12.03,0
EQU003,20161221,12.04,12.04,12.04,12.04,0
EQU003,20161222,12.03,12.03,12.03,12.03,0
EQU003,20161223,12.04,12.04,12.04,12.04,0
EQU003,20161227,12.03,12.03,12.03,12.03,0
EQU003,20161228,12.02,12.02,12.02,12.02,0
EQU003,20161229,12.01,12.01,12.01,12.01,0
EQU003,20161230,11.97,11.97,11.97,11.97,0
EQU003,20170102,11.96,11.96,11.96,11.96,0
EQU003,20170103,11.95,11.95,11.95,11.95,0
EQU003,20170104,11.95,11.95,11.95,11.95,0
EQU003,20170105,11.96,11.96,11.96,11.96,0
EQU003,20170109,11.96,11.96,11.96,11.96,0
EQU003,20170110,12.00,12.00,12.00,12.00,0
EQU003,20170111,12.01,12.01,12.01,12.01,0
EQU003,20170112,12.00,12.00,12.00,12.00,0
EQU003,20170113,11.98,11.98,11.98,11.98,0
EQU003,20170116,11.99,11.99,11.99,11.99,0
EQU003,20170117,11.99,11.99,11.99,11.99,0
EQU003,20170118,11.99,11.99,11.99,11.99,0
EQU003,20170119,11.97,11.97,11.97,11.97,0
EQU003,20170120,11.96,11.96,11.96,11.96,0
EQU003,20170123,11.97,11.97,11.97,11.97,0
EQU003,20170124,11.97,11.97,11.97,11.97,0
EQU003,20170125,11.97,11.97,11.97,11.97,0
EQU003,20170126,11.93,11.93,11.93,11.93,0
EQU003,20170127,11.94,11.94,11.94,11.94,0
EQU003,20170130,11.95,11.95,11.95,11.95,0
EQU003,20170131,11.96,11.96,11.96,11.96,0
EQU003,20170201,11.96,11.96,11.96,11.96,0
EQU003,20170202,11.98,11.98,11.98,11.98,0
EQU003,20170203,11.99,11.99,11.99,11.99,0
EQU003,20170206,12.00,12.00,12.00,12.00,0
EQU003,20170207,11.99,11.99,11.99,11.99,0
EQU003,20170208,12.00,12.00,12.00,12.00,0
EQU003,20170209,12.00,12.00,12.00,12.00,0
EQU003,20170210,11.98,11.98,11.98,11.98,0
EQU003,20170213,11.97,11.97,11.97,11.97,0
EQU003,20170214,11.98,11.98,11.98,11.98,0
EQU003,20170215,11.97,11.97,11.97,11.97,0
EQU003,20170216,11.98,11.98,11.98,11.98,0
EQU003,20170217,11.98,11.98,11.98,11.98,0
EQU003,20170220,11.99,11.99,11.99,11.99,0
EQU003,20170221,11.98,11.98,11.98,11.98,0
EQU003,20170222,11.97,11.97,11.97,11.97,0
EQU003,20170223,11.99,11.99,11.99,11.99,0
EQU003,20170224,11.99,11.99,11.99,11.99,0
EQU003,20170227,12.00,12.00,12.00,12.00,0
EQU003,20170228,12.00,12.00,12.00,12.00,0
EQU003,20170301,12.00,12.00,12.00,12.00,0
EQU003,20170302,12.02,12.02,12.02,12.02,0
EQU003,20170303,12.03,12.03,12.03,12.03,0
EQU003,20170306,12.04,12.04,12.04,12.04,0
EQU003,20170307,12.04,12.04,12.04,12.04,0
EQU003,20170308,12.03,12.03,12.03,12.03,0
EQU003,20170309,12.04,12.04,12.04,12.04,0
EQU003,20170310,12.03,12.03,12.03,12.03,0
EQU003,20170313,12.04,12.04,12.04,12.04,0
EQU003,20170314,12.03,12.03,12.03,12.03,0
EQU003,20170315,12.03,12.03,12.03,12.03,0
EQU003,20170316,12.04,12.04,12.04,12.04,0
EQU003,20170317,12.04,12.04,12.04,12.04,0
EQU003,20170320,12.04,12.04,12.04,12.04,0
EQU003,20170321,12.05,12.05,12.05,12.05,0
EQU003,20170322,12.08,12.08,12.08,12.08,0
EQU003,20170323,12.08,12.08,12.08,12.08,0
EQU003,20170324,12.09,12.09,12.09,12.09,0
EQU003,20170327,12.10,12.10,12.10,12.10,0
EQU003,20170328,12.10,12.10,12.10,12.10,0
EQU003,20170329,12.09,12.09,12.09,12.09,0
EQU003,20170330,12.10,12.10,12.10,12.10,0
EQU003,20170331,12.11,12.11,12.11,12.11,0
EQU003,20170403,12.12,12.12,12.12,12.12,0
EQU003,20170404,12.12,12.12,12.12,12.12,0
EQU003,20170405,12.12,12.12,12.12,12.12,0
EQU003,20170406,12.12,12.12,12.12,12.12,0
EQU003,20170407,12.12,12.12,12.12,12.12,0
EQU003,20170410,12.12,12.12,12.12,12.12,0
EQU003,20170411,12.13,12.13,12.13,12.13,0
EQU003,20170412,12.13,12.13,12.13,12.13,0
EQU003,20170413,12.15,12.15,12.15,12.15,0
EQU003,20170418,12.16,12.16,12.16,12.16,0
EQU003,20170419,12.16,12.16,12.16,12.16,0
EQU003,20170420,12.14,12.14,12.14,12.14,0
EQU003,20170421,12.14,12.14,12.14,12.14,0
EQU003,20170424,12.15,12.15,12.15,12.15,0
EQU003,20170425,12.14,12.14,12.14,12.14,0
EQU003,20170426,12.14,12.14,12.14,12.14,0
EQU003,20170427,12.15,12.15,12.15,12.15,0
EQU003,20170428,12.14,12.14,12.14,12.14,0
EQU003,20170502,12.14,12.14,12.14,12.14,0
EQU003,20170504,12.14,12.14,12.14,12.14,0
EQU003,20170505,12.14,12.14,12.14,12.14,0
EQU003,20170508,12.15,12.15,12.15,12.15,0
EQU003,20170509,12.15,12.15,12.15,12.15,0
EQU003,20170510,12.16,12.16,12.16,12.16,0
EQU003,20170511,12.17,12.17,12.17,12.17,0
EQU003,20170512,12.18,12.18,12.18,12.18,0
EQU003,20170515,12.18,12.18,12.18,12.18,0
EQU003,20170516,12.18,12.18,12.18,12.18,0
EQU003,20170517,12.18,12.18,12.18,12.18,0
EQU003,20170518,12.18,12.18,12.18,12.18,0
EQU003,20170519,12.18,12.18,12.18,12.18,0
EQU003,20170522,12.19,12.19,12.19,12.19,0
EQU003,20170523,12.19,12.19,12.19,12.19,0
EQU003,20170524,12.19,12.19,12.19,12.19,0
EQU003,20170525,12.19,12.19,12.19,12.19,0
EQU003,20170526,12.21,12.21,12.21,12.21,0
EQU003,20170529,12.21,12.21,12.21,12.21,0
EQU003,20170530,12.21,12.21,12.21,12.21,0
EQU003,20170531,12.21,12.21,12.21,12.21,0
EQU003,20170601,12.21,12.21,12.21,12.21,0
EQU003,20170602,12.23,12.23,12.23,12.23,0
EQU003,20170605,12.23,12.23,12.23,12.23,0
EQU003,20170606,12.23,12.23,12.23,12.23,0
EQU003,20170607,12.23,12.23,12.23,12.23,0
EQU003,20170608,12.23,12.23,12.23,12.23,0
EQU003,20170609,12.23,12.23,12.23,12.23,0
EQU003,20170612,12.24,12.24,12.24,12.24,0
EQU003,20170613,12.24,12.24,12.24,12.24,0
EQU003,20170614,12.24,12.24,12.24,12.24,0
EQU003,20170616,12.24,12.24,12.24,12.24,0
EQU003,20170619,12.24,12.24,12.24,12.24,0
EQU003,20170620,12.24,12.24,12.24,12.24,0
EQU003,20170621,12.24,12.24,12.24,12.24,0
EQU003,20170622,12.24,12.24,12.24,12.24,0
EQU003,20170623,12.23,12.23,12.23,12.23,0
EQU003,20170626,12.24,12.24,12.24,12.24,0
EQU003,20170627,12.23,12.23,12.23,12.23,0
EQU003,20170628,12.22,12.22,12.22,12.22,0
EQU003,20170629,12.21,12.21,12.21,12.21,0
EQU003,20170630,12.22,12.22,12.22,12.22,0
EQU003,20170703,12.23,12.23,12.23,12.23,0
EQU003,20170704,12.23,12.23,12.23,12.23,0
EQU003,20170705,12.23,12.23,12.23,12.23,0
EQU003,20170706,12.21,12.21,12.21,12.21,0
EQU003,20170707,12.21,12.21,12.21,12.21,0
EQU003,20170710,12.22,12.22,12.22,12.22,0
EQU003,20170711,12.22,12.22,12.22,12.22,0
EQU003,20170712,12.23,12.23,12.23,12.23,0
EQU003,20170713,12.23,12.23,12.23,12.23,0
EQU003,20170714,12.24,12.24,12.24,12.24,0
EQU003,20170717,12.24,12.24,12.24,12.24,0
EQU003,20170718,12.25,12.25,12.25,12.25,0
EQU003,20170719,12.24,12.24,12.24,12.24,0
EQU003,20170720,12.24,12.24,12.24,12.24,0
EQU003,20170721,12.25,12.25,12.25,12.25,0
EQU003,20170724,12.25,12.25,12.25,12.25,0
EQU003,20170725,12.24,12.24,12.24,12.24,0
EQU003,20170726,12.24,12.24,12.24,12.24,0
EQU003,20170727,12.24,12.24,12.24,12.24,0
EQU003,20170728,12.24,12.24,12.24,12.24,0
EQU003,20170731,12.23,12.23,12.23,12.23,0
EQU003,20170801,12.23,12.23,12.23,12.23,0
EQU003,20170802,12.24,12.24,12.24,12.24,0
EQU003,20170803,12.24,12.24,12.24,12.24,0
EQU003,20170804,12.23,12.23,12.23,12.23,0
EQU003,20170807,12.24,12.24,12.24,12.24,0
EQU003,20170808,12.24,12.24,12.24,12.24,0
EQU003,20170809,12.24,12.24,12.24,12.24,0
EQU003,20170810,12.23,12.23,12.23,12.23,0
EQU003,20170811,12.22,12.22,12.22,12.22,0
EQU003,20170814,12.23,12.23,12.23,12.23,0
EQU003,20170816,12.23,12.23,12.23,12.23,0
EQU003,20170817,12.24,12.24,12.24,12.24,0
EQU003,20170818,12.25,12.25,12.25,12.25,0
EQU003,20170821,12.26,12.26,12.26,12.26,0
EQU003,20170822,12.25,12.25,12.25,12.25,0
EQU003,20170823,12.25,12.25,12.25,12.25,0
EQU003,20170824,12.26,12.26,12.26,12.26,0
EQU003,20170825,12.26,12.26,12.26,12.26,0
EQU003,20170828,12.26,12.26,12.26,12.26,0
EQU003,20170829,12.27,12.27,12.27,12.27,0
EQU003,20170830,12.26,12.26,12.26,12.26,0
EQU003,20170831,12.26,12.26,12.26,12.26,0
EQU003,20170901,12.26,12.26,12.26,12.26,0
EQU003,20170904,12.27,12.27,12.27,12.27,0
EQU003,20170905,12.28,12.28,12.28,12.28,0
EQU003,20170906,12.30,12.30,12.30,12.30,0
EQU003,20170907,12.31,12.31,12.31,12.31,0
EQU003,20170908,12.30,12.30,12.30,12.30,0
EQU003,20170911,12.30,12.30,12.30,12.30,0
EQU003,20170912,12.30,12.30,12.30,12.30,0
EQU003,20170913,12.29,12.29,12.29,12.29,0
EQU003,20170914,12.29,12.29,12.29,12.29,0
EQU003,20170915,12.29,12.29,12.29,12.29,0
EQU003,20170918,12.29,12.29,12.29,12.29,0
EQU003,20170919,12.26,12.26,12.26,12.26,0
EQU003,20170920,12.27,12.27,12.27,12.27,0
EQU003,20170921,12.26,12.26,12.26,12.26,0
