Name,Date,Open,High,Low,Close,Volume
EQU004,20120419,10.00,10.00,10.00,10.00,0
EQU004,20120511,10.00,10.00,10.00,10.00,0
EQU004,20120514,10.00,10.00,10.00,10.00,0
EQU004,20120515,10.00,10.00,10.00,10.00,0
EQU004,20120516,10.00,10.00,10.00,10.00,0
EQU004,20120517,10.02,10.02,10.02,10.02,0
EQU004,20120518,10.02,10.02,10.02,10.02,0
EQU004,20120521,10.02,10.02,10.02,10.02,0
EQU004,20120522,10.02,10.02,10.02,10.02,0
EQU004,20120523,10.02,10.02,10.02,10.02,0
EQU004,20120524,10.02,10.02,10.02,10.02,0
EQU004,20120525,10.02,10.02,10.02,10.02,0
EQU004,20120528,10.02,10.02,10.02,10.02,0
EQU004,20120529,10.03,10.03,10.03,10.03,0
EQU004,20120530,10.03,10.03,10.03,10.03,0
EQU004,20120531,10.03,10.03,10.03,10.03,0
EQU004,20120604,10.03,10.03,10.03,10.03,0
EQU004,20120605,10.03,10.03,10.03,10.03,0
EQU004,20120606,10.03,10.03,10.03,10.03,0
EQU004,20120608,10.03,10.03,10.03,10.03,0
EQU004,20120611,10.03,10.03,10.03,10.03,0
EQU004,20120612,10.04,10.04,10.04,10.04,0
EQU004,20120613,10.04,10.04,10.04,10.04,0
EQU004,20120614,10.04,10.04,10.04,10.04,0
EQU004,20120615,10.04,10.04,10.04,10.04,0
EQU004,20120618,10.04,10.04,10.04,10.04,0
EQU004,20120619,10.04,10.04,10.04,10.04,0
EQU004,20120620,10.05,10.05,10.05,10.05,0
EQU004,20120621,10.05,10.05,10.05,10.05,0
EQU004,20120622,10.05,10.05,10.05,10.05,0
EQU004,20120625,10.06,10.06,10.06,10.06,0
EQU004,20120626,10.06,10.06,10.06,10.06,0
EQU004,20120627,10.06,10.06,10.06,10.06,0
EQU004,20120628,10.06,10.06,10.06,10.06,0
EQU004,20120629,10.06,10.06,10.06,10.06,0
EQU004,20120702,10.06,10.06,10.06,10.06,0
EQU004,20120703,10.07,10.07,10.07,10.07,0
EQU004,20120704,10.07,10.07,10.07,10.07,0
EQU004,20120705,10.07,10.07,10.07,10.07,0
EQU004,20120706,10.07,10.07,10.07,10.07,0
EQU004,20120709,10.07,10.07,10.07,10.07,0
EQU004,20120710,10.07,10.07,10.07,10.07,0
EQU004,20120711,10.08,10.08,10.08,10.08,0
EQU004,20120712,10.08,10.08,10.08,10.08,0
EQU004,20120713,10.08,10.08,10.08,10.08,0
EQU004,20120716,10.09,10.09,10.09,10.09,0
EQU004,20120717,10.09,10.09,10.09,10.09,0
EQU004,20120718,10.09,10.09,10.09,10.09,0
EQU004,20120719,10.10,10.10,10.10,10.10,0
EQU004,20120720,10.09,10.09,10.09,10.09,0
EQU004,20120723,10.10,10.10,10.10,10.10,0
EQU004,20120724,10.10,10.10,10.10,10.10,0
EQU004,20120725,10.10,10.10,10.10,10.10,0
EQU004,20120726,10.10,10.10,10.10,10.10,0
EQU004,20120727,10.10,10.10,10.10,10.10,0
EQU004,20120730,10.10,10.10,10.10,10.10,0
EQU004,20120731,10.10,10.10,10.10,10.10,0
EQU004,20120801,10.10,10.10,10.10,10.10,0
EQU004,20120802,10.11,10.11,10.11,10.11,0
EQU004,20120803,10.11,10.11,10.11,10.11,0
EQU004,20120806,10.11,10.11,10.11,10.11,0
EQU004,20120807,10.11,10.11,10.11,10.11,0
EQU004,20120808,10.12,10.12,10.12,10.12,0
EQU004,20120809,10.12,10.12,10.12,10.12,0
EQU004,20120810,10.12,10.12,10.12,10.12,0
EQU004,20120813,10.13,10.13,10.13,10.13,0
EQU004,20120814,10.13,10.13,10.13,10.13,0
EQU004,20120816,10.14,10.14,10.14,10.14,0
EQU004,20120817,10.13,10.13,10.13,10.13,0
EQU004,20120820,10.14,10.14,10.14,10.14,0
EQU004,20120821,10.14,10.14,10.14,10.14,0
EQU004,20120822,10.14,10.14,10.14,10.14,0
EQU004,20120823,10.14,10.14,10.14,10.14,0
EQU004,20120824,10.15,10.15,10.15,10.15,0
EQU004,20120827,10.15,10.15,10.15,10.15,0
EQU004,20120828,10.15,10.15,10.15,10.15,0
EQU004,20120829,10.15,10.15,10.15,10.15,0
EQU004,20120830,10.15,10.15,10.15,10.15,0
EQU004,20120831,10.15,10.15,10.15,10.15,0
EQU004,20120903,10.15,10.15,10.15,10.15,0
EQU004,20120904,10.16,10.16,10.16,10.16,0
EQU004,20120905,10.16,10.16,10.16,10.16,0
EQU004,20120906,10.16,10.16,10.16,10.16,0
EQU004,20120907,10.16,10.16,10.16,10.16,0
EQU004,20120910,10.17,10.17,10.17,10.17,0
EQU004,20120911,10.17,10.17,10.17,10.17,0
EQU004,20120912,10.17,10.17,10.17,10.17,0
EQU004,20120913,10.17,10.17,10.17,10.17,0
EQU004,20120914,10.17,10.17,10.17,10.17,0
EQU004,20120917,10.17,10.17,10.17,10.17,0
EQU004,20120918,10.17,10.17,10.17,10.17,0
EQU004,20120919,10.18,10.18,10.18,10.18,0
EQU004,20120920,10.18,10.18,10.18,10.18,0
EQU004,20120921,10.18,10.18,10.18,10.18,0
EQU004,20120924,10.18,10.18,10.18,10.18,0
EQU004,20120925,10.19,10.19,10.19,10.19,0
EQU004,20120926,10.19,10.19,10.19,10.19,0
EQU004,20120927,10.19,10.19,10.19,10.19,0
EQU004,20120928,10.19,10.19,10.19,10.19,0
EQU004,20121001,10.20,10.20,10.20,10.20,0
EQU004,20121002,10.19,10.19,10.19,10.19,0
EQU004,20121003,10.20,10.20,10.20,10.20,0
EQU004,20121004,10.20,10.20,10.20,10.20,0
EQU004,20121005,10.20,10.20,10.20,10.20,0
EQU004,20121008,10.21,10.21,10.21,10.21,0
EQU004,20121009,10.21,10.21,10.21,10.21,0
EQU004,20121010,10.22,10.22,10.22,10.22,0
EQU004,20121011,10.22,10.22,10.22,10.22,0
EQU004,20121012,10.22,10.22,10.22,10.22,0
EQU004,20121015,10.22,10.22,10.22,10.22,0
EQU004,20121016,10.22,10.22,10.22,10.22,0
EQU004,20121017,10.22,10.22,10.22,10.22,0
EQU004,20121018,10.23,10.23,10.23,10.23,0
EQU004,20121019,10.23,10.23,10.23,10.23,0
EQU004,20121022,10.24,10.24,10.24,10.24,0
EQU004,20121023,10.24,10.24,10.24,10.24,0
EQU004,20121024,10.23,10.23,10.23,10.23,0
EQU004,20121025,10.24,10.24,10.24,10.24,0
EQU004,20121026,10.24,10.24,10.24,10.24,0
EQU004,20121029,10.24,10.24,10.24,10.24,0
EQU004,20121030,10.25,10.25,10.25,10.25,0
EQU004,20121031,10.25,10.25,10.25,10.25,0
EQU004,20121102,10.25,10.25,10.25,10.25,0
EQU004,20121105,10.26,10.26,10.26,10.26,0
EQU004,20121106,10.26,10.26,10.26,10.26,0
EQU004,20121107,10.26,10.26,10.26,10.26,0
EQU004,20121108,10.26,10.26,10.26,10.26,0
EQU004,20121109,10.27,10.27,10.27,10.27,0
EQU004,20121112,10.27,10.27,10.27,10.27,0
EQU004,20121113,10.27,10.27,10.27,10.27,0
EQU004,20121114,10.27,10.27,10.27,10.27,0
EQU004,20121115,10.27,10.27,10.27,10.27,0
EQU004,20121116,10.28,10.28,10.28,10.28,0
EQU004,20121119,10.29,10.29,10.29,10.29,0
EQU004,20121120,10.28,10.28,10.28,10.28,0
EQU004,20121121,10.29,10.29,10.29,10.29,0
EQU004,20121122,10.29,10.29,10.29,10.29,0
EQU004,20121123,10.29,10.29,10.29,10.29,0
EQU004,20121126,10.29,10.29,10.29,10.29,0
EQU004,20121127,10.29,10.29,10.29,10.29,0
EQU004,20121128,10.29,10.29,10.29,10.29,0
EQU004,20121129,10.29,10.29,10.29,10.29,0
EQU004,20121130,10.29,10.29,10.29,10.29,0
EQU004,20121203,10.31,10.31,10.31,10.31,0
EQU004,20121204,10.31,10.31,10.31,10.31,0
EQU004,20121205,10.30,10.30,10.30,10.30,0
EQU004,20121206,10.31,10.31,10.31,10.31,0
EQU004,20121207,10.31,10.31,10.31,10.31,0
EQU004,20121210,10.32,10.32,10.32,10.32,0
EQU004,20121211,10.33,10.33,10.33,10.33,0
EQU004,20121212,10.33,10.33,10.33,10.33,0
EQU004,20121213,10.32,10.32,10.32,10.32,0
EQU004,20121214,10.33,10.33,10.33,10.33,0
EQU004,20121217,10.33,10.33,10.33,10.33,0
EQU004,20121218,10.34,10.34,10.34,10.34,0
EQU004,20121219,10.34,10.34,10.34,10.34,0
EQU004,20121220,10.34,10.34,10.34,10.34,0
EQU004,20121221,10.34,10.34,10.34,10.34,0
EQU004,20121227,10.35,10.35,10.35,10.35,0
EQU004,20121228,10.36,10.36,10.36,10.36,0
EQU004,20130102,10.35,10.35,10.35,10.35,0
EQU004,20130103,10.35,10.35,10.35,10.35,0
EQU004,20130104,10.37,10.37,10.37,10.37,0
EQU004,20130107,10.37,10.37,10.37,10.37,0
EQU004,20130108,10.37,10.37,10.37,10.37,0
EQU004,20130109,10.38,10.38,10.38,10.38,0
EQU004,20130110,10.37,10.37,10.37,10.37,0
EQU004,20130111,10.38,10.38,10.38,10.38,0
EQU004,20130114,10.39,10.39,10.39,10.39,0
EQU004,20130115,10.38,10.38,10.38,10.38,0
EQU004,20130116,10.40,10.40,10.40,10.40,0
EQU004,20130117,10.39,10.39,10.39,10.39,0
EQU004,20130118,10.40,10.40,10.40,10.40,0
EQU004,20130121,10.40,10.40,10.40,10.40,0
EQU004,20130122,10.41,10.41,10.41,10.41,0
EQU004,20130123,10.41,10.41,10.41,10.41,0
EQU004,20130124,10.42,10.42,10.42,10.42,0
EQU004,20130125,10.42,10.42,10.42,10.42,0
EQU004,20130128,10.43,10.43,10.43,10.43,0
EQU004,20130129,10.44,10.44,10.44,10.44,0
EQU004,20130130,10.44,10.44,10.44,10.44,0
EQU004,20130131,10.44,10.44,10.44,10.44,0
EQU004,20130201,10.45,10.45,10.45,10.45,0
EQU004,20130204,10.46,10.46,10.46,10.46,0
EQU004,20130205,10.46,10.46,10.46,10.46,0
EQU004,20130206,10.46,10.46,10.46,10.46,0
EQU004,20130207,10.47,10.47,10.47,10.47,0
EQU004,20130208,10.47,10.47,10.47,10.47,0
EQU004,20130211,10.47,10.47,10.47,10.47,0
EQU004,20130212,10.46,10.46,10.46,10.46,0
EQU004,20130213,10.47,10.47,10.47,10.47,0
EQU004,20130214,10.45,10.45,10.45,10.45,0
EQU004,20130215,10.46,10.46,10.46,10.46,0
EQU004,20130218,10.47,10.47,10.47,10.47,0
EQU004,20130219,10.48,10.48,10.48,10.48,0
EQU004,20130220,10.48,10.48,10.48,10.48,0
EQU004,20130221,10.48,10.48,10.48,10.48,0
EQU004,20130222,10.48,10.48,10.48,10.48,0
EQU004,20130225,10.49,10.49,10.49,10.49,0
EQU004,20130226,10.49,10.49,10.49,10.49,0
EQU004,20130227,10.49,10.49,10.49,10.49,0
EQU004,20130228,10.49,10.49,10.49,10.49,0
EQU004,20130301,10.50,10.50,10.50,10.50,0
EQU004,20130304,10.50,10.50,10.50,10.50,0
EQU004,20130305,10.50,10.50,10.50,10.50,0
EQU004,20130306,10.50,10.50,10.50,10.50,0
EQU004,20130307,10.51,10.51,10.51,10.51,0
EQU004,20130308,10.51,10.51,10.51,10.51,0
EQU004,20130311,10.51,10.51,10.51,10.51,0
EQU004,20130312,10.52,10.52,10.52,10.52,0
EQU004,20130313,10.51,10.51,10.51,10.51,0
EQU004,20130314,10.47,10.47,10.47,10.47,0
EQU004,20130315,10.51,10.51,10.51,10.51,0
EQU004,20130318,10.50,10.50,10.50,10.50,0
EQU004,20130319,10.50,10.50,10.50,10.50,0
EQU004,20130320,10.52,10.52,10.52,10.52,0
EQU004,20130321,10.52,10.52,10.52,10.52,0
EQU004,20130322,10.50,10.50,10.50,10.50,0
EQU004,20130325,10.51,10.51,10.51,10.51,0
EQU004,20130326,10.52,10.52,10.52,10.52,0
EQU004,20130327,10.53,10.53,10.53,10.53,0
EQU004,20130328,10.54,10.54,10.54,10.54,0
EQU004,20130402,10.54,10.54,10.54,10.54,0
EQU004,20130403,10.55,10.55,10.55,10.55,0
EQU004,20130404,10.55,10.55,10.55,10.55,0
EQU004,20130405,10.55,10.55,10.55,10.55,0
EQU004,20130408,10.55,10.55,10.55,10.55,0
EQU004,20130409,10.55,10.55,10.55,10.55,0
EQU004,20130410,10.56,10.56,10.56,10.56,0
EQU004,20130411,10.56,10.56,10.56,10.56,0
EQU004,20130412,10.56,10.56,10.56,10.56,0
EQU004,20130415,10.56,10.56,10.56,10.56,0
EQU004,20130417,10.57,10.57,10.57,10.57,0
EQU004,20130418,10.57,10.57,10.57,10.57,0
EQU004,20130419,10.57,10.57,10.57,10.57,0
EQU004,20130422,10.56,10.56,10.56,10.56,0
EQU004,20130423,10.56,10.56,10.56,10.56,0
EQU004,20130424,10.57,10.57,10.57,10.57,0
EQU004,20130425,10.58,10.58,10.58,10.58,0
EQU004,20130426,10.59,10.59,10.59,10.59,0
EQU004,20130429,10.58,10.58,10.58,10.58,0
EQU004,20130430,10.58,10.58,10.58,10.58,0
EQU004,20130502,10.59,10.59,10.59,10.59,0
EQU004,20130506,10.59,10.59,10.59,10.59,0
EQU004,20130507,10.59,10.59,10.59,10.59,0
EQU004,20130508,10.60,10.60,10.60,10.60,0
EQU004,20130509,10.59,10.59,10.59,10.59,0
EQU004,20130510,10.60,10.60,10.60,10.60,0
EQU004,20130513,10.59,10.59,10.59,10.59,0
EQU004,20130514,10.60,10.60,10.60,10.60,0
EQU004,20130515,10.61,10.61,10.61,10.61,0
EQU004,20130516,10.62,10.62,10.62,10.62,0
EQU004,20130517,10.62,10.62,10.62,10.62,0
EQU004,20130520,10.61,10.61,10.61,10.61,0
EQU004,20130521,10.61,10.61,10.61,10.61,0
EQU004,20130522,10.61,10.61,10.61,10.61,0
EQU004,20130523,10.62,10.62,10.62,10.62,0
EQU004,20130524,10.61,10.61,10.61,10.61,0
EQU004,20130527,10.62,10.62,10.62,10.62,0
EQU004,20130528,10.62,10.62,10.62,10.62,0
EQU004,20130529,10.63,10.63,10.63,10.63,0
EQU004,20130531,10.64,10.64,10.64,10.64,0
EQU004,20130603,10.65,10.65,10.65,10.65,0
EQU004,20130604,10.65,10.65,10.65,10.65,0
EQU004,20130605,10.65,10.65,10.65,10.65,0
EQU004,20130606,10.65,10.65,10.65,10.65,0
EQU004,20130607,10.65,10.65,10.65,10.65,0
EQU004,20130610,10.65,10.65,10.65,10.65,0
EQU004,20130611,10.65,10.65,10.65,10.65,0
EQU004,20130612,10.65,10.65,10.65,10.65,0
EQU004,20130613,10.65,10.65,10.65,10.65,0
EQU004,20130614,10.66,10.66,10.66,10.66,0
EQU004,20130617,10.66,10.66,10.66,10.66,0
EQU004,20130618,10.66,10.66,10.66,10.66,0
EQU004,20130619,10.67,10.67,10.67,10.67,0
EQU004,20130620,10.66,10.66,10.66,10.66,0
EQU004,20130621,10.66,10.66,10.66,10.66,0
EQU004,20130624,10.66,10.66,10.66,10.66,0
EQU004,20130625,10.65,10.65,10.65,10.65,0
EQU004,20130626,10.65,10.65,10.65,10.65,0
EQU004,20130627,10.65,10.65,10.65,10.65,0
EQU004,20130628,10.66,10.66,10.66,10.66,0
EQU004,20130701,10.67,10.67,10.67,10.67,0
EQU004,20130702,10.67,10.67,10.67,10.67,0
EQU004,20130703,10.67,10.67,10.67,10.67,0
EQU004,20130704,10.67,10.67,10.67,10.67,0
EQU004,20130705,10.67,10.67,10.67,10.67,0
EQU004,20130708,10.68,10.68,10.68,10.68,0
EQU004,20130709,10.67,10.67,10.67,10.67,0
EQU004,20130710,10.67,10.67,10.67,10.67,0
EQU004,20130711,10.69,10.69,10.69,10.69,0
EQU004,20130712,10.69,10.69,10.69,10.69,0
EQU004,20130715,10.69,10.69,10.69,10.69,0
EQU004,20130716,10.70,10.70,10.70,10.70,0
EQU004,20130717,10.71,10.71,10.71,10.71,0
EQU004,20130718,10.74,10.74,10.74,10.74,0
EQU004,20130719,10.75,10.75,10.75,10.75,0
EQU004,20130722,10.75,10.75,10.75,10.75,0
EQU004,20130723,10.75,10.75,10.75,10.75,0
EQU004,20130724,10.74,10.74,10.74,10.74,0
EQU004,20130725,10.75,10.75,10.75,10.75,0
EQU004,20130726,10.75,10.75,10.75,10.75,0
EQU004,20130729,10.75,10.75,10.75,10.75,0
EQU004,20130730,10.75,10.75,10.75,10.75,0
EQU004,20130731,10.76,10.76,10.76,10.76,0
EQU004,20130801,10.76,10.76,10.76,10.76,0
EQU004,20130802,10.79,10.79,10.79,10.79,0
EQU004,20130805,10.79,10.79,10.79,10.79,0
EQU004,20130806,10.77,10.77,10.77,10.77,0
EQU004,20130807,10.77,10.77,10.77,10.77,0
EQU004,20130808,10.77,10.77,10.77,10.77,0
EQU004,20130809,10.77,10.77,10.77,10.77,0
EQU004,20130812,10.78,10.78,10.78,10.78,0
EQU004,20130813,10.80,10.80,10.80,10.80,0
EQU004,20130814,10.80,10.80,10.80,10.80,0
EQU004,20130816,10.81,10.81,10.81,10.81,0
EQU004,20130819,10.80,10.80,10.80,10.80,0
EQU004,20130820,10.81,10.81,10.81,10.81,0
EQU004,20130821,10.81,10.81,10.81,10.81,0
EQU004,20130822,10.81,10.81,10.81,10.81,0
EQU004,20130823,10.81,10.81,10.81,10.81,0
EQU004,20130826,10.82,10.82,10.82,10.82,0
EQU004,20130827,10.82,10.82,10.82,10.82,0
EQU004,20130828,10.83,10.83,10.83,10.83,0
EQU004,20130829,10.85,10.85,10.85,10.85,0
EQU004,20130830,10.85,10.85,10.85,10.85,0
EQU004,20130902,10.86,10.86,10.86,10.86,0
EQU004,20130903,10.86,10.86,10.86,10.86,0
EQU004,20130904,10.86,10.86,10.86,10.86,0
EQU004,20130905,10.85,10.85,10.85,10.85,0
EQU004,20130906,10.85,10.85,10.85,10.85,0
EQU004,20130909,10.87,10.87,10.87,10.87,0
EQU004,20130910,10.87,10.87,10.87,10.87,0
EQU004,20130911,10.88,10.88,10.88,10.88,0
EQU004,20130912,10.88,10.88,10.88,10.88,0
EQU004,20130913,10.88,10.88,10.88,10.88,0
EQU004,20130916,10.88,10.88,10.88,10.88,0
EQU004,20130917,10.88,10.88,10.88,10.88,0
EQU004,20130918,10.88,10.88,10.88,10.88,0
EQU004,20130919,10.87,10.87,10.87,10.87,0
EQU004,20130920,10.87,10.87,10.87,10.87,0
EQU004,20130923,10.87,10.87,10.87,10.87,0
EQU004,20130924,10.87,10.87,10.87,10.87,0
EQU004,20130925,10.87,10.87,10.87,10.87,0
EQU004,20130926,10.87,10.87,10.87,10.87,0
EQU004,20130927,10.88,10.88,10.88,10.88,0
EQU004,20130930,10.88,10.88,10.88,10.88,0
EQU004,20131001,10.88,10.88,10.88,10.88,0
EQU004,20131002,10.88,10.88,10.88,10.88,0
EQU004,20131003,10.88,10.88,10.88,10.88,0
EQU004,20131004,10.88,10.88,10.88,10.88,0
EQU004,20131007,10.89,10.89,10.89,10.89,0
EQU004,20131008,10.89,10.89,10.89,10.89,0
EQU004,20131009,10.90,10.90,10.90,10.90,0
EQU004,20131010,10.89,10.89,10.89,10.89,0
EQU004,20131011,10.90,10.90,10.90,10.90,0
EQU004,20131014,10.90,10.90,10.90,10.90,0
EQU004,20131015,10.90,10.90,10.90,10.90,0
EQU004,20131016,10.91,10.91,10.91,10.91,0
EQU004,20131017,10.91,10.91,10.91,10.91,0
EQU004,20131018,10.91,10.91,10.91,10.91,0
EQU004,20131021,10.90,10.90,10.90,10.90,0
EQU004,20131022,10.90,10.90,10.90,10.90,0
EQU004,20131023,10.90,10.90,10.90,10.90,0
EQU004,20131024,10.90,10.90,10.90,10.90,0
EQU004,20131025,10.90,10.90,10.90,10.90,0
EQU004,20131028,10.90,10.90,10.90,10.90,0
EQU004,20131029,10.90,10.90,10.90,10.90,0
EQU004,20131030,10.90,10.90,10.90,10.90,0
EQU004,20131031,10.91,10.91,10.91,10.91,0
EQU004,20131104,10.91,10.91,10.91,10.91,0
EQU004,20131105,10.91,10.91,10.91,10.91,0
EQU004,20131106,10.91,10.91,10.91,10.91,0
EQU004,20131107,10.92,10.92,10.92,10.92,0
EQU004,20131108,10.92,10.92,10.92,10.92,0
EQU004,20131112,10.93,10.93,10.93,10.93,0
EQU004,20131113,10.93,10.93,10.93,10.93,0
EQU004,20131114,10.93,10.93,10.93,10.93,0
EQU004,20131115,10.92,10.92,10.92,10.92,0
EQU004,20131118,10.93,10.93,10.93,10.93,0
EQU004,20131119,10.92,10.92,10.92,10.92,0
EQU004,20131120,10.93,10.93,10.93,10.93,0
EQU004,20131121,10.92,10.92,10.92,10.92,0
EQU004,20131122,10.91,10.91,10.91,10.91,0
EQU004,20131125,10.91,10.91,10.91,10.91,0
EQU004,20131126,10.91,10.91,10.91,10.91,0
EQU004,20131127,10.91,10.91,10.91,10.91,0
EQU004,20131128,10.91,10.91,10.91,10.91,0
EQU004,20131129,10.91,10.91,10.91,10.91,0
EQU004,20131202,10.93,10.93,10.93,10.93,0
EQU004,20131203,10.93,10.93,10.93,10.93,0
EQU004,20131204,10.93,10.93,10.93,10.93,0
EQU004,20131205,10.94,10.94,10.94,10.94,0
EQU004,20131206,10.94,10.94,10.94,10.94,0
EQU004,20131209,10.95,10.95,10.95,10.95,0
EQU004,20131210,10.95,10.95,10.95,10.95,0
EQU004,20131211,10.96,10.96,10.96,10.96,0
EQU004,20131212,10.96,10.96,10.96,10.96,0
EQU004,20131213,10.96,10.96,10.96,10.96,0
EQU004,20131216,10.96,10.96,10.96,10.96,0
EQU004,20131217,10.95,10.95,10.95,10.95,0
EQU004,20131218,10.96,10.96,10.96,10.96,0
EQU004,20131219,10.96,10.96,10.96,10.96,0
EQU004,20131220,10.96,10.96,10.96,10.96,0
EQU004,20131223,10.97,10.97,10.97,10.97,0
EQU004,20131227,10.97,10.97,10.97,10.97,0
EQU004,20131230,10.97,10.97,10.97,10.97,0
EQU004,20131231,10.97,10.97,10.97,10.97,0
EQU004,20140102,10.97,10.97,10.97,10.97,0
EQU004,20140103,10.98,10.98,10.98,10.98,0
EQU004,20140107,10.99,10.99,10.99,10.99,0
EQU004,20140108,10.98,10.98,10.98,10.98,0
EQU004,20140109,10.99,10.99,10.99,10.99,0
EQU004,20140110,10.98,10.98,10.98,10.98,0
EQU004,20140113,10.98,10.98,10.98,10.98,0
EQU004,20140114,10.98,10.98,10.98,10.98,0
EQU004,20140115,10.99,10.99,10.99,10.99,0
EQU004,20140116,10.98,10.98,10.98,10.98,0
EQU004,20140117,10.99,10.99,10.99,10.99,0
EQU004,20140120,10.99,10.99,10.99,10.99,0
EQU004,20140121,10.99,10.99,10.99,10.99,0
EQU004,20140122,10.99,10.99,10.99,10.99,0
EQU004,20140123,10.99,10.99,10.99,10.99,0
EQU004,20140124,10.99,10.99,10.99,10.99,0
EQU004,20140127,11.00,11.00,11.00,11.00,0
EQU004,20140128,11.00,11.00,11.00,11.00,0
EQU004,20140129,11.00,11.00,11.00,11.00,0
EQU004,20140130,11.00,11.00,11.00,11.00,0
EQU004,20140131,11.01,11.01,11.01,11.01,0
EQU004,20140203,11.01,11.01,11.01,11.01,0
EQU004,20140204,11.01,11.01,11.01,11.01,0
EQU004,20140205,11.01,11.01,11.01,11.01,0
EQU004,20140206,11.01,11.01,11.01,11.01,0
EQU004,20140207,11.01,11.01,11.01,11.01,0
EQU004,20140210,11.02,11.02,11.02,11.02,0
EQU004,20140211,11.02,11.02,11.02,11.02,0
EQU004,20140212,11.02,11.02,11.02,11.02,0
EQU004,20140213,11.02,11.02,11.02,11.02,0
EQU004,20140214,11.02,11.02,11.02,11.02,0
EQU004,20140217,11.03,11.03,11.03,11.03,0
EQU004,20140218,11.03,11.03,11.03,11.03,0
EQU004,20140219,11.04,11.04,11.04,11.04,0
EQU004,20140220,11.04,11.04,11.04,11.04,0
EQU004,20140221,11.04,11.04,11.04,11.04,0
EQU004,20140224,11.04,11.04,11.04,11.04,0
EQU004,20140225,11.04,11.04,11.04,11.04,0
EQU004,20140226,11.04,11.04,11.04,11.04,0
EQU004,20140227,11.05,11.05,11.05,11.05,0
EQU004,20140228,11.05,11.05,11.05,11.05,0
EQU004,20140303,11.05,11.05,11.05,11.05,0
EQU004,20140304,11.04,11.04,11.04,11.04,0
EQU004,20140305,11.04,11.04,11.04,11.04,0
EQU004,20140306,11.05,11.05,11.05,11.05,0
EQU004,20140307,11.05,11.05,11.05,11.05,0
EQU004,20140310,11.05,11.05,11.05,11.05,0
EQU004,20140311,11.05,11.05,11.05,11.05,0
EQU004,20140312,11.06,11.06,11.06,11.06,0
EQU004,20140313,11.06,11.06,11.06,11.06,0
EQU004,20140314,11.06,11.06,11.06,11.06,0
EQU004,20140317,11.06,11.06,11.06,11.06,0
EQU004,20140318,11.06,11.06,11.06,11.06,0
EQU004,20140319,11.06,11.06,11.06,11.06,0
EQU004,20140320,11.07,11.07,11.07,11.07,0
EQU004,20140321,11.06,11.06,11.06,11.06,0
EQU004,20140324,11.07,11.07,11.07,11.07,0
EQU004,20140325,11.07,11.07,11.07,11.07,0
EQU004,20140326,11.07,11.07,11.07,11.07,0
EQU004,20140327,11.07,11.07,11.07,11.07,0
EQU004,20140328,11.07,11.07,11.07,11.07,0
EQU004,20140331,11.07,11.07,11.07,11.07,0
EQU004,20140401,11.08,11.08,11.08,11.08,0
EQU004,20140402,11.08,11.08,11.08,11.08,0
EQU004,20140403,11.08,11.08,11.08,11.08,0
EQU004,20140404,11.08,11.08,11.08,11.08,0
EQU004,20140407,11.08,11.08,11.08,11.08,0
EQU004,20140408,11.08,11.08,11.08,11.08,0
EQU004,20140409,11.08,11.08,11.08,11.08,0
EQU004,20140410,11.08,11.08,11.08,11.08,0
EQU004,20140411,11.08,11.08,11.08,11.08,0
EQU004,20140414,11.09,11.09,11.09,11.09,0
EQU004,20140415,11.09,11.09,11.09,11.09,0
EQU004,20140416,11.10,11.10,11.10,11.10,0
EQU004,20140417,11.09,11.09,11.09,11.09,0
EQU004,20140422,11.09,11.09,11.09,11.09,0
EQU004,20140423,11.09,11.09,11.09,11.09,0
EQU004,20140424,11.10,11.10,11.10,11.10,0
EQU004,20140425,11.09,11.09,11.09,11.09,0
EQU004,20140428,11.10,11.10,11.10,11.10,0
EQU004,20140429,11.10,11.10,11.10,11.10,0
EQU004,20140430,11.10,11.10,11.10,11.10,0
EQU004,20140502,11.11,11.11,11.11,11.11,0
EQU004,20140505,11.11,11.11,11.11,11.11,0
EQU004,20140506,11.10,11.10,11.10,11.10,0
EQU004,20140507,11.11,11.11,11.11,11.11,0
EQU004,20140508,11.11,11.11,11.11,11.11,0
EQU004,20140509,11.11,11.11,11.11,11.11,0
EQU004,20140512,11.11,11.11,11.11,11.11,0
EQU004,20140513,11.11,11.11,11.11,11.11,0
EQU004,20140514,11.11,11.11,11.11,11.11,0
EQU004,20140515,11.11,11.11,11.11,11.11,0
EQU004,20140516,11.11,11.11,11.11,11.11,0
EQU004,20140519,11.12,11.12,11.12,11.12,0
EQU004,20140520,11.12,11.12,11.12,11.12,0
EQU004,20140521,11.12,11.12,11.12,11.12,0
EQU004,20140522,11.12,11.12,11.12,11.12,0
EQU004,20140523,11.12,11.12,11.12,11.12,0
EQU004,20140526,11.13,11.13,11.13,11.13,0
EQU004,20140527,11.13,11.13,11.13,11.13,0
EQU004,20140528,11.13,11.13,11.13,11.13,0
EQU004,20140529,11.14,11.14,11.14,11.14,0
EQU004,20140530,11.14,11.14,11.14,11.14,0
EQU004,20140602,11.13,11.13,11.13,11.13,0
EQU004,20140603,11.13,11.13,11.13,11.13,0
EQU004,20140604,11.13,11.13,11.13,11.13,0
EQU004,20140605,11.13,11.13,11.13,11.13,0
EQU004,20140606,11.14,11.14,11.14,11.14,0
EQU004,20140609,11.14,11.14,11.14,11.14,0
EQU004,20140610,11.14,11.14,11.14,11.14,0
EQU004,20140611,11.14,11.14,11.14,11.14,0
EQU004,20140612,11.14,11.14,11.14,11.14,0
EQU004,20140613,11.14,11.14,11.14,11.14,0
EQU004,20140616,11.15,11.15,11.15,11.15,0
EQU004,20140617,11.15,11.15,11.15,11.15,0
EQU004,20140618,11.15,11.15,11.15,11.15,0
EQU004,20140620,11.15,11.15,11.15,11.15,0
EQU004,20140623,11.14,11.14,11.14,11.14,0
EQU004,20140624,11.14,11.14,11.14,11.14,0
EQU004,20140625,11.15,11.15,11.15,11.15,0
EQU004,20140626,11.15,11.15,11.15,11.15,0
EQU004,20140627,11.15,11.15,11.15,11.15,0
EQU004,20140630,11.15,11.15,11.15,11.15,0
EQU004,20140701,11.15,11.15,11.15,11.15,0
EQU004,20140702,11.16,11.16,11.16,11.16,0
EQU004,20140703,11.16,11.16,11.16,11.16,0
EQU004,20140704,11.16,11.16,11.16,11.16,0
EQU004,20140707,11.16,11.16,11.16,11.16,0
EQU004,20140708,11.16,11.16,11.16,11.16,0
EQU004,20140709,11.16,11.16,11.16,11.16,0
EQU004,20140710,11.17,11.17,11.17,11.17,0
EQU004,20140711,11.17,11.17,11.17,11.17,0
EQU004,20140714,11.17,11.17,11.17,11.17,0
EQU004,20140715,11.17,11.17,11.17,11.17,0
EQU004,20140716,11.17,11.17,11.17,11.17,0
EQU004,20140717,11.17,11.17,11.17,11.17,0
EQU004,20140718,11.17,11.17,11.17,11.17,0
EQU004,20140721,11.17,11.17,11.17,11.17,0
EQU004,20140722,11.17,11.17,11.17,11.17,0
EQU004,20140723,11.17,11.17,11.17,11.17,0
EQU004,20140724,11.18,11.18,11.18,11.18,0
EQU004,20140725,11.18,11.18,11.18,11.18,0
EQU004,20140728,11.18,11.18,11.18,11.18,0
EQU004,20140729,11.18,11.18,11.18,11.18,0
EQU004,20140730,11.18,11.18,11.18,11.18,0
EQU004,20140731,11.18,11.18,11.18,11.18,0
EQU004,20140801,11.18,11.18,11.18,11.18,0
EQU004,20140804,11.18,11.18,11.18,11.18,0
EQU004,20140805,11.18,11.18,11.18,11.18,0
EQU004,20140806,11.18,11.18,11.18,11.18,0
EQU004,20140807,11.18,11.18,11.18,11.18,0
EQU004,20140808,11.19,11.19,11.19,11.19,0
EQU004,20140811,11.19,11.19,11.19,11.19,0
EQU004,20140812,11.19,11.19,11.19,11.19,0
EQU004,20140813,11.19,11.19,11.19,11.19,0
EQU004,20140814,11.20,11.20,11.20,11.20,0
EQU004,20140818,11.20,11.20,11.20,11.20,0
EQU004,20140820,11.20,11.20,11.20,11.20,0
EQU004,20140821,11.20,11.20,11.20,11.20,0
EQU004,20140822,11.20,11.20,11.20,11.20,0
EQU004,20140825,11.20,11.20,11.20,11.20,0
EQU004,20140826,11.19,11.19,11.19,11.19,0
EQU004,20140827,11.19,11.19,11.19,11.19,0
EQU004,20140828,11.19,11.19,11.19,11.19,0
EQU004,20140829,11.19,11.19,11.19,11.19,0
EQU004,20140901,11.19,11.19,11.19,11.19,0
EQU004,20140902,11.19,11.19,11.19,11.19,0
EQU004,20140903,11.19,11.19,11.19,11.19,0
EQU004,20140904,11.19,11.19,11.19,11.19,0
EQU004,20140905,11.19,11.19,11.19,11.19,0
EQU004,20140908,11.20,11.20,11.20,11.20,0
EQU004,20140909,11.20,11.20,11.20,11.20,0
EQU004,20140910,11.20,11.20,11.20,11.20,0
EQU004,20140918,11.21,11.21,11.21,11.21,0
EQU004,20140919,11.21,11.21,11.21,11.21,0
EQU004,20140922,11.21,11.21,11.21,11.21,0
EQU004,20140923,11.21,11.21,11.21,11.21,0
EQU004,20140924,11.21,11.21,11.21,11.21,0
EQU004,20140925,11.21,11.21,11.21,11.21,0
EQU004,20140929,11.21,11.21,11.21,11.21,0
EQU004,20140930,11.22,11.22,11.22,11.22,0
EQU004,20141001,11.22,11.22,11.22,11.22,0
EQU004,20141002,11.22,11.22,11.22,11.22,0
EQU004,20141006,11.21,11.21,11.21,11.21,0
EQU004,20141007,11.22,11.22,11.22,11.22,0
EQU004,20141008,11.22,11.22,11.22,11.22,0
EQU004,20141009,11.22,11.22,11.22,11.22,0
EQU004,20141010,11.22,11.22,11.22,11.22,0
EQU004,20141013,11.23,11.23,11.23,11.23,0
EQU004,20141014,11.23,11.23,11.23,11.23,0
EQU004,20141015,11.24,11.24,11.24,11.24,0
EQU004,20141016,11.24,11.24,11.24,11.24,0
EQU004,20141017,11.24,11.24,11.24,11.24,0
EQU004,20141020,11.24,11.24,11.24,11.24,0
EQU004,20141021,11.25,11.25,11.25,11.25,0
EQU004,20141022,11.24,11.24,11.24,11.24,0
EQU004,20141023,11.25,11.25,11.25,11.25,0
EQU004,20141024,11.23,11.23,11.23,11.23,0
EQU004,20141027,11.24,11.24,11.24,11.24,0
EQU004,20141028,11.24,11.24,11.24,11.24,0
EQU004,20141029,11.24,11.24,11.24,11.24,0
EQU004,20141030,11.24,11.24,11.24,11.24,0
EQU004,20141031,11.24,11.24,11.24,11.24,0
EQU004,20141103,11.24,11.24,11.24,11.24,0
EQU004,20141104,11.24,11.24,11.24,11.24,0
EQU004,20141105,11.24,11.24,11.24,11.24,0
EQU004,20141106,11.24,11.24,11.24,11.24,0
EQU004,20141107,11.25,11.25,11.25,11.25,0
EQU004,20141110,11.26,11.26,11.26,11.26,0
EQU004,20141112,11.27,11.27,11.27,11.27,0
EQU004,20141113,11.27,11.27,11.27,11.27,0
EQU004,20141114,11.27,11.27,11.27,11.27,0
EQU004,20141117,11.27,11.27,11.27,11.27,0
EQU004,20141118,11.27,11.27,11.27,11.27,0
EQU004,20141119,11.27,11.27,11.27,11.27,0
EQU004,20141120,11.27,11.27,11.27,11.27,0
EQU004,20141121,11.27,11.27,11.27,11.27,0
EQU004,20141124,11.27,11.27,11.27,11.27,0
EQU004,20141125,11.28,11.28,11.28,11.28,0
EQU004,20141126,11.27,11.27,11.27,11.27,0
EQU004,20141127,11.28,11.28,11.28,11.28,0
EQU004,20141128,11.29,11.29,11.29,11.29,0
EQU004,20141201,11.28,11.28,11.28,11.28,0
EQU004,20141202,11.28,11.28,11.28,11.28,0
EQU004,20141203,11.28,11.28,11.28,11.28,0
EQU004,20141204,11.28,11.28,11.28,11.28,0
EQU004,20141205,11.28,11.28,11.28,11.28,0
EQU004,20141208,11.28,11.28,11.28,11.28,0
EQU004,20141209,11.28,11.28,11.28,11.28,0
EQU004,20141210,11.28,11.28,11.28,11.28,0
EQU004,20141211,11.28,11.28,11.28,11.28,0
EQU004,20141212,11.28,11.28,11.28,11.28,0
EQU004,20141215,11.29,11.29,11.29,11.29,0
EQU004,20141216,11.29,11.29,11.29,11.29,0
EQU004,20141217,11.29,11.29,11.29,11.29,0
EQU004,20141218,11.29,11.29,11.29,11.29,0
EQU004,20141219,11.29,11.29,11.29,11.29,0
EQU004,20141222,11.30,11.30,11.30,11.30,0
EQU004,20141223,11.29,11.29,11.29,11.29,0
EQU004,20141229,11.30,11.30,11.30,11.30,0
EQU004,20141230,11.30,11.30,11.30,11.30,0
EQU004,20150102,11.31,11.31,11.31,11.31,0
EQU004,20150105,11.31,11.31,11.31,11.31,0
EQU004,20150107,11.32,11.32,11.32,11.32,0
EQU004,20150108,11.32,11.32,11.32,11.32,0
EQU004,20150109,11.33,11.33,11.33,11.33,0
EQU004,20150112,11.32,11.32,11.32,11.32,0
EQU004,20150113,11.32,11.32,11.32,11.32,0
EQU004,20150114,11.31,11.31,11.31,11.31,0
EQU004,20150115,11.31,11.31,11.31,11.31,0
EQU004,20150116,11.31,11.31,11.31,11.31,0
EQU004,20150119,11.31,11.31,11.31,11.31,0
EQU004,20150120,11.32,11.32,11.32,11.32,0
EQU004,20150121,11.31,11.31,11.31,11.31,0
EQU004,20150122,11.32,11.32,11.32,11.32,0
EQU004,20150123,11.32,11.32,11.32,11.32,0
EQU004,20150126,11.30,11.30,11.30,11.30,0
EQU004,20150127,11.29,11.29,11.29,11.29,0
EQU004,20150128,11.29,11.29,11.29,11.29,0
EQU004,20150129,11.30,11.30,11.30,11.30,0
EQU004,20150130,11.30,11.30,11.30,11.30,0
EQU004,20150202,11.31,11.31,11.31,11.31,0
EQU004,20150203,11.31,11.31,11.31,11.31,0
EQU004,20150204,11.31,11.31,11.31,11.31,0
EQU004,20150205,11.31,11.31,11.31,11.31,0
EQU004,20150206,11.31,11.31,11.31,11.31,0
EQU004,20150209,11.32,11.32,11.32,11.32,0
EQU004,20150210,11.32,11.32,11.32,11.32,0
EQU004,20150211,11.33,11.33,11.33,11.33,0
EQU004,20150212,11.32,11.32,11.32,11.32,0
EQU004,20150213,11.32,11.32,11.32,11.32,0
EQU004,20150216,11.31,11.31,11.31,11.31,0
EQU004,20150217,11.31,11.31,11.31,11.31,0
EQU004,20150218,11.30,11.30,11.30,11.30,0
EQU004,20150219,11.30,11.30,11.30,11.30,0
EQU004,20150220,11.30,11.30,11.30,11.30,0
EQU004,20150223,11.30,11.30,11.30,11.30,0
EQU004,20150224,11.30,11.30,11.30,11.30,0
EQU004,20150225,11.30,11.30,11.30,11.30,0
EQU004,20150226,11.30,11.30,11.30,11.30,0
EQU004,20150227,11.31,11.31,11.31,11.31,0
EQU004,20150302,11.30,11.30,11.30,11.30,0
EQU004,20150303,11.31,11.31,11.31,11.31,0
EQU004,20150304,11.31,11.31,11.31,11.31,0
EQU004,20150305,11.30,11.30,11.30,11.30,0
EQU004,20150306,11.32,11.32,11.32,11.32,0
EQU004,20150309,11.31,11.31,11.31,11.31,0
EQU004,20150310,11.30,11.30,11.30,11.30,0
EQU004,20150311,11.29,11.29,11.29,11.29,0
EQU004,20150312,11.30,11.30,11.30,11.30,0
EQU004,20150313,11.29,11.29,11.29,11.29,0
EQU004,20150316,11.29,11.29,11.29,11.29,0
EQU004,20150317,11.29,11.29,11.29,11.29,0
EQU004,20150318,11.29,11.29,11.29,11.29,0
EQU004,20150319,11.29,11.29,11.29,11.29,0
EQU004,20150320,11.30,11.30,11.30,11.30,0
EQU004,20150323,11.36,11.36,11.36,11.36,0
EQU004,20150324,11.35,11.35,11.35,11.35,0
EQU004,20150325,11.38,11.38,11.38,11.38,0
EQU004,20150326,11.38,11.38,11.38,11.38,0
EQU004,20150327,11.38,11.38,11.38,11.38,0
EQU004,20150330,11.38,11.38,11.38,11.38,0
EQU004,20150331,11.38,11.38,11.38,11.38,0
EQU004,20150401,11.38,11.38,11.38,11.38,0
EQU004,20150402,11.38,11.38,11.38,11.38,0
EQU004,20150407,11.38,11.38,11.38,11.38,0
EQU004,20150408,11.38,11.38,11.38,11.38,0
EQU004,20150409,11.39,11.39,11.39,11.39,0
EQU004,20150410,11.39,11.39,11.39,11.39,0
EQU004,20150413,11.41,11.41,11.41,11.41,0
EQU004,20150414,11.41,11.41,11.41,11.41,0
EQU004,20150415,11.41,11.41,11.41,11.41,0
EQU004,20150416,11.41,11.41,11.41,11.41,0
EQU004,20150417,11.41,11.41,11.41,11.41,0
EQU004,20150420,11.41,11.41,11.41,11.41,0
EQU004,20150421,11.41,11.41,11.41,11.41,0
EQU004,20150422,11.41,11.41,11.41,11.41,0
EQU004,20150423,11.41,11.41,11.41,11.41,0
EQU004,20150424,11.41,11.41,11.41,11.41,0
EQU004,20150427,11.41,11.41,11.41,11.41,0
EQU004,20150428,11.42,11.42,11.42,11.42,0
EQU004,20150429,11.42,11.42,11.42,11.42,0
EQU004,20150430,11.42,11.42,11.42,11.42,0
EQU004,20150504,11.42,11.42,11.42,11.42,0
EQU004,20150505,11.43,11.43,11.43,11.43,0
EQU004,20150506,11.41,11.41,11.41,11.41,0
EQU004,20150507,11.41,11.41,11.41,11.41,0
EQU004,20150508,11.41,11.41,11.41,11.41,0
EQU004,20150511,11.40,11.40,11.40,11.40,0
EQU004,20150512,11.40,11.40,11.40,11.40,0
EQU004,20150513,11.41,11.41,11.41,11.41,0
EQU004,20150514,11.42,11.42,11.42,11.42,0
EQU004,20150515,11.41,11.41,11.41,11.41,0
EQU004,20150518,11.42,11.42,11.42,11.42,0
EQU004,20150519,11.42,11.42,11.42,11.42,0
EQU004,20150520,11.42,11.42,11.42,11.42,0
EQU004,20150521,11.43,11.43,11.43,11.43,0
EQU004,20150522,11.43,11.43,11.43,11.43,0
EQU004,20150525,11.43,11.43,11.43,11.43,0
EQU004,20150526,11.43,11.43,11.43,11.43,0
EQU004,20150527,11.43,11.43,11.43,11.43,0
EQU004,20150528,11.43,11.43,11.43,11.43,0
EQU004,20150529,11.44,11.44,11.44,11.44,0
EQU004,20150601,11.43,11.43,11.43,11.43,0
EQU004,20150602,11.43,11.43,11.43,11.43,0
EQU004,20150603,11.43,11.43,11.43,11.43,0
EQU004,20150605,11.44,11.44,11.44,11.44,0
EQU004,20150608,11.44,11.44,11.44,11.44,0
EQU004,20150609,11.44,11.44,11.44,11.44,0
EQU004,20150610,11.43,11.43,11.43,11.43,0
EQU004,20150611,11.44,11.44,11.44,11.44,0
EQU004,20150612,11.45,11.45,11.45,11.45,0
EQU004,20150615,11.47,11.47,11.47,11.47,0
EQU004,20150616,11.46,11.46,11.46,11.46,0
EQU004,20150617,11.47,11.47,11.47,11.47,0
EQU004,20150618,11.47,11.47,11.47,11.47,0
EQU004,20150619,11.48,11.48,11.48,11.48,0
EQU004,20150622,11.48,11.48,11.48,11.48,0
EQU004,20150623,11.49,11.49,11.49,11.49,0
EQU004,20150624,11.49,11.49,11.49,11.49,0
EQU004,20150625,11.49,11.49,11.49,11.49,0
EQU004,20150626,11.48,11.48,11.48,11.48,0
EQU004,20150629,11.48,11.48,11.48,11.48,0
EQU004,20150630,11.48,11.48,11.48,11.48,0
EQU004,20150701,11.47,11.47,11.47,11.47,0
EQU004,20150702,11.47,11.47,11.47,11.47,0
EQU004,20150703,11.48,11.48,11.48,11.48,0
EQU004,20150706,11.47,11.47,11.47,11.47,0
EQU004,20150707,11.49,11.49,11.49,11.49,0
EQU004,20150708,11.49,11.49,11.49,11.49,0
EQU004,20150709,11.50,11.50,11.50,11.50,0
EQU004,20150710,11.50,11.50,11.50,11.50,0
EQU004,20150713,11.49,11.49,11.49,11.49,0
EQU004,20150714,11.46,11.46,11.46,11.46,0
EQU004,20150715,11.48,11.48,11.48,11.48,0
EQU004,20150716,11.48,11.48,11.48,11.48,0
EQU004,20150717,11.49,11.49,11.49,11.49,0
EQU004,20150720,11.49,11.49,11.49,11.49,0
EQU004,20150721,11.49,11.49,11.49,11.49,0
EQU004,20150722,11.50,11.50,11.50,11.50,0
EQU004,20150723,11.49,11.49,11.49,11.49,0
EQU004,20150724,11.50,11.50,11.50,11.50,0
EQU004,20150727,11.50,11.50,11.50,11.50,0
EQU004,20150728,11.51,11.51,11.51,11.51,0
EQU004,20150729,11.51,11.51,11.51,11.51,0
EQU004,20150730,11.51,11.51,11.51,11.51,0
EQU004,20150731,11.49,11.49,11.49,11.49,0
EQU004,20150803,11.51,11.51,11.51,11.51,0
EQU004,20150804,11.51,11.51,11.51,11.51,0
EQU004,20150805,11.51,11.51,11.51,11.51,0
EQU004,20150806,11.50,11.50,11.50,11.50,0
EQU004,20150807,11.52,11.52,11.52,11.52,0
EQU004,20150810,11.52,11.52,11.52,11.52,0
EQU004,20150811,11.53,11.53,11.53,11.53,0
EQU004,20150812,11.54,11.54,11.54,11.54,0
EQU004,20150813,11.54,11.54,11.54,11.54,0
EQU004,20150814,11.55,11.55,11.55,11.55,0
EQU004,20150817,11.55,11.55,11.55,11.55,0
EQU004,20150818,11.55,11.55,11.55,11.55,0
EQU004,20150819,11.55,11.55,11.55,11.55,0
EQU004,20150820,11.55,11.55,11.55,11.55,0
EQU004,20150821,11.56,11.56,11.56,11.56,0
EQU004,20150824,11.54,11.54,11.54,11.54,0
EQU004,20150825,11.55,11.55,11.55,11.55,0
EQU004,20150826,11.56,11.56,11.56,11.56,0
EQU004,20150827,11.55,11.55,11.55,11.55,0
EQU004,20150828,11.56,11.56,11.56,11.56,0
EQU004,20150831,11.56,11.56,11.56,11.56,0
EQU004,20150901,11.56,11.56,11.56,11.56,0
EQU004,20150902,11.55,11.55,11.55,11.55,0
EQU004,20150903,11.56,11.56,11.56,11.56,0
EQU004,20150904,11.55,11.55,11.55,11.55,0
EQU004,20150907,11.54,11.54,11.54,11.54,0
EQU004,20150908,11.54,11.54,11.54,11.54,0
EQU004,20150909,11.54,11.54,11.54,11.54,0
EQU004,20150910,11.56,11.56,11.56,11.56,0
EQU004,20150911,11.57,11.57,11.57,11.57,0
EQU004,20150914,11.57,11.57,11.57,11.57,0
EQU004,20150915,11.57,11.57,11.57,11.57,0
EQU004,20150916,11.56,11.56,11.56,11.56,0
EQU004,20150917,11.55,11.55,11.55,11.55,0
EQU004,20150918,11.56,11.56,11.56,11.56,0
EQU004,20150921,11.54,11.54,11.54,11.54,0
EQU004,20150922,11.55,11.55,11.55,11.55,0
EQU004,20150923,11.55,11.55,11.55,11.55,0
EQU004,20150924,11.54,11.54,11.54,11.54,0
EQU004,20150925,11.55,11.55,11.55,11.55,0
EQU004,20150928,11.55,11.55,11.55,11.55,0
EQU004,20150929,11.54,11.54,11.54,11.54,0
EQU004,20150930,11.54,11.54,11.54,11.54,0
EQU004,20151001,11.55,11.55,11.55,11.55,0
EQU004,20151002,11.56,11.56,11.56,11.56,0
EQU004,20151005,11.56,11.56,11.56,11.56,0
EQU004,20151006,11.56,11.56,11.56,11.56,0
EQU004,20151007,11.57,11.57,11.57,11.57,0
EQU004,20151008,11.57,11.57,11.57,11.57,0
EQU004,20151009,11.57,11.57,11.57,11.57,0
EQU004,20151012,11.58,11.58,11.58,11.58,0
EQU004,20151013,11.57,11.57,11.57,11.57,0
EQU004,20151014,11.58,11.58,11.58,11.58,0
EQU004,20151015,11.58,11.58,11.58,11.58,0
EQU004,20151016,11.58,11.58,11.58,11.58,0
EQU004,20151019,11.58,11.58,11.58,11.58,0
EQU004,20151020,11.58,11.58,11.58,11.58,0
EQU004,20151021,11.59,11.59,11.59,11.59,0
EQU004,20151022,11.59,11.59,11.59,11.59,0
EQU004,20151023,11.60,11.60,11.60,11.60,0
EQU004,20151026,11.59,11.59,11.59,11.59,0
EQU004,20151027,11.60,11.60,11.60,11.60,0
EQU004,20151028,11.60,11.60,11.60,11.60,0
EQU004,20151029,11.60,11.60,11.60,11.60,0
EQU004,20151030,11.60,11.60,11.60,11.60,0
EQU004,20151102,11.60,11.60,11.60,11.60,0
EQU004,20151103,11.60,11.60,11.60,11.60,0
EQU004,20151104,11.60,11.60,11.60,11.60,0
EQU004,20151105,11.60,11.60,11.60,11.60,0
EQU004,20151106,11.60,11.60,11.60,11.60,0
EQU004,20151109,11.59,11.59,11.59,11.59,0
EQU004,20151110,11.60,11.60,11.60,11.60,0
EQU004,20151112,11.61,11.61,11.61,11.61,0
EQU004,20151113,11.62,11.62,11.62,11.62,0
EQU004,20151116,11.62,11.62,11.62,11.62,0
EQU004,20151117,11.62,11.62,11.62,11.62,0
EQU004,20151118,11.62,11.62,11.62,11.62,0
EQU004,20151119,11.62,11.62,11.62,11.62,0
EQU004,20151120,11.62,11.62,11.62,11.62,0
EQU004,20151123,11.60,11.60,11.60,11.60,0
EQU004,20151124,11.60,11.60,11.60,11.60,0
EQU004,20151125,11.61,11.61,11.61,11.61,0
EQU004,20151126,11.61,11.61,11.61,11.61,0
EQU004,20151127,11.61,11.61,11.61,11.61,0
EQU004,20151130,11.61,11.61,11.61,11.61,0
EQU004,20151201,11.61,11.61,11.61,11.61,0
EQU004,20151202,11.61,11.61,11.61,11.61,0
EQU004,20151203,11.60,11.60,11.60,11.60,0
EQU004,20151204,11.60,11.60,11.60,11.60,0
EQU004,20151207,11.61,11.61,11.61,11.61,0
EQU004,20151208,11.60,11.60,11.60,11.60,0
EQU004,20151209,11.60,11.60,11.60,11.60,0
EQU004,20151210,11.60,11.60,11.60,11.60,0
EQU004,20151211,11.60,11.60,11.60,11.60,0
EQU004,20151214,11.61,11.61,11.61,11.61,0
EQU004,20151215,11.61,11.61,11.61,11.61,0
EQU004,20151216,11.61,11.61,11.61,11.61,0
EQU004,20151217,11.61,11.61,11.61,11.61,0
EQU004,20151218,11.61,11.61,11.61,11.61,0
EQU004,20151221,11.60,11.60,11.60,11.60,0
EQU004,20151222,11.60,11.60,11.60,11.60,0
EQU004,20151223,11.60,11.60,11.60,11.60,0
EQU004,20151228,11.60,11.60,11.60,11.60,0
EQU004,20151229,11.61,11.61,11.61,11.61,0
EQU004,20151230,11.61,11.61,11.61,11.61,0
EQU004,20160104,11.62,11.62,11.62,11.62,0
EQU004,20160105,11.62,11.62,11.62,11.62,0
EQU004,20160107,11.62,11.62,11.62,11.62,0
EQU004,20160108,11.62,11.62,11.62,11.62,0
EQU004,20160111,11.63,11.63,11.63,11.63,0
EQU004,20160112,11.61,11.61,11.61,11.61,0
EQU004,20160113,11.60,11.60,11.60,11.60,0
EQU004,20160114,11.60,11.60,11.60,11.60,0
EQU004,20160115,11.59,11.59,11.59,11.59,0
EQU004,20160118,11.60,11.60,11.60,11.60,0
EQU004,20160119,11.60,11.60,11.60,11.60,0
EQU004,20160120,11.60,11.60,11.60,11.60,0
EQU004,20160121,11.60,11.60,11.60,11.60,0
EQU004,20160122,11.61,11.61,11.61,11.61,0
EQU004,20160125,11.61,11.61,11.61,11.61,0
EQU004,20160126,11.61,11.61,11.61,11.61,0
EQU004,20160127,11.61,11.61,11.61,11.61,0
EQU004,20160128,11.62,11.62,11.62,11.62,0
EQU004,20160129,11.62,11.62,11.62,11.62,0
EQU004,20160201,11.62,11.62,11.62,11.62,0
EQU004,20160202,11.62,11.62,11.62,11.62,0
EQU004,20160203,11.62,11.62,11.62,11.62,0
EQU004,20160204,11.62,11.62,11.62,11.62,0
EQU004,20160205,11.61,11.61,11.61,11.61,0
EQU004,20160208,11.61,11.61,11.61,11.61,0
EQU004,20160209,11.61,11.61,11.61,11.61,0
EQU004,20160210,11.62,11.62,11.62,11.62,0
EQU004,20160211,11.62,11.62,11.62,11.62,0
EQU004,20160212,11.62,11.62,11.62,11.62,0
EQU004,20160215,11.62,11.62,11.62,11.62,0
EQU004,20160216,11.62,11.62,11.62,11.62,0
EQU004,20160217,11.62,11.62,11.62,11.62,0
EQU004,20160218,11.62,11.62,11.62,11.62,0
EQU004,20160219,11.62,11.62,11.62,11.62,0
EQU004,20160222,11.62,11.62,11.62,11.62,0
EQU004,20160223,11.62,11.62,11.62,11.62,0
EQU004,20160224,11.62,11.62,11.62,11.62,0
EQU004,20160225,11.63,11.63,11.63,11.63,0
EQU004,20160226,11.63,11.63,11.63,11.63,0
EQU004,20160229,11.63,11.63,11.63,11.63,0
EQU004,20160301,11.63,11.63,11.63,11.63,0
EQU004,20160302,11.63,11.63,11.63,11.63,0
EQU004,20160303,11.63,11.63,11.63,11.63,0
EQU004,20160304,11.63,11.63,11.63,11.63,0
EQU004,20160307,11.64,11.64,11.64,11.64,0
EQU004,20160308,11.64,11.64,11.64,11.64,0
EQU004,20160309,11.64,11.64,11.64,11.64,0
EQU004,20160310,11.64,11.64,11.64,11.64,0
EQU004,20160311,11.64,11.64,11.64,11.64,0
EQU004,20160314,11.64,11.64,11.64,11.64,0
EQU004,20160315,11.64,11.64,11.64,11.64,0
EQU004,20160316,11.64,11.64,11.64,11.64,0
EQU004,20160317,11.64,11.64,11.64,11.64,0
EQU004,20160318,11.65,11.65,11.65,11.65,0
EQU004,20160321,11.65,11.65,11.65,11.65,0
EQU004,20160322,11.65,11.65,11.65,11.65,0
EQU004,20160323,11.65,11.65,11.65,11.65,0
EQU004,20160324,11.65,11.65,11.65,11.65,0
EQU004,20160329,11.66,11.66,11.66,11.66,0
EQU004,20160330,11.66,11.66,11.66,11.66,0
EQU004,20160331,11.66,11.66,11.66,11.66,0
EQU004,20160401,11.66,11.66,11.66,11.66,0
EQU004,20160404,11.60,11.60,11.60,11.60,0
EQU004,20160405,11.60,11.60,11.60,11.60,0
EQU004,20160406,11.60,11.60,11.60,11.60,0
EQU004,20160407,11.60,11.60,11.60,11.60,0
EQU004,20160408,11.61,11.61,11.61,11.61,0
EQU004,20160411,11.61,11.61,11.61,11.61,0
EQU004,20160412,11.61,11.61,11.61,11.61,0
EQU004,20160413,11.61,11.61,11.61,11.61,0
EQU004,20160414,11.61,11.61,11.61,11.61,0
EQU004,20160415,11.61,11.61,11.61,11.61,0
EQU004,20160418,11.62,11.62,11.62,11.62,0
EQU004,20160419,11.62,11.62,11.62,11.62,0
EQU004,20160420,11.62,11.62,11.62,11.62,0
EQU004,20160421,11.62,11.62,11.62,11.62,0
EQU004,20160422,11.62,11.62,11.62,11.62,0
EQU004,20160425,11.62,11.62,11.62,11.62,0
EQU004,20160426,11.62,11.62,11.62,11.62,0
EQU004,20160427,11.62,11.62,11.62,11.62,0
EQU004,20160428,11.63,11.63,11.63,11.63,0
EQU004,20160429,11.63,11.63,11.63,11.63,0
EQU004,20160502,11.63,11.63,11.63,11.63,0
EQU004,20160504,11.63,11.63,11.63,11.63,0
EQU004,20160505,11.63,11.63,11.63,11.63,0
EQU004,20160506,11.63,11.63,11.63,11.63,0
EQU004,20160509,11.63,11.63,11.63,11.63,0
EQU004,20160510,11.63,11.63,11.63,11.63,0
EQU004,20160511,11.64,11.64,11.64,11.64,0
EQU004,20160512,11.64,11.64,11.64,11.64,0
EQU004,20160513,11.64,11.64,11.64,11.64,0
EQU004,20160516,11.64,11.64,11.64,11.64,0
EQU004,20160517,11.64,11.64,11.64,11.64,0
EQU004,20160518,11.64,11.64,11.64,11.64,0
EQU004,20160519,11.64,11.64,11.64,11.64,0
EQU004,20160520,11.64,11.64,11.64,11.64,0
EQU004,20160523,11.65,11.65,11.65,11.65,0
EQU004,20160524,11.65,11.65,11.65,11.65,0
EQU004,20160525,11.65,11.65,11.65,11.65,0
EQU004,20160527,11.65,11.65,11.65,11.65,0
EQU004,20160530,11.65,11.65,11.65,11.65,0
EQU004,20160531,11.66,11.66,11.66,11.66,0
EQU004,20160601,11.66,11.66,11.66,11.66,0
EQU004,20160602,11.66,11.66,11.66,11.66,0
EQU004,20160603,11.66,11.66,11.66,11.66,0
EQU004,20160606,11.66,11.66,11.66,11.66,0
EQU004,20160607,11.66,11.66,11.66,11.66,0
EQU004,20160608,11.66,11.66,11.66,11.66,0
EQU004,20160609,11.66,11.66,11.66,11.66,0
EQU004,20160610,11.67,11.67,11.67,11.67,0
EQU004,20160613,11.67,11.67,11.67,11.67,0
EQU004,20160614,11.67,11.67,11.67,11.67,0
EQU004,20160615,11.67,11.67,11.67,11.67,0
EQU004,20160616,11.67,11.67,11.67,11.67,0
EQU004,20160617,11.67,11.67,11.67,11.67,0
EQU004,20160620,11.68,11.68,11.68,11.68,0
EQU004,20160621,11.68,11.68,11.68,11.68,0
EQU004,20160622,11.68,11.68,11.68,11.68,0
EQU004,20160623,11.68,11.68,11.68,11.68,0
EQU004,20160624,11.68,11.68,11.68,11.68,0
EQU004,20160627,11.69,11.69,11.69,11.69,0
EQU004,20160628,11.69,11.69,11.69,11.69,0
EQU004,20160629,11.69,11.69,11.69,11.69,0
EQU004,20160630,11.69,11.69,11.69,11.69,0
EQU004,20160701,11.69,11.69,11.69,11.69,0
EQU004,20160704,11.69,11.69,11.69,11.69,0
EQU004,20160705,11.70,11.70,11.70,11.70,0
EQU004,20160706,11.70,11.70,11.70,11.70,0
EQU004,20160707,11.70,11.70,11.70,11.70,0
EQU004,20160708,11.69,11.69,11.69,11.69,0
EQU004,20160711,11.70,11.70,11.70,11.70,0
EQU004,20160712,11.70,11.70,11.70,11.70,0
EQU004,20160713,11.70,11.70,11.70,11.70,0
EQU004,20160714,11.70,11.70,11.70,11.70,0
EQU004,20160715,11.70,11.70,11.70,11.70,0
EQU004,20160718,11.70,11.70,11.70,11.70,0
EQU004,20160719,11.71,11.71,11.71,11.71,0
EQU004,20160720,11.71,11.71,11.71,11.71,0
EQU004,20160721,11.71,11.71,11.71,11.71,0
EQU004,20160722,11.71,11.71,11.71,11.71,0
EQU004,20160725,11.71,11.71,11.71,11.71,0
EQU004,20160726,11.71,11.71,11.71,11.71,0
EQU004,20160727,11.71,11.71,11.71,11.71,0
EQU004,20160728,11.72,11.72,11.72,11.72,0
EQU004,20160729,11.72,11.72,11.72,11.72,0
EQU004,20160801,11.72,11.72,11.72,11.72,0
EQU004,20160802,11.72,11.72,11.72,11.72,0
EQU004,20160803,11.72,11.72,11.72,11.72,0
EQU004,20160804,11.72,11.72,11.72,11.72,0
EQU004,20160805,11.72,11.72,11.72,11.72,0
EQU004,20160808,11.72,11.72,11.72,11.72,0
EQU004,20160809,11.72,11.72,11.72,11.72,0
EQU004,20160810,11.73,11.73,11.73,11.73,0
EQU004,20160811,11.73,11.73,11.73,11.73,0
EQU004,20160812,11.73,11.73,11.73,11.73,0
EQU004,20160816,11.73,11.73,11.73,11.73,0
EQU004,20160817,11.73,11.73,11.73,11.73,0
EQU004,20160818,11.73,11.73,11.73,11.73,0
EQU004,20160819,11.73,11.73,11.73,11.73,0
EQU004,20160822,11.74,11.74,11.74,11.74,0
EQU004,20160823,11.74,11.74,11.74,11.74,0
EQU004,20160824,11.74,11.74,11.74,11.74,0
EQU004,20160825,11.74,11.74,11.74,11.74,0
EQU004,20160826,11.74,11.74,11.74,11.74,0
EQU004,20160829,11.74,11.74,11.74,11.74,0
EQU004,20160830,11.74,11.74,11.74,11.74,0
EQU004,20160831,11.74,11.74,11.74,11.74,0
EQU004,20160901,11.74,11.74,11.74,11.74,0
EQU004,20160902,11.75,11.75,11.75,11.75,0
EQU004,20160905,11.75,11.75,11.75,11.75,0
EQU004,20160906,11.75,11.75,11.75,11.75,0
EQU004,20160907,11.75,11.75,11.75,11.75,0
EQU004,20160908,11.75,11.75,11.75,11.75,0
EQU004,20160909,11.75,11.75,11.75,11.75,0
EQU004,20160912,11.75,11.75,11.75,11.75,0
EQU004,20160913,11.75,11.75,11.75,11.75,0
EQU004,20160914,11.75,11.75,11.75,11.75,0
EQU004,20160915,11.76,11.76,11.76,11.76,0
EQU004,20160916,11.76,11.76,11.76,11.76,0
EQU004,20160919,11.77,11.77,11.77,11.77,0
EQU004,20160920,11.77,11.77,11.77,11.77,0
EQU004,20160921,11.77,11.77,11.77,11.77,0
EQU004,20160922,11.77,11.77,11.77,11.77,0
EQU004,20160923,11.77,11.77,11.77,11.77,0
EQU004,20160926,11.78,11.78,11.78,11.78,0
EQU004,20160927,11.78,11.78,11.78,11.78,0
EQU004,20160928,11.78,11.78,11.78,11.78,0
EQU004,20160929,11.78,11.78,11.78,11.78,0
EQU004,20160930,11.78,11.78,11.78,11.78,0
EQU004,20161003,11.79,11.79,11.79,11.79,0
EQU004,20161004,11.79,11.79,11.79,11.79,0
EQU004,20161005,11.79,11.79,11.79,11.79,0
EQU004,20161006,11.79,11.79,11.79,11.79,0
EQU004,20161007,11.79,11.79,11.79,11.79,0
EQU004,20161010,11.79,11.79,11.79,11.79,0
EQU004,20161011,11.80,11.80,11.80,11.80,0
EQU004,20161012,11.80,11.80,11.80,11.80,0
EQU004,20161013,11.80,11.80,11.80,11.80,0
EQU004,20161014,11.80,11.80,11.80,11.80,0
EQU004,20161017,11.80,11.80,11.80,11.80,0
EQU004,20161018,11.80,11.80,11.80,11.80,0
EQU004,20161019,11.80,11.80,11.80,11.80,0
EQU004,20161020,11.81,11.81,11.81,11.81,0
EQU004,20161021,11.81,11.81,11.81,11.81,0
EQU004,20161024,11.81,11.81,11.81,11.81,0
EQU004,20161025,11.81,11.81,11.81,11.81,0
EQU004,20161026,11.81,11.81,11.81,11.81,0
EQU004,20161027,11.81,11.81,11.81,11.81,0
EQU004,20161028,11.82,11.82,11.82,11.82,0
EQU004,20161031,11.82,11.82,11.82,11.82,0
EQU004,20161102,11.83,11.83,11.83,11.83,0
EQU004,20161103,11.83,11.83,11.83,11.83,0
EQU004,20161104,11.83,11.83,11.83,11.83,0
EQU004,20161107,11.83,11.83,11.83,11.83,0
EQU004,20161108,11.83,11.83,11.83,11.83,0
EQU004,20161109,11.83,11.83,11.83,11.83,0
EQU004,20161110,11.84,11.84,11.84,11.84,0
EQU004,20161114,11.84,11.84,11.84,11.84,0
EQU004,20161115,11.84,11.84,11.84,11.84,0
EQU004,20161116,11.84,11.84,11.84,11.84,0
EQU004,20161117,11.85,11.85,11.85,11.85,0
EQU004,20161118,11.85,11.85,11.85,11.85,0
EQU004,20161121,11.85,11.85,11.85,11.85,0
EQU004,20161122,11.85,11.85,11.85,11.85,0
EQU004,20161123,11.85,11.85,11.85,11.85,0
EQU004,20161124,11.85,11.85,11.85,11.85,0
EQU004,20161125,11.85,11.85,11.85,11.85,0
EQU004,20161128,11.85,11.85,11.85,11.85,0
EQU004,20161129,11.85,11.85,11.85,11.85,0
EQU004,20161130,11.85,11.85,11.85,11.85,0
EQU004,20161201,11.85,11.85,11.85,11.85,0
EQU004,20161202,11.85,11.85,11.85,11.85,0
EQU004,20161205,11.85,11.85,11.85,11.85,0
EQU004,20161206,11.85,11.85,11.85,11.85,0
EQU004,20161207,11.85,11.85,11.85,11.85,0
EQU004,20161208,11.85,11.85,11.85,11.85,0
EQU004,20161209,11.85,11.85,11.85,11.85,0
EQU004,20161212,11.85,11.85,11.85,11.85,0
EQU004,20161213,11.86,11.86,11.86,11.86,0
EQU004,20161214,11.86,11.86,11.86,11.86,0
EQU004,20161215,11.86,11.86,11.86,11.86,0
EQU004,20161216,11.86,11.86,11.86,11.86,0
EQU004,20161219,11.86,11.86,11.86,11.86,0
EQU004,20161220,11.86,11.86,11.86,11.86,0
EQU004,20161221,11.86,11.86,11.86,11.86,0
EQU004,20161222,11.86,11.86,11.86,11.86,0
EQU004,20161223,11.86,11.86,11.86,11.86,0
EQU004,20161227,11.87,11.87,11.87,11.87,0
EQU004,20161228,11.87,11.87,11.87,11.87,0
EQU004,20161229,11.87,11.87,11.87,11.87,0
EQU004,20161230,11.87,11.87,11.87,11.87,0
EQU004,20170102,11.87,11.87,11.87,11.87,0
EQU004,20170103,11.88,11.88,11.88,11.88,0
EQU004,20170104,11.87,11.87,11.87,11.87,0
EQU004,20170105,11.87,11.87,11.87,11.87,0
EQU004,20170109,11.87,11.87,11.87,11.87,0
EQU004,20170110,11.87,11.87,11.87,11.87,0
EQU004,20170111,11.87,11.87,11.87,11.87,0
EQU004,20170112,11.87,11.87,11.87,11.87,0
EQU004,20170113,11.87,11.87,11.87,11.87,0
EQU004,20170116,11.88,11.88,11.88,11.88,0
EQU004,20170117,11.88,11.88,11.88,11.88,0
EQU004,20170118,11.88,11.88,11.88,11.88,0
EQU004,20170119,11.88,11.88,11.88,11.88,0
EQU004,20170120,11.88,11.88,11.88,11.88,0
EQU004,20170123,11.88,11.88,11.88,11.88,0
EQU004,20170124,11.88,11.88,11.88,11.88,0
EQU004,20170125,11.88,11.88,11.88,11.88,0
EQU004,20170126,11.88,11.88,11.88,11.88,0
EQU004,20170127,11.88,11.88,11.88,11.88,0
EQU004,20170130,11.89,11.89,11.89,11.89,0
EQU004,20170131,11.89,11.89,11.89,11.89,0
EQU004,20170201,11.89,11.89,11.89,11.89,0
EQU004,20170202,11.89,11.89,11.89,11.89,0
EQU004,20170203,11.89,11.89,11.89,11.89,0
EQU004,20170206,11.89,11.89,11.89,11.89,0
EQU004,20170207,11.89,11.89,11.89,11.89,0
EQU004,20170208,11.90,11.90,11.90,11.90,0
EQU004,20170209,11.90,11.90,11.90,11.90,0
EQU004,20170210,11.90,11.90,11.90,11.90,0
EQU004,20170213,11.90,11.90,11.90,11.90,0
EQU004,20170214,11.90,11.90,11.90,11.90,0
EQU004,20170215,11.90,11.90,11.90,11.90,0
EQU004,20170216,11.90,11.90,11.90,11.90,0
EQU004,20170217,11.90,11.90,11.90,11.90,0
EQU004,20170220,11.90,11.90,11.90,11.90,0
EQU004,20170221,11.90,11.90,11.90,11.90,0
EQU004,20170222,11.90,11.90,11.90,11.90,0
EQU004,20170223,11.90,11.90,11.90,11.90,0
EQU004,20170224,11.90,11.90,11.90,11.90,0
EQU004,20170227,11.90,11.90,11.90,11.90,0
EQU004,20170228,11.91,11.91,11.91,11.91,0
EQU004,20170301,11.91,11.91,11.91,11.91,0
EQU004,20170302,11.91,11.91,11.91,11.91,0
EQU004,20170303,11.91,11.91,11.91,11.91,0
EQU004,20170306,11.91,11.91,11.91,11.91,0
EQU004,20170307,11.91,11.91,11.91,11.91,0
EQU004,20170308,11.91,11.91,11.91,11.91,0
EQU004,20170309,11.92,11.92,11.92,11.92,0
EQU004,20170310,11.92,11.92,11.92,11.92,0
EQU004,20170313,11.92,11.92,11.92,11.92,0
EQU004,20170314,11.92,11.92,11.92,11.92,0
EQU004,20170315,11.92,11.92,11.92,11.92,0
EQU004,20170316,11.92,11.92,11.92,11.92,0
EQU004,20170317,11.92,11.92,11.92,11.92,0
EQU004,20170320,11.92,11.92,11.92,11.92,0
EQU004,20170321,11.92,11.92,11.92,11.92,0
EQU004,20170322,11.92,11.92,11.92,11.92,0
EQU004,20170323,11.92,11.92,11.92,11.92,0
EQU004,20170324,11.92,11.92,11.92,11.92,0
EQU004,20170327,11.93,11.93,11.93,11.93,0
EQU004,20170328,11.93,11.93,11.93,11.93,0
EQU004,20170329,11.93,11.93,11.93,11.93,0
EQU004,20170330,11.93,11.93,11.93,11.93,0
EQU004,20170331,11.93,11.93,11.93,11.93,0
EQU004,20170403,11.93,11.93,11.93,11.93,0
EQU004,20170404,11.93,11.93,11.93,11.93,0
EQU004,20170405,11.93,11.93,11.93,11.93,0
EQU004,20170406,11.93,11.93,11.93,11.93,0
EQU004,20170407,11.94,11.94,11.94,11.94,0
EQU004,20170410,11.94,11.94,11.94,11.94,0
EQU004,20170411,11.94,11.94,11.94,11.94,0
EQU004,20170412,11.94,11.94,11.94,11.94,0
EQU004,20170413,11.94,11.94,11.94,11.94,0
EQU004,20170418,11.94,11.94,11.94,11.94,0
EQU004,20170419,11.94,11.94,11.94,11.94,0
EQU004,20170420,11.95,11.95,11.95,11.95,0
EQU004,20170421,11.95,11.95,11.95,11.95,0
EQU004,20170424,11.95,11.95,11.95,11.95,0
EQU004,20170425,11.95,11.95,11.95,11.95,0
EQU004,20170426,11.95,11.95,11.95,11.95,0
EQU004,20170427,11.95,11.95,11.95,11.95,0
EQU004,20170428,11.95,11.95,11.95,11.95,0
EQU004,20170502,11.95,11.95,11.95,11.95,0
EQU004,20170504,11.95,11.95,11.95,11.95,0
EQU004,20170505,11.95,11.95,11.95,11.95,0
EQU004,20170508,11.96,11.96,11.96,11.96,0
EQU004,20170509,11.96,11.96,11.96,11.96,0
EQU004,20170510,11.96,11.96,11.96,11.96,0
EQU004,20170511,11.96,11.96,11.96,11.96,0
EQU004,20170512,11.96,11.96,11.96,11.96,0
EQU004,20170515,11.96,11.96,11.96,11.96,0
EQU004,20170516,11.96,11.96,11.96,11.96,0
EQU004,20170517,11.96,11.96,11.96,11.96,0
EQU004,20170518,11.96,11.96,11.96,11.96,0
EQU004,20170519,11.96,11.96,11.96,11.96,0
EQU004,20170522,11.96,11.96,11.96,11.96,0
EQU004,20170523,11.96,11.96,11.96,11.96,0
EQU004,20170524,11.96,11.96,11.96,11.96,0
EQU004,20170525,11.96,11.96,11.96,11.96,0
EQU004,20170526,11.96,11.96,11.96,11.96,0
EQU004,20170529,11.97,11.97,11.97,11.97,0
EQU004,20170530,11.97,11.97,11.97,11.97,0
EQU004,20170531,11.97,11.97,11.97,11.97,0
EQU004,20170601,11.97,11.97,11.97,11.97,0
EQU004,20170602,11.97,11.97,11.97,11.97,0
EQU004,20170605,11.97,11.97,11.97,11.97,0
EQU004,20170606,11.97,11.97,11.97,11.97,0
EQU004,20170607,11.97,11.97,11.97,11.97,0
EQU004,20170608,11.97,11.97,11.97,11.97,0
EQU004,20170609,11.97,11.97,11.97,11.97,0
EQU004,20170612,11.97,11.97,11.97,11.97,0
EQU004,20170613,11.97,11.97,11.97,11.97,0
EQU004,20170614,11.97,11.97,11.97,11.97,0
EQU004,20170616,11.97,11.97,11.97,11.97,0
EQU004,20170619,11.97,11.97,11.97,11.97,0
EQU004,20170620,11.97,11.97,11.97,11.97,0
EQU004,20170621,11.97,11.97,11.97,11.97,0
EQU004,20170622,11.97,11.97,11.97,11.97,0
EQU004,20170623,11.97,11.97,11.97,11.97,0
EQU004,20170626,11.97,11.97,11.97,11.97,0
EQU004,20170627,11.97,11.97,11.97,11.97,0
EQU004,20170628,11.97,11.97,11.97,11.97,0
EQU004,20170629,11.98,11.98,11.98,11.98,0
EQU004,20170630,11.97,11.97,11.97,11.97,0
EQU004,20170703,11.98,11.98,11.98,11.98,0
EQU004,20170704,11.98,11.98,11.98,11.98,0
EQU004,20170705,11.98,11.98,11.98,11.98,0
EQU004,20170706,11.98,11.98,11.98,11.98,0
EQU004,20170707,11.98,11.98,11.98,11.98,0
EQU004,20170710,11.98,11.98,11.98,11.98,0
EQU004,20170711,11.98,11.98,11.98,11.98,0
EQU004,20170712,11.98,11.98,11.98,11.98,0
EQU004,20170713,11.98,11.98,11.98,11.98,0
EQU004,20170714,11.98,11.98,11.98,11.98,0
EQU004,20170717,11.98,11.98,11.98,11.98,0
EQU004,20170718,11.98,11.98,11.98,11.98,0
EQU004,20170719,11.98,11.98,11.98,11.98,0
EQU004,20170720,11.98,11.98,11.98,11.98,0
EQU004,20170721,11.99,11.99,11.99,11.99,0
EQU004,20170724,11.99,11.99,11.99,11.99,0
EQU004,20170725,11.99,11.99,11.99,11.99,0
EQU004,20170726,11.99,11.99,11.99,11.99,0
EQU004,20170727,11.99,11.99,11.99,11.99,0
EQU004,20170728,11.99,11.99,11.99,11.99,0
EQU004,20170731,11.99,11.99,11.99,11.99,0
EQU004,20170801,11.99,11.99,11.99,11.99,0
EQU004,20170802,11.99,11.99,11.99,11.99,0
EQU004,20170803,11.99,11.99,11.99,11.99,0
EQU004,20170804,11.99,11.99,11.99,11.99,0
EQU004,20170807,11.99,11.99,11.99,11.99,0
EQU004,20170808,11.99,11.99,11.99,11.99,0
EQU004,20170809,12.00,12.00,12.00,12.00,0
EQU004,20170810,12.00,12.00,12.00,12.00,0
EQU004,20170811,11.99,11.99,11.99,11.99,0
EQU004,20170814,12.00,12.00,12.00,12.00,0
EQU004,20170816,12.00,12.00,12.00,12.00,0
EQU004,20170817,12.00,12.00,12.00,12.00,0
EQU004,20170818,12.00,12.00,12.00,12.00,0
EQU004,20170821,12.00,12.00,12.00,12.00,0
EQU004,20170822,12.00,12.00,12.00,12.00,0
EQU004,20170823,12.00,12.00,12.00,12.00,0
EQU004,20170824,12.00,12.00,12.00,12.00,0
EQU004,20170825,12.00,12.00,12.00,12.00,0
EQU004,20170828,12.00,12.00,12.00,12.00,0
EQU004,20170829,12.00,12.00,12.00,12.00,0
EQU004,20170830,12.00,12.00,12.00,12.00,0
EQU004,20170831,12.00,12.00,12.00,12.00,0
EQU004,20170901,12.01,12.01,12.01,12.01,0
EQU004,20170904,12.01,12.01,12.01,12.01,0
EQU004,20170905,12.01,12.01,12.01,12.01,0
EQU004,20170906,12.01,12.01,12.01,12.01,0
EQU004,20170907,12.01,12.01,12.01,12.01,0
EQU004,20170908,12.01,12.01,12.01,12.01,0
EQU004,20170911,12.01,12.01,12.01,12.01,0
EQU004,20170912,12.01,12.01,12.01,12.01,0
EQU004,20170913,12.01,12.01,12.01,12.01,0
EQU004,20170914,12.01,12.01,12.01,12.01,0
EQU004,20170915,12.01,12.01,12.01,12.01,0
EQU004,20170918,12.01,12.01,12.01,12.01,0
EQU004,20170919,12.01,12.01,12.01,12.01,0
EQU004,20170920,12.01,12.01,12.01,12.01,0
EQU004,20170921,12.01,12.01,12.01,12.01,0
