Name,Date,Open,High,Low,Close,Volume
ING027,20100217,102.58,102.58,102.58,102.58,0
ING027,20100218,103.01,103.01,103.01,103.01,0
ING027,20100219,103.40,103.40,103.40,103.40,0
ING027,20100222,103.10,103.10,103.10,103.10,0
ING027,20100223,102.30,102.30,102.30,102.30,0
ING027,20100224,102.44,102.44,102.44,102.44,0
ING027,20100225,101.05,101.05,101.05,101.05,0
ING027,20100226,101.70,101.70,101.70,101.70,0
ING027,20100301,102.76,102.76,102.76,102.76,0
ING027,20100302,103.38,103.38,103.38,103.38,0
ING027,20100303,103.74,103.74,103.74,103.74,0
ING027,20100304,103.83,103.83,103.83,103.83,0
ING027,20100305,105.13,105.13,105.13,105.13,0
ING027,20100308,105.17,105.17,105.17,105.17,0
ING027,20100309,104.96,104.96,104.96,104.96,0
ING027,20100310,105.41,105.41,105.41,105.41,0
ING027,20100311,105.43,105.43,105.43,105.43,0
ING027,20100312,105.52,105.52,105.52,105.52,0
ING027,20100315,105.15,105.15,105.15,105.15,0
ING027,20100316,105.88,105.88,105.88,105.88,0
ING027,20100317,106.30,106.30,106.30,106.30,0
ING027,20100318,106.40,106.40,106.40,106.40,0
ING027,20100319,105.94,105.94,105.94,105.94,0
ING027,20100322,105.91,105.91,105.91,105.91,0
ING027,20100323,106.54,106.54,106.54,106.54,0
ING027,20100324,106.69,106.69,106.69,106.69,0
ING027,20100325,107.50,107.50,107.50,107.50,0
ING027,20100326,107.05,107.05,107.05,107.05,0
ING027,20100329,107.22,107.22,107.22,107.22,0
ING027,20100330,107.47,107.47,107.47,107.47,0
ING027,20100331,107.46,107.46,107.46,107.46,0
ING027,20100401,107.20,107.20,107.20,107.20,0
ING027,20100406,108.79,108.79,108.79,108.79,0
ING027,20100407,108.74,108.74,108.74,108.74,0
ING027,20100408,108.13,108.13,108.13,108.13,0
ING027,20100409,109.60,109.60,109.60,109.60,0
ING027,20100412,109.30,109.30,109.30,109.30,0
ING027,20100413,109.09,109.09,109.09,109.09,0
ING027,20100414,109.87,109.87,109.87,109.87,0
ING027,20100415,110.63,110.63,110.63,110.63,0
ING027,20100416,109.27,109.27,109.27,109.27,0
ING027,20100419,108.75,108.75,108.75,108.75,0
ING027,20100420,109.95,109.95,109.95,109.95,0
ING027,20100421,109.67,109.67,109.67,109.67,0
ING027,20100422,108.41,108.41,108.41,108.41,0
ING027,20100423,109.05,109.05,109.05,109.05,0
ING027,20100426,109.62,109.62,109.62,109.62,0
ING027,20100427,106.62,106.62,106.62,106.62,0
ING027,20100428,105.31,105.31,105.31,105.31,0
ING027,20100429,106.48,106.48,106.48,106.48,0
ING027,20100430,106.06,106.06,106.06,106.06,0
ING027,20100504,103.91,103.91,103.91,103.91,0
ING027,20100505,103.02,103.02,103.02,103.02,0
ING027,20100506,101.03,101.03,101.03,101.03,0
ING027,20100507,97.48,97.48,97.48,97.48,0
ING027,20100510,103.14,103.14,103.14,103.14,0
ING027,20100511,102.79,102.79,102.79,102.79,0
ING027,20100512,102.78,102.78,102.78,102.78,0
ING027,20100513,104.34,104.34,104.34,104.34,0
ING027,20100514,101.24,101.24,101.24,101.24,0
ING027,20100517,101.19,101.19,101.19,101.19,0
ING027,20100518,102.11,102.11,102.11,102.11,0
ING027,20100519,99.76,99.76,99.76,99.76,0
ING027,20100520,98.06,98.06,98.06,98.06,0
ING027,20100521,98.05,98.05,98.05,98.05,0
ING027,20100524,97.53,97.53,97.53,97.53,0
ING027,20100525,96.03,96.03,96.03,96.03,0
ING027,20100526,97.50,97.50,97.50,97.50,0
ING027,20100527,100.02,100.02,100.02,100.02,0
ING027,20100528,99.89,99.89,99.89,99.89,0
ING027,20100531,100.21,100.21,100.21,100.21,0
ING027,20100601,100.49,100.49,100.49,100.49,0
ING027,20100602,100.74,100.74,100.74,100.74,0
ING027,20100604,100.34,100.34,100.34,100.34,0
ING027,20100607,99.81,99.81,99.81,99.81,0
ING027,20100608,98.73,98.73,98.73,98.73,0
ING027,20100609,100.11,100.11,100.11,100.11,0
ING027,20100610,101.27,101.27,101.27,101.27,0
ING027,20100611,101.98,101.98,101.98,101.98,0
ING027,20100614,103.08,103.08,103.08,103.08,0
ING027,20100615,104.01,104.01,104.01,104.01,0
ING027,20100616,104.16,104.16,104.16,104.16,0
ING027,20100617,103.96,103.96,103.96,103.96,0
ING027,20100618,103.93,103.93,103.93,103.93,0
ING027,20100621,104.69,104.69,104.69,104.69,0
ING027,20100622,104.69,104.69,104.69,104.69,0
ING027,20100623,104.22,104.22,104.22,104.22,0
ING027,20100624,101.86,101.86,101.86,101.86,0
ING027,20100625,101.43,101.43,101.43,101.43,0
ING027,20100628,102.48,102.48,102.48,102.48,0
ING027,20100629,99.94,99.94,99.94,99.94,0
ING027,20100630,99.83,99.83,99.83,99.83,0
ING027,20100701,97.60,97.60,97.60,97.60,0
ING027,20100702,97.62,97.62,97.62,97.62,0
ING027,20100705,97.26,97.26,97.26,97.26,0
ING027,20100706,99.33,99.33,99.33,99.33,0
ING027,20100707,100.41,100.41,100.41,100.41,0
ING027,20100708,101.27,101.27,101.27,101.27,0
ING027,20100709,101.67,101.67,101.67,101.67,0
ING027,20100712,102.00,102.00,102.00,102.00,0
ING027,20100713,103.60,103.60,103.60,103.60,0
ING027,20100714,103.57,103.57,103.57,103.57,0
ING027,20100715,102.58,102.58,102.58,102.58,0
ING027,20100716,100.62,100.62,100.62,100.62,0
ING027,20100719,100.02,100.02,100.02,100.02,0
ING027,20100720,100.15,100.15,100.15,100.15,0
ING027,20100721,101.18,101.18,101.18,101.18,0
ING027,20100722,102.97,102.97,102.97,102.97,0
ING027,20100723,103.53,103.53,103.53,103.53,0
ING027,20100726,103.81,103.81,103.81,103.81,0
ING027,20100727,104.21,104.21,104.21,104.21,0
ING027,20100728,103.95,103.95,103.95,103.95,0
ING027,20100729,103.81,103.81,103.81,103.81,0
ING027,20100730,103.43,103.43,103.43,103.43,0
ING027,20100802,105.83,105.83,105.83,105.83,0
ING027,20100803,105.87,105.87,105.87,105.87,0
ING027,20100804,106.06,106.06,106.06,106.06,0
ING027,20100805,105.96,105.96,105.96,105.96,0
ING027,20100806,105.12,105.12,105.12,105.12,0
ING027,20100809,106.39,106.39,106.39,106.39,0
ING027,20100810,105.74,105.74,105.74,105.74,0
ING027,20100811,104.29,104.29,104.29,104.29,0
ING027,20100812,104.36,104.36,104.36,104.36,0
ING027,20100813,104.37,104.37,104.37,104.37,0
ING027,20100816,104.20,104.20,104.20,104.20,0
ING027,20100817,105.14,105.14,105.14,105.14,0
ING027,20100818,104.99,104.99,104.99,104.99,0
ING027,20100819,103.68,103.68,103.68,103.68,0
ING027,20100820,103.15,103.15,103.15,103.15,0
ING027,20100823,103.74,103.74,103.74,103.74,0
ING027,20100824,102.07,102.07,102.07,102.07,0
ING027,20100825,101.60,101.60,101.60,101.60,0
ING027,20100826,102.05,102.05,102.05,102.05,0
ING027,20100827,102.88,102.88,102.88,102.88,0
ING027,20100830,102.87,102.87,102.87,102.87,0
ING027,20100831,102.75,102.75,102.75,102.75,0
ING027,20100901,105.01,105.01,105.01,105.01,0
ING027,20100902,105.06,105.06,105.06,105.06,0
ING027,20100903,105.84,105.84,105.84,105.84,0
ING027,20100906,106.23,106.23,106.23,106.23,0
ING027,20100907,105.93,105.93,105.93,105.93,0
ING027,20100908,106.85,106.85,106.85,106.85,0
ING027,20100909,107.53,107.53,107.53,107.53,0
ING027,20100910,107.38,107.38,107.38,107.38,0
ING027,20100913,107.80,107.80,107.80,107.80,0
ING027,20100914,107.59,107.59,107.59,107.59,0
ING027,20100915,107.33,107.33,107.33,107.33,0
ING027,20100916,106.60,106.60,106.60,106.60,0
ING027,20100917,106.19,106.19,106.19,106.19,0
ING027,20100920,107.04,107.04,107.04,107.04,0
ING027,20100921,106.52,106.52,106.52,106.52,0
ING027,20100922,105.06,105.06,105.06,105.06,0
ING027,20100923,104.95,104.95,104.95,104.95,0
ING027,20100924,105.56,105.56,105.56,105.56,0
ING027,20100927,105.25,105.25,105.25,105.25,0
ING027,20100928,104.88,104.88,104.88,104.88,0
ING027,20100929,104.28,104.28,104.28,104.28,0
ING027,20100930,103.82,103.82,103.82,103.82,0
ING027,20101001,103.67,103.67,103.67,103.67,0
ING027,20101004,103.33,103.33,103.33,103.33,0
ING027,20101005,104.43,104.43,104.43,104.43,0
ING027,20101006,104.49,104.49,104.49,104.49,0
ING027,20101007,104.64,104.64,104.64,104.64,0
ING027,20101008,104.60,104.60,104.60,104.60,0
ING027,20101011,104.95,104.95,104.95,104.95,0
ING027,20101012,104.44,104.44,104.44,104.44,0
ING027,20101013,105.68,105.68,105.68,105.68,0
ING027,20101014,105.50,105.50,105.50,105.50,0
ING027,20101015,105.77,105.77,105.77,105.77,0
ING027,20101018,106.32,106.32,106.32,106.32,0
ING027,20101019,105.88,105.88,105.88,105.88,0
ING027,20101020,105.94,105.94,105.94,105.94,0
ING027,20101021,106.37,106.37,106.37,106.37,0
ING027,20101022,106.05,106.05,106.05,106.05,0
ING027,20101025,106.11,106.11,106.11,106.11,0
ING027,20101026,106.25,106.25,106.25,106.25,0
ING027,20101027,105.73,105.73,105.73,105.73,0
ING027,20101028,106.12,106.12,106.12,106.12,0
ING027,20101029,106.23,106.23,106.23,106.23,0
ING027,20101102,106.49,106.49,106.49,106.49,0
ING027,20101103,105.95,105.95,105.95,105.95,0
ING027,20101104,107.11,107.11,107.11,107.11,0
ING027,20101105,107.49,107.49,107.49,107.49,0
ING027,20101108,107.59,107.59,107.59,107.59,0
ING027,20101109,107.87,107.87,107.87,107.87,0
ING027,20101110,107.92,107.92,107.92,107.92,0
ING027,20101112,107.36,107.36,107.36,107.36,0
ING027,20101115,107.99,107.99,107.99,107.99,0
ING027,20101116,106.06,106.06,106.06,106.06,0
ING027,20101117,106.64,106.64,106.64,106.64,0
ING027,20101118,107.69,107.69,107.69,107.69,0
ING027,20101119,107.14,107.14,107.14,107.14,0
ING027,20101122,106.50,106.50,106.50,106.50,0
ING027,20101123,104.91,104.91,104.91,104.91,0
ING027,20101124,105.29,105.29,105.29,105.29,0
ING027,20101125,105.28,105.28,105.28,105.28,0
ING027,20101126,105.23,105.23,105.23,105.23,0
ING027,20101129,103.62,103.62,103.62,103.62,0
ING027,20101130,103.35,103.35,103.35,103.35,0
ING027,20101201,104.66,104.66,104.66,104.66,0
ING027,20101202,105.73,105.73,105.73,105.73,0
ING027,20101203,105.66,105.66,105.66,105.66,0
ING027,20101206,105.59,105.59,105.59,105.59,0
ING027,20101207,106.56,106.56,106.56,106.56,0
ING027,20101208,107.39,107.39,107.39,107.39,0
ING027,20101209,108.18,108.18,108.18,108.18,0
ING027,20101210,108.09,108.09,108.09,108.09,0
ING027,20101213,108.37,108.37,108.37,108.37,0
ING027,20101214,108.77,108.77,108.77,108.77,0
ING027,20101215,108.54,108.54,108.54,108.54,0
ING027,20101216,108.94,108.94,108.94,108.94,0
ING027,20101217,108.36,108.36,108.36,108.36,0
ING027,20101220,109.11,109.11,109.11,109.11,0
ING027,20101221,109.84,109.84,109.84,109.84,0
ING027,20101222,110.01,110.01,110.01,110.01,0
ING027,20101223,110.14,110.14,110.14,110.14,0
ING027,20101227,109.28,109.28,109.28,109.28,0
ING027,20101228,109.51,109.51,109.51,109.51,0
ING027,20101229,109.99,109.99,109.99,109.99,0
ING027,20101230,108.74,108.74,108.74,108.74,0
ING027,20101231,108.32,108.32,108.32,108.32,0
ING027,20110103,109.08,109.08,109.08,109.08,0
ING027,20110104,110.01,110.01,110.01,110.01,0
ING027,20110105,110.18,110.18,110.18,110.18,0
ING027,20110107,110.31,110.31,110.31,110.31,0
ING027,20110110,109.36,109.36,109.36,109.36,0
ING027,20110111,110.23,110.23,110.23,110.23,0
ING027,20110112,111.77,111.77,111.77,111.77,0
ING027,20110113,111.57,111.57,111.57,111.57,0
ING027,20110114,111.90,111.90,111.90,111.90,0
ING027,20110117,112.17,112.17,112.17,112.17,0
ING027,20110118,112.96,112.96,112.96,112.96,0
ING027,20110119,112.06,112.06,112.06,112.06,0
ING027,20110120,111.62,111.62,111.62,111.62,0
ING027,20110121,112.54,112.54,112.54,112.54,0
ING027,20110124,112.98,112.98,112.98,112.98,0
ING027,20110125,112.08,112.08,112.08,112.08,0
ING027,20110126,112.53,112.53,112.53,112.53,0
ING027,20110127,112.71,112.71,112.71,112.71,0
ING027,20110128,111.88,111.88,111.88,111.88,0
ING027,20110131,111.77,111.77,111.77,111.77,0
ING027,20110201,113.04,113.04,113.04,113.04,0
ING027,20110202,113.53,113.53,113.53,113.53,0
ING027,20110203,113.65,113.65,113.65,113.65,0
ING027,20110204,114.04,114.04,114.04,114.04,0
ING027,20110207,115.10,115.10,115.10,115.10,0
ING027,20110208,114.98,114.98,114.98,114.98,0
ING027,20110209,114.83,114.83,114.83,114.83,0
ING027,20110210,114.73,114.73,114.73,114.73,0
ING027,20110211,114.65,114.65,114.65,114.65,0
ING027,20110214,114.76,114.76,114.76,114.76,0
ING027,20110215,114.86,114.86,114.86,114.86,0
ING027,20110216,115.54,115.54,115.54,115.54,0
ING027,20110217,115.83,115.83,115.83,115.83,0
ING027,20110218,116.03,116.03,116.03,116.03,0
ING027,20110221,114.72,114.72,114.72,114.72,0
ING027,20110222,113.80,113.80,113.80,113.80,0
ING027,20110223,113.13,113.13,113.13,113.13,0
ING027,20110224,112.43,112.43,112.43,112.43,0
ING027,20110225,113.61,113.61,113.61,113.61,0
ING027,20110228,114.45,114.45,114.45,114.45,0
ING027,20110301,113.67,113.67,113.67,113.67,0
ING027,20110302,112.94,112.94,112.94,112.94,0
ING027,20110303,113.15,113.15,113.15,113.15,0
ING027,20110304,112.59,112.59,112.59,112.59,0
ING027,20110307,112.07,112.07,112.07,112.07,0
ING027,20110308,112.68,112.68,112.68,112.68,0
ING027,20110309,112.50,112.50,112.50,112.50,0
ING027,20110310,111.77,111.77,111.77,111.77,0
ING027,20110311,110.86,110.86,110.86,110.86,0
ING027,20110314,109.43,109.43,109.43,109.43,0
ING027,20110315,107.13,107.13,107.13,107.13,0
ING027,20110316,105.74,105.74,105.74,105.74,0
ING027,20110317,107.36,107.36,107.36,107.36,0
ING027,20110318,107.38,107.38,107.38,107.38,0
ING027,20110321,109.02,109.02,109.02,109.02,0
ING027,20110322,108.82,108.82,108.82,108.82,0
ING027,20110323,109.05,109.05,109.05,109.05,0
ING027,20110324,109.67,109.67,109.67,109.67,0
ING027,20110325,109.84,109.84,109.84,109.84,0
ING027,20110328,109.98,109.98,109.98,109.98,0
ING027,20110329,110.01,110.01,110.01,110.01,0
ING027,20110330,110.74,110.74,110.74,110.74,0
ING027,20110331,109.71,109.71,109.71,109.71,0
ING027,20110401,110.92,110.92,110.92,110.92,0
ING027,20110404,110.99,110.99,110.99,110.99,0
ING027,20110405,111.24,111.24,111.24,111.24,0
ING027,20110406,111.41,111.41,111.41,111.41,0
ING027,20110407,111.47,111.47,111.47,111.47,0
ING027,20110408,111.71,111.71,111.71,111.71,0
ING027,20110411,111.54,111.54,111.54,111.54,0
ING027,20110412,110.16,110.16,110.16,110.16,0
ING027,20110413,110.82,110.82,110.82,110.82,0
ING027,20110414,110.42,110.42,110.42,110.42,0
ING027,20110415,110.80,110.80,110.80,110.80,0
ING027,20110418,109.25,109.25,109.25,109.25,0
ING027,20110419,109.64,109.64,109.64,109.64,0
ING027,20110420,111.20,111.20,111.20,111.20,0
ING027,20110421,111.44,111.44,111.44,111.44,0
ING027,20110426,112.02,112.02,112.02,112.02,0
ING027,20110427,112.64,112.64,112.64,112.64,0
ING027,20110428,113.34,113.34,113.34,113.34,0
ING027,20110429,113.43,113.43,113.43,113.43,0
ING027,20110502,113.38,113.38,113.38,113.38,0
ING027,20110504,112.62,112.62,112.62,112.62,0
ING027,20110505,112.40,112.40,112.40,112.40,0
ING027,20110506,113.74,113.74,113.74,113.74,0
ING027,20110509,113.49,113.49,113.49,113.49,0
ING027,20110510,114.08,114.08,114.08,114.08,0
ING027,20110511,114.70,114.70,114.70,114.70,0
ING027,20110512,114.49,114.49,114.49,114.49,0
ING027,20110513,113.95,113.95,113.95,113.95,0
ING027,20110516,113.31,113.31,113.31,113.31,0
ING027,20110517,112.64,112.64,112.64,112.64,0
ING027,20110518,113.05,113.05,113.05,113.05,0
ING027,20110519,113.38,113.38,113.38,113.38,0
ING027,20110520,113.47,113.47,113.47,113.47,0
ING027,20110523,112.13,112.13,112.13,112.13,0
ING027,20110524,111.78,111.78,111.78,111.78,0
ING027,20110525,112.59,112.59,112.59,112.59,0
ING027,20110526,112.88,112.88,112.88,112.88,0
ING027,20110527,113.19,113.19,113.19,113.19,0
ING027,20110530,112.95,112.95,112.95,112.95,0
ING027,20110531,113.72,113.72,113.72,113.72,0
ING027,20110601,112.91,112.91,112.91,112.91,0
ING027,20110602,112.90,112.90,112.90,112.90,0
ING027,20110603,110.76,110.76,110.76,110.76,0
ING027,20110606,110.31,110.31,110.31,110.31,0
ING027,20110607,110.56,110.56,110.56,110.56,0
ING027,20110608,109.52,109.52,109.52,109.52,0
ING027,20110609,110.27,110.27,110.27,110.27,0
ING027,20110610,108.96,108.96,108.96,108.96,0
ING027,20110613,108.94,108.94,108.94,108.94,0
ING027,20110614,109.71,109.71,109.71,109.71,0
ING027,20110615,108.87,108.87,108.87,108.87,0
ING027,20110616,108.41,108.41,108.41,108.41,0
ING027,20110617,108.56,108.56,108.56,108.56,0
ING027,20110620,106.96,106.96,106.96,106.96,0
ING027,20110621,108.24,108.24,108.24,108.24,0
ING027,20110622,107.91,107.91,107.91,107.91,0
ING027,20110624,105.99,105.99,105.99,105.99,0
ING027,20110627,105.97,105.97,105.97,105.97,0
ING027,20110628,106.33,106.33,106.33,106.33,0
ING027,20110629,108.02,108.02,108.02,108.02,0
ING027,20110630,109.06,109.06,109.06,109.06,0
ING027,20110701,109.65,109.65,109.65,109.65,0
ING027,20110704,109.90,109.90,109.90,109.90,0
ING027,20110705,109.57,109.57,109.57,109.57,0
ING027,20110706,109.00,109.00,109.00,109.00,0
ING027,20110707,109.42,109.42,109.42,109.42,0
ING027,20110708,108.60,108.60,108.60,108.60,0
ING027,20110711,107.14,107.14,107.14,107.14,0
ING027,20110712,106.07,106.07,106.07,106.07,0
ING027,20110713,106.49,106.49,106.49,106.49,0
ING027,20110714,105.41,105.41,105.41,105.41,0
ING027,20110715,105.21,105.21,105.21,105.21,0
ING027,20110718,103.94,103.94,103.94,103.94,0
ING027,20110719,104.53,104.53,104.53,104.53,0
ING027,20110720,105.88,105.88,105.88,105.88,0
ING027,20110721,106.80,106.80,106.80,106.80,0
ING027,20110722,107.72,107.72,107.72,107.72,0
ING027,20110725,107.26,107.26,107.26,107.26,0
ING027,20110726,106.93,106.93,106.93,106.93,0
ING027,20110727,106.01,106.01,106.01,106.01,0
ING027,20110728,106.40,106.40,106.40,106.40,0
ING027,20110729,105.81,105.81,105.81,105.81,0
ING027,20110801,104.41,104.41,104.41,104.41,0
ING027,20110802,103.11,103.11,103.11,103.11,0
ING027,20110803,101.50,101.50,101.50,101.50,0
ING027,20110804,98.81,98.81,98.81,98.81,0
ING027,20110805,96.93,96.93,96.93,96.93,0
ING027,20110808,93.33,93.33,93.33,93.33,0
ING027,20110809,93.80,93.80,93.80,93.80,0
ING027,20110810,90.22,90.22,90.22,90.22,0
ING027,20110811,92.38,92.38,92.38,92.38,0
ING027,20110812,95.70,95.70,95.70,95.70,0
ING027,20110816,95.58,95.58,95.58,95.58,0
ING027,20110817,96.03,96.03,96.03,96.03,0
ING027,20110818,92.15,92.15,92.15,92.15,0
ING027,20110819,91.06,91.06,91.06,91.06,0
ING027,20110822,91.88,91.88,91.88,91.88,0
ING027,20110823,92.82,92.82,92.82,92.82,0
ING027,20110824,93.70,93.70,93.70,93.70,0
ING027,20110825,92.66,92.66,92.66,92.66,0
ING027,20110826,91.87,91.87,91.87,91.87,0
ING027,20110829,93.04,93.04,93.04,93.04,0
ING027,20110830,93.58,93.58,93.58,93.58,0
ING027,20110831,96.44,96.44,96.44,96.44,0
ING027,20110901,96.91,96.91,96.91,96.91,0
ING027,20110902,94.95,94.95,94.95,94.95,0
ING027,20110905,91.42,91.42,91.42,91.42,0
ING027,20110906,90.81,90.81,90.81,90.81,0
ING027,20110907,94.05,94.05,94.05,94.05,0
ING027,20110908,94.69,94.69,94.69,94.69,0
ING027,20110909,92.60,92.60,92.60,92.60,0
ING027,20110912,90.16,90.16,90.16,90.16,0
ING027,20110913,91.13,91.13,91.13,91.13,0
ING027,20110914,92.53,92.53,92.53,92.53,0
ING027,20110915,94.25,94.25,94.25,94.25,0
ING027,20110916,94.61,94.61,94.61,94.61,0
ING027,20110919,92.64,92.64,92.64,92.64,0
ING027,20110920,94.02,94.02,94.02,94.02,0
ING027,20110921,92.52,92.52,92.52,92.52,0
ING027,20110922,88.42,88.42,88.42,88.42,0
ING027,20110923,89.40,89.40,89.40,89.40,0
ING027,20110926,91.30,91.30,91.30,91.30,0
ING027,20110927,94.95,94.95,94.95,94.95,0
ING027,20110928,94.18,94.18,94.18,94.18,0
ING027,20110929,94.90,94.90,94.90,94.90,0
ING027,20110930,94.06,94.06,94.06,94.06,0
ING027,20111003,93.05,93.05,93.05,93.05,0
ING027,20111004,90.62,90.62,90.62,90.62,0
ING027,20111005,92.98,92.98,92.98,92.98,0
ING027,20111006,95.21,95.21,95.21,95.21,0
ING027,20111007,95.75,95.75,95.75,95.75,0
ING027,20111010,97.27,97.27,97.27,97.27,0
ING027,20111011,97.01,97.01,97.01,97.01,0
ING027,20111012,98.81,98.81,98.81,98.81,0
ING027,20111013,97.63,97.63,97.63,97.63,0
ING027,20111014,98.41,98.41,98.41,98.41,0
ING027,20111017,97.61,97.61,97.61,97.61,0
ING027,20111018,97.26,97.26,97.26,97.26,0
ING027,20111019,97.70,97.70,97.70,97.70,0
ING027,20111020,96.49,96.49,96.49,96.49,0
ING027,20111021,98.83,98.83,98.83,98.83,0
ING027,20111024,100.50,100.50,100.50,100.50,0
ING027,20111025,99.53,99.53,99.53,99.53,0
ING027,20111026,99.97,99.97,99.97,99.97,0
ING027,20111027,103.05,103.05,103.05,103.05,0
ING027,20111028,102.81,102.81,102.81,102.81,0
ING027,20111031,101.08,101.08,101.08,101.08,0
ING027,20111102,98.65,98.65,98.65,98.65,0
ING027,20111103,100.81,100.81,100.81,100.81,0
ING027,20111104,99.92,99.92,99.92,99.92,0
ING027,20111107,99.56,99.56,99.56,99.56,0
ING027,20111108,100.01,100.01,100.01,100.01,0
ING027,20111109,98.08,98.08,98.08,98.08,0
ING027,20111110,97.71,97.71,97.71,97.71,0
ING027,20111114,98.76,98.76,98.76,98.76,0
ING027,20111115,98.13,98.13,98.13,98.13,0
ING027,20111116,98.03,98.03,98.03,98.03,0
ING027,20111117,96.89,96.89,96.89,96.89,0
ING027,20111118,96.36,96.36,96.36,96.36,0
ING027,20111121,93.64,93.64,93.64,93.64,0
ING027,20111122,92.96,92.96,92.96,92.96,0
ING027,20111123,91.96,91.96,91.96,91.96,0
ING027,20111124,91.70,91.70,91.70,91.70,0
ING027,20111125,92.28,92.28,92.28,92.28,0
ING027,20111128,95.72,95.72,95.72,95.72,0
ING027,20111129,96.47,96.47,96.47,96.47,0
ING027,20111130,99.82,99.82,99.82,99.82,0
ING027,20111201,99.02,99.02,99.02,99.02,0
ING027,20111202,99.74,99.74,99.74,99.74,0
ING027,20111205,100.71,100.71,100.71,100.71,0
ING027,20111206,99.78,99.78,99.78,99.78,0
ING027,20111207,99.37,99.37,99.37,99.37,0
ING027,20111208,97.80,97.80,97.80,97.80,0
ING027,20111209,98.77,98.77,98.77,98.77,0
ING027,20111212,97.17,97.17,97.17,97.17,0
ING027,20111213,97.54,97.54,97.54,97.54,0
ING027,20111214,95.63,95.63,95.63,95.63,0
ING027,20111215,96.70,96.70,96.70,96.70,0
ING027,20111216,96.28,96.28,96.28,96.28,0
ING027,20111219,96.14,96.14,96.14,96.14,0
ING027,20111220,98.15,98.15,98.15,98.15,0
ING027,20111221,97.57,97.57,97.57,97.57,0
ING027,20111222,98.52,98.52,98.52,98.52,0
ING027,20111223,99.19,99.19,99.19,99.19,0
ING027,20111227,99.23,99.23,99.23,99.23,0
ING027,20111228,98.65,98.65,98.65,98.65,0
ING027,20111229,99.52,99.52,99.52,99.52,0
ING027,20111230,100.43,100.43,100.43,100.43,0
ING027,20120102,101.72,101.72,101.72,101.72,0
ING027,20120103,103.40,103.40,103.40,103.40,0
ING027,20120104,102.76,102.76,102.76,102.76,0
ING027,20120105,101.78,101.78,101.78,101.78,0
ING027,20120109,101.29,101.29,101.29,101.29,0
ING027,20120110,102.69,102.69,102.69,102.69,0
ING027,20120111,102.71,102.71,102.71,102.71,0
ING027,20120112,102.77,102.77,102.77,102.77,0
ING027,20120113,102.52,102.52,102.52,102.52,0
ING027,20120116,103.00,103.00,103.00,103.00,0
ING027,20120117,103.95,103.95,103.95,103.95,0
ING027,20120118,103.99,103.99,103.99,103.99,0
ING027,20120119,105.49,105.49,105.49,105.49,0
ING027,20120120,105.38,105.38,105.38,105.38,0
ING027,20120123,105.71,105.71,105.71,105.71,0
ING027,20120124,105.04,105.04,105.04,105.04,0
ING027,20120125,104.60,104.60,104.60,104.60,0
ING027,20120126,105.71,105.71,105.71,105.71,0
ING027,20120127,105.05,105.05,105.05,105.05,0
ING027,20120130,103.80,103.80,103.80,103.80,0
ING027,20120131,104.64,104.64,104.64,104.64,0
ING027,20120201,106.27,106.27,106.27,106.27,0
ING027,20120202,106.45,106.45,106.45,106.45,0
ING027,20120203,108.22,108.22,108.22,108.22,0
ING027,20120206,108.15,108.15,108.15,108.15,0
ING027,20120207,108.00,108.00,108.00,108.00,0
ING027,20120208,108.08,108.08,108.08,108.08,0
ING027,20120209,108.36,108.36,108.36,108.36,0
ING027,20120210,107.13,107.13,107.13,107.13,0
ING027,20120213,107.73,107.73,107.73,107.73,0
ING027,20120214,107.52,107.52,107.52,107.52,0
ING027,20120215,107.76,107.76,107.76,107.76,0
ING027,20120216,107.99,107.99,107.99,107.99,0
ING027,20120217,108.82,108.82,108.82,108.82,0
ING027,20120220,109.96,109.96,109.96,109.96,0
ING027,20120221,109.41,109.41,109.41,109.41,0
ING027,20120222,108.52,108.52,108.52,108.52,0
ING027,20120223,107.98,107.98,107.98,107.98,0
ING027,20120224,108.50,108.50,108.50,108.50,0
ING027,20120227,108.13,108.13,108.13,108.13,0
ING027,20120228,108.15,108.15,108.15,108.15,0
ING027,20120229,108.02,108.02,108.02,108.02,0
ING027,20120301,108.84,108.84,108.84,108.84,0
ING027,20120302,109.14,109.14,109.14,109.14,0
ING027,20120305,108.53,108.53,108.53,108.53,0
ING027,20120306,105.96,105.96,105.96,105.96,0
ING027,20120307,106.61,106.61,106.61,106.61,0
ING027,20120308,107.85,107.85,107.85,107.85,0
ING027,20120309,108.66,108.66,108.66,108.66,0
ING027,20120312,108.51,108.51,108.51,108.51,0
ING027,20120313,110.47,110.47,110.47,110.47,0
ING027,20120314,110.97,110.97,110.97,110.97,0
ING027,20120315,111.39,111.39,111.39,111.39,0
ING027,20120316,112.20,112.20,112.20,112.20,0
ING027,20120319,112.16,112.16,112.16,112.16,0
ING027,20120320,111.34,111.34,111.34,111.34,0
ING027,20120321,111.14,111.14,111.14,111.14,0
ING027,20120322,109.85,109.85,109.85,109.85,0
ING027,20120323,110.00,110.00,110.00,110.00,0
ING027,20120326,110.74,110.74,110.74,110.74,0
ING027,20120327,110.61,110.61,110.61,110.61,0
ING027,20120328,109.46,109.46,109.46,109.46,0
ING027,20120329,108.24,108.24,108.24,108.24,0
ING027,20120330,109.11,109.11,109.11,109.11,0
ING027,20120402,110.16,110.16,110.16,110.16,0
ING027,20120403,109.15,109.15,109.15,109.15,0
ING027,20120404,106.87,106.87,106.87,106.87,0
ING027,20120405,106.81,106.81,106.81,106.81,0
ING027,20120410,104.47,104.47,104.47,104.47,0
ING027,20120411,105.13,105.13,105.13,105.13,0
ING027,20120412,105.76,105.76,105.76,105.76,0
ING027,20120413,104.34,104.34,104.34,104.34,0
ING027,20120416,104.24,104.24,104.24,104.24,0
ING027,20120417,105.91,105.91,105.91,105.91,0
ING027,20120418,105.09,105.09,105.09,105.09,0
ING027,20120419,104.21,104.21,104.21,104.21,0
ING027,20120420,104.94,104.94,104.94,104.94,0
ING027,20120423,102.70,102.70,102.70,102.70,0
ING027,20120424,103.58,103.58,103.58,103.58,0
ING027,20120425,104.77,104.77,104.77,104.77,0
ING027,20120426,104.85,104.85,104.85,104.85,0
ING027,20120427,106.42,106.42,106.42,106.42,0
ING027,20120430,105.88,105.88,105.88,105.88,0
ING027,20120502,105.76,105.76,105.76,105.76,0
ING027,20120504,104.18,104.18,104.18,104.18,0
ING027,20120507,105.06,105.06,105.06,105.06,0
ING027,20120508,104.44,104.44,104.44,104.44,0
ING027,20120509,104.02,104.02,104.02,104.02,0
ING027,20120510,105.43,105.43,105.43,105.43,0
ING027,20120511,105.46,105.46,105.46,105.46,0
ING027,20120514,103.56,103.56,103.56,103.56,0
ING027,20120515,102.62,102.62,102.62,102.62,0
ING027,20120516,102.14,102.14,102.14,102.14,0
ING027,20120517,100.71,100.71,100.71,100.71,0
ING027,20120518,100.52,100.52,100.52,100.52,0
ING027,20120521,101.16,101.16,101.16,101.16,0
ING027,20120522,102.38,102.38,102.38,102.38,0
ING027,20120523,100.13,100.13,100.13,100.13,0
ING027,20120524,100.95,100.95,100.95,100.95,0
ING027,20120525,100.93,100.93,100.93,100.93,0
ING027,20120528,101.31,101.31,101.31,101.31,0
ING027,20120529,101.55,101.55,101.55,101.55,0
ING027,20120530,100.00,100.00,100.00,100.00,0
ING027,20120531,99.80,99.80,99.80,99.80,0
ING027,20120601,98.37,98.37,98.37,98.37,0
ING027,20120604,98.23,98.23,98.23,98.23,0
ING027,20120605,98.60,98.60,98.60,98.60,0
ING027,20120606,100.88,100.88,100.88,100.88,0
ING027,20120608,101.40,101.40,101.40,101.40,0
ING027,20120611,100.90,100.90,100.90,100.90,0
ING027,20120612,101.17,101.17,101.17,101.17,0
ING027,20120613,100.56,100.56,100.56,100.56,0
ING027,20120614,100.62,100.62,100.62,100.62,0
ING027,20120615,102.64,102.64,102.64,102.64,0
ING027,20120618,102.55,102.55,102.55,102.55,0
ING027,20120619,104.13,104.13,104.13,104.13,0
ING027,20120620,105.87,105.87,105.87,105.87,0
ING027,20120621,105.06,105.06,105.06,105.06,0
ING027,20120622,104.69,104.69,104.69,104.69,0
ING027,20120625,102.89,102.89,102.89,102.89,0
ING027,20120626,102.73,102.73,102.73,102.73,0
ING027,20120627,103.95,103.95,103.95,103.95,0
ING027,20120628,103.49,103.49,103.49,103.49,0
ING027,20120629,106.13,106.13,106.13,106.13,0
ING027,20120702,107.64,107.64,107.64,107.64,0
ING027,20120703,108.30,108.30,108.30,108.30,0
ING027,20120704,108.26,108.26,108.26,108.26,0
ING027,20120705,108.10,108.10,108.10,108.10,0
ING027,20120706,107.04,107.04,107.04,107.04,0
ING027,20120709,106.77,106.77,106.77,106.77,0
ING027,20120710,107.37,107.37,107.37,107.37,0
ING027,20120711,107.45,107.45,107.45,107.45,0
ING027,20120712,106.33,106.33,106.33,106.33,0
ING027,20120713,107.88,107.88,107.88,107.88,0
ING027,20120716,108.28,108.28,108.28,108.28,0
ING027,20120717,108.30,108.30,108.30,108.30,0
ING027,20120718,109.31,109.31,109.31,109.31,0
ING027,20120719,110.33,110.33,110.33,110.33,0
ING027,20120720,108.89,108.89,108.89,108.89,0
ING027,20120723,106.31,106.31,106.31,106.31,0
ING027,20120724,105.50,105.50,105.50,105.50,0
ING027,20120725,105.63,105.63,105.63,105.63,0
ING027,20120726,108.02,108.02,108.02,108.02,0
ING027,20120727,109.45,109.45,109.45,109.45,0
ING027,20120730,111.34,111.34,111.34,111.34,0
ING027,20120731,110.31,110.31,110.31,110.31,0
ING027,20120801,110.52,110.52,110.52,110.52,0
ING027,20120802,108.86,108.86,108.86,108.86,0
ING027,20120803,111.33,111.33,111.33,111.33,0
ING027,20120806,112.38,112.38,112.38,112.38,0
ING027,20120807,113.74,113.74,113.74,113.74,0
ING027,20120808,113.76,113.76,113.76,113.76,0
ING027,20120809,113.93,113.93,113.93,113.93,0
ING027,20120810,114.02,114.02,114.02,114.02,0
ING027,20120813,113.70,113.70,113.70,113.70,0
ING027,20120814,114.49,114.49,114.49,114.49,0
ING027,20120816,115.24,115.24,115.24,115.24,0
ING027,20120817,116.54,116.54,116.54,116.54,0
ING027,20120820,115.83,115.83,115.83,115.83,0
ING027,20120821,116.15,116.15,116.15,116.15,0
ING027,20120822,115.12,115.12,115.12,115.12,0
ING027,20120823,113.94,113.94,113.94,113.94,0
ING027,20120824,113.79,113.79,113.79,113.79,0
ING027,20120827,114.38,114.38,114.38,114.38,0
ING027,20120828,113.49,113.49,113.49,113.49,0
ING027,20120829,112.96,112.96,112.96,112.96,0
ING027,20120830,112.44,112.44,112.44,112.44,0
ING027,20120831,112.65,112.65,112.65,112.65,0
ING027,20120903,113.24,113.24,113.24,113.24,0
ING027,20120904,112.59,112.59,112.59,112.59,0
ING027,20120905,112.51,112.51,112.51,112.51,0
ING027,20120906,114.94,114.94,114.94,114.94,0
ING027,20120907,116.15,116.15,116.15,116.15,0
ING027,20120910,116.38,116.38,116.38,116.38,0
ING027,20120911,116.73,116.73,116.73,116.73,0
ING027,20120912,117.46,117.46,117.46,117.46,0
ING027,20120913,117.06,117.06,117.06,117.06,0
ING027,20120914,118.70,118.70,118.70,118.70,0
ING027,20120917,118.36,118.36,118.36,118.36,0
ING027,20120918,117.50,117.50,117.50,117.50,0
ING027,20120919,117.85,117.85,117.85,117.85,0
ING027,20120920,117.45,117.45,117.45,117.45,0
ING027,20120921,117.96,117.96,117.96,117.96,0
ING027,20120924,117.31,117.31,117.31,117.31,0
ING027,20120925,117.46,117.46,117.46,117.46,0
ING027,20120926,115.30,115.30,115.30,115.30,0
ING027,20120927,115.64,115.64,115.64,115.64,0
ING027,20120928,114.09,114.09,114.09,114.09,0
ING027,20121001,115.34,115.34,115.34,115.34,0
ING027,20121002,115.20,115.20,115.20,115.20,0
ING027,20121003,115.04,115.04,115.04,115.04,0
ING027,20121004,114.75,114.75,114.75,114.75,0
ING027,20121005,115.69,115.69,115.69,115.69,0
ING027,20121008,114.37,114.37,114.37,114.37,0
ING027,20121009,114.12,114.12,114.12,114.12,0
ING027,20121010,113.65,113.65,113.65,113.65,0
ING027,20121011,114.45,114.45,114.45,114.45,0
ING027,20121012,114.10,114.10,114.10,114.10,0
ING027,20121015,114.28,114.28,114.28,114.28,0
ING027,20121016,115.63,115.63,115.63,115.63,0
ING027,20121017,116.91,116.91,116.91,116.91,0
ING027,20121018,117.62,117.62,117.62,117.62,0
ING027,20121019,116.80,116.80,116.80,116.80,0
ING027,20121022,116.21,116.21,116.21,116.21,0
ING027,20121023,114.41,114.41,114.41,114.41,0
ING027,20121024,114.52,114.52,114.52,114.52,0
ING027,20121025,114.28,114.28,114.28,114.28,0
ING027,20121026,114.56,114.56,114.56,114.56,0
ING027,20121029,113.69,113.69,113.69,113.69,0
ING027,20121030,114.70,114.70,114.70,114.70,0
ING027,20121031,114.02,114.02,114.02,114.02,0
ING027,20121102,115.25,115.25,115.25,115.25,0
ING027,20121105,114.37,114.37,114.37,114.37,0
ING027,20121106,114.97,114.97,114.97,114.97,0
ING027,20121107,113.71,113.71,113.71,113.71,0
ING027,20121108,113.07,113.07,113.07,113.07,0
ING027,20121109,112.79,112.79,112.79,112.79,0
ING027,20121112,112.38,112.38,112.38,112.38,0
ING027,20121113,112.05,112.05,112.05,112.05,0
ING027,20121114,110.68,110.68,110.68,110.68,0
ING027,20121115,109.62,109.62,109.62,109.62,0
ING027,20121116,108.35,108.35,108.35,108.35,0
ING027,20121119,111.59,111.59,111.59,111.59,0
ING027,20121120,111.70,111.70,111.70,111.70,0
ING027,20121121,112.44,112.44,112.44,112.44,0
ING027,20121122,113.18,113.18,113.18,113.18,0
ING027,20121123,113.92,113.92,113.92,113.92,0
ING027,20121126,113.29,113.29,113.29,113.29,0
ING027,20121127,113.21,113.21,113.21,113.21,0
ING027,20121128,113.43,113.43,113.43,113.43,0
ING027,20121129,115.28,115.28,115.28,115.28,0
ING027,20121130,114.97,114.97,114.97,114.97,0
ING027,20121203,115.08,115.08,115.08,115.08,0
ING027,20121204,114.99,114.99,114.99,114.99,0
ING027,20121205,116.01,116.01,116.01,116.01,0
ING027,20121206,116.80,116.80,116.80,116.80,0
ING027,20121207,116.63,116.63,116.63,116.63,0
ING027,20121210,116.89,116.89,116.89,116.89,0
ING027,20121211,117.68,117.68,117.68,117.68,0
ING027,20121212,118.06,118.06,118.06,118.06,0
ING027,20121213,118.08,118.08,118.08,118.08,0
ING027,20121214,118.16,118.16,118.16,118.16,0
ING027,20121217,118.18,118.18,118.18,118.18,0
ING027,20121218,118.84,118.84,118.84,118.84,0
ING027,20121219,119.22,119.22,119.22,119.22,0
ING027,20121220,119.28,119.28,119.28,119.28,0
ING027,20121221,118.90,118.90,118.90,118.90,0
ING027,20121227,118.96,118.96,118.96,118.96,0
ING027,20121228,118.22,118.22,118.22,118.22,0
ING027,20130102,121.10,121.10,121.10,121.10,0
ING027,20130103,121.88,121.88,121.88,121.88,0
ING027,20130104,122.62,122.62,122.62,122.62,0
ING027,20130107,122.52,122.52,122.52,122.52,0
ING027,20130108,122.08,122.08,122.08,122.08,0
ING027,20130109,123.12,123.12,123.12,123.12,0
ING027,20130110,123.34,123.34,123.34,123.34,0
ING027,20130111,122.88,122.88,122.88,122.88,0
ING027,20130114,121.82,121.82,121.82,121.82,0
ING027,20130115,121.52,121.52,121.52,121.52,0
ING027,20130116,121.31,121.31,121.31,121.31,0
ING027,20130117,122.51,122.51,122.51,122.51,0
ING027,20130118,122.32,122.32,122.32,122.32,0
ING027,20130121,122.75,122.75,122.75,122.75,0
ING027,20130122,122.65,122.65,122.65,122.65,0
ING027,20130123,122.91,122.91,122.91,122.91,0
ING027,20130124,123.05,123.05,123.05,123.05,0
ING027,20130125,122.95,122.95,122.95,122.95,0
ING027,20130128,122.89,122.89,122.89,122.89,0
ING027,20130129,123.23,123.23,123.23,123.23,0
ING027,20130130,122.34,122.34,122.34,122.34,0
ING027,20130131,121.66,121.66,121.66,121.66,0
ING027,20130201,121.95,121.95,121.95,121.95,0
ING027,20130204,120.36,120.36,120.36,120.36,0
ING027,20130205,120.86,120.86,120.86,120.86,0
ING027,20130206,120.90,120.90,120.90,120.90,0
ING027,20130207,120.97,120.97,120.97,120.97,0
ING027,20130208,122.38,122.38,122.38,122.38,0
ING027,20130211,122.41,122.41,122.41,122.41,0
ING027,20130212,122.78,122.78,122.78,122.78,0
ING027,20130213,123.56,123.56,123.56,123.56,0
ING027,20130214,123.31,123.31,123.31,123.31,0
ING027,20130215,123.07,123.07,123.07,123.07,0
ING027,20130218,122.73,122.73,122.73,122.73,0
ING027,20130219,123.93,123.93,123.93,123.93,0
ING027,20130220,123.05,123.05,123.05,123.05,0
ING027,20130221,121.22,121.22,121.22,121.22,0
ING027,20130222,122.70,122.70,122.70,122.70,0
ING027,20130225,123.00,123.00,123.00,123.00,0
ING027,20130226,121.27,121.27,121.27,121.27,0
ING027,20130227,122.33,122.33,122.33,122.33,0
ING027,20130228,123.09,123.09,123.09,123.09,0
ING027,20130301,122.24,122.24,122.24,122.24,0
ING027,20130304,121.90,121.90,121.90,121.90,0
ING027,20130305,124.18,124.18,124.18,124.18,0
ING027,20130306,123.80,123.80,123.80,123.80,0
ING027,20130307,123.70,123.70,123.70,123.70,0
ING027,20130308,124.97,124.97,124.97,124.97,0
ING027,20130311,124.41,124.41,124.41,124.41,0
ING027,20130312,124.52,124.52,124.52,124.52,0
ING027,20130313,124.26,124.26,124.26,124.26,0
ING027,20130314,125.62,125.62,125.62,125.62,0
ING027,20130315,125.26,125.26,125.26,125.26,0
ING027,20130318,124.84,124.84,124.84,124.84,0
ING027,20130319,124.17,124.17,124.17,124.17,0
ING027,20130320,124.85,124.85,124.85,124.85,0
ING027,20130321,124.59,124.59,124.59,124.59,0
ING027,20130322,124.53,124.53,124.53,124.53,0
ING027,20130325,123.49,123.49,123.49,123.49,0
ING027,20130326,123.70,123.70,123.70,123.70,0
ING027,20130327,122.87,122.87,122.87,122.87,0
ING027,20130328,122.93,122.93,122.93,122.93,0
ING027,20130402,123.99,123.99,123.99,123.99,0
ING027,20130403,122.44,122.44,122.44,122.44,0
ING027,20130404,121.94,121.94,121.94,121.94,0
ING027,20130405,120.94,120.94,120.94,120.94,0
ING027,20130408,120.97,120.97,120.97,120.97,0
ING027,20130409,122.18,122.18,122.18,122.18,0
ING027,20130410,124.57,124.57,124.57,124.57,0
ING027,20130411,125.20,125.20,125.20,125.20,0
ING027,20130412,124.52,124.52,124.52,124.52,0
ING027,20130415,123.44,123.44,123.44,123.44,0
ING027,20130417,120.61,120.61,120.61,120.61,0
ING027,20130418,120.42,120.42,120.42,120.42,0
ING027,20130419,121.29,121.29,121.29,121.29,0
ING027,20130422,121.61,121.61,121.61,121.61,0
ING027,20130423,124.49,124.49,124.49,124.49,0
ING027,20130424,125.73,125.73,125.73,125.73,0
ING027,20130425,126.99,126.99,126.99,126.99,0
ING027,20130426,126.57,126.57,126.57,126.57,0
ING027,20130429,127.26,127.26,127.26,127.26,0
ING027,20130430,127.17,127.17,127.17,127.17,0
ING027,20130502,127.34,127.34,127.34,127.34,0
ING027,20130506,129.05,129.05,129.05,129.05,0
ING027,20130507,129.24,129.24,129.24,129.24,0
ING027,20130508,129.66,129.66,129.66,129.66,0
ING027,20130509,129.57,129.57,129.57,129.57,0
ING027,20130510,130.20,130.20,130.20,130.20,0
ING027,20130513,130.03,130.03,130.03,130.03,0
ING027,20130514,130.65,130.65,130.65,130.65,0
ING027,20130515,131.53,131.53,131.53,131.53,0
ING027,20130516,131.43,131.43,131.43,131.43,0
ING027,20130517,131.63,131.63,131.63,131.63,0
ING027,20130520,132.20,132.20,132.20,132.20,0
ING027,20130521,132.31,132.31,132.31,132.31,0
ING027,20130522,132.78,132.78,132.78,132.78,0
ING027,20130523,130.40,130.40,130.40,130.40,0
ING027,20130524,129.97,129.97,129.97,129.97,0
ING027,20130527,130.39,130.39,130.39,130.39,0
ING027,20130528,132.21,132.21,132.21,132.21,0
ING027,20130529,130.52,130.52,130.52,130.52,0
ING027,20130531,130.38,130.38,130.38,130.38,0
ING027,20130603,129.66,129.66,129.66,129.66,0
ING027,20130604,129.95,129.95,129.95,129.95,0
ING027,20130605,128.31,128.31,128.31,128.31,0
ING027,20130606,127.12,127.12,127.12,127.12,0
ING027,20130607,128.48,128.48,128.48,128.48,0
ING027,20130610,128.54,128.54,128.54,128.54,0
ING027,20130611,126.99,126.99,126.99,126.99,0
ING027,20130612,126.41,126.41,126.41,126.41,0
ING027,20130613,126.67,126.67,126.67,126.67,0
ING027,20130614,127.06,127.06,127.06,127.06,0
ING027,20130617,128.07,128.07,128.07,128.07,0
ING027,20130618,127.98,127.98,127.98,127.98,0
ING027,20130619,127.37,127.37,127.37,127.37,0
ING027,20130620,124.06,124.06,124.06,124.06,0
ING027,20130621,122.78,122.78,122.78,122.78,0
ING027,20130624,121.16,121.16,121.16,121.16,0
ING027,20130625,122.65,122.65,122.65,122.65,0
ING027,20130626,124.34,124.34,124.34,124.34,0
ING027,20130627,125.03,125.03,125.03,125.03,0
ING027,20130628,124.47,124.47,124.47,124.47,0
ING027,20130701,125.39,125.39,125.39,125.39,0
ING027,20130702,124.94,124.94,124.94,124.94,0
ING027,20130703,124.17,124.17,124.17,124.17,0
ING027,20130704,126.77,126.77,126.77,126.77,0
ING027,20130705,125.50,125.50,125.50,125.50,0
ING027,20130708,127.10,127.10,127.10,127.10,0
ING027,20130709,128.28,128.28,128.28,128.28,0
ING027,20130710,128.38,128.38,128.38,128.38,0
ING027,20130711,129.08,129.08,129.08,129.08,0
ING027,20130712,128.84,128.84,128.84,128.84,0
ING027,20130715,129.16,129.16,129.16,129.16,0
ING027,20130716,128.68,128.68,128.68,128.68,0
ING027,20130717,129.85,129.85,129.85,129.85,0
ING027,20130718,131.18,131.18,131.18,131.18,0
ING027,20130719,131.38,131.38,131.38,131.38,0
ING027,20130722,131.55,131.55,131.55,131.55,0
ING027,20130723,131.75,131.75,131.75,131.75,0
ING027,20130724,132.42,132.42,132.42,132.42,0
ING027,20130725,131.79,131.79,131.79,131.79,0
ING027,20130726,131.55,131.55,131.55,131.55,0
ING027,20130729,131.54,131.54,131.54,131.54,0
ING027,20130730,131.62,131.62,131.62,131.62,0
ING027,20130731,131.16,131.16,131.16,131.16,0
ING027,20130801,132.42,132.42,132.42,132.42,0
ING027,20130802,132.43,132.43,132.43,132.43,0
ING027,20130805,132.58,132.58,132.58,132.58,0
ING027,20130806,131.49,131.49,131.49,131.49,0
ING027,20130807,131.52,131.52,131.52,131.52,0
ING027,20130808,132.58,132.58,132.58,132.58,0
ING027,20130809,133.46,133.46,133.46,133.46,0
ING027,20130812,133.54,133.54,133.54,133.54,0
ING027,20130813,134.53,134.53,134.53,134.53,0
ING027,20130814,134.74,134.74,134.74,134.74,0
ING027,20130816,134.46,134.46,134.46,134.46,0
ING027,20130819,133.90,133.90,133.90,133.90,0
ING027,20130820,132.73,132.73,132.73,132.73,0
ING027,20130821,132.15,132.15,132.15,132.15,0
ING027,20130822,133.59,133.59,133.59,133.59,0
ING027,20130823,134.29,134.29,134.29,134.29,0
ING027,20130826,134.08,134.08,134.08,134.08,0
ING027,20130827,131.91,131.91,131.91,131.91,0
ING027,20130828,132.08,132.08,132.08,132.08,0
ING027,20130829,132.71,132.71,132.71,132.71,0
ING027,20130830,131.60,131.60,131.60,131.60,0
ING027,20130902,133.65,133.65,133.65,133.65,0
ING027,20130903,133.44,133.44,133.44,133.44,0
ING027,20130904,133.76,133.76,133.76,133.76,0
ING027,20130905,135.05,135.05,135.05,135.05,0
ING027,20130906,136.08,136.08,136.08,136.08,0
ING027,20130909,136.02,136.02,136.02,136.02,0
ING027,20130910,137.58,137.58,137.58,137.58,0
ING027,20130911,138.17,138.17,138.17,138.17,0
ING027,20130912,138.65,138.65,138.65,138.65,0
ING027,20130913,138.79,138.79,138.79,138.79,0
ING027,20130916,139.15,139.15,139.15,139.15,0
ING027,20130917,138.43,138.43,138.43,138.43,0
ING027,20130918,138.80,138.80,138.80,138.80,0
ING027,20130919,139.12,139.12,139.12,139.12,0
ING027,20130920,138.88,138.88,138.88,138.88,0
ING027,20130923,138.21,138.21,138.21,138.21,0
ING027,20130924,138.66,138.66,138.66,138.66,0
ING027,20130925,138.74,138.74,138.74,138.74,0
ING027,20130926,138.88,138.88,138.88,138.88,0
ING027,20130927,138.45,138.45,138.45,138.45,0
ING027,20130930,137.66,137.66,137.66,137.66,0
ING027,20131001,138.87,138.87,138.87,138.87,0
ING027,20131002,138.25,138.25,138.25,138.25,0
ING027,20131003,137.72,137.72,137.72,137.72,0
ING027,20131004,137.89,137.89,137.89,137.89,0
ING027,20131007,137.72,137.72,137.72,137.72,0
ING027,20131008,136.96,136.96,136.96,136.96,0
ING027,20131009,136.85,136.85,136.85,136.85,0
ING027,20131010,139.06,139.06,139.06,139.06,0
ING027,20131011,139.16,139.16,139.16,139.16,0
ING027,20131014,139.67,139.67,139.67,139.67,0
ING027,20131015,140.94,140.94,140.94,140.94,0
ING027,20131016,141.77,141.77,141.77,141.77,0
ING027,20131017,141.45,141.45,141.45,141.45,0
ING027,20131018,142.38,142.38,142.38,142.38,0
ING027,20131021,142.70,142.70,142.70,142.70,0
ING027,20131022,142.90,142.90,142.90,142.90,0
ING027,20131023,141.98,141.98,141.98,141.98,0
ING027,20131024,142.35,142.35,142.35,142.35,0
ING027,20131025,142.07,142.07,142.07,142.07,0
ING027,20131028,141.85,141.85,141.85,141.85,0
ING027,20131029,142.62,142.62,142.62,142.62,0
ING027,20131030,142.61,142.61,142.61,142.61,0
ING027,20131031,143.12,143.12,143.12,143.12,0
ING027,20131104,143.38,143.38,143.38,143.38,0
ING027,20131105,142.92,142.92,142.92,142.92,0
ING027,20131106,143.75,143.75,143.75,143.75,0
ING027,20131107,143.24,143.24,143.24,143.24,0
ING027,20131108,143.22,143.22,143.22,143.22,0
ING027,20131112,142.47,142.47,142.47,142.47,0
ING027,20131113,141.93,141.93,141.93,141.93,0
ING027,20131114,142.95,142.95,142.95,142.95,0
ING027,20131115,143.18,143.18,143.18,143.18,0
ING027,20131118,143.74,143.74,143.74,143.74,0
ING027,20131119,142.82,142.82,142.82,142.82,0
ING027,20131120,143.05,143.05,143.05,143.05,0
ING027,20131121,143.10,143.10,143.10,143.10,0
ING027,20131122,143.04,143.04,143.04,143.04,0
ING027,20131125,143.64,143.64,143.64,143.64,0
ING027,20131126,143.24,143.24,143.24,143.24,0
ING027,20131127,143.82,143.82,143.82,143.82,0
ING027,20131128,144.35,144.35,144.35,144.35,0
ING027,20131129,144.45,144.45,144.45,144.45,0
ING027,20131202,143.66,143.66,143.66,143.66,0
ING027,20131203,141.66,141.66,141.66,141.66,0
ING027,20131204,140.91,140.91,140.91,140.91,0
ING027,20131205,139.51,139.51,139.51,139.51,0
ING027,20131206,140.28,140.28,140.28,140.28,0
ING027,20131209,140.47,140.47,140.47,140.47,0
ING027,20131210,139.62,139.62,139.62,139.62,0
ING027,20131211,138.73,138.73,138.73,138.73,0
ING027,20131212,137.64,137.64,137.64,137.64,0
ING027,20131213,137.15,137.15,137.15,137.15,0
ING027,20131216,138.69,138.69,138.69,138.69,0
ING027,20131217,137.71,137.71,137.71,137.71,0
ING027,20131218,138.67,138.67,138.67,138.67,0
ING027,20131219,140.97,140.97,140.97,140.97,0
ING027,20131220,141.79,141.79,141.79,141.79,0
ING027,20131223,142.64,142.64,142.64,142.64,0
ING027,20131227,144.40,144.40,144.40,144.40,0
ING027,20131230,144.25,144.25,144.25,144.25,0
ING027,20140102,143.44,143.44,143.44,143.44,0
ING027,20140103,144.36,144.36,144.36,144.36,0
ING027,20140107,145.31,145.31,145.31,145.31,0
ING027,20140108,145.76,145.76,145.76,145.76,0
ING027,20140109,145.31,145.31,145.31,145.31,0
ING027,20140110,146.11,146.11,146.11,146.11,0
ING027,20140113,146.35,146.35,146.35,146.35,0
ING027,20140114,146.87,146.87,146.87,146.87,0
ING027,20140115,148.36,148.36,148.36,148.36,0
ING027,20140116,147.91,147.91,147.91,147.91,0
ING027,20140117,148.74,148.74,148.74,148.74,0
ING027,20140120,148.29,148.29,148.29,148.29,0
ING027,20140121,148.13,148.13,148.13,148.13,0
ING027,20140122,148.61,148.61,148.61,148.61,0
ING027,20140123,147.22,147.22,147.22,147.22,0
ING027,20140124,144.23,144.23,144.23,144.23,0
ING027,20140127,143.56,143.56,143.56,143.56,0
ING027,20140128,144.53,144.53,144.53,144.53,0
ING027,20140129,143.71,143.71,143.71,143.71,0
ING027,20140130,144.50,144.50,144.50,144.50,0
ING027,20140131,143.81,143.81,143.81,143.81,0
ING027,20140203,141.61,141.61,141.61,141.61,0
ING027,20140204,141.55,141.55,141.55,141.55,0
ING027,20140205,141.87,141.87,141.87,141.87,0
ING027,20140206,143.76,143.76,143.76,143.76,0
ING027,20140207,144.67,144.67,144.67,144.67,0
ING027,20140210,144.70,144.70,144.70,144.70,0
ING027,20140211,146.27,146.27,146.27,146.27,0
ING027,20140212,147.36,147.36,147.36,147.36,0
ING027,20140213,147.09,147.09,147.09,147.09,0
ING027,20140214,147.81,147.81,147.81,147.81,0
ING027,20140217,148.17,148.17,148.17,148.17,0
ING027,20140218,148.29,148.29,148.29,148.29,0
ING027,20140219,148.34,148.34,148.34,148.34,0
ING027,20140220,148.30,148.30,148.30,148.30,0
ING027,20140221,148.86,148.86,148.86,148.86,0
ING027,20140224,149.39,149.39,149.39,149.39,0
ING027,20140225,149.22,149.22,149.22,149.22,0
ING027,20140226,148.68,148.68,148.68,148.68,0
ING027,20140227,148.29,148.29,148.29,148.29,0
ING027,20140228,147.90,147.90,147.90,147.90,0
ING027,20140303,144.56,144.56,144.56,144.56,0
ING027,20140304,147.19,147.19,147.19,147.19,0
ING027,20140305,147.53,147.53,147.53,147.53,0
ING027,20140306,147.65,147.65,147.65,147.65,0
ING027,20140307,146.33,146.33,146.33,146.33,0
ING027,20140310,145.86,145.86,145.86,145.86,0
ING027,20140311,145.65,145.65,145.65,145.65,0
ING027,20140312,144.45,144.45,144.45,144.45,0
ING027,20140313,142.79,142.79,142.79,142.79,0
ING027,20140314,141.62,141.62,141.62,141.62,0
ING027,20140317,143.27,143.27,143.27,143.27,0
ING027,20140318,144.52,144.52,144.52,144.52,0
ING027,20140319,144.24,144.24,144.24,144.24,0
ING027,20140320,144.41,144.41,144.41,144.41,0
ING027,20140321,144.44,144.44,144.44,144.44,0
ING027,20140324,143.27,143.27,143.27,143.27,0
ING027,20140325,145.00,145.00,145.00,145.00,0
ING027,20140326,146.33,146.33,146.33,146.33,0
ING027,20140327,146.29,146.29,146.29,146.29,0
ING027,20140328,147.65,147.65,147.65,147.65,0
ING027,20140331,148.40,148.40,148.40,148.40,0
ING027,20140401,149.43,149.43,149.43,149.43,0
ING027,20140402,149.82,149.82,149.82,149.82,0
ING027,20140403,149.93,149.93,149.93,149.93,0
ING027,20140404,151.19,151.19,151.19,151.19,0
ING027,20140407,149.66,149.66,149.66,149.66,0
ING027,20140408,149.25,149.25,149.25,149.25,0
ING027,20140409,150.17,150.17,150.17,150.17,0
ING027,20140410,149.38,149.38,149.38,149.38,0
ING027,20140411,147.79,147.79,147.79,147.79,0
ING027,20140414,148.29,148.29,148.29,148.29,0
ING027,20140415,146.88,146.88,146.88,146.88,0
ING027,20140416,148.65,148.65,148.65,148.65,0
ING027,20140417,149.58,149.58,149.58,149.58,0
ING027,20140422,151.16,151.16,151.16,151.16,0
ING027,20140423,150.52,150.52,150.52,150.52,0
ING027,20140424,151.02,151.02,151.02,151.02,0
ING027,20140425,149.79,149.79,149.79,149.79,0
ING027,20140428,150.56,150.56,150.56,150.56,0
ING027,20140429,152.22,152.22,152.22,152.22,0
ING027,20140430,152.06,152.06,152.06,152.06,0
ING027,20140502,151.96,151.96,151.96,151.96,0
ING027,20140505,151.85,151.85,151.85,151.85,0
ING027,20140506,151.47,151.47,151.47,151.47,0
ING027,20140507,151.65,151.65,151.65,151.65,0
ING027,20140508,153.60,153.60,153.60,153.60,0
ING027,20140509,153.00,153.00,153.00,153.00,0
ING027,20140512,154.03,154.03,154.03,154.03,0
ING027,20140513,154.37,154.37,154.37,154.37,0
ING027,20140514,154.38,154.38,154.38,154.38,0
ING027,20140515,153.17,153.17,153.17,153.17,0
ING027,20140516,153.90,153.90,153.90,153.90,0
ING027,20140519,153.76,153.76,153.76,153.76,0
ING027,20140520,153.87,153.87,153.87,153.87,0
ING027,20140521,154.64,154.64,154.64,154.64,0
ING027,20140522,155.37,155.37,155.37,155.37,0
ING027,20140523,156.04,156.04,156.04,156.04,0
ING027,20140526,156.89,156.89,156.89,156.89,0
ING027,20140527,157.04,157.04,157.04,157.04,0
ING027,20140528,157.20,157.20,157.20,157.20,0
ING027,20140529,157.24,157.24,157.24,157.24,0
ING027,20140530,157.17,157.17,157.17,157.17,0
ING027,20140602,157.51,157.51,157.51,157.51,0
ING027,20140603,156.57,156.57,156.57,156.57,0
ING027,20140604,156.60,156.60,156.60,156.60,0
ING027,20140605,157.29,157.29,157.29,157.29,0
ING027,20140606,158.77,158.77,158.77,158.77,0
ING027,20140609,159.63,159.63,159.63,159.63,0
ING027,20140610,159.92,159.92,159.92,159.92,0
ING027,20140611,159.24,159.24,159.24,159.24,0
ING027,20140612,159.11,159.11,159.11,159.11,0
ING027,20140613,158.93,158.93,158.93,158.93,0
ING027,20140616,157.95,157.95,157.95,157.95,0
ING027,20140617,158.09,158.09,158.09,158.09,0
ING027,20140618,158.30,158.30,158.30,158.30,0
ING027,20140620,158.57,158.57,158.57,158.57,0
ING027,20140623,158.05,158.05,158.05,158.05,0
ING027,20140624,157.93,157.93,157.93,157.93,0
ING027,20140625,156.47,156.47,156.47,156.47,0
ING027,20140626,156.37,156.37,156.37,156.37,0
ING027,20140627,156.42,156.42,156.42,156.42,0
ING027,20140630,156.30,156.30,156.30,156.30,0
ING027,20140701,157.51,157.51,157.51,157.51,0
ING027,20140702,158.11,158.11,158.11,158.11,0
ING027,20140703,159.29,159.29,159.29,159.29,0
ING027,20140704,158.68,158.68,158.68,158.68,0
ING027,20140707,157.35,157.35,157.35,157.35,0
ING027,20140708,155.02,155.02,155.02,155.02,0
ING027,20140709,154.95,154.95,154.95,154.95,0
ING027,20140710,153.36,153.36,153.36,153.36,0
ING027,20140711,153.68,153.68,153.68,153.68,0
ING027,20140714,154.90,154.90,154.90,154.90,0
ING027,20140715,154.61,154.61,154.61,154.61,0
ING027,20140716,156.75,156.75,156.75,156.75,0
ING027,20140717,154.94,154.94,154.94,154.94,0
ING027,20140718,155.15,155.15,155.15,155.15,0
ING027,20140721,154.24,154.24,154.24,154.24,0
ING027,20140722,155.73,155.73,155.73,155.73,0
ING027,20140723,155.86,155.86,155.86,155.86,0
ING027,20140724,156.36,156.36,156.36,156.36,0
ING027,20140725,155.76,155.76,155.76,155.76,0
ING027,20140728,155.28,155.28,155.28,155.28,0
ING027,20140729,155.69,155.69,155.69,155.69,0
ING027,20140730,155.01,155.01,155.01,155.01,0
ING027,20140731,153.14,153.14,153.14,153.14,0
ING027,20140801,151.72,151.72,151.72,151.72,0
ING027,20140804,151.74,151.74,151.74,151.74,0
ING027,20140805,151.37,151.37,151.37,151.37,0
ING027,20140806,149.78,149.78,149.78,149.78,0
ING027,20140807,148.88,148.88,148.88,148.88,0
ING027,20140808,148.35,148.35,148.35,148.35,0
ING027,20140811,150.10,150.10,150.10,150.10,0
ING027,20140812,149.97,149.97,149.97,149.97,0
ING027,20140813,150.67,150.67,150.67,150.67,0
ING027,20140814,151.17,151.17,151.17,151.17,0
ING027,20140818,152.41,152.41,152.41,152.41,0
ING027,20140819,153.10,153.10,153.10,153.10,0
ING027,20140820,152.90,152.90,152.90,152.90,0
ING027,20140821,153.87,153.87,153.87,153.87,0
ING027,20140822,153.54,153.54,153.54,153.54,0
ING027,20140825,154.92,154.92,154.92,154.92,0
ING027,20140826,156.17,156.17,156.17,156.17,0
ING027,20140827,156.33,156.33,156.33,156.33,0
ING027,20140828,155.04,155.04,155.04,155.04,0
ING027,20140829,155.16,155.16,155.16,155.16,0
ING027,20140901,155.30,155.30,155.30,155.30,0
ING027,20140902,155.11,155.11,155.11,155.11,0
ING027,20140903,156.56,156.56,156.56,156.56,0
ING027,20140904,158.25,158.25,158.25,158.25,0
ING027,20140905,157.85,157.85,157.85,157.85,0
ING027,20140908,157.22,157.22,157.22,157.22,0
ING027,20140909,156.44,156.44,156.44,156.44,0
ING027,20140910,156.54,156.54,156.54,156.54,0
ING027,20140911,155.98,155.98,155.98,155.98,0
ING027,20140912,155.85,155.85,155.85,155.85,0
ING027,20140915,155.24,155.24,155.24,155.24,0
ING027,20140916,154.70,154.70,154.70,154.70,0
ING027,20140917,155.62,155.62,155.62,155.62,0
ING027,20140918,156.86,156.86,156.86,156.86,0
ING027,20140919,157.50,157.50,157.50,157.50,0
ING027,20140922,156.46,156.46,156.46,156.46,0
ING027,20140923,154.48,154.48,154.48,154.48,0
ING027,20140924,155.53,155.53,155.53,155.53,0
ING027,20140925,154.07,154.07,154.07,154.07,0
ING027,20140926,154.34,154.34,154.34,154.34,0
ING027,20140929,152.91,152.91,152.91,152.91,0
ING027,20140930,153.79,153.79,153.79,153.79,0
ING027,20141001,152.31,152.31,152.31,152.31,0
ING027,20141002,148.59,148.59,148.59,148.59,0
ING027,20141003,149.78,149.78,149.78,149.78,0
ING027,20141006,150.25,150.25,150.25,150.25,0
ING027,20141007,148.31,148.31,148.31,148.31,0
ING027,20141008,146.81,146.81,146.81,146.81,0
ING027,20141009,146.21,146.21,146.21,146.21,0
ING027,20141010,144.14,144.14,144.14,144.14,0
ING027,20141013,144.30,144.30,144.30,144.30,0
ING027,20141014,144.27,144.27,144.27,144.27,0
ING027,20141015,140.15,140.15,140.15,140.15,0
ING027,20141016,139.66,139.66,139.66,139.66,0
ING027,20141017,143.46,143.46,143.46,143.46,0
ING027,20141020,142.98,142.98,142.98,142.98,0
ING027,20141021,145.83,145.83,145.83,145.83,0
ING027,20141022,146.52,146.52,146.52,146.52,0
ING027,20141023,147.37,147.37,147.37,147.37,0
ING027,20141024,147.13,147.13,147.13,147.13,0
ING027,20141027,145.59,145.59,145.59,145.59,0
ING027,20141028,147.28,147.28,147.28,147.28,0
ING027,20141029,147.00,147.00,147.00,147.00,0
ING027,20141030,147.57,147.57,147.57,147.57,0
ING027,20141031,150.29,150.29,150.29,150.29,0
ING027,20141103,149.25,149.25,149.25,149.25,0
ING027,20141104,147.25,147.25,147.25,147.25,0
ING027,20141105,149.28,149.28,149.28,149.28,0
ING027,20141106,149.75,149.75,149.75,149.75,0
ING027,20141107,149.18,149.18,149.18,149.18,0
ING027,20141110,149.20,149.20,149.20,149.20,0
ING027,20141112,147.63,147.63,147.63,147.63,0
ING027,20141113,147.60,147.60,147.60,147.60,0
ING027,20141114,147.51,147.51,147.51,147.51,0
ING027,20141117,148.10,148.10,148.10,148.10,0
ING027,20141118,148.98,148.98,148.98,148.98,0
ING027,20141119,148.70,148.70,148.70,148.70,0
ING027,20141120,148.03,148.03,148.03,148.03,0
ING027,20141121,151.69,151.69,151.69,151.69,0
ING027,20141124,151.75,151.75,151.75,151.75,0
ING027,20141125,152.04,152.04,152.04,152.04,0
ING027,20141126,152.01,152.01,152.01,152.01,0
ING027,20141127,152.45,152.45,152.45,152.45,0
ING027,20141128,152.07,152.07,152.07,152.07,0
ING027,20141201,151.40,151.40,151.40,151.40,0
ING027,20141202,152.37,152.37,152.37,152.37,0
ING027,20141203,153.38,153.38,153.38,153.38,0
ING027,20141204,151.06,151.06,151.06,151.06,0
ING027,20141205,153.83,153.83,153.83,153.83,0
ING027,20141208,152.83,152.83,152.83,152.83,0
ING027,20141209,149.01,149.01,149.01,149.01,0
ING027,20141210,148.36,148.36,148.36,148.36,0
ING027,20141211,148.18,148.18,148.18,148.18,0
ING027,20141212,144.57,144.57,144.57,144.57,0
ING027,20141215,141.35,141.35,141.35,141.35,0
ING027,20141216,143.89,143.89,143.89,143.89,0
ING027,20141217,144.18,144.18,144.18,144.18,0
ING027,20141218,148.54,148.54,148.54,148.54,0
ING027,20141219,148.99,148.99,148.99,148.99,0
ING027,20141222,149.67,149.67,149.67,149.67,0
ING027,20141223,150.90,150.90,150.90,150.90,0
ING027,20141229,151.05,151.05,151.05,151.05,0
ING027,20141230,149.81,149.81,149.81,149.81,0
ING027,20150102,149.99,149.99,149.99,149.99,0
ING027,20150105,145.74,145.74,145.74,145.74,0
ING027,20150107,145.50,145.50,145.50,145.50,0
ING027,20150108,149.42,149.42,149.42,149.42,0
ING027,20150109,146.94,146.94,146.94,146.94,0
ING027,20150112,147.43,147.43,147.43,147.43,0
ING027,20150113,149.35,149.35,149.35,149.35,0
ING027,20150114,146.86,146.86,146.86,146.86,0
ING027,20150115,150.36,150.36,150.36,150.36,0
ING027,20150116,152.04,152.04,152.04,152.04,0
ING027,20150119,152.26,152.26,152.26,152.26,0
ING027,20150120,153.60,153.60,153.60,153.60,0
ING027,20150121,154.63,154.63,154.63,154.63,0
ING027,20150122,157.34,157.34,157.34,157.34,0
ING027,20150123,159.03,159.03,159.03,159.03,0
ING027,20150126,159.72,159.72,159.72,159.72,0
ING027,20150127,158.28,158.28,158.28,158.28,0
ING027,20150128,157.92,157.92,157.92,157.92,0
ING027,20150129,157.71,157.71,157.71,157.71,0
ING027,20150130,157.36,157.36,157.36,157.36,0
ING027,20150202,157.93,157.93,157.93,157.93,0
ING027,20150203,159.69,159.69,159.69,159.69,0
ING027,20150204,160.12,160.12,160.12,160.12,0
ING027,20150205,160.62,160.62,160.62,160.62,0
ING027,20150206,161.25,161.25,161.25,161.25,0
ING027,20150209,160.40,160.40,160.40,160.40,0
ING027,20150210,160.53,160.53,160.53,160.53,0
ING027,20150211,159.67,159.67,159.67,159.67,0
ING027,20150212,161.42,161.42,161.42,161.42,0
ING027,20150213,163.42,163.42,163.42,163.42,0
ING027,20150216,163.64,163.64,163.64,163.64,0
ING027,20150217,163.46,163.46,163.46,163.46,0
ING027,20150218,165.38,165.38,165.38,165.38,0
ING027,20150219,165.61,165.61,165.61,165.61,0
ING027,20150220,165.99,165.99,165.99,165.99,0
ING027,20150223,166.31,166.31,166.31,166.31,0
ING027,20150224,167.44,167.44,167.44,167.44,0
ING027,20150225,167.62,167.62,167.62,167.62,0
ING027,20150226,169.13,169.13,169.13,169.13,0
ING027,20150227,169.89,169.89,169.89,169.89,0
ING027,20150302,169.27,169.27,169.27,169.27,0
ING027,20150303,167.96,167.96,167.96,167.96,0
ING027,20150304,169.16,169.16,169.16,169.16,0
ING027,20150305,170.52,170.52,170.52,170.52,0
ING027,20150306,170.84,170.84,170.84,170.84,0
ING027,20150309,170.66,170.66,170.66,170.66,0
ING027,20150310,169.12,169.12,169.12,169.12,0
ING027,20150311,171.14,171.14,171.14,171.14,0
ING027,20150312,170.74,170.74,170.74,170.74,0
ING027,20150313,170.76,170.76,170.76,170.76,0
ING027,20150316,171.47,171.47,171.47,171.47,0
ING027,20150317,170.71,170.71,170.71,170.71,0
ING027,20150318,171.46,171.46,171.46,171.46,0
ING027,20150319,172.76,172.76,172.76,172.76,0
ING027,20150320,174.81,174.81,174.81,174.81,0
ING027,20150323,174.03,174.03,174.03,174.03,0
ING027,20150324,174.65,174.65,174.65,174.65,0
ING027,20150325,173.04,173.04,173.04,173.04,0
ING027,20150326,171.53,171.53,171.53,171.53,0
ING027,20150327,171.81,171.81,171.81,171.81,0
ING027,20150330,173.29,173.29,173.29,173.29,0
ING027,20150331,172.48,172.48,172.48,172.48,0
ING027,20150401,173.03,173.03,173.03,173.03,0
ING027,20150402,172.58,172.58,172.58,172.58,0
ING027,20150407,175.37,175.37,175.37,175.37,0
ING027,20150408,175.64,175.64,175.64,175.64,0
ING027,20150409,177.06,177.06,177.06,177.06,0
ING027,20150410,177.95,177.95,177.95,177.95,0
ING027,20150413,178.30,178.30,178.30,178.30,0
ING027,20150414,177.73,177.73,177.73,177.73,0
ING027,20150415,179.50,179.50,179.50,179.50,0
ING027,20150416,178.02,178.02,178.02,178.02,0
ING027,20150417,175.02,175.02,175.02,175.02,0
ING027,20150420,176.23,176.23,176.23,176.23,0
ING027,20150421,176.17,176.17,176.17,176.17,0
ING027,20150422,176.67,176.67,176.67,176.67,0
ING027,20150423,176.85,176.85,176.85,176.85,0
ING027,20150424,178.13,178.13,178.13,178.13,0
ING027,20150427,179.82,179.82,179.82,179.82,0
ING027,20150428,177.69,177.69,177.69,177.69,0
ING027,20150429,174.88,174.88,174.88,174.88,0
ING027,20150430,174.42,174.42,174.42,174.42,0
ING027,20150504,175.15,175.15,175.15,175.15,0
ING027,20150505,173.26,173.26,173.26,173.26,0
ING027,20150506,172.60,172.60,172.60,172.60,0
ING027,20150507,172.47,172.47,172.47,172.47,0
ING027,20150508,177.48,177.48,177.48,177.48,0
ING027,20150511,178.25,178.25,178.25,178.25,0
ING027,20150512,176.38,176.38,176.38,176.38,0
ING027,20150513,175.96,175.96,175.96,175.96,0
ING027,20150514,176.84,176.84,176.84,176.84,0
ING027,20150515,176.02,176.02,176.02,176.02,0
ING027,20150518,176.67,176.67,176.67,176.67,0
ING027,20150519,179.55,179.55,179.55,179.55,0
ING027,20150520,180.54,180.54,180.54,180.54,0
ING027,20150521,181.14,181.14,181.14,181.14,0
ING027,20150522,181.17,181.17,181.17,181.17,0
ING027,20150525,181.14,181.14,181.14,181.14,0
ING027,20150526,179.16,179.16,179.16,179.16,0
ING027,20150527,181.49,181.49,181.49,181.49,0
ING027,20150528,180.56,180.56,180.56,180.56,0
ING027,20150529,177.70,177.70,177.70,177.70,0
ING027,20150601,177.40,177.40,177.40,177.40,0
ING027,20150602,176.53,176.53,176.53,176.53,0
ING027,20150603,176.66,176.66,176.66,176.66,0
ING027,20150605,173.96,173.96,173.96,173.96,0
ING027,20150608,172.58,172.58,172.58,172.58,0
ING027,20150609,171.81,171.81,171.81,171.81,0
ING027,20150610,175.07,175.07,175.07,175.07,0
ING027,20150611,175.57,175.57,175.57,175.57,0
ING027,20150612,174.17,174.17,174.17,174.17,0
ING027,20150615,171.43,171.43,171.43,171.43,0
ING027,20150616,172.06,172.06,172.06,172.06,0
ING027,20150617,171.17,171.17,171.17,171.17,0
ING027,20150618,171.18,171.18,171.18,171.18,0
ING027,20150619,172.05,172.05,172.05,172.05,0
ING027,20150622,175.61,175.61,175.61,175.61,0
ING027,20150623,177.30,177.30,177.30,177.30,0
ING027,20150624,176.90,176.90,176.90,176.90,0
ING027,20150625,176.39,176.39,176.39,176.39,0
ING027,20150626,176.69,176.69,176.69,176.69,0
ING027,20150629,171.85,171.85,171.85,171.85,0
ING027,20150630,169.73,169.73,169.73,169.73,0
ING027,20150701,172.14,172.14,172.14,172.14,0
ING027,20150702,171.87,171.87,171.87,171.87,0
ING027,20150703,170.72,170.72,170.72,170.72,0
ING027,20150706,167.98,167.98,167.98,167.98,0
ING027,20150707,164.96,164.96,164.96,164.96,0
ING027,20150708,164.91,164.91,164.91,164.91,0
ING027,20150709,168.20,168.20,168.20,168.20,0
ING027,20150710,171.40,171.40,171.40,171.40,0
ING027,20150713,174.59,174.59,174.59,174.59,0
ING027,20150714,175.33,175.33,175.33,175.33,0
ING027,20150715,176.03,176.03,176.03,176.03,0
ING027,20150716,178.53,178.53,178.53,178.53,0
ING027,20150717,178.17,178.17,178.17,178.17,0
ING027,20150720,178.51,178.51,178.51,178.51,0
ING027,20150721,177.54,177.54,177.54,177.54,0
ING027,20150722,176.70,176.70,176.70,176.70,0
ING027,20150723,175.60,175.60,175.60,175.60,0
ING027,20150724,173.84,173.84,173.84,173.84,0
ING027,20150727,170.50,170.50,170.50,170.50,0
ING027,20150728,172.33,172.33,172.33,172.33,0
ING027,20150729,173.64,173.64,173.64,173.64,0
ING027,20150730,175.12,175.12,175.12,175.12,0
ING027,20150731,174.88,174.88,174.88,174.88,0
ING027,20150803,175.91,175.91,175.91,175.91,0
ING027,20150804,175.63,175.63,175.63,175.63,0
ING027,20150805,178.00,178.00,178.00,178.00,0
ING027,20150806,176.56,176.56,176.56,176.56,0
ING027,20150807,175.50,175.50,175.50,175.50,0
ING027,20150810,176.36,176.36,176.36,176.36,0
ING027,20150811,173.68,173.68,173.68,173.68,0
ING027,20150812,169.38,169.38,169.38,169.38,0
ING027,20150813,170.85,170.85,170.85,170.85,0
ING027,20150814,170.28,170.28,170.28,170.28,0
ING027,20150817,170.63,170.63,170.63,170.63,0
ING027,20150818,170.65,170.65,170.65,170.65,0
ING027,20150819,167.58,167.58,167.58,167.58,0
ING027,20150820,164.66,164.66,164.66,164.66,0
ING027,20150821,159.82,159.82,159.82,159.82,0
ING027,20150824,151.24,151.24,151.24,151.24,0
ING027,20150825,157.58,157.58,157.58,157.58,0
ING027,20150826,154.26,154.26,154.26,154.26,0
ING027,20150827,159.77,159.77,159.77,159.77,0
ING027,20150828,160.40,160.40,160.40,160.40,0
ING027,20150831,159.99,159.99,159.99,159.99,0
ING027,20150901,155.78,155.78,155.78,155.78,0
ING027,20150902,155.97,155.97,155.97,155.97,0
ING027,20150903,159.42,159.42,159.42,159.42,0
ING027,20150904,155.22,155.22,155.22,155.22,0
ING027,20150907,155.88,155.88,155.88,155.88,0
ING027,20150908,157.88,157.88,157.88,157.88,0
ING027,20150909,160.21,160.21,160.21,160.21,0
ING027,20150910,157.90,157.90,157.90,157.90,0
ING027,20150911,156.42,156.42,156.42,156.42,0
ING027,20150914,155.42,155.42,155.42,155.42,0
ING027,20150915,156.74,156.74,156.74,156.74,0
ING027,20150916,158.60,158.60,158.60,158.60,0
ING027,20150917,157.87,157.87,157.87,157.87,0
ING027,20150918,154.68,154.68,154.68,154.68,0
ING027,20150921,154.91,154.91,154.91,154.91,0
ING027,20150922,149.88,149.88,149.88,149.88,0
ING027,20150923,149.85,149.85,149.85,149.85,0
ING027,20150924,146.62,146.62,146.62,146.62,0
ING027,20150925,150.49,150.49,150.49,150.49,0
ING027,20150928,146.70,146.70,146.70,146.70,0
ING027,20150929,146.34,146.34,146.34,146.34,0
ING027,20150930,150.26,150.26,150.26,150.26,0
ING027,20151001,149.43,149.43,149.43,149.43,0
ING027,20151002,150.04,150.04,150.04,150.04,0
ING027,20151005,154.63,154.63,154.63,154.63,0
ING027,20151006,155.64,155.64,155.64,155.64,0
ING027,20151007,156.49,156.49,156.49,156.49,0
ING027,20151008,156.50,156.50,156.50,156.50,0
ING027,20151009,157.20,157.20,157.20,157.20,0
ING027,20151012,156.83,156.83,156.83,156.83,0
ING027,20151013,155.08,155.08,155.08,155.08,0
ING027,20151014,154.20,154.20,154.20,154.20,0
ING027,20151015,155.96,155.96,155.96,155.96,0
ING027,20151016,157.01,157.01,157.01,157.01,0
ING027,20151019,157.15,157.15,157.15,157.15,0
ING027,20151020,156.76,156.76,156.76,156.76,0
ING027,20151021,157.14,157.14,157.14,157.14,0
ING027,20151022,160.31,160.31,160.31,160.31,0
ING027,20151023,163.50,163.50,163.50,163.50,0
ING027,20151026,162.72,162.72,162.72,162.72,0
ING027,20151027,160.74,160.74,160.74,160.74,0
ING027,20151028,162.29,162.29,162.29,162.29,0
ING027,20151029,161.28,161.28,161.28,161.28,0
ING027,20151030,161.25,161.25,161.25,161.25,0
ING027,20151102,162.00,162.00,162.00,162.00,0
ING027,20151103,162.14,162.14,162.14,162.14,0
ING027,20151104,162.78,162.78,162.78,162.78,0
ING027,20151105,161.98,161.98,161.98,161.98,0
ING027,20151106,162.90,162.90,162.90,162.90,0
ING027,20151109,161.27,161.27,161.27,161.27,0
ING027,20151110,161.37,161.37,161.37,161.37,0
ING027,20151112,159.17,159.17,159.17,159.17,0
ING027,20151113,158.38,158.38,158.38,158.38,0
ING027,20151116,158.31,158.31,158.31,158.31,0
ING027,20151117,162.08,162.08,162.08,162.08,0
ING027,20151118,162.37,162.37,162.37,162.37,0
ING027,20151119,163.01,163.01,163.01,163.01,0
ING027,20151120,163.19,163.19,163.19,163.19,0
ING027,20151123,162.01,162.01,162.01,162.01,0
ING027,20151124,160.58,160.58,160.58,160.58,0
ING027,20151125,162.55,162.55,162.55,162.55,0
ING027,20151126,164.08,164.08,164.08,164.08,0
ING027,20151127,163.63,163.63,163.63,163.63,0
ING027,20151130,164.35,164.35,164.35,164.35,0
ING027,20151201,163.92,163.92,163.92,163.92,0
ING027,20151202,163.60,163.60,163.60,163.60,0
ING027,20151203,158.63,158.63,158.63,158.63,0
ING027,20151204,158.12,158.12,158.12,158.12,0
ING027,20151207,158.26,158.26,158.26,158.26,0
ING027,20151208,155.41,155.41,155.41,155.41,0
ING027,20151209,155.25,155.25,155.25,155.25,0
ING027,20151210,154.87,154.87,154.87,154.87,0
ING027,20151211,151.85,151.85,151.85,151.85,0
ING027,20151214,148.96,148.96,148.96,148.96,0
ING027,20151215,152.76,152.76,152.76,152.76,0
ING027,20151216,153.44,153.44,153.44,153.44,0
ING027,20151217,155.18,155.18,155.18,155.18,0
ING027,20151218,154.20,154.20,154.20,154.20,0
ING027,20151221,152.68,152.68,152.68,152.68,0
ING027,20151222,152.88,152.88,152.88,152.88,0
ING027,20151223,157.06,157.06,157.06,157.06,0
ING027,20151228,156.15,156.15,156.15,156.15,0
ING027,20151229,157.90,157.90,157.90,157.90,0
ING027,20151230,157.06,157.06,157.06,157.06,0
ING027,20160104,152.36,152.36,152.36,152.36,0
ING027,20160105,153.25,153.25,153.25,153.25,0
ING027,20160107,147.77,147.77,147.77,147.77,0
ING027,20160108,145.46,145.46,145.46,145.46,0
ING027,20160111,144.83,144.83,144.83,144.83,0
ING027,20160112,145.64,145.64,145.64,145.64,0
ING027,20160113,146.34,146.34,146.34,146.34,0
ING027,20160114,144.57,144.57,144.57,144.57,0
ING027,20160115,140.55,140.55,140.55,140.55,0
ING027,20160118,138.83,138.83,138.83,138.83,0
ING027,20160119,140.12,140.12,140.12,140.12,0
ING027,20160120,135.58,135.58,135.58,135.58,0
ING027,20160121,138.40,138.40,138.40,138.40,0
ING027,20160122,142.88,142.88,142.88,142.88,0
ING027,20160125,140.93,140.93,140.93,140.93,0
ING027,20160126,141.95,141.95,141.95,141.95,0
ING027,20160127,142.62,142.62,142.62,142.62,0
ING027,20160128,140.98,140.98,140.98,140.98,0
ING027,20160129,143.88,143.88,143.88,143.88,0
ING027,20160201,142.99,142.99,142.99,142.99,0
ING027,20160202,139.43,139.43,139.43,139.43,0
ING027,20160203,137.23,137.23,137.23,137.23,0
ING027,20160204,138.48,138.48,138.48,138.48,0
ING027,20160205,137.71,137.71,137.71,137.71,0
ING027,20160208,133.05,133.05,133.05,133.05,0
ING027,20160209,130.56,130.56,130.56,130.56,0
ING027,20160210,133.32,133.32,133.32,133.32,0
ING027,20160211,127.85,127.85,127.85,127.85,0
ING027,20160212,132.22,132.22,132.22,132.22,0
ING027,20160215,136.04,136.04,136.04,136.04,0
ING027,20160216,135.70,135.70,135.70,135.70,0
ING027,20160217,139.16,139.16,139.16,139.16,0
ING027,20160218,139.06,139.06,139.06,139.06,0
ING027,20160219,137.90,137.90,137.90,137.90,0
ING027,20160222,140.21,140.21,140.21,140.21,0
ING027,20160223,138.02,138.02,138.02,138.02,0
ING027,20160224,134.76,134.76,134.76,134.76,0
ING027,20160225,138.15,138.15,138.15,138.15,0
ING027,20160226,140.49,140.49,140.49,140.49,0
ING027,20160229,141.49,141.49,141.49,141.49,0
ING027,20160301,142.97,142.97,142.97,142.97,0
ING027,20160302,144.57,144.57,144.57,144.57,0
ING027,20160303,144.42,144.42,144.42,144.42,0
ING027,20160304,145.42,145.42,145.42,145.42,0
ING027,20160307,144.73,144.73,144.73,144.73,0
ING027,20160308,143.44,143.44,143.44,143.44,0
ING027,20160309,144.02,144.02,144.02,144.02,0
ING027,20160310,142.29,142.29,142.29,142.29,0
ING027,20160311,146.04,146.04,146.04,146.04,0
ING027,20160314,146.68,146.68,146.68,146.68,0
ING027,20160315,145.18,145.18,145.18,145.18,0
ING027,20160316,144.95,144.95,144.95,144.95,0
ING027,20160317,145.01,145.01,145.01,145.01,0
ING027,20160318,145.17,145.17,145.17,145.17,0
ING027,20160321,144.71,144.71,144.71,144.71,0
ING027,20160322,144.41,144.41,144.41,144.41,0
ING027,20160323,144.08,144.08,144.08,144.08,0
ING027,20160324,142.09,142.09,142.09,142.09,0
ING027,20160329,142.56,142.56,142.56,142.56,0
ING027,20160330,144.46,144.46,144.46,144.46,0
ING027,20160331,142.92,142.92,142.92,142.92,0
ING027,20160401,141.04,141.04,141.04,141.04,0
ING027,20160404,141.47,141.47,141.47,141.47,0
ING027,20160405,138.58,138.58,138.58,138.58,0
ING027,20160406,139.70,139.70,139.70,139.70,0
ING027,20160407,138.89,138.89,138.89,138.89,0
ING027,20160408,140.93,140.93,140.93,140.93,0
ING027,20160411,141.90,141.90,141.90,141.90,0
ING027,20160412,142.68,142.68,142.68,142.68,0
ING027,20160413,146.71,146.71,146.71,146.71,0
ING027,20160414,147.08,147.08,147.08,147.08,0
ING027,20160415,146.58,146.58,146.58,146.58,0
ING027,20160418,147.11,147.11,147.11,147.11,0
ING027,20160419,148.90,148.90,148.90,148.90,0
ING027,20160420,149.87,149.87,149.87,149.87,0
ING027,20160421,150.21,150.21,150.21,150.21,0
ING027,20160422,149.96,149.96,149.96,149.96,0
ING027,20160425,148.78,148.78,148.78,148.78,0
ING027,20160426,149.90,149.90,149.90,149.90,0
ING027,20160427,150.20,150.20,150.20,150.20,0
ING027,20160428,150.46,150.46,150.46,150.46,0
ING027,20160429,147.10,147.10,147.10,147.10,0
ING027,20160502,147.04,147.04,147.04,147.04,0
ING027,20160504,142.48,142.48,142.48,142.48,0
ING027,20160505,143.10,143.10,143.10,143.10,0
ING027,20160506,142.65,142.65,142.65,142.65,0
ING027,20160509,143.00,143.00,143.00,143.00,0
ING027,20160510,144.32,144.32,144.32,144.32,0
ING027,20160511,143.69,143.69,143.69,143.69,0
ING027,20160512,143.15,143.15,143.15,143.15,0
ING027,20160513,143.88,143.88,143.88,143.88,0
ING027,20160516,143.84,143.84,143.84,143.84,0
ING027,20160517,143.92,143.92,143.92,143.92,0
ING027,20160518,145.48,145.48,145.48,145.48,0
ING027,20160519,144.26,144.26,144.26,144.26,0
ING027,20160520,145.86,145.86,145.86,145.86,0
ING027,20160523,145.54,145.54,145.54,145.54,0
ING027,20160524,148.84,148.84,148.84,148.84,0
ING027,20160525,150.89,150.89,150.89,150.89,0
ING027,20160527,151.36,151.36,151.36,151.36,0
ING027,20160530,151.61,151.61,151.61,151.61,0
ING027,20160531,150.35,150.35,150.35,150.35,0
ING027,20160601,148.43,148.43,148.43,148.43,0
ING027,20160602,148.72,148.72,148.72,148.72,0
ING027,20160603,147.00,147.00,147.00,147.00,0
ING027,20160606,147.45,147.45,147.45,147.45,0
ING027,20160607,149.08,149.08,149.08,149.08,0
ING027,20160608,148.61,148.61,148.61,148.61,0
ING027,20160609,147.29,147.29,147.29,147.29,0
ING027,20160610,143.60,143.60,143.60,143.60,0
ING027,20160613,140.90,140.90,140.90,140.90,0
ING027,20160614,138.22,138.22,138.22,138.22,0
ING027,20160615,139.17,139.17,139.17,139.17,0
ING027,20160616,138.41,138.41,138.41,138.41,0
ING027,20160617,140.80,140.80,140.80,140.80,0
ING027,20160620,145.82,145.82,145.82,145.82,0
ING027,20160621,146.93,146.93,146.93,146.93,0
ING027,20160622,147.72,147.72,147.72,147.72,0
ING027,20160623,150.33,150.33,150.33,150.33,0
ING027,20160624,137.23,137.23,137.23,137.23,0
ING027,20160627,131.10,131.10,131.10,131.10,0
ING027,20160628,134.52,134.52,134.52,134.52,0
ING027,20160629,138.81,138.81,138.81,138.81,0
ING027,20160630,140.00,140.00,140.00,140.00,0
ING027,20160701,140.72,140.72,140.72,140.72,0
ING027,20160704,139.50,139.50,139.50,139.50,0
ING027,20160705,136.77,136.77,136.77,136.77,0
ING027,20160706,133.98,133.98,133.98,133.98,0
ING027,20160707,135.42,135.42,135.42,135.42,0
ING027,20160708,137.99,137.99,137.99,137.99,0
ING027,20160711,139.91,139.91,139.91,139.91,0
ING027,20160712,142.09,142.09,142.09,142.09,0
ING027,20160713,141.71,141.71,141.71,141.71,0
ING027,20160714,143.35,143.35,143.35,143.35,0
ING027,20160715,143.19,143.19,143.19,143.19,0
ING027,20160718,142.89,142.89,142.89,142.89,0
ING027,20160719,142.18,142.18,142.18,142.18,0
ING027,20160720,143.48,143.48,143.48,143.48,0
ING027,20160721,143.40,143.40,143.40,143.40,0
ING027,20160722,143.22,143.22,143.22,143.22,0
ING027,20160725,143.18,143.18,143.18,143.18,0
ING027,20160726,142.87,142.87,142.87,142.87,0
ING027,20160727,143.89,143.89,143.89,143.89,0
ING027,20160728,141.88,141.88,141.88,141.88,0
ING027,20160729,142.92,142.92,142.92,142.92,0
ING027,20160801,141.81,141.81,141.81,141.81,0
ING027,20160802,139.64,139.64,139.64,139.64,0
ING027,20160803,140.23,140.23,140.23,140.23,0
ING027,20160804,141.30,141.30,141.30,141.30,0
ING027,20160805,143.23,143.23,143.23,143.23,0
ING027,20160808,143.74,143.74,143.74,143.74,0
ING027,20160809,145.02,145.02,145.02,145.02,0
ING027,20160810,144.26,144.26,144.26,144.26,0
ING027,20160811,145.45,145.45,145.45,145.45,0
ING027,20160812,145.59,145.59,145.59,145.59,0
ING027,20160816,144.47,144.47,144.47,144.47,0
ING027,20160817,143.14,143.14,143.14,143.14,0
ING027,20160818,144.32,144.32,144.32,144.32,0
ING027,20160819,143.13,143.13,143.13,143.13,0
ING027,20160822,143.35,143.35,143.35,143.35,0
ING027,20160823,145.02,145.02,145.02,145.02,0
ING027,20160824,145.94,145.94,145.94,145.94,0
ING027,20160825,144.74,144.74,144.74,144.74,0
ING027,20160826,145.46,145.46,145.46,145.46,0
ING027,20160829,145.13,145.13,145.13,145.13,0
ING027,20160830,145.96,145.96,145.96,145.96,0
ING027,20160831,145.91,145.91,145.91,145.91,0
ING027,20160901,146.04,146.04,146.04,146.04,0
ING027,20160902,148.78,148.78,148.78,148.78,0
ING027,20160905,148.96,148.96,148.96,148.96,0
ING027,20160906,148.21,148.21,148.21,148.21,0
ING027,20160907,148.85,148.85,148.85,148.85,0
ING027,20160908,148.94,148.94,148.94,148.94,0
ING027,20160909,147.73,147.73,147.73,147.73,0
ING027,20160912,145.87,145.87,145.87,145.87,0
ING027,20160913,144.14,144.14,144.14,144.14,0
ING027,20160914,143.54,143.54,143.54,143.54,0
ING027,20160915,144.06,144.06,144.06,144.06,0
ING027,20160916,142.88,142.88,142.88,142.88,0
ING027,20160919,144.22,144.22,144.22,144.22,0
ING027,20160920,143.75,143.75,143.75,143.75,0
ING027,20160921,144.79,144.79,144.79,144.79,0
ING027,20160922,147.19,147.19,147.19,147.19,0
ING027,20160923,146.26,146.26,146.26,146.26,0
ING027,20160926,143.54,143.54,143.54,143.54,0
ING027,20160927,143.45,143.45,143.45,143.45,0
ING027,20160928,144.44,144.44,144.44,144.44,0
ING027,20160929,144.70,144.70,144.70,144.70,0
ING027,20160930,144.61,144.61,144.61,144.61,0
ING027,20161003,144.35,144.35,144.35,144.35,0
ING027,20161004,145.47,145.47,145.47,145.47,0
ING027,20161005,145.23,145.23,145.23,145.23,0
ING027,20161006,144.64,144.64,144.64,144.64,0
ING027,20161007,142.94,142.94,142.94,142.94,0
ING027,20161010,143.99,143.99,143.99,143.99,0
ING027,20161011,143.63,143.63,143.63,143.63,0
ING027,20161012,143.24,143.24,143.24,143.24,0
ING027,20161013,141.68,141.68,141.68,141.68,0
ING027,20161014,143.63,143.63,143.63,143.63,0
ING027,20161017,142.56,142.56,142.56,142.56,0
ING027,20161018,144.75,144.75,144.75,144.75,0
ING027,20161019,145.47,145.47,145.47,145.47,0
ING027,20161020,145.98,145.98,145.98,145.98,0
ING027,20161021,146.07,146.07,146.07,146.07,0
ING027,20161024,146.56,146.56,146.56,146.56,0
ING027,20161025,146.41,146.41,146.41,146.41,0
ING027,20161026,146.10,146.10,146.10,146.10,0
ING027,20161027,146.23,146.23,146.23,146.23,0
ING027,20161028,146.75,146.75,146.75,146.75,0
ING027,20161031,145.87,145.87,145.87,145.87,0
ING027,20161102,142.66,142.66,142.66,142.66,0
ING027,20161103,143.21,143.21,143.21,143.21,0
ING027,20161104,141.99,141.99,141.99,141.99,0
ING027,20161107,144.18,144.18,144.18,144.18,0
ING027,20161108,144.68,144.68,144.68,144.68,0
ING027,20161109,146.73,146.73,146.73,146.73,0
ING027,20161110,146.73,146.73,146.73,146.73,0
ING027,20161114,146.60,146.60,146.60,146.60,0
ING027,20161115,146.83,146.83,146.83,146.83,0
ING027,20161116,146.47,146.47,146.47,146.47,0
ING027,20161117,147.32,147.32,147.32,147.32,0
ING027,20161118,146.55,146.55,146.55,146.55,0
ING027,20161121,146.65,146.65,146.65,146.65,0
ING027,20161122,147.45,147.45,147.45,147.45,0
ING027,20161123,147.14,147.14,147.14,147.14,0
ING027,20161124,147.40,147.40,147.40,147.40,0
ING027,20161125,147.41,147.41,147.41,147.41,0
ING027,20161128,145.95,145.95,145.95,145.95,0
ING027,20161129,146.28,146.28,146.28,146.28,0
ING027,20161130,147.34,147.34,147.34,147.34,0
ING027,20161201,147.29,147.29,147.29,147.29,0
ING027,20161202,146.51,146.51,146.51,146.51,0
ING027,20161205,147.27,147.27,147.27,147.27,0
ING027,20161206,149.32,149.32,149.32,149.32,0
ING027,20161207,150.49,150.49,150.49,150.49,0
ING027,20161208,152.57,152.57,152.57,152.57,0
ING027,20161209,153.65,153.65,153.65,153.65,0
ING027,20161212,153.22,153.22,153.22,153.22,0
ING027,20161213,154.87,154.87,154.87,154.87,0
ING027,20161214,154.09,154.09,154.09,154.09,0
ING027,20161215,155.52,155.52,155.52,155.52,0
ING027,20161216,156.02,156.02,156.02,156.02,0
ING027,20161219,155.82,155.82,155.82,155.82,0
ING027,20161220,156.63,156.63,156.63,156.63,0
ING027,20161221,156.16,156.16,156.16,156.16,0
ING027,20161222,155.81,155.81,155.81,155.81,0
ING027,20161223,155.75,155.75,155.75,155.75,0
ING027,20161227,155.93,155.93,155.93,155.93,0
ING027,20161228,156.01,156.01,156.01,156.01,0
ING027,20161229,155.74,155.74,155.74,155.74,0
ING027,20161230,156.08,156.08,156.08,156.08,0
ING027,20170102,156.82,156.82,156.82,156.82,0
ING027,20170103,158.26,158.26,158.26,158.26,0
ING027,20170104,158.19,158.19,158.19,158.19,0
ING027,20170105,158.47,158.47,158.47,158.47,0
ING027,20170109,156.96,156.96,156.96,156.96,0
ING027,20170110,157.06,157.06,157.06,157.06,0
ING027,20170111,157.05,157.05,157.05,157.05,0
ING027,20170112,156.02,156.02,156.02,156.02,0
ING027,20170113,157.60,157.60,157.60,157.60,0
ING027,20170116,156.02,156.02,156.02,156.02,0
ING027,20170117,156.43,156.43,156.43,156.43,0
ING027,20170118,156.27,156.27,156.27,156.27,0
ING027,20170119,155.95,155.95,155.95,155.95,0
ING027,20170120,155.96,155.96,155.96,155.96,0
ING027,20170123,155.43,155.43,155.43,155.43,0
ING027,20170124,155.55,155.55,155.55,155.55,0
ING027,20170125,157.41,157.41,157.41,157.41,0
ING027,20170126,157.47,157.47,157.47,157.47,0
ING027,20170127,156.51,156.51,156.51,156.51,0
ING027,20170130,155.10,155.10,155.10,155.10,0
ING027,20170131,154.14,154.14,154.14,154.14,0
ING027,20170201,155.34,155.34,155.34,155.34,0
ING027,20170202,154.71,154.71,154.71,154.71,0
ING027,20170203,155.92,155.92,155.92,155.92,0
ING027,20170206,154.71,154.71,154.71,154.71,0
ING027,20170207,154.77,154.77,154.77,154.77,0
ING027,20170208,155.66,155.66,155.66,155.66,0
ING027,20170209,157.13,157.13,157.13,157.13,0
ING027,20170210,157.19,157.19,157.19,157.19,0
ING027,20170213,158.04,158.04,158.04,158.04,0
ING027,20170214,158.15,158.15,158.15,158.15,0
ING027,20170215,158.46,158.46,158.46,158.46,0
ING027,20170216,158.27,158.27,158.27,158.27,0
ING027,20170217,157.58,157.58,157.58,157.58,0
ING027,20170220,157.85,157.85,157.85,157.85,0
ING027,20170221,158.78,158.78,158.78,158.78,0
ING027,20170222,158.71,158.71,158.71,158.71,0
ING027,20170223,158.59,158.59,158.59,158.59,0
ING027,20170224,157.65,157.65,157.65,157.65,0
ING027,20170227,157.39,157.39,157.39,157.39,0
ING027,20170228,157.85,157.85,157.85,157.85,0
ING027,20170301,159.76,159.76,159.76,159.76,0
ING027,20170302,160.32,160.32,160.32,160.32,0
ING027,20170303,160.06,160.06,160.06,160.06,0
ING027,20170306,159.43,159.43,159.43,159.43,0
ING027,20170307,158.99,158.99,158.99,158.99,0
ING027,20170308,159.15,159.15,159.15,159.15,0
ING027,20170309,159.73,159.73,159.73,159.73,0
ING027,20170310,160.06,160.06,160.06,160.06,0
ING027,20170313,160.17,160.17,160.17,160.17,0
ING027,20170314,159.34,159.34,159.34,159.34,0
ING027,20170315,159.94,159.94,159.94,159.94,0
ING027,20170316,160.92,160.92,160.92,160.92,0
ING027,20170317,161.21,161.21,161.21,161.21,0
ING027,20170320,160.76,160.76,160.76,160.76,0
ING027,20170321,160.45,160.45,160.45,160.45,0
ING027,20170322,159.02,159.02,159.02,159.02,0
ING027,20170323,160.65,160.65,160.65,160.65,0
ING027,20170324,160.25,160.25,160.25,160.25,0
ING027,20170327,160.03,160.03,160.03,160.03,0
ING027,20170328,160.93,160.93,160.93,160.93,0
ING027,20170329,161.58,161.58,161.58,161.58,0
ING027,20170330,162.70,162.70,162.70,162.70,0
ING027,20170331,163.32,163.32,163.32,163.32,0
ING027,20170403,162.61,162.61,162.61,162.61,0
ING027,20170404,162.44,162.44,162.44,162.44,0
ING027,20170405,162.54,162.54,162.54,162.54,0
ING027,20170406,162.89,162.89,162.89,162.89,0
ING027,20170407,162.82,162.82,162.82,162.82,0
ING027,20170410,162.93,162.93,162.93,162.93,0
ING027,20170411,163.09,163.09,163.09,163.09,0
ING027,20170412,163.02,163.02,163.02,163.02,0
ING027,20170413,162.35,162.35,162.35,162.35,0
ING027,20170418,160.49,160.49,160.49,160.49,0
ING027,20170419,161.60,161.60,161.60,161.60,0
ING027,20170420,161.90,161.90,161.90,161.90,0
ING027,20170421,161.75,161.75,161.75,161.75,0
ING027,20170424,165.41,165.41,165.41,165.41,0
ING027,20170425,165.63,165.63,165.63,165.63,0
ING027,20170426,166.04,166.04,166.04,166.04,0
ING027,20170427,165.59,165.59,165.59,165.59,0
ING027,20170428,165.59,165.59,165.59,165.59,0
ING027,20170502,166.68,166.68,166.68,166.68,0
ING027,20170504,168.07,168.07,168.07,168.07,0
ING027,20170505,169.36,169.36,169.36,169.36,0
ING027,20170508,169.42,169.42,169.42,169.42,0
ING027,20170509,170.12,170.12,170.12,170.12,0
ING027,20170510,170.82,170.82,170.82,170.82,0
ING027,20170511,169.89,169.89,169.89,169.89,0
ING027,20170512,170.79,170.79,170.79,170.79,0
ING027,20170515,170.97,170.97,170.97,170.97,0
ING027,20170516,171.01,171.01,171.01,171.01,0
ING027,20170517,169.43,169.43,169.43,169.43,0
ING027,20170518,168.91,168.91,168.91,168.91,0
ING027,20170519,169.84,169.84,169.84,169.84,0
ING027,20170522,170.50,170.50,170.50,170.50,0
ING027,20170523,170.68,170.68,170.68,170.68,0
ING027,20170524,170.37,170.37,170.37,170.37,0
ING027,20170525,169.98,169.98,169.98,169.98,0
ING027,20170526,169.65,169.65,169.65,169.65,0
ING027,20170529,169.86,169.86,169.86,169.86,0
ING027,20170530,169.67,169.67,169.67,169.67,0
ING027,20170531,169.52,169.52,169.52,169.52,0
ING027,20170601,170.07,170.07,170.07,170.07,0
ING027,20170602,169.99,169.99,169.99,169.99,0
ING027,20170605,169.70,169.70,169.70,169.70,0
ING027,20170606,168.37,168.37,168.37,168.37,0
ING027,20170607,168.36,168.36,168.36,168.36,0
ING027,20170608,168.78,168.78,168.78,168.78,0
ING027,20170609,169.21,169.21,169.21,169.21,0
ING027,20170612,168.35,168.35,168.35,168.35,0
ING027,20170613,169.00,169.00,169.00,169.00,0
ING027,20170614,168.56,168.56,168.56,168.56,0
ING027,20170616,167.90,167.90,167.90,167.90,0
ING027,20170619,168.95,168.95,168.95,168.95,0
ING027,20170620,167.60,167.60,167.60,167.60,0
ING027,20170621,167.47,167.47,167.47,167.47,0
ING027,20170622,167.57,167.57,167.57,167.57,0
ING027,20170623,167.64,167.64,167.64,167.64,0
ING027,20170626,168.09,168.09,168.09,168.09,0
ING027,20170627,167.24,167.24,167.24,167.24,0
ING027,20170628,167.61,167.61,167.61,167.61,0
ING027,20170629,166.16,166.16,166.16,166.16,0
ING027,20170630,165.56,165.56,165.56,165.56,0
ING027,20170703,167.26,167.26,167.26,167.26,0
ING027,20170704,166.76,166.76,166.76,166.76,0
ING027,20170705,167.09,167.09,167.09,167.09,0
ING027,20170706,166.19,166.19,166.19,166.19,0
ING027,20170707,165.47,165.47,165.47,165.47,0
ING027,20170710,166.33,166.33,166.33,166.33,0
ING027,20170711,165.42,165.42,165.42,165.42,0
ING027,20170712,167.55,167.55,167.55,167.55,0
ING027,20170713,168.37,168.37,168.37,168.37,0
ING027,20170714,168.37,168.37,168.37,168.37,0
ING027,20170717,168.32,168.32,168.32,168.32,0
ING027,20170718,166.66,166.66,166.66,166.66,0
ING027,20170719,167.97,167.97,167.97,167.97,0
ING027,20170720,167.35,167.35,167.35,167.35,0
ING027,20170721,165.72,165.72,165.72,165.72,0
ING027,20170724,165.57,165.57,165.57,165.57,0
ING027,20170725,166.43,166.43,166.43,166.43,0
ING027,20170726,167.01,167.01,167.01,167.01,0
ING027,20170727,167.07,167.07,167.07,167.07,0
ING027,20170728,165.64,165.64,165.64,165.64,0
ING027,20170731,165.55,165.55,165.55,165.55,0
ING027,20170801,166.54,166.54,166.54,166.54,0
ING027,20170802,165.95,165.95,165.95,165.95,0
ING027,20170803,165.93,165.93,165.93,165.93,0
ING027,20170804,167.34,167.34,167.34,167.34,0
ING027,20170807,167.16,167.16,167.16,167.16,0
ING027,20170808,167.44,167.44,167.44,167.44,0
ING027,20170809,166.06,166.06,166.06,166.06,0
ING027,20170810,164.93,164.93,164.93,164.93,0
ING027,20170811,163.02,163.02,163.02,163.02,0
ING027,20170814,164.71,164.71,164.71,164.71,0
ING027,20170816,165.93,165.93,165.93,165.93,0
ING027,20170817,164.87,164.87,164.87,164.87,0
ING027,20170818,163.87,163.87,163.87,163.87,0
ING027,20170821,163.08,163.08,163.08,163.08,0
ING027,20170822,164.31,164.31,164.31,164.31,0
ING027,20170823,163.16,163.16,163.16,163.16,0
ING027,20170824,163.61,163.61,163.61,163.61,0
ING027,20170825,163.25,163.25,163.25,163.25,0
ING027,20170828,162.49,162.49,162.49,162.49,0
ING027,20170829,160.44,160.44,160.44,160.44,0
ING027,20170830,161.60,161.60,161.60,161.60,0
ING027,20170831,162.68,162.68,162.68,162.68,0
ING027,20170901,163.76,163.76,163.76,163.76,0
ING027,20170904,162.84,162.84,162.84,162.84,0
ING027,20170905,162.40,162.40,162.40,162.40,0
ING027,20170906,162.95,162.95,162.95,162.95,0
ING027,20170907,163.01,163.01,163.01,163.01,0
ING027,20170908,163.06,163.06,163.06,163.06,0
ING027,20170911,164.53,164.53,164.53,164.53,0
ING027,20170912,165.67,165.67,165.67,165.67,0
ING027,20170913,165.79,165.79,165.79,165.79,0
ING027,20170914,166.12,166.12,166.12,166.12,0
ING027,20170915,165.79,165.79,165.79,165.79,0
ING027,20170918,166.40,166.40,166.40,166.40,0
ING027,20170919,166.54,166.54,166.54,166.54,0
ING027,20170920,166.60,166.60,166.60,166.60,0
ING027,20170921,167.59,167.59,167.59,167.59,0
