Name,Date,Open,High,Low,Close,Volume
ING043,20110727,100.00,100.00,100.00,100.00,0
ING043,20110728,100.00,100.00,100.00,100.00,0
ING043,20110729,100.00,100.00,100.00,100.00,0
ING043,20110801,100.00,100.00,100.00,100.00,0
ING043,20110802,100.00,100.00,100.00,100.00,0
ING043,20110803,100.00,100.00,100.00,100.00,0
ING043,20110804,100.01,100.01,100.01,100.01,0
ING043,20110805,100.09,100.09,100.09,100.09,0
ING043,20110808,100.07,100.07,100.07,100.07,0
ING043,20110809,100.07,100.07,100.07,100.07,0
ING043,20110810,100.07,100.07,100.07,100.07,0
ING043,20110811,100.07,100.07,100.07,100.07,0
ING043,20110812,100.07,100.07,100.07,100.07,0
ING043,20110816,100.07,100.07,100.07,100.07,0
ING043,20110817,100.07,100.07,100.07,100.07,0
ING043,20110818,100.07,100.07,100.07,100.07,0
ING043,20110819,100.06,100.06,100.06,100.06,0
ING043,20110822,100.09,100.09,100.09,100.09,0
ING043,20110823,100.17,100.17,100.17,100.17,0
ING043,20110824,100.13,100.13,100.13,100.13,0
ING043,20110825,100.11,100.11,100.11,100.11,0
ING043,20110826,100.17,100.17,100.17,100.17,0
ING043,20110829,100.16,100.16,100.16,100.16,0
ING043,20110830,100.20,100.20,100.20,100.20,0
ING043,20110831,100.21,100.21,100.21,100.21,0
ING043,20110901,100.23,100.23,100.23,100.23,0
ING043,20110902,100.30,100.30,100.30,100.30,0
ING043,20110905,100.29,100.29,100.29,100.29,0
ING043,20110906,100.31,100.31,100.31,100.31,0
ING043,20110907,100.32,100.32,100.32,100.32,0
ING043,20110908,100.36,100.36,100.36,100.36,0
ING043,20110909,100.38,100.38,100.38,100.38,0
ING043,20110912,100.30,100.30,100.30,100.30,0
ING043,20110913,100.39,100.39,100.39,100.39,0
ING043,20110914,100.41,100.41,100.41,100.41,0
ING043,20110915,100.44,100.44,100.44,100.44,0
ING043,20110916,100.48,100.48,100.48,100.48,0
ING043,20110919,100.48,100.48,100.48,100.48,0
ING043,20110920,100.48,100.48,100.48,100.48,0
ING043,20110921,100.47,100.47,100.47,100.47,0
ING043,20110922,100.44,100.44,100.44,100.44,0
ING043,20110923,100.37,100.37,100.37,100.37,0
ING043,20110926,100.59,100.59,100.59,100.59,0
ING043,20110927,100.57,100.57,100.57,100.57,0
ING043,20110928,100.49,100.49,100.49,100.49,0
ING043,20110929,100.65,100.65,100.65,100.65,0
ING043,20110930,100.59,100.59,100.59,100.59,0
ING043,20111003,100.49,100.49,100.49,100.49,0
ING043,20111004,100.49,100.49,100.49,100.49,0
ING043,20111005,100.59,100.59,100.59,100.59,0
ING043,20111006,100.59,100.59,100.59,100.59,0
ING043,20111007,100.63,100.63,100.63,100.63,0
ING043,20111010,100.65,100.65,100.65,100.65,0
ING043,20111011,100.67,100.67,100.67,100.67,0
ING043,20111012,100.75,100.75,100.75,100.75,0
ING043,20111013,100.70,100.70,100.70,100.70,0
ING043,20111014,100.72,100.72,100.72,100.72,0
ING043,20111017,100.75,100.75,100.75,100.75,0
ING043,20111018,100.76,100.76,100.76,100.76,0
ING043,20111019,100.79,100.79,100.79,100.79,0
ING043,20111020,100.83,100.83,100.83,100.83,0
ING043,20111021,100.78,100.78,100.78,100.78,0
ING043,20111024,100.87,100.87,100.87,100.87,0
ING043,20111025,100.86,100.86,100.86,100.86,0
ING043,20111026,100.89,100.89,100.89,100.89,0
ING043,20111027,100.90,100.90,100.90,100.90,0
ING043,20111028,100.96,100.96,100.96,100.96,0
ING043,20111031,100.94,100.94,100.94,100.94,0
ING043,20111102,100.95,100.95,100.95,100.95,0
ING043,20111103,101.00,101.00,101.00,101.00,0
ING043,20111104,101.04,101.04,101.04,101.04,0
ING043,20111107,101.09,101.09,101.09,101.09,0
ING043,20111108,101.06,101.06,101.06,101.06,0
ING043,20111109,101.06,101.06,101.06,101.06,0
ING043,20111110,101.04,101.04,101.04,101.04,0
ING043,20111114,101.04,101.04,101.04,101.04,0
ING043,20111115,100.99,100.99,100.99,100.99,0
ING043,20111116,101.03,101.03,101.03,101.03,0
ING043,20111117,101.08,101.08,101.08,101.08,0
ING043,20111118,101.08,101.08,101.08,101.08,0
ING043,20111121,101.18,101.18,101.18,101.18,0
ING043,20111122,101.02,101.02,101.02,101.02,0
ING043,20111123,101.04,101.04,101.04,101.04,0
ING043,20111124,101.04,101.04,101.04,101.04,0
ING043,20111125,100.99,100.99,100.99,100.99,0
ING043,20111128,101.07,101.07,101.07,101.07,0
ING043,20111129,101.07,101.07,101.07,101.07,0
ING043,20111130,101.13,101.13,101.13,101.13,0
ING043,20111201,101.14,101.14,101.14,101.14,0
ING043,20111202,101.16,101.16,101.16,101.16,0
ING043,20111205,101.35,101.35,101.35,101.35,0
ING043,20111206,101.37,101.37,101.37,101.37,0
ING043,20111207,101.21,101.21,101.21,101.21,0
ING043,20111208,101.18,101.18,101.18,101.18,0
ING043,20111209,101.19,101.19,101.19,101.19,0
ING043,20111212,101.19,101.19,101.19,101.19,0
ING043,20111213,101.18,101.18,101.18,101.18,0
ING043,20111214,101.17,101.17,101.17,101.17,0
ING043,20111215,101.25,101.25,101.25,101.25,0
ING043,20111216,101.28,101.28,101.28,101.28,0
ING043,20111219,101.32,101.32,101.32,101.32,0
ING043,20111220,101.32,101.32,101.32,101.32,0
ING043,20111221,101.45,101.45,101.45,101.45,0
ING043,20111222,101.43,101.43,101.43,101.43,0
ING043,20111223,101.43,101.43,101.43,101.43,0
ING043,20111227,101.42,101.42,101.42,101.42,0
ING043,20111228,101.43,101.43,101.43,101.43,0
ING043,20111229,101.42,101.42,101.42,101.42,0
ING043,20111230,101.46,101.46,101.46,101.46,0
ING043,20120102,101.49,101.49,101.49,101.49,0
ING043,20120103,101.50,101.50,101.50,101.50,0
ING043,20120104,101.49,101.49,101.49,101.49,0
ING043,20120105,101.56,101.56,101.56,101.56,0
ING043,20120109,101.65,101.65,101.65,101.65,0
ING043,20120110,101.61,101.61,101.61,101.61,0
ING043,20120111,101.61,101.61,101.61,101.61,0
ING043,20120112,101.62,101.62,101.62,101.62,0
ING043,20120113,101.61,101.61,101.61,101.61,0
ING043,20120116,101.66,101.66,101.66,101.66,0
ING043,20120117,101.71,101.71,101.71,101.71,0
ING043,20120118,101.75,101.75,101.75,101.75,0
ING043,20120119,101.80,101.80,101.80,101.80,0
ING043,20120120,101.82,101.82,101.82,101.82,0
ING043,20120123,101.94,101.94,101.94,101.94,0
ING043,20120124,101.96,101.96,101.96,101.96,0
ING043,20120125,101.99,101.99,101.99,101.99,0
ING043,20120126,102.05,102.05,102.05,102.05,0
ING043,20120127,102.05,102.05,102.05,102.05,0
ING043,20120130,102.08,102.08,102.08,102.08,0
ING043,20120131,102.10,102.10,102.10,102.10,0
ING043,20120201,102.11,102.11,102.11,102.11,0
ING043,20120202,102.20,102.20,102.20,102.20,0
ING043,20120203,102.16,102.16,102.16,102.16,0
ING043,20120206,102.19,102.19,102.19,102.19,0
ING043,20120207,102.17,102.17,102.17,102.17,0
ING043,20120208,102.21,102.21,102.21,102.21,0
ING043,20120209,102.24,102.24,102.24,102.24,0
ING043,20120210,102.21,102.21,102.21,102.21,0
ING043,20120213,102.29,102.29,102.29,102.29,0
ING043,20120214,102.28,102.28,102.28,102.28,0
ING043,20120215,102.29,102.29,102.29,102.29,0
ING043,20120216,102.40,102.40,102.40,102.40,0
ING043,20120217,102.35,102.35,102.35,102.35,0
ING043,20120220,102.21,102.21,102.21,102.21,0
ING043,20120221,102.35,102.35,102.35,102.35,0
ING043,20120222,102.33,102.33,102.33,102.33,0
ING043,20120223,102.35,102.35,102.35,102.35,0
ING043,20120224,102.38,102.38,102.38,102.38,0
ING043,20120227,102.49,102.49,102.49,102.49,0
ING043,20120228,102.43,102.43,102.43,102.43,0
ING043,20120229,102.47,102.47,102.47,102.47,0
ING043,20120301,102.50,102.50,102.50,102.50,0
ING043,20120302,102.50,102.50,102.50,102.50,0
ING043,20120305,102.58,102.58,102.58,102.58,0
ING043,20120306,102.51,102.51,102.51,102.51,0
ING043,20120307,102.57,102.57,102.57,102.57,0
ING043,20120308,102.60,102.60,102.60,102.60,0
ING043,20120309,102.64,102.64,102.64,102.64,0
ING043,20120312,102.64,102.64,102.64,102.64,0
ING043,20120313,102.70,102.70,102.70,102.70,0
ING043,20120314,102.72,102.72,102.72,102.72,0
ING043,20120315,102.80,102.80,102.80,102.80,0
ING043,20120316,102.77,102.77,102.77,102.77,0
ING043,20120319,102.80,102.80,102.80,102.80,0
ING043,20120320,102.78,102.78,102.78,102.78,0
ING043,20120321,102.80,102.80,102.80,102.80,0
ING043,20120322,102.82,102.82,102.82,102.82,0
ING043,20120323,102.83,102.83,102.83,102.83,0
ING043,20120326,102.84,102.84,102.84,102.84,0
ING043,20120327,102.87,102.87,102.87,102.87,0
ING043,20120328,102.81,102.81,102.81,102.81,0
ING043,20120329,102.85,102.85,102.85,102.85,0
ING043,20120330,102.84,102.84,102.84,102.84,0
ING043,20120402,102.90,102.90,102.90,102.90,0
ING043,20120403,102.91,102.91,102.91,102.91,0
ING043,20120404,102.99,102.99,102.99,102.99,0
ING043,20120405,102.90,102.90,102.90,102.90,0
ING043,20120410,103.01,103.01,103.01,103.01,0
ING043,20120411,102.93,102.93,102.93,102.93,0
ING043,20120412,102.97,102.97,102.97,102.97,0
ING043,20120413,102.97,102.97,102.97,102.97,0
ING043,20120416,102.97,102.97,102.97,102.97,0
ING043,20120417,102.98,102.98,102.98,102.98,0
ING043,20120418,103.11,103.11,103.11,103.11,0
ING043,20120419,103.07,103.07,103.07,103.07,0
ING043,20120420,103.07,103.07,103.07,103.07,0
ING043,20120423,103.12,103.12,103.12,103.12,0
ING043,20120424,103.17,103.17,103.17,103.17,0
ING043,20120425,103.20,103.20,103.20,103.20,0
ING043,20120426,103.23,103.23,103.23,103.23,0
ING043,20120427,103.24,103.24,103.24,103.24,0
ING043,20120430,103.27,103.27,103.27,103.27,0
ING043,20120502,103.34,103.34,103.34,103.34,0
ING043,20120504,103.34,103.34,103.34,103.34,0
ING043,20120507,103.35,103.35,103.35,103.35,0
ING043,20120508,103.39,103.39,103.39,103.39,0
ING043,20120509,103.36,103.36,103.36,103.36,0
ING043,20120510,103.38,103.38,103.38,103.38,0
ING043,20120511,103.40,103.40,103.40,103.40,0
ING043,20120514,103.36,103.36,103.36,103.36,0
ING043,20120515,103.48,103.48,103.48,103.48,0
ING043,20120516,103.35,103.35,103.35,103.35,0
ING043,20120517,103.34,103.34,103.34,103.34,0
ING043,20120518,103.30,103.30,103.30,103.30,0
ING043,20120521,103.35,103.35,103.35,103.35,0
ING043,20120522,103.39,103.39,103.39,103.39,0
ING043,20120523,103.38,103.38,103.38,103.38,0
ING043,20120524,103.39,103.39,103.39,103.39,0
ING043,20120525,103.39,103.39,103.39,103.39,0
ING043,20120528,103.41,103.41,103.41,103.41,0
ING043,20120529,103.43,103.43,103.43,103.43,0
ING043,20120530,103.41,103.41,103.41,103.41,0
ING043,20120531,103.43,103.43,103.43,103.43,0
ING043,20120601,103.42,103.42,103.42,103.42,0
ING043,20120604,103.49,103.49,103.49,103.49,0
ING043,20120605,103.49,103.49,103.49,103.49,0
ING043,20120606,103.51,103.51,103.51,103.51,0
ING043,20120608,103.52,103.52,103.52,103.52,0
ING043,20120611,103.56,103.56,103.56,103.56,0
ING043,20120612,103.55,103.55,103.55,103.55,0
ING043,20120613,103.59,103.59,103.59,103.59,0
ING043,20120614,103.63,103.63,103.63,103.63,0
ING043,20120615,103.60,103.60,103.60,103.60,0
ING043,20120618,103.69,103.69,103.69,103.69,0
ING043,20120619,103.64,103.64,103.64,103.64,0
ING043,20120620,103.70,103.70,103.70,103.70,0
ING043,20120621,103.71,103.71,103.71,103.71,0
ING043,20120622,103.79,103.79,103.79,103.79,0
ING043,20120625,103.77,103.77,103.77,103.77,0
ING043,20120626,103.77,103.77,103.77,103.77,0
ING043,20120627,103.80,103.80,103.80,103.80,0
ING043,20120628,103.78,103.78,103.78,103.78,0
ING043,20120629,103.83,103.83,103.83,103.83,0
ING043,20120702,103.87,103.87,103.87,103.87,0
ING043,20120703,103.93,103.93,103.93,103.93,0
ING043,20120704,103.97,103.97,103.97,103.97,0
ING043,20120705,103.97,103.97,103.97,103.97,0
ING043,20120706,103.93,103.93,103.93,103.93,0
ING043,20120709,104.00,104.00,104.00,104.00,0
ING043,20120710,104.05,104.05,104.05,104.05,0
ING043,20120711,104.05,104.05,104.05,104.05,0
ING043,20120712,104.13,104.13,104.13,104.13,0
ING043,20120713,104.17,104.17,104.17,104.17,0
ING043,20120716,104.21,104.21,104.21,104.21,0
ING043,20120717,104.23,104.23,104.23,104.23,0
ING043,20120718,104.22,104.22,104.22,104.22,0
ING043,20120719,104.35,104.35,104.35,104.35,0
ING043,20120720,104.29,104.29,104.29,104.29,0
ING043,20120723,104.31,104.31,104.31,104.31,0
ING043,20120724,104.29,104.29,104.29,104.29,0
ING043,20120725,104.32,104.32,104.32,104.32,0
ING043,20120726,104.34,104.34,104.34,104.34,0
ING043,20120727,104.30,104.30,104.30,104.30,0
ING043,20120730,104.33,104.33,104.33,104.33,0
ING043,20120731,104.37,104.37,104.37,104.37,0
ING043,20120801,104.41,104.41,104.41,104.41,0
ING043,20120802,104.42,104.42,104.42,104.42,0
ING043,20120803,104.47,104.47,104.47,104.47,0
ING043,20120806,104.44,104.44,104.44,104.44,0
ING043,20120807,104.49,104.49,104.49,104.49,0
ING043,20120808,104.50,104.50,104.50,104.50,0
ING043,20120809,104.50,104.50,104.50,104.50,0
ING043,20120810,104.48,104.48,104.48,104.48,0
ING043,20120813,104.51,104.51,104.51,104.51,0
ING043,20120814,104.51,104.51,104.51,104.51,0
ING043,20120816,104.53,104.53,104.53,104.53,0
ING043,20120817,104.54,104.54,104.54,104.54,0
ING043,20120820,104.66,104.66,104.66,104.66,0
ING043,20120821,104.63,104.63,104.63,104.63,0
ING043,20120822,104.64,104.64,104.64,104.64,0
ING043,20120823,104.67,104.67,104.67,104.67,0
ING043,20120824,104.61,104.61,104.61,104.61,0
ING043,20120827,104.64,104.64,104.64,104.64,0
ING043,20120828,104.72,104.72,104.72,104.72,0
ING043,20120829,104.72,104.72,104.72,104.72,0
ING043,20120830,104.68,104.68,104.68,104.68,0
ING043,20120831,104.66,104.66,104.66,104.66,0
ING043,20120903,104.77,104.77,104.77,104.77,0
ING043,20120904,104.80,104.80,104.80,104.80,0
ING043,20120905,104.77,104.77,104.77,104.77,0
ING043,20120906,104.79,104.79,104.79,104.79,0
ING043,20120907,104.81,104.81,104.81,104.81,0
ING043,20120910,104.85,104.85,104.85,104.85,0
ING043,20120911,104.86,104.86,104.86,104.86,0
ING043,20120912,104.83,104.83,104.83,104.83,0
ING043,20120913,104.83,104.83,104.83,104.83,0
ING043,20120914,104.82,104.82,104.82,104.82,0
ING043,20120917,104.83,104.83,104.83,104.83,0
ING043,20120918,104.85,104.85,104.85,104.85,0
ING043,20120919,104.87,104.87,104.87,104.87,0
ING043,20120920,104.87,104.87,104.87,104.87,0
ING043,20120921,104.88,104.88,104.88,104.88,0
ING043,20120924,104.91,104.91,104.91,104.91,0
ING043,20120925,104.94,104.94,104.94,104.94,0
ING043,20120926,104.96,104.96,104.96,104.96,0
ING043,20120927,105.06,105.06,105.06,105.06,0
ING043,20120928,105.01,105.01,105.01,105.01,0
ING043,20121001,105.04,105.04,105.04,105.04,0
ING043,20121002,105.06,105.06,105.06,105.06,0
ING043,20121003,105.10,105.10,105.10,105.10,0
ING043,20121004,105.12,105.12,105.12,105.12,0
ING043,20121005,105.15,105.15,105.15,105.15,0
ING043,20121008,105.17,105.17,105.17,105.17,0
ING043,20121009,105.23,105.23,105.23,105.23,0
ING043,20121010,105.26,105.26,105.26,105.26,0
ING043,20121011,105.29,105.29,105.29,105.29,0
ING043,20121012,105.37,105.37,105.37,105.37,0
ING043,20121015,105.39,105.39,105.39,105.39,0
ING043,20121016,105.37,105.37,105.37,105.37,0
ING043,20121017,105.41,105.41,105.41,105.41,0
ING043,20121018,105.45,105.45,105.45,105.45,0
ING043,20121019,105.51,105.51,105.51,105.51,0
ING043,20121022,105.52,105.52,105.52,105.52,0
ING043,20121023,105.54,105.54,105.54,105.54,0
ING043,20121024,105.51,105.51,105.51,105.51,0
ING043,20121025,105.57,105.57,105.57,105.57,0
ING043,20121026,105.54,105.54,105.54,105.54,0
ING043,20121029,105.58,105.58,105.58,105.58,0
ING043,20121030,105.60,105.60,105.60,105.60,0
ING043,20121031,105.62,105.62,105.62,105.62,0
ING043,20121102,105.75,105.75,105.75,105.75,0
ING043,20121105,105.77,105.77,105.77,105.77,0
ING043,20121106,105.80,105.80,105.80,105.80,0
ING043,20121107,105.82,105.82,105.82,105.82,0
ING043,20121108,105.87,105.87,105.87,105.87,0
ING043,20121109,105.89,105.89,105.89,105.89,0
ING043,20121112,106.01,106.01,106.01,106.01,0
ING043,20121113,106.00,106.00,106.00,106.00,0
ING043,20121114,105.99,105.99,105.99,105.99,0
ING043,20121115,106.00,106.00,106.00,106.00,0
ING043,20121116,105.98,105.98,105.98,105.98,0
ING043,20121119,105.98,105.98,105.98,105.98,0
ING043,20121120,105.98,105.98,105.98,105.98,0
ING043,20121121,106.10,106.10,106.10,106.10,0
ING043,20121122,106.12,106.12,106.12,106.12,0
ING043,20121123,106.19,106.19,106.19,106.19,0
ING043,20121126,106.26,106.26,106.26,106.26,0
ING043,20121127,106.21,106.21,106.21,106.21,0
ING043,20121128,106.35,106.35,106.35,106.35,0
ING043,20121129,106.33,106.33,106.33,106.33,0
ING043,20121130,106.23,106.23,106.23,106.23,0
ING043,20121203,106.41,106.41,106.41,106.41,0
ING043,20121204,106.46,106.46,106.46,106.46,0
ING043,20121205,106.50,106.50,106.50,106.50,0
ING043,20121206,106.59,106.59,106.59,106.59,0
ING043,20121207,106.70,106.70,106.70,106.70,0
ING043,20121210,106.79,106.79,106.79,106.79,0
ING043,20121211,106.80,106.80,106.80,106.80,0
ING043,20121212,106.76,106.76,106.76,106.76,0
ING043,20121213,106.76,106.76,106.76,106.76,0
ING043,20121214,106.73,106.73,106.73,106.73,0
ING043,20121217,106.79,106.79,106.79,106.79,0
ING043,20121218,106.81,106.81,106.81,106.81,0
ING043,20121219,106.84,106.84,106.84,106.84,0
ING043,20121220,106.92,106.92,106.92,106.92,0
ING043,20121221,106.96,106.96,106.96,106.96,0
ING043,20121227,107.02,107.02,107.02,107.02,0
ING043,20121228,107.04,107.04,107.04,107.04,0
ING043,20130102,107.05,107.05,107.05,107.05,0
ING043,20130103,107.01,107.01,107.01,107.01,0
ING043,20130104,106.98,106.98,106.98,106.98,0
ING043,20130107,107.02,107.02,107.02,107.02,0
ING043,20130108,107.13,107.13,107.13,107.13,0
ING043,20130109,107.09,107.09,107.09,107.09,0
ING043,20130110,107.06,107.06,107.06,107.06,0
ING043,20130111,106.98,106.98,106.98,106.98,0
ING043,20130114,107.01,107.01,107.01,107.01,0
ING043,20130115,107.00,107.00,107.00,107.00,0
ING043,20130116,106.97,106.97,106.97,106.97,0
ING043,20130117,107.01,107.01,107.01,107.01,0
ING043,20130118,107.07,107.07,107.07,107.07,0
ING043,20130121,107.08,107.08,107.08,107.08,0
ING043,20130122,107.11,107.11,107.11,107.11,0
ING043,20130123,107.17,107.17,107.17,107.17,0
ING043,20130124,107.19,107.19,107.19,107.19,0
ING043,20130125,107.19,107.19,107.19,107.19,0
ING043,20130128,107.18,107.18,107.18,107.18,0
ING043,20130129,107.19,107.19,107.19,107.19,0
ING043,20130130,107.19,107.19,107.19,107.19,0
ING043,20130131,107.22,107.22,107.22,107.22,0
ING043,20130201,107.20,107.20,107.20,107.20,0
ING043,20130204,107.24,107.24,107.24,107.24,0
ING043,20130205,107.25,107.25,107.25,107.25,0
ING043,20130206,107.24,107.24,107.24,107.24,0
ING043,20130207,107.22,107.22,107.22,107.22,0
ING043,20130208,107.23,107.23,107.23,107.23,0
ING043,20130211,107.24,107.24,107.24,107.24,0
ING043,20130212,107.24,107.24,107.24,107.24,0
ING043,20130213,107.20,107.20,107.20,107.20,0
ING043,20130214,107.23,107.23,107.23,107.23,0
ING043,20130215,107.25,107.25,107.25,107.25,0
ING043,20130218,107.29,107.29,107.29,107.29,0
ING043,20130219,107.29,107.29,107.29,107.29,0
ING043,20130220,107.28,107.28,107.28,107.28,0
ING043,20130221,107.32,107.32,107.32,107.32,0
ING043,20130222,107.34,107.34,107.34,107.34,0
ING043,20130225,107.34,107.34,107.34,107.34,0
ING043,20130226,107.36,107.36,107.36,107.36,0
ING043,20130227,107.38,107.38,107.38,107.38,0
ING043,20130228,107.41,107.41,107.41,107.41,0
ING043,20130301,107.41,107.41,107.41,107.41,0
ING043,20130304,107.43,107.43,107.43,107.43,0
ING043,20130305,107.43,107.43,107.43,107.43,0
ING043,20130306,107.48,107.48,107.48,107.48,0
ING043,20130307,107.53,107.53,107.53,107.53,0
ING043,20130308,107.53,107.53,107.53,107.53,0
ING043,20130311,107.58,107.58,107.58,107.58,0
ING043,20130312,107.59,107.59,107.59,107.59,0
ING043,20130313,107.62,107.62,107.62,107.62,0
ING043,20130314,107.65,107.65,107.65,107.65,0
ING043,20130315,107.66,107.66,107.66,107.66,0
ING043,20130318,107.69,107.69,107.69,107.69,0
ING043,20130319,107.67,107.67,107.67,107.67,0
ING043,20130320,107.64,107.64,107.64,107.64,0
ING043,20130321,107.61,107.61,107.61,107.61,0
ING043,20130322,107.64,107.64,107.64,107.64,0
ING043,20130325,107.69,107.69,107.69,107.69,0
ING043,20130326,107.68,107.68,107.68,107.68,0
ING043,20130327,107.69,107.69,107.69,107.69,0
ING043,20130328,107.69,107.69,107.69,107.69,0
ING043,20130402,107.75,107.75,107.75,107.75,0
ING043,20130403,107.78,107.78,107.78,107.78,0
ING043,20130404,107.81,107.81,107.81,107.81,0
ING043,20130405,107.87,107.87,107.87,107.87,0
ING043,20130408,107.96,107.96,107.96,107.96,0
ING043,20130409,107.94,107.94,107.94,107.94,0
ING043,20130410,107.95,107.95,107.95,107.95,0
ING043,20130411,107.94,107.94,107.94,107.94,0
ING043,20130412,107.96,107.96,107.96,107.96,0
ING043,20130415,107.99,107.99,107.99,107.99,0
ING043,20130417,108.03,108.03,108.03,108.03,0
ING043,20130418,108.06,108.06,108.06,108.06,0
ING043,20130419,108.07,108.07,108.07,108.07,0
ING043,20130422,108.11,108.11,108.11,108.11,0
ING043,20130423,108.16,108.16,108.16,108.16,0
ING043,20130424,108.18,108.18,108.18,108.18,0
ING043,20130425,108.20,108.20,108.20,108.20,0
ING043,20130426,108.23,108.23,108.23,108.23,0
ING043,20130429,108.27,108.27,108.27,108.27,0
ING043,20130430,108.29,108.29,108.29,108.29,0
ING043,20130502,108.32,108.32,108.32,108.32,0
ING043,20130506,108.33,108.33,108.33,108.33,0
ING043,20130507,108.32,108.32,108.32,108.32,0
ING043,20130508,108.36,108.36,108.36,108.36,0
ING043,20130509,108.40,108.40,108.40,108.40,0
ING043,20130510,108.40,108.40,108.40,108.40,0
ING043,20130513,108.41,108.41,108.41,108.41,0
ING043,20130514,108.43,108.43,108.43,108.43,0
ING043,20130515,108.43,108.43,108.43,108.43,0
ING043,20130516,108.42,108.42,108.42,108.42,0
ING043,20130517,108.45,108.45,108.45,108.45,0
ING043,20130520,108.42,108.42,108.42,108.42,0
ING043,20130521,108.41,108.41,108.41,108.41,0
ING043,20130522,108.42,108.42,108.42,108.42,0
ING043,20130523,108.32,108.32,108.32,108.32,0
ING043,20130524,108.36,108.36,108.36,108.36,0
ING043,20130527,108.37,108.37,108.37,108.37,0
ING043,20130528,108.38,108.38,108.38,108.38,0
ING043,20130529,108.38,108.38,108.38,108.38,0
ING043,20130531,108.36,108.36,108.36,108.36,0
ING043,20130603,108.35,108.35,108.35,108.35,0
ING043,20130604,108.37,108.37,108.37,108.37,0
ING043,20130605,108.34,108.34,108.34,108.34,0
ING043,20130606,108.23,108.23,108.23,108.23,0
ING043,20130607,108.26,108.26,108.26,108.26,0
ING043,20130610,108.21,108.21,108.21,108.21,0
ING043,20130611,108.18,108.18,108.18,108.18,0
ING043,20130612,108.25,108.25,108.25,108.25,0
ING043,20130613,108.31,108.31,108.31,108.31,0
ING043,20130614,108.35,108.35,108.35,108.35,0
ING043,20130617,108.31,108.31,108.31,108.31,0
ING043,20130618,108.26,108.26,108.26,108.26,0
ING043,20130619,108.29,108.29,108.29,108.29,0
ING043,20130620,108.07,108.07,108.07,108.07,0
ING043,20130621,108.00,108.00,108.00,108.00,0
ING043,20130624,107.82,107.82,107.82,107.82,0
ING043,20130625,107.86,107.86,107.86,107.86,0
ING043,20130626,107.89,107.89,107.89,107.89,0
ING043,20130627,108.01,108.01,108.01,108.01,0
ING043,20130628,108.00,108.00,108.00,108.00,0
ING043,20130701,108.01,108.01,108.01,108.01,0
ING043,20130702,108.07,108.07,108.07,108.07,0
ING043,20130703,108.06,108.06,108.06,108.06,0
ING043,20130704,108.24,108.24,108.24,108.24,0
ING043,20130705,108.22,108.22,108.22,108.22,0
ING043,20130708,108.25,108.25,108.25,108.25,0
ING043,20130709,108.34,108.34,108.34,108.34,0
ING043,20130710,108.34,108.34,108.34,108.34,0
ING043,20130711,108.34,108.34,108.34,108.34,0
ING043,20130712,108.36,108.36,108.36,108.36,0
ING043,20130715,108.37,108.37,108.37,108.37,0
ING043,20130716,108.35,108.35,108.35,108.35,0
ING043,20130717,108.34,108.34,108.34,108.34,0
ING043,20130718,108.37,108.37,108.37,108.37,0
ING043,20130719,108.42,108.42,108.42,108.42,0
ING043,20130722,108.45,108.45,108.45,108.45,0
ING043,20130723,108.40,108.40,108.40,108.40,0
ING043,20130724,108.40,108.40,108.40,108.40,0
ING043,20130725,108.43,108.43,108.43,108.43,0
ING043,20130726,108.45,108.45,108.45,108.45,0
ING043,20130729,108.48,108.48,108.48,108.48,0
ING043,20130730,108.50,108.50,108.50,108.50,0
ING043,20130731,108.49,108.49,108.49,108.49,0
ING043,20130801,108.49,108.49,108.49,108.49,0
ING043,20130802,108.48,108.48,108.48,108.48,0
ING043,20130805,108.49,108.49,108.49,108.49,0
ING043,20130806,108.50,108.50,108.50,108.50,0
ING043,20130807,108.52,108.52,108.52,108.52,0
ING043,20130808,108.55,108.55,108.55,108.55,0
ING043,20130809,108.56,108.56,108.56,108.56,0
ING043,20130812,108.58,108.58,108.58,108.58,0
ING043,20130813,108.55,108.55,108.55,108.55,0
ING043,20130814,108.52,108.52,108.52,108.52,0
ING043,20130816,108.52,108.52,108.52,108.52,0
ING043,20130819,108.53,108.53,108.53,108.53,0
ING043,20130820,108.58,108.58,108.58,108.58,0
ING043,20130821,108.58,108.58,108.58,108.58,0
ING043,20130822,108.58,108.58,108.58,108.58,0
ING043,20130823,108.59,108.59,108.59,108.59,0
ING043,20130826,108.62,108.62,108.62,108.62,0
ING043,20130827,108.61,108.61,108.61,108.61,0
ING043,20130828,108.58,108.58,108.58,108.58,0
ING043,20130829,108.59,108.59,108.59,108.59,0
ING043,20130830,108.59,108.59,108.59,108.59,0
ING043,20130902,108.60,108.60,108.60,108.60,0
ING043,20130903,108.56,108.56,108.56,108.56,0
ING043,20130904,108.51,108.51,108.51,108.51,0
ING043,20130905,108.41,108.41,108.41,108.41,0
ING043,20130906,108.40,108.40,108.40,108.40,0
ING043,20130909,108.48,108.48,108.48,108.48,0
ING043,20130910,108.49,108.49,108.49,108.49,0
ING043,20130911,108.57,108.57,108.57,108.57,0
ING043,20130912,108.59,108.59,108.59,108.59,0
ING043,20130913,108.60,108.60,108.60,108.60,0
ING043,20130916,108.64,108.64,108.64,108.64,0
ING043,20130917,108.64,108.64,108.64,108.64,0
ING043,20130918,108.64,108.64,108.64,108.64,0
ING043,20130919,108.68,108.68,108.68,108.68,0
ING043,20130920,108.68,108.68,108.68,108.68,0
ING043,20130923,108.68,108.68,108.68,108.68,0
ING043,20130924,108.72,108.72,108.72,108.72,0
ING043,20130925,108.70,108.70,108.70,108.70,0
ING043,20130926,108.69,108.69,108.69,108.69,0
ING043,20130927,108.71,108.71,108.71,108.71,0
ING043,20130930,108.72,108.72,108.72,108.72,0
ING043,20131001,108.73,108.73,108.73,108.73,0
ING043,20131002,108.76,108.76,108.76,108.76,0
ING043,20131003,108.76,108.76,108.76,108.76,0
ING043,20131004,108.77,108.77,108.77,108.77,0
ING043,20131007,108.81,108.81,108.81,108.81,0
ING043,20131008,108.85,108.85,108.85,108.85,0
ING043,20131009,108.86,108.86,108.86,108.86,0
ING043,20131010,108.87,108.87,108.87,108.87,0
ING043,20131011,108.90,108.90,108.90,108.90,0
ING043,20131014,108.97,108.97,108.97,108.97,0
ING043,20131015,108.97,108.97,108.97,108.97,0
ING043,20131016,108.98,108.98,108.98,108.98,0
ING043,20131017,108.99,108.99,108.99,108.99,0
ING043,20131018,109.00,109.00,109.00,109.00,0
ING043,20131021,108.99,108.99,108.99,108.99,0
ING043,20131022,109.00,109.00,109.00,109.00,0
ING043,20131023,109.00,109.00,109.00,109.00,0
ING043,20131024,109.04,109.04,109.04,109.04,0
ING043,20131025,109.03,109.03,109.03,109.03,0
ING043,20131028,109.05,109.05,109.05,109.05,0
ING043,20131029,109.03,109.03,109.03,109.03,0
ING043,20131030,109.01,109.01,109.01,109.01,0
ING043,20131031,109.03,109.03,109.03,109.03,0
ING043,20131104,109.05,109.05,109.05,109.05,0
ING043,20131105,109.05,109.05,109.05,109.05,0
ING043,20131106,109.07,109.07,109.07,109.07,0
ING043,20131107,109.10,109.10,109.10,109.10,0
ING043,20131108,109.07,109.07,109.07,109.07,0
ING043,20131112,109.08,109.08,109.08,109.08,0
ING043,20131113,109.12,109.12,109.12,109.12,0
ING043,20131114,109.15,109.15,109.15,109.15,0
ING043,20131115,109.15,109.15,109.15,109.15,0
ING043,20131118,109.13,109.13,109.13,109.13,0
ING043,20131119,109.13,109.13,109.13,109.13,0
ING043,20131120,109.11,109.11,109.11,109.11,0
ING043,20131121,109.13,109.13,109.13,109.13,0
ING043,20131122,109.15,109.15,109.15,109.15,0
ING043,20131125,109.16,109.16,109.16,109.16,0
ING043,20131126,109.07,109.07,109.07,109.07,0
ING043,20131127,109.05,109.05,109.05,109.05,0
ING043,20131128,109.04,109.04,109.04,109.04,0
ING043,20131129,109.05,109.05,109.05,109.05,0
ING043,20131202,109.05,109.05,109.05,109.05,0
ING043,20131203,109.06,109.06,109.06,109.06,0
ING043,20131204,109.02,109.02,109.02,109.02,0
ING043,20131205,109.02,109.02,109.02,109.02,0
ING043,20131206,109.03,109.03,109.03,109.03,0
ING043,20131209,109.08,109.08,109.08,109.08,0
ING043,20131210,109.10,109.10,109.10,109.10,0
ING043,20131211,109.09,109.09,109.09,109.09,0
ING043,20131212,109.09,109.09,109.09,109.09,0
ING043,20131213,109.08,109.08,109.08,109.08,0
ING043,20131216,109.12,109.12,109.12,109.12,0
ING043,20131217,109.11,109.11,109.11,109.11,0
ING043,20131218,109.11,109.11,109.11,109.11,0
ING043,20131219,109.16,109.16,109.16,109.16,0
ING043,20131220,109.19,109.19,109.19,109.19,0
ING043,20131223,109.23,109.23,109.23,109.23,0
ING043,20131227,109.24,109.24,109.24,109.24,0
ING043,20131230,109.29,109.29,109.29,109.29,0
ING043,20140102,109.24,109.24,109.24,109.24,0
ING043,20140103,109.26,109.26,109.26,109.26,0
ING043,20140107,109.28,109.28,109.28,109.28,0
ING043,20140108,109.31,109.31,109.31,109.31,0
ING043,20140109,109.36,109.36,109.36,109.36,0
ING043,20140110,109.39,109.39,109.39,109.39,0
ING043,20140113,109.41,109.41,109.41,109.41,0
ING043,20140114,109.40,109.40,109.40,109.40,0
ING043,20140115,109.40,109.40,109.40,109.40,0
ING043,20140116,109.41,109.41,109.41,109.41,0
ING043,20140117,109.43,109.43,109.43,109.43,0
ING043,20140120,109.45,109.45,109.45,109.45,0
ING043,20140121,109.41,109.41,109.41,109.41,0
ING043,20140122,109.41,109.41,109.41,109.41,0
ING043,20140123,109.44,109.44,109.44,109.44,0
ING043,20140124,109.41,109.41,109.41,109.41,0
ING043,20140127,109.40,109.40,109.40,109.40,0
ING043,20140128,109.36,109.36,109.36,109.36,0
ING043,20140129,109.25,109.25,109.25,109.25,0
ING043,20140130,109.25,109.25,109.25,109.25,0
ING043,20140131,109.23,109.23,109.23,109.23,0
ING043,20140203,109.28,109.28,109.28,109.28,0
ING043,20140204,109.31,109.31,109.31,109.31,0
ING043,20140205,109.31,109.31,109.31,109.31,0
ING043,20140206,109.35,109.35,109.35,109.35,0
ING043,20140207,109.36,109.36,109.36,109.36,0
ING043,20140210,109.40,109.40,109.40,109.40,0
ING043,20140211,109.39,109.39,109.39,109.39,0
ING043,20140212,109.41,109.41,109.41,109.41,0
ING043,20140213,109.40,109.40,109.40,109.40,0
ING043,20140214,109.44,109.44,109.44,109.44,0
ING043,20140217,109.48,109.48,109.48,109.48,0
ING043,20140218,109.47,109.47,109.47,109.47,0
ING043,20140219,109.46,109.46,109.46,109.46,0
ING043,20140220,109.46,109.46,109.46,109.46,0
ING043,20140221,109.51,109.51,109.51,109.51,0
ING043,20140224,109.55,109.55,109.55,109.55,0
ING043,20140225,109.57,109.57,109.57,109.57,0
ING043,20140226,109.59,109.59,109.59,109.59,0
ING043,20140227,109.60,109.60,109.60,109.60,0
ING043,20140228,109.61,109.61,109.61,109.61,0
ING043,20140303,109.56,109.56,109.56,109.56,0
ING043,20140304,109.59,109.59,109.59,109.59,0
ING043,20140305,109.64,109.64,109.64,109.64,0
ING043,20140306,109.64,109.64,109.64,109.64,0
ING043,20140307,109.62,109.62,109.62,109.62,0
ING043,20140310,109.67,109.67,109.67,109.67,0
ING043,20140311,109.65,109.65,109.65,109.65,0
ING043,20140312,109.66,109.66,109.66,109.66,0
ING043,20140313,109.65,109.65,109.65,109.65,0
ING043,20140314,109.67,109.67,109.67,109.67,0
ING043,20140317,109.69,109.69,109.69,109.69,0
ING043,20140318,109.73,109.73,109.73,109.73,0
ING043,20140319,109.73,109.73,109.73,109.73,0
ING043,20140320,109.70,109.70,109.70,109.70,0
ING043,20140321,109.71,109.71,109.71,109.71,0
ING043,20140324,109.74,109.74,109.74,109.74,0
ING043,20140325,109.75,109.75,109.75,109.75,0
ING043,20140326,109.75,109.75,109.75,109.75,0
ING043,20140327,109.74,109.74,109.74,109.74,0
ING043,20140328,109.76,109.76,109.76,109.76,0
ING043,20140331,109.78,109.78,109.78,109.78,0
ING043,20140401,109.78,109.78,109.78,109.78,0
ING043,20140402,109.77,109.77,109.77,109.77,0
ING043,20140403,109.80,109.80,109.80,109.80,0
ING043,20140404,109.83,109.83,109.83,109.83,0
ING043,20140407,109.87,109.87,109.87,109.87,0
ING043,20140408,109.88,109.88,109.88,109.88,0
ING043,20140409,109.88,109.88,109.88,109.88,0
ING043,20140410,109.91,109.91,109.91,109.91,0
ING043,20140411,109.90,109.90,109.90,109.90,0
ING043,20140414,109.92,109.92,109.92,109.92,0
ING043,20140415,109.90,109.90,109.90,109.90,0
ING043,20140416,109.90,109.90,109.90,109.90,0
ING043,20140417,109.91,109.91,109.91,109.91,0
ING043,20140422,109.92,109.92,109.92,109.92,0
ING043,20140423,109.95,109.95,109.95,109.95,0
ING043,20140424,109.97,109.97,109.97,109.97,0
ING043,20140425,109.97,109.97,109.97,109.97,0
ING043,20140428,109.99,109.99,109.99,109.99,0
ING043,20140429,109.99,109.99,109.99,109.99,0
ING043,20140430,110.01,110.01,110.01,110.01,0
ING043,20140502,110.03,110.03,110.03,110.03,0
ING043,20140505,110.04,110.04,110.04,110.04,0
ING043,20140506,110.05,110.05,110.05,110.05,0
ING043,20140507,110.06,110.06,110.06,110.06,0
ING043,20140508,110.12,110.12,110.12,110.12,0
ING043,20140509,110.13,110.13,110.13,110.13,0
ING043,20140512,110.15,110.15,110.15,110.15,0
ING043,20140513,110.18,110.18,110.18,110.18,0
ING043,20140514,110.21,110.21,110.21,110.21,0
ING043,20140515,110.20,110.20,110.20,110.20,0
ING043,20140516,110.21,110.21,110.21,110.21,0
ING043,20140519,110.24,110.24,110.24,110.24,0
ING043,20140520,110.23,110.23,110.23,110.23,0
ING043,20140521,110.24,110.24,110.24,110.24,0
ING043,20140522,110.25,110.25,110.25,110.25,0
ING043,20140523,110.27,110.27,110.27,110.27,0
ING043,20140526,110.30,110.30,110.30,110.30,0
ING043,20140527,110.30,110.30,110.30,110.30,0
ING043,20140528,110.31,110.31,110.31,110.31,0
ING043,20140529,110.37,110.37,110.37,110.37,0
ING043,20140530,110.35,110.35,110.35,110.35,0
ING043,20140602,110.39,110.39,110.39,110.39,0
ING043,20140603,110.41,110.41,110.41,110.41,0
ING043,20140604,110.45,110.45,110.45,110.45,0
ING043,20140605,110.49,110.49,110.49,110.49,0
ING043,20140606,110.57,110.57,110.57,110.57,0
ING043,20140609,110.59,110.59,110.59,110.59,0
ING043,20140610,110.57,110.57,110.57,110.57,0
ING043,20140611,110.53,110.53,110.53,110.53,0
ING043,20140612,110.56,110.56,110.56,110.56,0
ING043,20140613,110.60,110.60,110.60,110.60,0
ING043,20140616,110.56,110.56,110.56,110.56,0
ING043,20140617,110.56,110.56,110.56,110.56,0
ING043,20140618,110.57,110.57,110.57,110.57,0
ING043,20140620,110.57,110.57,110.57,110.57,0
ING043,20140623,110.59,110.59,110.59,110.59,0
ING043,20140624,110.60,110.60,110.60,110.60,0
ING043,20140625,110.65,110.65,110.65,110.65,0
ING043,20140626,110.65,110.65,110.65,110.65,0
ING043,20140627,110.66,110.66,110.66,110.66,0
ING043,20140630,110.68,110.68,110.68,110.68,0
ING043,20140701,110.70,110.70,110.70,110.70,0
ING043,20140702,110.71,110.71,110.71,110.71,0
ING043,20140703,110.70,110.70,110.70,110.70,0
ING043,20140704,110.72,110.72,110.72,110.72,0
ING043,20140707,110.74,110.74,110.74,110.74,0
ING043,20140708,110.77,110.77,110.77,110.77,0
ING043,20140709,110.76,110.76,110.76,110.76,0
ING043,20140710,110.77,110.77,110.77,110.77,0
ING043,20140711,110.77,110.77,110.77,110.77,0
ING043,20140714,110.79,110.79,110.79,110.79,0
ING043,20140715,110.78,110.78,110.78,110.78,0
ING043,20140716,110.77,110.77,110.77,110.77,0
ING043,20140717,110.81,110.81,110.81,110.81,0
ING043,20140718,110.82,110.82,110.82,110.82,0
ING043,20140721,110.83,110.83,110.83,110.83,0
ING043,20140722,110.84,110.84,110.84,110.84,0
ING043,20140723,110.92,110.92,110.92,110.92,0
ING043,20140724,110.91,110.91,110.91,110.91,0
ING043,20140725,110.92,110.92,110.92,110.92,0
ING043,20140728,110.93,110.93,110.93,110.93,0
ING043,20140729,110.94,110.94,110.94,110.94,0
ING043,20140730,110.95,110.95,110.95,110.95,0
ING043,20140731,110.91,110.91,110.91,110.91,0
ING043,20140801,110.85,110.85,110.85,110.85,0
ING043,20140804,110.91,110.91,110.91,110.91,0
ING043,20140805,110.89,110.89,110.89,110.89,0
ING043,20140806,110.90,110.90,110.90,110.90,0
ING043,20140807,110.91,110.91,110.91,110.91,0
ING043,20140808,110.88,110.88,110.88,110.88,0
ING043,20140811,110.94,110.94,110.94,110.94,0
ING043,20140812,110.94,110.94,110.94,110.94,0
ING043,20140813,111.02,111.02,111.02,111.02,0
ING043,20140814,111.05,111.05,111.05,111.05,0
ING043,20140818,111.09,111.09,111.09,111.09,0
ING043,20140819,111.13,111.13,111.13,111.13,0
ING043,20140820,111.16,111.16,111.16,111.16,0
ING043,20140821,111.17,111.17,111.17,111.17,0
ING043,20140822,111.17,111.17,111.17,111.17,0
ING043,20140825,111.20,111.20,111.20,111.20,0
ING043,20140826,111.25,111.25,111.25,111.25,0
ING043,20140827,111.28,111.28,111.28,111.28,0
ING043,20140828,111.25,111.25,111.25,111.25,0
ING043,20140829,111.25,111.25,111.25,111.25,0
ING043,20140901,111.28,111.28,111.28,111.28,0
ING043,20140902,111.29,111.29,111.29,111.29,0
ING043,20140903,111.35,111.35,111.35,111.35,0
ING043,20140904,111.41,111.41,111.41,111.41,0
ING043,20140905,111.43,111.43,111.43,111.43,0
ING043,20140908,111.47,111.47,111.47,111.47,0
ING043,20140909,111.41,111.41,111.41,111.41,0
ING043,20140910,111.39,111.39,111.39,111.39,0
ING043,20140911,111.44,111.44,111.44,111.44,0
ING043,20140912,111.41,111.41,111.41,111.41,0
ING043,20140915,111.43,111.43,111.43,111.43,0
ING043,20140916,111.40,111.40,111.40,111.40,0
ING043,20140917,111.44,111.44,111.44,111.44,0
ING043,20140918,111.44,111.44,111.44,111.44,0
ING043,20140919,111.47,111.47,111.47,111.47,0
ING043,20140922,111.50,111.50,111.50,111.50,0
ING043,20140923,111.50,111.50,111.50,111.50,0
ING043,20140924,111.55,111.55,111.55,111.55,0
ING043,20140925,111.58,111.58,111.58,111.58,0
ING043,20140926,111.58,111.58,111.58,111.58,0
ING043,20140929,111.58,111.58,111.58,111.58,0
ING043,20140930,111.58,111.58,111.58,111.58,0
ING043,20141001,111.59,111.59,111.59,111.59,0
ING043,20141002,111.58,111.58,111.58,111.58,0
ING043,20141003,111.58,111.58,111.58,111.58,0
ING043,20141006,111.60,111.60,111.60,111.60,0
ING043,20141007,111.63,111.63,111.63,111.63,0
ING043,20141008,111.69,111.69,111.69,111.69,0
ING043,20141009,111.72,111.72,111.72,111.72,0
ING043,20141010,111.72,111.72,111.72,111.72,0
ING043,20141013,111.72,111.72,111.72,111.72,0
ING043,20141014,111.77,111.77,111.77,111.77,0
ING043,20141015,111.80,111.80,111.80,111.80,0
ING043,20141016,111.72,111.72,111.72,111.72,0
ING043,20141017,111.76,111.76,111.76,111.76,0
ING043,20141020,111.78,111.78,111.78,111.78,0
ING043,20141021,111.76,111.76,111.76,111.76,0
ING043,20141022,111.78,111.78,111.78,111.78,0
ING043,20141023,111.76,111.76,111.76,111.76,0
ING043,20141024,111.76,111.76,111.76,111.76,0
ING043,20141027,111.77,111.77,111.77,111.77,0
ING043,20141028,111.77,111.77,111.77,111.77,0
ING043,20141029,111.78,111.78,111.78,111.78,0
ING043,20141030,111.76,111.76,111.76,111.76,0
ING043,20141031,111.80,111.80,111.80,111.80,0
ING043,20141103,111.79,111.79,111.79,111.79,0
ING043,20141104,111.79,111.79,111.79,111.79,0
ING043,20141105,111.75,111.75,111.75,111.75,0
ING043,20141106,111.71,111.71,111.71,111.71,0
ING043,20141107,111.69,111.69,111.69,111.69,0
ING043,20141110,111.73,111.73,111.73,111.73,0
ING043,20141112,111.76,111.76,111.76,111.76,0
ING043,20141113,111.80,111.80,111.80,111.80,0
ING043,20141114,111.75,111.75,111.75,111.75,0
ING043,20141117,111.77,111.77,111.77,111.77,0
ING043,20141118,111.77,111.77,111.77,111.77,0
ING043,20141119,111.72,111.72,111.72,111.72,0
ING043,20141120,111.77,111.77,111.77,111.77,0
ING043,20141121,111.81,111.81,111.81,111.81,0
ING043,20141124,111.82,111.82,111.82,111.82,0
ING043,20141125,111.85,111.85,111.85,111.85,0
ING043,20141126,111.89,111.89,111.89,111.89,0
ING043,20141127,111.90,111.90,111.90,111.90,0
ING043,20141128,111.93,111.93,111.93,111.93,0
ING043,20141201,111.90,111.90,111.90,111.90,0
ING043,20141202,111.88,111.88,111.88,111.88,0
ING043,20141203,111.86,111.86,111.86,111.86,0
ING043,20141204,111.88,111.88,111.88,111.88,0
ING043,20141205,111.86,111.86,111.86,111.86,0
ING043,20141208,111.89,111.89,111.89,111.89,0
ING043,20141209,111.87,111.87,111.87,111.87,0
ING043,20141210,111.84,111.84,111.84,111.84,0
ING043,20141211,111.86,111.86,111.86,111.86,0
ING043,20141212,111.87,111.87,111.87,111.87,0
ING043,20141215,111.87,111.87,111.87,111.87,0
ING043,20141216,111.78,111.78,111.78,111.78,0
ING043,20141217,111.81,111.81,111.81,111.81,0
ING043,20141218,111.86,111.86,111.86,111.86,0
ING043,20141219,111.79,111.79,111.79,111.79,0
ING043,20141222,111.82,111.82,111.82,111.82,0
ING043,20141223,111.81,111.81,111.81,111.81,0
ING043,20141229,111.85,111.85,111.85,111.85,0
ING043,20141230,111.85,111.85,111.85,111.85,0
ING043,20150102,111.90,111.90,111.90,111.90,0
ING043,20150105,111.92,111.92,111.92,111.92,0
ING043,20150107,111.97,111.97,111.97,111.97,0
ING043,20150108,111.98,111.98,111.98,111.98,0
ING043,20150109,111.96,111.96,111.96,111.96,0
ING043,20150112,111.99,111.99,111.99,111.99,0
ING043,20150113,112.01,112.01,112.01,112.01,0
ING043,20150114,112.08,112.08,112.08,112.08,0
ING043,20150115,112.09,112.09,112.09,112.09,0
ING043,20150116,112.07,112.07,112.07,112.07,0
ING043,20150119,112.10,112.10,112.10,112.10,0
ING043,20150120,112.09,112.09,112.09,112.09,0
ING043,20150121,112.09,112.09,112.09,112.09,0
ING043,20150122,112.12,112.12,112.12,112.12,0
ING043,20150123,112.26,112.26,112.26,112.26,0
ING043,20150126,112.28,112.28,112.28,112.28,0
ING043,20150127,112.31,112.31,112.31,112.31,0
ING043,20150128,112.33,112.33,112.33,112.33,0
ING043,20150129,112.38,112.38,112.38,112.38,0
ING043,20150130,112.44,112.44,112.44,112.44,0
ING043,20150202,112.42,112.42,112.42,112.42,0
ING043,20150203,112.43,112.43,112.43,112.43,0
ING043,20150204,112.44,112.44,112.44,112.44,0
ING043,20150205,112.44,112.44,112.44,112.44,0
ING043,20150206,112.43,112.43,112.43,112.43,0
ING043,20150209,112.33,112.33,112.33,112.33,0
ING043,20150210,112.34,112.34,112.34,112.34,0
ING043,20150211,112.32,112.32,112.32,112.32,0
ING043,20150212,112.43,112.43,112.43,112.43,0
ING043,20150213,112.42,112.42,112.42,112.42,0
ING043,20150216,112.43,112.43,112.43,112.43,0
ING043,20150217,112.43,112.43,112.43,112.43,0
ING043,20150218,112.42,112.42,112.42,112.42,0
ING043,20150219,112.47,112.47,112.47,112.47,0
ING043,20150220,112.46,112.46,112.46,112.46,0
ING043,20150223,112.48,112.48,112.48,112.48,0
ING043,20150224,112.48,112.48,112.48,112.48,0
ING043,20150225,112.50,112.50,112.50,112.50,0
ING043,20150226,112.53,112.53,112.53,112.53,0
ING043,20150227,112.46,112.46,112.46,112.46,0
ING043,20150302,112.51,112.51,112.51,112.51,0
ING043,20150303,112.50,112.50,112.50,112.50,0
ING043,20150304,112.56,112.56,112.56,112.56,0
ING043,20150305,112.58,112.58,112.58,112.58,0
ING043,20150306,112.53,112.53,112.53,112.53,0
ING043,20150309,112.52,112.52,112.52,112.52,0
ING043,20150310,112.50,112.50,112.50,112.50,0
ING043,20150311,112.53,112.53,112.53,112.53,0
ING043,20150312,112.57,112.57,112.57,112.57,0
ING043,20150313,112.58,112.58,112.58,112.58,0
ING043,20150316,112.60,112.60,112.60,112.60,0
ING043,20150317,112.59,112.59,112.59,112.59,0
ING043,20150318,112.60,112.60,112.60,112.60,0
ING043,20150319,112.64,112.64,112.64,112.64,0
ING043,20150320,112.69,112.69,112.69,112.69,0
ING043,20150323,112.70,112.70,112.70,112.70,0
ING043,20150324,112.67,112.67,112.67,112.67,0
ING043,20150325,112.65,112.65,112.65,112.65,0
ING043,20150326,112.62,112.62,112.62,112.62,0
ING043,20150327,112.63,112.63,112.63,112.63,0
ING043,20150330,112.64,112.64,112.64,112.64,0
ING043,20150331,112.67,112.67,112.67,112.67,0
ING043,20150401,112.68,112.68,112.68,112.68,0
ING043,20150402,112.65,112.65,112.65,112.65,0
ING043,20150407,112.68,112.68,112.68,112.68,0
ING043,20150408,112.69,112.69,112.69,112.69,0
ING043,20150409,112.68,112.68,112.68,112.68,0
ING043,20150410,112.68,112.68,112.68,112.68,0
ING043,20150413,112.69,112.69,112.69,112.69,0
ING043,20150414,112.69,112.69,112.69,112.69,0
ING043,20150415,112.68,112.68,112.68,112.68,0
ING043,20150416,112.67,112.67,112.67,112.67,0
ING043,20150417,112.67,112.67,112.67,112.67,0
ING043,20150420,112.66,112.66,112.66,112.66,0
ING043,20150421,112.62,112.62,112.62,112.62,0
ING043,20150422,112.58,112.58,112.58,112.58,0
ING043,20150423,112.60,112.60,112.60,112.60,0
ING043,20150424,112.59,112.59,112.59,112.59,0
ING043,20150427,112.62,112.62,112.62,112.62,0
ING043,20150428,112.60,112.60,112.60,112.60,0
ING043,20150429,112.56,112.56,112.56,112.56,0
ING043,20150430,112.50,112.50,112.50,112.50,0
ING043,20150504,112.49,112.49,112.49,112.49,0
ING043,20150505,112.43,112.43,112.43,112.43,0
ING043,20150506,112.26,112.26,112.26,112.26,0
ING043,20150507,112.38,112.38,112.38,112.38,0
ING043,20150508,112.50,112.50,112.50,112.50,0
ING043,20150511,112.41,112.41,112.41,112.41,0
ING043,20150512,112.33,112.33,112.33,112.33,0
ING043,20150513,112.41,112.41,112.41,112.41,0
ING043,20150514,112.46,112.46,112.46,112.46,0
ING043,20150515,112.49,112.49,112.49,112.49,0
ING043,20150518,112.49,112.49,112.49,112.49,0
ING043,20150519,112.53,112.53,112.53,112.53,0
ING043,20150520,112.55,112.55,112.55,112.55,0
ING043,20150521,112.57,112.57,112.57,112.57,0
ING043,20150522,112.59,112.59,112.59,112.59,0
ING043,20150525,112.51,112.51,112.51,112.51,0
ING043,20150526,112.49,112.49,112.49,112.49,0
ING043,20150527,112.50,112.50,112.50,112.50,0
ING043,20150528,112.54,112.54,112.54,112.54,0
ING043,20150529,112.53,112.53,112.53,112.53,0
ING043,20150601,112.54,112.54,112.54,112.54,0
ING043,20150602,112.49,112.49,112.49,112.49,0
ING043,20150603,112.45,112.45,112.45,112.45,0
ING043,20150605,112.40,112.40,112.40,112.40,0
ING043,20150608,112.46,112.46,112.46,112.46,0
ING043,20150609,112.43,112.43,112.43,112.43,0
ING043,20150610,112.41,112.41,112.41,112.41,0
ING043,20150611,112.43,112.43,112.43,112.43,0
ING043,20150612,112.43,112.43,112.43,112.43,0
ING043,20150615,112.36,112.36,112.36,112.36,0
ING043,20150616,112.30,112.30,112.30,112.30,0
ING043,20150617,112.38,112.38,112.38,112.38,0
ING043,20150618,112.43,112.43,112.43,112.43,0
ING043,20150619,112.43,112.43,112.43,112.43,0
ING043,20150622,112.48,112.48,112.48,112.48,0
ING043,20150623,112.49,112.49,112.49,112.49,0
ING043,20150624,112.49,112.49,112.49,112.49,0
ING043,20150625,112.51,112.51,112.51,112.51,0
ING043,20150626,112.49,112.49,112.49,112.49,0
ING043,20150629,112.42,112.42,112.42,112.42,0
ING043,20150630,112.43,112.43,112.43,112.43,0
ING043,20150701,112.45,112.45,112.45,112.45,0
ING043,20150702,112.45,112.45,112.45,112.45,0
ING043,20150703,112.49,112.49,112.49,112.49,0
ING043,20150706,112.46,112.46,112.46,112.46,0
ING043,20150707,112.53,112.53,112.53,112.53,0
ING043,20150708,112.54,112.54,112.54,112.54,0
ING043,20150709,112.54,112.54,112.54,112.54,0
ING043,20150710,112.55,112.55,112.55,112.55,0
ING043,20150713,112.56,112.56,112.56,112.56,0
ING043,20150714,112.57,112.57,112.57,112.57,0
ING043,20150715,112.57,112.57,112.57,112.57,0
ING043,20150716,112.58,112.58,112.58,112.58,0
ING043,20150717,112.61,112.61,112.61,112.61,0
ING043,20150720,112.63,112.63,112.63,112.63,0
ING043,20150721,112.63,112.63,112.63,112.63,0
ING043,20150722,112.63,112.63,112.63,112.63,0
ING043,20150723,112.63,112.63,112.63,112.63,0
ING043,20150724,112.66,112.66,112.66,112.66,0
ING043,20150727,112.65,112.65,112.65,112.65,0
ING043,20150728,112.66,112.66,112.66,112.66,0
ING043,20150729,112.68,112.68,112.68,112.68,0
ING043,20150730,112.66,112.66,112.66,112.66,0
ING043,20150731,112.68,112.68,112.68,112.68,0
ING043,20150803,112.77,112.77,112.77,112.77,0
ING043,20150804,112.64,112.64,112.64,112.64,0
ING043,20150805,112.62,112.62,112.62,112.62,0
ING043,20150806,112.60,112.60,112.60,112.60,0
ING043,20150807,112.72,112.72,112.72,112.72,0
ING043,20150810,112.64,112.64,112.64,112.64,0
ING043,20150811,112.67,112.67,112.67,112.67,0
ING043,20150812,112.68,112.68,112.68,112.68,0
ING043,20150813,112.68,112.68,112.68,112.68,0
ING043,20150814,112.64,112.64,112.64,112.64,0
ING043,20150817,112.64,112.64,112.64,112.64,0
ING043,20150818,112.64,112.64,112.64,112.64,0
ING043,20150819,112.64,112.64,112.64,112.64,0
ING043,20150820,112.64,112.64,112.64,112.64,0
ING043,20150821,112.66,112.66,112.66,112.66,0
ING043,20150824,112.58,112.58,112.58,112.58,0
ING043,20150825,112.57,112.57,112.57,112.57,0
ING043,20150826,112.55,112.55,112.55,112.55,0
ING043,20150827,112.56,112.56,112.56,112.56,0
ING043,20150828,112.58,112.58,112.58,112.58,0
ING043,20150831,112.55,112.55,112.55,112.55,0
ING043,20150901,112.47,112.47,112.47,112.47,0
ING043,20150902,112.46,112.46,112.46,112.46,0
ING043,20150903,112.48,112.48,112.48,112.48,0
ING043,20150904,112.51,112.51,112.51,112.51,0
ING043,20150907,112.51,112.51,112.51,112.51,0
ING043,20150908,112.51,112.51,112.51,112.51,0
ING043,20150909,112.52,112.52,112.52,112.52,0
ING043,20150910,112.41,112.41,112.41,112.41,0
ING043,20150911,112.25,112.25,112.25,112.25,0
ING043,20150914,112.31,112.31,112.31,112.31,0
ING043,20150915,112.35,112.35,112.35,112.35,0
ING043,20150916,112.29,112.29,112.29,112.29,0
ING043,20150917,112.30,112.30,112.30,112.30,0
ING043,20150918,112.42,112.42,112.42,112.42,0
ING043,20150921,112.42,112.42,112.42,112.42,0
ING043,20150922,112.48,112.48,112.48,112.48,0
ING043,20150923,112.47,112.47,112.47,112.47,0
ING043,20150924,112.45,112.45,112.45,112.45,0
ING043,20150925,112.45,112.45,112.45,112.45,0
ING043,20150928,112.44,112.44,112.44,112.44,0
ING043,20150929,112.39,112.39,112.39,112.39,0
ING043,20150930,112.39,112.39,112.39,112.39,0
ING043,20151001,112.39,112.39,112.39,112.39,0
ING043,20151002,112.42,112.42,112.42,112.42,0
ING043,20151005,112.51,112.51,112.51,112.51,0
ING043,20151006,112.52,112.52,112.52,112.52,0
ING043,20151007,112.56,112.56,112.56,112.56,0
ING043,20151008,112.58,112.58,112.58,112.58,0
ING043,20151009,112.60,112.60,112.60,112.60,0
ING043,20151012,112.60,112.60,112.60,112.60,0
ING043,20151013,112.57,112.57,112.57,112.57,0
ING043,20151014,112.60,112.60,112.60,112.60,0
ING043,20151015,112.61,112.61,112.61,112.61,0
ING043,20151016,112.61,112.61,112.61,112.61,0
ING043,20151019,112.63,112.63,112.63,112.63,0
ING043,20151020,112.64,112.64,112.64,112.64,0
ING043,20151021,112.65,112.65,112.65,112.65,0
ING043,20151022,112.66,112.66,112.66,112.66,0
ING043,20151023,112.67,112.67,112.67,112.67,0
ING043,20151026,112.69,112.69,112.69,112.69,0
ING043,20151027,112.70,112.70,112.70,112.70,0
ING043,20151028,112.69,112.69,112.69,112.69,0
ING043,20151029,112.70,112.70,112.70,112.70,0
ING043,20151030,112.71,112.71,112.71,112.71,0
ING043,20151102,112.73,112.73,112.73,112.73,0
ING043,20151103,112.73,112.73,112.73,112.73,0
ING043,20151104,112.72,112.72,112.72,112.72,0
ING043,20151105,112.72,112.72,112.72,112.72,0
ING043,20151106,112.72,112.72,112.72,112.72,0
ING043,20151109,112.71,112.71,112.71,112.71,0
ING043,20151110,112.74,112.74,112.74,112.74,0
ING043,20151112,112.77,112.77,112.77,112.77,0
ING043,20151113,112.76,112.76,112.76,112.76,0
ING043,20151116,112.78,112.78,112.78,112.78,0
ING043,20151117,112.79,112.79,112.79,112.79,0
ING043,20151118,112.76,112.76,112.76,112.76,0
ING043,20151119,112.74,112.74,112.74,112.74,0
ING043,20151120,112.75,112.75,112.75,112.75,0
ING043,20151123,112.76,112.76,112.76,112.76,0
ING043,20151124,112.76,112.76,112.76,112.76,0
ING043,20151125,112.78,112.78,112.78,112.78,0
ING043,20151126,112.78,112.78,112.78,112.78,0
ING043,20151127,112.79,112.79,112.79,112.79,0
ING043,20151130,112.79,112.79,112.79,112.79,0
ING043,20151201,112.85,112.85,112.85,112.85,0
ING043,20151202,112.80,112.80,112.80,112.80,0
ING043,20151203,112.77,112.77,112.77,112.77,0
ING043,20151204,112.72,112.72,112.72,112.72,0
ING043,20151207,112.75,112.75,112.75,112.75,0
ING043,20151208,112.72,112.72,112.72,112.72,0
ING043,20151209,112.72,112.72,112.72,112.72,0
ING043,20151210,112.72,112.72,112.72,112.72,0
ING043,20151211,112.69,112.69,112.69,112.69,0
ING043,20151214,112.63,112.63,112.63,112.63,0
ING043,20151215,112.61,112.61,112.61,112.61,0
ING043,20151216,112.62,112.62,112.62,112.62,0
ING043,20151217,112.71,112.71,112.71,112.71,0
ING043,20151218,112.69,112.69,112.69,112.69,0
ING043,20151221,112.72,112.72,112.72,112.72,0
ING043,20151222,112.70,112.70,112.70,112.70,0
ING043,20151223,112.72,112.72,112.72,112.72,0
ING043,20151228,112.73,112.73,112.73,112.73,0
ING043,20151229,112.87,112.87,112.87,112.87,0
ING043,20151230,113.14,113.14,113.14,113.14,0
ING043,20160104,113.10,113.10,113.10,113.10,0
ING043,20160105,113.29,113.29,113.29,113.29,0
ING043,20160107,113.32,113.32,113.32,113.32,0
ING043,20160108,113.38,113.38,113.38,113.38,0
ING043,20160111,113.39,113.39,113.39,113.39,0
ING043,20160112,113.41,113.41,113.41,113.41,0
ING043,20160113,113.41,113.41,113.41,113.41,0
ING043,20160114,113.39,113.39,113.39,113.39,0
ING043,20160115,113.32,113.32,113.32,113.32,0
ING043,20160118,113.24,113.24,113.24,113.24,0
ING043,20160119,113.29,113.29,113.29,113.29,0
ING043,20160120,113.26,113.26,113.26,113.26,0
ING043,20160121,113.27,113.27,113.27,113.27,0
ING043,20160122,113.28,113.28,113.28,113.28,0
ING043,20160125,113.28,113.28,113.28,113.28,0
ING043,20160126,113.29,113.29,113.29,113.29,0
ING043,20160127,113.30,113.30,113.30,113.30,0
ING043,20160128,113.31,113.31,113.31,113.31,0
ING043,20160129,113.30,113.30,113.30,113.30,0
ING043,20160201,113.34,113.34,113.34,113.34,0
ING043,20160202,113.35,113.35,113.35,113.35,0
ING043,20160203,113.34,113.34,113.34,113.34,0
ING043,20160204,113.35,113.35,113.35,113.35,0
ING043,20160205,113.34,113.34,113.34,113.34,0
ING043,20160208,113.34,113.34,113.34,113.34,0
ING043,20160209,113.33,113.33,113.33,113.33,0
ING043,20160210,113.34,113.34,113.34,113.34,0
ING043,20160211,113.30,113.30,113.30,113.30,0
ING043,20160212,113.31,113.31,113.31,113.31,0
ING043,20160215,113.34,113.34,113.34,113.34,0
ING043,20160216,113.35,113.35,113.35,113.35,0
ING043,20160217,113.36,113.36,113.36,113.36,0
ING043,20160218,113.39,113.39,113.39,113.39,0
ING043,20160219,113.39,113.39,113.39,113.39,0
ING043,20160222,113.40,113.40,113.40,113.40,0
ING043,20160223,113.41,113.41,113.41,113.41,0
ING043,20160224,113.44,113.44,113.44,113.44,0
ING043,20160225,113.47,113.47,113.47,113.47,0
ING043,20160226,113.46,113.46,113.46,113.46,0
ING043,20160229,113.46,113.46,113.46,113.46,0
ING043,20160301,113.46,113.46,113.46,113.46,0
ING043,20160302,113.46,113.46,113.46,113.46,0
ING043,20160303,113.45,113.45,113.45,113.45,0
ING043,20160304,113.47,113.47,113.47,113.47,0
ING043,20160307,113.49,113.49,113.49,113.49,0
ING043,20160308,113.51,113.51,113.51,113.51,0
ING043,20160309,113.51,113.51,113.51,113.51,0
ING043,20160310,113.50,113.50,113.50,113.50,0
ING043,20160311,113.50,113.50,113.50,113.50,0
ING043,20160314,113.53,113.53,113.53,113.53,0
ING043,20160315,113.51,113.51,113.51,113.51,0
ING043,20160316,113.50,113.50,113.50,113.50,0
ING043,20160317,113.49,113.49,113.49,113.49,0
ING043,20160318,113.51,113.51,113.51,113.51,0
ING043,20160321,113.51,113.51,113.51,113.51,0
ING043,20160322,113.50,113.50,113.50,113.50,0
ING043,20160323,113.50,113.50,113.50,113.50,0
ING043,20160324,113.52,113.52,113.52,113.52,0
ING043,20160329,113.55,113.55,113.55,113.55,0
ING043,20160330,113.54,113.54,113.54,113.54,0
ING043,20160331,113.58,113.58,113.58,113.58,0
ING043,20160401,113.53,113.53,113.53,113.53,0
ING043,20160404,113.54,113.54,113.54,113.54,0
ING043,20160405,113.53,113.53,113.53,113.53,0
ING043,20160406,113.52,113.52,113.52,113.52,0
ING043,20160407,113.50,113.50,113.50,113.50,0
ING043,20160408,113.49,113.49,113.49,113.49,0
ING043,20160411,113.51,113.51,113.51,113.51,0
ING043,20160412,113.51,113.51,113.51,113.51,0
ING043,20160413,113.52,113.52,113.52,113.52,0
ING043,20160414,113.51,113.51,113.51,113.51,0
ING043,20160415,113.50,113.50,113.50,113.50,0
ING043,20160418,113.52,113.52,113.52,113.52,0
ING043,20160419,113.52,113.52,113.52,113.52,0
ING043,20160420,113.52,113.52,113.52,113.52,0
ING043,20160421,113.52,113.52,113.52,113.52,0
ING043,20160422,113.53,113.53,113.53,113.53,0
ING043,20160425,113.53,113.53,113.53,113.53,0
ING043,20160426,113.54,113.54,113.54,113.54,0
ING043,20160427,113.54,113.54,113.54,113.54,0
ING043,20160428,113.53,113.53,113.53,113.53,0
ING043,20160429,113.52,113.52,113.52,113.52,0
ING043,20160502,113.55,113.55,113.55,113.55,0
ING043,20160504,113.53,113.53,113.53,113.53,0
ING043,20160505,113.53,113.53,113.53,113.53,0
ING043,20160506,113.53,113.53,113.53,113.53,0
ING043,20160509,113.53,113.53,113.53,113.53,0
ING043,20160510,113.50,113.50,113.50,113.50,0
ING043,20160511,113.52,113.52,113.52,113.52,0
ING043,20160512,113.54,113.54,113.54,113.54,0
ING043,20160513,113.53,113.53,113.53,113.53,0
ING043,20160516,113.55,113.55,113.55,113.55,0
ING043,20160517,113.55,113.55,113.55,113.55,0
ING043,20160518,113.54,113.54,113.54,113.54,0
ING043,20160519,113.66,113.66,113.66,113.66,0
ING043,20160520,113.52,113.52,113.52,113.52,0
ING043,20160523,113.52,113.52,113.52,113.52,0
ING043,20160524,113.54,113.54,113.54,113.54,0
ING043,20160525,113.53,113.53,113.53,113.53,0
ING043,20160527,113.55,113.55,113.55,113.55,0
ING043,20160530,113.55,113.55,113.55,113.55,0
ING043,20160531,113.56,113.56,113.56,113.56,0
ING043,20160601,113.55,113.55,113.55,113.55,0
ING043,20160602,113.54,113.54,113.54,113.54,0
ING043,20160603,113.52,113.52,113.52,113.52,0
ING043,20160606,113.56,113.56,113.56,113.56,0
ING043,20160607,113.53,113.53,113.53,113.53,0
ING043,20160608,113.54,113.54,113.54,113.54,0
ING043,20160609,113.51,113.51,113.51,113.51,0
ING043,20160610,113.52,113.52,113.52,113.52,0
ING043,20160613,113.48,113.48,113.48,113.48,0
ING043,20160614,113.56,113.56,113.56,113.56,0
ING043,20160615,113.49,113.49,113.49,113.49,0
ING043,20160616,113.46,113.46,113.46,113.46,0
ING043,20160617,113.48,113.48,113.48,113.48,0
ING043,20160620,113.52,113.52,113.52,113.52,0
ING043,20160621,113.51,113.51,113.51,113.51,0
ING043,20160622,113.52,113.52,113.52,113.52,0
ING043,20160623,113.52,113.52,113.52,113.52,0
ING043,20160624,113.45,113.45,113.45,113.45,0
ING043,20160627,113.53,113.53,113.53,113.53,0
ING043,20160628,113.55,113.55,113.55,113.55,0
ING043,20160629,113.56,113.56,113.56,113.56,0
ING043,20160630,113.64,113.64,113.64,113.64,0
ING043,20160701,113.55,113.55,113.55,113.55,0
ING043,20160704,113.55,113.55,113.55,113.55,0
ING043,20160705,113.56,113.56,113.56,113.56,0
ING043,20160706,113.56,113.56,113.56,113.56,0
ING043,20160707,113.56,113.56,113.56,113.56,0
ING043,20160708,113.56,113.56,113.56,113.56,0
ING043,20160711,113.59,113.59,113.59,113.59,0
ING043,20160712,113.58,113.58,113.58,113.58,0
ING043,20160713,113.59,113.59,113.59,113.59,0
ING043,20160714,113.59,113.59,113.59,113.59,0
ING043,20160715,113.59,113.59,113.59,113.59,0
ING043,20160718,113.61,113.61,113.61,113.61,0
ING043,20160719,113.63,113.63,113.63,113.63,0
ING043,20160720,113.62,113.62,113.62,113.62,0
ING043,20160721,113.65,113.65,113.65,113.65,0
ING043,20160722,113.66,113.66,113.66,113.66,0
ING043,20160725,113.68,113.68,113.68,113.68,0
ING043,20160726,113.65,113.65,113.65,113.65,0
ING043,20160727,113.69,113.69,113.69,113.69,0
ING043,20160728,113.68,113.68,113.68,113.68,0
ING043,20160729,113.68,113.68,113.68,113.68,0
ING043,20160801,113.65,113.65,113.65,113.65,0
ING043,20160802,113.72,113.72,113.72,113.72,0
ING043,20160803,113.73,113.73,113.73,113.73,0
ING043,20160804,113.69,113.69,113.69,113.69,0
ING043,20160805,113.72,113.72,113.72,113.72,0
ING043,20160808,113.73,113.73,113.73,113.73,0
ING043,20160809,113.73,113.73,113.73,113.73,0
ING043,20160810,113.75,113.75,113.75,113.75,0
ING043,20160811,113.75,113.75,113.75,113.75,0
ING043,20160812,113.77,113.77,113.77,113.77,0
ING043,20160816,113.79,113.79,113.79,113.79,0
ING043,20160817,113.79,113.79,113.79,113.79,0
ING043,20160818,113.78,113.78,113.78,113.78,0
ING043,20160819,113.83,113.83,113.83,113.83,0
ING043,20160822,113.85,113.85,113.85,113.85,0
ING043,20160823,113.84,113.84,113.84,113.84,0
ING043,20160824,113.84,113.84,113.84,113.84,0
ING043,20160825,113.83,113.83,113.83,113.83,0
ING043,20160826,113.80,113.80,113.80,113.80,0
ING043,20160829,113.81,113.81,113.81,113.81,0
ING043,20160830,113.80,113.80,113.80,113.80,0
ING043,20160831,113.80,113.80,113.80,113.80,0
ING043,20160901,113.79,113.79,113.79,113.79,0
ING043,20160902,113.81,113.81,113.81,113.81,0
ING043,20160905,113.82,113.82,113.82,113.82,0
ING043,20160906,113.84,113.84,113.84,113.84,0
ING043,20160907,113.86,113.86,113.86,113.86,0
ING043,20160908,113.85,113.85,113.85,113.85,0
ING043,20160909,113.82,113.82,113.82,113.82,0
ING043,20160912,113.86,113.86,113.86,113.86,0
ING043,20160913,113.86,113.86,113.86,113.86,0
ING043,20160914,113.87,113.87,113.87,113.87,0
ING043,20160915,113.85,113.85,113.85,113.85,0
ING043,20160916,113.87,113.87,113.87,113.87,0
ING043,20160919,113.89,113.89,113.89,113.89,0
ING043,20160920,113.88,113.88,113.88,113.88,0
ING043,20160921,113.88,113.88,113.88,113.88,0
ING043,20160922,113.89,113.89,113.89,113.89,0
ING043,20160923,113.91,113.91,113.91,113.91,0
ING043,20160926,113.90,113.90,113.90,113.90,0
ING043,20160927,113.89,113.89,113.89,113.89,0
ING043,20160928,113.88,113.88,113.88,113.88,0
ING043,20160929,113.89,113.89,113.89,113.89,0
ING043,20160930,113.88,113.88,113.88,113.88,0
ING043,20161003,113.89,113.89,113.89,113.89,0
ING043,20161004,113.89,113.89,113.89,113.89,0
ING043,20161005,113.89,113.89,113.89,113.89,0
ING043,20161006,113.90,113.90,113.90,113.90,0
ING043,20161007,113.88,113.88,113.88,113.88,0
ING043,20161010,113.91,113.91,113.91,113.91,0
ING043,20161011,113.91,113.91,113.91,113.91,0
ING043,20161012,113.91,113.91,113.91,113.91,0
ING043,20161013,113.91,113.91,113.91,113.91,0
ING043,20161014,113.92,113.92,113.92,113.92,0
ING043,20161017,113.94,113.94,113.94,113.94,0
ING043,20161018,113.94,113.94,113.94,113.94,0
ING043,20161019,113.91,113.91,113.91,113.91,0
ING043,20161020,113.94,113.94,113.94,113.94,0
ING043,20161021,113.92,113.92,113.92,113.92,0
ING043,20161024,113.94,113.94,113.94,113.94,0
ING043,20161025,113.91,113.91,113.91,113.91,0
ING043,20161026,113.91,113.91,113.91,113.91,0
ING043,20161027,113.90,113.90,113.90,113.90,0
ING043,20161028,113.90,113.90,113.90,113.90,0
ING043,20161031,113.91,113.91,113.91,113.91,0
ING043,20161102,113.92,113.92,113.92,113.92,0
ING043,20161103,113.88,113.88,113.88,113.88,0
ING043,20161104,113.88,113.88,113.88,113.88,0
ING043,20161107,113.89,113.89,113.89,113.89,0
ING043,20161108,113.88,113.88,113.88,113.88,0
ING043,20161109,113.89,113.89,113.89,113.89,0
ING043,20161110,113.86,113.86,113.86,113.86,0
ING043,20161114,113.88,113.88,113.88,113.88,0
ING043,20161115,113.91,113.91,113.91,113.91,0
ING043,20161116,113.91,113.91,113.91,113.91,0
ING043,20161117,113.92,113.92,113.92,113.92,0
ING043,20161118,113.88,113.88,113.88,113.88,0
ING043,20161121,113.89,113.89,113.89,113.89,0
ING043,20161122,113.89,113.89,113.89,113.89,0
ING043,20161123,113.85,113.85,113.85,113.85,0
ING043,20161124,113.86,113.86,113.86,113.86,0
ING043,20161125,113.90,113.90,113.90,113.90,0
ING043,20161128,113.91,113.91,113.91,113.91,0
ING043,20161129,113.90,113.90,113.90,113.90,0
ING043,20161130,113.93,113.93,113.93,113.93,0
ING043,20161201,113.92,113.92,113.92,113.92,0
ING043,20161202,113.89,113.89,113.89,113.89,0
ING043,20161205,113.91,113.91,113.91,113.91,0
ING043,20161206,113.91,113.91,113.91,113.91,0
ING043,20161207,113.93,113.93,113.93,113.93,0
ING043,20161208,113.91,113.91,113.91,113.91,0
ING043,20161209,113.94,113.94,113.94,113.94,0
ING043,20161212,113.96,113.96,113.96,113.96,0
ING043,20161213,113.98,113.98,113.98,113.98,0
ING043,20161214,114.00,114.00,114.00,114.00,0
ING043,20161215,113.97,113.97,113.97,113.97,0
ING043,20161216,114.01,114.01,114.01,114.01,0
ING043,20161219,114.02,114.02,114.02,114.02,0
ING043,20161220,114.03,114.03,114.03,114.03,0
ING043,20161221,114.05,114.05,114.05,114.05,0
ING043,20161222,114.06,114.06,114.06,114.06,0
ING043,20161223,114.07,114.07,114.07,114.07,0
ING043,20161227,114.09,114.09,114.09,114.09,0
ING043,20161228,114.10,114.10,114.10,114.10,0
ING043,20161229,114.10,114.10,114.10,114.10,0
ING043,20161230,114.11,114.11,114.11,114.11,0
ING043,20170102,114.08,114.08,114.08,114.08,0
ING043,20170103,114.07,114.07,114.07,114.07,0
ING043,20170104,114.08,114.08,114.08,114.08,0
ING043,20170105,114.11,114.11,114.11,114.11,0
ING043,20170109,114.14,114.14,114.14,114.14,0
ING043,20170110,114.17,114.17,114.17,114.17,0
ING043,20170111,114.17,114.17,114.17,114.17,0
ING043,20170112,114.16,114.16,114.16,114.16,0
ING043,20170113,114.16,114.16,114.16,114.16,0
ING043,20170116,114.19,114.19,114.19,114.19,0
ING043,20170117,114.21,114.21,114.21,114.21,0
ING043,20170118,114.20,114.20,114.20,114.20,0
ING043,20170119,114.20,114.20,114.20,114.20,0
ING043,20170120,114.20,114.20,114.20,114.20,0
ING043,20170123,114.26,114.26,114.26,114.26,0
ING043,20170124,114.26,114.26,114.26,114.26,0
ING043,20170125,114.28,114.28,114.28,114.28,0
ING043,20170126,114.27,114.27,114.27,114.27,0
ING043,20170127,114.29,114.29,114.29,114.29,0
ING043,20170130,114.31,114.31,114.31,114.31,0
ING043,20170131,114.33,114.33,114.33,114.33,0
ING043,20170201,114.33,114.33,114.33,114.33,0
ING043,20170202,114.34,114.34,114.34,114.34,0
ING043,20170203,114.35,114.35,114.35,114.35,0
ING043,20170206,114.36,114.36,114.36,114.36,0
ING043,20170207,114.36,114.36,114.36,114.36,0
ING043,20170208,114.36,114.36,114.36,114.36,0
ING043,20170209,114.37,114.37,114.37,114.37,0
ING043,20170210,114.35,114.35,114.35,114.35,0
ING043,20170213,114.35,114.35,114.35,114.35,0
ING043,20170214,114.37,114.37,114.37,114.37,0
ING043,20170215,114.37,114.37,114.37,114.37,0
ING043,20170216,114.37,114.37,114.37,114.37,0
ING043,20170217,114.39,114.39,114.39,114.39,0
ING043,20170220,114.38,114.38,114.38,114.38,0
ING043,20170221,114.38,114.38,114.38,114.38,0
ING043,20170222,114.38,114.38,114.38,114.38,0
ING043,20170223,114.39,114.39,114.39,114.39,0
ING043,20170224,114.39,114.39,114.39,114.39,0
ING043,20170227,114.42,114.42,114.42,114.42,0
ING043,20170228,114.43,114.43,114.43,114.43,0
ING043,20170301,114.43,114.43,114.43,114.43,0
ING043,20170302,114.45,114.45,114.45,114.45,0
ING043,20170303,114.40,114.40,114.40,114.40,0
ING043,20170306,114.43,114.43,114.43,114.43,0
ING043,20170307,114.43,114.43,114.43,114.43,0
ING043,20170308,114.43,114.43,114.43,114.43,0
ING043,20170309,114.43,114.43,114.43,114.43,0
ING043,20170310,114.44,114.44,114.44,114.44,0
ING043,20170313,114.47,114.47,114.47,114.47,0
ING043,20170314,114.45,114.45,114.45,114.45,0
ING043,20170315,114.45,114.45,114.45,114.45,0
ING043,20170316,114.47,114.47,114.47,114.47,0
ING043,20170317,114.48,114.48,114.48,114.48,0
ING043,20170320,114.46,114.46,114.46,114.46,0
ING043,20170321,114.51,114.51,114.51,114.51,0
ING043,20170322,114.49,114.49,114.49,114.49,0
ING043,20170323,114.52,114.52,114.52,114.52,0
ING043,20170324,114.53,114.53,114.53,114.53,0
ING043,20170327,114.53,114.53,114.53,114.53,0
ING043,20170328,114.55,114.55,114.55,114.55,0
ING043,20170329,114.55,114.55,114.55,114.55,0
ING043,20170330,114.56,114.56,114.56,114.56,0
ING043,20170331,114.55,114.55,114.55,114.55,0
ING043,20170403,114.57,114.57,114.57,114.57,0
ING043,20170404,114.57,114.57,114.57,114.57,0
ING043,20170405,114.58,114.58,114.58,114.58,0
ING043,20170406,114.58,114.58,114.58,114.58,0
ING043,20170407,114.58,114.58,114.58,114.58,0
ING043,20170410,114.60,114.60,114.60,114.60,0
ING043,20170411,114.60,114.60,114.60,114.60,0
ING043,20170412,114.59,114.59,114.59,114.59,0
ING043,20170413,114.60,114.60,114.60,114.60,0
ING043,20170418,114.63,114.63,114.63,114.63,0
ING043,20170419,114.62,114.62,114.62,114.62,0
ING043,20170420,114.63,114.63,114.63,114.63,0
ING043,20170421,114.64,114.64,114.64,114.64,0
ING043,20170424,114.66,114.66,114.66,114.66,0
ING043,20170425,114.66,114.66,114.66,114.66,0
ING043,20170426,114.66,114.66,114.66,114.66,0
ING043,20170427,114.66,114.66,114.66,114.66,0
ING043,20170428,114.66,114.66,114.66,114.66,0
ING043,20170502,114.68,114.68,114.68,114.68,0
ING043,20170504,114.69,114.69,114.69,114.69,0
ING043,20170505,114.69,114.69,114.69,114.69,0
ING043,20170508,114.69,114.69,114.69,114.69,0
ING043,20170509,114.67,114.67,114.67,114.67,0
ING043,20170510,114.68,114.68,114.68,114.68,0
ING043,20170511,114.69,114.69,114.69,114.69,0
ING043,20170512,114.69,114.69,114.69,114.69,0
ING043,20170515,114.73,114.73,114.73,114.73,0
ING043,20170516,114.76,114.76,114.76,114.76,0
ING043,20170517,114.79,114.79,114.79,114.79,0
ING043,20170518,114.81,114.81,114.81,114.81,0
ING043,20170519,114.79,114.79,114.79,114.79,0
ING043,20170522,114.81,114.81,114.81,114.81,0
ING043,20170523,114.81,114.81,114.81,114.81,0
ING043,20170524,114.82,114.82,114.82,114.82,0
ING043,20170525,114.81,114.81,114.81,114.81,0
ING043,20170526,114.81,114.81,114.81,114.81,0
ING043,20170529,114.85,114.85,114.85,114.85,0
ING043,20170530,114.82,114.82,114.82,114.82,0
ING043,20170531,114.84,114.84,114.84,114.84,0
ING043,20170601,114.84,114.84,114.84,114.84,0
ING043,20170602,114.85,114.85,114.85,114.85,0
ING043,20170605,114.85,114.85,114.85,114.85,0
ING043,20170606,114.85,114.85,114.85,114.85,0
ING043,20170607,114.86,114.86,114.86,114.86,0
ING043,20170608,114.86,114.86,114.86,114.86,0
ING043,20170609,114.87,114.87,114.87,114.87,0
ING043,20170612,114.88,114.88,114.88,114.88,0
ING043,20170613,114.89,114.89,114.89,114.89,0
ING043,20170614,114.90,114.90,114.90,114.90,0
ING043,20170616,114.90,114.90,114.90,114.90,0
ING043,20170619,114.89,114.89,114.89,114.89,0
ING043,20170620,114.90,114.90,114.90,114.90,0
ING043,20170621,114.90,114.90,114.90,114.90,0
ING043,20170622,114.90,114.90,114.90,114.90,0
ING043,20170623,114.92,114.92,114.92,114.92,0
ING043,20170626,114.93,114.93,114.93,114.93,0
ING043,20170627,114.94,114.94,114.94,114.94,0
ING043,20170628,114.95,114.95,114.95,114.95,0
ING043,20170629,114.95,114.95,114.95,114.95,0
ING043,20170630,114.99,114.99,114.99,114.99,0
ING043,20170703,115.02,115.02,115.02,115.02,0
ING043,20170704,115.03,115.03,115.03,115.03,0
ING043,20170705,115.03,115.03,115.03,115.03,0
ING043,20170706,115.04,115.04,115.04,115.04,0
ING043,20170707,115.05,115.05,115.05,115.05,0
ING043,20170710,115.07,115.07,115.07,115.07,0
ING043,20170711,115.06,115.06,115.06,115.06,0
ING043,20170712,115.08,115.08,115.08,115.08,0
ING043,20170713,115.08,115.08,115.08,115.08,0
ING043,20170714,115.09,115.09,115.09,115.09,0
ING043,20170717,115.09,115.09,115.09,115.09,0
ING043,20170718,115.09,115.09,115.09,115.09,0
ING043,20170719,115.09,115.09,115.09,115.09,0
ING043,20170720,115.08,115.08,115.08,115.08,0
ING043,20170721,115.08,115.08,115.08,115.08,0
ING043,20170724,115.11,115.11,115.11,115.11,0
ING043,20170725,115.11,115.11,115.11,115.11,0
ING043,20170726,115.11,115.11,115.11,115.11,0
ING043,20170727,115.13,115.13,115.13,115.13,0
ING043,20170728,115.12,115.12,115.12,115.12,0
ING043,20170731,115.16,115.16,115.16,115.16,0
ING043,20170801,115.15,115.15,115.15,115.15,0
ING043,20170802,115.15,115.15,115.15,115.15,0
ING043,20170803,115.15,115.15,115.15,115.15,0
ING043,20170804,115.14,115.14,115.14,115.14,0
ING043,20170807,115.17,115.17,115.17,115.17,0
ING043,20170808,115.17,115.17,115.17,115.17,0
ING043,20170809,115.17,115.17,115.17,115.17,0
ING043,20170810,115.17,115.17,115.17,115.17,0
ING043,20170811,115.15,115.15,115.15,115.15,0
ING043,20170814,115.17,115.17,115.17,115.17,0
ING043,20170816,115.17,115.17,115.17,115.17,0
ING043,20170817,115.20,115.20,115.20,115.20,0
ING043,20170818,115.23,115.23,115.23,115.23,0
ING043,20170821,115.23,115.23,115.23,115.23,0
ING043,20170822,115.23,115.23,115.23,115.23,0
ING043,20170823,115.26,115.26,115.26,115.26,0
ING043,20170824,115.28,115.28,115.28,115.28,0
ING043,20170825,115.27,115.27,115.27,115.27,0
ING043,20170828,115.28,115.28,115.28,115.28,0
ING043,20170829,115.30,115.30,115.30,115.30,0
ING043,20170830,115.30,115.30,115.30,115.30,0
ING043,20170831,115.27,115.27,115.27,115.27,0
ING043,20170901,115.31,115.31,115.31,115.31,0
ING043,20170904,115.32,115.32,115.32,115.32,0
ING043,20170905,115.34,115.34,115.34,115.34,0
ING043,20170906,115.36,115.36,115.36,115.36,0
ING043,20170907,115.36,115.36,115.36,115.36,0
ING043,20170908,115.35,115.35,115.35,115.35,0
ING043,20170911,115.38,115.38,115.38,115.38,0
ING043,20170912,115.36,115.36,115.36,115.36,0
ING043,20170913,115.37,115.37,115.37,115.37,0
ING043,20170914,115.36,115.36,115.36,115.36,0
ING043,20170915,115.35,115.35,115.35,115.35,0
ING043,20170918,115.38,115.38,115.38,115.38,0
ING043,20170919,115.36,115.36,115.36,115.36,0
ING043,20170920,115.37,115.37,115.37,115.37,0
ING043,20170921,115.37,115.37,115.37,115.37,0
