Name,Date,Open,High,Low,Close,Volume
ING025,20100211,104.39,104.39,104.39,104.39,0
ING025,20100212,104.35,104.35,104.35,104.35,0
ING025,20100215,104.45,104.45,104.45,104.45,0
ING025,20100216,104.88,104.88,104.88,104.88,0
ING025,20100217,105.79,105.79,105.79,105.79,0
ING025,20100218,106.44,106.44,106.44,106.44,0
ING025,20100219,106.96,106.96,106.96,106.96,0
ING025,20100222,106.65,106.65,106.65,106.65,0
ING025,20100223,106.18,106.18,106.18,106.18,0
ING025,20100224,106.24,106.24,106.24,106.24,0
ING025,20100225,105.93,105.93,105.93,105.93,0
ING025,20100226,105.61,105.61,105.61,105.61,0
ING025,20100301,107.38,107.38,107.38,107.38,0
ING025,20100302,107.47,107.47,107.47,107.47,0
ING025,20100303,107.17,107.17,107.17,107.17,0
ING025,20100304,107.58,107.58,107.58,107.58,0
ING025,20100305,108.42,108.42,108.42,108.42,0
ING025,20100308,108.39,108.39,108.39,108.39,0
ING025,20100309,108.78,108.78,108.78,108.78,0
ING025,20100310,108.66,108.66,108.66,108.66,0
ING025,20100311,108.98,108.98,108.98,108.98,0
ING025,20100312,108.77,108.77,108.77,108.77,0
ING025,20100315,109.11,109.11,109.11,109.11,0
ING025,20100316,109.30,109.30,109.30,109.30,0
ING025,20100317,109.67,109.67,109.67,109.67,0
ING025,20100318,110.31,110.31,110.31,110.31,0
ING025,20100319,110.48,110.48,110.48,110.48,0
ING025,20100322,110.63,110.63,110.63,110.63,0
ING025,20100323,111.21,111.21,111.21,111.21,0
ING025,20100324,111.73,111.73,111.73,111.73,0
ING025,20100325,111.90,111.90,111.90,111.90,0
ING025,20100326,111.53,111.53,111.53,111.53,0
ING025,20100329,111.79,111.79,111.79,111.79,0
ING025,20100330,112.28,112.28,112.28,112.28,0
ING025,20100331,111.26,111.26,111.26,111.26,0
ING025,20100401,111.26,111.26,111.26,111.26,0
ING025,20100406,113.54,113.54,113.54,113.54,0
ING025,20100407,113.54,113.54,113.54,113.54,0
ING025,20100408,113.16,113.16,113.16,113.16,0
ING025,20100409,113.62,113.62,113.62,113.62,0
ING025,20100412,112.98,112.98,112.98,112.98,0
ING025,20100413,113.00,113.00,113.00,113.00,0
ING025,20100414,113.45,113.45,113.45,113.45,0
ING025,20100415,114.20,114.20,114.20,114.20,0
ING025,20100416,113.48,113.48,113.48,113.48,0
ING025,20100419,113.44,113.44,113.44,113.44,0
ING025,20100420,114.34,114.34,114.34,114.34,0
ING025,20100421,114.57,114.57,114.57,114.57,0
ING025,20100422,114.50,114.50,114.50,114.50,0
ING025,20100423,114.52,114.52,114.52,114.52,0
ING025,20100426,114.99,114.99,114.99,114.99,0
ING025,20100427,113.02,113.02,113.02,113.02,0
ING025,20100428,113.03,113.03,113.03,113.03,0
ING025,20100429,113.65,113.65,113.65,113.65,0
ING025,20100430,112.98,112.98,112.98,112.98,0
ING025,20100504,112.95,112.95,112.95,112.95,0
ING025,20100505,113.26,113.26,113.26,113.26,0
ING025,20100506,111.64,111.64,111.64,111.64,0
ING025,20100507,110.07,110.07,110.07,110.07,0
ING025,20100510,113.02,113.02,113.02,113.02,0
ING025,20100511,113.22,113.22,113.22,113.22,0
ING025,20100512,113.21,113.21,113.21,113.21,0
ING025,20100513,114.07,114.07,114.07,114.07,0
ING025,20100514,113.23,113.23,113.23,113.23,0
ING025,20100517,113.37,113.37,113.37,113.37,0
ING025,20100518,112.99,112.99,112.99,112.99,0
ING025,20100519,111.77,111.77,111.77,111.77,0
ING025,20100520,109.33,109.33,109.33,109.33,0
ING025,20100521,109.32,109.32,109.32,109.32,0
ING025,20100524,108.22,108.22,108.22,108.22,0
ING025,20100525,108.28,108.28,108.28,108.28,0
ING025,20100526,108.84,108.84,108.84,108.84,0
ING025,20100527,111.29,111.29,111.29,111.29,0
ING025,20100528,110.55,110.55,110.55,110.55,0
ING025,20100531,110.91,110.91,110.91,110.91,0
ING025,20100601,110.14,110.14,110.14,110.14,0
ING025,20100602,111.28,111.28,111.28,111.28,0
ING025,20100604,110.85,110.85,110.85,110.85,0
ING025,20100607,110.39,110.39,110.39,110.39,0
ING025,20100608,110.69,110.69,110.69,110.69,0
ING025,20100609,110.40,110.40,110.40,110.40,0
ING025,20100610,112.20,112.20,112.20,112.20,0
ING025,20100611,112.86,112.86,112.86,112.86,0
ING025,20100614,112.55,112.55,112.55,112.55,0
ING025,20100615,113.84,113.84,113.84,113.84,0
ING025,20100616,114.00,114.00,114.00,114.00,0
ING025,20100617,113.88,113.88,113.88,113.88,0
ING025,20100618,113.81,113.81,113.81,113.81,0
ING025,20100621,114.36,114.36,114.36,114.36,0
ING025,20100622,114.36,114.36,114.36,114.36,0
ING025,20100623,113.87,113.87,113.87,113.87,0
ING025,20100624,111.80,111.80,111.80,111.80,0
ING025,20100625,111.54,111.54,111.54,111.54,0
ING025,20100628,111.83,111.83,111.83,111.83,0
ING025,20100629,110.36,110.36,110.36,110.36,0
ING025,20100630,109.51,109.51,109.51,109.51,0
ING025,20100701,107.37,107.37,107.37,107.37,0
ING025,20100702,106.69,106.69,106.69,106.69,0
ING025,20100705,106.91,106.91,106.91,106.91,0
ING025,20100706,107.77,107.77,107.77,107.77,0
ING025,20100707,109.48,109.48,109.48,109.48,0
ING025,20100708,110.38,110.38,110.38,110.38,0
ING025,20100709,111.13,111.13,111.13,111.13,0
ING025,20100712,111.27,111.27,111.27,111.27,0
ING025,20100713,112.01,112.01,112.01,112.01,0
ING025,20100714,111.89,111.89,111.89,111.89,0
ING025,20100715,110.47,110.47,110.47,110.47,0
ING025,20100716,108.37,108.37,108.37,108.37,0
ING025,20100719,108.35,108.35,108.35,108.35,0
ING025,20100720,109.46,109.46,109.46,109.46,0
ING025,20100721,109.66,109.66,109.66,109.66,0
ING025,20100722,110.79,110.79,110.79,110.79,0
ING025,20100723,111.84,111.84,111.84,111.84,0
ING025,20100726,111.97,111.97,111.97,111.97,0
ING025,20100727,112.27,112.27,112.27,112.27,0
ING025,20100728,111.99,111.99,111.99,111.99,0
ING025,20100729,111.41,111.41,111.41,111.41,0
ING025,20100730,111.48,111.48,111.48,111.48,0
ING025,20100802,112.52,112.52,112.52,112.52,0
ING025,20100803,112.43,112.43,112.43,112.43,0
ING025,20100804,112.76,112.76,112.76,112.76,0
ING025,20100805,112.62,112.62,112.62,112.62,0
ING025,20100806,111.65,111.65,111.65,111.65,0
ING025,20100809,112.54,112.54,112.54,112.54,0
ING025,20100810,112.88,112.88,112.88,112.88,0
ING025,20100811,111.77,111.77,111.77,111.77,0
ING025,20100812,111.60,111.60,111.60,111.60,0
ING025,20100813,111.96,111.96,111.96,111.96,0
ING025,20100816,111.44,111.44,111.44,111.44,0
ING025,20100817,112.33,112.33,112.33,112.33,0
ING025,20100818,112.49,112.49,112.49,112.49,0
ING025,20100819,111.34,111.34,111.34,111.34,0
ING025,20100820,111.76,111.76,111.76,111.76,0
ING025,20100823,112.25,112.25,112.25,112.25,0
ING025,20100824,110.98,110.98,110.98,110.98,0
ING025,20100825,110.98,110.98,110.98,110.98,0
ING025,20100826,110.32,110.32,110.32,110.32,0
ING025,20100827,111.53,111.53,111.53,111.53,0
ING025,20100830,111.28,111.28,111.28,111.28,0
ING025,20100831,110.93,110.93,110.93,110.93,0
ING025,20100901,112.65,112.65,112.65,112.65,0
ING025,20100902,113.14,113.14,113.14,113.14,0
ING025,20100903,113.78,113.78,113.78,113.78,0
ING025,20100906,113.76,113.76,113.76,113.76,0
ING025,20100907,114.30,114.30,114.30,114.30,0
ING025,20100908,114.42,114.42,114.42,114.42,0
ING025,20100909,115.14,115.14,115.14,115.14,0
ING025,20100910,115.47,115.47,115.47,115.47,0
ING025,20100913,115.52,115.52,115.52,115.52,0
ING025,20100914,115.05,115.05,115.05,115.05,0
ING025,20100915,114.69,114.69,114.69,114.69,0
ING025,20100916,113.89,113.89,113.89,113.89,0
ING025,20100917,114.06,114.06,114.06,114.06,0
ING025,20100920,114.98,114.98,114.98,114.98,0
ING025,20100921,114.41,114.41,114.41,114.41,0
ING025,20100922,112.35,112.35,112.35,112.35,0
ING025,20100923,112.41,112.41,112.41,112.41,0
ING025,20100924,112.66,112.66,112.66,112.66,0
ING025,20100927,112.75,112.75,112.75,112.75,0
ING025,20100928,112.31,112.31,112.31,112.31,0
ING025,20100929,111.75,111.75,111.75,111.75,0
ING025,20100930,110.64,110.64,110.64,110.64,0
ING025,20101001,110.28,110.28,110.28,110.28,0
ING025,20101004,109.96,109.96,109.96,109.96,0
ING025,20101005,110.69,110.69,110.69,110.69,0
ING025,20101006,111.10,111.10,111.10,111.10,0
ING025,20101007,110.91,110.91,110.91,110.91,0
ING025,20101008,111.16,111.16,111.16,111.16,0
ING025,20101011,111.14,111.14,111.14,111.14,0
ING025,20101012,111.44,111.44,111.44,111.44,0
ING025,20101013,111.60,111.60,111.60,111.60,0
ING025,20101014,110.95,110.95,110.95,110.95,0
ING025,20101015,111.12,111.12,111.12,111.12,0
ING025,20101018,111.67,111.67,111.67,111.67,0
ING025,20101019,111.79,111.79,111.79,111.79,0
ING025,20101020,111.48,111.48,111.48,111.48,0
ING025,20101021,111.55,111.55,111.55,111.55,0
ING025,20101022,111.86,111.86,111.86,111.86,0
ING025,20101025,111.93,111.93,111.93,111.93,0
ING025,20101026,112.21,112.21,112.21,112.21,0
ING025,20101027,111.91,111.91,111.91,111.91,0
ING025,20101028,111.87,111.87,111.87,111.87,0
ING025,20101029,111.94,111.94,111.94,111.94,0
ING025,20101102,111.72,111.72,111.72,111.72,0
ING025,20101103,111.72,111.72,111.72,111.72,0
ING025,20101104,112.26,112.26,112.26,112.26,0
ING025,20101105,113.40,113.40,113.40,113.40,0
ING025,20101108,113.99,113.99,113.99,113.99,0
ING025,20101109,113.99,113.99,113.99,113.99,0
ING025,20101110,114.96,114.96,114.96,114.96,0
ING025,20101112,113.80,113.80,113.80,113.80,0
ING025,20101115,114.70,114.70,114.70,114.70,0
ING025,20101116,112.96,112.96,112.96,112.96,0
ING025,20101117,113.55,113.55,113.55,113.55,0
ING025,20101118,114.55,114.55,114.55,114.55,0
ING025,20101119,114.12,114.12,114.12,114.12,0
ING025,20101122,114.05,114.05,114.05,114.05,0
ING025,20101123,113.48,113.48,113.48,113.48,0
ING025,20101124,114.53,114.53,114.53,114.53,0
ING025,20101125,114.52,114.52,114.52,114.52,0
ING025,20101126,114.76,114.76,114.76,114.76,0
ING025,20101129,114.75,114.75,114.75,114.75,0
ING025,20101130,114.58,114.58,114.58,114.58,0
ING025,20101201,116.04,116.04,116.04,116.04,0
ING025,20101202,116.71,116.71,116.71,116.71,0
ING025,20101203,115.65,115.65,115.65,115.65,0
ING025,20101206,115.97,115.97,115.97,115.97,0
ING025,20101207,116.11,116.11,116.11,116.11,0
ING025,20101208,117.11,117.11,117.11,117.11,0
ING025,20101209,118.14,118.14,118.14,118.14,0
ING025,20101210,118.13,118.13,118.13,118.13,0
ING025,20101213,117.48,117.48,117.48,117.48,0
ING025,20101214,118.03,118.03,118.03,118.03,0
ING025,20101215,117.90,117.90,117.90,117.90,0
ING025,20101216,119.27,119.27,119.27,119.27,0
ING025,20101217,119.27,119.27,119.27,119.27,0
ING025,20101220,119.85,119.85,119.85,119.85,0
ING025,20101221,120.45,120.45,120.45,120.45,0
ING025,20101222,121.02,121.02,121.02,121.02,0
ING025,20101223,121.24,121.24,121.24,121.24,0
ING025,20101227,120.37,120.37,120.37,120.37,0
ING025,20101228,120.93,120.93,120.93,120.93,0
ING025,20101229,121.09,121.09,121.09,121.09,0
ING025,20101230,119.61,119.61,119.61,119.61,0
ING025,20101231,118.68,118.68,118.68,118.68,0
ING025,20110103,119.84,119.84,119.84,119.84,0
ING025,20110104,120.21,120.21,120.21,120.21,0
ING025,20110105,121.10,121.10,121.10,121.10,0
ING025,20110107,121.70,121.70,121.70,121.70,0
ING025,20110110,121.26,121.26,121.26,121.26,0
ING025,20110111,121.89,121.89,121.89,121.89,0
ING025,20110112,122.57,122.57,122.57,122.57,0
ING025,20110113,121.19,121.19,121.19,121.19,0
ING025,20110114,121.43,121.43,121.43,121.43,0
ING025,20110117,121.76,121.76,121.76,121.76,0
ING025,20110118,121.71,121.71,121.71,121.71,0
ING025,20110119,120.47,120.47,120.47,120.47,0
ING025,20110120,120.68,120.68,120.68,120.68,0
ING025,20110121,120.02,120.02,120.02,120.02,0
ING025,20110124,119.87,119.87,119.87,119.87,0
ING025,20110125,119.82,119.82,119.82,119.82,0
ING025,20110126,119.76,119.76,119.76,119.76,0
ING025,20110127,119.50,119.50,119.50,119.50,0
ING025,20110128,118.55,118.55,118.55,118.55,0
ING025,20110131,118.25,118.25,118.25,118.25,0
ING025,20110201,119.08,119.08,119.08,119.08,0
ING025,20110202,119.14,119.14,119.14,119.14,0
ING025,20110203,120.44,120.44,120.44,120.44,0
ING025,20110204,121.20,121.20,121.20,121.20,0
ING025,20110207,121.79,121.79,121.79,121.79,0
ING025,20110208,121.51,121.51,121.51,121.51,0
ING025,20110209,120.81,120.81,120.81,120.81,0
ING025,20110210,121.35,121.35,121.35,121.35,0
ING025,20110211,121.83,121.83,121.83,121.83,0
ING025,20110214,122.59,122.59,122.59,122.59,0
ING025,20110215,122.12,122.12,122.12,122.12,0
ING025,20110216,122.96,122.96,122.96,122.96,0
ING025,20110217,123.24,123.24,123.24,123.24,0
ING025,20110218,123.01,123.01,123.01,123.01,0
ING025,20110221,122.25,122.25,122.25,122.25,0
ING025,20110222,120.54,120.54,120.54,120.54,0
ING025,20110223,119.56,119.56,119.56,119.56,0
ING025,20110224,119.24,119.24,119.24,119.24,0
ING025,20110225,120.52,120.52,120.52,120.52,0
ING025,20110228,120.77,120.77,120.77,120.77,0
ING025,20110301,119.48,119.48,119.48,119.48,0
ING025,20110302,118.92,118.92,118.92,118.92,0
ING025,20110303,119.31,119.31,119.31,119.31,0
ING025,20110304,118.46,118.46,118.46,118.46,0
ING025,20110307,117.60,117.60,117.60,117.60,0
ING025,20110308,118.86,118.86,118.86,118.86,0
ING025,20110309,118.84,118.84,118.84,118.84,0
ING025,20110310,117.94,117.94,117.94,117.94,0
ING025,20110311,117.58,117.58,117.58,117.58,0
ING025,20110314,115.18,115.18,115.18,115.18,0
ING025,20110315,113.57,113.57,113.57,113.57,0
ING025,20110316,111.24,111.24,111.24,111.24,0
ING025,20110317,112.75,112.75,112.75,112.75,0
ING025,20110318,112.93,112.93,112.93,112.93,0
ING025,20110321,114.26,114.26,114.26,114.26,0
ING025,20110322,114.12,114.12,114.12,114.12,0
ING025,20110323,114.72,114.72,114.72,114.72,0
ING025,20110324,115.24,115.24,115.24,115.24,0
ING025,20110325,115.53,115.53,115.53,115.53,0
ING025,20110328,115.82,115.82,115.82,115.82,0
ING025,20110329,116.21,116.21,116.21,116.21,0
ING025,20110330,117.03,117.03,117.03,117.03,0
ING025,20110331,116.07,116.07,116.07,116.07,0
ING025,20110401,116.75,116.75,116.75,116.75,0
ING025,20110404,116.44,116.44,116.44,116.44,0
ING025,20110405,117.04,117.04,117.04,117.04,0
ING025,20110406,116.55,116.55,116.55,116.55,0
ING025,20110407,116.59,116.59,116.59,116.59,0
ING025,20110408,115.98,115.98,115.98,115.98,0
ING025,20110411,115.87,115.87,115.87,115.87,0
ING025,20110412,114.69,114.69,114.69,114.69,0
ING025,20110413,114.98,114.98,114.98,114.98,0
ING025,20110414,115.23,115.23,115.23,115.23,0
ING025,20110415,115.74,115.74,115.74,115.74,0
ING025,20110418,115.79,115.79,115.79,115.79,0
ING025,20110419,115.24,115.24,115.24,115.24,0
ING025,20110420,115.65,115.65,115.65,115.65,0
ING025,20110421,116.00,116.00,116.00,116.00,0
ING025,20110426,116.15,116.15,116.15,116.15,0
ING025,20110427,116.61,116.61,116.61,116.61,0
ING025,20110428,116.67,116.67,116.67,116.67,0
ING025,20110429,116.74,116.74,116.74,116.74,0
ING025,20110502,116.43,116.43,116.43,116.43,0
ING025,20110504,115.88,115.88,115.88,115.88,0
ING025,20110505,116.61,116.61,116.61,116.61,0
ING025,20110506,117.71,117.71,117.71,117.71,0
ING025,20110509,118.87,118.87,118.87,118.87,0
ING025,20110510,119.03,119.03,119.03,119.03,0
ING025,20110511,119.03,119.03,119.03,119.03,0
ING025,20110512,119.70,119.70,119.70,119.70,0
ING025,20110513,118.82,118.82,118.82,118.82,0
ING025,20110516,118.36,118.36,118.36,118.36,0
ING025,20110517,118.57,118.57,118.57,118.57,0
ING025,20110518,118.76,118.76,118.76,118.76,0
ING025,20110519,118.87,118.87,118.87,118.87,0
ING025,20110520,119.18,119.18,119.18,119.18,0
ING025,20110523,118.14,118.14,118.14,118.14,0
ING025,20110524,117.75,117.75,117.75,117.75,0
ING025,20110525,118.67,118.67,118.67,118.67,0
ING025,20110526,118.47,118.47,118.47,118.47,0
ING025,20110527,118.29,118.29,118.29,118.29,0
ING025,20110530,117.93,117.93,117.93,117.93,0
ING025,20110531,118.71,118.71,118.71,118.71,0
ING025,20110601,117.21,117.21,117.21,117.21,0
ING025,20110602,117.20,117.20,117.20,117.20,0
ING025,20110603,114.73,114.73,114.73,114.73,0
ING025,20110606,113.83,113.83,113.83,113.83,0
ING025,20110607,113.65,113.65,113.65,113.65,0
ING025,20110608,113.33,113.33,113.33,113.33,0
ING025,20110609,114.55,114.55,114.55,114.55,0
ING025,20110610,113.77,113.77,113.77,113.77,0
ING025,20110613,113.75,113.75,113.75,113.75,0
ING025,20110614,114.82,114.82,114.82,114.82,0
ING025,20110615,114.26,114.26,114.26,114.26,0
ING025,20110616,114.56,114.56,114.56,114.56,0
ING025,20110617,113.96,113.96,113.96,113.96,0
ING025,20110620,113.98,113.98,113.98,113.98,0
ING025,20110621,114.91,114.91,114.91,114.91,0
ING025,20110622,114.15,114.15,114.15,114.15,0
ING025,20110624,114.27,114.27,114.27,114.27,0
ING025,20110627,113.63,113.63,113.63,113.63,0
ING025,20110628,114.14,114.14,114.14,114.14,0
ING025,20110629,115.15,115.15,115.15,115.15,0
ING025,20110630,115.83,115.83,115.83,115.83,0
ING025,20110701,116.95,116.95,116.95,116.95,0
ING025,20110704,116.86,116.86,116.86,116.86,0
ING025,20110705,116.70,116.70,116.70,116.70,0
ING025,20110706,117.52,117.52,117.52,117.52,0
ING025,20110707,117.74,117.74,117.74,117.74,0
ING025,20110708,117.54,117.54,117.54,117.54,0
ING025,20110711,117.36,117.36,117.36,117.36,0
ING025,20110712,116.80,116.80,116.80,116.80,0
ING025,20110713,116.60,116.60,116.60,116.60,0
ING025,20110714,115.87,115.87,115.87,115.87,0
ING025,20110715,116.09,116.09,116.09,116.09,0
ING025,20110718,115.27,115.27,115.27,115.27,0
ING025,20110719,115.45,115.45,115.45,115.45,0
ING025,20110720,116.19,116.19,116.19,116.19,0
ING025,20110721,116.61,116.61,116.61,116.61,0
ING025,20110722,117.18,117.18,117.18,117.18,0
ING025,20110725,116.57,116.57,116.57,116.57,0
ING025,20110726,115.48,115.48,115.48,115.48,0
ING025,20110727,114.86,114.86,114.86,114.86,0
ING025,20110728,115.00,115.00,115.00,115.00,0
ING025,20110729,113.70,113.70,113.70,113.70,0
ING025,20110801,114.18,114.18,114.18,114.18,0
ING025,20110802,112.02,112.02,112.02,112.02,0
ING025,20110803,110.93,110.93,110.93,110.93,0
ING025,20110804,107.69,107.69,107.69,107.69,0
ING025,20110805,107.07,107.07,107.07,107.07,0
ING025,20110808,102.01,102.01,102.01,102.01,0
ING025,20110809,104.56,104.56,104.56,104.56,0
ING025,20110810,101.29,101.29,101.29,101.29,0
ING025,20110811,105.19,105.19,105.19,105.19,0
ING025,20110812,106.84,106.84,106.84,106.84,0
ING025,20110816,107.31,107.31,107.31,107.31,0
ING025,20110817,107.09,107.09,107.09,107.09,0
ING025,20110818,104.01,104.01,104.01,104.01,0
ING025,20110819,102.68,102.68,102.68,102.68,0
ING025,20110822,103.39,103.39,103.39,103.39,0
ING025,20110823,105.32,105.32,105.32,105.32,0
ING025,20110824,106.13,106.13,106.13,106.13,0
ING025,20110825,105.16,105.16,105.16,105.16,0
ING025,20110826,105.28,105.28,105.28,105.28,0
ING025,20110829,106.33,106.33,106.33,106.33,0
ING025,20110830,107.20,107.20,107.20,107.20,0
ING025,20110831,109.08,109.08,109.08,109.08,0
ING025,20110901,109.46,109.46,109.46,109.46,0
ING025,20110902,107.15,107.15,107.15,107.15,0
ING025,20110905,106.19,106.19,106.19,106.19,0
ING025,20110906,105.66,105.66,105.66,105.66,0
ING025,20110907,108.44,108.44,108.44,108.44,0
ING025,20110908,108.14,108.14,108.14,108.14,0
ING025,20110909,107.25,107.25,107.25,107.25,0
ING025,20110912,107.03,107.03,107.03,107.03,0
ING025,20110913,107.52,107.52,107.52,107.52,0
ING025,20110914,108.51,108.51,108.51,108.51,0
ING025,20110915,109.65,109.65,109.65,109.65,0
ING025,20110916,110.52,110.52,110.52,110.52,0
ING025,20110919,109.39,109.39,109.39,109.39,0
ING025,20110920,109.63,109.63,109.63,109.63,0
ING025,20110921,107.43,107.43,107.43,107.43,0
ING025,20110922,105.18,105.18,105.18,105.18,0
ING025,20110923,105.88,105.88,105.88,105.88,0
ING025,20110926,107.66,107.66,107.66,107.66,0
ING025,20110927,109.69,109.69,109.69,109.69,0
ING025,20110928,108.58,108.58,108.58,108.58,0
ING025,20110929,109.49,109.49,109.49,109.49,0
ING025,20110930,108.75,108.75,108.75,108.75,0
ING025,20111003,107.52,107.52,107.52,107.52,0
ING025,20111004,107.66,107.66,107.66,107.66,0
ING025,20111005,109.11,109.11,109.11,109.11,0
ING025,20111006,111.01,111.01,111.01,111.01,0
ING025,20111007,110.33,110.33,110.33,110.33,0
ING025,20111010,111.83,111.83,111.83,111.83,0
ING025,20111011,111.47,111.47,111.47,111.47,0
ING025,20111012,112.18,112.18,112.18,112.18,0
ING025,20111013,111.61,111.61,111.61,111.61,0
ING025,20111014,111.73,111.73,111.73,111.73,0
ING025,20111017,110.97,110.97,110.97,110.97,0
ING025,20111018,112.27,112.27,112.27,112.27,0
ING025,20111019,111.75,111.75,111.75,111.75,0
ING025,20111020,111.91,111.91,111.91,111.91,0
ING025,20111021,112.33,112.33,112.33,112.33,0
ING025,20111024,113.62,113.62,113.62,113.62,0
ING025,20111025,112.16,112.16,112.16,112.16,0
ING025,20111026,113.36,113.36,113.36,113.36,0
ING025,20111027,115.42,115.42,115.42,115.42,0
ING025,20111028,114.88,114.88,114.88,114.88,0
ING025,20111031,113.10,113.10,113.10,113.10,0
ING025,20111102,111.54,111.54,111.54,111.54,0
ING025,20111103,113.69,113.69,113.69,113.69,0
ING025,20111104,112.64,112.64,112.64,112.64,0
ING025,20111107,113.28,113.28,113.28,113.28,0
ING025,20111108,113.85,113.85,113.85,113.85,0
ING025,20111109,112.11,112.11,112.11,112.11,0
ING025,20111110,112.28,112.28,112.28,112.28,0
ING025,20111114,113.37,113.37,113.37,113.37,0
ING025,20111115,113.85,113.85,113.85,113.85,0
ING025,20111116,112.84,112.84,112.84,112.84,0
ING025,20111117,111.59,111.59,111.59,111.59,0
ING025,20111118,111.42,111.42,111.42,111.42,0
ING025,20111121,109.12,109.12,109.12,109.12,0
ING025,20111122,108.43,108.43,108.43,108.43,0
ING025,20111123,107.24,107.24,107.24,107.24,0
ING025,20111124,107.38,107.38,107.38,107.38,0
ING025,20111125,107.63,107.63,107.63,107.63,0
ING025,20111128,110.43,110.43,110.43,110.43,0
ING025,20111129,111.09,111.09,111.09,111.09,0
ING025,20111130,114.59,114.59,114.59,114.59,0
ING025,20111201,114.16,114.16,114.16,114.16,0
ING025,20111202,114.66,114.66,114.66,114.66,0
ING025,20111205,115.67,115.67,115.67,115.67,0
ING025,20111206,115.85,115.85,115.85,115.85,0
ING025,20111207,116.01,116.01,116.01,116.01,0
ING025,20111208,114.38,114.38,114.38,114.38,0
ING025,20111209,115.68,115.68,115.68,115.68,0
ING025,20111212,114.77,114.77,114.77,114.77,0
ING025,20111213,115.18,115.18,115.18,115.18,0
ING025,20111214,114.62,114.62,114.62,114.62,0
ING025,20111215,115.16,115.16,115.16,115.16,0
ING025,20111216,115.00,115.00,115.00,115.00,0
ING025,20111219,114.34,114.34,114.34,114.34,0
ING025,20111220,116.32,116.32,116.32,116.32,0
ING025,20111221,116.81,116.81,116.81,116.81,0
ING025,20111222,117.76,117.76,117.76,117.76,0
ING025,20111223,118.67,118.67,118.67,118.67,0
ING025,20111227,118.40,118.40,118.40,118.40,0
ING025,20111228,117.88,117.88,117.88,117.88,0
ING025,20111229,119.28,119.28,119.28,119.28,0
ING025,20111230,119.16,119.16,119.16,119.16,0
ING025,20120102,119.15,119.15,119.15,119.15,0
ING025,20120103,120.92,120.92,120.92,120.92,0
ING025,20120104,121.57,121.57,121.57,121.57,0
ING025,20120105,121.73,121.73,121.73,121.73,0
ING025,20120109,121.74,121.74,121.74,121.74,0
ING025,20120110,122.89,122.89,122.89,122.89,0
ING025,20120111,123.29,123.29,123.29,123.29,0
ING025,20120112,122.70,122.70,122.70,122.70,0
ING025,20120113,123.18,123.18,123.18,123.18,0
ING025,20120116,123.37,123.37,123.37,123.37,0
ING025,20120117,123.53,123.53,123.53,123.53,0
ING025,20120118,123.79,123.79,123.79,123.79,0
ING025,20120119,124.25,124.25,124.25,124.25,0
ING025,20120120,124.29,124.29,124.29,124.29,0
ING025,20120123,123.72,123.72,123.72,123.72,0
ING025,20120124,123.78,123.78,123.78,123.78,0
ING025,20120125,123.95,123.95,123.95,123.95,0
ING025,20120126,123.15,123.15,123.15,123.15,0
ING025,20120127,122.84,122.84,122.84,122.84,0
ING025,20120130,121.95,121.95,121.95,121.95,0
ING025,20120131,122.46,122.46,122.46,122.46,0
ING025,20120201,123.47,123.47,123.47,123.47,0
ING025,20120202,123.77,123.77,123.77,123.77,0
ING025,20120203,125.66,125.66,125.66,125.66,0
ING025,20120206,125.53,125.53,125.53,125.53,0
ING025,20120207,124.68,124.68,124.68,124.68,0
ING025,20120208,124.83,124.83,124.83,124.83,0
ING025,20120209,124.63,124.63,124.63,124.63,0
ING025,20120210,123.96,123.96,123.96,123.96,0
ING025,20120213,124.28,124.28,124.28,124.28,0
ING025,20120214,124.59,124.59,124.59,124.59,0
ING025,20120215,125.24,125.24,125.24,125.24,0
ING025,20120216,126.52,126.52,126.52,126.52,0
ING025,20120217,126.51,126.51,126.51,126.51,0
ING025,20120220,126.37,126.37,126.37,126.37,0
ING025,20120221,125.91,125.91,125.91,125.91,0
ING025,20120222,125.31,125.31,125.31,125.31,0
ING025,20120223,125.07,125.07,125.07,125.07,0
ING025,20120224,124.63,124.63,124.63,124.63,0
ING025,20120227,124.75,124.75,124.75,124.75,0
ING025,20120228,125.03,125.03,125.03,125.03,0
ING025,20120229,124.99,124.99,124.99,124.99,0
ING025,20120301,126.18,126.18,126.18,126.18,0
ING025,20120302,126.74,126.74,126.74,126.74,0
ING025,20120305,125.96,125.96,125.96,125.96,0
ING025,20120306,124.22,124.22,124.22,124.22,0
ING025,20120307,125.00,125.00,125.00,125.00,0
ING025,20120308,125.46,125.46,125.46,125.46,0
ING025,20120309,126.97,126.97,126.97,126.97,0
ING025,20120312,126.66,126.66,126.66,126.66,0
ING025,20120313,129.07,129.07,129.07,129.07,0
ING025,20120314,129.48,129.48,129.48,129.48,0
ING025,20120315,129.89,129.89,129.89,129.89,0
ING025,20120316,129.37,129.37,129.37,129.37,0
ING025,20120319,128.99,128.99,128.99,128.99,0
ING025,20120320,128.17,128.17,128.17,128.17,0
ING025,20120321,128.27,128.27,128.27,128.27,0
ING025,20120322,127.38,127.38,127.38,127.38,0
ING025,20120323,127.30,127.30,127.30,127.30,0
ING025,20120326,128.13,128.13,128.13,128.13,0
ING025,20120327,128.12,128.12,128.12,128.12,0
ING025,20120328,127.86,127.86,127.86,127.86,0
ING025,20120329,127.49,127.49,127.49,127.49,0
ING025,20120330,127.87,127.87,127.87,127.87,0
ING025,20120402,128.80,128.80,128.80,128.80,0
ING025,20120403,127.62,127.62,127.62,127.62,0
ING025,20120404,127.17,127.17,127.17,127.17,0
ING025,20120405,127.51,127.51,127.51,127.51,0
ING025,20120410,124.42,124.42,124.42,124.42,0
ING025,20120411,125.11,125.11,125.11,125.11,0
ING025,20120412,126.32,126.32,126.32,126.32,0
ING025,20120413,125.45,125.45,125.45,125.45,0
ING025,20120416,125.89,125.89,125.89,125.89,0
ING025,20120417,127.28,127.28,127.28,127.28,0
ING025,20120418,126.89,126.89,126.89,126.89,0
ING025,20120419,126.21,126.21,126.21,126.21,0
ING025,20120420,126.22,126.22,126.22,126.22,0
ING025,20120423,124.98,124.98,124.98,124.98,0
ING025,20120424,125.43,125.43,125.43,125.43,0
ING025,20120425,126.51,126.51,126.51,126.51,0
ING025,20120426,126.88,126.88,126.88,126.88,0
ING025,20120427,127.24,127.24,127.24,127.24,0
ING025,20120430,127.01,127.01,127.01,127.01,0
ING025,20120502,127.62,127.62,127.62,127.62,0
ING025,20120504,125.88,125.88,125.88,125.88,0
ING025,20120507,126.63,126.63,126.63,126.63,0
ING025,20120508,125.95,125.95,125.95,125.95,0
ING025,20120509,125.85,125.85,125.85,125.85,0
ING025,20120510,126.15,126.15,126.15,126.15,0
ING025,20120511,126.03,126.03,126.03,126.03,0
ING025,20120514,125.11,125.11,125.11,125.11,0
ING025,20120515,124.79,124.79,124.79,124.79,0
ING025,20120516,124.33,124.33,124.33,124.33,0
ING025,20120517,123.19,123.19,123.19,123.19,0
ING025,20120518,122.22,122.22,122.22,122.22,0
ING025,20120521,122.83,122.83,122.83,122.83,0
ING025,20120522,123.88,123.88,123.88,123.88,0
ING025,20120523,123.89,123.89,123.89,123.89,0
ING025,20120524,124.60,124.60,124.60,124.60,0
ING025,20120525,125.05,125.05,125.05,125.05,0
ING025,20120528,124.97,124.97,124.97,124.97,0
ING025,20120529,125.89,125.89,125.89,125.89,0
ING025,20120530,125.23,125.23,125.23,125.23,0
ING025,20120531,125.26,125.26,125.26,125.26,0
ING025,20120601,123.01,123.01,123.01,123.01,0
ING025,20120604,121.85,121.85,121.85,121.85,0
ING025,20120605,122.70,122.70,122.70,122.70,0
ING025,20120606,124.88,124.88,124.88,124.88,0
ING025,20120608,125.46,125.46,125.46,125.46,0
ING025,20120611,124.49,124.49,124.49,124.49,0
ING025,20120612,125.71,125.71,125.71,125.71,0
ING025,20120613,124.46,124.46,124.46,124.46,0
ING025,20120614,124.86,124.86,124.86,124.86,0
ING025,20120615,126.13,126.13,126.13,126.13,0
ING025,20120618,126.86,126.86,126.86,126.86,0
ING025,20120619,127.72,127.72,127.72,127.72,0
ING025,20120620,128.13,128.13,128.13,128.13,0
ING025,20120621,127.19,127.19,127.19,127.19,0
ING025,20120622,127.68,127.68,127.68,127.68,0
ING025,20120625,126.25,126.25,126.25,126.25,0
ING025,20120626,126.41,126.41,126.41,126.41,0
ING025,20120627,128.21,128.21,128.21,128.21,0
ING025,20120628,128.27,128.27,128.27,128.27,0
ING025,20120629,129.30,129.30,129.30,129.30,0
ING025,20120702,130.98,130.98,130.98,130.98,0
ING025,20120703,131.87,131.87,131.87,131.87,0
ING025,20120704,132.44,132.44,132.44,132.44,0
ING025,20120705,133.04,133.04,133.04,133.04,0
ING025,20120706,132.50,132.50,132.50,132.50,0
ING025,20120709,131.96,131.96,131.96,131.96,0
ING025,20120710,132.19,132.19,132.19,132.19,0
ING025,20120711,132.41,132.41,132.41,132.41,0
ING025,20120712,131.77,131.77,131.77,131.77,0
ING025,20120713,133.07,133.07,133.07,133.07,0
ING025,20120716,133.00,133.00,133.00,133.00,0
ING025,20120717,133.50,133.50,133.50,133.50,0
ING025,20120718,134.02,134.02,134.02,134.02,0
ING025,20120719,135.23,135.23,135.23,135.23,0
ING025,20120720,134.36,134.36,134.36,134.36,0
ING025,20120723,132.46,132.46,132.46,132.46,0
ING025,20120724,131.89,131.89,131.89,131.89,0
ING025,20120725,131.79,131.79,131.79,131.79,0
ING025,20120726,132.93,132.93,132.93,132.93,0
ING025,20120727,134.26,134.26,134.26,134.26,0
ING025,20120730,136.32,136.32,136.32,136.32,0
ING025,20120731,135.31,135.31,135.31,135.31,0
ING025,20120801,135.57,135.57,135.57,135.57,0
ING025,20120802,135.09,135.09,135.09,135.09,0
ING025,20120803,136.32,136.32,136.32,136.32,0
ING025,20120806,136.26,136.26,136.26,136.26,0
ING025,20120807,137.40,137.40,137.40,137.40,0
ING025,20120808,138.06,138.06,138.06,138.06,0
ING025,20120809,138.78,138.78,138.78,138.78,0
ING025,20120810,138.79,138.79,138.79,138.79,0
ING025,20120813,138.01,138.01,138.01,138.01,0
ING025,20120814,138.60,138.60,138.60,138.60,0
ING025,20120816,138.71,138.71,138.71,138.71,0
ING025,20120817,139.71,139.71,139.71,139.71,0
ING025,20120820,139.24,139.24,139.24,139.24,0
ING025,20120821,138.33,138.33,138.33,138.33,0
ING025,20120822,137.61,137.61,137.61,137.61,0
ING025,20120823,136.00,136.00,136.00,136.00,0
ING025,20120824,136.44,136.44,136.44,136.44,0
ING025,20120827,136.69,136.69,136.69,136.69,0
ING025,20120828,135.87,135.87,135.87,135.87,0
ING025,20120829,136.21,136.21,136.21,136.21,0
ING025,20120830,135.41,135.41,135.41,135.41,0
ING025,20120831,134.93,134.93,134.93,134.93,0
ING025,20120903,135.50,135.50,135.50,135.50,0
ING025,20120904,134.80,134.80,134.80,134.80,0
ING025,20120905,134.32,134.32,134.32,134.32,0
ING025,20120906,136.58,136.58,136.58,136.58,0
ING025,20120907,136.33,136.33,136.33,136.33,0
ING025,20120910,136.23,136.23,136.23,136.23,0
ING025,20120911,136.46,136.46,136.46,136.46,0
ING025,20120912,136.74,136.74,136.74,136.74,0
ING025,20120913,137.66,137.66,137.66,137.66,0
ING025,20120914,137.25,137.25,137.25,137.25,0
ING025,20120917,136.61,136.61,136.61,136.61,0
ING025,20120918,136.72,136.72,136.72,136.72,0
ING025,20120919,137.03,137.03,137.03,137.03,0
ING025,20120920,137.50,137.50,137.50,137.50,0
ING025,20120921,137.51,137.51,137.51,137.51,0
ING025,20120924,137.71,137.71,137.71,137.71,0
ING025,20120925,136.94,136.94,136.94,136.94,0
ING025,20120926,136.28,136.28,136.28,136.28,0
ING025,20120927,136.74,136.74,136.74,136.74,0
ING025,20120928,135.52,135.52,135.52,135.52,0
ING025,20121001,135.94,135.94,135.94,135.94,0
ING025,20121002,135.65,135.65,135.65,135.65,0
ING025,20121003,135.46,135.46,135.46,135.46,0
ING025,20121004,135.35,135.35,135.35,135.35,0
ING025,20121005,135.56,135.56,135.56,135.56,0
ING025,20121008,135.22,135.22,135.22,135.22,0
ING025,20121009,135.04,135.04,135.04,135.04,0
ING025,20121010,134.11,134.11,134.11,134.11,0
ING025,20121011,134.43,134.43,134.43,134.43,0
ING025,20121012,133.95,133.95,133.95,133.95,0
ING025,20121015,134.83,134.83,134.83,134.83,0
ING025,20121016,135.79,135.79,135.79,135.79,0
ING025,20121017,135.91,135.91,135.91,135.91,0
ING025,20121018,136.67,136.67,136.67,136.67,0
ING025,20121019,135.60,135.60,135.60,135.60,0
ING025,20121022,135.11,135.11,135.11,135.11,0
ING025,20121023,133.83,133.83,133.83,133.83,0
ING025,20121024,133.90,133.90,133.90,133.90,0
ING025,20121025,134.38,134.38,134.38,134.38,0
ING025,20121026,134.60,134.60,134.60,134.60,0
ING025,20121029,134.28,134.28,134.28,134.28,0
ING025,20121030,134.41,134.41,134.41,134.41,0
ING025,20121031,134.53,134.53,134.53,134.53,0
ING025,20121102,136.25,136.25,136.25,136.25,0
ING025,20121105,136.29,136.29,136.29,136.29,0
ING025,20121106,137.09,137.09,137.09,137.09,0
ING025,20121107,135.33,135.33,135.33,135.33,0
ING025,20121108,134.59,134.59,134.59,134.59,0
ING025,20121109,134.85,134.85,134.85,134.85,0
ING025,20121112,134.49,134.49,134.49,134.49,0
ING025,20121113,134.15,134.15,134.15,134.15,0
ING025,20121114,132.57,132.57,132.57,132.57,0
ING025,20121115,131.58,131.58,131.58,131.58,0
ING025,20121116,132.11,132.11,132.11,132.11,0
ING025,20121119,133.69,133.69,133.69,133.69,0
ING025,20121120,133.31,133.31,133.31,133.31,0
ING025,20121121,133.79,133.79,133.79,133.79,0
ING025,20121122,133.73,133.73,133.73,133.73,0
ING025,20121123,134.53,134.53,134.53,134.53,0
ING025,20121126,134.18,134.18,134.18,134.18,0
ING025,20121127,134.31,134.31,134.31,134.31,0
ING025,20121128,135.04,135.04,135.04,135.04,0
ING025,20121129,135.46,135.46,135.46,135.46,0
ING025,20121130,135.45,135.45,135.45,135.45,0
ING025,20121203,134.80,134.80,134.80,134.80,0
ING025,20121204,134.85,134.85,134.85,134.85,0
ING025,20121205,135.39,135.39,135.39,135.39,0
ING025,20121206,136.25,136.25,136.25,136.25,0
ING025,20121207,136.98,136.98,136.98,136.98,0
ING025,20121210,137.15,137.15,137.15,137.15,0
ING025,20121211,137.28,137.28,137.28,137.28,0
ING025,20121212,137.13,137.13,137.13,137.13,0
ING025,20121213,136.39,136.39,136.39,136.39,0
ING025,20121214,136.18,136.18,136.18,136.18,0
ING025,20121217,136.20,136.20,136.20,136.20,0
ING025,20121218,137.02,137.02,137.02,137.02,0
ING025,20121219,136.97,136.97,136.97,136.97,0
ING025,20121220,137.52,137.52,137.52,137.52,0
ING025,20121221,137.12,137.12,137.12,137.12,0
ING025,20121227,136.03,136.03,136.03,136.03,0
ING025,20121228,135.11,135.11,135.11,135.11,0
ING025,20130102,139.17,139.17,139.17,139.17,0
ING025,20130103,140.48,140.48,140.48,140.48,0
ING025,20130104,141.35,141.35,141.35,141.35,0
ING025,20130107,140.62,140.62,140.62,140.62,0
ING025,20130108,140.37,140.37,140.37,140.37,0
ING025,20130109,141.27,141.27,141.27,141.27,0
ING025,20130110,140.77,140.77,140.77,140.77,0
ING025,20130111,139.79,139.79,139.79,139.79,0
ING025,20130114,139.40,139.40,139.40,139.40,0
ING025,20130115,139.48,139.48,139.48,139.48,0
ING025,20130116,139.69,139.69,139.69,139.69,0
ING025,20130117,140.38,140.38,140.38,140.38,0
ING025,20130118,141.03,141.03,141.03,141.03,0
ING025,20130121,141.00,141.00,141.00,141.00,0
ING025,20130122,141.64,141.64,141.64,141.64,0
ING025,20130123,141.29,141.29,141.29,141.29,0
ING025,20130124,140.85,140.85,140.85,140.85,0
ING025,20130125,140.68,140.68,140.68,140.68,0
ING025,20130128,140.90,140.90,140.90,140.90,0
ING025,20130129,141.59,141.59,141.59,141.59,0
ING025,20130130,140.26,140.26,140.26,140.26,0
ING025,20130131,140.20,140.20,140.20,140.20,0
ING025,20130201,139.97,139.97,139.97,139.97,0
ING025,20130204,139.39,139.39,139.39,139.39,0
ING025,20130205,140.32,140.32,140.32,140.32,0
ING025,20130206,140.59,140.59,140.59,140.59,0
ING025,20130207,141.16,141.16,141.16,141.16,0
ING025,20130208,141.87,141.87,141.87,141.87,0
ING025,20130211,141.78,141.78,141.78,141.78,0
ING025,20130212,141.76,141.76,141.76,141.76,0
ING025,20130213,142.02,142.02,142.02,142.02,0
ING025,20130214,142.51,142.51,142.51,142.51,0
ING025,20130215,142.03,142.03,142.03,142.03,0
ING025,20130218,142.29,142.29,142.29,142.29,0
ING025,20130219,143.77,143.77,143.77,143.77,0
ING025,20130220,142.48,142.48,142.48,142.48,0
ING025,20130221,141.87,141.87,141.87,141.87,0
ING025,20130222,143.62,143.62,143.62,143.62,0
ING025,20130225,141.39,141.39,141.39,141.39,0
ING025,20130226,142.43,142.43,142.43,142.43,0
ING025,20130227,143.55,143.55,143.55,143.55,0
ING025,20130228,144.15,144.15,144.15,144.15,0
ING025,20130301,144.32,144.32,144.32,144.32,0
ING025,20130304,143.98,143.98,143.98,143.98,0
ING025,20130305,145.60,145.60,145.60,145.60,0
ING025,20130306,145.95,145.95,145.95,145.95,0
ING025,20130307,145.32,145.32,145.32,145.32,0
ING025,20130308,146.91,146.91,146.91,146.91,0
ING025,20130311,147.16,147.16,147.16,147.16,0
ING025,20130312,147.26,147.26,147.26,147.26,0
ING025,20130313,147.87,147.87,147.87,147.87,0
ING025,20130314,148.76,148.76,148.76,148.76,0
ING025,20130315,148.35,148.35,148.35,148.35,0
ING025,20130318,148.16,148.16,148.16,148.16,0
ING025,20130319,148.30,148.30,148.30,148.30,0
ING025,20130320,148.66,148.66,148.66,148.66,0
ING025,20130321,148.10,148.10,148.10,148.10,0
ING025,20130322,147.92,147.92,147.92,147.92,0
ING025,20130325,148.28,148.28,148.28,148.28,0
ING025,20130326,149.28,149.28,149.28,149.28,0
ING025,20130327,149.57,149.57,149.57,149.57,0
ING025,20130328,149.32,149.32,149.32,149.32,0
ING025,20130402,149.36,149.36,149.36,149.36,0
ING025,20130403,148.24,148.24,148.24,148.24,0
ING025,20130404,148.55,148.55,148.55,148.55,0
ING025,20130405,146.53,146.53,146.53,146.53,0
ING025,20130408,146.90,146.90,146.90,146.90,0
ING025,20130409,147.28,147.28,147.28,147.28,0
ING025,20130410,149.31,149.31,149.31,149.31,0
ING025,20130411,149.58,149.58,149.58,149.58,0
ING025,20130412,148.85,148.85,148.85,148.85,0
ING025,20130415,146.26,146.26,146.26,146.26,0
ING025,20130417,145.44,145.44,145.44,145.44,0
ING025,20130418,144.85,144.85,144.85,144.85,0
ING025,20130419,145.86,145.86,145.86,145.86,0
ING025,20130422,146.71,146.71,146.71,146.71,0
ING025,20130423,148.90,148.90,148.90,148.90,0
ING025,20130424,149.99,149.99,149.99,149.99,0
ING025,20130425,150.89,150.89,150.89,150.89,0
ING025,20130426,150.68,150.68,150.68,150.68,0
ING025,20130429,151.05,151.05,151.05,151.05,0
ING025,20130430,150.62,150.62,150.62,150.62,0
ING025,20130502,151.56,151.56,151.56,151.56,0
ING025,20130506,153.24,153.24,153.24,153.24,0
ING025,20130507,153.45,153.45,153.45,153.45,0
ING025,20130508,153.53,153.53,153.53,153.53,0
ING025,20130509,154.04,154.04,154.04,154.04,0
ING025,20130510,155.40,155.40,155.40,155.40,0
ING025,20130513,155.47,155.47,155.47,155.47,0
ING025,20130514,156.55,156.55,156.55,156.55,0
ING025,20130515,158.28,158.28,158.28,158.28,0
ING025,20130516,157.47,157.47,157.47,157.47,0
ING025,20130517,159.07,159.07,159.07,159.07,0
ING025,20130520,159.26,159.26,159.26,159.26,0
ING025,20130521,159.51,159.51,159.51,159.51,0
ING025,20130522,159.08,159.08,159.08,159.08,0
ING025,20130523,157.30,157.30,157.30,157.30,0
ING025,20130524,156.10,156.10,156.10,156.10,0
ING025,20130527,156.20,156.20,156.20,156.20,0
ING025,20130528,158.09,158.09,158.09,158.09,0
ING025,20130529,155.87,155.87,155.87,155.87,0
ING025,20130531,154.33,154.33,154.33,154.33,0
ING025,20130603,154.03,154.03,154.03,154.03,0
ING025,20130604,153.91,153.91,153.91,153.91,0
ING025,20130605,151.47,151.47,151.47,151.47,0
ING025,20130606,150.16,150.16,150.16,150.16,0
ING025,20130607,151.88,151.88,151.88,151.88,0
ING025,20130610,152.03,152.03,152.03,152.03,0
ING025,20130611,150.01,150.01,150.01,150.01,0
ING025,20130612,149.01,149.01,149.01,149.01,0
ING025,20130613,150.41,150.41,150.41,150.41,0
ING025,20130614,149.62,149.62,149.62,149.62,0
ING025,20130617,150.68,150.68,150.68,150.68,0
ING025,20130618,150.70,150.70,150.70,150.70,0
ING025,20130619,149.73,149.73,149.73,149.73,0
ING025,20130620,146.95,146.95,146.95,146.95,0
ING025,20130621,147.42,147.42,147.42,147.42,0
ING025,20130624,145.50,145.50,145.50,145.50,0
ING025,20130625,147.01,147.01,147.01,147.01,0
ING025,20130626,149.01,149.01,149.01,149.01,0
ING025,20130627,150.08,150.08,150.08,150.08,0
ING025,20130628,149.85,149.85,149.85,149.85,0
ING025,20130701,150.37,150.37,150.37,150.37,0
ING025,20130702,150.08,150.08,150.08,150.08,0
ING025,20130703,150.00,150.00,150.00,150.00,0
ING025,20130704,151.52,151.52,151.52,151.52,0
ING025,20130705,152.23,152.23,152.23,152.23,0
ING025,20130708,152.94,152.94,152.94,152.94,0
ING025,20130709,154.97,154.97,154.97,154.97,0
ING025,20130710,154.50,154.50,154.50,154.50,0
ING025,20130711,154.86,154.86,154.86,154.86,0
ING025,20130712,154.79,154.79,154.79,154.79,0
ING025,20130715,155.31,155.31,155.31,155.31,0
ING025,20130716,154.20,154.20,154.20,154.20,0
ING025,20130717,154.81,154.81,154.81,154.81,0
ING025,20130718,155.61,155.61,155.61,155.61,0
ING025,20130719,155.44,155.44,155.44,155.44,0
ING025,20130722,155.65,155.65,155.65,155.65,0
ING025,20130723,155.84,155.84,155.84,155.84,0
ING025,20130724,155.70,155.70,155.70,155.70,0
ING025,20130725,155.27,155.27,155.27,155.27,0
ING025,20130726,154.80,154.80,154.80,154.80,0
ING025,20130729,154.29,154.29,154.29,154.29,0
ING025,20130730,153.71,153.71,153.71,153.71,0
ING025,20130731,152.96,152.96,152.96,152.96,0
ING025,20130801,155.20,155.20,155.20,155.20,0
ING025,20130802,155.08,155.08,155.08,155.08,0
ING025,20130805,155.18,155.18,155.18,155.18,0
ING025,20130806,153.79,153.79,153.79,153.79,0
ING025,20130807,153.63,153.63,153.63,153.63,0
ING025,20130808,154.13,154.13,154.13,154.13,0
ING025,20130809,154.77,154.77,154.77,154.77,0
ING025,20130812,155.21,155.21,155.21,155.21,0
ING025,20130813,156.08,156.08,156.08,156.08,0
ING025,20130814,155.78,155.78,155.78,155.78,0
ING025,20130816,153.58,153.58,153.58,153.58,0
ING025,20130819,152.46,152.46,152.46,152.46,0
ING025,20130820,151.40,151.40,151.40,151.40,0
ING025,20130821,150.68,150.68,150.68,150.68,0
ING025,20130822,152.02,152.02,152.02,152.02,0
ING025,20130823,152.51,152.51,152.51,152.51,0
ING025,20130826,152.39,152.39,152.39,152.39,0
ING025,20130827,149.84,149.84,149.84,149.84,0
ING025,20130828,150.38,150.38,150.38,150.38,0
ING025,20130829,151.58,151.58,151.58,151.58,0
ING025,20130830,151.23,151.23,151.23,151.23,0
ING025,20130902,152.13,152.13,152.13,152.13,0
ING025,20130903,152.60,152.60,152.60,152.60,0
ING025,20130904,153.24,153.24,153.24,153.24,0
ING025,20130905,154.57,154.57,154.57,154.57,0
ING025,20130906,154.80,154.80,154.80,154.80,0
ING025,20130909,154.88,154.88,154.88,154.88,0
ING025,20130910,156.12,156.12,156.12,156.12,0
ING025,20130911,156.26,156.26,156.26,156.26,0
ING025,20130912,155.92,155.92,155.92,155.92,0
ING025,20130913,156.61,156.61,156.61,156.61,0
ING025,20130916,156.71,156.71,156.71,156.71,0
ING025,20130917,156.90,156.90,156.90,156.90,0
ING025,20130918,158.33,158.33,158.33,158.33,0
ING025,20130919,156.72,156.72,156.72,156.72,0
ING025,20130920,156.23,156.23,156.23,156.23,0
ING025,20130923,156.07,156.07,156.07,156.07,0
ING025,20130924,156.05,156.05,156.05,156.05,0
ING025,20130925,155.62,155.62,155.62,155.62,0
ING025,20130926,155.85,155.85,155.85,155.85,0
ING025,20130927,154.84,154.84,154.84,154.84,0
ING025,20130930,153.93,153.93,153.93,153.93,0
ING025,20131001,155.06,155.06,155.06,155.06,0
ING025,20131002,154.13,154.13,154.13,154.13,0
ING025,20131003,153.14,153.14,153.14,153.14,0
ING025,20131004,153.99,153.99,153.99,153.99,0
ING025,20131007,153.28,153.28,153.28,153.28,0
ING025,20131008,152.03,152.03,152.03,152.03,0
ING025,20131009,152.63,152.63,152.63,152.63,0
ING025,20131010,155.25,155.25,155.25,155.25,0
ING025,20131011,155.60,155.60,155.60,155.60,0
ING025,20131014,155.85,155.85,155.85,155.85,0
ING025,20131015,156.68,156.68,156.68,156.68,0
ING025,20131016,157.77,157.77,157.77,157.77,0
ING025,20131017,157.12,157.12,157.12,157.12,0
ING025,20131018,157.57,157.57,157.57,157.57,0
ING025,20131021,158.07,158.07,158.07,158.07,0
ING025,20131022,157.94,157.94,157.94,157.94,0
ING025,20131023,156.62,156.62,156.62,156.62,0
ING025,20131024,156.63,156.63,156.63,156.63,0
ING025,20131025,156.71,156.71,156.71,156.71,0
ING025,20131028,157.10,157.10,157.10,157.10,0
ING025,20131029,157.84,157.84,157.84,157.84,0
ING025,20131030,157.74,157.74,157.74,157.74,0
ING025,20131031,158.92,158.92,158.92,158.92,0
ING025,20131104,160.18,160.18,160.18,160.18,0
ING025,20131105,160.07,160.07,160.07,160.07,0
ING025,20131106,160.65,160.65,160.65,160.65,0
ING025,20131107,160.66,160.66,160.66,160.66,0
ING025,20131108,161.93,161.93,161.93,161.93,0
ING025,20131112,160.75,160.75,160.75,160.75,0
ING025,20131113,161.69,161.69,161.69,161.69,0
ING025,20131114,161.80,161.80,161.80,161.80,0
ING025,20131115,162.24,162.24,162.24,162.24,0
ING025,20131118,161.74,161.74,161.74,161.74,0
ING025,20131119,160.99,160.99,160.99,160.99,0
ING025,20131120,161.43,161.43,161.43,161.43,0
ING025,20131121,161.55,161.55,161.55,161.55,0
ING025,20131122,161.28,161.28,161.28,161.28,0
ING025,20131125,161.60,161.60,161.60,161.60,0
ING025,20131126,160.67,160.67,160.67,160.67,0
ING025,20131127,160.68,160.68,160.68,160.68,0
ING025,20131128,160.75,160.75,160.75,160.75,0
ING025,20131129,160.53,160.53,160.53,160.53,0
ING025,20131202,160.63,160.63,160.63,160.63,0
ING025,20131203,159.37,159.37,159.37,159.37,0
ING025,20131204,159.02,159.02,159.02,159.02,0
ING025,20131205,157.03,157.03,157.03,157.03,0
ING025,20131206,158.26,158.26,158.26,158.26,0
ING025,20131209,158.24,158.24,158.24,158.24,0
ING025,20131210,157.37,157.37,157.37,157.37,0
ING025,20131211,155.88,155.88,155.88,155.88,0
ING025,20131212,155.21,155.21,155.21,155.21,0
ING025,20131213,155.01,155.01,155.01,155.01,0
ING025,20131216,155.75,155.75,155.75,155.75,0
ING025,20131217,155.40,155.40,155.40,155.40,0
ING025,20131218,156.85,156.85,156.85,156.85,0
ING025,20131219,158.39,158.39,158.39,158.39,0
ING025,20131220,159.18,159.18,159.18,159.18,0
ING025,20131223,159.77,159.77,159.77,159.77,0
ING025,20131227,160.91,160.91,160.91,160.91,0
ING025,20131230,160.72,160.72,160.72,160.72,0
ING025,20140102,161.05,161.05,161.05,161.05,0
ING025,20140103,161.71,161.71,161.71,161.71,0
ING025,20140107,161.53,161.53,161.53,161.53,0
ING025,20140108,161.60,161.60,161.60,161.60,0
ING025,20140109,161.42,161.42,161.42,161.42,0
ING025,20140110,161.20,161.20,161.20,161.20,0
ING025,20140113,160.98,160.98,160.98,160.98,0
ING025,20140114,161.07,161.07,161.07,161.07,0
ING025,20140115,162.95,162.95,162.95,162.95,0
ING025,20140116,163.07,163.07,163.07,163.07,0
ING025,20140117,163.31,163.31,163.31,163.31,0
ING025,20140120,163.28,163.28,163.28,163.28,0
ING025,20140121,162.94,162.94,162.94,162.94,0
ING025,20140122,163.03,163.03,163.03,163.03,0
ING025,20140123,160.68,160.68,160.68,160.68,0
ING025,20140124,158.03,158.03,158.03,158.03,0
ING025,20140127,157.27,157.27,157.27,157.27,0
ING025,20140128,157.83,157.83,157.83,157.83,0
ING025,20140129,157.58,157.58,157.58,157.58,0
ING025,20140130,158.92,158.92,158.92,158.92,0
ING025,20140131,159.09,159.09,159.09,159.09,0
ING025,20140203,156.36,156.36,156.36,156.36,0
ING025,20140204,156.01,156.01,156.01,156.01,0
ING025,20140205,156.04,156.04,156.04,156.04,0
ING025,20140206,157.27,157.27,157.27,157.27,0
ING025,20140207,158.70,158.70,158.70,158.70,0
ING025,20140210,158.68,158.68,158.68,158.68,0
ING025,20140211,160.06,160.06,160.06,160.06,0
ING025,20140212,161.42,161.42,161.42,161.42,0
ING025,20140213,161.02,161.02,161.02,161.02,0
ING025,20140214,161.54,161.54,161.54,161.54,0
ING025,20140217,161.51,161.51,161.51,161.51,0
ING025,20140218,161.94,161.94,161.94,161.94,0
ING025,20140219,161.76,161.76,161.76,161.76,0
ING025,20140220,162.15,162.15,162.15,162.15,0
ING025,20140221,162.30,162.30,162.30,162.30,0
ING025,20140224,163.06,163.06,163.06,163.06,0
ING025,20140225,163.00,163.00,163.00,163.00,0
ING025,20140226,163.45,163.45,163.45,163.45,0
ING025,20140227,163.55,163.55,163.55,163.55,0
ING025,20140228,162.53,162.53,162.53,162.53,0
ING025,20140303,160.94,160.94,160.94,160.94,0
ING025,20140304,163.23,163.23,163.23,163.23,0
ING025,20140305,163.40,163.40,163.40,163.40,0
ING025,20140306,162.87,162.87,162.87,162.87,0
ING025,20140307,161.90,161.90,161.90,161.90,0
ING025,20140310,161.32,161.32,161.32,161.32,0
ING025,20140311,161.10,161.10,161.10,161.10,0
ING025,20140312,160.20,160.20,160.20,160.20,0
ING025,20140313,158.70,158.70,158.70,158.70,0
ING025,20140314,157.97,157.97,157.97,157.97,0
ING025,20140317,159.13,159.13,159.13,159.13,0
ING025,20140318,160.47,160.47,160.47,160.47,0
ING025,20140319,160.07,160.07,160.07,160.07,0
ING025,20140320,161.35,161.35,161.35,161.35,0
ING025,20140321,161.77,161.77,161.77,161.77,0
ING025,20140324,161.03,161.03,161.03,161.03,0
ING025,20140325,162.37,162.37,162.37,162.37,0
ING025,20140326,162.47,162.47,162.47,162.47,0
ING025,20140327,163.14,163.14,163.14,163.14,0
ING025,20140328,163.93,163.93,163.93,163.93,0
ING025,20140331,164.81,164.81,164.81,164.81,0
ING025,20140401,165.18,165.18,165.18,165.18,0
ING025,20140402,165.88,165.88,165.88,165.88,0
ING025,20140403,166.34,166.34,166.34,166.34,0
ING025,20140404,166.28,166.28,166.28,166.28,0
ING025,20140407,164.34,164.34,164.34,164.34,0
ING025,20140408,164.05,164.05,164.05,164.05,0
ING025,20140409,164.52,164.52,164.52,164.52,0
ING025,20140410,162.47,162.47,162.47,162.47,0
ING025,20140411,160.91,160.91,160.91,160.91,0
ING025,20140414,162.48,162.48,162.48,162.48,0
ING025,20140415,162.43,162.43,162.43,162.43,0
ING025,20140416,164.09,164.09,164.09,164.09,0
ING025,20140417,164.26,164.26,164.26,164.26,0
ING025,20140422,165.42,165.42,165.42,165.42,0
ING025,20140423,164.80,164.80,164.80,164.80,0
ING025,20140424,165.30,165.30,165.30,165.30,0
ING025,20140425,164.58,164.58,164.58,164.58,0
ING025,20140428,164.91,164.91,164.91,164.91,0
ING025,20140429,166.26,166.26,166.26,166.26,0
ING025,20140430,165.98,165.98,165.98,165.98,0
ING025,20140502,165.89,165.89,165.89,165.89,0
ING025,20140505,165.58,165.58,165.58,165.58,0
ING025,20140506,164.57,164.57,164.57,164.57,0
ING025,20140507,165.08,165.08,165.08,165.08,0
ING025,20140508,166.62,166.62,166.62,166.62,0
ING025,20140509,167.30,167.30,167.30,167.30,0
ING025,20140512,168.13,168.13,168.13,168.13,0
ING025,20140513,169.22,169.22,169.22,169.22,0
ING025,20140514,169.46,169.46,169.46,169.46,0
ING025,20140515,168.36,168.36,168.36,168.36,0
ING025,20140516,168.83,168.83,168.83,168.83,0
ING025,20140519,168.37,168.37,168.37,168.37,0
ING025,20140520,167.77,167.77,167.77,167.77,0
ING025,20140521,168.67,168.67,168.67,168.67,0
ING025,20140522,169.64,169.64,169.64,169.64,0
ING025,20140523,170.32,170.32,170.32,170.32,0
ING025,20140526,170.29,170.29,170.29,170.29,0
ING025,20140527,171.16,171.16,171.16,171.16,0
ING025,20140528,171.26,171.26,171.26,171.26,0
ING025,20140529,171.57,171.57,171.57,171.57,0
ING025,20140530,171.17,171.17,171.17,171.17,0
ING025,20140602,171.71,171.71,171.71,171.71,0
ING025,20140603,171.44,171.44,171.44,171.44,0
ING025,20140604,171.51,171.51,171.51,171.51,0
ING025,20140605,172.05,172.05,172.05,172.05,0
ING025,20140606,172.50,172.50,172.50,172.50,0
ING025,20140609,173.13,173.13,173.13,173.13,0
ING025,20140610,173.96,173.96,173.96,173.96,0
ING025,20140611,173.63,173.63,173.63,173.63,0
ING025,20140612,173.04,173.04,173.04,173.04,0
ING025,20140613,173.76,173.76,173.76,173.76,0
ING025,20140616,173.24,173.24,173.24,173.24,0
ING025,20140617,173.76,173.76,173.76,173.76,0
ING025,20140618,174.35,174.35,174.35,174.35,0
ING025,20140620,175.14,175.14,175.14,175.14,0
ING025,20140623,174.82,174.82,174.82,174.82,0
ING025,20140624,174.12,174.12,174.12,174.12,0
ING025,20140625,173.45,173.45,173.45,173.45,0
ING025,20140626,173.75,173.75,173.75,173.75,0
ING025,20140627,173.45,173.45,173.45,173.45,0
ING025,20140630,172.99,172.99,172.99,172.99,0
ING025,20140701,174.17,174.17,174.17,174.17,0
ING025,20140702,174.94,174.94,174.94,174.94,0
ING025,20140703,176.41,176.41,176.41,176.41,0
ING025,20140704,176.65,176.65,176.65,176.65,0
ING025,20140707,175.65,175.65,175.65,175.65,0
ING025,20140708,174.18,174.18,174.18,174.18,0
ING025,20140709,173.99,173.99,173.99,173.99,0
ING025,20140710,173.35,173.35,173.35,173.35,0
ING025,20140711,173.41,173.41,173.41,173.41,0
ING025,20140714,174.06,174.06,174.06,174.06,0
ING025,20140715,174.35,174.35,174.35,174.35,0
ING025,20140716,176.05,176.05,176.05,176.05,0
ING025,20140717,174.54,174.54,174.54,174.54,0
ING025,20140718,175.28,175.28,175.28,175.28,0
ING025,20140721,174.59,174.59,174.59,174.59,0
ING025,20140722,176.06,176.06,176.06,176.06,0
ING025,20140723,176.40,176.40,176.40,176.40,0
ING025,20140724,176.58,176.58,176.58,176.58,0
ING025,20140725,176.33,176.33,176.33,176.33,0
ING025,20140728,176.36,176.36,176.36,176.36,0
ING025,20140729,176.47,176.47,176.47,176.47,0
ING025,20140730,176.70,176.70,176.70,176.70,0
ING025,20140731,174.37,174.37,174.37,174.37,0
ING025,20140801,172.89,172.89,172.89,172.89,0
ING025,20140804,173.16,173.16,173.16,173.16,0
ING025,20140805,172.80,172.80,172.80,172.80,0
ING025,20140806,172.66,172.66,172.66,172.66,0
ING025,20140807,171.95,171.95,171.95,171.95,0
ING025,20140808,171.61,171.61,171.61,171.61,0
ING025,20140811,173.10,173.10,173.10,173.10,0
ING025,20140812,173.20,173.20,173.20,173.20,0
ING025,20140813,173.69,173.69,173.69,173.69,0
ING025,20140814,174.38,174.38,174.38,174.38,0
ING025,20140818,175.47,175.47,175.47,175.47,0
ING025,20140819,176.81,176.81,176.81,176.81,0
ING025,20140820,177.25,177.25,177.25,177.25,0
ING025,20140821,177.90,177.90,177.90,177.90,0
ING025,20140822,178.10,178.10,178.10,178.10,0
ING025,20140825,179.53,179.53,179.53,179.53,0
ING025,20140826,180.03,180.03,180.03,180.03,0
ING025,20140827,180.37,180.37,180.37,180.37,0
ING025,20140828,180.08,180.08,180.08,180.08,0
ING025,20140829,180.56,180.56,180.56,180.56,0
ING025,20140901,180.53,180.53,180.53,180.53,0
ING025,20140902,180.93,180.93,180.93,180.93,0
ING025,20140903,181.50,181.50,181.50,181.50,0
ING025,20140904,183.65,183.65,183.65,183.65,0
ING025,20140905,183.44,183.44,183.44,183.44,0
ING025,20140908,183.13,183.13,183.13,183.13,0
ING025,20140909,182.49,182.49,182.49,182.49,0
ING025,20140910,182.73,182.73,182.73,182.73,0
ING025,20140911,182.65,182.65,182.65,182.65,0
ING025,20140912,182.23,182.23,182.23,182.23,0
ING025,20140915,182.20,182.20,182.20,182.20,0
ING025,20140916,182.64,182.64,182.64,182.64,0
ING025,20140917,182.96,182.96,182.96,182.96,0
ING025,20140918,184.37,184.37,184.37,184.37,0
ING025,20140919,185.27,185.27,185.27,185.27,0
ING025,20140922,184.23,184.23,184.23,184.23,0
ING025,20140923,182.37,182.37,182.37,182.37,0
ING025,20140924,183.97,183.97,183.97,183.97,0
ING025,20140925,182.38,182.38,182.38,182.38,0
ING025,20140926,183.39,183.39,183.39,183.39,0
ING025,20140929,182.75,182.75,182.75,182.75,0
ING025,20140930,183.37,183.37,183.37,183.37,0
ING025,20141001,181.93,181.93,181.93,181.93,0
ING025,20141002,179.41,179.41,179.41,179.41,0
ING025,20141003,181.88,181.88,181.88,181.88,0
ING025,20141006,181.56,181.56,181.56,181.56,0
ING025,20141007,178.79,178.79,178.79,178.79,0
ING025,20141008,178.77,178.77,178.77,178.77,0
ING025,20141009,176.15,176.15,176.15,176.15,0
ING025,20141010,174.40,174.40,174.40,174.40,0
ING025,20141013,173.01,173.01,173.01,173.01,0
ING025,20141014,173.12,173.12,173.12,173.12,0
ING025,20141015,169.34,169.34,169.34,169.34,0
ING025,20141016,168.55,168.55,168.55,168.55,0
ING025,20141017,171.09,171.09,171.09,171.09,0
ING025,20141020,171.53,171.53,171.53,171.53,0
ING025,20141021,175.01,175.01,175.01,175.01,0
ING025,20141022,175.59,175.59,175.59,175.59,0
ING025,20141023,177.13,177.13,177.13,177.13,0
ING025,20141024,177.60,177.60,177.60,177.60,0
ING025,20141027,176.61,176.61,176.61,176.61,0
ING025,20141028,177.98,177.98,177.98,177.98,0
ING025,20141029,178.06,178.06,178.06,178.06,0
ING025,20141030,179.84,179.84,179.84,179.84,0
ING025,20141031,183.45,183.45,183.45,183.45,0
ING025,20141103,182.84,182.84,182.84,182.84,0
ING025,20141104,181.11,181.11,181.11,181.11,0
ING025,20141105,183.70,183.70,183.70,183.70,0
ING025,20141106,184.48,184.48,184.48,184.48,0
ING025,20141107,184.92,184.92,184.92,184.92,0
ING025,20141110,185.30,185.30,185.30,185.30,0
ING025,20141112,184.45,184.45,184.45,184.45,0
ING025,20141113,184.31,184.31,184.31,184.31,0
ING025,20141114,184.50,184.50,184.50,184.50,0
ING025,20141117,184.96,184.96,184.96,184.96,0
ING025,20141118,185.19,185.19,185.19,185.19,0
ING025,20141119,184.77,184.77,184.77,184.77,0
ING025,20141120,184.75,184.75,184.75,184.75,0
ING025,20141121,188.13,188.13,188.13,188.13,0
ING025,20141124,187.52,187.52,187.52,187.52,0
ING025,20141125,187.09,187.09,187.09,187.09,0
ING025,20141126,186.79,186.79,186.79,186.79,0
ING025,20141127,186.87,186.87,186.87,186.87,0
ING025,20141128,186.58,186.58,186.58,186.58,0
ING025,20141201,185.48,185.48,185.48,185.48,0
ING025,20141202,187.41,187.41,187.41,187.41,0
ING025,20141203,189.11,189.11,189.11,189.11,0
ING025,20141204,186.14,186.14,186.14,186.14,0
ING025,20141205,189.03,189.03,189.03,189.03,0
ING025,20141208,187.23,187.23,187.23,187.23,0
ING025,20141209,184.17,184.17,184.17,184.17,0
ING025,20141210,181.77,181.77,181.77,181.77,0
ING025,20141211,182.24,182.24,182.24,182.24,0
ING025,20141212,178.09,178.09,178.09,178.09,0
ING025,20141215,175.98,175.98,175.98,175.98,0
ING025,20141216,175.81,175.81,175.81,175.81,0
ING025,20141217,178.91,178.91,178.91,178.91,0
ING025,20141218,184.33,184.33,184.33,184.33,0
ING025,20141219,185.27,185.27,185.27,185.27,0
ING025,20141222,185.67,185.67,185.67,185.67,0
ING025,20141223,187.46,187.46,187.46,187.46,0
ING025,20141229,188.03,188.03,188.03,188.03,0
ING025,20141230,187.06,187.06,187.06,187.06,0
ING025,20150102,187.76,187.76,187.76,187.76,0
ING025,20150105,184.75,184.75,184.75,184.75,0
ING025,20150107,185.66,185.66,185.66,185.66,0
ING025,20150108,189.34,189.34,189.34,189.34,0
ING025,20150109,186.96,186.96,186.96,186.96,0
ING025,20150112,186.72,186.72,186.72,186.72,0
ING025,20150113,187.49,187.49,187.49,187.49,0
ING025,20150114,185.20,185.20,185.20,185.20,0
ING025,20150115,188.67,188.67,188.67,188.67,0
ING025,20150116,191.47,191.47,191.47,191.47,0
ING025,20150119,190.13,190.13,190.13,190.13,0
ING025,20150120,191.59,191.59,191.59,191.59,0
ING025,20150121,192.59,192.59,192.59,192.59,0
ING025,20150122,197.21,197.21,197.21,197.21,0
ING025,20150123,199.32,199.32,199.32,199.32,0
ING025,20150126,199.56,199.56,199.56,199.56,0
ING025,20150127,196.25,196.25,196.25,196.25,0
ING025,20150128,195.37,195.37,195.37,195.37,0
ING025,20150129,195.58,195.58,195.58,195.58,0
ING025,20150130,194.45,194.45,194.45,194.45,0
ING025,20150202,195.35,195.35,195.35,195.35,0
ING025,20150203,196.65,196.65,196.65,196.65,0
ING025,20150204,196.97,196.97,196.97,196.97,0
ING025,20150205,198.46,198.46,198.46,198.46,0
ING025,20150206,199.18,199.18,199.18,199.18,0
ING025,20150209,198.79,198.79,198.79,198.79,0
ING025,20150210,199.80,199.80,199.80,199.80,0
ING025,20150211,199.25,199.25,199.25,199.25,0
ING025,20150212,200.85,200.85,200.85,200.85,0
ING025,20150213,201.80,201.80,201.80,201.80,0
ING025,20150216,201.77,201.77,201.77,201.77,0
ING025,20150217,202.27,202.27,202.27,202.27,0
ING025,20150218,203.34,203.34,203.34,203.34,0
ING025,20150219,202.98,202.98,202.98,202.98,0
ING025,20150220,203.79,203.79,203.79,203.79,0
ING025,20150223,203.62,203.62,203.62,203.62,0
ING025,20150224,204.60,204.60,204.60,204.60,0
ING025,20150225,204.83,204.83,204.83,204.83,0
ING025,20150226,207.16,207.16,207.16,207.16,0
ING025,20150227,207.29,207.29,207.29,207.29,0
ING025,20150302,207.55,207.55,207.55,207.55,0
ING025,20150303,206.78,206.78,206.78,206.78,0
ING025,20150304,208.28,208.28,208.28,208.28,0
ING025,20150305,209.08,209.08,209.08,209.08,0
ING025,20150306,209.80,209.80,209.80,209.80,0
ING025,20150309,209.98,209.98,209.98,209.98,0
ING025,20150310,209.19,209.19,209.19,209.19,0
ING025,20150311,211.75,211.75,211.75,211.75,0
ING025,20150312,212.26,212.26,212.26,212.26,0
ING025,20150313,212.81,212.81,212.81,212.81,0
ING025,20150316,213.71,213.71,213.71,213.71,0
ING025,20150317,212.69,212.69,212.69,212.69,0
ING025,20150318,214.02,214.02,214.02,214.02,0
ING025,20150319,213.79,213.79,213.79,213.79,0
ING025,20150320,213.74,213.74,213.74,213.74,0
ING025,20150323,212.09,212.09,212.09,212.09,0
ING025,20150324,211.95,211.95,211.95,211.95,0
ING025,20150325,208.76,208.76,208.76,208.76,0
ING025,20150326,208.58,208.58,208.58,208.58,0
ING025,20150327,208.80,208.80,208.80,208.80,0
ING025,20150330,211.20,211.20,211.20,211.20,0
ING025,20150331,211.23,211.23,211.23,211.23,0
ING025,20150401,210.76,210.76,210.76,210.76,0
ING025,20150402,209.74,209.74,209.74,209.74,0
ING025,20150407,212.45,212.45,212.45,212.45,0
ING025,20150408,213.29,213.29,213.29,213.29,0
ING025,20150409,216.23,216.23,216.23,216.23,0
ING025,20150410,218.38,218.38,218.38,218.38,0
ING025,20150413,218.63,218.63,218.63,218.63,0
ING025,20150414,217.41,217.41,217.41,217.41,0
ING025,20150415,220.10,220.10,220.10,220.10,0
ING025,20150416,218.39,218.39,218.39,218.39,0
ING025,20150417,215.69,215.69,215.69,215.69,0
ING025,20150420,217.39,217.39,217.39,217.39,0
ING025,20150421,217.19,217.19,217.19,217.19,0
ING025,20150422,219.13,219.13,219.13,219.13,0
ING025,20150423,218.57,218.57,218.57,218.57,0
ING025,20150424,218.75,218.75,218.75,218.75,0
ING025,20150427,218.69,218.69,218.69,218.69,0
ING025,20150428,216.99,216.99,216.99,216.99,0
ING025,20150429,213.08,213.08,213.08,213.08,0
ING025,20150430,210.88,210.88,210.88,210.88,0
ING025,20150504,212.19,212.19,212.19,212.19,0
ING025,20150505,209.80,209.80,209.80,209.80,0
ING025,20150506,206.87,206.87,206.87,206.87,0
ING025,20150507,207.88,207.88,207.88,207.88,0
ING025,20150508,212.24,212.24,212.24,212.24,0
ING025,20150511,213.28,213.28,213.28,213.28,0
ING025,20150512,210.68,210.68,210.68,210.68,0
ING025,20150513,209.20,209.20,209.20,209.20,0
ING025,20150514,209.99,209.99,209.99,209.99,0
ING025,20150515,209.01,209.01,209.01,209.01,0
ING025,20150518,210.34,210.34,210.34,210.34,0
ING025,20150519,214.12,214.12,214.12,214.12,0
ING025,20150520,215.11,215.11,215.11,215.11,0
ING025,20150521,215.64,215.64,215.64,215.64,0
ING025,20150522,216.77,216.77,216.77,216.77,0
ING025,20150525,216.73,216.73,216.73,216.73,0
ING025,20150526,216.18,216.18,216.18,216.18,0
ING025,20150527,218.22,218.22,218.22,218.22,0
ING025,20150528,217.45,217.45,217.45,217.45,0
ING025,20150529,214.85,214.85,214.85,214.85,0
ING025,20150601,215.48,215.48,215.48,215.48,0
ING025,20150602,211.94,211.94,211.94,211.94,0
ING025,20150603,210.35,210.35,210.35,210.35,0
ING025,20150605,210.14,210.14,210.14,210.14,0
ING025,20150608,207.68,207.68,207.68,207.68,0
ING025,20150609,206.82,206.82,206.82,206.82,0
ING025,20150610,209.19,209.19,209.19,209.19,0
ING025,20150611,210.84,210.84,210.84,210.84,0
ING025,20150612,209.11,209.11,209.11,209.11,0
ING025,20150615,207.29,207.29,207.29,207.29,0
ING025,20150616,208.37,208.37,208.37,208.37,0
ING025,20150617,208.04,208.04,208.04,208.04,0
ING025,20150618,206.87,206.87,206.87,206.87,0
ING025,20150619,207.75,207.75,207.75,207.75,0
ING025,20150622,209.41,209.41,209.41,209.41,0
ING025,20150623,213.29,213.29,213.29,213.29,0
ING025,20150624,212.76,212.76,212.76,212.76,0
ING025,20150625,211.93,211.93,211.93,211.93,0
ING025,20150626,212.41,212.41,212.41,212.41,0
ING025,20150629,207.47,207.47,207.47,207.47,0
ING025,20150630,206.56,206.56,206.56,206.56,0
ING025,20150701,208.64,208.64,208.64,208.64,0
ING025,20150702,208.64,208.64,208.64,208.64,0
ING025,20150703,208.36,208.36,208.36,208.36,0
ING025,20150706,206.51,206.51,206.51,206.51,0
ING025,20150707,207.38,207.38,207.38,207.38,0
ING025,20150708,203.49,203.49,203.49,203.49,0
ING025,20150709,205.31,205.31,205.31,205.31,0
ING025,20150710,206.17,206.17,206.17,206.17,0
ING025,20150713,210.88,210.88,210.88,210.88,0
ING025,20150714,212.11,212.11,212.11,212.11,0
ING025,20150715,212.82,212.82,212.82,212.82,0
ING025,20150716,215.37,215.37,215.37,215.37,0
ING025,20150717,215.50,215.50,215.50,215.50,0
ING025,20150720,215.30,215.30,215.30,215.30,0
ING025,20150721,213.76,213.76,213.76,213.76,0
ING025,20150722,212.83,212.83,212.83,212.83,0
ING025,20150723,211.43,211.43,211.43,211.43,0
ING025,20150724,209.30,209.30,209.30,209.30,0
ING025,20150727,205.34,205.34,205.34,205.34,0
ING025,20150728,208.19,208.19,208.19,208.19,0
ING025,20150729,209.86,209.86,209.86,209.86,0
ING025,20150730,212.42,212.42,212.42,212.42,0
ING025,20150731,210.89,210.89,210.89,210.89,0
ING025,20150803,211.07,211.07,211.07,211.07,0
ING025,20150804,210.70,210.70,210.70,210.70,0
ING025,20150805,213.78,213.78,213.78,213.78,0
ING025,20150806,212.34,212.34,212.34,212.34,0
ING025,20150807,211.22,211.22,211.22,211.22,0
ING025,20150810,212.79,212.79,212.79,212.79,0
ING025,20150811,208.91,208.91,208.91,208.91,0
ING025,20150812,204.84,204.84,204.84,204.84,0
ING025,20150813,205.66,205.66,205.66,205.66,0
ING025,20150814,205.91,205.91,205.91,205.91,0
ING025,20150817,206.82,206.82,206.82,206.82,0
ING025,20150818,206.97,206.97,206.97,206.97,0
ING025,20150819,204.14,204.14,204.14,204.14,0
ING025,20150820,198.98,198.98,198.98,198.98,0
ING025,20150821,192.25,192.25,192.25,192.25,0
ING025,20150824,180.67,180.67,180.67,180.67,0
ING025,20150825,183.66,183.66,183.66,183.66,0
ING025,20150826,186.22,186.22,186.22,186.22,0
ING025,20150827,193.95,193.95,193.95,193.95,0
ING025,20150828,194.90,194.90,194.90,194.90,0
ING025,20150831,194.31,194.31,194.31,194.31,0
ING025,20150901,188.24,188.24,188.24,188.24,0
ING025,20150902,189.82,189.82,189.82,189.82,0
ING025,20150903,193.53,193.53,193.53,193.53,0
ING025,20150904,189.47,189.47,189.47,189.47,0
ING025,20150907,189.43,189.43,189.43,189.43,0
ING025,20150908,192.07,192.07,192.07,192.07,0
ING025,20150909,192.93,192.93,192.93,192.93,0
ING025,20150910,191.21,191.21,191.21,191.21,0
ING025,20150911,190.01,190.01,190.01,190.01,0
ING025,20150914,188.92,188.92,188.92,188.92,0
ING025,20150915,190.87,190.87,190.87,190.87,0
ING025,20150916,193.15,193.15,193.15,193.15,0
ING025,20150917,192.59,192.59,192.59,192.59,0
ING025,20150918,188.36,188.36,188.36,188.36,0
ING025,20150921,190.70,190.70,190.70,190.70,0
ING025,20150922,187.87,187.87,187.87,187.87,0
ING025,20150923,187.25,187.25,187.25,187.25,0
ING025,20150924,183.51,183.51,183.51,183.51,0
ING025,20150925,186.87,186.87,186.87,186.87,0
ING025,20150928,182.03,182.03,182.03,182.03,0
ING025,20150929,181.20,181.20,181.20,181.20,0
ING025,20150930,185.76,185.76,185.76,185.76,0
ING025,20151001,185.02,185.02,185.02,185.02,0
ING025,20151002,186.31,186.31,186.31,186.31,0
ING025,20151005,191.89,191.89,191.89,191.89,0
ING025,20151006,192.27,192.27,192.27,192.27,0
ING025,20151007,194.46,194.46,194.46,194.46,0
ING025,20151008,195.33,195.33,195.33,195.33,0
ING025,20151009,194.79,194.79,194.79,194.79,0
ING025,20151012,194.05,194.05,194.05,194.05,0
ING025,20151013,192.60,192.60,192.60,192.60,0
ING025,20151014,191.25,191.25,191.25,191.25,0
ING025,20151015,194.33,194.33,194.33,194.33,0
ING025,20151016,195.61,195.61,195.61,195.61,0
ING025,20151019,195.77,195.77,195.77,195.77,0
ING025,20151020,195.25,195.25,195.25,195.25,0
ING025,20151021,194.58,194.58,194.58,194.58,0
ING025,20151022,199.68,199.68,199.68,199.68,0
ING025,20151023,203.88,203.88,203.88,203.88,0
ING025,20151026,202.91,202.91,202.91,202.91,0
ING025,20151027,201.16,201.16,201.16,201.16,0
ING025,20151028,203.19,203.19,203.19,203.19,0
ING025,20151029,203.33,203.33,203.33,203.33,0
ING025,20151030,202.08,202.08,202.08,202.08,0
ING025,20151102,203.66,203.66,203.66,203.66,0
ING025,20151103,206.05,206.05,206.05,206.05,0
ING025,20151104,207.26,207.26,207.26,207.26,0
ING025,20151105,206.68,206.68,206.68,206.68,0
ING025,20151106,208.50,208.50,208.50,208.50,0
ING025,20151109,207.06,207.06,207.06,207.06,0
ING025,20151110,207.52,207.52,207.52,207.52,0
ING025,20151112,203.18,203.18,203.18,203.18,0
ING025,20151113,202.13,202.13,202.13,202.13,0
ING025,20151116,203.64,203.64,203.64,203.64,0
ING025,20151117,206.07,206.07,206.07,206.07,0
ING025,20151118,207.56,207.56,207.56,207.56,0
ING025,20151119,206.79,206.79,206.79,206.79,0
ING025,20151120,207.54,207.54,207.54,207.54,0
ING025,20151123,207.30,207.30,207.30,207.30,0
ING025,20151124,206.65,206.65,206.65,206.65,0
ING025,20151125,207.67,207.67,207.67,207.67,0
ING025,20151126,208.40,208.40,208.40,208.40,0
ING025,20151127,208.00,208.00,208.00,208.00,0
ING025,20151130,208.53,208.53,208.53,208.53,0
ING025,20151201,208.98,208.98,208.98,208.98,0
ING025,20151202,207.72,207.72,207.72,207.72,0
ING025,20151203,200.51,200.51,200.51,200.51,0
ING025,20151204,201.14,201.14,201.14,201.14,0
ING025,20151207,200.56,200.56,200.56,200.56,0
ING025,20151208,197.65,197.65,197.65,197.65,0
ING025,20151209,196.12,196.12,196.12,196.12,0
ING025,20151210,196.33,196.33,196.33,196.33,0
ING025,20151211,192.22,192.22,192.22,192.22,0
ING025,20151214,190.32,190.32,190.32,190.32,0
ING025,20151215,195.03,195.03,195.03,195.03,0
ING025,20151216,196.53,196.53,196.53,196.53,0
ING025,20151217,196.41,196.41,196.41,196.41,0
ING025,20151218,194.32,194.32,194.32,194.32,0
ING025,20151221,193.15,193.15,193.15,193.15,0
ING025,20151222,193.79,193.79,193.79,193.79,0
ING025,20151223,198.81,198.81,198.81,198.81,0
ING025,20151228,196.41,196.41,196.41,196.41,0
ING025,20151229,199.00,199.00,199.00,199.00,0
ING025,20151230,197.70,197.70,197.70,197.70,0
ING025,20160104,194.82,194.82,194.82,194.82,0
ING025,20160105,196.68,196.68,196.68,196.68,0
ING025,20160107,188.35,188.35,188.35,188.35,0
ING025,20160108,184.56,184.56,184.56,184.56,0
ING025,20160111,184.70,184.70,184.70,184.70,0
ING025,20160112,185.11,185.11,185.11,185.11,0
ING025,20160113,183.72,183.72,183.72,183.72,0
ING025,20160114,184.95,184.95,184.95,184.95,0
ING025,20160115,179.83,179.83,179.83,179.83,0
ING025,20160118,179.69,179.69,179.69,179.69,0
ING025,20160119,179.68,179.68,179.68,179.68,0
ING025,20160120,175.18,175.18,175.18,175.18,0
ING025,20160121,177.51,177.51,177.51,177.51,0
ING025,20160122,182.27,182.27,182.27,182.27,0
ING025,20160125,179.50,179.50,179.50,179.50,0
ING025,20160126,181.34,181.34,181.34,181.34,0
ING025,20160127,181.44,181.44,181.44,181.44,0
ING025,20160128,180.35,180.35,180.35,180.35,0
ING025,20160129,185.49,185.49,185.49,185.49,0
ING025,20160201,183.31,183.31,183.31,183.31,0
ING025,20160202,179.30,179.30,179.30,179.30,0
ING025,20160203,177.53,177.53,177.53,177.53,0
ING025,20160204,177.23,177.23,177.23,177.23,0
ING025,20160205,176.02,176.02,176.02,176.02,0
ING025,20160208,172.87,172.87,172.87,172.87,0
ING025,20160209,167.94,167.94,167.94,167.94,0
ING025,20160210,169.61,169.61,169.61,169.61,0
ING025,20160211,164.93,164.93,164.93,164.93,0
ING025,20160212,169.95,169.95,169.95,169.95,0
ING025,20160215,169.92,169.92,169.92,169.92,0
ING025,20160216,176.48,176.48,176.48,176.48,0
ING025,20160217,179.53,179.53,179.53,179.53,0
ING025,20160218,180.02,180.02,180.02,180.02,0
ING025,20160219,178.53,178.53,178.53,178.53,0
ING025,20160222,181.89,181.89,181.89,181.89,0
ING025,20160223,179.48,179.48,179.48,179.48,0
ING025,20160224,178.39,178.39,178.39,178.39,0
ING025,20160225,180.92,180.92,180.92,180.92,0
ING025,20160226,183.36,183.36,183.36,183.36,0
ING025,20160229,184.28,184.28,184.28,184.28,0
ING025,20160301,187.38,187.38,187.38,187.38,0
ING025,20160302,190.39,190.39,190.39,190.39,0
ING025,20160303,190.60,190.60,190.60,190.60,0
ING025,20160304,190.88,190.88,190.88,190.88,0
ING025,20160307,191.54,191.54,191.54,191.54,0
ING025,20160308,188.40,188.40,188.40,188.40,0
ING025,20160309,189.56,189.56,189.56,189.56,0
ING025,20160310,187.03,187.03,187.03,187.03,0
ING025,20160311,191.06,191.06,191.06,191.06,0
ING025,20160314,191.94,191.94,191.94,191.94,0
ING025,20160315,190.46,190.46,190.46,190.46,0
ING025,20160316,190.84,190.84,190.84,190.84,0
ING025,20160317,189.64,189.64,189.64,189.64,0
ING025,20160318,190.23,190.23,190.23,190.23,0
ING025,20160321,190.21,190.21,190.21,190.21,0
ING025,20160322,190.36,190.36,190.36,190.36,0
ING025,20160323,189.53,189.53,189.53,189.53,0
ING025,20160324,188.05,188.05,188.05,188.05,0
ING025,20160329,188.79,188.79,188.79,188.79,0
ING025,20160330,188.15,188.15,188.15,188.15,0
ING025,20160331,186.77,186.77,186.77,186.77,0
ING025,20160401,186.55,186.55,186.55,186.55,0
ING025,20160404,186.20,186.20,186.20,186.20,0
ING025,20160405,183.06,183.06,183.06,183.06,0
ING025,20160406,184.65,184.65,184.65,184.65,0
ING025,20160407,182.95,182.95,182.95,182.95,0
ING025,20160408,184.14,184.14,184.14,184.14,0
ING025,20160411,184.38,184.38,184.38,184.38,0
ING025,20160412,186.84,186.84,186.84,186.84,0
ING025,20160413,192.11,192.11,192.11,192.11,0
ING025,20160414,192.59,192.59,192.59,192.59,0
ING025,20160415,191.64,191.64,191.64,191.64,0
ING025,20160418,191.63,191.63,191.63,191.63,0
ING025,20160419,193.31,193.31,193.31,193.31,0
ING025,20160420,194.99,194.99,194.99,194.99,0
ING025,20160421,195.19,195.19,195.19,195.19,0
ING025,20160422,196.23,196.23,196.23,196.23,0
ING025,20160425,194.89,194.89,194.89,194.89,0
ING025,20160426,195.02,195.02,195.02,195.02,0
ING025,20160427,195.29,195.29,195.29,195.29,0
ING025,20160428,194.65,194.65,194.65,194.65,0
ING025,20160429,190.83,190.83,190.83,190.83,0
ING025,20160502,189.45,189.45,189.45,189.45,0
ING025,20160504,185.27,185.27,185.27,185.27,0
ING025,20160505,186.15,186.15,186.15,186.15,0
ING025,20160506,185.93,185.93,185.93,185.93,0
ING025,20160509,185.35,185.35,185.35,185.35,0
ING025,20160510,187.40,187.40,187.40,187.40,0
ING025,20160511,185.93,185.93,185.93,185.93,0
ING025,20160512,186.15,186.15,186.15,186.15,0
ING025,20160513,186.20,186.20,186.20,186.20,0
ING025,20160516,186.83,186.83,186.83,186.83,0
ING025,20160517,186.47,186.47,186.47,186.47,0
ING025,20160518,187.96,187.96,187.96,187.96,0
ING025,20160519,187.85,187.85,187.85,187.85,0
ING025,20160520,189.30,189.30,189.30,189.30,0
ING025,20160523,189.35,189.35,189.35,189.35,0
ING025,20160524,192.40,192.40,192.40,192.40,0
ING025,20160525,194.80,194.80,194.80,194.80,0
ING025,20160527,195.64,195.64,195.64,195.64,0
ING025,20160530,195.61,195.61,195.61,195.61,0
ING025,20160531,195.32,195.32,195.32,195.32,0
ING025,20160601,193.71,193.71,193.71,193.71,0
ING025,20160602,194.09,194.09,194.09,194.09,0
ING025,20160603,191.49,191.49,191.49,191.49,0
ING025,20160606,191.88,191.88,191.88,191.88,0
ING025,20160607,193.47,193.47,193.47,193.47,0
ING025,20160608,193.15,193.15,193.15,193.15,0
ING025,20160609,192.53,192.53,192.53,192.53,0
ING025,20160610,189.97,189.97,189.97,189.97,0
ING025,20160613,187.45,187.45,187.45,187.45,0
ING025,20160614,186.79,186.79,186.79,186.79,0
ING025,20160615,187.22,187.22,187.22,187.22,0
ING025,20160616,187.94,187.94,187.94,187.94,0
ING025,20160617,188.58,188.58,188.58,188.58,0
ING025,20160620,190.92,190.92,190.92,190.92,0
ING025,20160621,192.83,192.83,192.83,192.83,0
ING025,20160622,192.60,192.60,192.60,192.60,0
ING025,20160623,194.75,194.75,194.75,194.75,0
ING025,20160624,186.38,186.38,186.38,186.38,0
ING025,20160627,182.98,182.98,182.98,182.98,0
ING025,20160628,185.15,185.15,185.15,185.15,0
ING025,20160629,188.81,188.81,188.81,188.81,0
ING025,20160630,190.56,190.56,190.56,190.56,0
ING025,20160701,191.03,191.03,191.03,191.03,0
ING025,20160704,191.01,191.01,191.01,191.01,0
ING025,20160705,188.68,188.68,188.68,188.68,0
ING025,20160706,188.25,188.25,188.25,188.25,0
ING025,20160707,188.62,188.62,188.62,188.62,0
ING025,20160708,191.70,191.70,191.70,191.70,0
ING025,20160711,193.21,193.21,193.21,193.21,0
ING025,20160712,196.10,196.10,196.10,196.10,0
ING025,20160713,195.58,195.58,195.58,195.58,0
ING025,20160714,197.19,197.19,197.19,197.19,0
ING025,20160715,197.81,197.81,197.81,197.81,0
ING025,20160718,198.28,198.28,198.28,198.28,0
ING025,20160719,198.19,198.19,198.19,198.19,0
ING025,20160720,198.95,198.95,198.95,198.95,0
ING025,20160721,199.45,199.45,199.45,199.45,0
ING025,20160722,199.74,199.74,199.74,199.74,0
ING025,20160725,199.58,199.58,199.58,199.58,0
ING025,20160726,199.50,199.50,199.50,199.50,0
ING025,20160727,199.71,199.71,199.71,199.71,0
ING025,20160728,197.41,197.41,197.41,197.41,0
ING025,20160729,197.85,197.85,197.85,197.85,0
ING025,20160801,197.08,197.08,197.08,197.08,0
ING025,20160802,193.62,193.62,193.62,193.62,0
ING025,20160803,194.56,194.56,194.56,194.56,0
ING025,20160804,195.85,195.85,195.85,195.85,0
ING025,20160805,198.25,198.25,198.25,198.25,0
ING025,20160808,199.50,199.50,199.50,199.50,0
ING025,20160809,199.60,199.60,199.60,199.60,0
ING025,20160810,197.88,197.88,197.88,197.88,0
ING025,20160811,199.55,199.55,199.55,199.55,0
ING025,20160812,199.24,199.24,199.24,199.24,0
ING025,20160816,197.53,197.53,197.53,197.53,0
ING025,20160817,197.00,197.00,197.00,197.00,0
ING025,20160818,197.06,197.06,197.06,197.06,0
ING025,20160819,196.18,196.18,196.18,196.18,0
ING025,20160822,196.04,196.04,196.04,196.04,0
ING025,20160823,197.22,197.22,197.22,197.22,0
ING025,20160824,197.84,197.84,197.84,197.84,0
ING025,20160825,196.83,196.83,196.83,196.83,0
ING025,20160826,197.05,197.05,197.05,197.05,0
ING025,20160829,198.65,198.65,198.65,198.65,0
ING025,20160830,199.18,199.18,199.18,199.18,0
ING025,20160831,199.11,199.11,199.11,199.11,0
ING025,20160901,198.77,198.77,198.77,198.77,0
ING025,20160902,200.84,200.84,200.84,200.84,0
ING025,20160905,200.80,200.80,200.80,200.80,0
ING025,20160906,200.36,200.36,200.36,200.36,0
ING025,20160907,200.81,200.81,200.81,200.81,0
ING025,20160908,200.58,200.58,200.58,200.58,0
ING025,20160909,198.56,198.56,198.56,198.56,0
ING025,20160912,198.83,198.83,198.83,198.83,0
ING025,20160913,195.42,195.42,195.42,195.42,0
ING025,20160914,194.74,194.74,194.74,194.74,0
ING025,20160915,196.00,196.00,196.00,196.00,0
ING025,20160916,195.92,195.92,195.92,195.92,0
ING025,20160919,196.61,196.61,196.61,196.61,0
ING025,20160920,196.38,196.38,196.38,196.38,0
ING025,20160921,199.30,199.30,199.30,199.30,0
ING025,20160922,199.67,199.67,199.67,199.67,0
ING025,20160923,198.83,198.83,198.83,198.83,0
ING025,20160926,195.70,195.70,195.70,195.70,0
ING025,20160927,196.93,196.93,196.93,196.93,0
ING025,20160928,197.79,197.79,197.79,197.79,0
ING025,20160929,197.23,197.23,197.23,197.23,0
ING025,20160930,197.81,197.81,197.81,197.81,0
ING025,20161003,197.75,197.75,197.75,197.75,0
ING025,20161004,198.78,198.78,198.78,198.78,0
ING025,20161005,199.31,199.31,199.31,199.31,0
ING025,20161006,199.63,199.63,199.63,199.63,0
ING025,20161007,199.07,199.07,199.07,199.07,0
ING025,20161010,200.35,200.35,200.35,200.35,0
ING025,20161011,199.69,199.69,199.69,199.69,0
ING025,20161012,199.66,199.66,199.66,199.66,0
ING025,20161013,198.13,198.13,198.13,198.13,0
ING025,20161014,199.28,199.28,199.28,199.28,0
ING025,20161017,198.92,198.92,198.92,198.92,0
ING025,20161018,200.98,200.98,200.98,200.98,0
ING025,20161019,201.82,201.82,201.82,201.82,0
ING025,20161020,202.95,202.95,202.95,202.95,0
ING025,20161021,203.71,203.71,203.71,203.71,0
ING025,20161024,203.91,203.91,203.91,203.91,0
ING025,20161025,204.11,204.11,204.11,204.11,0
ING025,20161026,203.32,203.32,203.32,203.32,0
ING025,20161027,203.26,203.26,203.26,203.26,0
ING025,20161028,203.09,203.09,203.09,203.09,0
ING025,20161031,201.81,201.81,201.81,201.81,0
ING025,20161102,197.01,197.01,197.01,197.01,0
ING025,20161103,196.64,196.64,196.64,196.64,0
ING025,20161104,195.39,195.39,195.39,195.39,0
ING025,20161107,200.00,200.00,200.00,200.00,0
ING025,20161108,200.48,200.48,200.48,200.48,0
ING025,20161109,204.37,204.37,204.37,204.37,0
ING025,20161110,206.85,206.85,206.85,206.85,0
ING025,20161114,209.12,209.12,209.12,209.12,0
ING025,20161115,210.20,210.20,210.20,210.20,0
ING025,20161116,210.98,210.98,210.98,210.98,0
ING025,20161117,211.60,211.60,211.60,211.60,0
ING025,20161118,211.72,211.72,211.72,211.72,0
ING025,20161121,212.22,212.22,212.22,212.22,0
ING025,20161122,213.22,213.22,213.22,213.22,0
ING025,20161123,213.78,213.78,213.78,213.78,0
ING025,20161124,213.60,213.60,213.60,213.60,0
ING025,20161125,213.33,213.33,213.33,213.33,0
ING025,20161128,212.35,212.35,212.35,212.35,0
ING025,20161129,211.97,211.97,211.97,211.97,0
ING025,20161130,212.43,212.43,212.43,212.43,0
ING025,20161201,212.69,212.69,212.69,212.69,0
ING025,20161202,211.83,211.83,211.83,211.83,0
ING025,20161205,211.49,211.49,211.49,211.49,0
ING025,20161206,213.54,213.54,213.54,213.54,0
ING025,20161207,215.91,215.91,215.91,215.91,0
ING025,20161208,219.44,219.44,219.44,219.44,0
ING025,20161209,221.59,221.59,221.59,221.59,0
ING025,20161212,220.35,220.35,220.35,220.35,0
ING025,20161213,221.64,221.64,221.64,221.64,0
ING025,20161214,220.32,220.32,220.32,220.32,0
ING025,20161215,224.56,224.56,224.56,224.56,0
ING025,20161216,224.48,224.48,224.48,224.48,0
ING025,20161219,223.60,223.60,223.60,223.60,0
ING025,20161220,225.13,225.13,225.13,225.13,0
ING025,20161221,223.76,223.76,223.76,223.76,0
ING025,20161222,222.84,222.84,222.84,222.84,0
ING025,20161223,222.88,222.88,222.88,222.88,0
ING025,20161227,222.86,222.86,222.86,222.86,0
ING025,20161228,222.89,222.89,222.89,222.89,0
ING025,20161229,221.31,221.31,221.31,221.31,0
ING025,20161230,220.20,220.20,220.20,220.20,0
ING025,20170102,220.16,220.16,220.16,220.16,0
ING025,20170103,224.62,224.62,224.62,224.62,0
ING025,20170104,225.01,225.01,225.01,225.01,0
ING025,20170105,223.25,223.25,223.25,223.25,0
ING025,20170109,222.99,222.99,222.99,222.99,0
ING025,20170110,222.64,222.64,222.64,222.64,0
ING025,20170111,224.68,224.68,224.68,224.68,0
ING025,20170112,221.44,221.44,221.44,221.44,0
ING025,20170113,222.75,222.75,222.75,222.75,0
ING025,20170116,222.09,222.09,222.09,222.09,0
ING025,20170117,220.93,220.93,220.93,220.93,0
ING025,20170118,220.84,220.84,220.84,220.84,0
ING025,20170119,221.14,221.14,221.14,221.14,0
ING025,20170120,220.71,220.71,220.71,220.71,0
ING025,20170123,219.07,219.07,219.07,219.07,0
ING025,20170124,220.38,220.38,220.38,220.38,0
ING025,20170125,222.56,222.56,222.56,222.56,0
ING025,20170126,222.95,222.95,222.95,222.95,0
ING025,20170127,221.83,221.83,221.83,221.83,0
ING025,20170130,220.56,220.56,220.56,220.56,0
ING025,20170131,218.45,218.45,218.45,218.45,0
ING025,20170201,219.56,219.56,219.56,219.56,0
ING025,20170202,218.87,218.87,218.87,218.87,0
ING025,20170203,220.76,220.76,220.76,220.76,0
ING025,20170206,220.55,220.55,220.55,220.55,0
ING025,20170207,221.20,221.20,221.20,221.20,0
ING025,20170208,221.32,221.32,221.32,221.32,0
ING025,20170209,222.96,222.96,222.96,222.96,0
ING025,20170210,224.35,224.35,224.35,224.35,0
ING025,20170213,226.21,226.21,226.21,226.21,0
ING025,20170214,227.38,227.38,227.38,227.38,0
ING025,20170215,228.51,228.51,228.51,228.51,0
ING025,20170216,226.89,226.89,226.89,226.89,0
ING025,20170217,227.44,227.44,227.44,227.44,0
ING025,20170220,227.74,227.74,227.74,227.74,0
ING025,20170221,230.04,230.04,230.04,230.04,0
ING025,20170222,229.73,229.73,229.73,229.73,0
ING025,20170223,228.97,228.97,228.97,228.97,0
ING025,20170224,228.60,228.60,228.60,228.60,0
ING025,20170227,227.71,227.71,227.71,227.71,0
ING025,20170228,227.29,227.29,227.29,227.29,0
ING025,20170301,230.89,230.89,230.89,230.89,0
ING025,20170302,231.10,231.10,231.10,231.10,0
ING025,20170303,230.72,230.72,230.72,230.72,0
ING025,20170306,229.10,229.10,229.10,229.10,0
ING025,20170307,228.55,228.55,228.55,228.55,0
ING025,20170308,228.77,228.77,228.77,228.77,0
ING025,20170309,228.45,228.45,228.45,228.45,0
ING025,20170310,228.21,228.21,228.21,228.21,0
ING025,20170313,228.25,228.25,228.25,228.25,0
ING025,20170314,227.69,227.69,227.69,227.69,0
ING025,20170315,229.27,229.27,229.27,229.27,0
ING025,20170316,228.69,228.69,228.69,228.69,0
ING025,20170317,228.52,228.52,228.52,228.52,0
ING025,20170320,227.61,227.61,227.61,227.61,0
ING025,20170321,225.24,225.24,225.24,225.24,0
ING025,20170322,224.71,224.71,224.71,224.71,0
ING025,20170323,225.43,225.43,225.43,225.43,0
ING025,20170324,225.07,225.07,225.07,225.07,0
ING025,20170327,223.47,223.47,223.47,223.47,0
ING025,20170328,225.41,225.41,225.41,225.41,0
ING025,20170329,227.58,227.58,227.58,227.58,0
ING025,20170330,228.17,228.17,228.17,228.17,0
ING025,20170331,228.63,228.63,228.63,228.63,0
ING025,20170403,228.28,228.28,228.28,228.28,0
ING025,20170404,227.80,227.80,227.80,227.80,0
ING025,20170405,227.43,227.43,227.43,227.43,0
ING025,20170406,227.97,227.97,227.97,227.97,0
ING025,20170407,228.51,228.51,228.51,228.51,0
ING025,20170410,228.91,228.91,228.91,228.91,0
ING025,20170411,228.55,228.55,228.55,228.55,0
ING025,20170412,227.98,227.98,227.98,227.98,0
ING025,20170413,226.19,226.19,226.19,226.19,0
ING025,20170418,224.09,224.09,224.09,224.09,0
ING025,20170419,223.97,223.97,223.97,223.97,0
ING025,20170420,224.66,224.66,224.66,224.66,0
ING025,20170421,225.30,225.30,225.30,225.30,0
ING025,20170424,226.17,226.17,226.17,226.17,0
ING025,20170425,226.15,226.15,226.15,226.15,0
ING025,20170426,227.17,227.17,227.17,227.17,0
ING025,20170427,226.76,226.76,226.76,226.76,0
ING025,20170428,225.70,225.70,225.70,225.70,0
ING025,20170502,226.12,226.12,226.12,226.12,0
ING025,20170504,225.50,225.50,225.50,225.50,0
ING025,20170505,226.15,226.15,226.15,226.15,0
ING025,20170508,227.19,227.19,227.19,227.19,0
ING025,20170509,227.78,227.78,227.78,227.78,0
ING025,20170510,228.50,228.50,228.50,228.50,0
ING025,20170511,227.07,227.07,227.07,227.07,0
ING025,20170512,226.29,226.29,226.29,226.29,0
ING025,20170515,226.15,226.15,226.15,226.15,0
ING025,20170516,224.97,224.97,224.97,224.97,0
ING025,20170517,221.29,221.29,221.29,221.29,0
ING025,20170518,220.98,220.98,220.98,220.98,0
ING025,20170519,221.53,221.53,221.53,221.53,0
ING025,20170522,221.21,221.21,221.21,221.21,0
ING025,20170523,222.08,222.08,222.08,222.08,0
ING025,20170524,222.51,222.51,222.51,222.51,0
ING025,20170525,221.99,221.99,221.99,221.99,0
ING025,20170526,222.19,222.19,222.19,222.19,0
ING025,20170529,222.15,222.15,222.15,222.15,0
ING025,20170530,221.77,221.77,221.77,221.77,0
ING025,20170531,220.56,220.56,220.56,220.56,0
ING025,20170601,221.99,221.99,221.99,221.99,0
ING025,20170602,221.89,221.89,221.89,221.89,0
ING025,20170605,221.60,221.60,221.60,221.60,0
ING025,20170606,220.55,220.55,220.55,220.55,0
ING025,20170607,220.65,220.65,220.65,220.65,0
ING025,20170608,221.76,221.76,221.76,221.76,0
ING025,20170609,223.36,223.36,223.36,223.36,0
ING025,20170612,222.78,222.78,222.78,222.78,0
ING025,20170613,223.61,223.61,223.61,223.61,0
ING025,20170614,222.02,222.02,222.02,222.02,0
ING025,20170616,222.25,222.25,222.25,222.25,0
ING025,20170619,223.82,223.82,223.82,223.82,0
ING025,20170620,222.70,222.70,222.70,222.70,0
ING025,20170621,222.35,222.35,222.35,222.35,0
ING025,20170622,222.81,222.81,222.81,222.81,0
ING025,20170623,222.47,222.47,222.47,222.47,0
ING025,20170626,222.71,222.71,222.71,222.71,0
ING025,20170627,220.71,220.71,220.71,220.71,0
ING025,20170628,220.86,220.86,220.86,220.86,0
ING025,20170629,218.86,218.86,218.86,218.86,0
ING025,20170630,218.65,218.65,218.65,218.65,0
ING025,20170703,220.87,220.87,220.87,220.87,0
ING025,20170704,221.17,221.17,221.17,221.17,0
ING025,20170705,221.35,221.35,221.35,221.35,0
ING025,20170706,218.81,218.81,218.81,218.81,0
ING025,20170707,219.05,219.05,219.05,219.05,0
ING025,20170710,219.21,219.21,219.21,219.21,0
ING025,20170711,218.23,218.23,218.23,218.23,0
ING025,20170712,219.94,219.94,219.94,219.94,0
ING025,20170713,221.11,221.11,221.11,221.11,0
ING025,20170714,221.27,221.27,221.27,221.27,0
ING025,20170717,221.09,221.09,221.09,221.09,0
ING025,20170718,218.40,218.40,218.40,218.40,0
ING025,20170719,220.39,220.39,220.39,220.39,0
ING025,20170720,218.83,218.83,218.83,218.83,0
ING025,20170721,217.68,217.68,217.68,217.68,0
ING025,20170724,217.46,217.46,217.46,217.46,0
ING025,20170725,218.48,218.48,218.48,218.48,0
ING025,20170726,218.95,218.95,218.95,218.95,0
ING025,20170727,218.97,218.97,218.97,218.97,0
ING025,20170728,217.03,217.03,217.03,217.03,0
ING025,20170731,216.55,216.55,216.55,216.55,0
ING025,20170801,217.01,217.01,217.01,217.01,0
ING025,20170802,216.30,216.30,216.30,216.30,0
ING025,20170803,216.11,216.11,216.11,216.11,0
ING025,20170804,218.42,218.42,218.42,218.42,0
ING025,20170807,218.04,218.04,218.04,218.04,0
ING025,20170808,218.67,218.67,218.67,218.67,0
ING025,20170809,217.61,217.61,217.61,217.61,0
ING025,20170810,215.30,215.30,215.30,215.30,0
ING025,20170811,213.60,213.60,213.60,213.60,0
ING025,20170814,215.08,215.08,215.08,215.08,0
ING025,20170816,216.60,216.60,216.60,216.60,0
ING025,20170817,213.84,213.84,213.84,213.84,0
ING025,20170818,213.11,213.11,213.11,213.11,0
ING025,20170821,211.70,211.70,211.70,211.70,0
ING025,20170822,213.49,213.49,213.49,213.49,0
ING025,20170823,212.73,212.73,212.73,212.73,0
ING025,20170824,213.01,213.01,213.01,213.01,0
ING025,20170825,212.66,212.66,212.66,212.66,0
ING025,20170828,211.26,211.26,211.26,211.26,0
ING025,20170829,209.32,209.32,209.32,209.32,0
ING025,20170830,211.35,211.35,211.35,211.35,0
ING025,20170831,213.11,213.11,213.11,213.11,0
ING025,20170901,214.49,214.49,214.49,214.49,0
ING025,20170904,213.24,213.24,213.24,213.24,0
ING025,20170905,212.17,212.17,212.17,212.17,0
ING025,20170906,212.75,212.75,212.75,212.75,0
ING025,20170907,212.22,212.22,212.22,212.22,0
ING025,20170908,211.83,211.83,211.83,211.83,0
ING025,20170911,214.40,214.40,214.40,214.40,0
ING025,20170912,216.08,216.08,216.08,216.08,0
ING025,20170913,216.67,216.67,216.67,216.67,0
ING025,20170914,217.15,217.15,217.15,217.15,0
ING025,20170915,215.98,215.98,215.98,215.98,0
ING025,20170918,216.36,216.36,216.36,216.36,0
ING025,20170919,216.73,216.73,216.73,216.73,0
ING025,20170920,216.83,216.83,216.83,216.83,0
ING025,20170921,217.45,217.45,217.45,217.45,0
