Name,Date,Open,High,Low,Close,Volume
ING036,20100218,98.73,98.73,98.73,98.73,0
ING036,20100219,98.83,98.83,98.83,98.83,0
ING036,20100222,98.24,98.24,98.24,98.24,0
ING036,20100223,96.07,96.07,96.07,96.07,0
ING036,20100224,96.04,96.04,96.04,96.04,0
ING036,20100225,95.63,95.63,95.63,95.63,0
ING036,20100226,97.12,97.12,97.12,97.12,0
ING036,20100301,98.36,98.36,98.36,98.36,0
ING036,20100302,99.83,99.83,99.83,99.83,0
ING036,20100303,99.96,99.96,99.96,99.96,0
ING036,20100304,99.09,99.09,99.09,99.09,0
ING036,20100305,100.86,100.86,100.86,100.86,0
ING036,20100308,100.64,100.64,100.64,100.64,0
ING036,20100309,101.54,101.54,101.54,101.54,0
ING036,20100310,103.06,103.06,103.06,103.06,0
ING036,20100311,103.18,103.18,103.18,103.18,0
ING036,20100312,102.91,102.91,102.91,102.91,0
ING036,20100315,102.56,102.56,102.56,102.56,0
ING036,20100316,103.75,103.75,103.75,103.75,0
ING036,20100317,103.57,103.57,103.57,103.57,0
ING036,20100318,102.61,102.61,102.61,102.61,0
ING036,20100319,101.41,101.41,101.41,101.41,0
ING036,20100322,101.51,101.51,101.51,101.51,0
ING036,20100323,102.97,102.97,102.97,102.97,0
ING036,20100324,101.85,101.85,101.85,101.85,0
ING036,20100325,101.01,101.01,101.01,101.01,0
ING036,20100326,100.63,100.63,100.63,100.63,0
ING036,20100329,102.43,102.43,102.43,102.43,0
ING036,20100330,103.09,103.09,103.09,103.09,0
ING036,20100331,103.73,103.73,103.73,103.73,0
ING036,20100401,103.72,103.72,103.72,103.72,0
ING036,20100406,106.21,106.21,106.21,106.21,0
ING036,20100407,105.24,105.24,105.24,105.24,0
ING036,20100408,105.39,105.39,105.39,105.39,0
ING036,20100409,105.94,105.94,105.94,105.94,0
ING036,20100412,105.71,105.71,105.71,105.71,0
ING036,20100413,105.39,105.39,105.39,105.39,0
ING036,20100414,106.84,106.84,106.84,106.84,0
ING036,20100415,106.63,106.63,106.63,106.63,0
ING036,20100416,104.47,104.47,104.47,104.47,0
ING036,20100419,103.72,103.72,103.72,103.72,0
ING036,20100420,104.54,104.54,104.54,104.54,0
ING036,20100421,104.38,104.38,104.38,104.38,0
ING036,20100422,103.92,103.92,103.92,103.92,0
ING036,20100423,104.55,104.55,104.55,104.55,0
ING036,20100426,104.62,104.62,104.62,104.62,0
ING036,20100427,101.04,101.04,101.04,101.04,0
ING036,20100428,100.89,100.89,100.89,100.89,0
ING036,20100429,103.53,103.53,103.53,103.53,0
ING036,20100430,103.30,103.30,103.30,103.30,0
ING036,20100504,98.91,98.91,98.91,98.91,0
ING036,20100505,96.70,96.70,96.70,96.70,0
ING036,20100506,94.54,94.54,94.54,94.54,0
ING036,20100507,92.28,92.28,92.28,92.28,0
ING036,20100510,98.07,98.07,98.07,98.07,0
ING036,20100511,97.38,97.38,97.38,97.38,0
ING036,20100512,97.38,97.38,97.38,97.38,0
ING036,20100513,98.72,98.72,98.72,98.72,0
ING036,20100514,95.05,95.05,95.05,95.05,0
ING036,20100517,93.74,93.74,93.74,93.74,0
ING036,20100518,92.24,92.24,92.24,92.24,0
ING036,20100519,89.10,89.10,89.10,89.10,0
ING036,20100520,85.05,85.05,85.05,85.05,0
ING036,20100521,85.04,85.04,85.04,85.04,0
ING036,20100524,88.12,88.12,88.12,88.12,0
ING036,20100525,86.46,86.46,86.46,86.46,0
ING036,20100526,89.23,89.23,89.23,89.23,0
ING036,20100527,92.44,92.44,92.44,92.44,0
ING036,20100528,92.23,92.23,92.23,92.23,0
ING036,20100531,93.89,93.89,93.89,93.89,0
ING036,20100601,92.09,92.09,92.09,92.09,0
ING036,20100602,93.25,93.25,93.25,93.25,0
ING036,20100604,91.03,91.03,91.03,91.03,0
ING036,20100607,89.64,89.64,89.64,89.64,0
ING036,20100608,90.73,90.73,90.73,90.73,0
ING036,20100609,91.67,91.67,91.67,91.67,0
ING036,20100610,94.47,94.47,94.47,94.47,0
ING036,20100611,95.58,95.58,95.58,95.58,0
ING036,20100614,95.56,95.56,95.56,95.56,0
ING036,20100615,97.25,97.25,97.25,97.25,0
ING036,20100616,97.89,97.89,97.89,97.89,0
ING036,20100617,97.89,97.89,97.89,97.89,0
ING036,20100618,98.23,98.23,98.23,98.23,0
ING036,20100621,99.35,99.35,99.35,99.35,0
ING036,20100622,99.34,99.34,99.34,99.34,0
ING036,20100623,98.55,98.55,98.55,98.55,0
ING036,20100624,96.36,96.36,96.36,96.36,0
ING036,20100625,97.66,97.66,97.66,97.66,0
ING036,20100628,97.50,97.50,97.50,97.50,0
ING036,20100629,93.60,93.60,93.60,93.60,0
ING036,20100630,92.32,92.32,92.32,92.32,0
ING036,20100701,92.71,92.71,92.71,92.71,0
ING036,20100702,94.14,94.14,94.14,94.14,0
ING036,20100705,93.41,93.41,93.41,93.41,0
ING036,20100706,95.37,95.37,95.37,95.37,0
ING036,20100707,96.94,96.94,96.94,96.94,0
ING036,20100708,97.39,97.39,97.39,97.39,0
ING036,20100709,97.91,97.91,97.91,97.91,0
ING036,20100712,97.04,97.04,97.04,97.04,0
ING036,20100713,98.43,98.43,98.43,98.43,0
ING036,20100714,98.19,98.19,98.19,98.19,0
ING036,20100715,97.62,97.62,97.62,97.62,0
ING036,20100716,95.46,95.46,95.46,95.46,0
ING036,20100719,96.13,96.13,96.13,96.13,0
ING036,20100720,97.79,97.79,97.79,97.79,0
ING036,20100721,98.04,98.04,98.04,98.04,0
ING036,20100722,100.57,100.57,100.57,100.57,0
ING036,20100723,101.28,101.28,101.28,101.28,0
ING036,20100726,101.12,101.12,101.12,101.12,0
ING036,20100727,101.13,101.13,101.13,101.13,0
ING036,20100728,101.50,101.50,101.50,101.50,0
ING036,20100729,101.38,101.38,101.38,101.38,0
ING036,20100730,102.23,102.23,102.23,102.23,0
ING036,20100802,104.20,104.20,104.20,104.20,0
ING036,20100803,102.90,102.90,102.90,102.90,0
ING036,20100804,103.35,103.35,103.35,103.35,0
ING036,20100805,103.70,103.70,103.70,103.70,0
ING036,20100806,103.18,103.18,103.18,103.18,0
ING036,20100809,103.49,103.49,103.49,103.49,0
ING036,20100810,102.10,102.10,102.10,102.10,0
ING036,20100811,99.32,99.32,99.32,99.32,0
ING036,20100812,99.57,99.57,99.57,99.57,0
ING036,20100813,99.84,99.84,99.84,99.84,0
ING036,20100816,100.86,100.86,100.86,100.86,0
ING036,20100817,102.51,102.51,102.51,102.51,0
ING036,20100818,102.40,102.40,102.40,102.40,0
ING036,20100819,101.10,101.10,101.10,101.10,0
ING036,20100820,100.91,100.91,100.91,100.91,0
ING036,20100823,99.92,99.92,99.92,99.92,0
ING036,20100824,98.34,98.34,98.34,98.34,0
ING036,20100825,97.79,97.79,97.79,97.79,0
ING036,20100826,97.33,97.33,97.33,97.33,0
ING036,20100827,99.19,99.19,99.19,99.19,0
ING036,20100830,97.88,97.88,97.88,97.88,0
ING036,20100831,99.16,99.16,99.16,99.16,0
ING036,20100901,102.45,102.45,102.45,102.45,0
ING036,20100902,102.48,102.48,102.48,102.48,0
ING036,20100903,102.92,102.92,102.92,102.92,0
ING036,20100906,103.42,103.42,103.42,103.42,0
ING036,20100907,102.56,102.56,102.56,102.56,0
ING036,20100908,102.63,102.63,102.63,102.63,0
ING036,20100909,102.78,102.78,102.78,102.78,0
ING036,20100910,103.12,103.12,103.12,103.12,0
ING036,20100913,104.69,104.69,104.69,104.69,0
ING036,20100914,105.17,105.17,105.17,105.17,0
ING036,20100915,105.43,105.43,105.43,105.43,0
ING036,20100916,104.86,104.86,104.86,104.86,0
ING036,20100917,104.26,104.26,104.26,104.26,0
ING036,20100920,105.71,105.71,105.71,105.71,0
ING036,20100921,104.73,104.73,104.73,104.73,0
ING036,20100922,105.79,105.79,105.79,105.79,0
ING036,20100923,106.00,106.00,106.00,106.00,0
ING036,20100924,106.45,106.45,106.45,106.45,0
ING036,20100927,107.17,107.17,107.17,107.17,0
ING036,20100928,107.88,107.88,107.88,107.88,0
ING036,20100929,108.43,108.43,108.43,108.43,0
ING036,20100930,109.67,109.67,109.67,109.67,0
ING036,20101001,111.37,111.37,111.37,111.37,0
ING036,20101004,111.63,111.63,111.63,111.63,0
ING036,20101005,112.94,112.94,112.94,112.94,0
ING036,20101006,112.67,112.67,112.67,112.67,0
ING036,20101007,112.20,112.20,112.20,112.20,0
ING036,20101008,113.56,113.56,113.56,113.56,0
ING036,20101011,114.42,114.42,114.42,114.42,0
ING036,20101012,114.19,114.19,114.19,114.19,0
ING036,20101013,115.94,115.94,115.94,115.94,0
ING036,20101014,115.57,115.57,115.57,115.57,0
ING036,20101015,115.48,115.48,115.48,115.48,0
ING036,20101018,115.62,115.62,115.62,115.62,0
ING036,20101019,111.89,111.89,111.89,111.89,0
ING036,20101020,113.68,113.68,113.68,113.68,0
ING036,20101021,112.74,112.74,112.74,112.74,0
ING036,20101022,112.49,112.49,112.49,112.49,0
ING036,20101025,112.84,112.84,112.84,112.84,0
ING036,20101026,113.58,113.58,113.58,113.58,0
ING036,20101027,112.14,112.14,112.14,112.14,0
ING036,20101028,112.27,112.27,112.27,112.27,0
ING036,20101029,113.65,113.65,113.65,113.65,0
ING036,20101102,115.46,115.46,115.46,115.46,0
ING036,20101103,116.00,116.00,116.00,116.00,0
ING036,20101104,118.74,118.74,118.74,118.74,0
ING036,20101105,118.37,118.37,118.37,118.37,0
ING036,20101108,117.78,117.78,117.78,117.78,0
ING036,20101109,116.18,116.18,116.18,116.18,0
ING036,20101110,115.37,115.37,115.37,115.37,0
ING036,20101112,113.36,113.36,113.36,113.36,0
ING036,20101115,112.99,112.99,112.99,112.99,0
ING036,20101116,110.70,110.70,110.70,110.70,0
ING036,20101117,111.70,111.70,111.70,111.70,0
ING036,20101118,114.46,114.46,114.46,114.46,0
ING036,20101119,114.52,114.52,114.52,114.52,0
ING036,20101122,113.41,113.41,113.41,113.41,0
ING036,20101123,110.32,110.32,110.32,110.32,0
ING036,20101124,113.03,113.03,113.03,113.03,0
ING036,20101125,112.95,112.95,112.95,112.95,0
ING036,20101126,111.24,111.24,111.24,111.24,0
ING036,20101129,110.43,110.43,110.43,110.43,0
ING036,20101130,110.79,110.79,110.79,110.79,0
ING036,20101201,113.22,113.22,113.22,113.22,0
ING036,20101202,114.02,114.02,114.02,114.02,0
ING036,20101203,114.30,114.30,114.30,114.30,0
ING036,20101206,114.39,114.39,114.39,114.39,0
ING036,20101207,114.39,114.39,114.39,114.39,0
ING036,20101208,112.71,112.71,112.71,112.71,0
ING036,20101209,111.75,111.75,111.75,111.75,0
ING036,20101210,111.50,111.50,111.50,111.50,0
ING036,20101213,113.34,113.34,113.34,113.34,0
ING036,20101214,113.53,113.53,113.53,113.53,0
ING036,20101215,112.34,112.34,112.34,112.34,0
ING036,20101216,111.32,111.32,111.32,111.32,0
ING036,20101217,112.22,112.22,112.22,112.22,0
ING036,20101220,111.50,111.50,111.50,111.50,0
ING036,20101221,112.99,112.99,112.99,112.99,0
ING036,20101222,113.81,113.81,113.81,113.81,0
ING036,20101223,113.52,113.52,113.52,113.52,0
ING036,20101227,112.95,112.95,112.95,112.95,0
ING036,20101228,113.44,113.44,113.44,113.44,0
ING036,20101229,114.85,114.85,114.85,114.85,0
ING036,20101230,116.32,116.32,116.32,116.32,0
ING036,20101231,116.86,116.86,116.86,116.86,0
ING036,20110103,117.95,117.95,117.95,117.95,0
ING036,20110104,117.43,117.43,117.43,117.43,0
ING036,20110105,118.19,118.19,118.19,118.19,0
ING036,20110107,116.09,116.09,116.09,116.09,0
ING036,20110110,115.32,115.32,115.32,115.32,0
ING036,20110111,116.09,116.09,116.09,116.09,0
ING036,20110112,118.21,118.21,118.21,118.21,0
ING036,20110113,117.27,117.27,117.27,117.27,0
ING036,20110114,116.72,116.72,116.72,116.72,0
ING036,20110117,116.26,116.26,116.26,116.26,0
ING036,20110118,117.01,117.01,117.01,117.01,0
ING036,20110119,116.00,116.00,116.00,116.00,0
ING036,20110120,114.36,114.36,114.36,114.36,0
ING036,20110121,114.43,114.43,114.43,114.43,0
ING036,20110124,114.98,114.98,114.98,114.98,0
ING036,20110125,114.46,114.46,114.46,114.46,0
ING036,20110126,114.28,114.28,114.28,114.28,0
ING036,20110127,112.96,112.96,112.96,112.96,0
ING036,20110128,110.69,110.69,110.69,110.69,0
ING036,20110131,110.94,110.94,110.94,110.94,0
ING036,20110201,113.53,113.53,113.53,113.53,0
ING036,20110202,112.23,112.23,112.23,112.23,0
ING036,20110203,111.67,111.67,111.67,111.67,0
ING036,20110204,109.70,109.70,109.70,109.70,0
ING036,20110207,109.47,109.47,109.47,109.47,0
ING036,20110208,110.46,110.46,110.46,110.46,0
ING036,20110209,108.72,108.72,108.72,108.72,0
ING036,20110210,108.19,108.19,108.19,108.19,0
ING036,20110211,110.18,110.18,110.18,110.18,0
ING036,20110214,111.07,111.07,111.07,111.07,0
ING036,20110215,111.06,111.06,111.06,111.06,0
ING036,20110216,112.20,112.20,112.20,112.20,0
ING036,20110217,112.89,112.89,112.89,112.89,0
ING036,20110218,113.11,113.11,113.11,113.11,0
ING036,20110221,112.26,112.26,112.26,112.26,0
ING036,20110222,110.47,110.47,110.47,110.47,0
ING036,20110223,110.25,110.25,110.25,110.25,0
ING036,20110224,110.60,110.60,110.60,110.60,0
ING036,20110225,111.29,111.29,111.29,111.29,0
ING036,20110228,112.48,112.48,112.48,112.48,0
ING036,20110301,111.08,111.08,111.08,111.08,0
ING036,20110302,112.30,112.30,112.30,112.30,0
ING036,20110303,113.86,113.86,113.86,113.86,0
ING036,20110304,113.96,113.96,113.96,113.96,0
ING036,20110307,113.02,113.02,113.02,113.02,0
ING036,20110308,112.88,112.88,112.88,112.88,0
ING036,20110309,112.02,112.02,112.02,112.02,0
ING036,20110310,109.56,109.56,109.56,109.56,0
ING036,20110311,110.07,110.07,110.07,110.07,0
ING036,20110314,110.28,110.28,110.28,110.28,0
ING036,20110315,109.55,109.55,109.55,109.55,0
ING036,20110316,108.07,108.07,108.07,108.07,0
ING036,20110317,108.33,108.33,108.33,108.33,0
ING036,20110318,109.20,109.20,109.20,109.20,0
ING036,20110321,109.85,109.85,109.85,109.85,0
ING036,20110322,111.21,111.21,111.21,111.21,0
ING036,20110323,111.78,111.78,111.78,111.78,0
ING036,20110324,112.23,112.23,112.23,112.23,0
ING036,20110325,112.11,112.11,112.11,112.11,0
ING036,20110328,111.35,111.35,111.35,111.35,0
ING036,20110329,111.88,111.88,111.88,111.88,0
ING036,20110330,113.85,113.85,113.85,113.85,0
ING036,20110331,115.66,115.66,115.66,115.66,0
ING036,20110401,116.96,116.96,116.96,116.96,0
ING036,20110404,117.21,117.21,117.21,117.21,0
ING036,20110405,117.68,117.68,117.68,117.68,0
ING036,20110406,117.73,117.73,117.73,117.73,0
ING036,20110407,117.56,117.56,117.56,117.56,0
ING036,20110408,117.86,117.86,117.86,117.86,0
ING036,20110411,117.25,117.25,117.25,117.25,0
ING036,20110412,114.93,114.93,114.93,114.93,0
ING036,20110413,114.49,114.49,114.49,114.49,0
ING036,20110414,114.13,114.13,114.13,114.13,0
ING036,20110415,115.23,115.23,115.23,115.23,0
ING036,20110418,111.98,111.98,111.98,111.98,0
ING036,20110419,113.50,113.50,113.50,113.50,0
ING036,20110420,115.94,115.94,115.94,115.94,0
ING036,20110421,115.93,115.93,115.93,115.93,0
ING036,20110426,117.28,117.28,117.28,117.28,0
ING036,20110427,115.50,115.50,115.50,115.50,0
ING036,20110428,114.49,114.49,114.49,114.49,0
ING036,20110429,116.22,116.22,116.22,116.22,0
ING036,20110502,114.68,114.68,114.68,114.68,0
ING036,20110504,110.02,110.02,110.02,110.02,0
ING036,20110505,108.54,108.54,108.54,108.54,0
ING036,20110506,110.66,110.66,110.66,110.66,0
ING036,20110509,109.88,109.88,109.88,109.88,0
ING036,20110510,112.35,112.35,112.35,112.35,0
ING036,20110511,109.66,109.66,109.66,109.66,0
ING036,20110512,108.96,108.96,108.96,108.96,0
ING036,20110513,106.98,106.98,106.98,106.98,0
ING036,20110516,107.34,107.34,107.34,107.34,0
ING036,20110517,107.38,107.38,107.38,107.38,0
ING036,20110518,108.31,108.31,108.31,108.31,0
ING036,20110519,106.69,106.69,106.69,106.69,0
ING036,20110520,107.31,107.31,107.31,107.31,0
ING036,20110523,105.50,105.50,105.50,105.50,0
ING036,20110524,108.13,108.13,108.13,108.13,0
ING036,20110525,108.16,108.16,108.16,108.16,0
ING036,20110526,109.83,109.83,109.83,109.83,0
ING036,20110527,111.54,111.54,111.54,111.54,0
ING036,20110530,111.43,111.43,111.43,111.43,0
ING036,20110531,111.87,111.87,111.87,111.87,0
ING036,20110601,110.97,110.97,110.97,110.97,0
ING036,20110602,110.97,110.97,110.97,110.97,0
ING036,20110603,111.34,111.34,111.34,111.34,0
ING036,20110606,108.58,108.58,108.58,108.58,0
ING036,20110607,109.52,109.52,109.52,109.52,0
ING036,20110608,108.67,108.67,108.67,108.67,0
ING036,20110609,109.89,109.89,109.89,109.89,0
ING036,20110610,107.31,107.31,107.31,107.31,0
ING036,20110613,107.30,107.30,107.30,107.30,0
ING036,20110614,107.95,107.95,107.95,107.95,0
ING036,20110615,107.25,107.25,107.25,107.25,0
ING036,20110616,104.72,104.72,104.72,104.72,0
ING036,20110617,105.27,105.27,105.27,105.27,0
ING036,20110620,106.63,106.63,106.63,106.63,0
ING036,20110621,106.74,106.74,106.74,106.74,0
ING036,20110622,107.60,107.60,107.60,107.60,0
ING036,20110624,106.73,106.73,106.73,106.73,0
ING036,20110627,105.98,105.98,105.98,105.98,0
ING036,20110628,108.23,108.23,108.23,108.23,0
ING036,20110629,109.92,109.92,109.92,109.92,0
ING036,20110630,110.67,110.67,110.67,110.67,0
ING036,20110701,113.00,113.00,113.00,113.00,0
ING036,20110704,112.26,112.26,112.26,112.26,0
ING036,20110705,112.06,112.06,112.06,112.06,0
ING036,20110706,110.87,110.87,110.87,110.87,0
ING036,20110707,111.12,111.12,111.12,111.12,0
ING036,20110708,109.47,109.47,109.47,109.47,0
ING036,20110711,106.63,106.63,106.63,106.63,0
ING036,20110712,105.64,105.64,105.64,105.64,0
ING036,20110713,107.49,107.49,107.49,107.49,0
ING036,20110714,105.40,105.40,105.40,105.40,0
ING036,20110715,105.24,105.24,105.24,105.24,0
ING036,20110718,103.89,103.89,103.89,103.89,0
ING036,20110719,105.42,105.42,105.42,105.42,0
ING036,20110720,105.99,105.99,105.99,105.99,0
ING036,20110721,108.08,108.08,108.08,108.08,0
ING036,20110722,108.48,108.48,108.48,108.48,0
ING036,20110725,108.69,108.69,108.69,108.69,0
ING036,20110726,108.18,108.18,108.18,108.18,0
ING036,20110727,104.37,104.37,104.37,104.37,0
ING036,20110728,104.96,104.96,104.96,104.96,0
ING036,20110729,106.11,106.11,106.11,106.11,0
ING036,20110801,105.45,105.45,105.45,105.45,0
ING036,20110802,101.57,101.57,101.57,101.57,0
ING036,20110803,99.55,99.55,99.55,99.55,0
ING036,20110804,93.77,93.77,93.77,93.77,0
ING036,20110805,93.48,93.48,93.48,93.48,0
ING036,20110808,85.39,85.39,85.39,85.39,0
ING036,20110809,87.82,87.82,87.82,87.82,0
ING036,20110810,88.53,88.53,88.53,88.53,0
ING036,20110811,91.49,91.49,91.49,91.49,0
ING036,20110812,92.41,92.41,92.41,92.41,0
ING036,20110816,95.51,95.51,95.51,95.51,0
ING036,20110817,96.43,96.43,96.43,96.43,0
ING036,20110818,93.12,93.12,93.12,93.12,0
ING036,20110819,91.55,91.55,91.55,91.55,0
ING036,20110822,91.28,91.28,91.28,91.28,0
ING036,20110823,93.06,93.06,93.06,93.06,0
ING036,20110824,93.61,93.61,93.61,93.61,0
ING036,20110825,91.90,91.90,91.90,91.90,0
ING036,20110826,92.66,92.66,92.66,92.66,0
ING036,20110829,95.48,95.48,95.48,95.48,0
ING036,20110830,97.05,97.05,97.05,97.05,0
ING036,20110831,99.57,99.57,99.57,99.57,0
ING036,20110901,100.68,100.68,100.68,100.68,0
ING036,20110902,98.16,98.16,98.16,98.16,0
ING036,20110905,94.30,94.30,94.30,94.30,0
ING036,20110906,94.93,94.93,94.93,94.93,0
ING036,20110907,96.71,96.71,96.71,96.71,0
ING036,20110908,96.99,96.99,96.99,96.99,0
ING036,20110909,92.79,92.79,92.79,92.79,0
ING036,20110912,91.36,91.36,91.36,91.36,0
ING036,20110913,91.19,91.19,91.19,91.19,0
ING036,20110914,91.09,91.09,91.09,91.09,0
ING036,20110915,92.90,92.90,92.90,92.90,0
ING036,20110916,93.36,93.36,93.36,93.36,0
ING036,20110919,90.47,90.47,90.47,90.47,0
ING036,20110920,89.03,89.03,89.03,89.03,0
ING036,20110921,85.94,85.94,85.94,85.94,0
ING036,20110922,79.87,79.87,79.87,79.87,0
ING036,20110923,80.99,80.99,80.99,80.99,0
ING036,20110926,81.96,81.96,81.96,81.96,0
ING036,20110927,84.92,84.92,84.92,84.92,0
ING036,20110928,83.63,83.63,83.63,83.63,0
ING036,20110929,83.62,83.62,83.62,83.62,0
ING036,20110930,81.39,81.39,81.39,81.39,0
ING036,20111003,78.51,78.51,78.51,78.51,0
ING036,20111004,77.73,77.73,77.73,77.73,0
ING036,20111005,80.47,80.47,80.47,80.47,0
ING036,20111006,82.83,82.83,82.83,82.83,0
ING036,20111007,83.48,83.48,83.48,83.48,0
ING036,20111010,86.33,86.33,86.33,86.33,0
ING036,20111011,86.44,86.44,86.44,86.44,0
ING036,20111012,87.39,87.39,87.39,87.39,0
ING036,20111013,87.83,87.83,87.83,87.83,0
ING036,20111014,90.21,90.21,90.21,90.21,0
ING036,20111017,87.41,87.41,87.41,87.41,0
ING036,20111018,88.80,88.80,88.80,88.80,0
ING036,20111019,88.36,88.36,88.36,88.36,0
ING036,20111020,86.03,86.03,86.03,86.03,0
ING036,20111021,88.56,88.56,88.56,88.56,0
ING036,20111024,91.03,91.03,91.03,91.03,0
ING036,20111025,89.68,89.68,89.68,89.68,0
ING036,20111026,90.94,90.94,90.94,90.94,0
ING036,20111027,96.23,96.23,96.23,96.23,0
ING036,20111028,97.86,97.86,97.86,97.86,0
ING036,20111031,94.82,94.82,94.82,94.82,0
ING036,20111102,94.81,94.81,94.81,94.81,0
ING036,20111103,93.49,93.49,93.49,93.49,0
ING036,20111104,93.96,93.96,93.96,93.96,0
ING036,20111107,94.39,94.39,94.39,94.39,0
ING036,20111108,95.13,95.13,95.13,95.13,0
ING036,20111109,91.76,91.76,91.76,91.76,0
ING036,20111110,90.87,90.87,90.87,90.87,0
ING036,20111114,92.31,92.31,92.31,92.31,0
ING036,20111115,92.23,92.23,92.23,92.23,0
ING036,20111116,91.93,91.93,91.93,91.93,0
ING036,20111117,89.75,89.75,89.75,89.75,0
ING036,20111118,88.43,88.43,88.43,88.43,0
ING036,20111121,86.46,86.46,86.46,86.46,0
ING036,20111122,86.03,86.03,86.03,86.03,0
ING036,20111123,83.23,83.23,83.23,83.23,0
ING036,20111124,82.91,82.91,82.91,82.91,0
ING036,20111125,82.14,82.14,82.14,82.14,0
ING036,20111128,84.49,84.49,84.49,84.49,0
ING036,20111129,84.25,84.25,84.25,84.25,0
ING036,20111130,87.88,87.88,87.88,87.88,0
ING036,20111201,89.40,89.40,89.40,89.40,0
ING036,20111202,89.73,89.73,89.73,89.73,0
ING036,20111205,91.08,91.08,91.08,91.08,0
ING036,20111206,90.93,90.93,90.93,90.93,0
ING036,20111207,90.22,90.22,90.22,90.22,0
ING036,20111208,88.07,88.07,88.07,88.07,0
ING036,20111209,89.31,89.31,89.31,89.31,0
ING036,20111212,87.28,87.28,87.28,87.28,0
ING036,20111213,86.77,86.77,86.77,86.77,0
ING036,20111214,83.89,83.89,83.89,83.89,0
ING036,20111215,84.20,84.20,84.20,84.20,0
ING036,20111216,84.68,84.68,84.68,84.68,0
ING036,20111219,83.27,83.27,83.27,83.27,0
ING036,20111220,85.94,85.94,85.94,85.94,0
ING036,20111221,85.36,85.36,85.36,85.36,0
ING036,20111222,86.16,86.16,86.16,86.16,0
ING036,20111223,86.37,86.37,86.37,86.37,0
ING036,20111227,86.31,86.31,86.31,86.31,0
ING036,20111228,84.35,84.35,84.35,84.35,0
ING036,20111229,85.37,85.37,85.37,85.37,0
ING036,20111230,85.53,85.53,85.53,85.53,0
ING036,20120102,86.15,86.15,86.15,86.15,0
ING036,20120103,88.59,88.59,88.59,88.59,0
ING036,20120104,88.90,88.90,88.90,88.90,0
ING036,20120105,87.74,87.74,87.74,87.74,0
ING036,20120109,87.88,87.88,87.88,87.88,0
ING036,20120110,90.15,90.15,90.15,90.15,0
ING036,20120111,90.44,90.44,90.44,90.44,0
ING036,20120112,91.20,91.20,91.20,91.20,0
ING036,20120113,90.09,90.09,90.09,90.09,0
ING036,20120116,91.29,91.29,91.29,91.29,0
ING036,20120117,92.33,92.33,92.33,92.33,0
ING036,20120118,94.70,94.70,94.70,94.70,0
ING036,20120119,94.86,94.86,94.86,94.86,0
ING036,20120120,94.98,94.98,94.98,94.98,0
ING036,20120123,95.67,95.67,95.67,95.67,0
ING036,20120124,95.22,95.22,95.22,95.22,0
ING036,20120125,95.83,95.83,95.83,95.83,0
ING036,20120126,97.18,97.18,97.18,97.18,0
ING036,20120127,96.48,96.48,96.48,96.48,0
ING036,20120130,95.71,95.71,95.71,95.71,0
ING036,20120131,96.15,96.15,96.15,96.15,0
ING036,20120201,98.20,98.20,98.20,98.20,0
ING036,20120202,98.73,98.73,98.73,98.73,0
ING036,20120203,100.14,100.14,100.14,100.14,0
ING036,20120206,99.89,99.89,99.89,99.89,0
ING036,20120207,100.12,100.12,100.12,100.12,0
ING036,20120208,100.31,100.31,100.31,100.31,0
ING036,20120209,100.01,100.01,100.01,100.01,0
ING036,20120210,98.24,98.24,98.24,98.24,0
ING036,20120213,99.86,99.86,99.86,99.86,0
ING036,20120214,98.64,98.64,98.64,98.64,0
ING036,20120215,98.50,98.50,98.50,98.50,0
ING036,20120216,99.11,99.11,99.11,99.11,0
ING036,20120217,99.96,99.96,99.96,99.96,0
ING036,20120220,100.13,100.13,100.13,100.13,0
ING036,20120221,99.84,99.84,99.84,99.84,0
ING036,20120222,99.79,99.79,99.79,99.79,0
ING036,20120223,99.92,99.92,99.92,99.92,0
ING036,20120224,100.04,100.04,100.04,100.04,0
ING036,20120227,99.23,99.23,99.23,99.23,0
ING036,20120228,100.56,100.56,100.56,100.56,0
ING036,20120229,99.90,99.90,99.90,99.90,0
ING036,20120301,101.32,101.32,101.32,101.32,0
ING036,20120302,101.24,101.24,101.24,101.24,0
ING036,20120305,99.65,99.65,99.65,99.65,0
ING036,20120306,96.15,96.15,96.15,96.15,0
ING036,20120307,96.32,96.32,96.32,96.32,0
ING036,20120308,98.25,98.25,98.25,98.25,0
ING036,20120309,98.39,98.39,98.39,98.39,0
ING036,20120312,96.28,96.28,96.28,96.28,0
ING036,20120313,98.93,98.93,98.93,98.93,0
ING036,20120314,97.99,97.99,97.99,97.99,0
ING036,20120315,98.26,98.26,98.26,98.26,0
ING036,20120316,98.53,98.53,98.53,98.53,0
ING036,20120319,98.43,98.43,98.43,98.43,0
ING036,20120320,97.08,97.08,97.08,97.08,0
ING036,20120321,96.94,96.94,96.94,96.94,0
ING036,20120322,95.77,95.77,95.77,95.77,0
ING036,20120323,96.25,96.25,96.25,96.25,0
ING036,20120326,97.88,97.88,97.88,97.88,0
ING036,20120327,97.55,97.55,97.55,97.55,0
ING036,20120328,96.20,96.20,96.20,96.20,0
ING036,20120329,95.66,95.66,95.66,95.66,0
ING036,20120330,96.30,96.30,96.30,96.30,0
ING036,20120402,96.84,96.84,96.84,96.84,0
ING036,20120403,96.41,96.41,96.41,96.41,0
ING036,20120404,94.48,94.48,94.48,94.48,0
ING036,20120405,94.44,94.44,94.44,94.44,0
ING036,20120410,91.83,91.83,91.83,91.83,0
ING036,20120411,91.91,91.91,91.91,91.91,0
ING036,20120412,94.39,94.39,94.39,94.39,0
ING036,20120413,92.87,92.87,92.87,92.87,0
ING036,20120416,92.74,92.74,92.74,92.74,0
ING036,20120417,92.98,92.98,92.98,92.98,0
ING036,20120418,92.49,92.49,92.49,92.49,0
ING036,20120419,91.69,91.69,91.69,91.69,0
ING036,20120420,92.34,92.34,92.34,92.34,0
ING036,20120423,91.15,91.15,91.15,91.15,0
ING036,20120424,91.51,91.51,91.51,91.51,0
ING036,20120425,91.08,91.08,91.08,91.08,0
ING036,20120426,91.35,91.35,91.35,91.35,0
ING036,20120427,91.99,91.99,91.99,91.99,0
ING036,20120430,91.93,91.93,91.93,91.93,0
ING036,20120502,91.93,91.93,91.93,91.93,0
ING036,20120504,90.40,90.40,90.40,90.40,0
ING036,20120507,90.84,90.84,90.84,90.84,0
ING036,20120508,88.78,88.78,88.78,88.78,0
ING036,20120509,87.37,87.37,87.37,87.37,0
ING036,20120510,87.87,87.87,87.87,87.87,0
ING036,20120511,87.60,87.60,87.60,87.60,0
ING036,20120514,84.70,84.70,84.70,84.70,0
ING036,20120515,83.21,83.21,83.21,83.21,0
ING036,20120516,82.34,82.34,82.34,82.34,0
ING036,20120517,80.65,80.65,80.65,80.65,0
ING036,20120518,80.52,80.52,80.52,80.52,0
ING036,20120521,82.01,82.01,82.01,82.01,0
ING036,20120522,81.07,81.07,81.07,81.07,0
ING036,20120523,79.14,79.14,79.14,79.14,0
ING036,20120524,80.06,80.06,80.06,80.06,0
ING036,20120525,81.09,81.09,81.09,81.09,0
ING036,20120528,82.17,82.17,82.17,82.17,0
ING036,20120529,82.03,82.03,82.03,82.03,0
ING036,20120530,80.67,80.67,80.67,80.67,0
ING036,20120531,80.88,80.88,80.88,80.88,0
ING036,20120601,79.12,79.12,79.12,79.12,0
ING036,20120604,79.20,79.20,79.20,79.20,0
ING036,20120605,79.19,79.19,79.19,79.19,0
ING036,20120606,80.97,80.97,80.97,80.97,0
ING036,20120608,80.84,80.84,80.84,80.84,0
ING036,20120611,79.96,79.96,79.96,79.96,0
ING036,20120612,80.89,80.89,80.89,80.89,0
ING036,20120613,80.93,80.93,80.93,80.93,0
ING036,20120614,81.03,81.03,81.03,81.03,0
ING036,20120615,82.06,82.06,82.06,82.06,0
ING036,20120618,82.08,82.08,82.08,82.08,0
ING036,20120619,84.14,84.14,84.14,84.14,0
ING036,20120620,84.02,84.02,84.02,84.02,0
ING036,20120621,81.80,81.80,81.80,81.80,0
ING036,20120622,81.14,81.14,81.14,81.14,0
ING036,20120625,79.36,79.36,79.36,79.36,0
ING036,20120626,79.63,79.63,79.63,79.63,0
ING036,20120627,79.67,79.67,79.67,79.67,0
ING036,20120628,78.91,78.91,78.91,78.91,0
ING036,20120629,82.57,82.57,82.57,82.57,0
ING036,20120702,83.62,83.62,83.62,83.62,0
ING036,20120703,84.53,84.53,84.53,84.53,0
ING036,20120704,84.31,84.31,84.31,84.31,0
ING036,20120705,84.13,84.13,84.13,84.13,0
ING036,20120706,82.93,82.93,82.93,82.93,0
ING036,20120709,83.17,83.17,83.17,83.17,0
ING036,20120710,81.96,81.96,81.96,81.96,0
ING036,20120711,81.89,81.89,81.89,81.89,0
ING036,20120712,81.01,81.01,81.01,81.01,0
ING036,20120713,82.49,82.49,82.49,82.49,0
ING036,20120716,82.19,82.19,82.19,82.19,0
ING036,20120717,82.58,82.58,82.58,82.58,0
ING036,20120718,83.12,83.12,83.12,83.12,0
ING036,20120719,83.57,83.57,83.57,83.57,0
ING036,20120720,82.74,82.74,82.74,82.74,0
ING036,20120723,81.08,81.08,81.08,81.08,0
ING036,20120724,80.48,80.48,80.48,80.48,0
ING036,20120725,79.66,79.66,79.66,79.66,0
ING036,20120726,82.22,82.22,82.22,82.22,0
ING036,20120727,85.13,85.13,85.13,85.13,0
ING036,20120730,85.02,85.02,85.02,85.02,0
ING036,20120731,83.45,83.45,83.45,83.45,0
ING036,20120801,83.63,83.63,83.63,83.63,0
ING036,20120802,82.81,82.81,82.81,82.81,0
ING036,20120803,84.79,84.79,84.79,84.79,0
ING036,20120806,85.60,85.60,85.60,85.60,0
ING036,20120807,85.39,85.39,85.39,85.39,0
ING036,20120808,85.91,85.91,85.91,85.91,0
ING036,20120809,85.95,85.95,85.95,85.95,0
ING036,20120810,86.50,86.50,86.50,86.50,0
ING036,20120813,85.76,85.76,85.76,85.76,0
ING036,20120814,85.44,85.44,85.44,85.44,0
ING036,20120816,86.66,86.66,86.66,86.66,0
ING036,20120817,86.48,86.48,86.48,86.48,0
ING036,20120820,86.48,86.48,86.48,86.48,0
ING036,20120821,86.16,86.16,86.16,86.16,0
ING036,20120822,86.01,86.01,86.01,86.01,0
ING036,20120823,85.36,85.36,85.36,85.36,0
ING036,20120824,85.32,85.32,85.32,85.32,0
ING036,20120827,84.83,84.83,84.83,84.83,0
ING036,20120828,84.73,84.73,84.73,84.73,0
ING036,20120829,83.62,83.62,83.62,83.62,0
ING036,20120830,83.59,83.59,83.59,83.59,0
ING036,20120831,84.30,84.30,84.30,84.30,0
ING036,20120903,84.42,84.42,84.42,84.42,0
ING036,20120904,83.54,83.54,83.54,83.54,0
ING036,20120905,84.02,84.02,84.02,84.02,0
ING036,20120906,85.88,85.88,85.88,85.88,0
ING036,20120907,86.30,86.30,86.30,86.30,0
ING036,20120910,86.47,86.47,86.47,86.47,0
ING036,20120911,87.25,87.25,87.25,87.25,0
ING036,20120912,87.48,87.48,87.48,87.48,0
ING036,20120913,89.03,89.03,89.03,89.03,0
ING036,20120914,90.21,90.21,90.21,90.21,0
ING036,20120917,89.53,89.53,89.53,89.53,0
ING036,20120918,89.37,89.37,89.37,89.37,0
ING036,20120919,89.17,89.17,89.17,89.17,0
ING036,20120920,88.62,88.62,88.62,88.62,0
ING036,20120921,88.52,88.52,88.52,88.52,0
ING036,20120924,88.50,88.50,88.50,88.50,0
ING036,20120925,87.34,87.34,87.34,87.34,0
ING036,20120926,87.13,87.13,87.13,87.13,0
ING036,20120927,87.58,87.58,87.58,87.58,0
ING036,20120928,87.16,87.16,87.16,87.16,0
ING036,20121001,87.85,87.85,87.85,87.85,0
ING036,20121002,87.71,87.71,87.71,87.71,0
ING036,20121003,87.08,87.08,87.08,87.08,0
ING036,20121004,87.84,87.84,87.84,87.84,0
ING036,20121005,88.32,88.32,88.32,88.32,0
ING036,20121008,88.37,88.37,88.37,88.37,0
ING036,20121009,87.67,87.67,87.67,87.67,0
ING036,20121010,87.17,87.17,87.17,87.17,0
ING036,20121011,88.03,88.03,88.03,88.03,0
ING036,20121012,87.84,87.84,87.84,87.84,0
ING036,20121015,88.24,88.24,88.24,88.24,0
ING036,20121016,89.02,89.02,89.02,89.02,0
ING036,20121017,89.22,89.22,89.22,89.22,0
ING036,20121018,89.19,89.19,89.19,89.19,0
ING036,20121019,88.57,88.57,88.57,88.57,0
ING036,20121022,88.27,88.27,88.27,88.27,0
ING036,20121023,86.98,86.98,86.98,86.98,0
ING036,20121024,87.05,87.05,87.05,87.05,0
ING036,20121025,87.82,87.82,87.82,87.82,0
ING036,20121026,87.67,87.67,87.67,87.67,0
ING036,20121029,87.33,87.33,87.33,87.33,0
ING036,20121030,87.68,87.68,87.68,87.68,0
ING036,20121031,87.41,87.41,87.41,87.41,0
ING036,20121102,88.36,88.36,88.36,88.36,0
ING036,20121105,88.21,88.21,88.21,88.21,0
ING036,20121106,88.98,88.98,88.98,88.98,0
ING036,20121107,87.79,87.79,87.79,87.79,0
ING036,20121108,86.80,86.80,86.80,86.80,0
ING036,20121109,86.41,86.41,86.41,86.41,0
ING036,20121112,86.19,86.19,86.19,86.19,0
ING036,20121113,86.29,86.29,86.29,86.29,0
ING036,20121114,84.95,84.95,84.95,84.95,0
ING036,20121115,85.07,85.07,85.07,85.07,0
ING036,20121116,84.55,84.55,84.55,84.55,0
ING036,20121119,85.91,85.91,85.91,85.91,0
ING036,20121120,85.73,85.73,85.73,85.73,0
ING036,20121121,85.68,85.68,85.68,85.68,0
ING036,20121122,86.13,86.13,86.13,86.13,0
ING036,20121123,87.02,87.02,87.02,87.02,0
ING036,20121126,86.43,86.43,86.43,86.43,0
ING036,20121127,85.79,85.79,85.79,85.79,0
ING036,20121128,85.64,85.64,85.64,85.64,0
ING036,20121129,86.43,86.43,86.43,86.43,0
ING036,20121130,86.19,86.19,86.19,86.19,0
ING036,20121203,86.48,86.48,86.48,86.48,0
ING036,20121204,85.97,85.97,85.97,85.97,0
ING036,20121205,86.52,86.52,86.52,86.52,0
ING036,20121206,87.33,87.33,87.33,87.33,0
ING036,20121207,87.85,87.85,87.85,87.85,0
ING036,20121210,88.65,88.65,88.65,88.65,0
ING036,20121211,89.39,89.39,89.39,89.39,0
ING036,20121212,89.28,89.28,89.28,89.28,0
ING036,20121213,89.09,89.09,89.09,89.09,0
ING036,20121214,89.67,89.67,89.67,89.67,0
ING036,20121217,89.56,89.56,89.56,89.56,0
ING036,20121218,90.44,90.44,90.44,90.44,0
ING036,20121219,91.25,91.25,91.25,91.25,0
ING036,20121220,91.49,91.49,91.49,91.49,0
ING036,20121221,91.02,91.02,91.02,91.02,0
ING036,20121227,90.53,90.53,90.53,90.53,0
ING036,20121228,91.06,91.06,91.06,91.06,0
ING036,20130102,93.38,93.38,93.38,93.38,0
ING036,20130103,94.29,94.29,94.29,94.29,0
ING036,20130104,94.23,94.23,94.23,94.23,0
ING036,20130107,94.12,94.12,94.12,94.12,0
ING036,20130108,93.20,93.20,93.20,93.20,0
ING036,20130109,93.69,93.69,93.69,93.69,0
ING036,20130110,94.21,94.21,94.21,94.21,0
ING036,20130111,93.78,93.78,93.78,93.78,0
ING036,20130114,94.24,94.24,94.24,94.24,0
ING036,20130115,93.67,93.67,93.67,93.67,0
ING036,20130116,93.75,93.75,93.75,93.75,0
ING036,20130117,94.24,94.24,94.24,94.24,0
ING036,20130118,94.12,94.12,94.12,94.12,0
ING036,20130121,93.80,93.80,93.80,93.80,0
ING036,20130122,94.36,94.36,94.36,94.36,0
ING036,20130123,94.39,94.39,94.39,94.39,0
ING036,20130124,94.38,94.38,94.38,94.38,0
ING036,20130125,94.32,94.32,94.32,94.32,0
ING036,20130128,93.81,93.81,93.81,93.81,0
ING036,20130129,94.92,94.92,94.92,94.92,0
ING036,20130130,93.84,93.84,93.84,93.84,0
ING036,20130131,94.58,94.58,94.58,94.58,0
ING036,20130201,95.68,95.68,95.68,95.68,0
ING036,20130204,94.45,94.45,94.45,94.45,0
ING036,20130205,94.17,94.17,94.17,94.17,0
ING036,20130206,93.79,93.79,93.79,93.79,0
ING036,20130207,93.53,93.53,93.53,93.53,0
ING036,20130208,93.70,93.70,93.70,93.70,0
ING036,20130211,93.31,93.31,93.31,93.31,0
ING036,20130212,93.32,93.32,93.32,93.32,0
ING036,20130213,93.10,93.10,93.10,93.10,0
ING036,20130214,92.85,92.85,92.85,92.85,0
ING036,20130215,92.86,92.86,92.86,92.86,0
ING036,20130218,92.77,92.77,92.77,92.77,0
ING036,20130219,92.87,92.87,92.87,92.87,0
ING036,20130220,91.45,91.45,91.45,91.45,0
ING036,20130221,90.61,90.61,90.61,90.61,0
ING036,20130222,90.96,90.96,90.96,90.96,0
ING036,20130225,90.66,90.66,90.66,90.66,0
ING036,20130226,90.10,90.10,90.10,90.10,0
ING036,20130227,90.50,90.50,90.50,90.50,0
ING036,20130228,91.08,91.08,91.08,91.08,0
ING036,20130301,90.74,90.74,90.74,90.74,0
ING036,20130304,90.01,90.01,90.01,90.01,0
ING036,20130305,90.56,90.56,90.56,90.56,0
ING036,20130306,92.37,92.37,92.37,92.37,0
ING036,20130307,92.47,92.47,92.47,92.47,0
ING036,20130308,93.05,93.05,93.05,93.05,0
ING036,20130311,93.05,93.05,93.05,93.05,0
ING036,20130312,92.53,92.53,92.53,92.53,0
ING036,20130313,91.63,91.63,91.63,91.63,0
ING036,20130314,91.77,91.77,91.77,91.77,0
ING036,20130315,91.02,91.02,91.02,91.02,0
ING036,20130318,90.56,90.56,90.56,90.56,0
ING036,20130319,89.78,89.78,89.78,89.78,0
ING036,20130320,90.07,90.07,90.07,90.07,0
ING036,20130321,89.71,89.71,89.71,89.71,0
ING036,20130322,89.11,89.11,89.11,89.11,0
ING036,20130325,88.90,88.90,88.90,88.90,0
ING036,20130326,89.78,89.78,89.78,89.78,0
ING036,20130327,90.13,90.13,90.13,90.13,0
ING036,20130328,90.48,90.48,90.48,90.48,0
ING036,20130402,89.10,89.10,89.10,89.10,0
ING036,20130403,88.91,88.91,88.91,88.91,0
ING036,20130404,88.38,88.38,88.38,88.38,0
ING036,20130405,88.88,88.88,88.88,88.88,0
ING036,20130408,88.97,88.97,88.97,88.97,0
ING036,20130409,90.64,90.64,90.64,90.64,0
ING036,20130410,91.29,91.29,91.29,91.29,0
ING036,20130411,90.86,90.86,90.86,90.86,0
ING036,20130412,89.84,89.84,89.84,89.84,0
ING036,20130415,86.86,86.86,86.86,86.86,0
ING036,20130417,86.31,86.31,86.31,86.31,0
ING036,20130418,85.92,85.92,85.92,85.92,0
ING036,20130419,87.10,87.10,87.10,87.10,0
ING036,20130422,87.18,87.18,87.18,87.18,0
ING036,20130423,88.12,88.12,88.12,88.12,0
ING036,20130424,87.99,87.99,87.99,87.99,0
ING036,20130425,88.84,88.84,88.84,88.84,0
ING036,20130426,87.64,87.64,87.64,87.64,0
ING036,20130429,88.26,88.26,88.26,88.26,0
ING036,20130430,89.60,89.60,89.60,89.60,0
ING036,20130502,88.84,88.84,88.84,88.84,0
ING036,20130506,89.63,89.63,89.63,89.63,0
ING036,20130507,90.76,90.76,90.76,90.76,0
ING036,20130508,90.90,90.90,90.90,90.90,0
ING036,20130509,90.80,90.80,90.80,90.80,0
ING036,20130510,89.84,89.84,89.84,89.84,0
ING036,20130513,89.04,89.04,89.04,89.04,0
ING036,20130514,89.72,89.72,89.72,89.72,0
ING036,20130515,89.37,89.37,89.37,89.37,0
ING036,20130516,88.85,88.85,88.85,88.85,0
ING036,20130517,89.09,89.09,89.09,89.09,0
ING036,20130520,89.45,89.45,89.45,89.45,0
ING036,20130521,89.26,89.26,89.26,89.26,0
ING036,20130522,88.85,88.85,88.85,88.85,0
ING036,20130523,88.03,88.03,88.03,88.03,0
ING036,20130524,87.90,87.90,87.90,87.90,0
ING036,20130527,87.61,87.61,87.61,87.61,0
ING036,20130528,87.49,87.49,87.49,87.49,0
ING036,20130529,85.71,85.71,85.71,85.71,0
ING036,20130531,84.41,84.41,84.41,84.41,0
ING036,20130603,84.42,84.42,84.42,84.42,0
ING036,20130604,84.32,84.32,84.32,84.32,0
ING036,20130605,82.56,82.56,82.56,82.56,0
ING036,20130606,83.14,83.14,83.14,83.14,0
ING036,20130607,82.57,82.57,82.57,82.57,0
ING036,20130610,81.59,81.59,81.59,81.59,0
ING036,20130611,79.99,79.99,79.99,79.99,0
ING036,20130612,79.46,79.46,79.46,79.46,0
ING036,20130613,80.36,80.36,80.36,80.36,0
ING036,20130614,79.80,79.80,79.80,79.80,0
ING036,20130617,79.93,79.93,79.93,79.93,0
ING036,20130618,79.19,79.19,79.19,79.19,0
ING036,20130619,77.97,77.97,77.97,77.97,0
ING036,20130620,74.19,74.19,74.19,74.19,0
ING036,20130621,73.40,73.40,73.40,73.40,0
ING036,20130624,71.98,71.98,71.98,71.98,0
ING036,20130625,73.39,73.39,73.39,73.39,0
ING036,20130626,74.70,74.70,74.70,74.70,0
ING036,20130627,76.23,76.23,76.23,76.23,0
ING036,20130628,76.48,76.48,76.48,76.48,0
ING036,20130701,76.37,76.37,76.37,76.37,0
ING036,20130702,74.09,74.09,74.09,74.09,0
ING036,20130703,73.48,73.48,73.48,73.48,0
ING036,20130704,74.13,74.13,74.13,74.13,0
ING036,20130705,72.95,72.95,72.95,72.95,0
ING036,20130708,72.79,72.79,72.79,72.79,0
ING036,20130709,72.74,72.74,72.74,72.74,0
ING036,20130710,72.55,72.55,72.55,72.55,0
ING036,20130711,74.43,74.43,74.43,74.43,0
ING036,20130712,74.03,74.03,74.03,74.03,0
ING036,20130715,75.17,75.17,75.17,75.17,0
ING036,20130716,75.54,75.54,75.54,75.54,0
ING036,20130717,76.07,76.07,76.07,76.07,0
ING036,20130718,76.50,76.50,76.50,76.50,0
ING036,20130719,75.88,75.88,75.88,75.88,0
ING036,20130722,76.93,76.93,76.93,76.93,0
ING036,20130723,77.90,77.90,77.90,77.90,0
ING036,20130724,77.26,77.26,77.26,77.26,0
ING036,20130725,77.29,77.29,77.29,77.29,0
ING036,20130726,77.22,77.22,77.22,77.22,0
ING036,20130729,76.35,76.35,76.35,76.35,0
ING036,20130730,75.58,75.58,75.58,75.58,0
ING036,20130731,75.49,75.49,75.49,75.49,0
ING036,20130801,76.62,76.62,76.62,76.62,0
ING036,20130802,76.77,76.77,76.77,76.77,0
ING036,20130805,76.03,76.03,76.03,76.03,0
ING036,20130806,75.29,75.29,75.29,75.29,0
ING036,20130807,75.28,75.28,75.28,75.28,0
ING036,20130808,77.03,77.03,77.03,77.03,0
ING036,20130809,78.09,78.09,78.09,78.09,0
ING036,20130812,78.09,78.09,78.09,78.09,0
ING036,20130813,77.73,77.73,77.73,77.73,0
ING036,20130814,77.43,77.43,77.43,77.43,0
ING036,20130816,76.13,76.13,76.13,76.13,0
ING036,20130819,74.75,74.75,74.75,74.75,0
ING036,20130820,74.27,74.27,74.27,74.27,0
ING036,20130821,73.35,73.35,73.35,73.35,0
ING036,20130822,73.45,73.45,73.45,73.45,0
ING036,20130823,75.46,75.46,75.46,75.46,0
ING036,20130826,74.50,74.50,74.50,74.50,0
ING036,20130827,72.59,72.59,72.59,72.59,0
ING036,20130828,72.96,72.96,72.96,72.96,0
ING036,20130829,72.97,72.97,72.97,72.97,0
ING036,20130830,73.21,73.21,73.21,73.21,0
ING036,20130902,74.00,74.00,74.00,74.00,0
ING036,20130903,73.39,73.39,73.39,73.39,0
ING036,20130904,74.35,74.35,74.35,74.35,0
ING036,20130905,75.37,75.37,75.37,75.37,0
ING036,20130906,76.51,76.51,76.51,76.51,0
ING036,20130909,78.28,78.28,78.28,78.28,0
ING036,20130910,79.29,79.29,79.29,79.29,0
ING036,20130911,78.60,78.60,78.60,78.60,0
ING036,20130912,78.20,78.20,78.20,78.20,0
ING036,20130913,78.48,78.48,78.48,78.48,0
ING036,20130916,79.15,79.15,79.15,79.15,0
ING036,20130917,79.47,79.47,79.47,79.47,0
ING036,20130918,81.29,81.29,81.29,81.29,0
ING036,20130919,82.07,82.07,82.07,82.07,0
ING036,20130920,80.62,80.62,80.62,80.62,0
ING036,20130923,81.22,81.22,81.22,81.22,0
ING036,20130924,81.06,81.06,81.06,81.06,0
ING036,20130925,80.51,80.51,80.51,80.51,0
ING036,20130926,80.15,80.15,80.15,80.15,0
ING036,20130927,79.45,79.45,79.45,79.45,0
ING036,20130930,78.72,78.72,78.72,78.72,0
ING036,20131001,80.12,80.12,80.12,80.12,0
ING036,20131002,80.05,80.05,80.05,80.05,0
ING036,20131003,79.36,79.36,79.36,79.36,0
ING036,20131004,80.04,80.04,80.04,80.04,0
ING036,20131007,79.64,79.64,79.64,79.64,0
ING036,20131008,79.12,79.12,79.12,79.12,0
ING036,20131009,79.01,79.01,79.01,79.01,0
ING036,20131010,80.58,80.58,80.58,80.58,0
ING036,20131011,81.01,81.01,81.01,81.01,0
ING036,20131014,81.30,81.30,81.30,81.30,0
ING036,20131015,81.11,81.11,81.11,81.11,0
ING036,20131016,81.75,81.75,81.75,81.75,0
ING036,20131017,82.16,82.16,82.16,82.16,0
ING036,20131018,82.30,82.30,82.30,82.30,0
ING036,20131021,82.29,82.29,82.29,82.29,0
ING036,20131022,83.13,83.13,83.13,83.13,0
ING036,20131023,81.80,81.80,81.80,81.80,0
ING036,20131024,81.21,81.21,81.21,81.21,0
ING036,20131025,81.84,81.84,81.84,81.84,0
ING036,20131028,82.80,82.80,82.80,82.80,0
ING036,20131029,82.86,82.86,82.86,82.86,0
ING036,20131030,82.65,82.65,82.65,82.65,0
ING036,20131031,81.96,81.96,81.96,81.96,0
ING036,20131104,81.96,81.96,81.96,81.96,0
ING036,20131105,79.86,79.86,79.86,79.86,0
ING036,20131106,79.85,79.85,79.85,79.85,0
ING036,20131107,78.59,78.59,78.59,78.59,0
ING036,20131108,77.23,77.23,77.23,77.23,0
ING036,20131112,76.75,76.75,76.75,76.75,0
ING036,20131113,77.24,77.24,77.24,77.24,0
ING036,20131114,78.51,78.51,78.51,78.51,0
ING036,20131115,79.14,79.14,79.14,79.14,0
ING036,20131118,80.43,80.43,80.43,80.43,0
ING036,20131119,79.78,79.78,79.78,79.78,0
ING036,20131120,79.36,79.36,79.36,79.36,0
ING036,20131121,78.14,78.14,78.14,78.14,0
ING036,20131122,78.65,78.65,78.65,78.65,0
ING036,20131125,77.89,77.89,77.89,77.89,0
ING036,20131126,76.86,76.86,76.86,76.86,0
ING036,20131127,77.69,77.69,77.69,77.69,0
ING036,20131128,77.64,77.64,77.64,77.64,0
ING036,20131129,78.23,78.23,78.23,78.23,0
ING036,20131202,76.39,76.39,76.39,76.39,0
ING036,20131203,75.56,75.56,75.56,75.56,0
ING036,20131204,75.30,75.30,75.30,75.30,0
ING036,20131205,75.77,75.77,75.77,75.77,0
ING036,20131206,76.34,76.34,76.34,76.34,0
ING036,20131209,77.13,77.13,77.13,77.13,0
ING036,20131210,77.32,77.32,77.32,77.32,0
ING036,20131211,75.73,75.73,75.73,75.73,0
ING036,20131212,75.29,75.29,75.29,75.29,0
ING036,20131213,75.60,75.60,75.60,75.60,0
ING036,20131216,76.35,76.35,76.35,76.35,0
ING036,20131217,75.75,75.75,75.75,75.75,0
ING036,20131218,76.05,76.05,76.05,76.05,0
ING036,20131219,76.26,76.26,76.26,76.26,0
ING036,20131220,75.45,75.45,75.45,75.45,0
ING036,20131223,75.83,75.83,75.83,75.83,0
ING036,20131227,76.53,76.53,76.53,76.53,0
ING036,20131230,76.69,76.69,76.69,76.69,0
ING036,20140102,75.19,75.19,75.19,75.19,0
ING036,20140103,75.17,75.17,75.17,75.17,0
ING036,20140107,74.98,74.98,74.98,74.98,0
ING036,20140108,74.70,74.70,74.70,74.70,0
ING036,20140109,73.30,73.30,73.30,73.30,0
ING036,20140110,74.99,74.99,74.99,74.99,0
ING036,20140113,74.84,74.84,74.84,74.84,0
ING036,20140114,74.87,74.87,74.87,74.87,0
ING036,20140115,75.08,75.08,75.08,75.08,0
ING036,20140116,74.15,74.15,74.15,74.15,0
ING036,20140117,73.90,73.90,73.90,73.90,0
ING036,20140120,74.04,74.04,74.04,74.04,0
ING036,20140121,73.32,73.32,73.32,73.32,0
ING036,20140122,73.95,73.95,73.95,73.95,0
ING036,20140123,72.50,72.50,72.50,72.50,0
ING036,20140124,71.04,71.04,71.04,71.04,0
ING036,20140127,70.95,70.95,70.95,70.95,0
ING036,20140128,71.20,71.20,71.20,71.20,0
ING036,20140129,70.38,70.38,70.38,70.38,0
ING036,20140130,70.71,70.71,70.71,70.71,0
ING036,20140131,70.77,70.77,70.77,70.77,0
ING036,20140203,69.14,69.14,69.14,69.14,0
ING036,20140204,69.75,69.75,69.75,69.75,0
ING036,20140205,69.86,69.86,69.86,69.86,0
ING036,20140206,71.52,71.52,71.52,71.52,0
ING036,20140207,71.65,71.65,71.65,71.65,0
ING036,20140210,70.98,70.98,70.98,70.98,0
ING036,20140211,71.82,71.82,71.82,71.82,0
ING036,20140212,71.73,71.73,71.73,71.73,0
ING036,20140213,71.50,71.50,71.50,71.50,0
ING036,20140214,72.60,72.60,72.60,72.60,0
ING036,20140217,72.40,72.40,72.40,72.40,0
ING036,20140218,71.44,71.44,71.44,71.44,0
ING036,20140219,71.42,71.42,71.42,71.42,0
ING036,20140220,71.62,71.62,71.62,71.62,0
ING036,20140221,71.94,71.94,71.94,71.94,0
ING036,20140224,72.49,72.49,72.49,72.49,0
ING036,20140225,71.66,71.66,71.66,71.66,0
ING036,20140226,71.20,71.20,71.20,71.20,0
ING036,20140227,72.01,72.01,72.01,72.01,0
ING036,20140228,71.88,71.88,71.88,71.88,0
ING036,20140303,71.88,71.88,71.88,71.88,0
ING036,20140304,71.87,71.87,71.87,71.87,0
ING036,20140305,71.67,71.67,71.67,71.67,0
ING036,20140306,72.93,72.93,72.93,72.93,0
ING036,20140307,71.54,71.54,71.54,71.54,0
ING036,20140310,70.49,70.49,70.49,70.49,0
ING036,20140311,70.42,70.42,70.42,70.42,0
ING036,20140312,70.23,70.23,70.23,70.23,0
ING036,20140313,69.79,69.79,69.79,69.79,0
ING036,20140314,69.46,69.46,69.46,69.46,0
ING036,20140317,69.77,69.77,69.77,69.77,0
ING036,20140318,71.14,71.14,71.14,71.14,0
ING036,20140319,71.29,71.29,71.29,71.29,0
ING036,20140320,72.21,72.21,72.21,72.21,0
ING036,20140321,72.81,72.81,72.81,72.81,0
ING036,20140324,73.09,73.09,73.09,73.09,0
ING036,20140325,73.79,73.79,73.79,73.79,0
ING036,20140326,73.53,73.53,73.53,73.53,0
ING036,20140327,75.68,75.68,75.68,75.68,0
ING036,20140328,75.94,75.94,75.94,75.94,0
ING036,20140331,77.00,77.00,77.00,77.00,0
ING036,20140401,76.92,76.92,76.92,76.92,0
ING036,20140402,77.97,77.97,77.97,77.97,0
ING036,20140403,77.23,77.23,77.23,77.23,0
ING036,20140404,78.05,78.05,78.05,78.05,0
ING036,20140407,78.93,78.93,78.93,78.93,0
ING036,20140408,79.61,79.61,79.61,79.61,0
ING036,20140409,79.31,79.31,79.31,79.31,0
ING036,20140410,79.08,79.08,79.08,79.08,0
ING036,20140411,79.48,79.48,79.48,79.48,0
ING036,20140414,79.33,79.33,79.33,79.33,0
ING036,20140415,77.81,77.81,77.81,77.81,0
ING036,20140416,78.89,78.89,78.89,78.89,0
ING036,20140417,79.17,79.17,79.17,79.17,0
ING036,20140422,78.82,78.82,78.82,78.82,0
ING036,20140423,78.46,78.46,78.46,78.46,0
ING036,20140424,79.06,79.06,79.06,79.06,0
ING036,20140425,78.35,78.35,78.35,78.35,0
ING036,20140428,78.08,78.08,78.08,78.08,0
ING036,20140429,78.97,78.97,78.97,78.97,0
ING036,20140430,78.66,78.66,78.66,78.66,0
ING036,20140502,80.31,80.31,80.31,80.31,0
ING036,20140505,80.34,80.34,80.34,80.34,0
ING036,20140506,80.50,80.50,80.50,80.50,0
ING036,20140507,81.05,81.05,81.05,81.05,0
ING036,20140508,80.85,80.85,80.85,80.85,0
ING036,20140509,80.38,80.38,80.38,80.38,0
ING036,20140512,81.64,81.64,81.64,81.64,0
ING036,20140513,81.77,81.77,81.77,81.77,0
ING036,20140514,82.00,82.00,82.00,82.00,0
ING036,20140515,81.12,81.12,81.12,81.12,0
ING036,20140516,81.56,81.56,81.56,81.56,0
ING036,20140519,81.04,81.04,81.04,81.04,0
ING036,20140520,80.09,80.09,80.09,80.09,0
ING036,20140521,80.20,80.20,80.20,80.20,0
ING036,20140522,80.82,80.82,80.82,80.82,0
ING036,20140523,80.55,80.55,80.55,80.55,0
ING036,20140526,80.70,80.70,80.70,80.70,0
ING036,20140527,79.70,79.70,79.70,79.70,0
ING036,20140528,80.08,80.08,80.08,80.08,0
ING036,20140529,80.29,80.29,80.29,80.29,0
ING036,20140530,78.63,78.63,78.63,78.63,0
ING036,20140602,78.52,78.52,78.52,78.52,0
ING036,20140603,78.92,78.92,78.92,78.92,0
ING036,20140604,78.00,78.00,78.00,78.00,0
ING036,20140605,78.26,78.26,78.26,78.26,0
ING036,20140606,80.49,80.49,80.49,80.49,0
ING036,20140609,81.83,81.83,81.83,81.83,0
ING036,20140610,82.03,82.03,82.03,82.03,0
ING036,20140611,82.34,82.34,82.34,82.34,0
ING036,20140612,82.31,82.31,82.31,82.31,0
ING036,20140613,81.96,81.96,81.96,81.96,0
ING036,20140616,81.71,81.71,81.71,81.71,0
ING036,20140617,80.92,80.92,80.92,80.92,0
ING036,20140618,81.96,81.96,81.96,81.96,0
ING036,20140620,82.12,82.12,82.12,82.12,0
ING036,20140623,82.06,82.06,82.06,82.06,0
ING036,20140624,81.82,81.82,81.82,81.82,0
ING036,20140625,81.53,81.53,81.53,81.53,0
ING036,20140626,81.54,81.54,81.54,81.54,0
ING036,20140627,81.55,81.55,81.55,81.55,0
ING036,20140630,81.55,81.55,81.55,81.55,0
ING036,20140701,81.80,81.80,81.80,81.80,0
ING036,20140702,81.84,81.84,81.84,81.84,0
ING036,20140703,82.43,82.43,82.43,82.43,0
ING036,20140704,82.73,82.73,82.73,82.73,0
ING036,20140707,82.24,82.24,82.24,82.24,0
ING036,20140708,82.16,82.16,82.16,82.16,0
ING036,20140709,82.40,82.40,82.40,82.40,0
ING036,20140710,82.75,82.75,82.75,82.75,0
ING036,20140711,82.83,82.83,82.83,82.83,0
ING036,20140714,83.91,83.91,83.91,83.91,0
ING036,20140715,83.83,83.83,83.83,83.83,0
ING036,20140716,83.97,83.97,83.97,83.97,0
ING036,20140717,83.32,83.32,83.32,83.32,0
ING036,20140718,84.77,84.77,84.77,84.77,0
ING036,20140721,85.44,85.44,85.44,85.44,0
ING036,20140722,86.02,86.02,86.02,86.02,0
ING036,20140723,85.41,85.41,85.41,85.41,0
ING036,20140724,85.93,85.93,85.93,85.93,0
ING036,20140725,85.66,85.66,85.66,85.66,0
ING036,20140728,85.28,85.28,85.28,85.28,0
ING036,20140729,84.81,84.81,84.81,84.81,0
ING036,20140730,84.38,84.38,84.38,84.38,0
ING036,20140731,82.64,82.64,82.64,82.64,0
ING036,20140801,83.01,83.01,83.01,83.01,0
ING036,20140804,83.73,83.73,83.73,83.73,0
ING036,20140805,82.97,82.97,82.97,82.97,0
ING036,20140806,83.24,83.24,83.24,83.24,0
ING036,20140807,82.64,82.64,82.64,82.64,0
ING036,20140808,81.84,81.84,81.84,81.84,0
ING036,20140811,83.46,83.46,83.46,83.46,0
ING036,20140812,83.47,83.47,83.47,83.47,0
ING036,20140813,82.94,82.94,82.94,82.94,0
ING036,20140814,83.10,83.10,83.10,83.10,0
ING036,20140818,85.09,85.09,85.09,85.09,0
ING036,20140819,85.92,85.92,85.92,85.92,0
ING036,20140820,86.33,86.33,86.33,86.33,0
ING036,20140821,86.49,86.49,86.49,86.49,0
ING036,20140822,85.31,85.31,85.31,85.31,0
ING036,20140825,86.51,86.51,86.51,86.51,0
ING036,20140826,86.87,86.87,86.87,86.87,0
ING036,20140827,88.12,88.12,88.12,88.12,0
ING036,20140828,87.66,87.66,87.66,87.66,0
ING036,20140829,89.04,89.04,89.04,89.04,0
ING036,20140901,89.23,89.23,89.23,89.23,0
ING036,20140902,89.52,89.52,89.52,89.52,0
ING036,20140903,90.04,90.04,90.04,90.04,0
ING036,20140904,89.01,89.01,89.01,89.01,0
ING036,20140905,88.92,88.92,88.92,88.92,0
ING036,20140908,87.72,87.72,87.72,87.72,0
ING036,20140909,86.28,86.28,86.28,86.28,0
ING036,20140910,85.67,85.67,85.67,85.67,0
ING036,20140911,85.57,85.57,85.57,85.57,0
ING036,20140912,83.56,83.56,83.56,83.56,0
ING036,20140915,84.08,84.08,84.08,84.08,0
ING036,20140916,85.40,85.40,85.40,85.40,0
ING036,20140917,85.39,85.39,85.39,85.39,0
ING036,20140918,84.27,84.27,84.27,84.27,0
ING036,20140919,83.54,83.54,83.54,83.54,0
ING036,20140922,81.94,81.94,81.94,81.94,0
ING036,20140923,81.39,81.39,81.39,81.39,0
ING036,20140924,81.45,81.45,81.45,81.45,0
ING036,20140925,80.42,80.42,80.42,80.42,0
ING036,20140926,81.16,81.16,81.16,81.16,0
ING036,20140929,78.37,78.37,78.37,78.37,0
ING036,20140930,78.15,78.15,78.15,78.15,0
ING036,20141001,76.41,76.41,76.41,76.41,0
ING036,20141002,76.74,76.74,76.74,76.74,0
ING036,20141003,77.34,77.34,77.34,77.34,0
ING036,20141006,81.18,81.18,81.18,81.18,0
ING036,20141007,81.30,81.30,81.30,81.30,0
ING036,20141008,80.96,80.96,80.96,80.96,0
ING036,20141009,81.36,81.36,81.36,81.36,0
ING036,20141010,78.63,78.63,78.63,78.63,0
ING036,20141013,80.90,80.90,80.90,80.90,0
ING036,20141014,81.14,81.14,81.14,81.14,0
ING036,20141015,78.41,78.41,78.41,78.41,0
ING036,20141016,76.41,76.41,76.41,76.41,0
ING036,20141017,78.27,78.27,78.27,78.27,0
ING036,20141020,77.00,77.00,77.00,77.00,0
ING036,20141021,75.94,75.94,75.94,75.94,0
ING036,20141022,75.44,75.44,75.44,75.44,0
ING036,20141023,73.75,73.75,73.75,73.75,0
ING036,20141024,75.49,75.49,75.49,75.49,0
ING036,20141027,73.05,73.05,73.05,73.05,0
ING036,20141028,76.05,76.05,76.05,76.05,0
ING036,20141029,75.70,75.70,75.70,75.70,0
ING036,20141030,77.55,77.55,77.55,77.55,0
ING036,20141031,78.65,78.65,78.65,78.65,0
ING036,20141103,77.46,77.46,77.46,77.46,0
ING036,20141104,77.21,77.21,77.21,77.21,0
ING036,20141105,76.73,76.73,76.73,76.73,0
ING036,20141106,75.36,75.36,75.36,75.36,0
ING036,20141107,75.81,75.81,75.81,75.81,0
ING036,20141110,75.61,75.61,75.61,75.61,0
ING036,20141112,75.64,75.64,75.64,75.64,0
ING036,20141113,74.00,74.00,74.00,74.00,0
ING036,20141114,73.42,73.42,73.42,73.42,0
ING036,20141117,73.09,73.09,73.09,73.09,0
ING036,20141118,73.82,73.82,73.82,73.82,0
ING036,20141119,75.13,75.13,75.13,75.13,0
ING036,20141120,75.13,75.13,75.13,75.13,0
ING036,20141121,78.71,78.71,78.71,78.71,0
ING036,20141124,77.74,77.74,77.74,77.74,0
ING036,20141125,77.89,77.89,77.89,77.89,0
ING036,20141126,78.16,78.16,78.16,78.16,0
ING036,20141127,77.57,77.57,77.57,77.57,0
ING036,20141128,75.72,75.72,75.72,75.72,0
ING036,20141201,73.53,73.53,73.53,73.53,0
ING036,20141202,72.54,72.54,72.54,72.54,0
ING036,20141203,73.45,73.45,73.45,73.45,0
ING036,20141204,72.05,72.05,72.05,72.05,0
ING036,20141205,72.10,72.10,72.10,72.10,0
ING036,20141208,70.59,70.59,70.59,70.59,0
ING036,20141209,70.42,70.42,70.42,70.42,0
ING036,20141210,68.53,68.53,68.53,68.53,0
ING036,20141211,67.90,67.90,67.90,67.90,0
ING036,20141212,65.82,65.82,65.82,65.82,0
ING036,20141215,64.16,64.16,64.16,64.16,0
ING036,20141216,63.27,63.27,63.27,63.27,0
ING036,20141217,66.12,66.12,66.12,66.12,0
ING036,20141218,67.74,67.74,67.74,67.74,0
ING036,20141219,68.53,68.53,68.53,68.53,0
ING036,20141222,68.78,68.78,68.78,68.78,0
ING036,20141223,68.66,68.66,68.66,68.66,0
ING036,20141229,68.68,68.68,68.68,68.68,0
ING036,20141230,68.61,68.61,68.61,68.61,0
ING036,20150102,66.84,66.84,66.84,66.84,0
ING036,20150105,65.08,65.08,65.08,65.08,0
ING036,20150107,67.24,67.24,67.24,67.24,0
ING036,20150108,68.14,68.14,68.14,68.14,0
ING036,20150109,67.95,67.95,67.95,67.95,0
ING036,20150112,66.66,66.66,66.66,66.66,0
ING036,20150113,66.82,66.82,66.82,66.82,0
ING036,20150114,66.65,66.65,66.65,66.65,0
ING036,20150115,66.47,66.47,66.47,66.47,0
ING036,20150116,67.40,67.40,67.40,67.40,0
ING036,20150119,66.58,66.58,66.58,66.58,0
ING036,20150120,66.55,66.55,66.55,66.55,0
ING036,20150121,68.27,68.27,68.27,68.27,0
ING036,20150122,69.43,69.43,69.43,69.43,0
ING036,20150123,68.29,68.29,68.29,68.29,0
ING036,20150126,68.28,68.28,68.28,68.28,0
ING036,20150127,68.63,68.63,68.63,68.63,0
ING036,20150128,67.14,67.14,67.14,67.14,0
ING036,20150129,66.64,66.64,66.64,66.64,0
ING036,20150130,64.42,64.42,64.42,64.42,0
ING036,20150202,65.13,65.13,65.13,65.13,0
ING036,20150203,66.60,66.60,66.60,66.60,0
ING036,20150204,66.34,66.34,66.34,66.34,0
ING036,20150205,66.93,66.93,66.93,66.93,0
ING036,20150206,66.09,66.09,66.09,66.09,0
ING036,20150209,66.40,66.40,66.40,66.40,0
ING036,20150210,64.99,64.99,64.99,64.99,0
ING036,20150211,63.86,63.86,63.86,63.86,0
ING036,20150212,65.96,65.96,65.96,65.96,0
ING036,20150213,66.96,66.96,66.96,66.96,0
ING036,20150216,66.95,66.95,66.95,66.95,0
ING036,20150217,66.94,66.94,66.94,66.94,0
ING036,20150218,66.94,66.94,66.94,66.94,0
ING036,20150219,66.68,66.68,66.68,66.68,0
ING036,20150220,66.70,66.70,66.70,66.70,0
ING036,20150223,67.01,67.01,67.01,67.01,0
ING036,20150224,67.71,67.71,67.71,67.71,0
ING036,20150225,67.23,67.23,67.23,67.23,0
ING036,20150226,67.17,67.17,67.17,67.17,0
ING036,20150227,67.20,67.20,67.20,67.20,0
ING036,20150302,66.49,66.49,66.49,66.49,0
ING036,20150303,66.26,66.26,66.26,66.26,0
ING036,20150304,64.62,64.62,64.62,64.62,0
ING036,20150305,64.52,64.52,64.52,64.52,0
ING036,20150306,62.83,62.83,62.83,62.83,0
ING036,20150309,61.72,61.72,61.72,61.72,0
ING036,20150310,60.38,60.38,60.38,60.38,0
ING036,20150311,61.60,61.60,61.60,61.60,0
ING036,20150312,61.82,61.82,61.82,61.82,0
ING036,20150313,60.09,60.09,60.09,60.09,0
ING036,20150316,60.59,60.59,60.59,60.59,0
ING036,20150317,60.97,60.97,60.97,60.97,0
ING036,20150318,62.15,62.15,62.15,62.15,0
ING036,20150319,61.57,61.57,61.57,61.57,0
ING036,20150320,62.99,62.99,62.99,62.99,0
ING036,20150323,63.76,63.76,63.76,63.76,0
ING036,20150324,63.84,63.84,63.84,63.84,0
ING036,20150325,63.70,63.70,63.70,63.70,0
ING036,20150326,62.26,62.26,62.26,62.26,0
ING036,20150327,61.76,61.76,61.76,61.76,0
ING036,20150330,62.22,62.22,62.22,62.22,0
ING036,20150331,62.69,62.69,62.69,62.69,0
ING036,20150401,64.12,64.12,64.12,64.12,0
ING036,20150402,64.89,64.89,64.89,64.89,0
ING036,20150407,66.21,66.21,66.21,66.21,0
ING036,20150408,66.37,66.37,66.37,66.37,0
ING036,20150409,66.49,66.49,66.49,66.49,0
ING036,20150410,66.26,66.26,66.26,66.26,0
ING036,20150413,65.54,65.54,65.54,65.54,0
ING036,20150414,66.04,66.04,66.04,66.04,0
ING036,20150415,66.65,66.65,66.65,66.65,0
ING036,20150416,67.21,67.21,67.21,67.21,0
ING036,20150417,66.18,66.18,66.18,66.18,0
ING036,20150420,65.99,65.99,65.99,65.99,0
ING036,20150421,66.36,66.36,66.36,66.36,0
ING036,20150422,67.05,67.05,67.05,67.05,0
ING036,20150423,67.82,67.82,67.82,67.82,0
ING036,20150424,69.02,69.02,69.02,69.02,0
ING036,20150427,68.96,68.96,68.96,68.96,0
ING036,20150428,69.53,69.53,69.53,69.53,0
ING036,20150429,68.69,68.69,68.69,68.69,0
ING036,20150430,67.80,67.80,67.80,67.80,0
ING036,20150504,67.65,67.65,67.65,67.65,0
ING036,20150505,68.21,68.21,68.21,68.21,0
ING036,20150506,67.80,67.80,67.80,67.80,0
ING036,20150507,67.59,67.59,67.59,67.59,0
ING036,20150508,68.94,68.94,68.94,68.94,0
ING036,20150511,68.34,68.34,68.34,68.34,0
ING036,20150512,67.83,67.83,67.83,67.83,0
ING036,20150513,67.83,67.83,67.83,67.83,0
ING036,20150514,68.59,68.59,68.59,68.59,0
ING036,20150515,69.45,69.45,69.45,69.45,0
ING036,20150518,68.14,68.14,68.14,68.14,0
ING036,20150519,67.40,67.40,67.40,67.40,0
ING036,20150520,66.83,66.83,66.83,66.83,0
ING036,20150521,66.76,66.76,66.76,66.76,0
ING036,20150522,65.71,65.71,65.71,65.71,0
ING036,20150525,65.92,65.92,65.92,65.92,0
ING036,20150526,64.12,64.12,64.12,64.12,0
ING036,20150527,64.38,64.38,64.38,64.38,0
ING036,20150528,64.10,64.10,64.10,64.10,0
ING036,20150529,63.33,63.33,63.33,63.33,0
ING036,20150601,63.30,63.30,63.30,63.30,0
ING036,20150602,64.54,64.54,64.54,64.54,0
ING036,20150603,64.06,64.06,64.06,64.06,0
ING036,20150605,62.89,62.89,62.89,62.89,0
ING036,20150608,63.06,63.06,63.06,63.06,0
ING036,20150609,63.29,63.29,63.29,63.29,0
ING036,20150610,64.25,64.25,64.25,64.25,0
ING036,20150611,63.74,63.74,63.74,63.74,0
ING036,20150612,63.81,63.81,63.81,63.81,0
ING036,20150615,63.60,63.60,63.60,63.60,0
ING036,20150616,64.13,64.13,64.13,64.13,0
ING036,20150617,64.05,64.05,64.05,64.05,0
ING036,20150618,65.22,65.22,65.22,65.22,0
ING036,20150619,64.49,64.49,64.49,64.49,0
ING036,20150622,64.86,64.86,64.86,64.86,0
ING036,20150623,64.60,64.60,64.60,64.60,0
ING036,20150624,64.59,64.59,64.59,64.59,0
ING036,20150625,64.01,64.01,64.01,64.01,0
ING036,20150626,64.28,64.28,64.28,64.28,0
ING036,20150629,62.98,62.98,62.98,62.98,0
ING036,20150630,63.31,63.31,63.31,63.31,0
ING036,20150701,62.98,62.98,62.98,62.98,0
ING036,20150702,63.69,63.69,63.69,63.69,0
ING036,20150703,63.13,63.13,63.13,63.13,0
ING036,20150706,62.29,62.29,62.29,62.29,0
ING036,20150707,61.76,61.76,61.76,61.76,0
ING036,20150708,60.72,60.72,60.72,60.72,0
ING036,20150709,60.82,60.82,60.82,60.82,0
ING036,20150710,61.98,61.98,61.98,61.98,0
ING036,20150713,62.63,62.63,62.63,62.63,0
ING036,20150714,63.14,63.14,63.14,63.14,0
ING036,20150715,62.60,62.60,62.60,62.60,0
ING036,20150716,62.79,62.79,62.79,62.79,0
ING036,20150717,61.68,61.68,61.68,61.68,0
ING036,20150720,61.13,61.13,61.13,61.13,0
ING036,20150721,61.24,61.24,61.24,61.24,0
ING036,20150722,60.17,60.17,60.17,60.17,0
ING036,20150723,58.87,58.87,58.87,58.87,0
ING036,20150724,57.89,57.89,57.89,57.89,0
ING036,20150727,57.17,57.17,57.17,57.17,0
ING036,20150728,57.46,57.46,57.46,57.46,0
ING036,20150729,58.61,58.61,58.61,58.61,0
ING036,20150730,57.91,57.91,57.91,57.91,0
ING036,20150731,58.71,58.71,58.71,58.71,0
ING036,20150803,58.01,58.01,58.01,58.01,0
ING036,20150804,57.80,57.80,57.80,57.80,0
ING036,20150805,57.22,57.22,57.22,57.22,0
ING036,20150806,56.82,56.82,56.82,56.82,0
ING036,20150807,56.63,56.63,56.63,56.63,0
ING036,20150810,57.48,57.48,57.48,57.48,0
ING036,20150811,56.47,56.47,56.47,56.47,0
ING036,20150812,56.04,56.04,56.04,56.04,0
ING036,20150813,55.50,55.50,55.50,55.50,0
ING036,20150814,55.54,55.54,55.54,55.54,0
ING036,20150817,55.42,55.42,55.42,55.42,0
ING036,20150818,55.44,55.44,55.44,55.44,0
ING036,20150819,54.55,54.55,54.55,54.55,0
ING036,20150820,54.16,54.16,54.16,54.16,0
ING036,20150821,52.77,52.77,52.77,52.77,0
ING036,20150824,50.78,50.78,50.78,50.78,0
ING036,20150825,51.16,51.16,51.16,51.16,0
ING036,20150826,51.59,51.59,51.59,51.59,0
ING036,20150827,53.91,53.91,53.91,53.91,0
ING036,20150828,53.74,53.74,53.74,53.74,0
ING036,20150831,53.11,53.11,53.11,53.11,0
ING036,20150901,51.78,51.78,51.78,51.78,0
ING036,20150902,51.89,51.89,51.89,51.89,0
ING036,20150903,52.50,52.50,52.50,52.50,0
ING036,20150904,51.33,51.33,51.33,51.33,0
ING036,20150907,51.32,51.32,51.32,51.32,0
ING036,20150908,51.53,51.53,51.53,51.53,0
ING036,20150909,51.40,51.40,51.40,51.40,0
ING036,20150910,50.92,50.92,50.92,50.92,0
ING036,20150911,50.82,50.82,50.82,50.82,0
ING036,20150914,51.30,51.30,51.30,51.30,0
ING036,20150915,51.69,51.69,51.69,51.69,0
ING036,20150916,52.81,52.81,52.81,52.81,0
ING036,20150917,52.73,52.73,52.73,52.73,0
ING036,20150918,51.84,51.84,51.84,51.84,0
ING036,20150921,50.76,50.76,50.76,50.76,0
ING036,20150922,49.67,49.67,49.67,49.67,0
ING036,20150923,48.65,48.65,48.65,48.65,0
ING036,20150924,48.22,48.22,48.22,48.22,0
ING036,20150925,49.13,49.13,49.13,49.13,0
ING036,20150928,47.97,47.97,47.97,47.97,0
ING036,20150929,47.85,47.85,47.85,47.85,0
ING036,20150930,49.16,49.16,49.16,49.16,0
ING036,20151001,49.37,49.37,49.37,49.37,0
ING036,20151002,50.39,50.39,50.39,50.39,0
ING036,20151005,51.67,51.67,51.67,51.67,0
ING036,20151006,52.18,52.18,52.18,52.18,0
ING036,20151007,53.19,53.19,53.19,53.19,0
ING036,20151008,53.23,53.23,53.23,53.23,0
ING036,20151009,54.29,54.29,54.29,54.29,0
ING036,20151012,54.28,54.28,54.28,54.28,0
ING036,20151013,52.43,52.43,52.43,52.43,0
ING036,20151014,52.06,52.06,52.06,52.06,0
ING036,20151015,52.49,52.49,52.49,52.49,0
ING036,20151016,52.69,52.69,52.69,52.69,0
ING036,20151019,52.29,52.29,52.29,52.29,0
ING036,20151020,52.25,52.25,52.25,52.25,0
ING036,20151021,51.66,51.66,51.66,51.66,0
ING036,20151022,52.30,52.30,52.30,52.30,0
ING036,20151023,52.73,52.73,52.73,52.73,0
ING036,20151026,52.43,52.43,52.43,52.43,0
ING036,20151027,52.08,52.08,52.08,52.08,0
ING036,20151028,52.38,52.38,52.38,52.38,0
ING036,20151029,51.36,51.36,51.36,51.36,0
ING036,20151030,51.60,51.60,51.60,51.60,0
ING036,20151102,51.59,51.59,51.59,51.59,0
ING036,20151103,53.41,53.41,53.41,53.41,0
ING036,20151104,52.98,52.98,52.98,52.98,0
ING036,20151105,52.98,52.98,52.98,52.98,0
ING036,20151106,52.03,52.03,52.03,52.03,0
ING036,20151109,51.43,51.43,51.43,51.43,0
ING036,20151110,51.57,51.57,51.57,51.57,0
ING036,20151112,51.69,51.69,51.69,51.69,0
ING036,20151113,51.00,51.00,51.00,51.00,0
ING036,20151116,51.15,51.15,51.15,51.15,0
ING036,20151117,51.73,51.73,51.73,51.73,0
ING036,20151118,52.06,52.06,52.06,52.06,0
ING036,20151119,53.01,53.01,53.01,53.01,0
ING036,20151120,53.29,53.29,53.29,53.29,0
ING036,20151123,53.12,53.12,53.12,53.12,0
ING036,20151124,53.19,53.19,53.19,53.19,0
ING036,20151125,51.93,51.93,51.93,51.93,0
ING036,20151126,52.22,52.22,52.22,52.22,0
ING036,20151127,51.35,51.35,51.35,51.35,0
ING036,20151130,49.94,49.94,49.94,49.94,0
ING036,20151201,50.66,50.66,50.66,50.66,0
ING036,20151202,50.05,50.05,50.05,50.05,0
ING036,20151203,50.84,50.84,50.84,50.84,0
ING036,20151204,50.61,50.61,50.61,50.61,0
ING036,20151207,49.99,49.99,49.99,49.99,0
ING036,20151208,49.16,49.16,49.16,49.16,0
ING036,20151209,50.17,50.17,50.17,50.17,0
ING036,20151210,49.67,49.67,49.67,49.67,0
ING036,20151211,48.33,48.33,48.33,48.33,0
ING036,20151214,47.95,47.95,47.95,47.95,0
ING036,20151215,48.76,48.76,48.76,48.76,0
ING036,20151216,49.16,49.16,49.16,49.16,0
ING036,20151217,49.49,49.49,49.49,49.49,0
ING036,20151218,48.71,48.71,48.71,48.71,0
ING036,20151221,47.88,47.88,47.88,47.88,0
ING036,20151222,48.09,48.09,48.09,48.09,0
ING036,20151223,48.73,48.73,48.73,48.73,0
ING036,20151228,48.78,48.78,48.78,48.78,0
ING036,20151229,48.82,48.82,48.82,48.82,0
ING036,20151230,47.69,47.69,47.69,47.69,0
ING036,20160104,46.52,46.52,46.52,46.52,0
ING036,20160105,46.73,46.73,46.73,46.73,0
ING036,20160107,44.92,44.92,44.92,44.92,0
ING036,20160108,44.43,44.43,44.43,44.43,0
ING036,20160111,43.99,43.99,43.99,43.99,0
ING036,20160112,44.03,44.03,44.03,44.03,0
ING036,20160113,43.96,43.96,43.96,43.96,0
ING036,20160114,44.36,44.36,44.36,44.36,0
ING036,20160115,43.04,43.04,43.04,43.04,0
ING036,20160118,42.74,42.74,42.74,42.74,0
ING036,20160119,42.84,42.84,42.84,42.84,0
ING036,20160120,41.94,41.94,41.94,41.94,0
ING036,20160121,41.77,41.77,41.77,41.77,0
ING036,20160122,42.76,42.76,42.76,42.76,0
ING036,20160125,42.52,42.52,42.52,42.52,0
ING036,20160126,42.89,42.89,42.89,42.89,0
ING036,20160127,43.30,43.30,43.30,43.30,0
ING036,20160128,43.85,43.85,43.85,43.85,0
ING036,20160129,45.76,45.76,45.76,45.76,0
ING036,20160201,45.89,45.89,45.89,45.89,0
ING036,20160202,44.20,44.20,44.20,44.20,0
ING036,20160203,45.20,45.20,45.20,45.20,0
ING036,20160204,46.51,46.51,46.51,46.51,0
ING036,20160205,45.73,45.73,45.73,45.73,0
ING036,20160208,45.32,45.32,45.32,45.32,0
ING036,20160209,44.91,44.91,44.91,44.91,0
ING036,20160210,44.86,44.86,44.86,44.86,0
ING036,20160211,44.06,44.06,44.06,44.06,0
ING036,20160212,44.56,44.56,44.56,44.56,0
ING036,20160215,45.03,45.03,45.03,45.03,0
ING036,20160216,44.92,44.92,44.92,44.92,0
ING036,20160217,46.33,46.33,46.33,46.33,0
ING036,20160218,46.39,46.39,46.39,46.39,0
ING036,20160219,46.11,46.11,46.11,46.11,0
ING036,20160222,47.55,47.55,47.55,47.55,0
ING036,20160223,46.89,46.89,46.89,46.89,0
ING036,20160224,46.45,46.45,46.45,46.45,0
ING036,20160225,46.86,46.86,46.86,46.86,0
ING036,20160226,46.65,46.65,46.65,46.65,0
ING036,20160229,47.36,47.36,47.36,47.36,0
ING036,20160301,48.50,48.50,48.50,48.50,0
ING036,20160302,49.58,49.58,49.58,49.58,0
ING036,20160303,50.83,50.83,50.83,50.83,0
ING036,20160304,52.27,52.27,52.27,52.27,0
ING036,20160307,52.18,52.18,52.18,52.18,0
ING036,20160308,51.56,51.56,51.56,51.56,0
ING036,20160309,52.01,52.01,52.01,52.01,0
ING036,20160310,52.64,52.64,52.64,52.64,0
ING036,20160311,52.91,52.91,52.91,52.91,0
ING036,20160314,52.38,52.38,52.38,52.38,0
ING036,20160315,50.89,50.89,50.89,50.89,0
ING036,20160316,51.00,51.00,51.00,51.00,0
ING036,20160317,54.38,54.38,54.38,54.38,0
ING036,20160318,54.75,54.75,54.75,54.75,0
ING036,20160321,54.70,54.70,54.70,54.70,0
ING036,20160322,54.86,54.86,54.86,54.86,0
ING036,20160323,53.32,53.32,53.32,53.32,0
ING036,20160324,53.08,53.08,53.08,53.08,0
ING036,20160329,54.39,54.39,54.39,54.39,0
ING036,20160330,55.23,55.23,55.23,55.23,0
ING036,20160331,54.96,54.96,54.96,54.96,0
ING036,20160401,54.87,54.87,54.87,54.87,0
ING036,20160404,53.77,53.77,53.77,53.77,0
ING036,20160405,52.83,52.83,52.83,52.83,0
ING036,20160406,52.36,52.36,52.36,52.36,0
ING036,20160407,52.06,52.06,52.06,52.06,0
ING036,20160408,53.47,53.47,53.47,53.47,0
ING036,20160411,54.51,54.51,54.51,54.51,0
ING036,20160412,55.61,55.61,55.61,55.61,0
ING036,20160413,56.17,56.17,56.17,56.17,0
ING036,20160414,56.25,56.25,56.25,56.25,0
ING036,20160415,56.39,56.39,56.39,56.39,0
ING036,20160418,55.93,55.93,55.93,55.93,0
ING036,20160419,57.04,57.04,57.04,57.04,0
ING036,20160420,56.85,56.85,56.85,56.85,0
ING036,20160421,56.66,56.66,56.66,56.66,0
ING036,20160422,56.01,56.01,56.01,56.01,0
ING036,20160425,55.70,55.70,55.70,55.70,0
ING036,20160426,56.70,56.70,56.70,56.70,0
ING036,20160427,57.47,57.47,57.47,57.47,0
ING036,20160428,57.88,57.88,57.88,57.88,0
ING036,20160429,58.40,58.40,58.40,58.40,0
ING036,20160502,57.71,57.71,57.71,57.71,0
ING036,20160504,55.88,55.88,55.88,55.88,0
ING036,20160505,55.43,55.43,55.43,55.43,0
ING036,20160506,55.46,55.46,55.46,55.46,0
ING036,20160509,54.81,54.81,54.81,54.81,0
ING036,20160510,56.80,56.80,56.80,56.80,0
ING036,20160511,56.65,56.65,56.65,56.65,0
ING036,20160512,56.62,56.62,56.62,56.62,0
ING036,20160513,55.34,55.34,55.34,55.34,0
ING036,20160516,55.39,55.39,55.39,55.39,0
ING036,20160517,54.84,54.84,54.84,54.84,0
ING036,20160518,54.12,54.12,54.12,54.12,0
ING036,20160519,53.09,53.09,53.09,53.09,0
ING036,20160520,53.49,53.49,53.49,53.49,0
ING036,20160523,52.89,52.89,52.89,52.89,0
ING036,20160524,53.25,53.25,53.25,53.25,0
ING036,20160525,53.14,53.14,53.14,53.14,0
ING036,20160527,52.95,52.95,52.95,52.95,0
ING036,20160530,52.93,52.93,52.93,52.93,0
ING036,20160531,52.58,52.58,52.58,52.58,0
ING036,20160601,52.76,52.76,52.76,52.76,0
ING036,20160602,53.26,53.26,53.26,53.26,0
ING036,20160603,54.31,54.31,54.31,54.31,0
ING036,20160606,54.49,54.49,54.49,54.49,0
ING036,20160607,55.01,55.01,55.01,55.01,0
ING036,20160608,56.52,56.52,56.52,56.52,0
ING036,20160609,56.13,56.13,56.13,56.13,0
ING036,20160610,54.41,54.41,54.41,54.41,0
ING036,20160613,53.96,53.96,53.96,53.96,0
ING036,20160614,52.85,52.85,52.85,52.85,0
ING036,20160615,53.15,53.15,53.15,53.15,0
ING036,20160616,53.32,53.32,53.32,53.32,0
ING036,20160617,53.93,53.93,53.93,53.93,0
ING036,20160620,55.21,55.21,55.21,55.21,0
ING036,20160621,55.34,55.34,55.34,55.34,0
ING036,20160622,55.17,55.17,55.17,55.17,0
ING036,20160623,56.72,56.72,56.72,56.72,0
ING036,20160624,54.66,54.66,54.66,54.66,0
ING036,20160627,53.50,53.50,53.50,53.50,0
ING036,20160628,55.13,55.13,55.13,55.13,0
ING036,20160629,57.26,57.26,57.26,57.26,0
ING036,20160630,58.00,58.00,58.00,58.00,0
ING036,20160701,58.25,58.25,58.25,58.25,0
ING036,20160704,58.33,58.33,58.33,58.33,0
ING036,20160705,57.05,57.05,57.05,57.05,0
ING036,20160706,56.36,56.36,56.36,56.36,0
ING036,20160707,56.30,56.30,56.30,56.30,0
ING036,20160708,57.73,57.73,57.73,57.73,0
ING036,20160711,58.42,58.42,58.42,58.42,0
ING036,20160712,58.83,58.83,58.83,58.83,0
ING036,20160713,58.75,58.75,58.75,58.75,0
ING036,20160714,59.99,59.99,59.99,59.99,0
ING036,20160715,59.64,59.64,59.64,59.64,0
ING036,20160718,60.33,60.33,60.33,60.33,0
ING036,20160719,60.33,60.33,60.33,60.33,0
ING036,20160720,60.83,60.83,60.83,60.83,0
ING036,20160721,60.65,60.65,60.65,60.65,0
ING036,20160722,60.58,60.58,60.58,60.58,0
ING036,20160725,60.17,60.17,60.17,60.17,0
ING036,20160726,59.88,59.88,59.88,59.88,0
ING036,20160727,59.73,59.73,59.73,59.73,0
ING036,20160728,59.58,59.58,59.58,59.58,0
ING036,20160729,60.52,60.52,60.52,60.52,0
ING036,20160801,59.99,59.99,59.99,59.99,0
ING036,20160802,59.64,59.64,59.64,59.64,0
ING036,20160803,60.08,60.08,60.08,60.08,0
ING036,20160804,60.88,60.88,60.88,60.88,0
ING036,20160805,61.34,61.34,61.34,61.34,0
ING036,20160808,61.69,61.69,61.69,61.69,0
ING036,20160809,62.22,62.22,62.22,62.22,0
ING036,20160810,62.02,62.02,62.02,62.02,0
ING036,20160811,63.26,63.26,63.26,63.26,0
ING036,20160812,62.98,62.98,62.98,62.98,0
ING036,20160816,63.10,63.10,63.10,63.10,0
ING036,20160817,62.76,62.76,62.76,62.76,0
ING036,20160818,62.84,62.84,62.84,62.84,0
ING036,20160819,62.63,62.63,62.63,62.63,0
ING036,20160822,62.00,62.00,62.00,62.00,0
ING036,20160823,61.87,61.87,61.87,61.87,0
ING036,20160824,61.39,61.39,61.39,61.39,0
ING036,20160825,61.38,61.38,61.38,61.38,0
ING036,20160826,61.50,61.50,61.50,61.50,0
ING036,20160829,61.41,61.41,61.41,61.41,0
ING036,20160830,61.05,61.05,61.05,61.05,0
ING036,20160831,60.80,60.80,60.80,60.80,0
ING036,20160901,60.90,60.90,60.90,60.90,0
ING036,20160902,62.37,62.37,62.37,62.37,0
ING036,20160905,62.13,62.13,62.13,62.13,0
ING036,20160906,63.22,63.22,63.22,63.22,0
ING036,20160907,63.47,63.47,63.47,63.47,0
ING036,20160908,63.37,63.37,63.37,63.37,0
ING036,20160909,60.47,60.47,60.47,60.47,0
ING036,20160912,60.59,60.59,60.59,60.59,0
ING036,20160913,59.03,59.03,59.03,59.03,0
ING036,20160914,58.63,58.63,58.63,58.63,0
ING036,20160915,59.27,59.27,59.27,59.27,0
ING036,20160916,58.54,58.54,58.54,58.54,0
ING036,20160919,59.09,59.09,59.09,59.09,0
ING036,20160920,59.59,59.59,59.59,59.59,0
ING036,20160921,60.23,60.23,60.23,60.23,0
ING036,20160922,61.52,61.52,61.52,61.52,0
ING036,20160923,60.79,60.79,60.79,60.79,0
ING036,20160926,59.85,59.85,59.85,59.85,0
ING036,20160927,60.37,60.37,60.37,60.37,0
ING036,20160928,61.07,61.07,61.07,61.07,0
ING036,20160929,60.54,60.54,60.54,60.54,0
ING036,20160930,60.05,60.05,60.05,60.05,0
ING036,20161003,61.02,61.02,61.02,61.02,0
ING036,20161004,60.82,60.82,60.82,60.82,0
ING036,20161005,61.28,61.28,61.28,61.28,0
ING036,20161006,61.47,61.47,61.47,61.47,0
ING036,20161007,61.79,61.79,61.79,61.79,0
ING036,20161010,62.65,62.65,62.65,62.65,0
ING036,20161011,62.18,62.18,62.18,62.18,0
ING036,20161012,62.44,62.44,62.44,62.44,0
ING036,20161013,62.18,62.18,62.18,62.18,0
ING036,20161014,62.97,62.97,62.97,62.97,0
ING036,20161017,63.55,63.55,63.55,63.55,0
ING036,20161018,64.65,64.65,64.65,64.65,0
ING036,20161019,65.04,65.04,65.04,65.04,0
ING036,20161020,65.42,65.42,65.42,65.42,0
ING036,20161021,65.44,65.44,65.44,65.44,0
ING036,20161024,65.78,65.78,65.78,65.78,0
ING036,20161025,65.77,65.77,65.77,65.77,0
ING036,20161026,65.69,65.69,65.69,65.69,0
ING036,20161027,65.31,65.31,65.31,65.31,0
ING036,20161028,64.98,64.98,64.98,64.98,0
ING036,20161031,65.42,65.42,65.42,65.42,0
ING036,20161102,63.37,63.37,63.37,63.37,0
ING036,20161103,62.36,62.36,62.36,62.36,0
ING036,20161104,62.40,62.40,62.40,62.40,0
ING036,20161107,65.06,65.06,65.06,65.06,0
ING036,20161108,65.50,65.50,65.50,65.50,0
ING036,20161109,63.00,63.00,63.00,63.00,0
ING036,20161110,58.90,58.90,58.90,58.90,0
ING036,20161114,56.36,56.36,56.36,56.36,0
ING036,20161115,57.28,57.28,57.28,57.28,0
ING036,20161116,58.05,58.05,58.05,58.05,0
ING036,20161117,57.57,57.57,57.57,57.57,0
ING036,20161118,57.51,57.51,57.51,57.51,0
ING036,20161121,58.38,58.38,58.38,58.38,0
ING036,20161122,58.84,58.84,58.84,58.84,0
ING036,20161123,58.12,58.12,58.12,58.12,0
ING036,20161124,58.16,58.16,58.16,58.16,0
ING036,20161125,58.06,58.06,58.06,58.06,0
ING036,20161128,58.74,58.74,58.74,58.74,0
ING036,20161129,57.80,57.80,57.80,57.80,0
ING036,20161130,58.75,58.75,58.75,58.75,0
ING036,20161201,56.63,56.63,56.63,56.63,0
ING036,20161202,56.97,56.97,56.97,56.97,0
ING036,20161205,57.32,57.32,57.32,57.32,0
ING036,20161206,58.01,58.01,58.01,58.01,0
ING036,20161207,58.65,58.65,58.65,58.65,0
ING036,20161208,58.35,58.35,58.35,58.35,0
ING036,20161209,58.76,58.76,58.76,58.76,0
ING036,20161212,58.22,58.22,58.22,58.22,0
ING036,20161213,58.63,58.63,58.63,58.63,0
ING036,20161214,57.95,57.95,57.95,57.95,0
ING036,20161215,57.37,57.37,57.37,57.37,0
ING036,20161216,57.08,57.08,57.08,57.08,0
ING036,20161219,56.32,56.32,56.32,56.32,0
ING036,20161220,56.68,56.68,56.68,56.68,0
ING036,20161221,57.11,57.11,57.11,57.11,0
ING036,20161222,56.83,56.83,56.83,56.83,0
ING036,20161223,57.66,57.66,57.66,57.66,0
ING036,20161227,57.84,57.84,57.84,57.84,0
ING036,20161228,58.52,58.52,58.52,58.52,0
ING036,20161229,59.36,59.36,59.36,59.36,0
ING036,20161230,59.17,59.17,59.17,59.17,0
ING036,20170102,58.91,58.91,58.91,58.91,0
ING036,20170103,60.08,60.08,60.08,60.08,0
ING036,20170104,60.15,60.15,60.15,60.15,0
ING036,20170105,60.64,60.64,60.64,60.64,0
ING036,20170109,60.08,60.08,60.08,60.08,0
ING036,20170110,60.42,60.42,60.42,60.42,0
ING036,20170111,60.10,60.10,60.10,60.10,0
ING036,20170112,61.23,61.23,61.23,61.23,0
ING036,20170113,60.85,60.85,60.85,60.85,0
ING036,20170116,60.62,60.62,60.62,60.62,0
ING036,20170117,61.20,61.20,61.20,61.20,0
ING036,20170118,60.96,60.96,60.96,60.96,0
ING036,20170119,60.78,60.78,60.78,60.78,0
ING036,20170120,61.59,61.59,61.59,61.59,0
ING036,20170123,62.91,62.91,62.91,62.91,0
ING036,20170124,63.32,63.32,63.32,63.32,0
ING036,20170125,63.32,63.32,63.32,63.32,0
ING036,20170126,63.09,63.09,63.09,63.09,0
ING036,20170127,63.50,63.50,63.50,63.50,0
ING036,20170130,62.92,62.92,62.92,62.92,0
ING036,20170131,62.74,62.74,62.74,62.74,0
ING036,20170201,62.85,62.85,62.85,62.85,0
ING036,20170202,63.15,63.15,63.15,63.15,0
ING036,20170203,63.56,63.56,63.56,63.56,0
ING036,20170206,63.03,63.03,63.03,63.03,0
ING036,20170207,63.04,63.04,63.04,63.04,0
ING036,20170208,63.68,63.68,63.68,63.68,0
ING036,20170209,63.84,63.84,63.84,63.84,0
ING036,20170210,64.83,64.83,64.83,64.83,0
ING036,20170213,65.07,65.07,65.07,65.07,0
ING036,20170214,64.69,64.69,64.69,64.69,0
ING036,20170215,65.79,65.79,65.79,65.79,0
ING036,20170216,65.68,65.68,65.68,65.68,0
ING036,20170217,64.91,64.91,64.91,64.91,0
ING036,20170220,65.71,65.71,65.71,65.71,0
ING036,20170221,65.99,65.99,65.99,65.99,0
ING036,20170222,66.32,66.32,66.32,66.32,0
ING036,20170223,65.99,65.99,65.99,65.99,0
ING036,20170224,65.11,65.11,65.11,65.11,0
ING036,20170227,65.10,65.10,65.10,65.10,0
ING036,20170228,65.09,65.09,65.09,65.09,0
ING036,20170301,64.82,64.82,64.82,64.82,0
ING036,20170302,63.83,63.83,63.83,63.83,0
ING036,20170303,64.56,64.56,64.56,64.56,0
ING036,20170306,64.75,64.75,64.75,64.75,0
ING036,20170307,64.32,64.32,64.32,64.32,0
ING036,20170308,63.52,63.52,63.52,63.52,0
ING036,20170309,62.91,62.91,62.91,62.91,0
ING036,20170310,63.13,63.13,63.13,63.13,0
ING036,20170313,63.64,63.64,63.64,63.64,0
ING036,20170314,62.77,62.77,62.77,62.77,0
ING036,20170315,63.97,63.97,63.97,63.97,0
ING036,20170316,64.84,64.84,64.84,64.84,0
ING036,20170317,64.41,64.41,64.41,64.41,0
ING036,20170320,65.04,65.04,65.04,65.04,0
ING036,20170321,63.92,63.92,63.92,63.92,0
ING036,20170322,64.32,64.32,64.32,64.32,0
ING036,20170323,63.87,63.87,63.87,63.87,0
ING036,20170324,64.58,64.58,64.58,64.58,0
ING036,20170327,64.78,64.78,64.78,64.78,0
ING036,20170328,65.02,65.02,65.02,65.02,0
ING036,20170329,65.71,65.71,65.71,65.71,0
ING036,20170330,65.50,65.50,65.50,65.50,0
ING036,20170331,64.34,64.34,64.34,64.34,0
ING036,20170403,65.30,65.30,65.30,65.30,0
ING036,20170404,65.60,65.60,65.60,65.60,0
ING036,20170405,65.46,65.46,65.46,65.46,0
ING036,20170406,64.83,64.83,64.83,64.83,0
ING036,20170407,65.03,65.03,65.03,65.03,0
ING036,20170410,64.77,64.77,64.77,64.77,0
ING036,20170411,64.48,64.48,64.48,64.48,0
ING036,20170412,64.12,64.12,64.12,64.12,0
ING036,20170413,63.83,63.83,63.83,63.83,0
ING036,20170418,64.86,64.86,64.86,64.86,0
ING036,20170419,63.70,63.70,63.70,63.70,0
ING036,20170420,64.08,64.08,64.08,64.08,0
ING036,20170421,64.01,64.01,64.01,64.01,0
ING036,20170424,64.82,64.82,64.82,64.82,0
ING036,20170425,64.79,64.79,64.79,64.79,0
ING036,20170426,63.99,63.99,63.99,63.99,0
ING036,20170427,63.59,63.59,63.59,63.59,0
ING036,20170428,63.86,63.86,63.86,63.86,0
ING036,20170502,65.07,65.07,65.07,65.07,0
ING036,20170504,63.38,63.38,63.38,63.38,0
ING036,20170505,64.08,64.08,64.08,64.08,0
ING036,20170508,63.76,63.76,63.76,63.76,0
ING036,20170509,64.49,64.49,64.49,64.49,0
ING036,20170510,65.47,65.47,65.47,65.47,0
ING036,20170511,65.57,65.57,65.57,65.57,0
ING036,20170512,66.45,66.45,66.45,66.45,0
ING036,20170515,67.12,67.12,67.12,67.12,0
ING036,20170516,67.49,67.49,67.49,67.49,0
ING036,20170517,66.30,66.30,66.30,66.30,0
ING036,20170518,61.17,61.17,61.17,61.17,0
ING036,20170519,62.53,62.53,62.53,62.53,0
ING036,20170522,62.47,62.47,62.47,62.47,0
ING036,20170523,63.08,63.08,63.08,63.08,0
ING036,20170524,63.59,63.59,63.59,63.59,0
ING036,20170525,63.20,63.20,63.20,63.20,0
ING036,20170526,63.84,63.84,63.84,63.84,0
ING036,20170529,63.49,63.49,63.49,63.49,0
ING036,20170530,63.35,63.35,63.35,63.35,0
ING036,20170531,62.70,62.70,62.70,62.70,0
ING036,20170601,62.90,62.90,62.90,62.90,0
ING036,20170602,62.93,62.93,62.93,62.93,0
ING036,20170605,62.86,62.86,62.86,62.86,0
ING036,20170606,63.07,63.07,63.07,63.07,0
ING036,20170607,63.39,63.39,63.39,63.39,0
ING036,20170608,63.03,63.03,63.03,63.03,0
ING036,20170609,63.03,63.03,63.03,63.03,0
ING036,20170612,62.84,62.84,62.84,62.84,0
ING036,20170613,62.72,62.72,62.72,62.72,0
ING036,20170614,63.15,63.15,63.15,63.15,0
ING036,20170616,62.85,62.85,62.85,62.85,0
ING036,20170619,63.28,63.28,63.28,63.28,0
ING036,20170620,62.11,62.11,62.11,62.11,0
ING036,20170621,61.65,61.65,61.65,61.65,0
ING036,20170622,61.86,61.86,61.86,61.86,0
ING036,20170623,62.11,62.11,62.11,62.11,0
ING036,20170626,62.85,62.85,62.85,62.85,0
ING036,20170627,62.39,62.39,62.39,62.39,0
ING036,20170628,62.96,62.96,62.96,62.96,0
ING036,20170629,63.03,63.03,63.03,63.03,0
ING036,20170630,63.19,63.19,63.19,63.19,0
ING036,20170703,63.49,63.49,63.49,63.49,0
ING036,20170704,63.56,63.56,63.56,63.56,0
ING036,20170705,63.28,63.28,63.28,63.28,0
ING036,20170706,62.83,62.83,62.83,62.83,0
ING036,20170707,63.07,63.07,63.07,63.07,0
ING036,20170710,64.09,64.09,64.09,64.09,0
ING036,20170711,64.60,64.60,64.60,64.60,0
ING036,20170712,65.80,65.80,65.80,65.80,0
ING036,20170713,66.30,66.30,66.30,66.30,0
ING036,20170714,66.84,66.84,66.84,66.84,0
ING036,20170717,66.94,66.94,66.94,66.94,0
ING036,20170718,66.99,66.99,66.99,66.99,0
ING036,20170719,66.99,66.99,66.99,66.99,0
ING036,20170720,67.09,67.09,67.09,67.09,0
ING036,20170721,67.11,67.11,67.11,67.11,0
ING036,20170724,66.87,66.87,66.87,66.87,0
ING036,20170725,67.01,67.01,67.01,67.01,0
ING036,20170726,66.71,66.71,66.71,66.71,0
ING036,20170727,67.05,67.05,67.05,67.05,0
ING036,20170728,67.19,67.19,67.19,67.19,0
ING036,20170731,67.31,67.31,67.31,67.31,0
ING036,20170801,67.88,67.88,67.88,67.88,0
ING036,20170802,67.59,67.59,67.59,67.59,0
ING036,20170803,67.62,67.62,67.62,67.62,0
ING036,20170804,67.54,67.54,67.54,67.54,0
ING036,20170807,67.85,67.85,67.85,67.85,0
ING036,20170808,68.05,68.05,68.05,68.05,0
ING036,20170809,67.72,67.72,67.72,67.72,0
ING036,20170810,66.89,66.89,66.89,66.89,0
ING036,20170811,67.20,67.20,67.20,67.20,0
ING036,20170814,67.92,67.92,67.92,67.92,0
ING036,20170816,68.70,68.70,68.70,68.70,0
ING036,20170817,68.24,68.24,68.24,68.24,0
ING036,20170818,68.62,68.62,68.62,68.62,0
ING036,20170821,69.33,69.33,69.33,69.33,0
ING036,20170822,69.97,69.97,69.97,69.97,0
ING036,20170823,70.14,70.14,70.14,70.14,0
ING036,20170824,70.86,70.86,70.86,70.86,0
ING036,20170825,70.74,70.74,70.74,70.74,0
ING036,20170828,70.33,70.33,70.33,70.33,0
ING036,20170829,70.46,70.46,70.46,70.46,0
ING036,20170830,70.39,70.39,70.39,70.39,0
ING036,20170831,70.60,70.60,70.60,70.60,0
ING036,20170901,71.50,71.50,71.50,71.50,0
ING036,20170904,71.30,71.30,71.30,71.30,0
ING036,20170905,71.13,71.13,71.13,71.13,0
ING036,20170906,72.04,72.04,72.04,72.04,0
ING036,20170907,72.24,72.24,72.24,72.24,0
ING036,20170908,71.89,71.89,71.89,71.89,0
ING036,20170911,72.87,72.87,72.87,72.87,0
ING036,20170912,72.63,72.63,72.63,72.63,0
ING036,20170913,72.52,72.52,72.52,72.52,0
ING036,20170914,72.59,72.59,72.59,72.59,0
ING036,20170915,73.26,73.26,73.26,73.26,0
ING036,20170918,73.27,73.27,73.27,73.27,0
ING036,20170919,73.06,73.06,73.06,73.06,0
ING036,20170920,73.43,73.43,73.43,73.43,0
ING036,20170921,72.95,72.95,72.95,72.95,0
