Name,Date,Open,High,Low,Close,Volume
IPO084,20130809,100.00,100.00,100.00,100.00,0
IPO084,20130812,100.00,100.00,100.00,100.00,0
IPO084,20130813,100.00,100.00,100.00,100.00,0
IPO084,20130814,100.00,100.00,100.00,100.00,0
IPO084,20130816,102.98,102.98,102.98,102.98,0
IPO084,20130819,103.84,103.84,103.84,103.84,0
IPO084,20130820,105.09,105.09,105.09,105.09,0
IPO084,20130821,104.88,104.88,104.88,104.88,0
IPO084,20130822,103.56,103.56,103.56,103.56,0
IPO084,20130823,103.36,103.36,103.36,103.36,0
IPO084,20130826,103.50,103.50,103.50,103.50,0
IPO084,20130827,106.47,106.47,106.47,106.47,0
IPO084,20130828,106.12,106.12,106.12,106.12,0
IPO084,20130829,105.73,105.73,105.73,105.73,0
IPO084,20130830,105.33,105.33,105.33,105.33,0
IPO084,20130902,104.59,104.59,104.59,104.59,0
IPO084,20130903,105.44,105.44,105.44,105.44,0
IPO084,20130904,108.52,108.52,108.52,108.52,0
IPO084,20130905,113.67,113.67,113.67,113.67,0
IPO084,20130906,110.94,110.94,110.94,110.94,0
IPO084,20130909,109.37,109.37,109.37,109.37,0
IPO084,20130910,105.97,105.97,105.97,105.97,0
IPO084,20130911,104.71,104.71,104.71,104.71,0
IPO084,20130912,103.84,103.84,103.84,103.84,0
IPO084,20130913,104.66,104.66,104.66,104.66,0
IPO084,20130916,105.72,105.72,105.72,105.72,0
IPO084,20130917,104.63,104.63,104.63,104.63,0
IPO084,20130918,104.90,104.90,104.90,104.90,0
IPO084,20130919,102.50,102.50,102.50,102.50,0
IPO084,20130920,102.07,102.07,102.07,102.07,0
IPO084,20130923,103.35,103.35,103.35,103.35,0
IPO084,20130924,102.96,102.96,102.96,102.96,0
IPO084,20130925,101.67,101.67,101.67,101.67,0
IPO084,20130926,100.44,100.44,100.44,100.44,0
IPO084,20130927,101.04,101.04,101.04,101.04,0
IPO084,20130930,103.66,103.66,103.66,103.66,0
IPO084,20131001,101.67,101.67,101.67,101.67,0
IPO084,20131002,101.55,101.55,101.55,101.55,0
IPO084,20131003,101.82,101.82,101.82,101.82,0
IPO084,20131004,102.76,102.76,102.76,102.76,0
IPO084,20131007,103.57,103.57,103.57,103.57,0
IPO084,20131008,104.00,104.00,104.00,104.00,0
IPO084,20131009,103.12,103.12,103.12,103.12,0
IPO084,20131010,98.36,98.36,98.36,98.36,0
IPO084,20131011,97.66,97.66,97.66,97.66,0
IPO084,20131014,97.24,97.24,97.24,97.24,0
IPO084,20131015,97.38,97.38,97.38,97.38,0
IPO084,20131016,97.21,97.21,97.21,97.21,0
IPO084,20131017,98.38,98.38,98.38,98.38,0
IPO084,20131018,97.92,97.92,97.92,97.92,0
IPO084,20131021,94.91,94.91,94.91,94.91,0
IPO084,20131022,95.56,95.56,95.56,95.56,0
IPO084,20131023,96.34,96.34,96.34,96.34,0
IPO084,20131024,95.37,95.37,95.37,95.37,0
IPO084,20131025,95.78,95.78,95.78,95.78,0
IPO084,20131028,95.04,95.04,95.04,95.04,0
IPO084,20131029,94.26,94.26,94.26,94.26,0
IPO084,20131030,95.48,95.48,95.48,95.48,0
IPO084,20131031,96.04,96.04,96.04,96.04,0
IPO084,20131104,95.72,95.72,95.72,95.72,0
IPO084,20131105,96.58,96.58,96.58,96.58,0
IPO084,20131106,95.64,95.64,95.64,95.64,0
IPO084,20131107,96.09,96.09,96.09,96.09,0
IPO084,20131108,96.62,96.62,96.62,96.62,0
IPO084,20131112,97.13,97.13,97.13,97.13,0
IPO084,20131113,98.49,98.49,98.49,98.49,0
IPO084,20131114,97.01,97.01,97.01,97.01,0
IPO084,20131115,94.99,94.99,94.99,94.99,0
IPO084,20131118,91.63,91.63,91.63,91.63,0
IPO084,20131119,92.26,92.26,92.26,92.26,0
IPO084,20131120,92.97,92.97,92.97,92.97,0
IPO084,20131121,93.15,93.15,93.15,93.15,0
IPO084,20131122,92.95,92.95,92.95,92.95,0
IPO084,20131125,92.59,92.59,92.59,92.59,0
IPO084,20131126,93.94,93.94,93.94,93.94,0
IPO084,20131127,93.07,93.07,93.07,93.07,0
IPO084,20131128,93.84,93.84,93.84,93.84,0
IPO084,20131129,92.98,92.98,92.98,92.98,0
IPO084,20131202,94.99,94.99,94.99,94.99,0
IPO084,20131203,96.60,96.60,96.60,96.60,0
IPO084,20131204,97.39,97.39,97.39,97.39,0
IPO084,20131205,97.73,97.73,97.73,97.73,0
IPO084,20131206,97.82,97.82,97.82,97.82,0
IPO084,20131209,98.06,98.06,98.06,98.06,0
IPO084,20131210,98.13,98.13,98.13,98.13,0
IPO084,20131211,98.54,98.54,98.54,98.54,0
IPO084,20131212,99.43,99.43,99.43,99.43,0
IPO084,20131213,99.79,99.79,99.79,99.79,0
IPO084,20131216,99.75,99.75,99.75,99.75,0
IPO084,20131217,100.55,100.55,100.55,100.55,0
IPO084,20131218,100.85,100.85,100.85,100.85,0
IPO084,20131219,101.53,101.53,101.53,101.53,0
IPO084,20131220,100.88,100.88,100.88,100.88,0
IPO084,20131223,100.52,100.52,100.52,100.52,0
IPO084,20131227,100.97,100.97,100.97,100.97,0
IPO084,20131230,101.03,101.03,101.03,101.03,0
IPO084,20140102,100.34,100.34,100.34,100.34,0
IPO084,20140103,100.96,100.96,100.96,100.96,0
IPO084,20140107,102.25,102.25,102.25,102.25,0
IPO084,20140108,102.06,102.06,102.06,102.06,0
IPO084,20140109,103.15,103.15,103.15,103.15,0
IPO084,20140110,103.06,103.06,103.06,103.06,0
IPO084,20140113,101.28,101.28,101.28,101.28,0
IPO084,20140114,100.20,100.20,100.20,100.20,0
IPO084,20140115,100.04,100.04,100.04,100.04,0
IPO084,20140116,99.84,99.84,99.84,99.84,0
IPO084,20140117,100.84,100.84,100.84,100.84,0
IPO084,20140120,100.65,100.65,100.65,100.65,0
IPO084,20140121,99.38,99.38,99.38,99.38,0
IPO084,20140122,98.67,98.67,98.67,98.67,0
IPO084,20140123,99.61,99.61,99.61,99.61,0
IPO084,20140124,102.16,102.16,102.16,102.16,0
IPO084,20140127,103.38,103.38,103.38,103.38,0
IPO084,20140128,102.49,102.49,102.49,102.49,0
IPO084,20140129,103.52,103.52,103.52,103.52,0
IPO084,20140130,102.39,102.39,102.39,102.39,0
IPO084,20140131,101.89,101.89,101.89,101.89,0
IPO084,20140203,101.00,101.00,101.00,101.00,0
IPO084,20140204,101.26,101.26,101.26,101.26,0
IPO084,20140205,101.70,101.70,101.70,101.70,0
IPO084,20140206,99.84,99.84,99.84,99.84,0
IPO084,20140207,99.51,99.51,99.51,99.51,0
IPO084,20140210,100.08,100.08,100.08,100.08,0
IPO084,20140211,98.63,98.63,98.63,98.63,0
IPO084,20140212,96.93,96.93,96.93,96.93,0
IPO084,20140213,96.55,96.55,96.55,96.55,0
IPO084,20140214,96.75,96.75,96.75,96.75,0
IPO084,20140217,96.94,96.94,96.94,96.94,0
IPO084,20140218,97.22,97.22,97.22,97.22,0
IPO084,20140219,96.66,96.66,96.66,96.66,0
IPO084,20140220,97.40,97.40,97.40,97.40,0
IPO084,20140221,96.48,96.48,96.48,96.48,0
IPO084,20140224,94.64,94.64,94.64,94.64,0
IPO084,20140225,95.32,95.32,95.32,95.32,0
IPO084,20140226,97.07,97.07,97.07,97.07,0
IPO084,20140227,97.36,97.36,97.36,97.36,0
IPO084,20140228,94.89,94.89,94.89,94.89,0
IPO084,20140303,101.27,101.27,101.27,101.27,0
IPO084,20140304,99.14,99.14,99.14,99.14,0
IPO084,20140305,98.84,98.84,98.84,98.84,0
IPO084,20140306,98.32,98.32,98.32,98.32,0
IPO084,20140307,98.95,98.95,98.95,98.95,0
IPO084,20140310,100.36,100.36,100.36,100.36,0
IPO084,20140311,100.06,100.06,100.06,100.06,0
IPO084,20140312,101.58,101.58,101.58,101.58,0
IPO084,20140313,102.63,102.63,102.63,102.63,0
IPO084,20140314,102.44,102.44,102.44,102.44,0
IPO084,20140317,100.76,100.76,100.76,100.76,0
IPO084,20140318,101.13,101.13,101.13,101.13,0
IPO084,20140319,101.87,101.87,101.87,101.87,0
IPO084,20140320,101.00,101.00,101.00,101.00,0
IPO084,20140321,101.41,101.41,101.41,101.41,0
IPO084,20140324,101.66,101.66,101.66,101.66,0
IPO084,20140325,100.01,100.01,100.01,100.01,0
IPO084,20140326,99.45,99.45,99.45,99.45,0
IPO084,20140327,99.22,99.22,99.22,99.22,0
IPO084,20140328,99.01,99.01,99.01,99.01,0
IPO084,20140331,97.94,97.94,97.94,97.94,0
IPO084,20140401,98.08,98.08,98.08,98.08,0
IPO084,20140402,97.57,97.57,97.57,97.57,0
IPO084,20140403,98.76,98.76,98.76,98.76,0
IPO084,20140404,97.56,97.56,97.56,97.56,0
IPO084,20140407,98.67,98.67,98.67,98.67,0
IPO084,20140408,97.76,97.76,97.76,97.76,0
IPO084,20140409,97.97,97.97,97.97,97.97,0
IPO084,20140410,97.89,97.89,97.89,97.89,0
IPO084,20140411,97.97,97.97,97.97,97.97,0
IPO084,20140414,99.10,99.10,99.10,99.10,0
IPO084,20140415,100.22,100.22,100.22,100.22,0
IPO084,20140416,100.46,100.46,100.46,100.46,0
IPO084,20140417,99.28,99.28,99.28,99.28,0
IPO084,20140422,98.23,98.23,98.23,98.23,0
IPO084,20140423,98.55,98.55,98.55,98.55,0
IPO084,20140424,98.61,98.61,98.61,98.61,0
IPO084,20140425,99.44,99.44,99.44,99.44,0
IPO084,20140428,98.94,98.94,98.94,98.94,0
IPO084,20140429,98.39,98.39,98.39,98.39,0
IPO084,20140430,98.74,98.74,98.74,98.74,0
IPO084,20140502,99.52,99.52,99.52,99.52,0
IPO084,20140505,100.42,100.42,100.42,100.42,0
IPO084,20140506,100.78,100.78,100.78,100.78,0
IPO084,20140507,100.71,100.71,100.71,100.71,0
IPO084,20140508,100.15,100.15,100.15,100.15,0
IPO084,20140509,100.87,100.87,100.87,100.87,0
IPO084,20140512,100.16,100.16,100.16,100.16,0
IPO084,20140513,99.96,99.96,99.96,99.96,0
IPO084,20140514,99.52,99.52,99.52,99.52,0
IPO084,20140515,100.41,100.41,100.41,100.41,0
IPO084,20140516,100.51,100.51,100.51,100.51,0
IPO084,20140519,100.12,100.12,100.12,100.12,0
IPO084,20140520,99.87,99.87,99.87,99.87,0
IPO084,20140521,99.77,99.77,99.77,99.77,0
IPO084,20140522,97.82,97.82,97.82,97.82,0
IPO084,20140523,97.85,97.85,97.85,97.85,0
IPO084,20140526,97.71,97.71,97.71,97.71,0
IPO084,20140527,97.92,97.92,97.92,97.92,0
IPO084,20140528,98.85,98.85,98.85,98.85,0
IPO084,20140529,98.19,98.19,98.19,98.19,0
IPO084,20140530,99.25,99.25,99.25,99.25,0
IPO084,20140602,98.99,98.99,98.99,98.99,0
IPO084,20140603,98.73,98.73,98.73,98.73,0
IPO084,20140604,98.10,98.10,98.10,98.10,0
IPO084,20140605,97.16,97.16,97.16,97.16,0
IPO084,20140606,96.52,96.52,96.52,96.52,0
IPO084,20140609,96.82,96.82,96.82,96.82,0
IPO084,20140610,96.52,96.52,96.52,96.52,0
IPO084,20140611,97.15,97.15,97.15,97.15,0
IPO084,20140612,97.00,97.00,97.00,97.00,0
IPO084,20140613,97.58,97.58,97.58,97.58,0
IPO084,20140616,97.94,97.94,97.94,97.94,0
IPO084,20140617,97.25,97.25,97.25,97.25,0
IPO084,20140618,97.51,97.51,97.51,97.51,0
IPO084,20140620,97.05,97.05,97.05,97.05,0
IPO084,20140623,96.71,96.71,96.71,96.71,0
IPO084,20140624,97.11,97.11,97.11,97.11,0
IPO084,20140625,98.68,98.68,98.68,98.68,0
IPO084,20140626,99.49,99.49,99.49,99.49,0
IPO084,20140627,99.52,99.52,99.52,99.52,0
IPO084,20140630,99.51,99.51,99.51,99.51,0
IPO084,20140701,99.37,99.37,99.37,99.37,0
IPO084,20140702,100.12,100.12,100.12,100.12,0
IPO084,20140703,100.47,100.47,100.47,100.47,0
IPO084,20140704,100.58,100.58,100.58,100.58,0
IPO084,20140707,100.18,100.18,100.18,100.18,0
IPO084,20140708,100.86,100.86,100.86,100.86,0
IPO084,20140709,101.60,101.60,101.60,101.60,0
IPO084,20140710,101.73,101.73,101.73,101.73,0
IPO084,20140711,100.40,100.40,100.40,100.40,0
IPO084,20140714,100.39,100.39,100.39,100.39,0
IPO084,20140715,100.04,100.04,100.04,100.04,0
IPO084,20140716,99.79,99.79,99.79,99.79,0
IPO084,20140717,99.56,99.56,99.56,99.56,0
IPO084,20140718,99.69,99.69,99.69,99.69,0
IPO084,20140721,100.21,100.21,100.21,100.21,0
IPO084,20140722,99.22,99.22,99.22,99.22,0
IPO084,20140723,99.43,99.43,99.43,99.43,0
IPO084,20140724,99.43,99.43,99.43,99.43,0
IPO084,20140725,99.51,99.51,99.51,99.51,0
IPO084,20140728,99.41,99.41,99.41,99.41,0
IPO084,20140729,99.89,99.89,99.89,99.89,0
IPO084,20140730,101.14,101.14,101.14,101.14,0
IPO084,20140731,101.66,101.66,101.66,101.66,0
IPO084,20140801,101.21,101.21,101.21,101.21,0
IPO084,20140804,100.72,100.72,100.72,100.72,0
IPO084,20140805,100.42,100.42,100.42,100.42,0
IPO084,20140806,100.65,100.65,100.65,100.65,0
IPO084,20140807,101.63,101.63,101.63,101.63,0
IPO084,20140808,102.26,102.26,102.26,102.26,0
IPO084,20140811,101.07,101.07,101.07,101.07,0
IPO084,20140812,100.83,100.83,100.83,100.83,0
IPO084,20140813,99.93,99.93,99.93,99.93,0
IPO084,20140814,98.95,98.95,98.95,98.95,0
IPO084,20140818,97.53,97.53,97.53,97.53,0
IPO084,20140820,97.38,97.38,97.38,97.38,0
IPO084,20140821,97.59,97.59,97.59,97.59,0
IPO084,20140822,98.04,98.04,98.04,98.04,0
IPO084,20140825,97.42,97.42,97.42,97.42,0
IPO084,20140826,96.50,96.50,96.50,96.50,0
IPO084,20140827,96.77,96.77,96.77,96.77,0
IPO084,20140828,98.72,98.72,98.72,98.72,0
IPO084,20140829,98.34,98.34,98.34,98.34,0
IPO084,20140901,97.72,97.72,97.72,97.72,0
IPO084,20140902,97.02,97.02,97.02,97.02,0
IPO084,20140903,94.60,94.60,94.60,94.60,0
IPO084,20140904,93.57,93.57,93.57,93.57,0
IPO084,20140905,93.60,93.60,93.60,93.60,0
IPO084,20140908,93.44,93.44,93.44,93.44,0
IPO084,20140909,93.49,93.49,93.49,93.49,0
IPO084,20140910,94.20,94.20,94.20,94.20,0
IPO084,20140918,94.04,94.04,94.04,94.04,0
IPO084,20140919,92.49,92.49,92.49,92.49,0
IPO084,20140922,93.20,93.20,93.20,93.20,0
IPO084,20140923,94.96,94.96,94.96,94.96,0
IPO084,20140924,95.30,95.30,95.30,95.30,0
IPO084,20140925,95.96,95.96,95.96,95.96,0
IPO084,20140929,95.26,95.26,95.26,95.26,0
IPO084,20140930,94.35,94.35,94.35,94.35,0
IPO084,20141001,96.05,96.05,96.05,96.05,0
IPO084,20141002,96.94,96.94,96.94,96.94,0
IPO084,20141006,96.61,96.61,96.61,96.61,0
IPO084,20141007,96.83,96.83,96.83,96.83,0
IPO084,20141008,98.02,98.02,98.02,98.02,0
IPO084,20141009,97.67,97.67,97.67,97.67,0
IPO084,20141010,98.80,98.80,98.80,98.80,0
IPO084,20141013,98.82,98.82,98.82,98.82,0
IPO084,20141014,98.32,98.32,98.32,98.32,0
IPO084,20141015,99.49,99.49,99.49,99.49,0
IPO084,20141016,99.01,99.01,99.01,99.01,0
IPO084,20141017,98.70,98.70,98.70,98.70,0
IPO084,20141020,99.07,99.07,99.07,99.07,0
IPO084,20141021,97.86,97.86,97.86,97.86,0
IPO084,20141022,97.87,97.87,97.87,97.87,0
IPO084,20141023,97.52,97.52,97.52,97.52,0
IPO084,20141024,97.66,97.66,97.66,97.66,0
IPO084,20141027,97.50,97.50,97.50,97.50,0
IPO084,20141028,96.67,96.67,96.67,96.67,0
IPO084,20141029,97.12,97.12,97.12,97.12,0
IPO084,20141030,96.98,96.98,96.98,96.98,0
IPO084,20141031,96.54,96.54,96.54,96.54,0
IPO084,20141103,96.60,96.60,96.60,96.60,0
IPO084,20141104,96.53,96.53,96.53,96.53,0
IPO084,20141105,97.17,97.17,97.17,97.17,0
IPO084,20141106,97.62,97.62,97.62,97.62,0
IPO084,20141107,98.14,98.14,98.14,98.14,0
IPO084,20141110,98.54,98.54,98.54,98.54,0
IPO084,20141112,98.45,98.45,98.45,98.45,0
IPO084,20141113,99.01,99.01,99.01,99.01,0
IPO084,20141114,97.93,97.93,97.93,97.93,0
IPO084,20141117,97.92,97.92,97.92,97.92,0
IPO084,20141118,97.76,97.76,97.76,97.76,0
IPO084,20141119,98.12,98.12,98.12,98.12,0
IPO084,20141120,98.72,98.72,98.72,98.72,0
IPO084,20141121,98.06,98.06,98.06,98.06,0
IPO084,20141124,98.71,98.71,98.71,98.71,0
IPO084,20141125,98.26,98.26,98.26,98.26,0
IPO084,20141126,97.77,97.77,97.77,97.77,0
IPO084,20141127,97.62,97.62,97.62,97.62,0
IPO084,20141128,98.12,98.12,98.12,98.12,0
IPO084,20141201,97.77,97.77,97.77,97.77,0
IPO084,20141202,96.93,96.93,96.93,96.93,0
IPO084,20141203,96.96,96.96,96.96,96.96,0
IPO084,20141204,97.95,97.95,97.95,97.95,0
IPO084,20141205,97.16,97.16,97.16,97.16,0
IPO084,20141208,97.52,97.52,97.52,97.52,0
IPO084,20141209,98.89,98.89,98.89,98.89,0
IPO084,20141210,99.70,99.70,99.70,99.70,0
IPO084,20141211,99.40,99.40,99.40,99.40,0
IPO084,20141212,100.17,100.17,100.17,100.17,0
IPO084,20141215,101.72,101.72,101.72,101.72,0
IPO084,20141216,103.46,103.46,103.46,103.46,0
IPO084,20141217,102.64,102.64,102.64,102.64,0
IPO084,20141218,101.74,101.74,101.74,101.74,0
IPO084,20141219,102.06,102.06,102.06,102.06,0
IPO084,20141222,101.08,101.08,101.08,101.08,0
IPO084,20141223,101.19,101.19,101.19,101.19,0
IPO084,20141229,102.22,102.22,102.22,102.22,0
IPO084,20141230,102.01,102.01,102.01,102.01,0
IPO084,20150102,102.08,102.08,102.08,102.08,0
IPO084,20150105,104.10,104.10,104.10,104.10,0
IPO084,20150107,102.13,102.13,102.13,102.13,0
IPO084,20150108,100.05,100.05,100.05,100.05,0
IPO084,20150109,101.15,101.15,101.15,101.15,0
IPO084,20150112,101.05,101.05,101.05,101.05,0
IPO084,20150113,99.64,99.64,99.64,99.64,0
IPO084,20150114,100.93,100.93,100.93,100.93,0
IPO084,20150115,104.18,104.18,104.18,104.18,0
IPO084,20150116,105.01,105.01,105.01,105.01,0
IPO084,20150119,104.61,104.61,104.61,104.61,0
IPO084,20150120,104.95,104.95,104.95,104.95,0
IPO084,20150121,103.09,103.09,103.09,103.09,0
IPO084,20150122,101.66,101.66,101.66,101.66,0
IPO084,20150123,101.81,101.81,101.81,101.81,0
IPO084,20150126,102.27,102.27,102.27,102.27,0
IPO084,20150127,102.46,102.46,102.46,102.46,0
IPO084,20150128,101.88,101.88,101.88,101.88,0
IPO084,20150129,100.87,100.87,100.87,100.87,0
IPO084,20150130,100.91,100.91,100.91,100.91,0
IPO084,20150202,101.79,101.79,101.79,101.79,0
IPO084,20150203,101.41,101.41,101.41,101.41,0
IPO084,20150204,101.05,101.05,101.05,101.05,0
IPO084,20150205,101.07,101.07,101.07,101.07,0
IPO084,20150206,100.65,100.65,100.65,100.65,0
IPO084,20150209,101.13,101.13,101.13,101.13,0
IPO084,20150210,101.16,101.16,101.16,101.16,0
IPO084,20150211,101.48,101.48,101.48,101.48,0
IPO084,20150212,101.42,101.42,101.42,101.42,0
IPO084,20150213,100.89,100.89,100.89,100.89,0
IPO084,20150216,100.10,100.10,100.10,100.10,0
IPO084,20150217,100.17,100.17,100.17,100.17,0
IPO084,20150218,100.61,100.61,100.61,100.61,0
IPO084,20150219,100.77,100.77,100.77,100.77,0
IPO084,20150220,100.80,100.80,100.80,100.80,0
IPO084,20150223,100.29,100.29,100.29,100.29,0
IPO084,20150224,100.08,100.08,100.08,100.08,0
IPO084,20150225,100.69,100.69,100.69,100.69,0
IPO084,20150226,100.26,100.26,100.26,100.26,0
IPO084,20150227,100.03,100.03,100.03,100.03,0
IPO084,20150302,100.44,100.44,100.44,100.44,0
IPO084,20150303,101.90,101.90,101.90,101.90,0
IPO084,20150304,101.05,101.05,101.05,101.05,0
IPO084,20150305,100.21,100.21,100.21,100.21,0
IPO084,20150306,100.90,100.90,100.90,100.90,0
IPO084,20150309,101.35,101.35,101.35,101.35,0
IPO084,20150310,102.31,102.31,102.31,102.31,0
IPO084,20150311,101.79,101.79,101.79,101.79,0
IPO084,20150312,101.97,101.97,101.97,101.97,0
IPO084,20150313,102.95,102.95,102.95,102.95,0
IPO084,20150316,102.36,102.36,102.36,102.36,0
IPO084,20150317,101.21,101.21,101.21,101.21,0
IPO084,20150318,100.50,100.50,100.50,100.50,0
IPO084,20150319,99.17,99.17,99.17,99.17,0
IPO084,20150320,98.37,98.37,98.37,98.37,0
IPO084,20150323,97.85,97.85,97.85,97.85,0
IPO084,20150324,98.13,98.13,98.13,98.13,0
IPO084,20150325,98.36,98.36,98.36,98.36,0
IPO084,20150326,99.14,99.14,99.14,99.14,0
IPO084,20150327,99.23,99.23,99.23,99.23,0
IPO084,20150330,98.55,98.55,98.55,98.55,0
IPO084,20150331,98.55,98.55,98.55,98.55,0
IPO084,20150401,98.62,98.62,98.62,98.62,0
IPO084,20150402,98.44,98.44,98.44,98.44,0
IPO084,20150407,96.88,96.88,96.88,96.88,0
IPO084,20150408,97.20,97.20,97.20,97.20,0
IPO084,20150409,96.35,96.35,96.35,96.35,0
IPO084,20150410,96.50,96.50,96.50,96.50,0
IPO084,20150413,96.56,96.56,96.56,96.56,0
IPO084,20150414,96.63,96.63,96.63,96.63,0
IPO084,20150415,95.00,95.00,95.00,95.00,0
IPO084,20150416,93.96,93.96,93.96,93.96,0
IPO084,20150417,94.92,94.92,94.92,94.92,0
IPO084,20150420,93.68,93.68,93.68,93.68,0
IPO084,20150421,93.79,93.79,93.79,93.79,0
IPO084,20150422,93.06,93.06,93.06,93.06,0
IPO084,20150423,93.16,93.16,93.16,93.16,0
IPO084,20150424,93.33,93.33,93.33,93.33,0
IPO084,20150427,92.19,92.19,92.19,92.19,0
IPO084,20150428,92.05,92.05,92.05,92.05,0
IPO084,20150429,93.37,93.37,93.37,93.37,0
IPO084,20150430,93.05,93.05,93.05,93.05,0
IPO084,20150504,92.95,92.95,92.95,92.95,0
IPO084,20150505,93.67,93.67,93.67,93.67,0
IPO084,20150506,92.96,92.96,92.96,92.96,0
IPO084,20150507,92.90,92.90,92.90,92.90,0
IPO084,20150508,92.15,92.15,92.15,92.15,0
IPO084,20150511,92.38,92.38,92.38,92.38,0
IPO084,20150512,92.24,92.24,92.24,92.24,0
IPO084,20150513,92.54,92.54,92.54,92.54,0
IPO084,20150514,93.19,93.19,93.19,93.19,0
IPO084,20150515,93.02,93.02,93.02,93.02,0
IPO084,20150518,92.72,92.72,92.72,92.72,0
IPO084,20150519,92.82,92.82,92.82,92.82,0
IPO084,20150520,92.78,92.78,92.78,92.78,0
IPO084,20150521,92.66,92.66,92.66,92.66,0
IPO084,20150522,93.20,93.20,93.20,93.20,0
IPO084,20150525,94.82,94.82,94.82,94.82,0
IPO084,20150526,95.29,95.29,95.29,95.29,0
IPO084,20150527,95.05,95.05,95.05,95.05,0
IPO084,20150528,95.63,95.63,95.63,95.63,0
IPO084,20150529,95.67,95.67,95.67,95.67,0
IPO084,20150601,95.89,95.89,95.89,95.89,0
IPO084,20150602,96.58,96.58,96.58,96.58,0
IPO084,20150603,97.75,97.75,97.75,97.75,0
IPO084,20150605,98.60,98.60,98.60,98.60,0
IPO084,20150608,98.98,98.98,98.98,98.98,0
IPO084,20150609,99.57,99.57,99.57,99.57,0
IPO084,20150610,97.79,97.79,97.79,97.79,0
IPO084,20150611,98.14,98.14,98.14,98.14,0
IPO084,20150612,98.79,98.79,98.79,98.79,0
IPO084,20150615,98.81,98.81,98.81,98.81,0
IPO084,20150616,98.71,98.71,98.71,98.71,0
IPO084,20150617,100.46,100.46,100.46,100.46,0
IPO084,20150618,99.80,99.80,99.80,99.80,0
IPO084,20150619,100.41,100.41,100.41,100.41,0
IPO084,20150622,98.48,98.48,98.48,98.48,0
IPO084,20150623,98.75,98.75,98.75,98.75,0
IPO084,20150624,98.31,98.31,98.31,98.31,0
IPO084,20150625,97.84,97.84,97.84,97.84,0
IPO084,20150626,98.92,98.92,98.92,98.92,0
IPO084,20150629,100.57,100.57,100.57,100.57,0
IPO084,20150630,100.00,100.00,100.00,100.00,0
IPO084,20150701,100.42,100.42,100.42,100.42,0
IPO084,20150702,100.63,100.63,100.63,100.63,0
IPO084,20150703,101.08,101.08,101.08,101.08,0
IPO084,20150706,101.06,101.06,101.06,101.06,0
IPO084,20150707,103.50,103.50,103.50,103.50,0
IPO084,20150708,103.55,103.55,103.55,103.55,0
IPO084,20150709,103.30,103.30,103.30,103.30,0
IPO084,20150710,101.30,101.30,101.30,101.30,0
IPO084,20150713,101.67,101.67,101.67,101.67,0
IPO084,20150714,101.98,101.98,101.98,101.98,0
IPO084,20150715,101.96,101.96,101.96,101.96,0
IPO084,20150716,100.29,100.29,100.29,100.29,0
IPO084,20150717,100.89,100.89,100.89,100.89,0
IPO084,20150720,102.14,102.14,102.14,102.14,0
IPO084,20150721,102.21,102.21,102.21,102.21,0
IPO084,20150722,104.86,104.86,104.86,104.86,0
IPO084,20150723,104.01,104.01,104.01,104.01,0
IPO084,20150724,104.73,104.73,104.73,104.73,0
IPO084,20150727,104.47,104.47,104.47,104.47,0
IPO084,20150728,104.46,104.46,104.46,104.46,0
IPO084,20150729,103.89,103.89,103.89,103.89,0
IPO084,20150730,104.85,104.85,104.85,104.85,0
IPO084,20150731,103.35,103.35,103.35,103.35,0
IPO084,20150803,103.42,103.42,103.42,103.42,0
IPO084,20150804,103.33,103.33,103.33,103.33,0
IPO084,20150805,102.21,102.21,102.21,102.21,0
IPO084,20150806,104.62,104.62,104.62,104.62,0
IPO084,20150807,104.45,104.45,104.45,104.45,0
IPO084,20150810,103.59,103.59,103.59,103.59,0
IPO084,20150811,103.55,103.55,103.55,103.55,0
IPO084,20150812,104.43,104.43,104.43,104.43,0
IPO084,20150813,103.38,103.38,103.38,103.38,0
IPO084,20150814,104.33,104.33,104.33,104.33,0
IPO084,20150817,105.49,105.49,105.49,105.49,0
IPO084,20150818,105.83,105.83,105.83,105.83,0
IPO084,20150819,104.95,104.95,104.95,104.95,0
IPO084,20150820,104.38,104.38,104.38,104.38,0
IPO084,20150821,105.25,105.25,105.25,105.25,0
IPO084,20150824,110.48,110.48,110.48,110.48,0
IPO084,20150825,110.18,110.18,110.18,110.18,0
IPO084,20150826,109.62,109.62,109.62,109.62,0
IPO084,20150827,107.99,107.99,107.99,107.99,0
IPO084,20150828,106.70,106.70,106.70,106.70,0
IPO084,20150831,106.16,106.16,106.16,106.16,0
IPO084,20150901,108.07,108.07,108.07,108.07,0
IPO084,20150902,108.19,108.19,108.19,108.19,0
IPO084,20150903,106.18,106.18,106.18,106.18,0
IPO084,20150904,106.39,106.39,106.39,106.39,0
IPO084,20150907,107.03,107.03,107.03,107.03,0
IPO084,20150908,106.98,106.98,106.98,106.98,0
IPO084,20150909,106.53,106.53,106.53,106.53,0
IPO084,20150910,104.83,104.83,104.83,104.83,0
IPO084,20150911,104.46,104.46,104.46,104.46,0
IPO084,20150914,104.89,104.89,104.89,104.89,0
IPO084,20150915,104.53,104.53,104.53,104.53,0
IPO084,20150916,104.96,104.96,104.96,104.96,0
IPO084,20150917,103.39,103.39,103.39,103.39,0
IPO084,20150918,105.13,105.13,105.13,105.13,0
IPO084,20150921,104.53,104.53,104.53,104.53,0
IPO084,20150922,106.62,106.62,106.62,106.62,0
IPO084,20150923,107.15,107.15,107.15,107.15,0
IPO084,20150924,108.46,108.46,108.46,108.46,0
IPO084,20150925,108.05,108.05,108.05,108.05,0
IPO084,20150928,109.27,109.27,109.27,109.27,0
IPO084,20150929,109.49,109.49,109.49,109.49,0
IPO084,20150930,108.76,108.76,108.76,108.76,0
IPO084,20151001,109.46,109.46,109.46,109.46,0
IPO084,20151002,109.99,109.99,109.99,109.99,0
IPO084,20151005,107.67,107.67,107.67,107.67,0
IPO084,20151006,107.26,107.26,107.26,107.26,0
IPO084,20151007,106.68,106.68,106.68,106.68,0
IPO084,20151008,106.01,106.01,106.01,106.01,0
IPO084,20151009,105.26,105.26,105.26,105.26,0
IPO084,20151012,105.77,105.77,105.77,105.77,0
IPO084,20151013,106.13,106.13,106.13,106.13,0
IPO084,20151014,106.17,106.17,106.17,106.17,0
IPO084,20151015,105.14,105.14,105.14,105.14,0
IPO084,20151016,106.01,106.01,106.01,106.01,0
IPO084,20151019,106.88,106.88,106.88,106.88,0
IPO084,20151020,106.59,106.59,106.59,106.59,0
IPO084,20151021,107.06,107.06,107.06,107.06,0
IPO084,20151022,106.87,106.87,106.87,106.87,0
IPO084,20151023,107.05,107.05,107.05,107.05,0
IPO084,20151026,106.85,106.85,106.85,106.85,0
IPO084,20151027,106.83,106.83,106.83,106.83,0
IPO084,20151028,107.19,107.19,107.19,107.19,0
IPO084,20151029,109.45,109.45,109.45,109.45,0
IPO084,20151030,109.10,109.10,109.10,109.10,0
IPO084,20151102,108.11,108.11,108.11,108.11,0
IPO084,20151103,108.84,108.84,108.84,108.84,0
IPO084,20151104,109.14,109.14,109.14,109.14,0
IPO084,20151105,110.01,110.01,110.01,110.01,0
IPO084,20151106,111.27,111.27,111.27,111.27,0
IPO084,20151109,111.30,111.30,111.30,111.30,0
IPO084,20151110,110.94,110.94,110.94,110.94,0
IPO084,20151112,111.71,111.71,111.71,111.71,0
IPO084,20151113,113.39,113.39,113.39,113.39,0
IPO084,20151116,113.93,113.93,113.93,113.93,0
IPO084,20151117,111.89,111.89,111.89,111.89,0
IPO084,20151118,110.76,110.76,110.76,110.76,0
IPO084,20151119,111.66,111.66,111.66,111.66,0
IPO084,20151120,110.95,110.95,110.95,110.95,0
IPO084,20151123,113.20,113.20,113.20,113.20,0
IPO084,20151124,114.91,114.91,114.91,114.91,0
IPO084,20151125,115.31,115.31,115.31,115.31,0
IPO084,20151126,113.88,113.88,113.88,113.88,0
IPO084,20151127,115.45,115.45,115.45,115.45,0
IPO084,20151130,115.89,115.89,115.89,115.89,0
IPO084,20151201,116.35,116.35,116.35,116.35,0
IPO084,20151202,118.13,118.13,118.13,118.13,0
IPO084,20151203,118.99,118.99,118.99,118.99,0
IPO084,20151204,118.66,118.66,118.66,118.66,0
IPO084,20151207,118.81,118.81,118.81,118.81,0
IPO084,20151208,121.85,121.85,121.85,121.85,0
IPO084,20151209,123.68,123.68,123.68,123.68,0
IPO084,20151210,122.23,122.23,122.23,122.23,0
IPO084,20151211,124.62,124.62,124.62,124.62,0
IPO084,20151214,124.24,124.24,124.24,124.24,0
IPO084,20151215,123.61,123.61,123.61,123.61,0
IPO084,20151216,121.96,121.96,121.96,121.96,0
IPO084,20151217,120.22,120.22,120.22,120.22,0
IPO084,20151218,119.29,119.29,119.29,119.29,0
IPO084,20151221,118.54,118.54,118.54,118.54,0
IPO084,20151222,118.52,118.52,118.52,118.52,0
IPO084,20151223,117.94,117.94,117.94,117.94,0
IPO084,20151228,117.79,117.79,117.79,117.79,0
IPO084,20151229,116.62,116.62,116.62,116.62,0
IPO084,20151230,119.79,119.79,119.79,119.79,0
IPO084,20160104,122.83,122.83,122.83,122.83,0
IPO084,20160105,123.56,123.56,123.56,123.56,0
IPO084,20160107,125.64,125.64,125.64,125.64,0
IPO084,20160108,128.12,128.12,128.12,128.12,0
IPO084,20160111,128.64,128.64,128.64,128.64,0
IPO084,20160112,126.21,126.21,126.21,126.21,0
IPO084,20160113,125.15,125.15,125.15,125.15,0
IPO084,20160114,125.41,125.41,125.41,125.41,0
IPO084,20160115,126.85,126.85,126.85,126.85,0
IPO084,20160118,130.39,130.39,130.39,130.39,0
IPO084,20160119,129.38,129.38,129.38,129.38,0
IPO084,20160120,129.09,129.09,129.09,129.09,0
IPO084,20160121,129.99,129.99,129.99,129.99,0
IPO084,20160122,127.68,127.68,127.68,127.68,0
IPO084,20160125,127.34,127.34,127.34,127.34,0
IPO084,20160126,127.96,127.96,127.96,127.96,0
IPO084,20160127,127.46,127.46,127.46,127.46,0
IPO084,20160128,125.63,125.63,125.63,125.63,0
IPO084,20160129,124.40,124.40,124.40,124.40,0
IPO084,20160201,124.38,124.38,124.38,124.38,0
IPO084,20160202,127.07,127.07,127.07,127.07,0
IPO084,20160203,126.36,126.36,126.36,126.36,0
IPO084,20160204,123.79,123.79,123.79,123.79,0
IPO084,20160205,123.31,123.31,123.31,123.31,0
IPO084,20160208,125.04,125.04,125.04,125.04,0
IPO084,20160209,124.69,124.69,124.69,124.69,0
IPO084,20160210,125.16,125.16,125.16,125.16,0
IPO084,20160211,125.14,125.14,125.14,125.14,0
IPO084,20160212,124.81,124.81,124.81,124.81,0
IPO084,20160215,123.83,123.83,123.83,123.83,0
IPO084,20160216,123.90,123.90,123.90,123.90,0
IPO084,20160217,119.58,119.58,119.58,119.58,0
IPO084,20160218,119.64,119.64,119.64,119.64,0
IPO084,20160219,119.89,119.89,119.89,119.89,0
IPO084,20160222,118.92,118.92,118.92,118.92,0
IPO084,20160223,119.57,119.57,119.57,119.57,0
IPO084,20160224,121.23,121.23,121.23,121.23,0
IPO084,20160225,120.00,120.00,120.00,120.00,0
IPO084,20160226,120.05,120.05,120.05,120.05,0
IPO084,20160229,121.39,121.39,121.39,121.39,0
IPO084,20160301,121.37,121.37,121.37,121.37,0
IPO084,20160302,121.00,121.00,121.00,121.00,0
IPO084,20160303,117.76,117.76,117.76,117.76,0
IPO084,20160304,117.92,117.92,117.92,117.92,0
IPO084,20160307,117.17,117.17,117.17,117.17,0
IPO084,20160308,118.27,118.27,118.27,118.27,0
IPO084,20160309,117.71,117.71,117.71,117.71,0
IPO084,20160310,117.20,117.20,117.20,117.20,0
IPO084,20160311,115.51,115.51,115.51,115.51,0
IPO084,20160314,115.49,115.49,115.49,115.49,0
IPO084,20160315,115.92,115.92,115.92,115.92,0
IPO084,20160316,116.03,116.03,116.03,116.03,0
IPO084,20160317,113.52,113.52,113.52,113.52,0
IPO084,20160318,112.84,112.84,112.84,112.84,0
IPO084,20160321,113.06,113.06,113.06,113.06,0
IPO084,20160322,112.33,112.33,112.33,112.33,0
IPO084,20160323,114.33,114.33,114.33,114.33,0
IPO084,20160324,113.72,113.72,113.72,113.72,0
IPO084,20160329,113.23,113.23,113.23,113.23,0
IPO084,20160330,110.24,110.24,110.24,110.24,0
IPO084,20160331,110.39,110.39,110.39,110.39,0
IPO084,20160401,111.57,111.57,111.57,111.57,0
IPO084,20160404,110.87,110.87,110.87,110.87,0
IPO084,20160405,113.76,113.76,113.76,113.76,0
IPO084,20160406,113.99,113.99,113.99,113.99,0
IPO084,20160407,115.55,115.55,115.55,115.55,0
IPO084,20160408,114.43,114.43,114.43,114.43,0
IPO084,20160411,115.15,115.15,115.15,115.15,0
IPO084,20160412,115.20,115.20,115.20,115.20,0
IPO084,20160413,113.10,113.10,113.10,113.10,0
IPO084,20160414,112.64,112.64,112.64,112.64,0
IPO084,20160415,113.43,113.43,113.43,113.43,0
IPO084,20160418,112.72,112.72,112.72,112.72,0
IPO084,20160419,111.46,111.46,111.46,111.46,0
IPO084,20160420,111.60,111.60,111.60,111.60,0
IPO084,20160421,112.66,112.66,112.66,112.66,0
IPO084,20160422,113.12,113.12,113.12,113.12,0
IPO084,20160425,114.32,114.32,114.32,114.32,0
IPO084,20160426,114.67,114.67,114.67,114.67,0
IPO084,20160427,115.88,115.88,115.88,115.88,0
IPO084,20160428,115.28,115.28,115.28,115.28,0
IPO084,20160429,115.71,115.71,115.71,115.71,0
IPO084,20160502,114.68,114.68,114.68,114.68,0
IPO084,20160504,117.82,117.82,117.82,117.82,0
IPO084,20160505,119.38,119.38,119.38,119.38,0
IPO084,20160506,118.24,118.24,118.24,118.24,0
IPO084,20160509,118.41,118.41,118.41,118.41,0
IPO084,20160510,120.36,120.36,120.36,120.36,0
IPO084,20160511,119.50,119.50,119.50,119.50,0
IPO084,20160512,120.16,120.16,120.16,120.16,0
IPO084,20160513,119.91,119.91,119.91,119.91,0
IPO084,20160516,117.82,117.82,117.82,117.82,0
IPO084,20160517,118.06,118.06,118.06,118.06,0
IPO084,20160518,118.44,118.44,118.44,118.44,0
IPO084,20160519,121.29,121.29,121.29,121.29,0
IPO084,20160520,120.25,120.25,120.25,120.25,0
IPO084,20160523,119.73,119.73,119.73,119.73,0
IPO084,20160524,119.00,119.00,119.00,119.00,0
IPO084,20160525,117.96,117.96,117.96,117.96,0
IPO084,20160527,118.54,118.54,118.54,118.54,0
IPO084,20160530,118.04,118.04,118.04,118.04,0
IPO084,20160531,120.00,120.00,120.00,120.00,0
IPO084,20160601,123.87,123.87,123.87,123.87,0
IPO084,20160602,122.58,122.58,122.58,122.58,0
IPO084,20160603,121.18,121.18,121.18,121.18,0
IPO084,20160606,121.02,121.02,121.02,121.02,0
IPO084,20160607,119.29,119.29,119.29,119.29,0
IPO084,20160608,118.25,118.25,118.25,118.25,0
IPO084,20160609,119.58,119.58,119.58,119.58,0
IPO084,20160610,121.39,121.39,121.39,121.39,0
IPO084,20160613,121.67,121.67,121.67,121.67,0
IPO084,20160614,123.32,123.32,123.32,123.32,0
IPO084,20160615,122.23,122.23,122.23,122.23,0
IPO084,20160616,124.77,124.77,124.77,124.77,0
IPO084,20160617,123.38,123.38,123.38,123.38,0
IPO084,20160620,120.58,120.58,120.58,120.58,0
IPO084,20160621,119.74,119.74,119.74,119.74,0
IPO084,20160622,117.76,117.76,117.76,117.76,0
IPO084,20160623,115.43,115.43,115.43,115.43,0
IPO084,20160624,120.25,120.25,120.25,120.25,0
IPO084,20160627,122.63,122.63,122.63,122.63,0
IPO084,20160628,121.17,121.17,121.17,121.17,0
IPO084,20160629,120.95,120.95,120.95,120.95,0
IPO084,20160630,120.94,120.94,120.94,120.94,0
IPO084,20160701,122.04,122.04,122.04,122.04,0
IPO084,20160704,122.60,122.60,122.60,122.60,0
IPO084,20160705,123.40,123.40,123.40,123.40,0
IPO084,20160706,125.24,125.24,125.24,125.24,0
IPO084,20160707,123.46,123.46,123.46,123.46,0
IPO084,20160708,123.66,123.66,123.66,123.66,0
IPO084,20160711,121.50,121.50,121.50,121.50,0
IPO084,20160712,121.06,121.06,121.06,121.06,0
IPO084,20160713,121.89,121.89,121.89,121.89,0
IPO084,20160714,120.84,120.84,120.84,120.84,0
IPO084,20160715,119.60,119.60,119.60,119.60,0
IPO084,20160718,118.02,118.02,118.02,118.02,0
IPO084,20160719,117.35,117.35,117.35,117.35,0
IPO084,20160720,116.30,116.30,116.30,116.30,0
IPO084,20160721,116.58,116.58,116.58,116.58,0
IPO084,20160722,116.99,116.99,116.99,116.99,0
IPO084,20160725,116.01,116.01,116.01,116.01,0
IPO084,20160726,116.04,116.04,116.04,116.04,0
IPO084,20160727,116.67,116.67,116.67,116.67,0
IPO084,20160728,116.92,116.92,116.92,116.92,0
IPO084,20160729,119.22,119.22,119.22,119.22,0
IPO084,20160801,118.56,118.56,118.56,118.56,0
IPO084,20160802,115.99,115.99,115.99,115.99,0
IPO084,20160803,116.75,116.75,116.75,116.75,0
IPO084,20160804,115.46,115.46,115.46,115.46,0
IPO084,20160805,114.94,114.94,114.94,114.94,0
IPO084,20160808,114.10,114.10,114.10,114.10,0
IPO084,20160809,113.50,113.50,113.50,113.50,0
IPO084,20160810,113.23,113.23,113.23,113.23,0
IPO084,20160811,112.29,112.29,112.29,112.29,0
IPO084,20160812,112.67,112.67,112.67,112.67,0
IPO084,20160816,113.68,113.68,113.68,113.68,0
IPO084,20160817,114.97,114.97,114.97,114.97,0
IPO084,20160818,115.24,115.24,115.24,115.24,0
IPO084,20160819,116.11,116.11,116.11,116.11,0
IPO084,20160822,116.40,116.40,116.40,116.40,0
IPO084,20160823,117.32,117.32,117.32,117.32,0
IPO084,20160824,117.38,117.38,117.38,117.38,0
IPO084,20160825,117.49,117.49,117.49,117.49,0
IPO084,20160826,117.86,117.86,117.86,117.86,0
IPO084,20160829,118.15,118.15,118.15,118.15,0
IPO084,20160830,116.52,116.52,116.52,116.52,0
IPO084,20160831,116.70,116.70,116.70,116.70,0
IPO084,20160901,119.00,119.00,119.00,119.00,0
IPO084,20160902,118.68,118.68,118.68,118.68,0
IPO084,20160905,117.24,117.24,117.24,117.24,0
IPO084,20160906,117.32,117.32,117.32,117.32,0
IPO084,20160907,115.76,115.76,115.76,115.76,0
IPO084,20160908,116.62,116.62,116.62,116.62,0
IPO084,20160909,118.88,118.88,118.88,118.88,0
IPO084,20160912,120.65,120.65,120.65,120.65,0
IPO084,20160913,120.92,120.92,120.92,120.92,0
IPO084,20160914,120.11,120.11,120.11,120.11,0
IPO084,20160915,119.03,119.03,119.03,119.03,0
IPO084,20160916,119.45,119.45,119.45,119.45,0
IPO084,20160919,119.22,119.22,119.22,119.22,0
IPO084,20160920,119.28,119.28,119.28,119.28,0
IPO084,20160921,118.65,118.65,118.65,118.65,0
IPO084,20160922,117.78,117.78,117.78,117.78,0
IPO084,20160923,118.53,118.53,118.53,118.53,0
IPO084,20160926,119.75,119.75,119.75,119.75,0
IPO084,20160927,120.16,120.16,120.16,120.16,0
IPO084,20160928,120.36,120.36,120.36,120.36,0
IPO084,20160929,119.26,119.26,119.26,119.26,0
IPO084,20160930,120.35,120.35,120.35,120.35,0
IPO084,20161003,119.57,119.57,119.57,119.57,0
IPO084,20161004,117.75,117.75,117.75,117.75,0
IPO084,20161005,117.34,117.34,117.34,117.34,0
IPO084,20161006,117.40,117.40,117.40,117.40,0
IPO084,20161007,117.87,117.87,117.87,117.87,0
IPO084,20161010,117.01,117.01,117.01,117.01,0
IPO084,20161011,117.91,117.91,117.91,117.91,0
IPO084,20161012,117.69,117.69,117.69,117.69,0
IPO084,20161013,119.72,119.72,119.72,119.72,0
IPO084,20161014,120.19,120.19,120.19,120.19,0
IPO084,20161017,120.92,120.92,120.92,120.92,0
IPO084,20161018,120.03,120.03,120.03,120.03,0
IPO084,20161019,118.37,118.37,118.37,118.37,0
IPO084,20161020,118.15,118.15,118.15,118.15,0
IPO084,20161021,118.02,118.02,118.02,118.02,0
IPO084,20161024,115.84,115.84,115.84,115.84,0
IPO084,20161025,115.54,115.54,115.54,115.54,0
IPO084,20161026,115.99,115.99,115.99,115.99,0
IPO084,20161027,115.44,115.44,115.44,115.44,0
IPO084,20161028,113.69,113.69,113.69,113.69,0
IPO084,20161031,114.08,114.08,114.08,114.08,0
IPO084,20161102,117.43,117.43,117.43,117.43,0
IPO084,20161103,117.25,117.25,117.25,117.25,0
IPO084,20161104,117.44,117.44,117.44,117.44,0
IPO084,20161107,116.87,116.87,116.87,116.87,0
IPO084,20161108,115.88,115.88,115.88,115.88,0
IPO084,20161109,115.39,115.39,115.39,115.39,0
IPO084,20161110,114.63,114.63,114.63,114.63,0
IPO084,20161114,117.28,117.28,117.28,117.28,0
IPO084,20161115,117.35,117.35,117.35,117.35,0
IPO084,20161116,117.28,117.28,117.28,117.28,0
IPO084,20161117,118.59,118.59,118.59,118.59,0
IPO084,20161118,119.61,119.61,119.61,119.61,0
IPO084,20161121,117.48,117.48,117.48,117.48,0
IPO084,20161122,116.21,116.21,116.21,116.21,0
IPO084,20161123,114.63,114.63,114.63,114.63,0
IPO084,20161124,113.65,113.65,113.65,113.65,0
IPO084,20161125,114.61,114.61,114.61,114.61,0
IPO084,20161128,115.84,115.84,115.84,115.84,0
IPO084,20161129,115.71,115.71,115.71,115.71,0
IPO084,20161130,114.51,114.51,114.51,114.51,0
IPO084,20161201,115.21,115.21,115.21,115.21,0
IPO084,20161202,115.33,115.33,115.33,115.33,0
IPO084,20161205,110.92,110.92,110.92,110.92,0
IPO084,20161206,108.68,108.68,108.68,108.68,0
IPO084,20161207,108.67,108.67,108.67,108.67,0
IPO084,20161208,107.37,107.37,107.37,107.37,0
IPO084,20161209,107.75,107.75,107.75,107.75,0
IPO084,20161212,108.96,108.96,108.96,108.96,0
IPO084,20161213,106.81,106.81,106.81,106.81,0
IPO084,20161214,105.25,105.25,105.25,105.25,0
IPO084,20161215,106.71,106.71,106.71,106.71,0
IPO084,20161216,106.88,106.88,106.88,106.88,0
IPO084,20161219,105.98,105.98,105.98,105.98,0
IPO084,20161220,105.16,105.16,105.16,105.16,0
IPO084,20161221,106.02,106.02,106.02,106.02,0
IPO084,20161222,105.02,105.02,105.02,105.02,0
IPO084,20161223,105.51,105.51,105.51,105.51,0
IPO084,20161227,105.43,105.43,105.43,105.43,0
IPO084,20161228,105.53,105.53,105.53,105.53,0
IPO084,20161229,105.12,105.12,105.12,105.12,0
IPO084,20161230,105.06,105.06,105.06,105.06,0
IPO084,20170102,104.65,104.65,104.65,104.65,0
IPO084,20170103,102.85,102.85,102.85,102.85,0
IPO084,20170104,102.39,102.39,102.39,102.39,0
IPO084,20170105,102.59,102.59,102.59,102.59,0
IPO084,20170109,101.60,101.60,101.60,101.60,0
IPO084,20170110,100.83,100.83,100.83,100.83,0
IPO084,20170111,100.50,100.50,100.50,100.50,0
IPO084,20170112,101.26,101.26,101.26,101.26,0
IPO084,20170113,101.17,101.17,101.17,101.17,0
IPO084,20170116,100.52,100.52,100.52,100.52,0
IPO084,20170117,101.10,101.10,101.10,101.10,0
IPO084,20170118,101.71,101.71,101.71,101.71,0
IPO084,20170119,101.34,101.34,101.34,101.34,0
IPO084,20170120,101.52,101.52,101.52,101.52,0
IPO084,20170123,102.54,102.54,102.54,102.54,0
IPO084,20170124,101.38,101.38,101.38,101.38,0
IPO084,20170125,98.26,98.26,98.26,98.26,0
IPO084,20170126,98.10,98.10,98.10,98.10,0
IPO084,20170127,97.80,97.80,97.80,97.80,0
IPO084,20170130,99.43,99.43,99.43,99.43,0
IPO084,20170131,99.16,99.16,99.16,99.16,0
IPO084,20170201,97.56,97.56,97.56,97.56,0
IPO084,20170202,98.51,98.51,98.51,98.51,0
IPO084,20170203,98.13,98.13,98.13,98.13,0
IPO084,20170206,97.21,97.21,97.21,97.21,0
IPO084,20170207,97.68,97.68,97.68,97.68,0
IPO084,20170208,97.62,97.62,97.62,97.62,0
IPO084,20170209,94.88,94.88,94.88,94.88,0
IPO084,20170210,93.91,93.91,93.91,93.91,0
IPO084,20170213,92.84,92.84,92.84,92.84,0
IPO084,20170214,92.88,92.88,92.88,92.88,0
IPO084,20170215,92.93,92.93,92.93,92.93,0
IPO084,20170216,91.57,91.57,91.57,91.57,0
IPO084,20170217,92.63,92.63,92.63,92.63,0
IPO084,20170220,92.32,92.32,92.32,92.32,0
IPO084,20170221,89.61,89.61,89.61,89.61,0
IPO084,20170222,89.52,89.52,89.52,89.52,0
IPO084,20170223,89.43,89.43,89.43,89.43,0
IPO084,20170224,90.99,90.99,90.99,90.99,0
IPO084,20170227,91.06,91.06,91.06,91.06,0
IPO084,20170228,91.59,91.59,91.59,91.59,0
IPO084,20170301,89.24,89.24,89.24,89.24,0
IPO084,20170302,89.53,89.53,89.53,89.53,0
IPO084,20170303,90.00,90.00,90.00,90.00,0
IPO084,20170306,91.15,91.15,91.15,91.15,0
IPO084,20170307,91.27,91.27,91.27,91.27,0
IPO084,20170308,91.27,91.27,91.27,91.27,0
IPO084,20170309,92.19,92.19,92.19,92.19,0
IPO084,20170310,91.67,91.67,91.67,91.67,0
IPO084,20170313,90.21,90.21,90.21,90.21,0
IPO084,20170314,89.97,89.97,89.97,89.97,0
IPO084,20170315,90.06,90.06,90.06,90.06,0
IPO084,20170316,88.14,88.14,88.14,88.14,0
IPO084,20170317,87.95,87.95,87.95,87.95,0
IPO084,20170320,88.40,88.40,88.40,88.40,0
IPO084,20170321,89.59,89.59,89.59,89.59,0
IPO084,20170322,90.59,90.59,90.59,90.59,0
IPO084,20170323,90.13,90.13,90.13,90.13,0
IPO084,20170324,90.13,90.13,90.13,90.13,0
IPO084,20170327,91.41,91.41,91.41,91.41,0
IPO084,20170328,90.41,90.41,90.41,90.41,0
IPO084,20170329,90.95,90.95,90.95,90.95,0
IPO084,20170330,91.07,91.07,91.07,91.07,0
IPO084,20170331,91.89,91.89,91.89,91.89,0
IPO084,20170403,90.66,90.66,90.66,90.66,0
IPO084,20170404,89.46,89.46,89.46,89.46,0
IPO084,20170405,88.93,88.93,88.93,88.93,0
IPO084,20170406,89.11,89.11,89.11,89.11,0
IPO084,20170407,89.45,89.45,89.45,89.45,0
IPO084,20170410,89.44,89.44,89.44,89.44,0
IPO084,20170411,90.89,90.89,90.89,90.89,0
IPO084,20170412,90.75,90.75,90.75,90.75,0
IPO084,20170413,89.78,89.78,89.78,89.78,0
IPO084,20170418,89.67,89.67,89.67,89.67,0
IPO084,20170419,87.69,87.69,87.69,87.69,0
IPO084,20170420,87.40,87.40,87.40,87.40,0
IPO084,20170421,88.19,88.19,88.19,88.19,0
IPO084,20170424,86.88,86.88,86.88,86.88,0
IPO084,20170425,84.94,84.94,84.94,84.94,0
IPO084,20170426,83.48,83.48,83.48,83.48,0
IPO084,20170427,83.64,83.64,83.64,83.64,0
IPO084,20170428,83.88,83.88,83.88,83.88,0
IPO084,20170502,82.97,82.97,82.97,82.97,0
IPO084,20170504,84.14,84.14,84.14,84.14,0
IPO084,20170505,83.25,83.25,83.25,83.25,0
IPO084,20170508,83.71,83.71,83.71,83.71,0
IPO084,20170509,82.17,82.17,82.17,82.17,0
IPO084,20170510,83.50,83.50,83.50,83.50,0
IPO084,20170511,84.14,84.14,84.14,84.14,0
IPO084,20170512,84.18,84.18,84.18,84.18,0
IPO084,20170515,83.59,83.59,83.59,83.59,0
IPO084,20170516,85.19,85.19,85.19,85.19,0
IPO084,20170517,86.52,86.52,86.52,86.52,0
IPO084,20170518,86.72,86.72,86.72,86.72,0
IPO084,20170519,85.81,85.81,85.81,85.81,0
IPO084,20170522,85.31,85.31,85.31,85.31,0
IPO084,20170523,86.61,86.61,86.61,86.61,0
IPO084,20170524,85.65,85.65,85.65,85.65,0
IPO084,20170525,84.54,84.54,84.54,84.54,0
IPO084,20170526,85.60,85.60,85.60,85.60,0
IPO084,20170529,85.82,85.82,85.82,85.82,0
IPO084,20170530,86.86,86.86,86.86,86.86,0
IPO084,20170531,87.20,87.20,87.20,87.20,0
IPO084,20170601,87.21,87.21,87.21,87.21,0
IPO084,20170602,86.70,86.70,86.70,86.70,0
IPO084,20170605,87.77,87.77,87.77,87.77,0
IPO084,20170606,86.45,86.45,86.45,86.45,0
IPO084,20170607,86.40,86.40,86.40,86.40,0
IPO084,20170608,84.91,84.91,84.91,84.91,0
IPO084,20170609,85.17,85.17,85.17,85.17,0
IPO084,20170612,86.86,86.86,86.86,86.86,0
IPO084,20170613,86.44,86.44,86.44,86.44,0
IPO084,20170614,86.85,86.85,86.85,86.85,0
IPO084,20170616,86.08,86.08,86.08,86.08,0
IPO084,20170619,85.01,85.01,85.01,85.01,0
IPO084,20170620,85.75,85.75,85.75,85.75,0
IPO084,20170621,85.16,85.16,85.16,85.16,0
IPO084,20170622,85.57,85.57,85.57,85.57,0
IPO084,20170623,85.30,85.30,85.30,85.30,0
IPO084,20170626,84.10,84.10,84.10,84.10,0
IPO084,20170627,83.83,83.83,83.83,83.83,0
IPO084,20170628,84.55,84.55,84.55,84.55,0
IPO084,20170629,84.82,84.82,84.82,84.82,0
IPO084,20170630,86.13,86.13,86.13,86.13,0
IPO084,20170703,85.30,85.30,85.30,85.30,0
IPO084,20170704,85.99,85.99,85.99,85.99,0
IPO084,20170705,85.82,85.82,85.82,85.82,0
IPO084,20170706,86.10,86.10,86.10,86.10,0
IPO084,20170707,85.92,85.92,85.92,85.92,0
IPO084,20170710,85.92,85.92,85.92,85.92,0
IPO084,20170711,85.99,85.99,85.99,85.99,0
IPO084,20170712,84.29,84.29,84.29,84.29,0
IPO084,20170713,83.56,83.56,83.56,83.56,0
IPO084,20170714,83.56,83.56,83.56,83.56,0
IPO084,20170717,82.69,82.69,82.69,82.69,0
IPO084,20170718,83.00,83.00,83.00,83.00,0
IPO084,20170719,82.23,82.23,82.23,82.23,0
IPO084,20170720,83.17,83.17,83.17,83.17,0
IPO084,20170721,83.76,83.76,83.76,83.76,0
IPO084,20170724,84.24,84.24,84.24,84.24,0
IPO084,20170725,83.83,83.83,83.83,83.83,0
IPO084,20170726,83.34,83.34,83.34,83.34,0
IPO084,20170727,83.50,83.50,83.50,83.50,0
IPO084,20170728,83.09,83.09,83.09,83.09,0
IPO084,20170731,82.63,82.63,82.63,82.63,0
IPO084,20170801,81.97,81.97,81.97,81.97,0
IPO084,20170802,82.93,82.93,82.93,82.93,0
IPO084,20170803,82.85,82.85,82.85,82.85,0
IPO084,20170804,82.29,82.29,82.29,82.29,0
IPO084,20170807,82.03,82.03,82.03,82.03,0
IPO084,20170808,80.52,80.52,80.52,80.52,0
IPO084,20170809,81.31,81.31,81.31,81.31,0
IPO084,20170810,82.44,82.44,82.44,82.44,0
IPO084,20170811,82.47,82.47,82.47,82.47,0
IPO084,20170814,82.58,82.58,82.58,82.58,0
IPO084,20170816,82.20,82.20,82.20,82.20,0
IPO084,20170817,83.56,83.56,83.56,83.56,0
IPO084,20170818,83.37,83.37,83.37,83.37,0
IPO084,20170821,82.49,82.49,82.49,82.49,0
IPO084,20170822,81.97,81.97,81.97,81.97,0
IPO084,20170823,81.86,81.86,81.86,81.86,0
IPO084,20170824,79.24,79.24,79.24,79.24,0
IPO084,20170825,78.62,78.62,78.62,78.62,0
IPO084,20170828,76.64,76.64,76.64,76.64,0
IPO084,20170829,77.84,77.84,77.84,77.84,0
IPO084,20170830,77.04,77.04,77.04,77.04,0
IPO084,20170831,77.74,77.74,77.74,77.74,0
IPO084,20170901,76.92,76.92,76.92,76.92,0
IPO084,20170904,77.13,77.13,77.13,77.13,0
IPO084,20170905,77.29,77.29,77.29,77.29,0
IPO084,20170906,77.53,77.53,77.53,77.53,0
IPO084,20170907,77.92,77.92,77.92,77.92,0
IPO084,20170908,78.31,78.31,78.31,78.31,0
IPO084,20170911,77.13,77.13,77.13,77.13,0
IPO084,20170912,77.62,77.62,77.62,77.62,0
IPO084,20170913,77.48,77.48,77.48,77.48,0
IPO084,20170914,77.52,77.52,77.52,77.52,0
IPO084,20170915,77.65,77.65,77.65,77.65,0
IPO084,20170918,77.57,77.57,77.57,77.57,0
IPO084,20170919,77.53,77.53,77.53,77.53,0
IPO084,20170920,77.76,77.76,77.76,77.76,0
