Name,Date,Open,High,Low,Close,Volume
IPO054,20100601,99.34,99.34,99.34,99.34,0
IPO054,20100602,99.05,99.05,99.05,99.05,0
IPO054,20100604,98.71,98.71,98.71,98.71,0
IPO054,20100607,97.58,97.58,97.58,97.58,0
IPO054,20100608,97.58,97.58,97.58,97.58,0
IPO054,20100609,98.17,98.17,98.17,98.17,0
IPO054,20100610,98.42,98.42,98.42,98.42,0
IPO054,20100611,98.26,98.26,98.26,98.26,0
IPO054,20100614,98.83,98.83,98.83,98.83,0
IPO054,20100615,98.77,98.77,98.77,98.77,0
IPO054,20100616,99.05,99.05,99.05,99.05,0
IPO054,20100617,99.36,99.36,99.36,99.36,0
IPO054,20100618,98.57,98.57,98.57,98.57,0
IPO054,20100621,99.24,99.24,99.24,99.24,0
IPO054,20100622,98.87,98.87,98.87,98.87,0
IPO054,20100623,98.21,98.21,98.21,98.21,0
IPO054,20100624,97.92,97.92,97.92,97.92,0
IPO054,20100625,97.85,97.85,97.85,97.85,0
IPO054,20100628,98.03,98.03,98.03,98.03,0
IPO054,20100629,96.91,96.91,96.91,96.91,0
IPO054,20100630,96.50,96.50,96.50,96.50,0
IPO054,20100701,96.33,96.33,96.33,96.33,0
IPO054,20100702,96.96,96.96,96.96,96.96,0
IPO054,20100705,96.95,96.95,96.95,96.95,0
IPO054,20100706,97.78,97.78,97.78,97.78,0
IPO054,20100707,97.96,97.96,97.96,97.96,0
IPO054,20100708,98.67,98.67,98.67,98.67,0
IPO054,20100709,98.23,98.23,98.23,98.23,0
IPO054,20100712,98.41,98.41,98.41,98.41,0
IPO054,20100713,98.96,98.96,98.96,98.96,0
IPO054,20100714,99.80,99.80,99.80,99.80,0
IPO054,20100715,99.89,99.89,99.89,99.89,0
IPO054,20100716,99.56,99.56,99.56,99.56,0
IPO054,20100719,99.06,99.06,99.06,99.06,0
IPO054,20100720,98.62,98.62,98.62,98.62,0
IPO054,20100721,100.24,100.24,100.24,100.24,0
IPO054,20100722,101.29,101.29,101.29,101.29,0
IPO054,20100723,101.27,101.27,101.27,101.27,0
IPO054,20100726,101.71,101.71,101.71,101.71,0
IPO054,20100727,101.95,101.95,101.95,101.95,0
IPO054,20100728,101.44,101.44,101.44,101.44,0
IPO054,20100729,101.98,101.98,101.98,101.98,0
IPO054,20100730,101.81,101.81,101.81,101.81,0
IPO054,20100802,103.05,103.05,103.05,103.05,0
IPO054,20100803,102.78,102.78,102.78,102.78,0
IPO054,20100804,102.89,102.89,102.89,102.89,0
IPO054,20100805,102.82,102.82,102.82,102.82,0
IPO054,20100806,102.43,102.43,102.43,102.43,0
IPO054,20100809,102.25,102.25,102.25,102.25,0
IPO054,20100810,101.70,101.70,101.70,101.70,0
IPO054,20100811,101.08,101.08,101.08,101.08,0
IPO054,20100812,101.13,101.13,101.13,101.13,0
IPO054,20100813,100.90,100.90,100.90,100.90,0
IPO054,20100816,101.05,101.05,101.05,101.05,0
IPO054,20100817,101.36,101.36,101.36,101.36,0
IPO054,20100818,101.65,101.65,101.65,101.65,0
IPO054,20100819,101.67,101.67,101.67,101.67,0
IPO054,20100820,101.54,101.54,101.54,101.54,0
IPO054,20100823,101.87,101.87,101.87,101.87,0
IPO054,20100824,100.67,100.67,100.67,100.67,0
IPO054,20100825,100.39,100.39,100.39,100.39,0
IPO054,20100826,100.85,100.85,100.85,100.85,0
IPO054,20100827,101.14,101.14,101.14,101.14,0
IPO054,20100830,101.52,101.52,101.52,101.52,0
IPO054,20100831,102.34,102.34,102.34,102.34,0
IPO054,20100901,102.33,102.33,102.33,102.33,0
IPO054,20100902,102.97,102.97,102.97,102.97,0
IPO054,20100903,103.34,103.34,103.34,103.34,0
IPO054,20100906,103.71,103.71,103.71,103.71,0
IPO054,20100907,103.40,103.40,103.40,103.40,0
IPO054,20100908,103.95,103.95,103.95,103.95,0
IPO054,20100909,104.46,104.46,104.46,104.46,0
IPO054,20100910,104.53,104.53,104.53,104.53,0
IPO054,20100913,105.84,105.84,105.84,105.84,0
IPO054,20100914,105.70,105.70,105.70,105.70,0
IPO054,20100915,105.80,105.80,105.80,105.80,0
IPO054,20100916,105.82,105.82,105.82,105.82,0
IPO054,20100917,106.20,106.20,106.20,106.20,0
IPO054,20100920,106.22,106.22,106.22,106.22,0
IPO054,20100921,107.22,107.22,107.22,107.22,0
IPO054,20100922,107.03,107.03,107.03,107.03,0
IPO054,20100923,106.56,106.56,106.56,106.56,0
IPO054,20100924,108.43,108.43,108.43,108.43,0
IPO054,20100927,107.95,107.95,107.95,107.95,0
IPO054,20100928,107.92,107.92,107.92,107.92,0
IPO054,20100929,108.47,108.47,108.47,108.47,0
IPO054,20100930,108.88,108.88,108.88,108.88,0
IPO054,20101001,109.34,109.34,109.34,109.34,0
IPO054,20101004,110.10,110.10,110.10,110.10,0
IPO054,20101005,110.02,110.02,110.02,110.02,0
IPO054,20101006,111.29,111.29,111.29,111.29,0
IPO054,20101007,110.47,110.47,110.47,110.47,0
IPO054,20101008,110.22,110.22,110.22,110.22,0
IPO054,20101011,110.54,110.54,110.54,110.54,0
IPO054,20101012,110.43,110.43,110.43,110.43,0
IPO054,20101013,111.12,111.12,111.12,111.12,0
IPO054,20101014,110.79,110.79,110.79,110.79,0
IPO054,20101015,110.68,110.68,110.68,110.68,0
IPO054,20101018,110.27,110.27,110.27,110.27,0
IPO054,20101019,109.10,109.10,109.10,109.10,0
IPO054,20101020,109.27,109.27,109.27,109.27,0
IPO054,20101021,109.55,109.55,109.55,109.55,0
IPO054,20101022,109.48,109.48,109.48,109.48,0
IPO054,20101025,110.76,110.76,110.76,110.76,0
IPO054,20101026,111.37,111.37,111.37,111.37,0
IPO054,20101027,112.68,112.68,112.68,112.68,0
IPO054,20101028,112.71,112.71,112.71,112.71,0
IPO054,20101029,113.06,113.06,113.06,113.06,0
IPO054,20101102,113.12,113.12,113.12,113.12,0
IPO054,20101103,112.88,112.88,112.88,112.88,0
IPO054,20101104,113.06,113.06,113.06,113.06,0
IPO054,20101105,113.21,113.21,113.21,113.21,0
IPO054,20101108,113.38,113.38,113.38,113.38,0
IPO054,20101109,114.00,114.00,114.00,114.00,0
IPO054,20101110,114.26,114.26,114.26,114.26,0
IPO054,20101112,114.79,114.79,114.79,114.79,0
IPO054,20101115,114.27,114.27,114.27,114.27,0
IPO054,20101116,112.98,112.98,112.98,112.98,0
IPO054,20101117,111.69,111.69,111.69,111.69,0
IPO054,20101118,111.94,111.94,111.94,111.94,0
IPO054,20101119,111.25,111.25,111.25,111.25,0
IPO054,20101122,111.23,111.23,111.23,111.23,0
IPO054,20101123,111.08,111.08,111.08,111.08,0
IPO054,20101124,110.45,110.45,110.45,110.45,0
IPO054,20101125,110.19,110.19,110.19,110.19,0
IPO054,20101126,109.44,109.44,109.44,109.44,0
IPO054,20101129,109.01,109.01,109.01,109.01,0
IPO054,20101130,109.85,109.85,109.85,109.85,0
IPO054,20101201,111.07,111.07,111.07,111.07,0
IPO054,20101202,112.59,112.59,112.59,112.59,0
IPO054,20101203,113.11,113.11,113.11,113.11,0
IPO054,20101206,113.47,113.47,113.47,113.47,0
IPO054,20101207,113.06,113.06,113.06,113.06,0
IPO054,20101208,113.47,113.47,113.47,113.47,0
IPO054,20101209,113.38,113.38,113.38,113.38,0
IPO054,20101210,113.18,113.18,113.18,113.18,0
IPO054,20101213,113.95,113.95,113.95,113.95,0
IPO054,20101214,113.55,113.55,113.55,113.55,0
IPO054,20101215,114.75,114.75,114.75,114.75,0
IPO054,20101216,114.48,114.48,114.48,114.48,0
IPO054,20101217,114.90,114.90,114.90,114.90,0
IPO054,20101220,114.19,114.19,114.19,114.19,0
IPO054,20101221,114.12,114.12,114.12,114.12,0
IPO054,20101222,113.56,113.56,113.56,113.56,0
IPO054,20101223,114.01,114.01,114.01,114.01,0
IPO054,20101227,113.83,113.83,113.83,113.83,0
IPO054,20101228,113.98,113.98,113.98,113.98,0
IPO054,20101229,114.80,114.80,114.80,114.80,0
IPO054,20101230,114.67,114.67,114.67,114.67,0
IPO054,20101231,113.85,113.85,113.85,113.85,0
IPO054,20110103,114.45,114.45,114.45,114.45,0
IPO054,20110104,115.39,115.39,115.39,115.39,0
IPO054,20110105,114.29,114.29,114.29,114.29,0
IPO054,20110107,114.66,114.66,114.66,114.66,0
IPO054,20110110,113.34,113.34,113.34,113.34,0
IPO054,20110111,114.20,114.20,114.20,114.20,0
IPO054,20110112,115.16,115.16,115.16,115.16,0
IPO054,20110113,115.16,115.16,115.16,115.16,0
IPO054,20110114,115.22,115.22,115.22,115.22,0
IPO054,20110117,115.03,115.03,115.03,115.03,0
IPO054,20110118,115.40,115.40,115.40,115.40,0
IPO054,20110119,114.86,114.86,114.86,114.86,0
IPO054,20110120,114.78,114.78,114.78,114.78,0
IPO054,20110121,115.32,115.32,115.32,115.32,0
IPO054,20110124,113.86,113.86,113.86,113.86,0
IPO054,20110125,114.99,114.99,114.99,114.99,0
IPO054,20110126,115.29,115.29,115.29,115.29,0
IPO054,20110127,115.35,115.35,115.35,115.35,0
IPO054,20110128,114.63,114.63,114.63,114.63,0
IPO054,20110131,114.32,114.32,114.32,114.32,0
IPO054,20110201,116.08,116.08,116.08,116.08,0
IPO054,20110202,115.86,115.86,115.86,115.86,0
IPO054,20110203,116.03,116.03,116.03,116.03,0
IPO054,20110204,115.72,115.72,115.72,115.72,0
IPO054,20110207,117.37,117.37,117.37,117.37,0
IPO054,20110208,117.15,117.15,117.15,117.15,0
IPO054,20110209,115.96,115.96,115.96,115.96,0
IPO054,20110210,114.74,114.74,114.74,114.74,0
IPO054,20110211,115.21,115.21,115.21,115.21,0
IPO054,20110214,115.38,115.38,115.38,115.38,0
IPO054,20110215,115.63,115.63,115.63,115.63,0
IPO054,20110216,115.40,115.40,115.40,115.40,0
IPO054,20110217,114.66,114.66,114.66,114.66,0
IPO054,20110218,113.59,113.59,113.59,113.59,0
IPO054,20110221,114.25,114.25,114.25,114.25,0
IPO054,20110222,113.31,113.31,113.31,113.31,0
IPO054,20110223,113.53,113.53,113.53,113.53,0
IPO054,20110224,113.29,113.29,113.29,113.29,0
IPO054,20110225,114.13,114.13,114.13,114.13,0
IPO054,20110228,115.84,115.84,115.84,115.84,0
IPO054,20110301,115.47,115.47,115.47,115.47,0
IPO054,20110302,115.68,115.68,115.68,115.68,0
IPO054,20110303,116.35,116.35,116.35,116.35,0
IPO054,20110304,116.64,116.64,116.64,116.64,0
IPO054,20110307,116.74,116.74,116.74,116.74,0
IPO054,20110308,116.55,116.55,116.55,116.55,0
IPO054,20110309,116.45,116.45,116.45,116.45,0
IPO054,20110310,115.88,115.88,115.88,115.88,0
IPO054,20110311,115.14,115.14,115.14,115.14,0
IPO054,20110314,114.75,114.75,114.75,114.75,0
IPO054,20110315,113.51,113.51,113.51,113.51,0
IPO054,20110316,113.71,113.71,113.71,113.71,0
IPO054,20110317,114.62,114.62,114.62,114.62,0
IPO054,20110318,114.60,114.60,114.60,114.60,0
IPO054,20110321,115.57,115.57,115.57,115.57,0
IPO054,20110322,115.03,115.03,115.03,115.03,0
IPO054,20110323,115.04,115.04,115.04,115.04,0
IPO054,20110324,115.61,115.61,115.61,115.61,0
IPO054,20110325,116.34,116.34,116.34,116.34,0
IPO054,20110328,116.42,116.42,116.42,116.42,0
IPO054,20110329,116.76,116.76,116.76,116.76,0
IPO054,20110330,117.37,117.37,117.37,117.37,0
IPO054,20110331,117.13,117.13,117.13,117.13,0
IPO054,20110401,117.52,117.52,117.52,117.52,0
IPO054,20110404,117.38,117.38,117.38,117.38,0
IPO054,20110405,118.27,118.27,118.27,118.27,0
IPO054,20110406,119.53,119.53,119.53,119.53,0
IPO054,20110407,120.04,120.04,120.04,120.04,0
IPO054,20110408,119.22,119.22,119.22,119.22,0
IPO054,20110411,118.82,118.82,118.82,118.82,0
IPO054,20110412,118.17,118.17,118.17,118.17,0
IPO054,20110413,119.50,119.50,119.50,119.50,0
IPO054,20110414,118.28,118.28,118.28,118.28,0
IPO054,20110415,118.62,118.62,118.62,118.62,0
IPO054,20110418,117.20,117.20,117.20,117.20,0
IPO054,20110419,117.96,117.96,117.96,117.96,0
IPO054,20110420,118.78,118.78,118.78,118.78,0
IPO054,20110421,118.44,118.44,118.44,118.44,0
IPO054,20110426,118.35,118.35,118.35,118.35,0
IPO054,20110427,117.63,117.63,117.63,117.63,0
IPO054,20110428,117.52,117.52,117.52,117.52,0
IPO054,20110429,117.89,117.89,117.89,117.89,0
IPO054,20110502,118.55,118.55,118.55,118.55,0
IPO054,20110504,118.17,118.17,118.17,118.17,0
IPO054,20110505,117.82,117.82,117.82,117.82,0
IPO054,20110506,117.17,117.17,117.17,117.17,0
IPO054,20110509,116.78,116.78,116.78,116.78,0
IPO054,20110510,117.17,117.17,117.17,117.17,0
IPO054,20110511,116.58,116.58,116.58,116.58,0
IPO054,20110512,116.42,116.42,116.42,116.42,0
IPO054,20110513,115.85,115.85,115.85,115.85,0
IPO054,20110516,116.14,116.14,116.14,116.14,0
IPO054,20110517,114.85,114.85,114.85,114.85,0
IPO054,20110518,115.08,115.08,115.08,115.08,0
IPO054,20110519,116.29,116.29,116.29,116.29,0
IPO054,20110520,116.37,116.37,116.37,116.37,0
IPO054,20110523,115.52,115.52,115.52,115.52,0
IPO054,20110524,116.49,116.49,116.49,116.49,0
IPO054,20110525,116.56,116.56,116.56,116.56,0
IPO054,20110526,117.03,117.03,117.03,117.03,0
IPO054,20110527,117.64,117.64,117.64,117.64,0
IPO054,20110530,117.46,117.46,117.46,117.46,0
IPO054,20110531,118.52,118.52,118.52,118.52,0
IPO054,20110601,117.98,117.98,117.98,117.98,0
IPO054,20110602,118.10,118.10,118.10,118.10,0
IPO054,20110603,117.54,117.54,117.54,117.54,0
IPO054,20110606,116.93,116.93,116.93,116.93,0
IPO054,20110607,117.17,117.17,117.17,117.17,0
IPO054,20110608,116.83,116.83,116.83,116.83,0
IPO054,20110609,116.66,116.66,116.66,116.66,0
IPO054,20110610,116.11,116.11,116.11,116.11,0
IPO054,20110613,115.70,115.70,115.70,115.70,0
IPO054,20110614,116.63,116.63,116.63,116.63,0
IPO054,20110615,116.19,116.19,116.19,116.19,0
IPO054,20110616,115.39,115.39,115.39,115.39,0
IPO054,20110617,115.86,115.86,115.86,115.86,0
IPO054,20110620,115.19,115.19,115.19,115.19,0
IPO054,20110621,114.81,114.81,114.81,114.81,0
IPO054,20110622,114.67,114.67,114.67,114.67,0
IPO054,20110624,114.96,114.96,114.96,114.96,0
IPO054,20110627,112.99,112.99,112.99,112.99,0
IPO054,20110628,112.86,112.86,112.86,112.86,0
IPO054,20110629,113.93,113.93,113.93,113.93,0
IPO054,20110630,114.20,114.20,114.20,114.20,0
IPO054,20110701,114.29,114.29,114.29,114.29,0
IPO054,20110704,114.69,114.69,114.69,114.69,0
IPO054,20110705,114.92,114.92,114.92,114.92,0
IPO054,20110706,114.00,114.00,114.00,114.00,0
IPO054,20110707,115.31,115.31,115.31,115.31,0
IPO054,20110708,115.02,115.02,115.02,115.02,0
IPO054,20110711,113.51,113.51,113.51,113.51,0
IPO054,20110712,113.09,113.09,113.09,113.09,0
IPO054,20110713,113.50,113.50,113.50,113.50,0
IPO054,20110714,112.61,112.61,112.61,112.61,0
IPO054,20110715,112.20,112.20,112.20,112.20,0
IPO054,20110718,110.68,110.68,110.68,110.68,0
IPO054,20110719,109.21,109.21,109.21,109.21,0
IPO054,20110720,109.71,109.71,109.71,109.71,0
IPO054,20110721,110.39,110.39,110.39,110.39,0
IPO054,20110722,110.96,110.96,110.96,110.96,0
IPO054,20110725,110.51,110.51,110.51,110.51,0
IPO054,20110726,110.79,110.79,110.79,110.79,0
IPO054,20110727,110.11,110.11,110.11,110.11,0
IPO054,20110728,110.06,110.06,110.06,110.06,0
IPO054,20110729,109.94,109.94,109.94,109.94,0
IPO054,20110801,109.38,109.38,109.38,109.38,0
IPO054,20110802,108.44,108.44,108.44,108.44,0
IPO054,20110803,103.24,103.24,103.24,103.24,0
IPO054,20110804,98.33,98.33,98.33,98.33,0
IPO054,20110805,96.24,96.24,96.24,96.24,0
IPO054,20110808,90.86,90.86,90.86,90.86,0
IPO054,20110809,86.25,86.25,86.25,86.25,0
IPO054,20110810,84.76,84.76,84.76,84.76,0
IPO054,20110811,87.53,87.53,87.53,87.53,0
IPO054,20110812,91.47,91.47,91.47,91.47,0
IPO054,20110816,93.53,93.53,93.53,93.53,0
IPO054,20110817,95.55,95.55,95.55,95.55,0
IPO054,20110818,89.59,89.59,89.59,89.59,0
IPO054,20110819,89.29,89.29,89.29,89.29,0
IPO054,20110822,90.73,90.73,90.73,90.73,0
IPO054,20110823,91.14,91.14,91.14,91.14,0
IPO054,20110824,91.35,91.35,91.35,91.35,0
IPO054,20110825,90.98,90.98,90.98,90.98,0
IPO054,20110826,92.08,92.08,92.08,92.08,0
IPO054,20110829,93.92,93.92,93.92,93.92,0
IPO054,20110830,94.97,94.97,94.97,94.97,0
IPO054,20110831,97.31,97.31,97.31,97.31,0
IPO054,20110901,94.90,94.90,94.90,94.90,0
IPO054,20110902,92.33,92.33,92.33,92.33,0
IPO054,20110905,87.88,87.88,87.88,87.88,0
IPO054,20110906,88.26,88.26,88.26,88.26,0
IPO054,20110907,90.29,90.29,90.29,90.29,0
IPO054,20110908,90.46,90.46,90.46,90.46,0
IPO054,20110909,87.91,87.91,87.91,87.91,0
IPO054,20110912,84.07,84.07,84.07,84.07,0
IPO054,20110913,85.12,85.12,85.12,85.12,0
IPO054,20110914,84.53,84.53,84.53,84.53,0
IPO054,20110915,85.92,85.92,85.92,85.92,0
IPO054,20110916,87.13,87.13,87.13,87.13,0
IPO054,20110919,86.88,86.88,86.88,86.88,0
IPO054,20110920,88.48,88.48,88.48,88.48,0
IPO054,20110921,88.13,88.13,88.13,88.13,0
IPO054,20110922,84.69,84.69,84.69,84.69,0
IPO054,20110923,84.28,84.28,84.28,84.28,0
IPO054,20110926,84.49,84.49,84.49,84.49,0
IPO054,20110927,86.13,86.13,86.13,86.13,0
IPO054,20110928,86.08,86.08,86.08,86.08,0
IPO054,20110929,87.14,87.14,87.14,87.14,0
IPO054,20110930,87.25,87.25,87.25,87.25,0
IPO054,20111003,86.29,86.29,86.29,86.29,0
IPO054,20111004,84.84,84.84,84.84,84.84,0
IPO054,20111005,85.25,85.25,85.25,85.25,0
IPO054,20111006,85.74,85.74,85.74,85.74,0
IPO054,20111007,86.22,86.22,86.22,86.22,0
IPO054,20111010,88.13,88.13,88.13,88.13,0
IPO054,20111011,88.56,88.56,88.56,88.56,0
IPO054,20111012,90.46,90.46,90.46,90.46,0
IPO054,20111013,90.33,90.33,90.33,90.33,0
IPO054,20111014,90.83,90.83,90.83,90.83,0
IPO054,20111017,90.67,90.67,90.67,90.67,0
IPO054,20111018,90.74,90.74,90.74,90.74,0
IPO054,20111019,91.24,91.24,91.24,91.24,0
IPO054,20111020,89.14,89.14,89.14,89.14,0
IPO054,20111021,90.74,90.74,90.74,90.74,0
IPO054,20111024,92.63,92.63,92.63,92.63,0
IPO054,20111025,91.58,91.58,91.58,91.58,0
IPO054,20111026,91.49,91.49,91.49,91.49,0
IPO054,20111027,93.40,93.40,93.40,93.40,0
IPO054,20111028,93.66,93.66,93.66,93.66,0
IPO054,20111031,92.90,92.90,92.90,92.90,0
IPO054,20111102,91.27,91.27,91.27,91.27,0
IPO054,20111103,91.39,91.39,91.39,91.39,0
IPO054,20111104,91.55,91.55,91.55,91.55,0
IPO054,20111107,91.25,91.25,91.25,91.25,0
IPO054,20111108,91.51,91.51,91.51,91.51,0
IPO054,20111109,90.98,90.98,90.98,90.98,0
IPO054,20111110,90.29,90.29,90.29,90.29,0
IPO054,20111114,90.62,90.62,90.62,90.62,0
IPO054,20111115,90.72,90.72,90.72,90.72,0
IPO054,20111116,90.32,90.32,90.32,90.32,0
IPO054,20111117,89.30,89.30,89.30,89.30,0
IPO054,20111118,88.40,88.40,88.40,88.40,0
IPO054,20111121,85.88,85.88,85.88,85.88,0
IPO054,20111122,85.83,85.83,85.83,85.83,0
IPO054,20111123,84.28,84.28,84.28,84.28,0
IPO054,20111124,83.30,83.30,83.30,83.30,0
IPO054,20111125,83.58,83.58,83.58,83.58,0
IPO054,20111128,85.09,85.09,85.09,85.09,0
IPO054,20111129,84.43,84.43,84.43,84.43,0
IPO054,20111130,86.94,86.94,86.94,86.94,0
IPO054,20111201,87.33,87.33,87.33,87.33,0
IPO054,20111202,87.49,87.49,87.49,87.49,0
IPO054,20111205,88.12,88.12,88.12,88.12,0
IPO054,20111206,86.78,86.78,86.78,86.78,0
IPO054,20111207,87.44,87.44,87.44,87.44,0
IPO054,20111208,87.20,87.20,87.20,87.20,0
IPO054,20111209,86.89,86.89,86.89,86.89,0
IPO054,20111212,86.08,86.08,86.08,86.08,0
IPO054,20111213,85.91,85.91,85.91,85.91,0
IPO054,20111214,85.32,85.32,85.32,85.32,0
IPO054,20111215,85.17,85.17,85.17,85.17,0
IPO054,20111216,84.18,84.18,84.18,84.18,0
IPO054,20111219,82.89,82.89,82.89,82.89,0
IPO054,20111220,83.54,83.54,83.54,83.54,0
IPO054,20111221,85.70,85.70,85.70,85.70,0
IPO054,20111222,85.71,85.71,85.71,85.71,0
IPO054,20111223,85.84,85.84,85.84,85.84,0
IPO054,20111227,86.05,86.05,86.05,86.05,0
IPO054,20111228,86.15,86.15,86.15,86.15,0
IPO054,20111229,86.96,86.96,86.96,86.96,0
IPO054,20111230,86.69,86.69,86.69,86.69,0
IPO054,20120102,87.32,87.32,87.32,87.32,0
IPO054,20120103,87.44,87.44,87.44,87.44,0
IPO054,20120104,87.12,87.12,87.12,87.12,0
IPO054,20120105,86.06,86.06,86.06,86.06,0
IPO054,20120109,85.91,85.91,85.91,85.91,0
IPO054,20120110,86.73,86.73,86.73,86.73,0
IPO054,20120111,86.70,86.70,86.70,86.70,0
IPO054,20120112,87.65,87.65,87.65,87.65,0
IPO054,20120113,86.98,86.98,86.98,86.98,0
IPO054,20120116,87.14,87.14,87.14,87.14,0
IPO054,20120117,88.85,88.85,88.85,88.85,0
IPO054,20120118,89.45,89.45,89.45,89.45,0
IPO054,20120119,89.60,89.60,89.60,89.60,0
IPO054,20120120,89.69,89.69,89.69,89.69,0
IPO054,20120123,90.42,90.42,90.42,90.42,0
IPO054,20120124,90.04,90.04,90.04,90.04,0
IPO054,20120125,90.82,90.82,90.82,90.82,0
IPO054,20120126,92.38,92.38,92.38,92.38,0
IPO054,20120127,92.67,92.67,92.67,92.67,0
IPO054,20120130,92.49,92.49,92.49,92.49,0
IPO054,20120131,93.65,93.65,93.65,93.65,0
IPO054,20120201,94.49,94.49,94.49,94.49,0
IPO054,20120202,94.92,94.92,94.92,94.92,0
IPO054,20120203,95.56,95.56,95.56,95.56,0
IPO054,20120206,96.72,96.72,96.72,96.72,0
IPO054,20120207,96.55,96.55,96.55,96.55,0
IPO054,20120208,97.03,97.03,97.03,97.03,0
IPO054,20120209,96.25,96.25,96.25,96.25,0
IPO054,20120210,95.77,95.77,95.77,95.77,0
IPO054,20120213,96.86,96.86,96.86,96.86,0
IPO054,20120214,96.57,96.57,96.57,96.57,0
IPO054,20120215,97.24,97.24,97.24,97.24,0
IPO054,20120216,97.17,97.17,97.17,97.17,0
IPO054,20120217,98.57,98.57,98.57,98.57,0
IPO054,20120220,98.30,98.30,98.30,98.30,0
IPO054,20120221,97.98,97.98,97.98,97.98,0
IPO054,20120222,97.40,97.40,97.40,97.40,0
IPO054,20120223,97.11,97.11,97.11,97.11,0
IPO054,20120224,98.08,98.08,98.08,98.08,0
IPO054,20120227,97.54,97.54,97.54,97.54,0
IPO054,20120228,98.27,98.27,98.27,98.27,0
IPO054,20120229,98.15,98.15,98.15,98.15,0
IPO054,20120301,97.74,97.74,97.74,97.74,0
IPO054,20120302,98.25,98.25,98.25,98.25,0
IPO054,20120305,97.76,97.76,97.76,97.76,0
IPO054,20120306,96.56,96.56,96.56,96.56,0
IPO054,20120307,97.09,97.09,97.09,97.09,0
IPO054,20120308,98.32,98.32,98.32,98.32,0
IPO054,20120309,98.54,98.54,98.54,98.54,0
IPO054,20120312,98.57,98.57,98.57,98.57,0
IPO054,20120313,99.37,99.37,99.37,99.37,0
IPO054,20120314,100.23,100.23,100.23,100.23,0
IPO054,20120315,101.57,101.57,101.57,101.57,0
IPO054,20120316,101.56,101.56,101.56,101.56,0
IPO054,20120319,100.93,100.93,100.93,100.93,0
IPO054,20120320,100.22,100.22,100.22,100.22,0
IPO054,20120321,99.95,99.95,99.95,99.95,0
IPO054,20120322,98.03,98.03,98.03,98.03,0
IPO054,20120323,98.98,98.98,98.98,98.98,0
IPO054,20120326,99.39,99.39,99.39,99.39,0
IPO054,20120327,100.13,100.13,100.13,100.13,0
IPO054,20120328,99.84,99.84,99.84,99.84,0
IPO054,20120329,98.69,98.69,98.69,98.69,0
IPO054,20120330,99.12,99.12,99.12,99.12,0
IPO054,20120402,99.83,99.83,99.83,99.83,0
IPO054,20120403,99.86,99.86,99.86,99.86,0
IPO054,20120404,98.23,98.23,98.23,98.23,0
IPO054,20120405,97.88,97.88,97.88,97.88,0
IPO054,20120410,96.42,96.42,96.42,96.42,0
IPO054,20120411,96.64,96.64,96.64,96.64,0
IPO054,20120412,97.78,97.78,97.78,97.78,0
IPO054,20120413,97.68,97.68,97.68,97.68,0
IPO054,20120416,96.97,96.97,96.97,96.97,0
IPO054,20120417,97.12,97.12,97.12,97.12,0
IPO054,20120418,96.76,96.76,96.76,96.76,0
IPO054,20120419,96.96,96.96,96.96,96.96,0
IPO054,20120420,96.41,96.41,96.41,96.41,0
IPO054,20120423,93.48,93.48,93.48,93.48,0
IPO054,20120424,94.12,94.12,94.12,94.12,0
IPO054,20120425,94.28,94.28,94.28,94.28,0
IPO054,20120426,94.68,94.68,94.68,94.68,0
IPO054,20120427,94.96,94.96,94.96,94.96,0
IPO054,20120430,95.36,95.36,95.36,95.36,0
IPO054,20120502,95.60,95.60,95.60,95.60,0
IPO054,20120504,95.56,95.56,95.56,95.56,0
IPO054,20120507,95.28,95.28,95.28,95.28,0
IPO054,20120508,94.92,94.92,94.92,94.92,0
IPO054,20120509,94.39,94.39,94.39,94.39,0
IPO054,20120510,94.21,94.21,94.21,94.21,0
IPO054,20120511,94.05,94.05,94.05,94.05,0
IPO054,20120514,91.73,91.73,91.73,91.73,0
IPO054,20120515,91.56,91.56,91.56,91.56,0
IPO054,20120516,91.29,91.29,91.29,91.29,0
IPO054,20120517,89.76,89.76,89.76,89.76,0
IPO054,20120518,89.61,89.61,89.61,89.61,0
IPO054,20120521,90.49,90.49,90.49,90.49,0
IPO054,20120522,91.13,91.13,91.13,91.13,0
IPO054,20120523,89.65,89.65,89.65,89.65,0
IPO054,20120524,88.95,88.95,88.95,88.95,0
IPO054,20120525,88.68,88.68,88.68,88.68,0
IPO054,20120528,89.52,89.52,89.52,89.52,0
IPO054,20120529,89.70,89.70,89.70,89.70,0
IPO054,20120530,88.91,88.91,88.91,88.91,0
IPO054,20120531,90.53,90.53,90.53,90.53,0
IPO054,20120601,88.92,88.92,88.92,88.92,0
IPO054,20120604,88.02,88.02,88.02,88.02,0
IPO054,20120605,86.66,86.66,86.66,86.66,0
IPO054,20120606,87.94,87.94,87.94,87.94,0
IPO054,20120608,89.10,89.10,89.10,89.10,0
IPO054,20120611,89.93,89.93,89.93,89.93,0
IPO054,20120612,90.61,90.61,90.61,90.61,0
IPO054,20120613,90.37,90.37,90.37,90.37,0
IPO054,20120614,90.02,90.02,90.02,90.02,0
IPO054,20120615,89.91,89.91,89.91,89.91,0
IPO054,20120618,90.22,90.22,90.22,90.22,0
IPO054,20120619,92.09,92.09,92.09,92.09,0
IPO054,20120620,92.08,92.08,92.08,92.08,0
IPO054,20120621,90.84,90.84,90.84,90.84,0
IPO054,20120622,91.31,91.31,91.31,91.31,0
IPO054,20120625,91.13,91.13,91.13,91.13,0
IPO054,20120626,91.65,91.65,91.65,91.65,0
IPO054,20120627,92.14,92.14,92.14,92.14,0
IPO054,20120628,90.64,90.64,90.64,90.64,0
IPO054,20120629,92.62,92.62,92.62,92.62,0
IPO054,20120702,92.86,92.86,92.86,92.86,0
IPO054,20120703,92.65,92.65,92.65,92.65,0
IPO054,20120704,91.93,91.93,91.93,91.93,0
IPO054,20120705,92.45,92.45,92.45,92.45,0
IPO054,20120706,92.01,92.01,92.01,92.01,0
IPO054,20120709,92.01,92.01,92.01,92.01,0
IPO054,20120710,91.23,91.23,91.23,91.23,0
IPO054,20120711,90.76,90.76,90.76,90.76,0
IPO054,20120712,90.02,90.02,90.02,90.02,0
IPO054,20120713,90.37,90.37,90.37,90.37,0
IPO054,20120716,90.61,90.61,90.61,90.61,0
IPO054,20120717,91.98,91.98,91.98,91.98,0
IPO054,20120718,92.23,92.23,92.23,92.23,0
IPO054,20120719,92.05,92.05,92.05,92.05,0
IPO054,20120720,91.71,91.71,91.71,91.71,0
IPO054,20120723,89.82,89.82,89.82,89.82,0
IPO054,20120724,90.21,90.21,90.21,90.21,0
IPO054,20120725,90.06,90.06,90.06,90.06,0
IPO054,20120726,90.22,90.22,90.22,90.22,0
IPO054,20120727,91.34,91.34,91.34,91.34,0
IPO054,20120730,90.61,90.61,90.61,90.61,0
IPO054,20120731,90.25,90.25,90.25,90.25,0
IPO054,20120801,89.86,89.86,89.86,89.86,0
IPO054,20120802,89.38,89.38,89.38,89.38,0
IPO054,20120803,89.85,89.85,89.85,89.85,0
IPO054,20120806,90.44,90.44,90.44,90.44,0
IPO054,20120807,90.44,90.44,90.44,90.44,0
IPO054,20120808,90.48,90.48,90.48,90.48,0
IPO054,20120809,91.32,91.32,91.32,91.32,0
IPO054,20120810,91.17,91.17,91.17,91.17,0
IPO054,20120813,91.57,91.57,91.57,91.57,0
IPO054,20120814,91.80,91.80,91.80,91.80,0
IPO054,20120816,92.47,92.47,92.47,92.47,0
IPO054,20120817,91.54,91.54,91.54,91.54,0
IPO054,20120820,91.37,91.37,91.37,91.37,0
IPO054,20120821,92.49,92.49,92.49,92.49,0
IPO054,20120822,92.75,92.75,92.75,92.75,0
IPO054,20120823,92.36,92.36,92.36,92.36,0
IPO054,20120824,91.93,91.93,91.93,91.93,0
IPO054,20120827,91.60,91.60,91.60,91.60,0
IPO054,20120828,91.01,91.01,91.01,91.01,0
IPO054,20120829,89.62,89.62,89.62,89.62,0
IPO054,20120830,89.17,89.17,89.17,89.17,0
IPO054,20120831,89.70,89.70,89.70,89.70,0
IPO054,20120903,90.34,90.34,90.34,90.34,0
IPO054,20120904,90.03,90.03,90.03,90.03,0
IPO054,20120905,90.15,90.15,90.15,90.15,0
IPO054,20120906,90.43,90.43,90.43,90.43,0
IPO054,20120907,91.43,91.43,91.43,91.43,0
IPO054,20120910,91.67,91.67,91.67,91.67,0
IPO054,20120911,92.00,92.00,92.00,92.00,0
IPO054,20120912,92.45,92.45,92.45,92.45,0
IPO054,20120913,92.28,92.28,92.28,92.28,0
IPO054,20120914,94.10,94.10,94.10,94.10,0
IPO054,20120917,93.80,93.80,93.80,93.80,0
IPO054,20120918,93.92,93.92,93.92,93.92,0
IPO054,20120919,94.17,94.17,94.17,94.17,0
IPO054,20120920,93.54,93.54,93.54,93.54,0
IPO054,20120921,93.89,93.89,93.89,93.89,0
IPO054,20120924,93.80,93.80,93.80,93.80,0
IPO054,20120925,94.74,94.74,94.74,94.74,0
IPO054,20120926,94.65,94.65,94.65,94.65,0
IPO054,20120927,94.87,94.87,94.87,94.87,0
IPO054,20120928,95.15,95.15,95.15,95.15,0
IPO054,20121001,95.90,95.90,95.90,95.90,0
IPO054,20121002,96.20,96.20,96.20,96.20,0
IPO054,20121003,96.17,96.17,96.17,96.17,0
IPO054,20121004,95.92,95.92,95.92,95.92,0
IPO054,20121005,97.22,97.22,97.22,97.22,0
IPO054,20121008,97.06,97.06,97.06,97.06,0
IPO054,20121009,97.09,97.09,97.09,97.09,0
IPO054,20121010,97.09,97.09,97.09,97.09,0
IPO054,20121011,96.77,96.77,96.77,96.77,0
IPO054,20121012,96.59,96.59,96.59,96.59,0
IPO054,20121015,97.14,97.14,97.14,97.14,0
IPO054,20121016,98.31,98.31,98.31,98.31,0
IPO054,20121017,98.42,98.42,98.42,98.42,0
IPO054,20121018,99.65,99.65,99.65,99.65,0
IPO054,20121019,97.82,97.82,97.82,97.82,0
IPO054,20121022,97.59,97.59,97.59,97.59,0
IPO054,20121023,97.22,97.22,97.22,97.22,0
IPO054,20121024,97.37,97.37,97.37,97.37,0
IPO054,20121025,97.15,97.15,97.15,97.15,0
IPO054,20121026,97.13,97.13,97.13,97.13,0
IPO054,20121029,96.81,96.81,96.81,96.81,0
IPO054,20121030,96.51,96.51,96.51,96.51,0
IPO054,20121031,97.11,97.11,97.11,97.11,0
IPO054,20121102,96.85,96.85,96.85,96.85,0
IPO054,20121105,97.15,97.15,97.15,97.15,0
IPO054,20121106,97.73,97.73,97.73,97.73,0
IPO054,20121107,97.15,97.15,97.15,97.15,0
IPO054,20121108,96.83,96.83,96.83,96.83,0
IPO054,20121109,96.65,96.65,96.65,96.65,0
IPO054,20121112,96.60,96.60,96.60,96.60,0
IPO054,20121113,96.50,96.50,96.50,96.50,0
IPO054,20121114,96.75,96.75,96.75,96.75,0
IPO054,20121115,96.22,96.22,96.22,96.22,0
IPO054,20121116,96.06,96.06,96.06,96.06,0
IPO054,20121119,97.33,97.33,97.33,97.33,0
IPO054,20121120,98.09,98.09,98.09,98.09,0
IPO054,20121121,98.25,98.25,98.25,98.25,0
IPO054,20121122,98.60,98.60,98.60,98.60,0
IPO054,20121123,98.52,98.52,98.52,98.52,0
IPO054,20121126,99.24,99.24,99.24,99.24,0
IPO054,20121127,99.76,99.76,99.76,99.76,0
IPO054,20121128,99.95,99.95,99.95,99.95,0
IPO054,20121129,100.11,100.11,100.11,100.11,0
IPO054,20121130,100.76,100.76,100.76,100.76,0
IPO054,20121203,100.48,100.48,100.48,100.48,0
IPO054,20121204,101.24,101.24,101.24,101.24,0
IPO054,20121205,101.88,101.88,101.88,101.88,0
IPO054,20121206,101.90,101.90,101.90,101.90,0
IPO054,20121207,101.74,101.74,101.74,101.74,0
IPO054,20121210,101.91,101.91,101.91,101.91,0
IPO054,20121211,103.28,103.28,103.28,103.28,0
IPO054,20121212,103.47,103.47,103.47,103.47,0
IPO054,20121213,103.64,103.64,103.64,103.64,0
IPO054,20121214,103.80,103.80,103.80,103.80,0
IPO054,20121217,103.74,103.74,103.74,103.74,0
IPO054,20121218,104.09,104.09,104.09,104.09,0
IPO054,20121219,105.35,105.35,105.35,105.35,0
IPO054,20121220,104.75,104.75,104.75,104.75,0
IPO054,20121221,103.00,103.00,103.00,103.00,0
IPO054,20121227,102.68,102.68,102.68,102.68,0
IPO054,20121228,102.55,102.55,102.55,102.55,0
IPO054,20130102,103.22,103.22,103.22,103.22,0
IPO054,20130103,104.03,104.03,104.03,104.03,0
IPO054,20130104,104.04,104.04,104.04,104.04,0
IPO054,20130107,103.98,103.98,103.98,103.98,0
IPO054,20130108,104.03,104.03,104.03,104.03,0
IPO054,20130109,103.46,103.46,103.46,103.46,0
IPO054,20130110,104.23,104.23,104.23,104.23,0
IPO054,20130111,105.01,105.01,105.01,105.01,0
IPO054,20130114,104.72,104.72,104.72,104.72,0
IPO054,20130115,104.48,104.48,104.48,104.48,0
IPO054,20130116,104.39,104.39,104.39,104.39,0
IPO054,20130117,105.25,105.25,105.25,105.25,0
IPO054,20130118,105.61,105.61,105.61,105.61,0
IPO054,20130121,106.00,106.00,106.00,106.00,0
IPO054,20130122,105.97,105.97,105.97,105.97,0
IPO054,20130123,105.59,105.59,105.59,105.59,0
IPO054,20130124,106.44,106.44,106.44,106.44,0
IPO054,20130125,106.16,106.16,106.16,106.16,0
IPO054,20130128,105.92,105.92,105.92,105.92,0
IPO054,20130129,105.35,105.35,105.35,105.35,0
IPO054,20130130,104.94,104.94,104.94,104.94,0
IPO054,20130131,104.36,104.36,104.36,104.36,0
IPO054,20130201,104.54,104.54,104.54,104.54,0
IPO054,20130204,104.64,104.64,104.64,104.64,0
IPO054,20130205,104.04,104.04,104.04,104.04,0
IPO054,20130206,103.07,103.07,103.07,103.07,0
IPO054,20130207,103.39,103.39,103.39,103.39,0
IPO054,20130208,103.68,103.68,103.68,103.68,0
IPO054,20130211,104.05,104.05,104.05,104.05,0
IPO054,20130212,103.61,103.61,103.61,103.61,0
IPO054,20130213,103.41,103.41,103.41,103.41,0
IPO054,20130214,103.39,103.39,103.39,103.39,0
IPO054,20130215,103.14,103.14,103.14,103.14,0
IPO054,20130218,103.49,103.49,103.49,103.49,0
IPO054,20130219,102.92,102.92,102.92,102.92,0
IPO054,20130221,98.15,98.15,98.15,98.15,0
IPO054,20130222,98.58,98.58,98.58,98.58,0
IPO054,20130225,99.52,99.52,99.52,99.52,0
IPO054,20130226,99.00,99.00,99.00,99.00,0
IPO054,20130227,99.78,99.78,99.78,99.78,0
IPO054,20130228,99.72,99.72,99.72,99.72,0
IPO054,20130301,100.39,100.39,100.39,100.39,0
IPO054,20130304,100.26,100.26,100.26,100.26,0
IPO054,20130305,100.32,100.32,100.32,100.32,0
IPO054,20130306,100.54,100.54,100.54,100.54,0
IPO054,20130307,101.26,101.26,101.26,101.26,0
IPO054,20130308,102.25,102.25,102.25,102.25,0
IPO054,20130311,102.31,102.31,102.31,102.31,0
IPO054,20130312,102.65,102.65,102.65,102.65,0
IPO054,20130313,102.56,102.56,102.56,102.56,0
IPO054,20130314,102.65,102.65,102.65,102.65,0
IPO054,20130315,103.22,103.22,103.22,103.22,0
IPO054,20130318,103.55,103.55,103.55,103.55,0
IPO054,20130319,101.41,101.41,101.41,101.41,0
IPO054,20130320,101.57,101.57,101.57,101.57,0
IPO054,20130321,100.47,100.47,100.47,100.47,0
IPO054,20130322,99.03,99.03,99.03,99.03,0
IPO054,20130325,98.28,98.28,98.28,98.28,0
IPO054,20130326,98.37,98.37,98.37,98.37,0
IPO054,20130327,99.18,99.18,99.18,99.18,0
IPO054,20130328,100.10,100.10,100.10,100.10,0
IPO054,20130402,100.79,100.79,100.79,100.79,0
IPO054,20130403,99.35,99.35,99.35,99.35,0
IPO054,20130404,98.80,98.80,98.80,98.80,0
IPO054,20130405,98.06,98.06,98.06,98.06,0
IPO054,20130408,98.17,98.17,98.17,98.17,0
IPO054,20130409,98.58,98.58,98.58,98.58,0
IPO054,20130410,98.94,98.94,98.94,98.94,0
IPO054,20130411,99.93,99.93,99.93,99.93,0
IPO054,20130412,100.04,100.04,100.04,100.04,0
IPO054,20130415,98.41,98.41,98.41,98.41,0
IPO054,20130417,97.31,97.31,97.31,97.31,0
IPO054,20130418,96.29,96.29,96.29,96.29,0
IPO054,20130419,96.33,96.33,96.33,96.33,0
IPO054,20130422,95.41,95.41,95.41,95.41,0
IPO054,20130423,94.38,94.38,94.38,94.38,0
IPO054,20130424,94.50,94.50,94.50,94.50,0
IPO054,20130425,95.15,95.15,95.15,95.15,0
IPO054,20130426,96.29,96.29,96.29,96.29,0
IPO054,20130429,96.92,96.92,96.92,96.92,0
IPO054,20130430,102.17,102.17,102.17,102.17,0
IPO054,20130502,101.92,101.92,101.92,101.92,0
IPO054,20130506,103.03,103.03,103.03,103.03,0
IPO054,20130507,103.77,103.77,103.77,103.77,0
IPO054,20130508,104.67,104.67,104.67,104.67,0
IPO054,20130509,105.39,105.39,105.39,105.39,0
IPO054,20130510,106.35,106.35,106.35,106.35,0
IPO054,20130513,107.30,107.30,107.30,107.30,0
IPO054,20130514,108.58,108.58,108.58,108.58,0
IPO054,20130515,108.90,108.90,108.90,108.90,0
IPO054,20130516,109.73,109.73,109.73,109.73,0
IPO054,20130517,110.20,110.20,110.20,110.20,0
IPO054,20130520,111.62,111.62,111.62,111.62,0
IPO054,20130521,110.47,110.47,110.47,110.47,0
IPO054,20130522,110.92,110.92,110.92,110.92,0
IPO054,20130523,110.32,110.32,110.32,110.32,0
IPO054,20130524,111.12,111.12,111.12,111.12,0
IPO054,20130527,113.20,113.20,113.20,113.20,0
IPO054,20130528,113.24,113.24,113.24,113.24,0
IPO054,20130529,112.44,112.44,112.44,112.44,0
IPO054,20130531,112.49,112.49,112.49,112.49,0
IPO054,20130603,111.85,111.85,111.85,111.85,0
IPO054,20130604,113.56,113.56,113.56,113.56,0
IPO054,20130605,115.58,115.58,115.58,115.58,0
IPO054,20130606,115.01,115.01,115.01,115.01,0
IPO054,20130607,115.49,115.49,115.49,115.49,0
IPO054,20130610,116.15,116.15,116.15,116.15,0
IPO054,20130611,117.21,117.21,117.21,117.21,0
IPO054,20130612,117.69,117.69,117.69,117.69,0
IPO054,20130613,116.94,116.94,116.94,116.94,0
IPO054,20130614,117.61,117.61,117.61,117.61,0
IPO054,20130617,118.21,118.21,118.21,118.21,0
IPO054,20130618,119.13,119.13,119.13,119.13,0
IPO054,20130619,118.94,118.94,118.94,118.94,0
IPO054,20130620,116.13,116.13,116.13,116.13,0
IPO054,20130621,113.69,113.69,113.69,113.69,0
IPO054,20130624,112.89,112.89,112.89,112.89,0
IPO054,20130625,112.75,112.75,112.75,112.75,0
IPO054,20130626,112.21,112.21,112.21,112.21,0
IPO054,20130627,109.38,109.38,109.38,109.38,0
IPO054,20130628,110.98,110.98,110.98,110.98,0
IPO054,20130701,112.26,112.26,112.26,112.26,0
IPO054,20130702,113.15,113.15,113.15,113.15,0
IPO054,20130703,112.48,112.48,112.48,112.48,0
IPO054,20130704,113.19,113.19,113.19,113.19,0
IPO054,20130705,112.78,112.78,112.78,112.78,0
IPO054,20130708,111.06,111.06,111.06,111.06,0
IPO054,20130709,109.95,109.95,109.95,109.95,0
IPO054,20130710,111.61,111.61,111.61,111.61,0
IPO054,20130711,113.10,113.10,113.10,113.10,0
IPO054,20130712,114.32,114.32,114.32,114.32,0
IPO054,20130715,114.82,114.82,114.82,114.82,0
IPO054,20130716,114.68,114.68,114.68,114.68,0
IPO054,20130717,114.82,114.82,114.82,114.82,0
IPO054,20130718,115.47,115.47,115.47,115.47,0
IPO054,20130719,115.40,115.40,115.40,115.40,0
IPO054,20130722,114.97,114.97,114.97,114.97,0
IPO054,20130723,116.45,116.45,116.45,116.45,0
IPO054,20130724,117.05,117.05,117.05,117.05,0
IPO054,20130725,116.69,116.69,116.69,116.69,0
IPO054,20130726,115.57,115.57,115.57,115.57,0
IPO054,20130729,116.64,116.64,116.64,116.64,0
IPO054,20130730,117.20,117.20,117.20,117.20,0
IPO054,20130731,117.02,117.02,117.02,117.02,0
IPO054,20130801,117.90,117.90,117.90,117.90,0
IPO054,20130802,120.85,120.85,120.85,120.85,0
IPO054,20130805,121.34,121.34,121.34,121.34,0
IPO054,20130806,121.51,121.51,121.51,121.51,0
IPO054,20130807,123.42,123.42,123.42,123.42,0
IPO054,20130808,125.15,125.15,125.15,125.15,0
IPO054,20130809,126.53,126.53,126.53,126.53,0
IPO054,20130812,127.23,127.23,127.23,127.23,0
IPO054,20130813,128.04,128.04,128.04,128.04,0
IPO054,20130814,130.03,130.03,130.03,130.03,0
IPO054,20130816,129.46,129.46,129.46,129.46,0
IPO054,20130819,128.74,128.74,128.74,128.74,0
IPO054,20130820,127.09,127.09,127.09,127.09,0
IPO054,20130821,126.63,126.63,126.63,126.63,0
IPO054,20130822,128.21,128.21,128.21,128.21,0
IPO054,20130823,129.08,129.08,129.08,129.08,0
IPO054,20130826,128.04,128.04,128.04,128.04,0
IPO054,20130827,125.71,125.71,125.71,125.71,0
IPO054,20130828,123.53,123.53,123.53,123.53,0
IPO054,20130829,123.67,123.67,123.67,123.67,0
IPO054,20130830,123.33,123.33,123.33,123.33,0
IPO054,20130902,124.98,124.98,124.98,124.98,0
IPO054,20130903,125.51,125.51,125.51,125.51,0
IPO054,20130904,123.64,123.64,123.64,123.64,0
IPO054,20130905,118.32,118.32,118.32,118.32,0
IPO054,20130906,121.65,121.65,121.65,121.65,0
IPO054,20130909,124.87,124.87,124.87,124.87,0
IPO054,20130910,126.53,126.53,126.53,126.53,0
IPO054,20130911,127.63,127.63,127.63,127.63,0
IPO054,20130912,128.35,128.35,128.35,128.35,0
IPO054,20130913,127.16,127.16,127.16,127.16,0
IPO054,20130916,125.22,125.22,125.22,125.22,0
IPO054,20130917,126.03,126.03,126.03,126.03,0
IPO054,20130918,126.09,126.09,126.09,126.09,0
IPO054,20130919,128.65,128.65,128.65,128.65,0
IPO054,20130920,128.94,128.94,128.94,128.94,0
IPO054,20130923,128.46,128.46,128.46,128.46,0
IPO054,20130924,127.59,127.59,127.59,127.59,0
IPO054,20130925,129.24,129.24,129.24,129.24,0
IPO054,20130926,131.29,131.29,131.29,131.29,0
IPO054,20130927,131.53,131.53,131.53,131.53,0
IPO054,20130930,130.69,130.69,130.69,130.69,0
IPO054,20131001,132.27,132.27,132.27,132.27,0
IPO054,20131002,132.42,132.42,132.42,132.42,0
IPO054,20131003,133.12,133.12,133.12,133.12,0
IPO054,20131004,132.51,132.51,132.51,132.51,0
IPO054,20131007,131.88,131.88,131.88,131.88,0
IPO054,20131008,131.02,131.02,131.02,131.02,0
IPO054,20131009,131.56,131.56,131.56,131.56,0
IPO054,20131010,134.38,134.38,134.38,134.38,0
IPO054,20131011,135.62,135.62,135.62,135.62,0
IPO054,20131014,137.38,137.38,137.38,137.38,0
IPO054,20131015,139.05,139.05,139.05,139.05,0
IPO054,20131016,139.87,139.87,139.87,139.87,0
IPO054,20131017,139.99,139.99,139.99,139.99,0
IPO054,20131018,137.51,137.51,137.51,137.51,0
IPO054,20131021,140.50,140.50,140.50,140.50,0
IPO054,20131022,140.74,140.74,140.74,140.74,0
IPO054,20131023,140.23,140.23,140.23,140.23,0
IPO054,20131024,141.85,141.85,141.85,141.85,0
IPO054,20131025,142.01,142.01,142.01,142.01,0
IPO054,20131028,141.66,141.66,141.66,141.66,0
IPO054,20131029,142.17,142.17,142.17,142.17,0
IPO054,20131030,140.55,140.55,140.55,140.55,0
IPO054,20131031,138.87,138.87,138.87,138.87,0
IPO054,20131104,139.87,139.87,139.87,139.87,0
IPO054,20131105,139.04,139.04,139.04,139.04,0
IPO054,20131106,139.75,139.75,139.75,139.75,0
IPO054,20131107,139.24,139.24,139.24,139.24,0
IPO054,20131108,136.94,136.94,136.94,136.94,0
IPO054,20131112,138.04,138.04,138.04,138.04,0
IPO054,20131113,136.17,136.17,136.17,136.17,0
IPO054,20131114,136.47,136.47,136.47,136.47,0
IPO054,20131115,136.99,136.99,136.99,136.99,0
IPO054,20131118,139.11,139.11,139.11,139.11,0
IPO054,20131119,138.53,138.53,138.53,138.53,0
IPO054,20131120,139.42,139.42,139.42,139.42,0
IPO054,20131121,139.67,139.67,139.67,139.67,0
IPO054,20131122,140.19,140.19,140.19,140.19,0
IPO054,20131125,141.00,141.00,141.00,141.00,0
IPO054,20131126,140.13,140.13,140.13,140.13,0
IPO054,20131127,139.21,139.21,139.21,139.21,0
IPO054,20131128,138.97,138.97,138.97,138.97,0
IPO054,20131129,139.50,139.50,139.50,139.50,0
IPO054,20131202,138.90,138.90,138.90,138.90,0
IPO054,20131203,137.31,137.31,137.31,137.31,0
IPO054,20131204,134.71,134.71,134.71,134.71,0
IPO054,20131205,134.93,134.93,134.93,134.93,0
IPO054,20131206,136.08,136.08,136.08,136.08,0
IPO054,20131209,137.40,137.40,137.40,137.40,0
IPO054,20131210,136.08,136.08,136.08,136.08,0
IPO054,20131211,136.31,136.31,136.31,136.31,0
IPO054,20131212,133.92,133.92,133.92,133.92,0
IPO054,20131213,133.72,133.72,133.72,133.72,0
IPO054,20131216,132.91,132.91,132.91,132.91,0
IPO054,20131217,129.61,129.61,129.61,129.61,0
IPO054,20131218,130.54,130.54,130.54,130.54,0
IPO054,20131219,130.03,130.03,130.03,130.03,0
IPO054,20131220,130.70,130.70,130.70,130.70,0
IPO054,20131223,131.83,131.83,131.83,131.83,0
IPO054,20131227,132.01,132.01,132.01,132.01,0
IPO054,20131230,132.68,132.68,132.68,132.68,0
IPO054,20140102,134.20,134.20,134.20,134.20,0
IPO054,20140103,133.68,133.68,133.68,133.68,0
IPO054,20140107,131.00,131.00,131.00,131.00,0
IPO054,20140108,130.16,130.16,130.16,130.16,0
IPO054,20140109,128.45,128.45,128.45,128.45,0
IPO054,20140110,129.09,129.09,129.09,129.09,0
IPO054,20140113,129.92,129.92,129.92,129.92,0
IPO054,20140114,129.55,129.55,129.55,129.55,0
IPO054,20140115,131.62,131.62,131.62,131.62,0
IPO054,20140116,132.51,132.51,132.51,132.51,0
IPO054,20140117,132.06,132.06,132.06,132.06,0
IPO054,20140120,131.52,131.52,131.52,131.52,0
IPO054,20140121,132.69,132.69,132.69,132.69,0
IPO054,20140122,134.05,134.05,134.05,134.05,0
IPO054,20140123,134.64,134.64,134.64,134.64,0
IPO054,20140124,133.15,133.15,133.15,133.15,0
IPO054,20140127,131.77,131.77,131.77,131.77,0
IPO054,20140128,133.59,133.59,133.59,133.59,0
IPO054,20140129,133.27,133.27,133.27,133.27,0
IPO054,20140130,132.68,132.68,132.68,132.68,0
IPO054,20140131,133.90,133.90,133.90,133.90,0
IPO054,20140203,134.73,134.73,134.73,134.73,0
IPO054,20140204,134.26,134.26,134.26,134.26,0
IPO054,20140205,135.71,135.71,135.71,135.71,0
IPO054,20140206,138.09,138.09,138.09,138.09,0
IPO054,20140207,138.10,138.10,138.10,138.10,0
IPO054,20140210,138.39,138.39,138.39,138.39,0
IPO054,20140211,139.65,139.65,139.65,139.65,0
IPO054,20140212,140.67,140.67,140.67,140.67,0
IPO054,20140213,140.68,140.68,140.68,140.68,0
IPO054,20140214,141.66,141.66,141.66,141.66,0
IPO054,20140217,141.63,141.63,141.63,141.63,0
IPO054,20140218,140.61,140.61,140.61,140.61,0
IPO054,20140219,141.45,141.45,141.45,141.45,0
IPO054,20140220,140.16,140.16,140.16,140.16,0
IPO054,20140221,140.74,140.74,140.74,140.74,0
IPO054,20140224,141.98,141.98,141.98,141.98,0
IPO054,20140225,141.28,141.28,141.28,141.28,0
IPO054,20140226,139.36,139.36,139.36,139.36,0
IPO054,20140227,139.90,139.90,139.90,139.90,0
IPO054,20140228,141.49,141.49,141.49,141.49,0
IPO054,20140303,133.93,133.93,133.93,133.93,0
IPO054,20140304,138.64,138.64,138.64,138.64,0
IPO054,20140305,137.35,137.35,137.35,137.35,0
IPO054,20140306,138.34,138.34,138.34,138.34,0
IPO054,20140307,136.24,136.24,136.24,136.24,0
IPO054,20140310,134.18,134.18,134.18,134.18,0
IPO054,20140311,134.43,134.43,134.43,134.43,0
IPO054,20140312,132.34,132.34,132.34,132.34,0
IPO054,20140313,130.39,130.39,130.39,130.39,0
IPO054,20140314,127.86,127.86,127.86,127.86,0
IPO054,20140317,132.76,132.76,132.76,132.76,0
IPO054,20140318,132.89,132.89,132.89,132.89,0
IPO054,20140319,132.40,132.40,132.40,132.40,0
IPO054,20140320,133.29,133.29,133.29,133.29,0
IPO054,20140321,133.85,133.85,133.85,133.85,0
IPO054,20140324,133.43,133.43,133.43,133.43,0
IPO054,20140325,133.85,133.85,133.85,133.85,0
IPO054,20140326,135.62,135.62,135.62,135.62,0
IPO054,20140327,135.71,135.71,135.71,135.71,0
IPO054,20140328,136.05,136.05,136.05,136.05,0
IPO054,20140331,137.08,137.08,137.08,137.08,0
IPO054,20140401,138.89,138.89,138.89,138.89,0
IPO054,20140402,139.09,139.09,139.09,139.09,0
IPO054,20140403,138.82,138.82,138.82,138.82,0
IPO054,20140404,138.61,138.61,138.61,138.61,0
IPO054,20140407,137.67,137.67,137.67,137.67,0
IPO054,20140408,137.81,137.81,137.81,137.81,0
IPO054,20140409,137.72,137.72,137.72,137.72,0
IPO054,20140410,137.70,137.70,137.70,137.70,0
IPO054,20140411,136.72,136.72,136.72,136.72,0
IPO054,20140414,134.68,134.68,134.68,134.68,0
IPO054,20140415,133.91,133.91,133.91,133.91,0
IPO054,20140416,132.45,132.45,132.45,132.45,0
IPO054,20140417,133.16,133.16,133.16,133.16,0
IPO054,20140422,134.71,134.71,134.71,134.71,0
IPO054,20140423,134.36,134.36,134.36,134.36,0
IPO054,20140424,133.12,133.12,133.12,133.12,0
IPO054,20140425,133.96,133.96,133.96,133.96,0
IPO054,20140428,133.55,133.55,133.55,133.55,0
IPO054,20140429,134.07,134.07,134.07,134.07,0
IPO054,20140430,135.81,135.81,135.81,135.81,0
IPO054,20140502,135.59,135.59,135.59,135.59,0
IPO054,20140505,133.88,133.88,133.88,133.88,0
IPO054,20140506,133.13,133.13,133.13,133.13,0
IPO054,20140507,131.11,131.11,131.11,131.11,0
IPO054,20140508,131.39,131.39,131.39,131.39,0
IPO054,20140509,130.34,130.34,130.34,130.34,0
IPO054,20140512,131.36,131.36,131.36,131.36,0
IPO054,20140513,132.77,132.77,132.77,132.77,0
IPO054,20140514,133.50,133.50,133.50,133.50,0
IPO054,20140515,133.86,133.86,133.86,133.86,0
IPO054,20140516,133.31,133.31,133.31,133.31,0
IPO054,20140519,133.90,133.90,133.90,133.90,0
IPO054,20140520,133.94,133.94,133.94,133.94,0
IPO054,20140521,134.84,134.84,134.84,134.84,0
IPO054,20140522,136.53,136.53,136.53,136.53,0
IPO054,20140523,137.98,137.98,137.98,137.98,0
IPO054,20140526,138.37,138.37,138.37,138.37,0
IPO054,20140527,138.08,138.08,138.08,138.08,0
IPO054,20140528,137.70,137.70,137.70,137.70,0
IPO054,20140529,138.92,138.92,138.92,138.92,0
IPO054,20140530,138.61,138.61,138.61,138.61,0
IPO054,20140602,138.58,138.58,138.58,138.58,0
IPO054,20140603,138.38,138.38,138.38,138.38,0
IPO054,20140604,138.61,138.61,138.61,138.61,0
IPO054,20140605,139.69,139.69,139.69,139.69,0
IPO054,20140606,140.46,140.46,140.46,140.46,0
IPO054,20140609,141.18,141.18,141.18,141.18,0
IPO054,20140610,141.76,141.76,141.76,141.76,0
IPO054,20140611,140.99,140.99,140.99,140.99,0
IPO054,20140612,139.77,139.77,139.77,139.77,0
IPO054,20140613,138.68,138.68,138.68,138.68,0
IPO054,20140616,138.64,138.64,138.64,138.64,0
IPO054,20140617,139.29,139.29,139.29,139.29,0
IPO054,20140618,139.33,139.33,139.33,139.33,0
IPO054,20140620,139.41,139.41,139.41,139.41,0
IPO054,20140623,139.01,139.01,139.01,139.01,0
IPO054,20140624,138.68,138.68,138.68,138.68,0
IPO054,20140625,136.82,136.82,136.82,136.82,0
IPO054,20140626,136.77,136.77,136.77,136.77,0
IPO054,20140627,136.04,136.04,136.04,136.04,0
IPO054,20140630,137.06,137.06,137.06,137.06,0
IPO054,20140701,135.81,135.81,135.81,135.81,0
IPO054,20140702,134.13,134.13,134.13,134.13,0
IPO054,20140703,132.90,132.90,132.90,132.90,0
IPO054,20140704,133.61,133.61,133.61,133.61,0
IPO054,20140707,134.63,134.63,134.63,134.63,0
IPO054,20140708,133.98,133.98,133.98,133.98,0
IPO054,20140709,134.12,134.12,134.12,134.12,0
IPO054,20140710,132.50,132.50,132.50,132.50,0
IPO054,20140711,133.93,133.93,133.93,133.93,0
IPO054,20140714,135.04,135.04,135.04,135.04,0
IPO054,20140715,135.38,135.38,135.38,135.38,0
IPO054,20140716,134.64,134.64,134.64,134.64,0
IPO054,20140717,134.66,134.66,134.66,134.66,0
IPO054,20140718,134.17,134.17,134.17,134.17,0
IPO054,20140721,134.00,134.00,134.00,134.00,0
IPO054,20140722,135.45,135.45,135.45,135.45,0
IPO054,20140723,135.41,135.41,135.41,135.41,0
IPO054,20140724,135.24,135.24,135.24,135.24,0
IPO054,20140725,135.78,135.78,135.78,135.78,0
IPO054,20140728,136.54,136.54,136.54,136.54,0
IPO054,20140729,134.43,134.43,134.43,134.43,0
IPO054,20140730,132.07,132.07,132.07,132.07,0
IPO054,20140731,132.26,132.26,132.26,132.26,0
IPO054,20140801,133.22,133.22,133.22,133.22,0
IPO054,20140804,135.30,135.30,135.30,135.30,0
IPO054,20140805,134.04,134.04,134.04,134.04,0
IPO054,20140806,132.98,132.98,132.98,132.98,0
IPO054,20140807,131.04,131.04,131.04,131.04,0
IPO054,20140808,130.22,130.22,130.22,130.22,0
IPO054,20140811,132.99,132.99,132.99,132.99,0
IPO054,20140812,132.66,132.66,132.66,132.66,0
IPO054,20140813,133.53,133.53,133.53,133.53,0
IPO054,20140814,134.33,134.33,134.33,134.33,0
IPO054,20140818,135.67,135.67,135.67,135.67,0
IPO054,20140820,136.96,136.96,136.96,136.96,0
IPO054,20140821,136.52,136.52,136.52,136.52,0
IPO054,20140822,136.18,136.18,136.18,136.18,0
IPO054,20140825,136.51,136.51,136.51,136.51,0
IPO054,20140826,138.11,138.11,138.11,138.11,0
IPO054,20140827,138.94,138.94,138.94,138.94,0
IPO054,20140828,136.24,136.24,136.24,136.24,0
IPO054,20140829,136.21,136.21,136.21,136.21,0
IPO054,20140901,138.13,138.13,138.13,138.13,0
IPO054,20140902,137.38,137.38,137.38,137.38,0
IPO054,20140903,139.65,139.65,139.65,139.65,0
IPO054,20140904,142.16,142.16,142.16,142.16,0
IPO054,20140905,141.88,141.88,141.88,141.88,0
IPO054,20140908,142.44,142.44,142.44,142.44,0
IPO054,20140909,142.27,142.27,142.27,142.27,0
IPO054,20140910,143.30,143.30,143.30,143.30,0
IPO054,20140918,146.68,146.68,146.68,146.68,0
IPO054,20140919,148.39,148.39,148.39,148.39,0
IPO054,20140922,147.57,147.57,147.57,147.57,0
IPO054,20140923,145.36,145.36,145.36,145.36,0
IPO054,20140924,144.95,144.95,144.95,144.95,0
IPO054,20140925,145.60,145.60,145.60,145.60,0
IPO054,20140929,145.50,145.50,145.50,145.50,0
IPO054,20140930,145.67,145.67,145.67,145.67,0
IPO054,20141001,143.57,143.57,143.57,143.57,0
IPO054,20141002,141.75,141.75,141.75,141.75,0
IPO054,20141006,144.84,144.84,144.84,144.84,0
IPO054,20141007,144.33,144.33,144.33,144.33,0
IPO054,20141008,142.20,142.20,142.20,142.20,0
IPO054,20141009,142.31,142.31,142.31,142.31,0
IPO054,20141010,140.46,140.46,140.46,140.46,0
IPO054,20141013,139.65,139.65,139.65,139.65,0
IPO054,20141014,140.16,140.16,140.16,140.16,0
IPO054,20141015,139.42,139.42,139.42,139.42,0
IPO054,20141016,138.17,138.17,138.17,138.17,0
IPO054,20141017,138.69,138.69,138.69,138.69,0
IPO054,20141020,138.65,138.65,138.65,138.65,0
IPO054,20141021,141.04,141.04,141.04,141.04,0
IPO054,20141022,140.79,140.79,140.79,140.79,0
IPO054,20141023,140.79,140.79,140.79,140.79,0
IPO054,20141024,141.23,141.23,141.23,141.23,0
IPO054,20141027,141.40,141.40,141.40,141.40,0
IPO054,20141028,141.36,141.36,141.36,141.36,0
IPO054,20141029,140.58,140.58,140.58,140.58,0
IPO054,20141030,140.50,140.50,140.50,140.50,0
IPO054,20141031,141.78,141.78,141.78,141.78,0
IPO054,20141103,141.74,141.74,141.74,141.74,0
IPO054,20141104,141.33,141.33,141.33,141.33,0
IPO054,20141105,141.52,141.52,141.52,141.52,0
IPO054,20141106,141.64,141.64,141.64,141.64,0
IPO054,20141107,141.96,141.96,141.96,141.96,0
IPO054,20141110,141.89,141.89,141.89,141.89,0
IPO054,20141112,141.97,141.97,141.97,141.97,0
IPO054,20141113,141.05,141.05,141.05,141.05,0
IPO054,20141114,141.36,141.36,141.36,141.36,0
IPO054,20141117,140.17,140.17,140.17,140.17,0
IPO054,20141118,141.00,141.00,141.00,141.00,0
IPO054,20141119,141.55,141.55,141.55,141.55,0
IPO054,20141120,140.62,140.62,140.62,140.62,0
IPO054,20141121,141.14,141.14,141.14,141.14,0
IPO054,20141124,141.40,141.40,141.40,141.40,0
IPO054,20141125,141.28,141.28,141.28,141.28,0
IPO054,20141126,141.65,141.65,141.65,141.65,0
IPO054,20141127,142.23,142.23,142.23,142.23,0
IPO054,20141128,141.97,141.97,141.97,141.97,0
IPO054,20141201,141.43,141.43,141.43,141.43,0
IPO054,20141202,143.37,143.37,143.37,143.37,0
IPO054,20141203,143.67,143.67,143.67,143.67,0
IPO054,20141204,143.15,143.15,143.15,143.15,0
IPO054,20141205,143.19,143.19,143.19,143.19,0
IPO054,20141208,142.65,142.65,142.65,142.65,0
IPO054,20141209,142.28,142.28,142.28,142.28,0
IPO054,20141210,141.65,141.65,141.65,141.65,0
IPO054,20141211,141.02,141.02,141.02,141.02,0
IPO054,20141212,140.97,140.97,140.97,140.97,0
IPO054,20141215,140.50,140.50,140.50,140.50,0
IPO054,20141216,138.85,138.85,138.85,138.85,0
IPO054,20141217,138.72,138.72,138.72,138.72,0
IPO054,20141218,140.60,140.60,140.60,140.60,0
IPO054,20141219,138.63,138.63,138.63,138.63,0
IPO054,20141222,139.19,139.19,139.19,139.19,0
IPO054,20141223,139.02,139.02,139.02,139.02,0
IPO054,20141229,138.12,138.12,138.12,138.12,0
IPO054,20141230,138.47,138.47,138.47,138.47,0
IPO054,20150102,138.63,138.63,138.63,138.63,0
IPO054,20150105,136.15,136.15,136.15,136.15,0
IPO054,20150107,138.65,138.65,138.65,138.65,0
IPO054,20150108,141.21,141.21,141.21,141.21,0
IPO054,20150109,141.80,141.80,141.80,141.80,0
IPO054,20150112,140.95,140.95,140.95,140.95,0
IPO054,20150113,140.47,140.47,140.47,140.47,0
IPO054,20150114,139.75,139.75,139.75,139.75,0
IPO054,20150115,136.91,136.91,136.91,136.91,0
IPO054,20150116,135.78,135.78,135.78,135.78,0
IPO054,20150119,134.54,134.54,134.54,134.54,0
IPO054,20150120,134.89,134.89,134.89,134.89,0
IPO054,20150121,136.88,136.88,136.88,136.88,0
IPO054,20150122,137.80,137.80,137.80,137.80,0
IPO054,20150123,139.48,139.48,139.48,139.48,0
IPO054,20150126,139.62,139.62,139.62,139.62,0
IPO054,20150127,139.91,139.91,139.91,139.91,0
IPO054,20150128,139.76,139.76,139.76,139.76,0
IPO054,20150129,139.73,139.73,139.73,139.73,0
IPO054,20150130,140.27,140.27,140.27,140.27,0
IPO054,20150202,140.02,140.02,140.02,140.02,0
IPO054,20150203,140.16,140.16,140.16,140.16,0
IPO054,20150204,139.26,139.26,139.26,139.26,0
IPO054,20150205,139.88,139.88,139.88,139.88,0
IPO054,20150206,140.98,140.98,140.98,140.98,0
IPO054,20150209,140.25,140.25,140.25,140.25,0
IPO054,20150210,139.98,139.98,139.98,139.98,0
IPO054,20150211,139.85,139.85,139.85,139.85,0
IPO054,20150212,139.90,139.90,139.90,139.90,0
IPO054,20150213,140.73,140.73,140.73,140.73,0
IPO054,20150216,141.01,141.01,141.01,141.01,0
IPO054,20150217,141.12,141.12,141.12,141.12,0
IPO054,20150218,141.42,141.42,141.42,141.42,0
IPO054,20150219,142.17,142.17,142.17,142.17,0
IPO054,20150220,141.74,141.74,141.74,141.74,0
IPO054,20150223,142.69,142.69,142.69,142.69,0
IPO054,20150224,142.98,142.98,142.98,142.98,0
IPO054,20150225,142.74,142.74,142.74,142.74,0
IPO054,20150226,143.49,143.49,143.49,143.49,0
IPO054,20150227,144.78,144.78,144.78,144.78,0
IPO054,20150302,145.92,145.92,145.92,145.92,0
IPO054,20150303,145.05,145.05,145.05,145.05,0
IPO054,20150304,146.92,146.92,146.92,146.92,0
IPO054,20150305,148.18,148.18,148.18,148.18,0
IPO054,20150306,148.11,148.11,148.11,148.11,0
IPO054,20150309,148.85,148.85,148.85,148.85,0
IPO054,20150310,147.81,147.81,147.81,147.81,0
IPO054,20150311,147.95,147.95,147.95,147.95,0
IPO054,20150312,148.23,148.23,148.23,148.23,0
IPO054,20150313,148.01,148.01,148.01,148.01,0
IPO054,20150316,148.03,148.03,148.03,148.03,0
IPO054,20150317,148.40,148.40,148.40,148.40,0
IPO054,20150318,147.70,147.70,147.70,147.70,0
IPO054,20150319,149.79,149.79,149.79,149.79,0
IPO054,20150320,149.56,149.56,149.56,149.56,0
IPO054,20150323,149.44,149.44,149.44,149.44,0
IPO054,20150324,148.42,148.42,148.42,148.42,0
IPO054,20150325,147.92,147.92,147.92,147.92,0
IPO054,20150326,145.89,145.89,145.89,145.89,0
IPO054,20150327,145.71,145.71,145.71,145.71,0
IPO054,20150330,147.10,147.10,147.10,147.10,0
IPO054,20150331,147.16,147.16,147.16,147.16,0
IPO054,20150401,146.84,146.84,146.84,146.84,0
IPO054,20150402,146.84,146.84,146.84,146.84,0
IPO054,20150407,146.85,146.85,146.85,146.85,0
IPO054,20150408,147.97,147.97,147.97,147.97,0
IPO054,20150409,149.87,149.87,149.87,149.87,0
IPO054,20150410,148.96,148.96,148.96,148.96,0
IPO054,20150413,148.87,148.87,148.87,148.87,0
IPO054,20150414,149.84,149.84,149.84,149.84,0
IPO054,20150415,150.35,150.35,150.35,150.35,0
IPO054,20150416,151.46,151.46,151.46,151.46,0
IPO054,20150417,150.57,150.57,150.57,150.57,0
IPO054,20150420,151.76,151.76,151.76,151.76,0
IPO054,20150421,151.22,151.22,151.22,151.22,0
IPO054,20150422,151.87,151.87,151.87,151.87,0
IPO054,20150423,151.54,151.54,151.54,151.54,0
IPO054,20150424,152.18,152.18,152.18,152.18,0
IPO054,20150427,153.16,153.16,153.16,153.16,0
IPO054,20150428,152.52,152.52,152.52,152.52,0
IPO054,20150429,152.33,152.33,152.33,152.33,0
IPO054,20150430,152.33,152.33,152.33,152.33,0
IPO054,20150504,153.06,153.06,153.06,153.06,0
IPO054,20150505,152.77,152.77,152.77,152.77,0
IPO054,20150506,154.74,154.74,154.74,154.74,0
IPO054,20150507,154.93,154.93,154.93,154.93,0
IPO054,20150508,155.60,155.60,155.60,155.60,0
IPO054,20150511,156.15,156.15,156.15,156.15,0
IPO054,20150512,155.53,155.53,155.53,155.53,0
IPO054,20150513,155.26,155.26,155.26,155.26,0
IPO054,20150514,154.95,154.95,154.95,154.95,0
IPO054,20150515,155.26,155.26,155.26,155.26,0
IPO054,20150518,155.57,155.57,155.57,155.57,0
IPO054,20150519,154.94,154.94,154.94,154.94,0
IPO054,20150520,154.75,154.75,154.75,154.75,0
IPO054,20150521,154.86,154.86,154.86,154.86,0
IPO054,20150522,154.24,154.24,154.24,154.24,0
IPO054,20150525,152.05,152.05,152.05,152.05,0
IPO054,20150526,150.28,150.28,150.28,150.28,0
IPO054,20150527,151.84,151.84,151.84,151.84,0
IPO054,20150528,151.43,151.43,151.43,151.43,0
IPO054,20150529,151.64,151.64,151.64,151.64,0
IPO054,20150601,152.70,152.70,152.70,152.70,0
IPO054,20150602,151.29,151.29,151.29,151.29,0
IPO054,20150603,151.30,151.30,151.30,151.30,0
IPO054,20150605,150.04,150.04,150.04,150.04,0
IPO054,20150608,148.62,148.62,148.62,148.62,0
IPO054,20150609,147.56,147.56,147.56,147.56,0
IPO054,20150610,148.86,148.86,148.86,148.86,0
IPO054,20150611,148.79,148.79,148.79,148.79,0
IPO054,20150612,148.58,148.58,148.58,148.58,0
IPO054,20150615,148.05,148.05,148.05,148.05,0
IPO054,20150616,148.13,148.13,148.13,148.13,0
IPO054,20150617,146.03,146.03,146.03,146.03,0
IPO054,20150618,146.28,146.28,146.28,146.28,0
IPO054,20150619,145.54,145.54,145.54,145.54,0
IPO054,20150622,148.97,148.97,148.97,148.97,0
IPO054,20150623,149.15,149.15,149.15,149.15,0
IPO054,20150624,148.36,148.36,148.36,148.36,0
IPO054,20150625,147.83,147.83,147.83,147.83,0
IPO054,20150626,148.16,148.16,148.16,148.16,0
IPO054,20150629,145.65,145.65,145.65,145.65,0
IPO054,20150630,145.59,145.59,145.59,145.59,0
IPO054,20150701,145.44,145.44,145.44,145.44,0
IPO054,20150702,146.21,146.21,146.21,146.21,0
IPO054,20150703,145.69,145.69,145.69,145.69,0
IPO054,20150706,144.84,144.84,144.84,144.84,0
IPO054,20150707,142.71,142.71,142.71,142.71,0
IPO054,20150708,141.15,141.15,141.15,141.15,0
IPO054,20150709,142.00,142.00,142.00,142.00,0
IPO054,20150710,145.10,145.10,145.10,145.10,0
IPO054,20150713,147.23,147.23,147.23,147.23,0
IPO054,20150714,147.31,147.31,147.31,147.31,0
IPO054,20150715,148.36,148.36,148.36,148.36,0
IPO054,20150716,149.60,149.60,149.60,149.60,0
IPO054,20150717,150.13,150.13,150.13,150.13,0
IPO054,20150720,149.53,149.53,149.53,149.53,0
IPO054,20150721,148.95,148.95,148.95,148.95,0
IPO054,20150722,147.50,147.50,147.50,147.50,0
IPO054,20150723,147.92,147.92,147.92,147.92,0
IPO054,20150724,148.83,148.83,148.83,148.83,0
IPO054,20150727,147.29,147.29,147.29,147.29,0
IPO054,20150728,148.12,148.12,148.12,148.12,0
IPO054,20150729,149.41,149.41,149.41,149.41,0
IPO054,20150730,150.30,150.30,150.30,150.30,0
IPO054,20150731,151.85,151.85,151.85,151.85,0
IPO054,20150803,151.58,151.58,151.58,151.58,0
IPO054,20150804,153.19,153.19,153.19,153.19,0
IPO054,20150805,155.40,155.40,155.40,155.40,0
IPO054,20150806,151.81,151.81,151.81,151.81,0
IPO054,20150807,151.57,151.57,151.57,151.57,0
IPO054,20150810,152.61,152.61,152.61,152.61,0
IPO054,20150811,153.32,153.32,153.32,153.32,0
IPO054,20150812,152.77,152.77,152.77,152.77,0
IPO054,20150813,153.15,153.15,153.15,153.15,0
IPO054,20150814,152.83,152.83,152.83,152.83,0
IPO054,20150817,151.73,151.73,151.73,151.73,0
IPO054,20150818,150.92,150.92,150.92,150.92,0
IPO054,20150819,152.63,152.63,152.63,152.63,0
IPO054,20150820,151.95,151.95,151.95,151.95,0
IPO054,20150821,148.71,148.71,148.71,148.71,0
IPO054,20150824,140.12,140.12,140.12,140.12,0
IPO054,20150825,141.88,141.88,141.88,141.88,0
IPO054,20150826,140.33,140.33,140.33,140.33,0
IPO054,20150827,144.05,144.05,144.05,144.05,0
IPO054,20150828,146.00,146.00,146.00,146.00,0
IPO054,20150831,146.05,146.05,146.05,146.05,0
IPO054,20150901,143.39,143.39,143.39,143.39,0
IPO054,20150902,142.94,142.94,142.94,142.94,0
IPO054,20150903,143.62,143.62,143.62,143.62,0
IPO054,20150904,143.34,143.34,143.34,143.34,0
IPO054,20150907,142.51,142.51,142.51,142.51,0
IPO054,20150908,143.86,143.86,143.86,143.86,0
IPO054,20150909,144.27,144.27,144.27,144.27,0
IPO054,20150910,145.44,145.44,145.44,145.44,0
IPO054,20150911,145.29,145.29,145.29,145.29,0
IPO054,20150914,145.38,145.38,145.38,145.38,0
IPO054,20150915,145.09,145.09,145.09,145.09,0
IPO054,20150916,145.90,145.90,145.90,145.90,0
IPO054,20150917,145.28,145.28,145.28,145.28,0
IPO054,20150918,145.01,145.01,145.01,145.01,0
IPO054,20150921,145.50,145.50,145.50,145.50,0
IPO054,20150922,144.05,144.05,144.05,144.05,0
IPO054,20150923,142.02,142.02,142.02,142.02,0
IPO054,20150924,141.47,141.47,141.47,141.47,0
IPO054,20150925,142.40,142.40,142.40,142.40,0
IPO054,20150928,140.15,140.15,140.15,140.15,0
IPO054,20150929,139.95,139.95,139.95,139.95,0
IPO054,20150930,141.87,141.87,141.87,141.87,0
IPO054,20151001,142.36,142.36,142.36,142.36,0
IPO054,20151002,141.04,141.04,141.04,141.04,0
IPO054,20151005,143.09,143.09,143.09,143.09,0
IPO054,20151006,145.14,145.14,145.14,145.14,0
IPO054,20151007,146.32,146.32,146.32,146.32,0
IPO054,20151008,146.30,146.30,146.30,146.30,0
IPO054,20151009,148.62,148.62,148.62,148.62,0
IPO054,20151012,148.76,148.76,148.76,148.76,0
IPO054,20151013,147.89,147.89,147.89,147.89,0
IPO054,20151014,147.15,147.15,147.15,147.15,0
IPO054,20151015,148.74,148.74,148.74,148.74,0
IPO054,20151016,148.64,148.64,148.64,148.64,0
IPO054,20151019,149.18,149.18,149.18,149.18,0
IPO054,20151020,150.17,150.17,150.17,150.17,0
IPO054,20151021,148.80,148.80,148.80,148.80,0
IPO054,20151022,147.89,147.89,147.89,147.89,0
IPO054,20151023,148.42,148.42,148.42,148.42,0
IPO054,20151026,148.30,148.30,148.30,148.30,0
IPO054,20151027,148.05,148.05,148.05,148.05,0
IPO054,20151028,148.29,148.29,148.29,148.29,0
IPO054,20151029,146.03,146.03,146.03,146.03,0
IPO054,20151030,145.71,145.71,145.71,145.71,0
IPO054,20151102,146.77,146.77,146.77,146.77,0
IPO054,20151103,146.52,146.52,146.52,146.52,0
IPO054,20151104,147.47,147.47,147.47,147.47,0
IPO054,20151105,147.70,147.70,147.70,147.70,0
IPO054,20151106,145.38,145.38,145.38,145.38,0
IPO054,20151109,144.86,144.86,144.86,144.86,0
IPO054,20151110,144.78,144.78,144.78,144.78,0
IPO054,20151112,144.31,144.31,144.31,144.31,0
IPO054,20151113,143.35,143.35,143.35,143.35,0
IPO054,20151116,142.87,142.87,142.87,142.87,0
IPO054,20151117,143.55,143.55,143.55,143.55,0
IPO054,20151118,143.09,143.09,143.09,143.09,0
IPO054,20151119,143.73,143.73,143.73,143.73,0
IPO054,20151120,144.37,144.37,144.37,144.37,0
IPO054,20151123,142.20,142.20,142.20,142.20,0
IPO054,20151124,141.54,141.54,141.54,141.54,0
IPO054,20151125,141.91,141.91,141.91,141.91,0
IPO054,20151126,143.46,143.46,143.46,143.46,0
IPO054,20151127,143.51,143.51,143.51,143.51,0
IPO054,20151130,144.31,144.31,144.31,144.31,0
IPO054,20151201,143.46,143.46,143.46,143.46,0
IPO054,20151202,141.22,141.22,141.22,141.22,0
IPO054,20151203,141.45,141.45,141.45,141.45,0
IPO054,20151204,140.06,140.06,140.06,140.06,0
IPO054,20151207,140.44,140.44,140.44,140.44,0
IPO054,20151208,139.35,139.35,139.35,139.35,0
IPO054,20151209,136.74,136.74,136.74,136.74,0
IPO054,20151210,136.74,136.74,136.74,136.74,0
IPO054,20151211,134.89,134.89,134.89,134.89,0
IPO054,20151214,132.48,132.48,132.48,132.48,0
IPO054,20151215,133.92,133.92,133.92,133.92,0
IPO054,20151216,134.66,134.66,134.66,134.66,0
IPO054,20151217,136.68,136.68,136.68,136.68,0
IPO054,20151218,136.94,136.94,136.94,136.94,0
IPO054,20151221,138.87,138.87,138.87,138.87,0
IPO054,20151222,139.15,139.15,139.15,139.15,0
IPO054,20151223,139.39,139.39,139.39,139.39,0
IPO054,20151228,139.92,139.92,139.92,139.92,0
IPO054,20151229,141.68,141.68,141.68,141.68,0
IPO054,20151230,140.35,140.35,140.35,140.35,0
IPO054,20160104,138.14,138.14,138.14,138.14,0
IPO054,20160105,138.85,138.85,138.85,138.85,0
IPO054,20160107,136.62,136.62,136.62,136.62,0
IPO054,20160108,135.11,135.11,135.11,135.11,0
IPO054,20160111,133.03,133.03,133.03,133.03,0
IPO054,20160112,135.84,135.84,135.84,135.84,0
IPO054,20160113,137.59,137.59,137.59,137.59,0
IPO054,20160114,135.84,135.84,135.84,135.84,0
IPO054,20160115,133.56,133.56,133.56,133.56,0
IPO054,20160118,130.12,130.12,130.12,130.12,0
IPO054,20160119,130.59,130.59,130.59,130.59,0
IPO054,20160120,127.99,127.99,127.99,127.99,0
IPO054,20160121,126.57,126.57,126.57,126.57,0
IPO054,20160122,128.01,128.01,128.01,128.01,0
IPO054,20160125,129.40,129.40,129.40,129.40,0
IPO054,20160126,129.23,129.23,129.23,129.23,0
IPO054,20160127,130.16,130.16,130.16,130.16,0
IPO054,20160128,131.35,131.35,131.35,131.35,0
IPO054,20160129,132.26,132.26,132.26,132.26,0
IPO054,20160201,132.87,132.87,132.87,132.87,0
IPO054,20160202,133.12,133.12,133.12,133.12,0
IPO054,20160203,132.68,132.68,132.68,132.68,0
IPO054,20160204,134.14,134.14,134.14,134.14,0
IPO054,20160205,135.26,135.26,135.26,135.26,0
IPO054,20160208,133.12,133.12,133.12,133.12,0
IPO054,20160209,132.06,132.06,132.06,132.06,0
IPO054,20160210,131.24,131.24,131.24,131.24,0
IPO054,20160211,130.24,130.24,130.24,130.24,0
IPO054,20160212,130.15,130.15,130.15,130.15,0
IPO054,20160215,131.95,131.95,131.95,131.95,0
IPO054,20160216,131.72,131.72,131.72,131.72,0
IPO054,20160217,135.58,135.58,135.58,135.58,0
IPO054,20160218,136.64,136.64,136.64,136.64,0
IPO054,20160219,134.24,134.24,134.24,134.24,0
IPO054,20160222,135.81,135.81,135.81,135.81,0
IPO054,20160223,136.86,136.86,136.86,136.86,0
IPO054,20160224,135.40,135.40,135.40,135.40,0
IPO054,20160225,134.96,134.96,134.96,134.96,0
IPO054,20160226,136.70,136.70,136.70,136.70,0
IPO054,20160229,136.29,136.29,136.29,136.29,0
IPO054,20160301,134.99,134.99,134.99,134.99,0
IPO054,20160302,135.08,135.08,135.08,135.08,0
IPO054,20160303,137.81,137.81,137.81,137.81,0
IPO054,20160304,137.71,137.71,137.71,137.71,0
IPO054,20160307,138.69,138.69,138.69,138.69,0
IPO054,20160308,138.75,138.75,138.75,138.75,0
IPO054,20160309,137.56,137.56,137.56,137.56,0
IPO054,20160310,138.09,138.09,138.09,138.09,0
IPO054,20160311,139.19,139.19,139.19,139.19,0
IPO054,20160314,139.80,139.80,139.80,139.80,0
IPO054,20160315,139.14,139.14,139.14,139.14,0
IPO054,20160316,138.66,138.66,138.66,138.66,0
IPO054,20160317,139.88,139.88,139.88,139.88,0
IPO054,20160318,140.25,140.25,140.25,140.25,0
IPO054,20160321,140.10,140.10,140.10,140.10,0
IPO054,20160322,139.21,139.21,139.21,139.21,0
IPO054,20160323,139.32,139.32,139.32,139.32,0
IPO054,20160324,139.54,139.54,139.54,139.54,0
IPO054,20160329,140.06,140.06,140.06,140.06,0
IPO054,20160330,141.00,141.00,141.00,141.00,0
IPO054,20160331,141.49,141.49,141.49,141.49,0
IPO054,20160401,140.15,140.15,140.15,140.15,0
IPO054,20160404,141.15,141.15,141.15,141.15,0
IPO054,20160405,139.22,139.22,139.22,139.22,0
IPO054,20160406,136.60,136.60,136.60,136.60,0
IPO054,20160407,137.79,137.79,137.79,137.79,0
IPO054,20160408,138.91,138.91,138.91,138.91,0
IPO054,20160411,138.89,138.89,138.89,138.89,0
IPO054,20160412,138.72,138.72,138.72,138.72,0
IPO054,20160413,140.70,140.70,140.70,140.70,0
IPO054,20160414,140.96,140.96,140.96,140.96,0
IPO054,20160415,140.76,140.76,140.76,140.76,0
IPO054,20160418,140.64,140.64,140.64,140.64,0
IPO054,20160419,141.42,141.42,141.42,141.42,0
IPO054,20160420,142.21,142.21,142.21,142.21,0
IPO054,20160421,143.25,143.25,143.25,143.25,0
IPO054,20160422,143.71,143.71,143.71,143.71,0
IPO054,20160425,143.38,143.38,143.38,143.38,0
IPO054,20160426,142.24,142.24,142.24,142.24,0
IPO054,20160427,141.95,141.95,141.95,141.95,0
IPO054,20160428,141.66,141.66,141.66,141.66,0
IPO054,20160429,141.66,141.66,141.66,141.66,0
IPO054,20160502,141.79,141.79,141.79,141.79,0
IPO054,20160504,140.27,140.27,140.27,140.27,0
IPO054,20160505,138.76,138.76,138.76,138.76,0
IPO054,20160506,138.71,138.71,138.71,138.71,0
IPO054,20160509,139.08,139.08,139.08,139.08,0
IPO054,20160510,138.07,138.07,138.07,138.07,0
IPO054,20160511,137.91,137.91,137.91,137.91,0
IPO054,20160512,137.99,137.99,137.99,137.99,0
IPO054,20160513,137.74,137.74,137.74,137.74,0
IPO054,20160516,139.08,139.08,139.08,139.08,0
IPO054,20160517,139.32,139.32,139.32,139.32,0
IPO054,20160518,139.26,139.26,139.26,139.26,0
IPO054,20160519,137.48,137.48,137.48,137.48,0
IPO054,20160520,136.58,136.58,136.58,136.58,0
IPO054,20160523,137.19,137.19,137.19,137.19,0
IPO054,20160524,137.74,137.74,137.74,137.74,0
IPO054,20160525,139.02,139.02,139.02,139.02,0
IPO054,20160527,140.13,140.13,140.13,140.13,0
IPO054,20160530,138.80,138.80,138.80,138.80,0
IPO054,20160531,136.65,136.65,136.65,136.65,0
IPO054,20160601,133.48,133.48,133.48,133.48,0
IPO054,20160602,133.82,133.82,133.82,133.82,0
IPO054,20160603,136.72,136.72,136.72,136.72,0
IPO054,20160606,136.58,136.58,136.58,136.58,0
IPO054,20160607,139.04,139.04,139.04,139.04,0
IPO054,20160608,139.17,139.17,139.17,139.17,0
IPO054,20160609,137.81,137.81,137.81,137.81,0
IPO054,20160610,137.10,137.10,137.10,137.10,0
IPO054,20160613,135.35,135.35,135.35,135.35,0
IPO054,20160614,134.65,134.65,134.65,134.65,0
IPO054,20160615,134.72,134.72,134.72,134.72,0
IPO054,20160616,132.27,132.27,132.27,132.27,0
IPO054,20160617,135.04,135.04,135.04,135.04,0
IPO054,20160620,135.85,135.85,135.85,135.85,0
IPO054,20160621,136.22,136.22,136.22,136.22,0
IPO054,20160622,137.02,137.02,137.02,137.02,0
IPO054,20160623,138.50,138.50,138.50,138.50,0
IPO054,20160624,131.61,131.61,131.61,131.61,0
IPO054,20160627,130.28,130.28,130.28,130.28,0
IPO054,20160628,132.96,132.96,132.96,132.96,0
IPO054,20160629,133.65,133.65,133.65,133.65,0
IPO054,20160630,133.61,133.61,133.61,133.61,0
IPO054,20160701,134.32,134.32,134.32,134.32,0
IPO054,20160704,133.23,133.23,133.23,133.23,0
IPO054,20160705,132.94,132.94,132.94,132.94,0
IPO054,20160706,131.30,131.30,131.30,131.30,0
IPO054,20160707,133.10,133.10,133.10,133.10,0
IPO054,20160708,133.77,133.77,133.77,133.77,0
IPO054,20160711,135.90,135.90,135.90,135.90,0
IPO054,20160712,137.10,137.10,137.10,137.10,0
IPO054,20160713,137.81,137.81,137.81,137.81,0
IPO054,20160714,138.26,138.26,138.26,138.26,0
IPO054,20160715,138.86,138.86,138.86,138.86,0
IPO054,20160718,140.07,140.07,140.07,140.07,0
IPO054,20160719,140.11,140.11,140.11,140.11,0
IPO054,20160720,141.29,141.29,141.29,141.29,0
IPO054,20160721,142.28,142.28,142.28,142.28,0
IPO054,20160722,143.08,143.08,143.08,143.08,0
IPO054,20160725,144.30,144.30,144.30,144.30,0
IPO054,20160726,144.73,144.73,144.73,144.73,0
IPO054,20160727,144.57,144.57,144.57,144.57,0
IPO054,20160728,145.17,145.17,145.17,145.17,0
IPO054,20160729,144.30,144.30,144.30,144.30,0
IPO054,20160801,144.67,144.67,144.67,144.67,0
IPO054,20160802,146.26,146.26,146.26,146.26,0
IPO054,20160803,145.70,145.70,145.70,145.70,0
IPO054,20160804,147.06,147.06,147.06,147.06,0
IPO054,20160805,148.36,148.36,148.36,148.36,0
IPO054,20160808,149.42,149.42,149.42,149.42,0
IPO054,20160809,151.62,151.62,151.62,151.62,0
IPO054,20160810,152.22,152.22,152.22,152.22,0
IPO054,20160811,152.98,152.98,152.98,152.98,0
IPO054,20160812,153.80,153.80,153.80,153.80,0
IPO054,20160816,153.92,153.92,153.92,153.92,0
IPO054,20160817,153.01,153.01,153.01,153.01,0
IPO054,20160818,153.08,153.08,153.08,153.08,0
IPO054,20160819,152.37,152.37,152.37,152.37,0
IPO054,20160822,153.44,153.44,153.44,153.44,0
IPO054,20160823,154.17,154.17,154.17,154.17,0
IPO054,20160824,154.12,154.12,154.12,154.12,0
IPO054,20160825,154.81,154.81,154.81,154.81,0
IPO054,20160826,155.63,155.63,155.63,155.63,0
IPO054,20160829,154.98,154.98,154.98,154.98,0
IPO054,20160830,157.55,157.55,157.55,157.55,0
IPO054,20160831,157.63,157.63,157.63,157.63,0
IPO054,20160901,155.87,155.87,155.87,155.87,0
IPO054,20160902,156.58,156.58,156.58,156.58,0
IPO054,20160905,159.26,159.26,159.26,159.26,0
IPO054,20160906,160.05,160.05,160.05,160.05,0
IPO054,20160907,160.69,160.69,160.69,160.69,0
IPO054,20160908,159.93,159.93,159.93,159.93,0
IPO054,20160909,158.47,158.47,158.47,158.47,0
IPO054,20160912,156.45,156.45,156.45,156.45,0
IPO054,20160913,157.57,157.57,157.57,157.57,0
IPO054,20160914,158.12,158.12,158.12,158.12,0
IPO054,20160915,158.94,158.94,158.94,158.94,0
IPO054,20160916,160.99,160.99,160.99,160.99,0
IPO054,20160919,160.70,160.70,160.70,160.70,0
IPO054,20160920,160.72,160.72,160.72,160.72,0
IPO054,20160921,161.48,161.48,161.48,161.48,0
IPO054,20160922,163.82,163.82,163.82,163.82,0
IPO054,20160923,162.90,162.90,162.90,162.90,0
IPO054,20160926,162.46,162.46,162.46,162.46,0
IPO054,20160927,162.05,162.05,162.05,162.05,0
IPO054,20160928,161.83,161.83,161.83,161.83,0
IPO054,20160929,162.00,162.00,162.00,162.00,0
IPO054,20160930,160.83,160.83,160.83,160.83,0
IPO054,20161003,161.09,161.09,161.09,161.09,0
IPO054,20161004,161.16,161.16,161.16,161.16,0
IPO054,20161005,161.12,161.12,161.12,161.12,0
IPO054,20161006,161.06,161.06,161.06,161.06,0
IPO054,20161007,159.97,159.97,159.97,159.97,0
IPO054,20161010,160.12,160.12,160.12,160.12,0
IPO054,20161011,160.89,160.89,160.89,160.89,0
IPO054,20161012,160.30,160.30,160.30,160.30,0
IPO054,20161013,159.53,159.53,159.53,159.53,0
IPO054,20161014,160.94,160.94,160.94,160.94,0
IPO054,20161017,162.03,162.03,162.03,162.03,0
IPO054,20161018,162.91,162.91,162.91,162.91,0
IPO054,20161019,163.54,163.54,163.54,163.54,0
IPO054,20161020,162.67,162.67,162.67,162.67,0
IPO054,20161021,162.45,162.45,162.45,162.45,0
IPO054,20161024,163.25,163.25,163.25,163.25,0
IPO054,20161025,162.07,162.07,162.07,162.07,0
IPO054,20161026,162.23,162.23,162.23,162.23,0
IPO054,20161027,162.18,162.18,162.18,162.18,0
IPO054,20161028,162.17,162.17,162.17,162.17,0
IPO054,20161031,163.78,163.78,163.78,163.78,0
IPO054,20161102,159.16,159.16,159.16,159.16,0
IPO054,20161103,159.31,159.31,159.31,159.31,0
IPO054,20161104,157.38,157.38,157.38,157.38,0
IPO054,20161107,157.88,157.88,157.88,157.88,0
IPO054,20161108,158.65,158.65,158.65,158.65,0
IPO054,20161109,158.08,158.08,158.08,158.08,0
IPO054,20161110,159.76,159.76,159.76,159.76,0
IPO054,20161114,157.72,157.72,157.72,157.72,0
IPO054,20161115,158.40,158.40,158.40,158.40,0
IPO054,20161116,158.67,158.67,158.67,158.67,0
IPO054,20161117,157.34,157.34,157.34,157.34,0
IPO054,20161118,156.50,156.50,156.50,156.50,0
IPO054,20161121,157.99,157.99,157.99,157.99,0
IPO054,20161122,160.43,160.43,160.43,160.43,0
IPO054,20161123,162.22,162.22,162.22,162.22,0
IPO054,20161124,163.44,163.44,163.44,163.44,0
IPO054,20161125,162.83,162.83,162.83,162.83,0
IPO054,20161128,162.89,162.89,162.89,162.89,0
IPO054,20161129,161.74,161.74,161.74,161.74,0
IPO054,20161130,163.12,163.12,163.12,163.12,0
IPO054,20161201,163.64,163.64,163.64,163.64,0
IPO054,20161202,164.57,164.57,164.57,164.57,0
IPO054,20161205,166.25,166.25,166.25,166.25,0
IPO054,20161206,167.19,167.19,167.19,167.19,0
IPO054,20161207,165.66,165.66,165.66,165.66,0
IPO054,20161208,167.97,167.97,167.97,167.97,0
IPO054,20161209,167.05,167.05,167.05,167.05,0
IPO054,20161212,167.35,167.35,167.35,167.35,0
IPO054,20161213,168.38,168.38,168.38,168.38,0
IPO054,20161214,167.62,167.62,167.62,167.62,0
IPO054,20161215,166.50,166.50,166.50,166.50,0
IPO054,20161216,167.63,167.63,167.63,167.63,0
IPO054,20161219,166.41,166.41,166.41,166.41,0
IPO054,20161220,167.41,167.41,167.41,167.41,0
IPO054,20161221,166.81,166.81,166.81,166.81,0
IPO054,20161222,166.05,166.05,166.05,166.05,0
IPO054,20161223,166.36,166.36,166.36,166.36,0
IPO054,20161227,166.73,166.73,166.73,166.73,0
IPO054,20161228,167.09,167.09,167.09,167.09,0
IPO054,20161229,168.19,168.19,168.19,168.19,0
IPO054,20161230,168.27,168.27,168.27,168.27,0
IPO054,20170102,167.63,167.63,167.63,167.63,0
IPO054,20170103,168.21,168.21,168.21,168.21,0
IPO054,20170104,168.87,168.87,168.87,168.87,0
IPO054,20170105,168.58,168.58,168.58,168.58,0
IPO054,20170109,169.89,169.89,169.89,169.89,0
IPO054,20170110,172.26,172.26,172.26,172.26,0
IPO054,20170111,174.79,174.79,174.79,174.79,0
IPO054,20170112,175.42,175.42,175.42,175.42,0
IPO054,20170113,174.84,174.84,174.84,174.84,0
IPO054,20170116,175.23,175.23,175.23,175.23,0
IPO054,20170117,175.39,175.39,175.39,175.39,0
IPO054,20170118,175.54,175.54,175.54,175.54,0
IPO054,20170119,176.42,176.42,176.42,176.42,0
IPO054,20170120,177.09,177.09,177.09,177.09,0
IPO054,20170123,178.04,178.04,178.04,178.04,0
IPO054,20170124,179.89,179.89,179.89,179.89,0
IPO054,20170125,184.30,184.30,184.30,184.30,0
IPO054,20170126,184.77,184.77,184.77,184.77,0
IPO054,20170127,184.86,184.86,184.86,184.86,0
IPO054,20170130,184.11,184.11,184.11,184.11,0
IPO054,20170131,184.69,184.69,184.69,184.69,0
IPO054,20170201,185.14,185.14,185.14,185.14,0
IPO054,20170202,184.00,184.00,184.00,184.00,0
IPO054,20170203,183.13,183.13,183.13,183.13,0
IPO054,20170206,182.98,182.98,182.98,182.98,0
IPO054,20170207,183.35,183.35,183.35,183.35,0
IPO054,20170208,184.37,184.37,184.37,184.37,0
IPO054,20170209,188.07,188.07,188.07,188.07,0
IPO054,20170210,190.51,190.51,190.51,190.51,0
IPO054,20170213,190.89,190.89,190.89,190.89,0
IPO054,20170214,190.50,190.50,190.50,190.50,0
IPO054,20170215,190.31,190.31,190.31,190.31,0
IPO054,20170216,191.88,191.88,191.88,191.88,0
IPO054,20170217,190.06,190.06,190.06,190.06,0
IPO054,20170220,190.42,190.42,190.42,190.42,0
IPO054,20170221,193.61,193.61,193.61,193.61,0
IPO054,20170222,194.19,194.19,194.19,194.19,0
IPO054,20170223,194.41,194.41,194.41,194.41,0
IPO054,20170224,192.49,192.49,192.49,192.49,0
IPO054,20170227,192.83,192.83,192.83,192.83,0
IPO054,20170228,191.75,191.75,191.75,191.75,0
IPO054,20170301,194.68,194.68,194.68,194.68,0
IPO054,20170302,195.19,195.19,195.19,195.19,0
IPO054,20170303,193.91,193.91,193.91,193.91,0
IPO054,20170306,192.59,192.59,192.59,192.59,0
IPO054,20170307,191.24,191.24,191.24,191.24,0
IPO054,20170308,189.58,189.58,189.58,189.58,0
IPO054,20170309,187.72,187.72,187.72,187.72,0
IPO054,20170310,188.97,188.97,188.97,188.97,0
IPO054,20170313,191.67,191.67,191.67,191.67,0
IPO054,20170314,192.32,192.32,192.32,192.32,0
IPO054,20170315,191.80,191.80,191.80,191.80,0
IPO054,20170316,194.14,194.14,194.14,194.14,0
IPO054,20170317,193.69,193.69,193.69,193.69,0
IPO054,20170320,193.42,193.42,193.42,193.42,0
IPO054,20170321,191.04,191.04,191.04,191.04,0
IPO054,20170322,188.76,188.76,188.76,188.76,0
IPO054,20170323,190.19,190.19,190.19,190.19,0
IPO054,20170324,189.78,189.78,189.78,189.78,0
IPO054,20170327,187.71,187.71,187.71,187.71,0
IPO054,20170328,189.69,189.69,189.69,189.69,0
IPO054,20170329,189.31,189.31,189.31,189.31,0
IPO054,20170330,188.47,188.47,188.47,188.47,0
IPO054,20170331,187.64,187.64,187.64,187.64,0
IPO054,20170403,187.22,187.22,187.22,187.22,0
IPO054,20170404,187.78,187.78,187.78,187.78,0
IPO054,20170405,189.01,189.01,189.01,189.01,0
IPO054,20170406,189.37,189.37,189.37,189.37,0
IPO054,20170407,188.81,188.81,188.81,188.81,0
IPO054,20170410,187.36,187.36,187.36,187.36,0
IPO054,20170411,184.79,184.79,184.79,184.79,0
IPO054,20170412,185.02,185.02,185.02,185.02,0
IPO054,20170413,184.93,184.93,184.93,184.93,0
IPO054,20170418,185.04,185.04,185.04,185.04,0
IPO054,20170419,186.65,186.65,186.65,186.65,0
IPO054,20170420,186.56,186.56,186.56,186.56,0
IPO054,20170421,185.99,185.99,185.99,185.99,0
IPO054,20170424,188.64,188.64,188.64,188.64,0
IPO054,20170425,191.43,191.43,191.43,191.43,0
IPO054,20170426,191.69,191.69,191.69,191.69,0
IPO054,20170427,192.08,192.08,192.08,192.08,0
IPO054,20170428,191.80,191.80,191.80,191.80,0
IPO054,20170502,193.66,193.66,193.66,193.66,0
IPO054,20170504,193.52,193.52,193.52,193.52,0
IPO054,20170505,192.95,192.95,192.95,192.95,0
IPO054,20170508,192.73,192.73,192.73,192.73,0
IPO054,20170509,193.09,193.09,193.09,193.09,0
IPO054,20170510,193.70,193.70,193.70,193.70,0
IPO054,20170511,193.68,193.68,193.68,193.68,0
IPO054,20170512,192.69,192.69,192.69,192.69,0
IPO054,20170515,192.47,192.47,192.47,192.47,0
IPO054,20170516,190.59,190.59,190.59,190.59,0
IPO054,20170517,188.32,188.32,188.32,188.32,0
IPO054,20170518,187.15,187.15,187.15,187.15,0
IPO054,20170519,189.74,189.74,189.74,189.74,0
IPO054,20170522,190.23,190.23,190.23,190.23,0
IPO054,20170523,189.85,189.85,189.85,189.85,0
IPO054,20170524,191.06,191.06,191.06,191.06,0
IPO054,20170525,192.89,192.89,192.89,192.89,0
IPO054,20170526,191.75,191.75,191.75,191.75,0
IPO054,20170529,191.61,191.61,191.61,191.61,0
IPO054,20170530,191.38,191.38,191.38,191.38,0
IPO054,20170531,190.32,190.32,190.32,190.32,0
IPO054,20170601,192.12,192.12,192.12,192.12,0
IPO054,20170602,193.87,193.87,193.87,193.87,0
IPO054,20170605,192.58,192.58,192.58,192.58,0
IPO054,20170606,193.51,193.51,193.51,193.51,0
IPO054,20170607,192.84,192.84,192.84,192.84,0
IPO054,20170608,193.15,193.15,193.15,193.15,0
IPO054,20170609,193.39,193.39,193.39,193.39,0
IPO054,20170612,191.29,191.29,191.29,191.29,0
IPO054,20170613,191.57,191.57,191.57,191.57,0
IPO054,20170614,191.39,191.39,191.39,191.39,0
IPO054,20170616,190.53,190.53,190.53,190.53,0
IPO054,20170619,191.65,191.65,191.65,191.65,0
IPO054,20170620,192.57,192.57,192.57,192.57,0
IPO054,20170621,193.17,193.17,193.17,193.17,0
IPO054,20170622,193.16,193.16,193.16,193.16,0
IPO054,20170623,193.91,193.91,193.91,193.91,0
IPO054,20170626,195.51,195.51,195.51,195.51,0
IPO054,20170627,196.58,196.58,196.58,196.58,0
IPO054,20170628,194.07,194.07,194.07,194.07,0
IPO054,20170629,194.44,194.44,194.44,194.44,0
IPO054,20170630,194.80,194.80,194.80,194.80,0
IPO054,20170703,194.38,194.38,194.38,194.38,0
IPO054,20170704,192.58,192.58,192.58,192.58,0
IPO054,20170705,192.60,192.60,192.60,192.60,0
IPO054,20170706,192.94,192.94,192.94,192.94,0
IPO054,20170707,191.98,191.98,191.98,191.98,0
IPO054,20170710,192.40,192.40,192.40,192.40,0
IPO054,20170711,191.84,191.84,191.84,191.84,0
IPO054,20170712,193.68,193.68,193.68,193.68,0
IPO054,20170713,194.53,194.53,194.53,194.53,0
IPO054,20170714,195.74,195.74,195.74,195.74,0
IPO054,20170717,196.48,196.48,196.48,196.48,0
IPO054,20170718,195.83,195.83,195.83,195.83,0
IPO054,20170719,195.28,195.28,195.28,195.28,0
IPO054,20170720,195.32,195.32,195.32,195.32,0
IPO054,20170721,195.20,195.20,195.20,195.20,0
IPO054,20170724,195.19,195.19,195.19,195.19,0
IPO054,20170725,195.68,195.68,195.68,195.68,0
IPO054,20170726,196.40,196.40,196.40,196.40,0
IPO054,20170727,196.12,196.12,196.12,196.12,0
IPO054,20170728,196.41,196.41,196.41,196.41,0
IPO054,20170731,196.26,196.26,196.26,196.26,0
IPO054,20170801,196.29,196.29,196.29,196.29,0
IPO054,20170802,196.09,196.09,196.09,196.09,0
IPO054,20170803,194.11,194.11,194.11,194.11,0
IPO054,20170804,193.91,193.91,193.91,193.91,0
IPO054,20170807,194.71,194.71,194.71,194.71,0
IPO054,20170808,195.29,195.29,195.29,195.29,0
IPO054,20170809,193.82,193.82,193.82,193.82,0
IPO054,20170810,193.03,193.03,193.03,193.03,0
IPO054,20170811,192.29,192.29,192.29,192.29,0
IPO054,20170814,192.59,192.59,192.59,192.59,0
IPO054,20170816,193.60,193.60,193.60,193.60,0
IPO054,20170817,193.55,193.55,193.55,193.55,0
IPO054,20170818,193.52,193.52,193.52,193.52,0
IPO054,20170821,194.36,194.36,194.36,194.36,0
IPO054,20170822,194.40,194.40,194.40,194.40,0
IPO054,20170823,194.12,194.12,194.12,194.12,0
IPO054,20170824,194.76,194.76,194.76,194.76,0
IPO054,20170825,194.64,194.64,194.64,194.64,0
IPO054,20170828,195.06,195.06,195.06,195.06,0
IPO054,20170829,192.85,192.85,192.85,192.85,0
IPO054,20170830,193.75,193.75,193.75,193.75,0
IPO054,20170831,195.74,195.74,195.74,195.74,0
IPO054,20170901,195.83,195.83,195.83,195.83,0
IPO054,20170904,195.81,195.81,195.81,195.81,0
IPO054,20170905,195.80,195.80,195.80,195.80,0
IPO054,20170906,194.02,194.02,194.02,194.02,0
IPO054,20170907,194.16,194.16,194.16,194.16,0
IPO054,20170908,195.02,195.02,195.02,195.02,0
IPO054,20170911,195.33,195.33,195.33,195.33,0
IPO054,20170912,196.53,196.53,196.53,196.53,0
IPO054,20170913,196.76,196.76,196.76,196.76,0
IPO054,20170914,195.69,195.69,195.69,195.69,0
IPO054,20170915,194.75,194.75,194.75,194.75,0
IPO054,20170918,195.19,195.19,195.19,195.19,0
IPO054,20170919,195.77,195.77,195.77,195.77,0
IPO054,20170920,196.62,196.62,196.62,196.62,0
