Name,Date,Open,High,Low,Close,Volume
IPO063,20111206,100.19,100.19,100.19,100.19,0
IPO063,20111207,100.20,100.20,100.20,100.20,0
IPO063,20111208,100.23,100.23,100.23,100.23,0
IPO063,20111209,100.42,100.42,100.42,100.42,0
IPO063,20111212,100.37,100.37,100.37,100.37,0
IPO063,20111213,100.44,100.44,100.44,100.44,0
IPO063,20111214,100.14,100.14,100.14,100.14,0
IPO063,20111215,100.29,100.29,100.29,100.29,0
IPO063,20111216,99.30,99.30,99.30,99.30,0
IPO063,20111219,98.17,98.17,98.17,98.17,0
IPO063,20111220,99.89,99.89,99.89,99.89,0
IPO063,20111221,100.28,100.28,100.28,100.28,0
IPO063,20111222,100.10,100.10,100.10,100.10,0
IPO063,20111223,100.58,100.58,100.58,100.58,0
IPO063,20111227,100.42,100.42,100.42,100.42,0
IPO063,20111228,100.11,100.11,100.11,100.11,0
IPO063,20111229,100.08,100.08,100.08,100.08,0
IPO063,20111230,100.08,100.08,100.08,100.08,0
IPO063,20120102,100.67,100.67,100.67,100.67,0
IPO063,20120103,100.71,100.71,100.71,100.71,0
IPO063,20120104,100.24,100.24,100.24,100.24,0
IPO063,20120105,100.35,100.35,100.35,100.35,0
IPO063,20120109,100.11,100.11,100.11,100.11,0
IPO063,20120110,100.26,100.26,100.26,100.26,0
IPO063,20120111,100.11,100.11,100.11,100.11,0
IPO063,20120112,100.38,100.38,100.38,100.38,0
IPO063,20120113,100.55,100.55,100.55,100.55,0
IPO063,20120116,100.89,100.89,100.89,100.89,0
IPO063,20120117,101.62,101.62,101.62,101.62,0
IPO063,20120118,101.73,101.73,101.73,101.73,0
IPO063,20120119,101.85,101.85,101.85,101.85,0
IPO063,20120120,101.97,101.97,101.97,101.97,0
IPO063,20120123,101.65,101.65,101.65,101.65,0
IPO063,20120124,101.83,101.83,101.83,101.83,0
IPO063,20120125,102.05,102.05,102.05,102.05,0
IPO063,20120126,102.55,102.55,102.55,102.55,0
IPO063,20120127,102.76,102.76,102.76,102.76,0
IPO063,20120130,102.82,102.82,102.82,102.82,0
IPO063,20120131,102.74,102.74,102.74,102.74,0
IPO063,20120201,102.91,102.91,102.91,102.91,0
IPO063,20120202,102.94,102.94,102.94,102.94,0
IPO063,20120203,102.92,102.92,102.92,102.92,0
IPO063,20120206,103.32,103.32,103.32,103.32,0
IPO063,20120207,103.49,103.49,103.49,103.49,0
IPO063,20120208,103.83,103.83,103.83,103.83,0
IPO063,20120209,103.72,103.72,103.72,103.72,0
IPO063,20120210,103.98,103.98,103.98,103.98,0
IPO063,20120213,103.89,103.89,103.89,103.89,0
IPO063,20120214,104.18,104.18,104.18,104.18,0
IPO063,20120215,104.63,104.63,104.63,104.63,0
IPO063,20120216,104.68,104.68,104.68,104.68,0
IPO063,20120217,104.92,104.92,104.92,104.92,0
IPO063,20120220,105.15,105.15,105.15,105.15,0
IPO063,20120221,105.08,105.08,105.08,105.08,0
IPO063,20120222,105.20,105.20,105.20,105.20,0
IPO063,20120223,105.29,105.29,105.29,105.29,0
IPO063,20120224,105.93,105.93,105.93,105.93,0
IPO063,20120227,106.16,106.16,106.16,106.16,0
IPO063,20120228,106.18,106.18,106.18,106.18,0
IPO063,20120229,106.79,106.79,106.79,106.79,0
IPO063,20120301,106.63,106.63,106.63,106.63,0
IPO063,20120302,106.10,106.10,106.10,106.10,0
IPO063,20120305,106.47,106.47,106.47,106.47,0
IPO063,20120306,106.25,106.25,106.25,106.25,0
IPO063,20120307,106.22,106.22,106.22,106.22,0
IPO063,20120308,106.15,106.15,106.15,106.15,0
IPO063,20120309,106.61,106.61,106.61,106.61,0
IPO063,20120312,106.63,106.63,106.63,106.63,0
IPO063,20120313,106.67,106.67,106.67,106.67,0
IPO063,20120314,106.85,106.85,106.85,106.85,0
IPO063,20120315,106.81,106.81,106.81,106.81,0
IPO063,20120316,106.87,106.87,106.87,106.87,0
IPO063,20120319,106.66,106.66,106.66,106.66,0
IPO063,20120320,106.53,106.53,106.53,106.53,0
IPO063,20120321,106.43,106.43,106.43,106.43,0
IPO063,20120322,105.98,105.98,105.98,105.98,0
IPO063,20120323,106.17,106.17,106.17,106.17,0
IPO063,20120326,106.39,106.39,106.39,106.39,0
IPO063,20120327,107.14,107.14,107.14,107.14,0
IPO063,20120328,107.49,107.49,107.49,107.49,0
IPO063,20120329,106.86,106.86,106.86,106.86,0
IPO063,20120330,107.06,107.06,107.06,107.06,0
IPO063,20120402,106.95,106.95,106.95,106.95,0
IPO063,20120403,106.58,106.58,106.58,106.58,0
IPO063,20120404,105.79,105.79,105.79,105.79,0
IPO063,20120405,105.82,105.82,105.82,105.82,0
IPO063,20120410,104.88,104.88,104.88,104.88,0
IPO063,20120411,105.61,105.61,105.61,105.61,0
IPO063,20120412,106.36,106.36,106.36,106.36,0
IPO063,20120413,105.82,105.82,105.82,105.82,0
IPO063,20120416,105.53,105.53,105.53,105.53,0
IPO063,20120417,105.75,105.75,105.75,105.75,0
IPO063,20120418,104.97,104.97,104.97,104.97,0
IPO063,20120419,104.80,104.80,104.80,104.80,0
IPO063,20120420,104.18,104.18,104.18,104.18,0
IPO063,20120423,102.74,102.74,102.74,102.74,0
IPO063,20120424,102.84,102.84,102.84,102.84,0
IPO063,20120425,102.80,102.80,102.80,102.80,0
IPO063,20120426,103.41,103.41,103.41,103.41,0
IPO063,20120427,103.98,103.98,103.98,103.98,0
IPO063,20120430,104.88,104.88,104.88,104.88,0
IPO063,20120502,105.04,105.04,105.04,105.04,0
IPO063,20120504,105.06,105.06,105.06,105.06,0
IPO063,20120507,104.61,104.61,104.61,104.61,0
IPO063,20120508,105.17,105.17,105.17,105.17,0
IPO063,20120509,105.10,105.10,105.10,105.10,0
IPO063,20120510,105.29,105.29,105.29,105.29,0
IPO063,20120511,105.15,105.15,105.15,105.15,0
IPO063,20120514,105.22,105.22,105.22,105.22,0
IPO063,20120515,105.01,105.01,105.01,105.01,0
IPO063,20120516,104.56,104.56,104.56,104.56,0
IPO063,20120517,102.67,102.67,102.67,102.67,0
IPO063,20120518,103.21,103.21,103.21,103.21,0
IPO063,20120521,104.46,104.46,104.46,104.46,0
IPO063,20120522,104.05,104.05,104.05,104.05,0
IPO063,20120523,102.11,102.11,102.11,102.11,0
IPO063,20120524,102.10,102.10,102.10,102.10,0
IPO063,20120525,102.16,102.16,102.16,102.16,0
IPO063,20120528,102.91,102.91,102.91,102.91,0
IPO063,20120529,103.75,103.75,103.75,103.75,0
IPO063,20120530,103.30,103.30,103.30,103.30,0
IPO063,20120531,103.16,103.16,103.16,103.16,0
IPO063,20120601,103.18,103.18,103.18,103.18,0
IPO063,20120604,102.64,102.64,102.64,102.64,0
IPO063,20120605,102.88,102.88,102.88,102.88,0
IPO063,20120606,102.86,102.86,102.86,102.86,0
IPO063,20120608,102.12,102.12,102.12,102.12,0
IPO063,20120611,102.58,102.58,102.58,102.58,0
IPO063,20120612,101.89,101.89,101.89,101.89,0
IPO063,20120613,101.54,101.54,101.54,101.54,0
IPO063,20120614,101.44,101.44,101.44,101.44,0
IPO063,20120615,101.08,101.08,101.08,101.08,0
IPO063,20120618,101.45,101.45,101.45,101.45,0
IPO063,20120619,101.55,101.55,101.55,101.55,0
IPO063,20120620,101.55,101.55,101.55,101.55,0
IPO063,20120621,101.72,101.72,101.72,101.72,0
IPO063,20120622,101.75,101.75,101.75,101.75,0
IPO063,20120625,101.76,101.76,101.76,101.76,0
IPO063,20120626,101.76,101.76,101.76,101.76,0
IPO063,20120627,101.78,101.78,101.78,101.78,0
IPO063,20120628,101.83,101.83,101.83,101.83,0
IPO063,20120629,101.93,101.93,101.93,101.93,0
IPO063,20120702,101.94,101.94,101.94,101.94,0
IPO063,20120703,101.98,101.98,101.98,101.98,0
IPO063,20120704,102.18,102.18,102.18,102.18,0
IPO063,20120705,102.25,102.25,102.25,102.25,0
IPO063,20120706,102.38,102.38,102.38,102.38,0
IPO063,20120709,102.41,102.41,102.41,102.41,0
IPO063,20120710,102.42,102.42,102.42,102.42,0
IPO063,20120711,102.43,102.43,102.43,102.43,0
IPO063,20120712,102.62,102.62,102.62,102.62,0
IPO063,20120713,103.52,103.52,103.52,103.52,0
IPO063,20120716,103.52,103.52,103.52,103.52,0
IPO063,20120717,103.60,103.60,103.60,103.60,0
IPO063,20120718,103.92,103.92,103.92,103.92,0
IPO063,20120719,103.85,103.85,103.85,103.85,0
IPO063,20120720,103.88,103.88,103.88,103.88,0
IPO063,20120723,103.85,103.85,103.85,103.85,0
IPO063,20120724,104.03,104.03,104.03,104.03,0
IPO063,20120725,104.06,104.06,104.06,104.06,0
IPO063,20120726,104.26,104.26,104.26,104.26,0
IPO063,20120727,104.34,104.34,104.34,104.34,0
IPO063,20120730,104.24,104.24,104.24,104.24,0
IPO063,20120731,104.52,104.52,104.52,104.52,0
IPO063,20120801,104.62,104.62,104.62,104.62,0
IPO063,20120802,104.47,104.47,104.47,104.47,0
IPO063,20120803,102.72,102.72,102.72,102.72,0
IPO063,20120806,102.39,102.39,102.39,102.39,0
IPO063,20120807,100.81,100.81,100.81,100.81,0
IPO063,20120808,101.43,101.43,101.43,101.43,0
IPO063,20120809,101.62,101.62,101.62,101.62,0
IPO063,20120810,101.54,101.54,101.54,101.54,0
IPO063,20120813,101.32,101.32,101.32,101.32,0
IPO063,20120814,101.35,101.35,101.35,101.35,0
IPO063,20120816,101.19,101.19,101.19,101.19,0
IPO063,20120817,101.09,101.09,101.09,101.09,0
IPO063,20120820,101.00,101.00,101.00,101.00,0
IPO063,20120821,100.96,100.96,100.96,100.96,0
IPO063,20120822,100.94,100.94,100.94,100.94,0
IPO063,20120823,100.74,100.74,100.74,100.74,0
IPO063,20120824,100.75,100.75,100.75,100.75,0
IPO063,20120827,100.83,100.83,100.83,100.83,0
IPO063,20120828,100.72,100.72,100.72,100.72,0
IPO063,20120829,100.57,100.57,100.57,100.57,0
IPO063,20120830,100.52,100.52,100.52,100.52,0
IPO063,20120831,100.72,100.72,100.72,100.72,0
IPO063,20120903,100.59,100.59,100.59,100.59,0
IPO063,20120904,100.34,100.34,100.34,100.34,0
IPO063,20120905,100.39,100.39,100.39,100.39,0
IPO063,20120906,100.22,100.22,100.22,100.22,0
IPO063,20120907,100.31,100.31,100.31,100.31,0
IPO063,20120910,100.44,100.44,100.44,100.44,0
IPO063,20120911,100.63,100.63,100.63,100.63,0
IPO063,20120912,101.02,101.02,101.02,101.02,0
IPO063,20120913,100.92,100.92,100.92,100.92,0
IPO063,20120914,101.45,101.45,101.45,101.45,0
IPO063,20120917,101.55,101.55,101.55,101.55,0
IPO063,20120918,101.59,101.59,101.59,101.59,0
IPO063,20120919,101.68,101.68,101.68,101.68,0
IPO063,20120920,101.62,101.62,101.62,101.62,0
IPO063,20120921,101.56,101.56,101.56,101.56,0
IPO063,20120924,101.65,101.65,101.65,101.65,0
IPO063,20120925,101.59,101.59,101.59,101.59,0
IPO063,20120926,101.79,101.79,101.79,101.79,0
IPO063,20120927,101.94,101.94,101.94,101.94,0
IPO063,20120928,101.98,101.98,101.98,101.98,0
IPO063,20121001,101.90,101.90,101.90,101.90,0
IPO063,20121002,101.95,101.95,101.95,101.95,0
IPO063,20121003,101.97,101.97,101.97,101.97,0
IPO063,20121004,102.31,102.31,102.31,102.31,0
IPO063,20121005,102.30,102.30,102.30,102.30,0
IPO063,20121008,102.39,102.39,102.39,102.39,0
IPO063,20121009,102.49,102.49,102.49,102.49,0
IPO063,20121010,102.47,102.47,102.47,102.47,0
IPO063,20121011,102.53,102.53,102.53,102.53,0
IPO063,20121012,102.49,102.49,102.49,102.49,0
IPO063,20121015,102.45,102.45,102.45,102.45,0
IPO063,20121016,102.54,102.54,102.54,102.54,0
IPO063,20121017,102.63,102.63,102.63,102.63,0
IPO063,20121018,102.72,102.72,102.72,102.72,0
IPO063,20121019,102.92,102.92,102.92,102.92,0
IPO063,20121022,103.15,103.15,103.15,103.15,0
IPO063,20121023,103.38,103.38,103.38,103.38,0
IPO063,20121024,103.32,103.32,103.32,103.32,0
IPO063,20121025,103.40,103.40,103.40,103.40,0
IPO063,20121026,103.57,103.57,103.57,103.57,0
IPO063,20121029,103.68,103.68,103.68,103.68,0
IPO063,20121030,103.97,103.97,103.97,103.97,0
IPO063,20121031,104.10,104.10,104.10,104.10,0
IPO063,20121102,104.08,104.08,104.08,104.08,0
IPO063,20121105,104.12,104.12,104.12,104.12,0
IPO063,20121106,104.26,104.26,104.26,104.26,0
IPO063,20121107,104.89,104.89,104.89,104.89,0
IPO063,20121108,104.81,104.81,104.81,104.81,0
IPO063,20121109,104.68,104.68,104.68,104.68,0
IPO063,20121112,105.02,105.02,105.02,105.02,0
IPO063,20121113,105.17,105.17,105.17,105.17,0
IPO063,20121114,105.28,105.28,105.28,105.28,0
IPO063,20121115,105.22,105.22,105.22,105.22,0
IPO063,20121116,105.15,105.15,105.15,105.15,0
IPO063,20121119,106.06,106.06,106.06,106.06,0
IPO063,20121120,106.46,106.46,106.46,106.46,0
IPO063,20121121,106.61,106.61,106.61,106.61,0
IPO063,20121122,106.80,106.80,106.80,106.80,0
IPO063,20121123,106.74,106.74,106.74,106.74,0
IPO063,20121126,106.96,106.96,106.96,106.96,0
IPO063,20121127,107.12,107.12,107.12,107.12,0
IPO063,20121128,107.30,107.30,107.30,107.30,0
IPO063,20121129,107.19,107.19,107.19,107.19,0
IPO063,20121130,107.28,107.28,107.28,107.28,0
IPO063,20121203,107.43,107.43,107.43,107.43,0
IPO063,20121204,107.29,107.29,107.29,107.29,0
IPO063,20121205,107.53,107.53,107.53,107.53,0
IPO063,20121206,107.50,107.50,107.50,107.50,0
IPO063,20121207,107.51,107.51,107.51,107.51,0
IPO063,20121210,107.42,107.42,107.42,107.42,0
IPO063,20121211,107.44,107.44,107.44,107.44,0
IPO063,20121212,107.40,107.40,107.40,107.40,0
IPO063,20121213,107.53,107.53,107.53,107.53,0
IPO063,20121214,107.46,107.46,107.46,107.46,0
IPO063,20121217,107.68,107.68,107.68,107.68,0
IPO063,20121218,107.55,107.55,107.55,107.55,0
IPO063,20121219,107.91,107.91,107.91,107.91,0
IPO063,20121220,108.20,108.20,108.20,108.20,0
IPO063,20121221,108.38,108.38,108.38,108.38,0
IPO063,20121227,108.18,108.18,108.18,108.18,0
IPO063,20121228,108.28,108.28,108.28,108.28,0
IPO063,20130102,108.34,108.34,108.34,108.34,0
IPO063,20130103,108.29,108.29,108.29,108.29,0
IPO063,20130104,108.32,108.32,108.32,108.32,0
IPO063,20130107,108.37,108.37,108.37,108.37,0
IPO063,20130108,108.39,108.39,108.39,108.39,0
IPO063,20130109,109.00,109.00,109.00,109.00,0
IPO063,20130110,109.35,109.35,109.35,109.35,0
IPO063,20130111,110.03,110.03,110.03,110.03,0
IPO063,20130114,110.05,110.05,110.05,110.05,0
IPO063,20130115,110.32,110.32,110.32,110.32,0
IPO063,20130116,110.48,110.48,110.48,110.48,0
IPO063,20130117,111.47,111.47,111.47,111.47,0
IPO063,20130118,111.91,111.91,111.91,111.91,0
IPO063,20130121,112.09,112.09,112.09,112.09,0
IPO063,20130122,112.23,112.23,112.23,112.23,0
IPO063,20130123,112.22,112.22,112.22,112.22,0
IPO063,20130124,112.19,112.19,112.19,112.19,0
IPO063,20130125,112.04,112.04,112.04,112.04,0
IPO063,20130128,112.05,112.05,112.05,112.05,0
IPO063,20130129,112.09,112.09,112.09,112.09,0
IPO063,20130130,112.06,112.06,112.06,112.06,0
IPO063,20130131,112.35,112.35,112.35,112.35,0
IPO063,20130201,113.41,113.41,113.41,113.41,0
IPO063,20130204,113.90,113.90,113.90,113.90,0
IPO063,20130205,113.86,113.86,113.86,113.86,0
IPO063,20130206,113.62,113.62,113.62,113.62,0
IPO063,20130207,113.62,113.62,113.62,113.62,0
IPO063,20130208,113.55,113.55,113.55,113.55,0
IPO063,20130211,113.69,113.69,113.69,113.69,0
IPO063,20130212,113.72,113.72,113.72,113.72,0
IPO063,20130213,113.64,113.64,113.64,113.64,0
IPO063,20130214,113.50,113.50,113.50,113.50,0
IPO063,20130215,113.77,113.77,113.77,113.77,0
IPO063,20130218,113.79,113.79,113.79,113.79,0
IPO063,20130219,113.99,113.99,113.99,113.99,0
IPO063,20130221,113.99,113.99,113.99,113.99,0
IPO063,20130222,114.03,114.03,114.03,114.03,0
IPO063,20130225,114.72,114.72,114.72,114.72,0
IPO063,20130226,114.78,114.78,114.78,114.78,0
IPO063,20130227,114.86,114.86,114.86,114.86,0
IPO063,20130228,114.83,114.83,114.83,114.83,0
IPO063,20130301,115.11,115.11,115.11,115.11,0
IPO063,20130304,114.92,114.92,114.92,114.92,0
IPO063,20130305,114.99,114.99,114.99,114.99,0
IPO063,20130306,115.54,115.54,115.54,115.54,0
IPO063,20130307,115.55,115.55,115.55,115.55,0
IPO063,20130308,115.58,115.58,115.58,115.58,0
IPO063,20130311,116.02,116.02,116.02,116.02,0
IPO063,20130312,116.14,116.14,116.14,116.14,0
IPO063,20130313,116.26,116.26,116.26,116.26,0
IPO063,20130314,116.66,116.66,116.66,116.66,0
IPO063,20130315,116.54,116.54,116.54,116.54,0
IPO063,20130318,116.18,116.18,116.18,116.18,0
IPO063,20130319,115.98,115.98,115.98,115.98,0
IPO063,20130320,116.23,116.23,116.23,116.23,0
IPO063,20130321,116.07,116.07,116.07,116.07,0
IPO063,20130322,115.84,115.84,115.84,115.84,0
IPO063,20130325,115.38,115.38,115.38,115.38,0
IPO063,20130326,115.61,115.61,115.61,115.61,0
IPO063,20130327,115.68,115.68,115.68,115.68,0
IPO063,20130328,116.00,116.00,116.00,116.00,0
IPO063,20130402,116.20,116.20,116.20,116.20,0
IPO063,20130403,115.43,115.43,115.43,115.43,0
IPO063,20130404,115.49,115.49,115.49,115.49,0
IPO063,20130405,115.04,115.04,115.04,115.04,0
IPO063,20130408,115.00,115.00,115.00,115.00,0
IPO063,20130409,114.95,114.95,114.95,114.95,0
IPO063,20130410,115.56,115.56,115.56,115.56,0
IPO063,20130411,116.18,116.18,116.18,116.18,0
IPO063,20130412,115.97,115.97,115.97,115.97,0
IPO063,20130415,115.74,115.74,115.74,115.74,0
IPO063,20130417,115.53,115.53,115.53,115.53,0
IPO063,20130418,115.44,115.44,115.44,115.44,0
IPO063,20130419,115.41,115.41,115.41,115.41,0
IPO063,20130422,115.26,115.26,115.26,115.26,0
IPO063,20130423,115.15,115.15,115.15,115.15,0
IPO063,20130424,115.60,115.60,115.60,115.60,0
IPO063,20130425,115.74,115.74,115.74,115.74,0
IPO063,20130426,115.98,115.98,115.98,115.98,0
IPO063,20130429,115.98,115.98,115.98,115.98,0
IPO063,20130430,116.18,116.18,116.18,116.18,0
IPO063,20130502,116.12,116.12,116.12,116.12,0
IPO063,20130506,116.69,116.69,116.69,116.69,0
IPO063,20130507,116.79,116.79,116.79,116.79,0
IPO063,20130508,116.88,116.88,116.88,116.88,0
IPO063,20130509,116.84,116.84,116.84,116.84,0
IPO063,20130510,116.75,116.75,116.75,116.75,0
IPO063,20130513,116.72,116.72,116.72,116.72,0
IPO063,20130514,116.79,116.79,116.79,116.79,0
IPO063,20130515,116.88,116.88,116.88,116.88,0
IPO063,20130516,116.90,116.90,116.90,116.90,0
IPO063,20130517,116.94,116.94,116.94,116.94,0
IPO063,20130520,116.88,116.88,116.88,116.88,0
IPO063,20130521,116.88,116.88,116.88,116.88,0
IPO063,20130522,116.75,116.75,116.75,116.75,0
IPO063,20130523,116.95,116.95,116.95,116.95,0
IPO063,20130524,117.09,117.09,117.09,117.09,0
IPO063,20130527,117.21,117.21,117.21,117.21,0
IPO063,20130528,117.29,117.29,117.29,117.29,0
IPO063,20130529,117.29,117.29,117.29,117.29,0
IPO063,20130531,117.34,117.34,117.34,117.34,0
IPO063,20130603,117.52,117.52,117.52,117.52,0
IPO063,20130604,117.66,117.66,117.66,117.66,0
IPO063,20130605,117.68,117.68,117.68,117.68,0
IPO063,20130606,117.68,117.68,117.68,117.68,0
IPO063,20130607,117.80,117.80,117.80,117.80,0
IPO063,20130610,117.75,117.75,117.75,117.75,0
IPO063,20130611,117.69,117.69,117.69,117.69,0
IPO063,20130612,117.75,117.75,117.75,117.75,0
IPO063,20130613,117.96,117.96,117.96,117.96,0
IPO063,20130614,118.49,118.49,118.49,118.49,0
IPO063,20130617,118.36,118.36,118.36,118.36,0
IPO063,20130618,118.42,118.42,118.42,118.42,0
IPO063,20130619,118.28,118.28,118.28,118.28,0
IPO063,20130620,117.92,117.92,117.92,117.92,0
IPO063,20130621,117.15,117.15,117.15,117.15,0
IPO063,20130624,117.06,117.06,117.06,117.06,0
IPO063,20130625,117.72,117.72,117.72,117.72,0
IPO063,20130626,117.21,117.21,117.21,117.21,0
IPO063,20130627,116.08,116.08,116.08,116.08,0
IPO063,20130628,117.42,117.42,117.42,117.42,0
IPO063,20130701,117.43,117.43,117.43,117.43,0
IPO063,20130702,117.97,117.97,117.97,117.97,0
IPO063,20130703,118.01,118.01,118.01,118.01,0
IPO063,20130704,118.11,118.11,118.11,118.11,0
IPO063,20130705,118.12,118.12,118.12,118.12,0
IPO063,20130708,118.10,118.10,118.10,118.10,0
IPO063,20130709,118.14,118.14,118.14,118.14,0
IPO063,20130710,118.16,118.16,118.16,118.16,0
IPO063,20130711,118.16,118.16,118.16,118.16,0
IPO063,20130712,118.16,118.16,118.16,118.16,0
IPO063,20130715,118.16,118.16,118.16,118.16,0
IPO063,20130716,118.15,118.15,118.15,118.15,0
IPO063,20130717,118.14,118.14,118.14,118.14,0
IPO063,20130718,118.15,118.15,118.15,118.15,0
IPO063,20130719,118.15,118.15,118.15,118.15,0
IPO063,20130722,118.15,118.15,118.15,118.15,0
IPO063,20130723,118.16,118.16,118.16,118.16,0
IPO063,20130724,118.21,118.21,118.21,118.21,0
IPO063,20130725,118.55,118.55,118.55,118.55,0
IPO063,20130726,118.57,118.57,118.57,118.57,0
IPO063,20130729,118.68,118.68,118.68,118.68,0
IPO063,20130730,118.77,118.77,118.77,118.77,0
IPO063,20130731,118.88,118.88,118.88,118.88,0
IPO063,20130801,118.76,118.76,118.76,118.76,0
IPO063,20130802,118.89,118.89,118.89,118.89,0
IPO063,20130805,118.89,118.89,118.89,118.89,0
IPO063,20130806,119.05,119.05,119.05,119.05,0
IPO063,20130807,119.08,119.08,119.08,119.08,0
IPO063,20130808,119.17,119.17,119.17,119.17,0
IPO063,20130809,119.15,119.15,119.15,119.15,0
IPO063,20130812,119.12,119.12,119.12,119.12,0
IPO063,20130813,119.11,119.11,119.11,119.11,0
IPO063,20130814,119.14,119.14,119.14,119.14,0
IPO063,20130816,119.06,119.06,119.06,119.06,0
IPO063,20130819,118.94,118.94,118.94,118.94,0
IPO063,20130820,119.12,119.12,119.12,119.12,0
IPO063,20130821,119.13,119.13,119.13,119.13,0
IPO063,20130822,119.02,119.02,119.02,119.02,0
IPO063,20130823,119.24,119.24,119.24,119.24,0
IPO063,20130826,119.52,119.52,119.52,119.52,0
IPO063,20130827,119.55,119.55,119.55,119.55,0
IPO063,20130828,119.63,119.63,119.63,119.63,0
IPO063,20130829,119.66,119.66,119.66,119.66,0
IPO063,20130830,119.84,119.84,119.84,119.84,0
IPO063,20130902,119.78,119.78,119.78,119.78,0
IPO063,20130903,119.52,119.52,119.52,119.52,0
IPO063,20130904,119.58,119.58,119.58,119.58,0
IPO063,20130905,118.68,118.68,118.68,118.68,0
IPO063,20130906,119.35,119.35,119.35,119.35,0
IPO063,20130909,119.92,119.92,119.92,119.92,0
IPO063,20130910,120.26,120.26,120.26,120.26,0
IPO063,20130911,120.60,120.60,120.60,120.60,0
IPO063,20130912,120.57,120.57,120.57,120.57,0
IPO063,20130913,120.64,120.64,120.64,120.64,0
IPO063,20130916,120.66,120.66,120.66,120.66,0
IPO063,20130917,120.86,120.86,120.86,120.86,0
IPO063,20130918,120.94,120.94,120.94,120.94,0
IPO063,20130919,121.50,121.50,121.50,121.50,0
IPO063,20130920,120.86,120.86,120.86,120.86,0
IPO063,20130923,121.56,121.56,121.56,121.56,0
IPO063,20130924,121.48,121.48,121.48,121.48,0
IPO063,20130925,121.52,121.52,121.52,121.52,0
IPO063,20130926,121.47,121.47,121.47,121.47,0
IPO063,20130927,121.52,121.52,121.52,121.52,0
IPO063,20130930,121.53,121.53,121.53,121.53,0
IPO063,20131001,121.59,121.59,121.59,121.59,0
IPO063,20131002,121.69,121.69,121.69,121.69,0
IPO063,20131003,121.79,121.79,121.79,121.79,0
IPO063,20131004,121.74,121.74,121.74,121.74,0
IPO063,20131007,121.81,121.81,121.81,121.81,0
IPO063,20131008,121.83,121.83,121.83,121.83,0
IPO063,20131009,121.94,121.94,121.94,121.94,0
IPO063,20131010,122.10,122.10,122.10,122.10,0
IPO063,20131011,122.13,122.13,122.13,122.13,0
IPO063,20131014,122.11,122.11,122.11,122.11,0
IPO063,20131015,122.06,122.06,122.06,122.06,0
IPO063,20131016,122.07,122.07,122.07,122.07,0
IPO063,20131017,122.02,122.02,122.02,122.02,0
IPO063,20131018,122.01,122.01,122.01,122.01,0
IPO063,20131021,122.04,122.04,122.04,122.04,0
IPO063,20131022,122.15,122.15,122.15,122.15,0
IPO063,20131023,122.21,122.21,122.21,122.21,0
IPO063,20131024,122.26,122.26,122.26,122.26,0
IPO063,20131025,122.17,122.17,122.17,122.17,0
IPO063,20131028,122.19,122.19,122.19,122.19,0
IPO063,20131029,122.22,122.22,122.22,122.22,0
IPO063,20131030,122.43,122.43,122.43,122.43,0
IPO063,20131031,122.49,122.49,122.49,122.49,0
IPO063,20131104,122.45,122.45,122.45,122.45,0
IPO063,20131105,122.36,122.36,122.36,122.36,0
IPO063,20131106,122.36,122.36,122.36,122.36,0
IPO063,20131107,122.43,122.43,122.43,122.43,0
IPO063,20131108,122.56,122.56,122.56,122.56,0
IPO063,20131112,122.50,122.50,122.50,122.50,0
IPO063,20131113,122.42,122.42,122.42,122.42,0
IPO063,20131114,122.42,122.42,122.42,122.42,0
IPO063,20131115,122.49,122.49,122.49,122.49,0
IPO063,20131118,122.69,122.69,122.69,122.69,0
IPO063,20131119,122.58,122.58,122.58,122.58,0
IPO063,20131120,122.67,122.67,122.67,122.67,0
IPO063,20131121,122.60,122.60,122.60,122.60,0
IPO063,20131122,122.58,122.58,122.58,122.58,0
IPO063,20131125,122.66,122.66,122.66,122.66,0
IPO063,20131126,122.51,122.51,122.51,122.51,0
IPO063,20131127,122.23,122.23,122.23,122.23,0
IPO063,20131128,122.24,122.24,122.24,122.24,0
IPO063,20131129,122.58,122.58,122.58,122.58,0
IPO063,20131202,122.45,122.45,122.45,122.45,0
IPO063,20131203,122.61,122.61,122.61,122.61,0
IPO063,20131204,122.71,122.71,122.71,122.71,0
IPO063,20131205,122.54,122.54,122.54,122.54,0
IPO063,20131206,122.75,122.75,122.75,122.75,0
IPO063,20131209,123.17,123.17,123.17,123.17,0
IPO063,20131210,123.25,123.25,123.25,123.25,0
IPO063,20131211,123.15,123.15,123.15,123.15,0
IPO063,20131212,122.56,122.56,122.56,122.56,0
IPO063,20131213,122.31,122.31,122.31,122.31,0
IPO063,20131216,122.68,122.68,122.68,122.68,0
IPO063,20131217,122.13,122.13,122.13,122.13,0
IPO063,20131218,122.39,122.39,122.39,122.39,0
IPO063,20131219,121.96,121.96,121.96,121.96,0
IPO063,20131220,122.56,122.56,122.56,122.56,0
IPO063,20131223,122.74,122.74,122.74,122.74,0
IPO063,20131227,122.66,122.66,122.66,122.66,0
IPO063,20131230,122.62,122.62,122.62,122.62,0
IPO063,20140102,122.85,122.85,122.85,122.85,0
IPO063,20140103,122.25,122.25,122.25,122.25,0
IPO063,20140107,121.12,121.12,121.12,121.12,0
IPO063,20140108,121.25,121.25,121.25,121.25,0
IPO063,20140109,120.44,120.44,120.44,120.44,0
IPO063,20140110,120.38,120.38,120.38,120.38,0
IPO063,20140113,121.24,121.24,121.24,121.24,0
IPO063,20140114,121.60,121.60,121.60,121.60,0
IPO063,20140115,122.03,122.03,122.03,122.03,0
IPO063,20140116,122.10,122.10,122.10,122.10,0
IPO063,20140117,121.62,121.62,121.62,121.62,0
IPO063,20140120,121.79,121.79,121.79,121.79,0
IPO063,20140121,122.45,122.45,122.45,122.45,0
IPO063,20140122,122.75,122.75,122.75,122.75,0
IPO063,20140123,122.72,122.72,122.72,122.72,0
IPO063,20140124,121.71,121.71,121.71,121.71,0
IPO063,20140127,121.19,121.19,121.19,121.19,0
IPO063,20140128,121.52,121.52,121.52,121.52,0
IPO063,20140129,120.39,120.39,120.39,120.39,0
IPO063,20140130,120.67,120.67,120.67,120.67,0
IPO063,20140131,120.38,120.38,120.38,120.38,0
IPO063,20140203,121.07,121.07,121.07,121.07,0
IPO063,20140204,121.17,121.17,121.17,121.17,0
IPO063,20140205,121.41,121.41,121.41,121.41,0
IPO063,20140206,122.76,122.76,122.76,122.76,0
IPO063,20140207,122.69,122.69,122.69,122.69,0
IPO063,20140210,122.37,122.37,122.37,122.37,0
IPO063,20140211,122.13,122.13,122.13,122.13,0
IPO063,20140212,122.71,122.71,122.71,122.71,0
IPO063,20140213,122.69,122.69,122.69,122.69,0
IPO063,20140214,122.51,122.51,122.51,122.51,0
IPO063,20140217,122.48,122.48,122.48,122.48,0
IPO063,20140218,122.26,122.26,122.26,122.26,0
IPO063,20140219,122.32,122.32,122.32,122.32,0
IPO063,20140220,122.37,122.37,122.37,122.37,0
IPO063,20140221,122.36,122.36,122.36,122.36,0
IPO063,20140224,122.76,122.76,122.76,122.76,0
IPO063,20140225,122.44,122.44,122.44,122.44,0
IPO063,20140226,122.13,122.13,122.13,122.13,0
IPO063,20140227,122.25,122.25,122.25,122.25,0
IPO063,20140228,122.40,122.40,122.40,122.40,0
IPO063,20140303,121.99,121.99,121.99,121.99,0
IPO063,20140304,122.30,122.30,122.30,122.30,0
IPO063,20140305,122.36,122.36,122.36,122.36,0
IPO063,20140306,122.71,122.71,122.71,122.71,0
IPO063,20140307,122.34,122.34,122.34,122.34,0
IPO063,20140310,121.60,121.60,121.60,121.60,0
IPO063,20140311,121.63,121.63,121.63,121.63,0
IPO063,20140312,121.20,121.20,121.20,121.20,0
IPO063,20140313,120.44,120.44,120.44,120.44,0
IPO063,20140314,120.63,120.63,120.63,120.63,0
IPO063,20140317,121.42,121.42,121.42,121.42,0
IPO063,20140318,121.56,121.56,121.56,121.56,0
IPO063,20140319,121.04,121.04,121.04,121.04,0
IPO063,20140320,121.34,121.34,121.34,121.34,0
IPO063,20140321,121.29,121.29,121.29,121.29,0
IPO063,20140324,121.39,121.39,121.39,121.39,0
IPO063,20140325,122.04,122.04,122.04,122.04,0
IPO063,20140326,122.52,122.52,122.52,122.52,0
IPO063,20140327,122.25,122.25,122.25,122.25,0
IPO063,20140328,122.23,122.23,122.23,122.23,0
IPO063,20140331,122.57,122.57,122.57,122.57,0
IPO063,20140401,122.64,122.64,122.64,122.64,0
IPO063,20140402,122.72,122.72,122.72,122.72,0
IPO063,20140403,122.58,122.58,122.58,122.58,0
IPO063,20140404,122.32,122.32,122.32,122.32,0
IPO063,20140407,122.54,122.54,122.54,122.54,0
IPO063,20140408,122.66,122.66,122.66,122.66,0
IPO063,20140409,122.62,122.62,122.62,122.62,0
IPO063,20140410,122.54,122.54,122.54,122.54,0
IPO063,20140411,122.46,122.46,122.46,122.46,0
IPO063,20140414,122.28,122.28,122.28,122.28,0
IPO063,20140415,122.04,122.04,122.04,122.04,0
IPO063,20140416,121.91,121.91,121.91,121.91,0
IPO063,20140417,122.15,122.15,122.15,122.15,0
IPO063,20140422,122.04,122.04,122.04,122.04,0
IPO063,20140423,121.91,121.91,121.91,121.91,0
IPO063,20140424,121.89,121.89,121.89,121.89,0
IPO063,20140425,121.92,121.92,121.92,121.92,0
IPO063,20140428,121.89,121.89,121.89,121.89,0
IPO063,20140429,121.83,121.83,121.83,121.83,0
IPO063,20140430,121.66,121.66,121.66,121.66,0
IPO063,20140502,121.53,121.53,121.53,121.53,0
IPO063,20140505,121.33,121.33,121.33,121.33,0
IPO063,20140506,121.30,121.30,121.30,121.30,0
IPO063,20140507,121.41,121.41,121.41,121.41,0
IPO063,20140508,121.49,121.49,121.49,121.49,0
IPO063,20140509,121.27,121.27,121.27,121.27,0
IPO063,20140512,121.56,121.56,121.56,121.56,0
IPO063,20140513,121.60,121.60,121.60,121.60,0
IPO063,20140514,121.84,121.84,121.84,121.84,0
IPO063,20140515,121.67,121.67,121.67,121.67,0
IPO063,20140516,121.64,121.64,121.64,121.64,0
IPO063,20140519,121.56,121.56,121.56,121.56,0
IPO063,20140520,121.75,121.75,121.75,121.75,0
IPO063,20140521,121.81,121.81,121.81,121.81,0
IPO063,20140522,122.14,122.14,122.14,122.14,0
IPO063,20140523,122.16,122.16,122.16,122.16,0
IPO063,20140526,122.32,122.32,122.32,122.32,0
IPO063,20140527,122.28,122.28,122.28,122.28,0
IPO063,20140528,122.27,122.27,122.27,122.27,0
IPO063,20140529,122.24,122.24,122.24,122.24,0
IPO063,20140530,122.27,122.27,122.27,122.27,0
IPO063,20140602,122.22,122.22,122.22,122.22,0
IPO063,20140603,122.33,122.33,122.33,122.33,0
IPO063,20140604,122.33,122.33,122.33,122.33,0
IPO063,20140605,122.43,122.43,122.43,122.43,0
IPO063,20140606,122.35,122.35,122.35,122.35,0
IPO063,20140609,122.29,122.29,122.29,122.29,0
IPO063,20140610,122.36,122.36,122.36,122.36,0
IPO063,20140611,122.55,122.55,122.55,122.55,0
IPO063,20140612,122.47,122.47,122.47,122.47,0
IPO063,20140613,122.40,122.40,122.40,122.40,0
IPO063,20140616,122.37,122.37,122.37,122.37,0
IPO063,20140617,122.32,122.32,122.32,122.32,0
IPO063,20140618,122.29,122.29,122.29,122.29,0
IPO063,20140620,122.21,122.21,122.21,122.21,0
IPO063,20140623,122.29,122.29,122.29,122.29,0
IPO063,20140624,122.18,122.18,122.18,122.18,0
IPO063,20140625,121.64,121.64,121.64,121.64,0
IPO063,20140626,121.46,121.46,121.46,121.46,0
IPO063,20140627,121.55,121.55,121.55,121.55,0
IPO063,20140630,121.51,121.51,121.51,121.51,0
IPO063,20140701,121.27,121.27,121.27,121.27,0
IPO063,20140702,121.09,121.09,121.09,121.09,0
IPO063,20140703,120.94,120.94,120.94,120.94,0
IPO063,20140704,120.88,120.88,120.88,120.88,0
IPO063,20140707,121.08,121.08,121.08,121.08,0
IPO063,20140708,121.15,121.15,121.15,121.15,0
IPO063,20140709,120.98,120.98,120.98,120.98,0
IPO063,20140710,121.04,121.04,121.04,121.04,0
IPO063,20140711,121.17,121.17,121.17,121.17,0
IPO063,20140714,121.10,121.10,121.10,121.10,0
IPO063,20140715,121.15,121.15,121.15,121.15,0
IPO063,20140716,121.00,121.00,121.00,121.00,0
IPO063,20140717,121.17,121.17,121.17,121.17,0
IPO063,20140718,120.90,120.90,120.90,120.90,0
IPO063,20140721,120.87,120.87,120.87,120.87,0
IPO063,20140722,121.00,121.00,121.00,121.00,0
IPO063,20140723,120.70,120.70,120.70,120.70,0
IPO063,20140724,120.75,120.75,120.75,120.75,0
IPO063,20140725,120.58,120.58,120.58,120.58,0
IPO063,20140728,120.44,120.44,120.44,120.44,0
IPO063,20140729,120.41,120.41,120.41,120.41,0
IPO063,20140730,120.23,120.23,120.23,120.23,0
IPO063,20140731,120.38,120.38,120.38,120.38,0
IPO063,20140801,120.04,120.04,120.04,120.04,0
IPO063,20140804,119.94,119.94,119.94,119.94,0
IPO063,20140805,120.16,120.16,120.16,120.16,0
IPO063,20140806,119.75,119.75,119.75,119.75,0
IPO063,20140807,119.16,119.16,119.16,119.16,0
IPO063,20140808,119.01,119.01,119.01,119.01,0
IPO063,20140811,119.36,119.36,119.36,119.36,0
IPO063,20140812,119.33,119.33,119.33,119.33,0
IPO063,20140813,119.14,119.14,119.14,119.14,0
IPO063,20140814,119.25,119.25,119.25,119.25,0
IPO063,20140818,119.66,119.66,119.66,119.66,0
IPO063,20140820,119.54,119.54,119.54,119.54,0
IPO063,20140821,119.28,119.28,119.28,119.28,0
IPO063,20140822,119.33,119.33,119.33,119.33,0
IPO063,20140825,119.38,119.38,119.38,119.38,0
IPO063,20140826,119.54,119.54,119.54,119.54,0
IPO063,20140827,119.63,119.63,119.63,119.63,0
IPO063,20140828,119.25,119.25,119.25,119.25,0
IPO063,20140829,119.27,119.27,119.27,119.27,0
IPO063,20140901,119.37,119.37,119.37,119.37,0
IPO063,20140902,119.35,119.35,119.35,119.35,0
IPO063,20140903,119.87,119.87,119.87,119.87,0
IPO063,20140904,119.94,119.94,119.94,119.94,0
IPO063,20140905,120.01,120.01,120.01,120.01,0
IPO063,20140908,120.00,120.00,120.00,120.00,0
IPO063,20140909,120.04,120.04,120.04,120.04,0
IPO063,20140910,119.99,119.99,119.99,119.99,0
IPO063,20140918,120.35,120.35,120.35,120.35,0
IPO063,20140919,120.56,120.56,120.56,120.56,0
IPO063,20140922,120.39,120.39,120.39,120.39,0
IPO063,20140923,120.06,120.06,120.06,120.06,0
IPO063,20140924,120.09,120.09,120.09,120.09,0
IPO063,20140925,120.17,120.17,120.17,120.17,0
IPO063,20140929,120.07,120.07,120.07,120.07,0
IPO063,20140930,119.99,119.99,119.99,119.99,0
IPO063,20141001,120.16,120.16,120.16,120.16,0
IPO063,20141002,120.14,120.14,120.14,120.14,0
IPO063,20141006,120.39,120.39,120.39,120.39,0
IPO063,20141007,120.33,120.33,120.33,120.33,0
IPO063,20141008,120.19,120.19,120.19,120.19,0
IPO063,20141009,120.27,120.27,120.27,120.27,0
IPO063,20141010,120.05,120.05,120.05,120.05,0
IPO063,20141013,119.97,119.97,119.97,119.97,0
IPO063,20141014,120.08,120.08,120.08,120.08,0
IPO063,20141015,119.98,119.98,119.98,119.98,0
IPO063,20141016,120.16,120.16,120.16,120.16,0
IPO063,20141017,120.54,120.54,120.54,120.54,0
IPO063,20141020,120.44,120.44,120.44,120.44,0
IPO063,20141021,120.76,120.76,120.76,120.76,0
IPO063,20141022,120.80,120.80,120.80,120.80,0
IPO063,20141023,120.80,120.80,120.80,120.80,0
IPO063,20141024,120.80,120.80,120.80,120.80,0
IPO063,20141027,120.74,120.74,120.74,120.74,0
IPO063,20141028,120.82,120.82,120.82,120.82,0
IPO063,20141029,120.84,120.84,120.84,120.84,0
IPO063,20141030,120.94,120.94,120.94,120.94,0
IPO063,20141031,121.22,121.22,121.22,121.22,0
IPO063,20141103,121.22,121.22,121.22,121.22,0
IPO063,20141104,121.26,121.26,121.26,121.26,0
IPO063,20141105,121.34,121.34,121.34,121.34,0
IPO063,20141106,121.40,121.40,121.40,121.40,0
IPO063,20141107,121.40,121.40,121.40,121.40,0
IPO063,20141110,121.47,121.47,121.47,121.47,0
IPO063,20141112,121.36,121.36,121.36,121.36,0
IPO063,20141113,121.38,121.38,121.38,121.38,0
IPO063,20141114,121.39,121.39,121.39,121.39,0
IPO063,20141117,121.34,121.34,121.34,121.34,0
IPO063,20141118,121.50,121.50,121.50,121.50,0
IPO063,20141119,121.49,121.49,121.49,121.49,0
IPO063,20141120,121.39,121.39,121.39,121.39,0
IPO063,20141121,121.48,121.48,121.48,121.48,0
IPO063,20141124,121.50,121.50,121.50,121.50,0
IPO063,20141125,121.47,121.47,121.47,121.47,0
IPO063,20141126,121.56,121.56,121.56,121.56,0
IPO063,20141127,121.65,121.65,121.65,121.65,0
IPO063,20141128,121.80,121.80,121.80,121.80,0
IPO063,20141201,121.71,121.71,121.71,121.71,0
IPO063,20141202,121.84,121.84,121.84,121.84,0
IPO063,20141203,121.91,121.91,121.91,121.91,0
IPO063,20141204,121.84,121.84,121.84,121.84,0
IPO063,20141205,121.92,121.92,121.92,121.92,0
IPO063,20141208,121.84,121.84,121.84,121.84,0
IPO063,20141209,121.77,121.77,121.77,121.77,0
IPO063,20141210,121.53,121.53,121.53,121.53,0
IPO063,20141211,121.45,121.45,121.45,121.45,0
IPO063,20141212,121.40,121.40,121.40,121.40,0
IPO063,20141215,121.11,121.11,121.11,121.11,0
IPO063,20141216,120.90,120.90,120.90,120.90,0
IPO063,20141217,121.08,121.08,121.08,121.08,0
IPO063,20141218,121.44,121.44,121.44,121.44,0
IPO063,20141219,121.34,121.34,121.34,121.34,0
IPO063,20141222,121.39,121.39,121.39,121.39,0
IPO063,20141223,121.41,121.41,121.41,121.41,0
IPO063,20141229,121.35,121.35,121.35,121.35,0
IPO063,20141230,121.41,121.41,121.41,121.41,0
IPO063,20150102,121.43,121.43,121.43,121.43,0
IPO063,20150105,121.13,121.13,121.13,121.13,0
IPO063,20150107,121.46,121.46,121.46,121.46,0
IPO063,20150108,121.98,121.98,121.98,121.98,0
IPO063,20150109,121.92,121.92,121.92,121.92,0
IPO063,20150112,121.86,121.86,121.86,121.86,0
IPO063,20150113,122.04,122.04,122.04,122.04,0
IPO063,20150114,121.80,121.80,121.80,121.80,0
IPO063,20150115,121.43,121.43,121.43,121.43,0
IPO063,20150116,121.25,121.25,121.25,121.25,0
IPO063,20150119,121.35,121.35,121.35,121.35,0
IPO063,20150120,121.30,121.30,121.30,121.30,0
IPO063,20150121,121.63,121.63,121.63,121.63,0
IPO063,20150122,121.88,121.88,121.88,121.88,0
IPO063,20150123,122.24,122.24,122.24,122.24,0
IPO063,20150126,122.26,122.26,122.26,122.26,0
IPO063,20150127,122.40,122.40,122.40,122.40,0
IPO063,20150128,122.50,122.50,122.50,122.50,0
IPO063,20150129,122.59,122.59,122.59,122.59,0
IPO063,20150130,122.70,122.70,122.70,122.70,0
IPO063,20150202,122.71,122.71,122.71,122.71,0
IPO063,20150203,122.75,122.75,122.75,122.75,0
IPO063,20150204,122.73,122.73,122.73,122.73,0
IPO063,20150205,122.71,122.71,122.71,122.71,0
IPO063,20150206,122.71,122.71,122.71,122.71,0
IPO063,20150209,122.37,122.37,122.37,122.37,0
IPO063,20150210,122.35,122.35,122.35,122.35,0
IPO063,20150211,122.29,122.29,122.29,122.29,0
IPO063,20150212,122.80,122.80,122.80,122.80,0
IPO063,20150213,122.91,122.91,122.91,122.91,0
IPO063,20150216,123.00,123.00,123.00,123.00,0
IPO063,20150217,122.83,122.83,122.83,122.83,0
IPO063,20150218,122.80,122.80,122.80,122.80,0
IPO063,20150219,122.98,122.98,122.98,122.98,0
IPO063,20150220,122.88,122.88,122.88,122.88,0
IPO063,20150223,123.04,123.04,123.04,123.04,0
IPO063,20150224,123.19,123.19,123.19,123.19,0
IPO063,20150225,123.24,123.24,123.24,123.24,0
IPO063,20150226,123.46,123.46,123.46,123.46,0
IPO063,20150227,123.57,123.57,123.57,123.57,0
IPO063,20150302,123.76,123.76,123.76,123.76,0
IPO063,20150303,123.54,123.54,123.54,123.54,0
IPO063,20150304,123.60,123.60,123.60,123.60,0
IPO063,20150305,123.65,123.65,123.65,123.65,0
IPO063,20150306,123.54,123.54,123.54,123.54,0
IPO063,20150309,123.54,123.54,123.54,123.54,0
IPO063,20150310,123.26,123.26,123.26,123.26,0
IPO063,20150311,123.53,123.53,123.53,123.53,0
IPO063,20150312,123.90,123.90,123.90,123.90,0
IPO063,20150313,123.80,123.80,123.80,123.80,0
IPO063,20150316,124.01,124.01,124.01,124.01,0
IPO063,20150317,123.87,123.87,123.87,123.87,0
IPO063,20150318,123.84,123.84,123.84,123.84,0
IPO063,20150319,124.33,124.33,124.33,124.33,0
IPO063,20150320,124.59,124.59,124.59,124.59,0
IPO063,20150323,124.58,124.58,124.58,124.58,0
IPO063,20150324,124.38,124.38,124.38,124.38,0
IPO063,20150325,124.34,124.34,124.34,124.34,0
IPO063,20150326,123.96,123.96,123.96,123.96,0
IPO063,20150327,123.98,123.98,123.98,123.98,0
IPO063,20150330,124.26,124.26,124.26,124.26,0
IPO063,20150331,124.16,124.16,124.16,124.16,0
IPO063,20150401,124.27,124.27,124.27,124.27,0
IPO063,20150402,124.24,124.24,124.24,124.24,0
IPO063,20150407,124.36,124.36,124.36,124.36,0
IPO063,20150408,124.48,124.48,124.48,124.48,0
IPO063,20150409,124.64,124.64,124.64,124.64,0
IPO063,20150410,124.69,124.69,124.69,124.69,0
IPO063,20150413,124.54,124.54,124.54,124.54,0
IPO063,20150414,124.39,124.39,124.39,124.39,0
IPO063,20150415,124.51,124.51,124.51,124.51,0
IPO063,20150416,124.62,124.62,124.62,124.62,0
IPO063,20150417,124.62,124.62,124.62,124.62,0
IPO063,20150420,124.80,124.80,124.80,124.80,0
IPO063,20150421,124.66,124.66,124.66,124.66,0
IPO063,20150422,124.48,124.48,124.48,124.48,0
IPO063,20150423,124.38,124.38,124.38,124.38,0
IPO063,20150424,124.56,124.56,124.56,124.56,0
IPO063,20150427,124.64,124.64,124.64,124.64,0
IPO063,20150428,124.51,124.51,124.51,124.51,0
IPO063,20150429,124.30,124.30,124.30,124.30,0
IPO063,20150430,124.18,124.18,124.18,124.18,0
IPO063,20150504,124.35,124.35,124.35,124.35,0
IPO063,20150505,123.90,123.90,123.90,123.90,0
IPO063,20150506,123.67,123.67,123.67,123.67,0
IPO063,20150507,123.87,123.87,123.87,123.87,0
IPO063,20150508,124.79,124.79,124.79,124.79,0
IPO063,20150511,124.69,124.69,124.69,124.69,0
IPO063,20150512,124.29,124.29,124.29,124.29,0
IPO063,20150513,124.31,124.31,124.31,124.31,0
IPO063,20150514,124.78,124.78,124.78,124.78,0
IPO063,20150515,124.49,124.49,124.49,124.49,0
IPO063,20150518,124.53,124.53,124.53,124.53,0
IPO063,20150519,124.83,124.83,124.83,124.83,0
IPO063,20150520,124.78,124.78,124.78,124.78,0
IPO063,20150521,124.91,124.91,124.91,124.91,0
IPO063,20150522,124.71,124.71,124.71,124.71,0
IPO063,20150525,124.20,124.20,124.20,124.20,0
IPO063,20150526,123.88,123.88,123.88,123.88,0
IPO063,20150527,124.11,124.11,124.11,124.11,0
IPO063,20150528,124.08,124.08,124.08,124.08,0
IPO063,20150529,124.00,124.00,124.00,124.00,0
IPO063,20150601,124.18,124.18,124.18,124.18,0
IPO063,20150602,123.95,123.95,123.95,123.95,0
IPO063,20150603,123.91,123.91,123.91,123.91,0
IPO063,20150605,123.32,123.32,123.32,123.32,0
IPO063,20150608,122.95,122.95,122.95,122.95,0
IPO063,20150609,122.63,122.63,122.63,122.63,0
IPO063,20150610,122.99,122.99,122.99,122.99,0
IPO063,20150611,123.20,123.20,123.20,123.20,0
IPO063,20150612,122.90,122.90,122.90,122.90,0
IPO063,20150615,122.13,122.13,122.13,122.13,0
IPO063,20150616,122.23,122.23,122.23,122.23,0
IPO063,20150617,122.04,122.04,122.04,122.04,0
IPO063,20150618,122.26,122.26,122.26,122.26,0
IPO063,20150619,122.23,122.23,122.23,122.23,0
IPO063,20150622,123.08,123.08,123.08,123.08,0
IPO063,20150623,123.33,123.33,123.33,123.33,0
IPO063,20150624,123.01,123.01,123.01,123.01,0
IPO063,20150625,122.95,122.95,122.95,122.95,0
IPO063,20150626,123.08,123.08,123.08,123.08,0
IPO063,20150629,121.72,121.72,121.72,121.72,0
IPO063,20150630,121.70,121.70,121.70,121.70,0
IPO063,20150701,122.12,122.12,122.12,122.12,0
IPO063,20150702,122.11,122.11,122.11,122.11,0
IPO063,20150703,122.14,122.14,122.14,122.14,0
IPO063,20150706,121.83,121.83,121.83,121.83,0
IPO063,20150707,121.56,121.56,121.56,121.56,0
IPO063,20150708,121.66,121.66,121.66,121.66,0
IPO063,20150709,122.32,122.32,122.32,122.32,0
IPO063,20150710,122.89,122.89,122.89,122.89,0
IPO063,20150713,123.30,123.30,123.30,123.30,0
IPO063,20150714,123.25,123.25,123.25,123.25,0
IPO063,20150715,123.55,123.55,123.55,123.55,0
IPO063,20150716,124.05,124.05,124.05,124.05,0
IPO063,20150717,124.32,124.32,124.32,124.32,0
IPO063,20150720,124.28,124.28,124.28,124.28,0
IPO063,20150721,124.05,124.05,124.05,124.05,0
IPO063,20150722,123.71,123.71,123.71,123.71,0
IPO063,20150723,123.70,123.70,123.70,123.70,0
IPO063,20150724,123.63,123.63,123.63,123.63,0
IPO063,20150727,123.18,123.18,123.18,123.18,0
IPO063,20150728,123.40,123.40,123.40,123.40,0
IPO063,20150729,123.35,123.35,123.35,123.35,0
IPO063,20150730,123.33,123.33,123.33,123.33,0
IPO063,20150731,123.52,123.52,123.52,123.52,0
IPO063,20150803,123.65,123.65,123.65,123.65,0
IPO063,20150804,123.69,123.69,123.69,123.69,0
IPO063,20150805,124.04,124.04,124.04,124.04,0
IPO063,20150806,123.42,123.42,123.42,123.42,0
IPO063,20150807,123.26,123.26,123.26,123.26,0
IPO063,20150810,123.66,123.66,123.66,123.66,0
IPO063,20150811,123.18,123.18,123.18,123.18,0
IPO063,20150812,122.37,122.37,122.37,122.37,0
IPO063,20150813,123.10,123.10,123.10,123.10,0
IPO063,20150814,123.11,123.11,123.11,123.11,0
IPO063,20150817,122.94,122.94,122.94,122.94,0
IPO063,20150818,122.90,122.90,122.90,122.90,0
IPO063,20150819,122.61,122.61,122.61,122.61,0
IPO063,20150820,122.13,122.13,122.13,122.13,0
IPO063,20150821,121.06,121.06,121.06,121.06,0
IPO063,20150824,118.65,118.65,118.65,118.65,0
IPO063,20150825,120.20,120.20,120.20,120.20,0
IPO063,20150826,119.88,119.88,119.88,119.88,0
IPO063,20150827,121.15,121.15,121.15,121.15,0
IPO063,20150828,121.33,121.33,121.33,121.33,0
IPO063,20150831,121.33,121.33,121.33,121.33,0
IPO063,20150901,120.04,120.04,120.04,120.04,0
IPO063,20150902,119.86,119.86,119.86,119.86,0
IPO063,20150903,121.14,121.14,121.14,121.14,0
IPO063,20150904,120.24,120.24,120.24,120.24,0
IPO063,20150907,120.35,120.35,120.35,120.35,0
IPO063,20150908,120.97,120.97,120.97,120.97,0
IPO063,20150909,121.04,121.04,121.04,121.04,0
IPO063,20150910,121.06,121.06,121.06,121.06,0
IPO063,20150911,120.90,120.90,120.90,120.90,0
IPO063,20150914,120.93,120.93,120.93,120.93,0
IPO063,20150915,121.04,121.04,121.04,121.04,0
IPO063,20150916,121.08,121.08,121.08,121.08,0
IPO063,20150917,121.30,121.30,121.30,121.30,0
IPO063,20150918,120.34,120.34,120.34,120.34,0
IPO063,20150921,120.40,120.40,120.40,120.40,0
IPO063,20150922,118.69,118.69,118.69,118.69,0
IPO063,20150923,118.77,118.77,118.77,118.77,0
IPO063,20150924,117.91,117.91,117.91,117.91,0
IPO063,20150925,118.89,118.89,118.89,118.89,0
IPO063,20150928,117.74,117.74,117.74,117.74,0
IPO063,20150929,117.72,117.72,117.72,117.72,0
IPO063,20150930,118.74,118.74,118.74,118.74,0
IPO063,20151001,117.61,117.61,117.61,117.61,0
IPO063,20151002,118.07,118.07,118.07,118.07,0
IPO063,20151005,119.31,119.31,119.31,119.31,0
IPO063,20151006,119.93,119.93,119.93,119.93,0
IPO063,20151007,120.29,120.29,120.29,120.29,0
IPO063,20151008,120.36,120.36,120.36,120.36,0
IPO063,20151009,120.76,120.76,120.76,120.76,0
IPO063,20151012,120.69,120.69,120.69,120.69,0
IPO063,20151013,120.25,120.25,120.25,120.25,0
IPO063,20151014,120.06,120.06,120.06,120.06,0
IPO063,20151015,120.48,120.48,120.48,120.48,0
IPO063,20151016,120.65,120.65,120.65,120.65,0
IPO063,20151019,120.73,120.73,120.73,120.73,0
IPO063,20151020,120.77,120.77,120.77,120.77,0
IPO063,20151021,121.10,121.10,121.10,121.10,0
IPO063,20151022,121.61,121.61,121.61,121.61,0
IPO063,20151023,122.40,122.40,122.40,122.40,0
IPO063,20151026,122.03,122.03,122.03,122.03,0
IPO063,20151027,121.94,121.94,121.94,121.94,0
IPO063,20151028,122.29,122.29,122.29,122.29,0
IPO063,20151029,121.97,121.97,121.97,121.97,0
IPO063,20151030,122.12,122.12,122.12,122.12,0
IPO063,20151102,122.54,122.54,122.54,122.54,0
IPO063,20151103,122.43,122.43,122.43,122.43,0
IPO063,20151104,122.26,122.26,122.26,122.26,0
IPO063,20151105,122.17,122.17,122.17,122.17,0
IPO063,20151106,122.20,122.20,122.20,122.20,0
IPO063,20151109,121.62,121.62,121.62,121.62,0
IPO063,20151110,121.79,121.79,121.79,121.79,0
IPO063,20151112,121.68,121.68,121.68,121.68,0
IPO063,20151113,121.69,121.69,121.69,121.69,0
IPO063,20151116,121.62,121.62,121.62,121.62,0
IPO063,20151117,121.96,121.96,121.96,121.96,0
IPO063,20151118,121.95,121.95,121.95,121.95,0
IPO063,20151119,122.27,122.27,122.27,122.27,0
IPO063,20151120,122.35,122.35,122.35,122.35,0
IPO063,20151123,122.07,122.07,122.07,122.07,0
IPO063,20151124,121.69,121.69,121.69,121.69,0
IPO063,20151125,121.88,121.88,121.88,121.88,0
IPO063,20151126,122.31,122.31,122.31,122.31,0
IPO063,20151127,122.22,122.22,122.22,122.22,0
IPO063,20151130,122.45,122.45,122.45,122.45,0
IPO063,20151201,122.38,122.38,122.38,122.38,0
IPO063,20151202,122.20,122.20,122.20,122.20,0
IPO063,20151203,121.68,121.68,121.68,121.68,0
IPO063,20151204,121.38,121.38,121.38,121.38,0
IPO063,20151207,121.58,121.58,121.58,121.58,0
IPO063,20151208,121.12,121.12,121.12,121.12,0
IPO063,20151209,120.69,120.69,120.69,120.69,0
IPO063,20151210,120.83,120.83,120.83,120.83,0
IPO063,20151211,120.23,120.23,120.23,120.23,0
IPO063,20151214,119.59,119.59,119.59,119.59,0
IPO063,20151215,119.88,119.88,119.88,119.88,0
IPO063,20151216,119.98,119.98,119.98,119.98,0
IPO063,20151217,120.71,120.71,120.71,120.71,0
IPO063,20151218,120.71,120.71,120.71,120.71,0
IPO063,20151221,120.76,120.76,120.76,120.76,0
IPO063,20151222,120.87,120.87,120.87,120.87,0
IPO063,20151223,121.07,121.07,121.07,121.07,0
IPO063,20151228,121.14,121.14,121.14,121.14,0
IPO063,20151229,121.55,121.55,121.55,121.55,0
IPO063,20151230,121.78,121.78,121.78,121.78,0
IPO063,20160104,120.75,120.75,120.75,120.75,0
IPO063,20160105,120.78,120.78,120.78,120.78,0
IPO063,20160107,119.64,119.64,119.64,119.64,0
IPO063,20160108,119.16,119.16,119.16,119.16,0
IPO063,20160111,118.74,118.74,118.74,118.74,0
IPO063,20160112,119.92,119.92,119.92,119.92,0
IPO063,20160113,120.12,120.12,120.12,120.12,0
IPO063,20160114,118.97,118.97,118.97,118.97,0
IPO063,20160115,117.93,117.93,117.93,117.93,0
IPO063,20160118,116.98,116.98,116.98,116.98,0
IPO063,20160119,117.37,117.37,117.37,117.37,0
IPO063,20160120,116.25,116.25,116.25,116.25,0
IPO063,20160121,116.82,116.82,116.82,116.82,0
IPO063,20160122,117.55,117.55,117.55,117.55,0
IPO063,20160125,117.70,117.70,117.70,117.70,0
IPO063,20160126,117.84,117.84,117.84,117.84,0
IPO063,20160127,117.89,117.89,117.89,117.89,0
IPO063,20160128,117.63,117.63,117.63,117.63,0
IPO063,20160129,118.21,118.21,118.21,118.21,0
IPO063,20160201,118.28,118.28,118.28,118.28,0
IPO063,20160202,117.62,117.62,117.62,117.62,0
IPO063,20160203,117.33,117.33,117.33,117.33,0
IPO063,20160204,117.53,117.53,117.53,117.53,0
IPO063,20160205,117.27,117.27,117.27,117.27,0
IPO063,20160208,116.30,116.30,116.30,116.30,0
IPO063,20160209,115.84,115.84,115.84,115.84,0
IPO063,20160210,116.21,116.21,116.21,116.21,0
IPO063,20160211,115.46,115.46,115.46,115.46,0
IPO063,20160212,116.18,116.18,116.18,116.18,0
IPO063,20160215,117.17,117.17,117.17,117.17,0
IPO063,20160216,116.95,116.95,116.95,116.95,0
IPO063,20160217,118.05,118.05,118.05,118.05,0
IPO063,20160218,118.45,118.45,118.45,118.45,0
IPO063,20160219,118.28,118.28,118.28,118.28,0
IPO063,20160222,118.85,118.85,118.85,118.85,0
IPO063,20160223,118.72,118.72,118.72,118.72,0
IPO063,20160224,118.03,118.03,118.03,118.03,0
IPO063,20160225,118.42,118.42,118.42,118.42,0
IPO063,20160226,118.97,118.97,118.97,118.97,0
IPO063,20160229,119.00,119.00,119.00,119.00,0
IPO063,20160301,119.35,119.35,119.35,119.35,0
IPO063,20160302,119.52,119.52,119.52,119.52,0
IPO063,20160303,119.91,119.91,119.91,119.91,0
IPO063,20160304,120.07,120.07,120.07,120.07,0
IPO063,20160307,120.05,120.05,120.05,120.05,0
IPO063,20160308,119.87,119.87,119.87,119.87,0
IPO063,20160309,119.88,119.88,119.88,119.88,0
IPO063,20160310,119.78,119.78,119.78,119.78,0
IPO063,20160311,120.12,120.12,120.12,120.12,0
IPO063,20160314,120.15,120.15,120.15,120.15,0
IPO063,20160315,120.05,120.05,120.05,120.05,0
IPO063,20160316,120.01,120.01,120.01,120.01,0
IPO063,20160317,120.11,120.11,120.11,120.11,0
IPO063,20160318,120.30,120.30,120.30,120.30,0
IPO063,20160321,120.06,120.06,120.06,120.06,0
IPO063,20160322,120.02,120.02,120.02,120.02,0
IPO063,20160323,120.17,120.17,120.17,120.17,0
IPO063,20160324,120.12,120.12,120.12,120.12,0
IPO063,20160329,120.28,120.28,120.28,120.28,0
IPO063,20160330,120.31,120.31,120.31,120.31,0
IPO063,20160331,120.66,120.66,120.66,120.66,0
IPO063,20160401,120.62,120.62,120.62,120.62,0
IPO063,20160404,120.65,120.65,120.65,120.65,0
IPO063,20160405,120.59,120.59,120.59,120.59,0
IPO063,20160406,120.44,120.44,120.44,120.44,0
IPO063,20160407,120.56,120.56,120.56,120.56,0
IPO063,20160408,120.63,120.63,120.63,120.63,0
IPO063,20160411,120.81,120.81,120.81,120.81,0
IPO063,20160412,120.71,120.71,120.71,120.71,0
IPO063,20160413,120.66,120.66,120.66,120.66,0
IPO063,20160414,120.59,120.59,120.59,120.59,0
IPO063,20160415,120.66,120.66,120.66,120.66,0
IPO063,20160418,120.52,120.52,120.52,120.52,0
IPO063,20160419,120.65,120.65,120.65,120.65,0
IPO063,20160420,120.73,120.73,120.73,120.73,0
IPO063,20160421,120.77,120.77,120.77,120.77,0
IPO063,20160422,120.70,120.70,120.70,120.70,0
IPO063,20160425,120.54,120.54,120.54,120.54,0
IPO063,20160426,120.46,120.46,120.46,120.46,0
IPO063,20160427,120.54,120.54,120.54,120.54,0
IPO063,20160428,120.54,120.54,120.54,120.54,0
IPO063,20160429,120.57,120.57,120.57,120.57,0
IPO063,20160502,120.44,120.44,120.44,120.44,0
IPO063,20160504,120.55,120.55,120.55,120.55,0
IPO063,20160505,120.54,120.54,120.54,120.54,0
IPO063,20160506,120.42,120.42,120.42,120.42,0
IPO063,20160509,120.48,120.48,120.48,120.48,0
IPO063,20160510,120.60,120.60,120.60,120.60,0
IPO063,20160511,120.84,120.84,120.84,120.84,0
IPO063,20160512,120.84,120.84,120.84,120.84,0
IPO063,20160513,120.89,120.89,120.89,120.89,0
IPO063,20160516,121.15,121.15,121.15,121.15,0
IPO063,20160517,121.09,121.09,121.09,121.09,0
IPO063,20160518,121.03,121.03,121.03,121.03,0
IPO063,20160519,120.74,120.74,120.74,120.74,0
IPO063,20160520,120.60,120.60,120.60,120.60,0
IPO063,20160523,120.57,120.57,120.57,120.57,0
IPO063,20160524,120.52,120.52,120.52,120.52,0
IPO063,20160525,120.57,120.57,120.57,120.57,0
IPO063,20160527,120.65,120.65,120.65,120.65,0
IPO063,20160530,120.60,120.60,120.60,120.60,0
IPO063,20160531,120.36,120.36,120.36,120.36,0
IPO063,20160601,120.14,120.14,120.14,120.14,0
IPO063,20160602,120.17,120.17,120.17,120.17,0
IPO063,20160603,120.40,120.40,120.40,120.40,0
IPO063,20160606,120.28,120.28,120.28,120.28,0
IPO063,20160607,120.40,120.40,120.40,120.40,0
IPO063,20160608,120.43,120.43,120.43,120.43,0
IPO063,20160609,120.36,120.36,120.36,120.36,0
IPO063,20160610,120.30,120.30,120.30,120.30,0
IPO063,20160613,120.05,120.05,120.05,120.05,0
IPO063,20160614,119.34,119.34,119.34,119.34,0
IPO063,20160615,119.32,119.32,119.32,119.32,0
IPO063,20160616,118.97,118.97,118.97,118.97,0
IPO063,20160617,119.55,119.55,119.55,119.55,0
IPO063,20160620,120.38,120.38,120.38,120.38,0
IPO063,20160621,120.38,120.38,120.38,120.38,0
IPO063,20160622,120.68,120.68,120.68,120.68,0
IPO063,20160623,120.87,120.87,120.87,120.87,0
IPO063,20160624,119.52,119.52,119.52,119.52,0
IPO063,20160627,120.01,120.01,120.01,120.01,0
IPO063,20160628,120.36,120.36,120.36,120.36,0
IPO063,20160629,120.98,120.98,120.98,120.98,0
IPO063,20160630,121.09,121.09,121.09,121.09,0
IPO063,20160701,121.47,121.47,121.47,121.47,0
IPO063,20160704,121.33,121.33,121.33,121.33,0
IPO063,20160705,121.37,121.37,121.37,121.37,0
IPO063,20160706,121.11,121.11,121.11,121.11,0
IPO063,20160707,121.11,121.11,121.11,121.11,0
IPO063,20160708,121.18,121.18,121.18,121.18,0
IPO063,20160711,121.47,121.47,121.47,121.47,0
IPO063,20160712,121.81,121.81,121.81,121.81,0
IPO063,20160713,121.76,121.76,121.76,121.76,0
IPO063,20160714,121.73,121.73,121.73,121.73,0
IPO063,20160715,121.79,121.79,121.79,121.79,0
IPO063,20160718,121.84,121.84,121.84,121.84,0
IPO063,20160719,121.82,121.82,121.82,121.82,0
IPO063,20160720,121.97,121.97,121.97,121.97,0
IPO063,20160721,122.11,122.11,122.11,122.11,0
IPO063,20160722,122.05,122.05,122.05,122.05,0
IPO063,20160725,122.15,122.15,122.15,122.15,0
IPO063,20160726,122.12,122.12,122.12,122.12,0
IPO063,20160727,122.10,122.10,122.10,122.10,0
IPO063,20160728,121.99,121.99,121.99,121.99,0
IPO063,20160729,121.83,121.83,121.83,121.83,0
IPO063,20160801,122.06,122.06,122.06,122.06,0
IPO063,20160802,122.35,122.35,122.35,122.35,0
IPO063,20160803,122.39,122.39,122.39,122.39,0
IPO063,20160804,122.48,122.48,122.48,122.48,0
IPO063,20160805,122.49,122.49,122.49,122.49,0
IPO063,20160808,122.62,122.62,122.62,122.62,0
IPO063,20160809,122.62,122.62,122.62,122.62,0
IPO063,20160810,122.69,122.69,122.69,122.69,0
IPO063,20160811,122.72,122.72,122.72,122.72,0
IPO063,20160812,122.84,122.84,122.84,122.84,0
IPO063,20160816,122.97,122.97,122.97,122.97,0
IPO063,20160817,122.91,122.91,122.91,122.91,0
IPO063,20160818,122.93,122.93,122.93,122.93,0
IPO063,20160819,123.01,123.01,123.01,123.01,0
IPO063,20160822,122.99,122.99,122.99,122.99,0
IPO063,20160823,123.00,123.00,123.00,123.00,0
IPO063,20160824,123.06,123.06,123.06,123.06,0
IPO063,20160825,123.03,123.03,123.03,123.03,0
IPO063,20160826,123.00,123.00,123.00,123.00,0
IPO063,20160829,122.93,122.93,122.93,122.93,0
IPO063,20160830,123.07,123.07,123.07,123.07,0
IPO063,20160831,123.14,123.14,123.14,123.14,0
IPO063,20160901,123.00,123.00,123.00,123.00,0
IPO063,20160902,122.93,122.93,122.93,122.93,0
IPO063,20160905,122.91,122.91,122.91,122.91,0
IPO063,20160906,122.91,122.91,122.91,122.91,0
IPO063,20160907,123.31,123.31,123.31,123.31,0
IPO063,20160908,123.28,123.28,123.28,123.28,0
IPO063,20160909,123.31,123.31,123.31,123.31,0
IPO063,20160912,123.16,123.16,123.16,123.16,0
IPO063,20160913,123.24,123.24,123.24,123.24,0
IPO063,20160914,123.30,123.30,123.30,123.30,0
IPO063,20160915,123.26,123.26,123.26,123.26,0
IPO063,20160916,123.26,123.26,123.26,123.26,0
IPO063,20160919,123.29,123.29,123.29,123.29,0
IPO063,20160920,123.25,123.25,123.25,123.25,0
IPO063,20160921,123.31,123.31,123.31,123.31,0
IPO063,20160922,123.45,123.45,123.45,123.45,0
IPO063,20160923,123.49,123.49,123.49,123.49,0
IPO063,20160926,123.49,123.49,123.49,123.49,0
IPO063,20160927,123.32,123.32,123.32,123.32,0
IPO063,20160928,123.24,123.24,123.24,123.24,0
IPO063,20160929,123.37,123.37,123.37,123.37,0
IPO063,20160930,123.37,123.37,123.37,123.37,0
IPO063,20161003,123.37,123.37,123.37,123.37,0
IPO063,20161004,123.71,123.71,123.71,123.71,0
IPO063,20161005,123.63,123.63,123.63,123.63,0
IPO063,20161006,123.49,123.49,123.49,123.49,0
IPO063,20161007,123.52,123.52,123.52,123.52,0
IPO063,20161010,123.50,123.50,123.50,123.50,0
IPO063,20161011,123.29,123.29,123.29,123.29,0
IPO063,20161012,123.26,123.26,123.26,123.26,0
IPO063,20161013,123.26,123.26,123.26,123.26,0
IPO063,20161014,123.13,123.13,123.13,123.13,0
IPO063,20161017,123.16,123.16,123.16,123.16,0
IPO063,20161018,123.11,123.11,123.11,123.11,0
IPO063,20161019,123.36,123.36,123.36,123.36,0
IPO063,20161020,123.33,123.33,123.33,123.33,0
IPO063,20161021,123.34,123.34,123.34,123.34,0
IPO063,20161024,123.41,123.41,123.41,123.41,0
IPO063,20161025,123.39,123.39,123.39,123.39,0
IPO063,20161026,123.46,123.46,123.46,123.46,0
IPO063,20161027,123.36,123.36,123.36,123.36,0
IPO063,20161028,123.69,123.69,123.69,123.69,0
IPO063,20161031,123.65,123.65,123.65,123.65,0
IPO063,20161102,123.36,123.36,123.36,123.36,0
IPO063,20161103,123.40,123.40,123.40,123.40,0
IPO063,20161104,123.46,123.46,123.46,123.46,0
IPO063,20161107,123.40,123.40,123.40,123.40,0
IPO063,20161108,123.41,123.41,123.41,123.41,0
IPO063,20161109,123.31,123.31,123.31,123.31,0
IPO063,20161110,122.94,122.94,122.94,122.94,0
IPO063,20161114,122.40,122.40,122.40,122.40,0
IPO063,20161115,122.35,122.35,122.35,122.35,0
IPO063,20161116,122.03,122.03,122.03,122.03,0
IPO063,20161117,121.84,121.84,121.84,121.84,0
IPO063,20161118,121.82,121.82,121.82,121.82,0
IPO063,20161121,121.98,121.98,121.98,121.98,0
IPO063,20161122,122.21,122.21,122.21,122.21,0
IPO063,20161123,121.93,121.93,121.93,121.93,0
IPO063,20161124,121.80,121.80,121.80,121.80,0
IPO063,20161125,122.09,122.09,122.09,122.09,0
IPO063,20161128,122.25,122.25,122.25,122.25,0
IPO063,20161129,122.21,122.21,122.21,122.21,0
IPO063,20161130,122.29,122.29,122.29,122.29,0
IPO063,20161201,121.86,121.86,121.86,121.86,0
IPO063,20161202,121.78,121.78,121.78,121.78,0
IPO063,20161205,122.07,122.07,122.07,122.07,0
IPO063,20161206,122.57,122.57,122.57,122.57,0
IPO063,20161207,122.76,122.76,122.76,122.76,0
IPO063,20161208,122.93,122.93,122.93,122.93,0
IPO063,20161209,122.90,122.90,122.90,122.90,0
IPO063,20161212,122.81,122.81,122.81,122.81,0
IPO063,20161213,123.10,123.10,123.10,123.10,0
IPO063,20161214,123.27,123.27,123.27,123.27,0
IPO063,20161215,123.05,123.05,123.05,123.05,0
IPO063,20161216,123.15,123.15,123.15,123.15,0
IPO063,20161219,123.13,123.13,123.13,123.13,0
IPO063,20161220,123.31,123.31,123.31,123.31,0
IPO063,20161221,123.26,123.26,123.26,123.26,0
IPO063,20161222,123.26,123.26,123.26,123.26,0
IPO063,20161223,123.32,123.32,123.32,123.32,0
IPO063,20161227,123.28,123.28,123.28,123.28,0
IPO063,20161228,123.19,123.19,123.19,123.19,0
IPO063,20161229,123.43,123.43,123.43,123.43,0
IPO063,20161230,123.47,123.47,123.47,123.47,0
IPO063,20170102,122.50,122.50,122.50,122.50,0
IPO063,20170103,122.45,122.45,122.45,122.45,0
IPO063,20170104,122.44,122.44,122.44,122.44,0
IPO063,20170105,122.66,122.66,122.66,122.66,0
IPO063,20170109,122.66,122.66,122.66,122.66,0
IPO063,20170110,123.15,123.15,123.15,123.15,0
IPO063,20170111,123.18,123.18,123.18,123.18,0
IPO063,20170112,123.34,123.34,123.34,123.34,0
IPO063,20170113,123.30,123.30,123.30,123.30,0
IPO063,20170116,123.35,123.35,123.35,123.35,0
IPO063,20170117,123.47,123.47,123.47,123.47,0
IPO063,20170118,123.51,123.51,123.51,123.51,0
IPO063,20170119,123.44,123.44,123.44,123.44,0
IPO063,20170120,123.41,123.41,123.41,123.41,0
IPO063,20170123,123.54,123.54,123.54,123.54,0
IPO063,20170124,123.64,123.64,123.64,123.64,0
IPO063,20170125,123.66,123.66,123.66,123.66,0
IPO063,20170126,123.41,123.41,123.41,123.41,0
IPO063,20170127,123.38,123.38,123.38,123.38,0
IPO063,20170130,123.56,123.56,123.56,123.56,0
IPO063,20170131,123.54,123.54,123.54,123.54,0
IPO063,20170201,123.60,123.60,123.60,123.60,0
IPO063,20170202,123.85,123.85,123.85,123.85,0
IPO063,20170203,123.77,123.77,123.77,123.77,0
IPO063,20170206,123.88,123.88,123.88,123.88,0
IPO063,20170207,123.67,123.67,123.67,123.67,0
IPO063,20170208,123.75,123.75,123.75,123.75,0
IPO063,20170209,123.72,123.72,123.72,123.72,0
IPO063,20170210,123.77,123.77,123.77,123.77,0
IPO063,20170213,123.57,123.57,123.57,123.57,0
IPO063,20170214,123.66,123.66,123.66,123.66,0
IPO063,20170215,123.47,123.47,123.47,123.47,0
IPO063,20170216,123.72,123.72,123.72,123.72,0
IPO063,20170217,123.69,123.69,123.69,123.69,0
IPO063,20170220,123.72,123.72,123.72,123.72,0
IPO063,20170221,123.49,123.49,123.49,123.49,0
IPO063,20170222,123.57,123.57,123.57,123.57,0
IPO063,20170223,123.77,123.77,123.77,123.77,0
IPO063,20170224,123.90,123.90,123.90,123.90,0
IPO063,20170227,123.89,123.89,123.89,123.89,0
IPO063,20170228,123.92,123.92,123.92,123.92,0
IPO063,20170301,123.97,123.97,123.97,123.97,0
IPO063,20170302,124.31,124.31,124.31,124.31,0
IPO063,20170303,124.44,124.44,124.44,124.44,0
IPO063,20170306,124.55,124.55,124.55,124.55,0
IPO063,20170307,124.36,124.36,124.36,124.36,0
IPO063,20170308,123.95,123.95,123.95,123.95,0
IPO063,20170309,123.87,123.87,123.87,123.87,0
IPO063,20170310,123.99,123.99,123.99,123.99,0
IPO063,20170313,124.13,124.13,124.13,124.13,0
IPO063,20170314,123.99,123.99,123.99,123.99,0
IPO063,20170315,124.03,124.03,124.03,124.03,0
IPO063,20170316,123.96,123.96,123.96,123.96,0
IPO063,20170317,124.02,124.02,124.02,124.02,0
IPO063,20170320,124.08,124.08,124.08,124.08,0
IPO063,20170321,124.17,124.17,124.17,124.17,0
IPO063,20170322,124.42,124.42,124.42,124.42,0
IPO063,20170323,124.68,124.68,124.68,124.68,0
IPO063,20170324,124.61,124.61,124.61,124.61,0
IPO063,20170327,124.78,124.78,124.78,124.78,0
IPO063,20170328,124.73,124.73,124.73,124.73,0
IPO063,20170329,124.70,124.70,124.70,124.70,0
IPO063,20170330,124.82,124.82,124.82,124.82,0
IPO063,20170331,124.89,124.89,124.89,124.89,0
IPO063,20170403,125.03,125.03,125.03,125.03,0
IPO063,20170404,125.06,125.06,125.06,125.06,0
IPO063,20170405,125.18,125.18,125.18,125.18,0
IPO063,20170406,125.20,125.20,125.20,125.20,0
IPO063,20170407,125.17,125.17,125.17,125.17,0
IPO063,20170410,125.07,125.07,125.07,125.07,0
IPO063,20170411,125.07,125.07,125.07,125.07,0
IPO063,20170412,125.06,125.06,125.06,125.06,0
IPO063,20170413,125.06,125.06,125.06,125.06,0
IPO063,20170418,124.99,124.99,124.99,124.99,0
IPO063,20170419,125.02,125.02,125.02,125.02,0
IPO063,20170420,124.97,124.97,124.97,124.97,0
IPO063,20170421,125.10,125.10,125.10,125.10,0
IPO063,20170424,125.22,125.22,125.22,125.22,0
IPO063,20170425,124.88,124.88,124.88,124.88,0
IPO063,20170426,124.73,124.73,124.73,124.73,0
IPO063,20170427,124.87,124.87,124.87,124.87,0
IPO063,20170428,124.91,124.91,124.91,124.91,0
IPO063,20170502,124.89,124.89,124.89,124.89,0
IPO063,20170504,124.75,124.75,124.75,124.75,0
IPO063,20170505,124.71,124.71,124.71,124.71,0
IPO063,20170508,124.67,124.67,124.67,124.67,0
IPO063,20170509,124.42,124.42,124.42,124.42,0
IPO063,20170510,124.77,124.77,124.77,124.77,0
IPO063,20170511,124.90,124.90,124.90,124.90,0
IPO063,20170512,125.14,125.14,125.14,125.14,0
IPO063,20170515,125.04,125.04,125.04,125.04,0
IPO063,20170516,125.04,125.04,125.04,125.04,0
IPO063,20170517,125.15,125.15,125.15,125.15,0
IPO063,20170518,125.11,125.11,125.11,125.11,0
IPO063,20170519,125.17,125.17,125.17,125.17,0
IPO063,20170522,125.12,125.12,125.12,125.12,0
IPO063,20170523,125.14,125.14,125.14,125.14,0
IPO063,20170524,125.23,125.23,125.23,125.23,0
IPO063,20170525,125.35,125.35,125.35,125.35,0
IPO063,20170526,125.55,125.55,125.55,125.55,0
IPO063,20170529,125.58,125.58,125.58,125.58,0
IPO063,20170530,125.57,125.57,125.57,125.57,0
IPO063,20170531,125.64,125.64,125.64,125.64,0
IPO063,20170601,125.62,125.62,125.62,125.62,0
IPO063,20170602,125.81,125.81,125.81,125.81,0
IPO063,20170605,125.81,125.81,125.81,125.81,0
IPO063,20170606,125.88,125.88,125.88,125.88,0
IPO063,20170607,125.85,125.85,125.85,125.85,0
IPO063,20170608,125.90,125.90,125.90,125.90,0
IPO063,20170609,125.99,125.99,125.99,125.99,0
IPO063,20170612,125.86,125.86,125.86,125.86,0
IPO063,20170613,125.78,125.78,125.78,125.78,0
IPO063,20170614,125.96,125.96,125.96,125.96,0
IPO063,20170616,125.88,125.88,125.88,125.88,0
IPO063,20170619,125.85,125.85,125.85,125.85,0
IPO063,20170620,125.72,125.72,125.72,125.72,0
IPO063,20170621,125.73,125.73,125.73,125.73,0
IPO063,20170622,125.76,125.76,125.76,125.76,0
IPO063,20170623,125.81,125.81,125.81,125.81,0
IPO063,20170626,125.92,125.92,125.92,125.92,0
IPO063,20170627,125.99,125.99,125.99,125.99,0
IPO063,20170628,125.87,125.87,125.87,125.87,0
IPO063,20170629,125.89,125.89,125.89,125.89,0
IPO063,20170630,126.02,126.02,126.02,126.02,0
IPO063,20170703,126.36,126.36,126.36,126.36,0
IPO063,20170704,126.59,126.59,126.59,126.59,0
IPO063,20170705,126.18,126.18,126.18,126.18,0
IPO063,20170706,126.03,126.03,126.03,126.03,0
IPO063,20170707,126.08,126.08,126.08,126.08,0
IPO063,20170710,126.27,126.27,126.27,126.27,0
IPO063,20170711,126.16,126.16,126.16,126.16,0
IPO063,20170712,126.30,126.30,126.30,126.30,0
IPO063,20170713,126.35,126.35,126.35,126.35,0
IPO063,20170714,126.49,126.49,126.49,126.49,0
IPO063,20170717,126.46,126.46,126.46,126.46,0
IPO063,20170718,126.47,126.47,126.47,126.47,0
IPO063,20170719,126.54,126.54,126.54,126.54,0
IPO063,20170720,126.52,126.52,126.52,126.52,0
IPO063,20170721,126.46,126.46,126.46,126.46,0
IPO063,20170724,126.33,126.33,126.33,126.33,0
IPO063,20170725,126.30,126.30,126.30,126.30,0
IPO063,20170726,126.45,126.45,126.45,126.45,0
IPO063,20170727,126.45,126.45,126.45,126.45,0
IPO063,20170728,126.49,126.49,126.49,126.49,0
IPO063,20170731,126.47,126.47,126.47,126.47,0
IPO063,20170801,126.53,126.53,126.53,126.53,0
IPO063,20170802,126.48,126.48,126.48,126.48,0
IPO063,20170803,126.49,126.49,126.49,126.49,0
IPO063,20170804,126.46,126.46,126.46,126.46,0
IPO063,20170807,126.48,126.48,126.48,126.48,0
IPO063,20170808,126.50,126.50,126.50,126.50,0
IPO063,20170809,126.28,126.28,126.28,126.28,0
IPO063,20170810,126.28,126.28,126.28,126.28,0
IPO063,20170811,126.00,126.00,126.00,126.00,0
IPO063,20170814,126.08,126.08,126.08,126.08,0
IPO063,20170816,126.27,126.27,126.27,126.27,0
IPO063,20170817,126.22,126.22,126.22,126.22,0
IPO063,20170818,126.34,126.34,126.34,126.34,0
IPO063,20170821,126.41,126.41,126.41,126.41,0
IPO063,20170822,126.52,126.52,126.52,126.52,0
IPO063,20170823,126.49,126.49,126.49,126.49,0
IPO063,20170824,126.67,126.67,126.67,126.67,0
IPO063,20170825,126.69,126.69,126.69,126.69,0
IPO063,20170828,126.66,126.66,126.66,126.66,0
IPO063,20170829,126.42,126.42,126.42,126.42,0
IPO063,20170830,126.53,126.53,126.53,126.53,0
IPO063,20170831,126.87,126.87,126.87,126.87,0
IPO063,20170901,127.03,127.03,127.03,127.03,0
IPO063,20170904,127.05,127.05,127.05,127.05,0
IPO063,20170905,127.09,127.09,127.09,127.09,0
IPO063,20170906,127.08,127.08,127.08,127.08,0
IPO063,20170907,127.04,127.04,127.04,127.04,0
IPO063,20170908,127.08,127.08,127.08,127.08,0
IPO063,20170911,127.09,127.09,127.09,127.09,0
IPO063,20170912,127.08,127.08,127.08,127.08,0
IPO063,20170913,127.01,127.01,127.01,127.01,0
IPO063,20170914,126.84,126.84,126.84,126.84,0
IPO063,20170915,126.66,126.66,126.66,126.66,0
IPO063,20170918,126.69,126.69,126.69,126.69,0
IPO063,20170919,126.54,126.54,126.54,126.54,0
IPO063,20170920,126.48,126.48,126.48,126.48,0
