Name,Date,Open,High,Low,Close,Volume
IPO082,20121121,100.00,100.00,100.00,100.00,0
IPO082,20121122,100.04,100.04,100.04,100.04,0
IPO082,20121123,100.06,100.06,100.06,100.06,0
IPO082,20121126,100.10,100.10,100.10,100.10,0
IPO082,20121127,100.12,100.12,100.12,100.12,0
IPO082,20121128,100.13,100.13,100.13,100.13,0
IPO082,20121129,100.15,100.15,100.15,100.15,0
IPO082,20121130,100.16,100.16,100.16,100.16,0
IPO082,20121203,100.17,100.17,100.17,100.17,0
IPO082,20121204,100.20,100.20,100.20,100.20,0
IPO082,20121205,100.21,100.21,100.21,100.21,0
IPO082,20121206,100.25,100.25,100.25,100.25,0
IPO082,20121207,100.27,100.27,100.27,100.27,0
IPO082,20121210,100.29,100.29,100.29,100.29,0
IPO082,20121211,100.31,100.31,100.31,100.31,0
IPO082,20121212,100.32,100.32,100.32,100.32,0
IPO082,20121213,100.32,100.32,100.32,100.32,0
IPO082,20121214,100.33,100.33,100.33,100.33,0
IPO082,20121217,100.37,100.37,100.37,100.37,0
IPO082,20121218,100.38,100.38,100.38,100.38,0
IPO082,20121219,100.39,100.39,100.39,100.39,0
IPO082,20121220,100.41,100.41,100.41,100.41,0
IPO082,20121221,100.43,100.43,100.43,100.43,0
IPO082,20121227,100.49,100.49,100.49,100.49,0
IPO082,20121228,100.53,100.53,100.53,100.53,0
IPO082,20130102,100.56,100.56,100.56,100.56,0
IPO082,20130103,100.56,100.56,100.56,100.56,0
IPO082,20130104,100.57,100.57,100.57,100.57,0
IPO082,20130107,100.61,100.61,100.61,100.61,0
IPO082,20130108,100.62,100.62,100.62,100.62,0
IPO082,20130109,100.62,100.62,100.62,100.62,0
IPO082,20130110,100.63,100.63,100.63,100.63,0
IPO082,20130111,100.65,100.65,100.65,100.65,0
IPO082,20130114,100.68,100.68,100.68,100.68,0
IPO082,20130115,100.69,100.69,100.69,100.69,0
IPO082,20130116,100.67,100.67,100.67,100.67,0
IPO082,20130117,100.74,100.74,100.74,100.74,0
IPO082,20130118,100.75,100.75,100.75,100.75,0
IPO082,20130121,100.77,100.77,100.77,100.77,0
IPO082,20130122,100.78,100.78,100.78,100.78,0
IPO082,20130123,100.80,100.80,100.80,100.80,0
IPO082,20130124,100.81,100.81,100.81,100.81,0
IPO082,20130125,100.83,100.83,100.83,100.83,0
IPO082,20130128,100.86,100.86,100.86,100.86,0
IPO082,20130129,100.86,100.86,100.86,100.86,0
IPO082,20130130,100.87,100.87,100.87,100.87,0
IPO082,20130131,100.88,100.88,100.88,100.88,0
IPO082,20130201,100.89,100.89,100.89,100.89,0
IPO082,20130204,100.93,100.93,100.93,100.93,0
IPO082,20130205,100.94,100.94,100.94,100.94,0
IPO082,20130206,100.95,100.95,100.95,100.95,0
IPO082,20130207,100.95,100.95,100.95,100.95,0
IPO082,20130208,100.96,100.96,100.96,100.96,0
IPO082,20130211,101.00,101.00,101.00,101.00,0
IPO082,20130212,101.13,101.13,101.13,101.13,0
IPO082,20130213,101.14,101.14,101.14,101.14,0
IPO082,20130214,101.14,101.14,101.14,101.14,0
IPO082,20130215,101.15,101.15,101.15,101.15,0
IPO082,20130218,101.17,101.17,101.17,101.17,0
IPO082,20130219,101.18,101.18,101.18,101.18,0
IPO082,20130221,101.19,101.19,101.19,101.19,0
IPO082,20130222,101.20,101.20,101.20,101.20,0
IPO082,20130225,101.22,101.22,101.22,101.22,0
IPO082,20130226,101.23,101.23,101.23,101.23,0
IPO082,20130227,101.23,101.23,101.23,101.23,0
IPO082,20130228,101.24,101.24,101.24,101.24,0
IPO082,20130301,101.25,101.25,101.25,101.25,0
IPO082,20130304,101.27,101.27,101.27,101.27,0
IPO082,20130305,101.28,101.28,101.28,101.28,0
IPO082,20130306,101.29,101.29,101.29,101.29,0
IPO082,20130307,101.30,101.30,101.30,101.30,0
IPO082,20130308,101.30,101.30,101.30,101.30,0
IPO082,20130311,101.32,101.32,101.32,101.32,0
IPO082,20130312,101.34,101.34,101.34,101.34,0
IPO082,20130313,101.35,101.35,101.35,101.35,0
IPO082,20130314,101.36,101.36,101.36,101.36,0
IPO082,20130315,101.37,101.37,101.37,101.37,0
IPO082,20130318,101.40,101.40,101.40,101.40,0
IPO082,20130319,101.41,101.41,101.41,101.41,0
IPO082,20130320,101.41,101.41,101.41,101.41,0
IPO082,20130321,101.42,101.42,101.42,101.42,0
IPO082,20130322,101.42,101.42,101.42,101.42,0
IPO082,20130325,101.44,101.44,101.44,101.44,0
IPO082,20130326,101.45,101.45,101.45,101.45,0
IPO082,20130327,101.46,101.46,101.46,101.46,0
IPO082,20130328,101.47,101.47,101.47,101.47,0
IPO082,20130402,101.52,101.52,101.52,101.52,0
IPO082,20130403,101.53,101.53,101.53,101.53,0
IPO082,20130404,101.54,101.54,101.54,101.54,0
IPO082,20130405,101.55,101.55,101.55,101.55,0
IPO082,20130408,101.58,101.58,101.58,101.58,0
IPO082,20130409,101.59,101.59,101.59,101.59,0
IPO082,20130410,101.60,101.60,101.60,101.60,0
IPO082,20130411,101.60,101.60,101.60,101.60,0
IPO082,20130412,101.61,101.61,101.61,101.61,0
IPO082,20130415,101.63,101.63,101.63,101.63,0
IPO082,20130417,101.66,101.66,101.66,101.66,0
IPO082,20130418,101.66,101.66,101.66,101.66,0
IPO082,20130419,101.67,101.67,101.67,101.67,0
IPO082,20130422,101.68,101.68,101.68,101.68,0
IPO082,20130423,101.68,101.68,101.68,101.68,0
IPO082,20130424,101.70,101.70,101.70,101.70,0
IPO082,20130425,101.71,101.71,101.71,101.71,0
IPO082,20130426,101.71,101.71,101.71,101.71,0
IPO082,20130429,101.74,101.74,101.74,101.74,0
IPO082,20130430,101.75,101.75,101.75,101.75,0
IPO082,20130502,101.77,101.77,101.77,101.77,0
IPO082,20130506,101.80,101.80,101.80,101.80,0
IPO082,20130507,101.81,101.81,101.81,101.81,0
IPO082,20130508,101.81,101.81,101.81,101.81,0
IPO082,20130509,101.82,101.82,101.82,101.82,0
IPO082,20130510,101.82,101.82,101.82,101.82,0
IPO082,20130513,101.85,101.85,101.85,101.85,0
IPO082,20130514,101.85,101.85,101.85,101.85,0
IPO082,20130515,101.86,101.86,101.86,101.86,0
IPO082,20130516,101.87,101.87,101.87,101.87,0
IPO082,20130517,101.88,101.88,101.88,101.88,0
IPO082,20130520,101.92,101.92,101.92,101.92,0
IPO082,20130521,101.91,101.91,101.91,101.91,0
IPO082,20130522,101.90,101.90,101.90,101.90,0
IPO082,20130523,101.89,101.89,101.89,101.89,0
IPO082,20130524,101.90,101.90,101.90,101.90,0
IPO082,20130527,101.93,101.93,101.93,101.93,0
IPO082,20130528,101.93,101.93,101.93,101.93,0
IPO082,20130529,101.94,101.94,101.94,101.94,0
IPO082,20130531,101.96,101.96,101.96,101.96,0
IPO082,20130603,102.00,102.00,102.00,102.00,0
IPO082,20130604,102.01,102.01,102.01,102.01,0
IPO082,20130605,102.02,102.02,102.02,102.02,0
IPO082,20130606,102.00,102.00,102.00,102.00,0
IPO082,20130607,101.98,101.98,101.98,101.98,0
IPO082,20130610,101.98,101.98,101.98,101.98,0
IPO082,20130611,101.98,101.98,101.98,101.98,0
IPO082,20130612,102.00,102.00,102.00,102.00,0
IPO082,20130613,102.02,102.02,102.02,102.02,0
IPO082,20130614,102.02,102.02,102.02,102.02,0
IPO082,20130617,102.04,102.04,102.04,102.04,0
IPO082,20130618,102.04,102.04,102.04,102.04,0
IPO082,20130619,102.05,102.05,102.05,102.05,0
IPO082,20130620,101.99,101.99,101.99,101.99,0
IPO082,20130621,101.98,101.98,101.98,101.98,0
IPO082,20130624,102.02,102.02,102.02,102.02,0
IPO082,20130625,102.05,102.05,102.05,102.05,0
IPO082,20130626,102.05,102.05,102.05,102.05,0
IPO082,20130627,102.06,102.06,102.06,102.06,0
IPO082,20130628,102.08,102.08,102.08,102.08,0
IPO082,20130701,102.10,102.10,102.10,102.10,0
IPO082,20130702,102.13,102.13,102.13,102.13,0
IPO082,20130703,102.13,102.13,102.13,102.13,0
IPO082,20130704,102.16,102.16,102.16,102.16,0
IPO082,20130705,102.17,102.17,102.17,102.17,0
IPO082,20130708,102.20,102.20,102.20,102.20,0
IPO082,20130709,102.21,102.21,102.21,102.21,0
IPO082,20130710,102.22,102.22,102.22,102.22,0
IPO082,20130711,102.22,102.22,102.22,102.22,0
IPO082,20130712,102.23,102.23,102.23,102.23,0
IPO082,20130715,102.26,102.26,102.26,102.26,0
IPO082,20130716,102.29,102.29,102.29,102.29,0
IPO082,20130717,102.29,102.29,102.29,102.29,0
IPO082,20130718,102.29,102.29,102.29,102.29,0
IPO082,20130719,102.30,102.30,102.30,102.30,0
IPO082,20130722,102.34,102.34,102.34,102.34,0
IPO082,20130723,102.35,102.35,102.35,102.35,0
IPO082,20130724,102.36,102.36,102.36,102.36,0
IPO082,20130725,102.35,102.35,102.35,102.35,0
IPO082,20130726,102.38,102.38,102.38,102.38,0
IPO082,20130729,102.41,102.41,102.41,102.41,0
IPO082,20130730,102.42,102.42,102.42,102.42,0
IPO082,20130731,102.46,102.46,102.46,102.46,0
IPO082,20130801,102.47,102.47,102.47,102.47,0
IPO082,20130802,102.45,102.45,102.45,102.45,0
IPO082,20130805,102.48,102.48,102.48,102.48,0
IPO082,20130806,102.47,102.47,102.47,102.47,0
IPO082,20130807,102.47,102.47,102.47,102.47,0
IPO082,20130808,102.51,102.51,102.51,102.51,0
IPO082,20130809,102.51,102.51,102.51,102.51,0
IPO082,20130812,102.53,102.53,102.53,102.53,0
IPO082,20130813,102.53,102.53,102.53,102.53,0
IPO082,20130814,102.54,102.54,102.54,102.54,0
IPO082,20130816,102.55,102.55,102.55,102.55,0
IPO082,20130819,102.57,102.57,102.57,102.57,0
IPO082,20130820,102.58,102.58,102.58,102.58,0
IPO082,20130821,102.58,102.58,102.58,102.58,0
IPO082,20130822,102.59,102.59,102.59,102.59,0
IPO082,20130823,102.60,102.60,102.60,102.60,0
IPO082,20130826,102.61,102.61,102.61,102.61,0
IPO082,20130827,102.62,102.62,102.62,102.62,0
IPO082,20130828,102.63,102.63,102.63,102.63,0
IPO082,20130829,102.63,102.63,102.63,102.63,0
IPO082,20130830,102.64,102.64,102.64,102.64,0
IPO082,20130902,102.65,102.65,102.65,102.65,0
IPO082,20130903,102.65,102.65,102.65,102.65,0
IPO082,20130904,102.66,102.66,102.66,102.66,0
IPO082,20130905,102.64,102.64,102.64,102.64,0
IPO082,20130906,102.64,102.64,102.64,102.64,0
IPO082,20130909,102.72,102.72,102.72,102.72,0
IPO082,20130910,102.72,102.72,102.72,102.72,0
IPO082,20130911,102.76,102.76,102.76,102.76,0
IPO082,20130912,102.78,102.78,102.78,102.78,0
IPO082,20130913,102.80,102.80,102.80,102.80,0
IPO082,20130916,102.84,102.84,102.84,102.84,0
IPO082,20130917,102.84,102.84,102.84,102.84,0
IPO082,20130918,102.86,102.86,102.86,102.86,0
IPO082,20130919,102.89,102.89,102.89,102.89,0
IPO082,20130920,102.90,102.90,102.90,102.90,0
IPO082,20130923,102.93,102.93,102.93,102.93,0
IPO082,20130924,102.93,102.93,102.93,102.93,0
IPO082,20130925,102.94,102.94,102.94,102.94,0
IPO082,20130926,102.95,102.95,102.95,102.95,0
IPO082,20130927,102.96,102.96,102.96,102.96,0
IPO082,20130930,103.00,103.00,103.00,103.00,0
IPO082,20131001,103.01,103.01,103.01,103.01,0
IPO082,20131002,103.02,103.02,103.02,103.02,0
IPO082,20131003,103.02,103.02,103.02,103.02,0
IPO082,20131004,103.03,103.03,103.03,103.03,0
IPO082,20131007,103.07,103.07,103.07,103.07,0
IPO082,20131008,103.09,103.09,103.09,103.09,0
IPO082,20131009,103.11,103.11,103.11,103.11,0
IPO082,20131010,103.11,103.11,103.11,103.11,0
IPO082,20131011,103.13,103.13,103.13,103.13,0
IPO082,20131014,103.20,103.20,103.20,103.20,0
IPO082,20131015,103.20,103.20,103.20,103.20,0
IPO082,20131016,103.21,103.21,103.21,103.21,0
IPO082,20131017,103.24,103.24,103.24,103.24,0
IPO082,20131018,103.23,103.23,103.23,103.23,0
IPO082,20131021,103.26,103.26,103.26,103.26,0
IPO082,20131022,103.28,103.28,103.28,103.28,0
IPO082,20131023,103.30,103.30,103.30,103.30,0
IPO082,20131024,103.32,103.32,103.32,103.32,0
IPO082,20131025,103.32,103.32,103.32,103.32,0
IPO082,20131028,103.34,103.34,103.34,103.34,0
IPO082,20131029,103.34,103.34,103.34,103.34,0
IPO082,20131030,103.35,103.35,103.35,103.35,0
IPO082,20131031,103.35,103.35,103.35,103.35,0
IPO082,20131104,103.38,103.38,103.38,103.38,0
IPO082,20131105,103.39,103.39,103.39,103.39,0
IPO082,20131106,103.40,103.40,103.40,103.40,0
IPO082,20131107,103.41,103.41,103.41,103.41,0
IPO082,20131108,103.41,103.41,103.41,103.41,0
IPO082,20131112,103.57,103.57,103.57,103.57,0
IPO082,20131113,103.58,103.58,103.58,103.58,0
IPO082,20131114,103.58,103.58,103.58,103.58,0
IPO082,20131115,103.57,103.57,103.57,103.57,0
IPO082,20131118,103.59,103.59,103.59,103.59,0
IPO082,20131119,103.60,103.60,103.60,103.60,0
IPO082,20131120,103.59,103.59,103.59,103.59,0
IPO082,20131121,103.61,103.61,103.61,103.61,0
IPO082,20131122,103.62,103.62,103.62,103.62,0
IPO082,20131125,103.64,103.64,103.64,103.64,0
IPO082,20131126,103.65,103.65,103.65,103.65,0
IPO082,20131127,103.62,103.62,103.62,103.62,0
IPO082,20131128,103.63,103.63,103.63,103.63,0
IPO082,20131129,103.65,103.65,103.65,103.65,0
IPO082,20131202,103.67,103.67,103.67,103.67,0
IPO082,20131203,103.65,103.65,103.65,103.65,0
IPO082,20131204,103.65,103.65,103.65,103.65,0
IPO082,20131205,103.65,103.65,103.65,103.65,0
IPO082,20131206,103.65,103.65,103.65,103.65,0
IPO082,20131209,103.68,103.68,103.68,103.68,0
IPO082,20131210,103.68,103.68,103.68,103.68,0
IPO082,20131211,103.73,103.73,103.73,103.73,0
IPO082,20131212,103.74,103.74,103.74,103.74,0
IPO082,20131213,103.74,103.74,103.74,103.74,0
IPO082,20131216,103.78,103.78,103.78,103.78,0
IPO082,20131217,103.78,103.78,103.78,103.78,0
IPO082,20131218,103.80,103.80,103.80,103.80,0
IPO082,20131219,103.81,103.81,103.81,103.81,0
IPO082,20131220,103.82,103.82,103.82,103.82,0
IPO082,20131223,103.97,103.97,103.97,103.97,0
IPO082,20131227,103.99,103.99,103.99,103.99,0
IPO082,20131230,104.00,104.00,104.00,104.00,0
IPO082,20140102,104.02,104.02,104.02,104.02,0
IPO082,20140103,104.03,104.03,104.03,104.03,0
IPO082,20140107,104.05,104.05,104.05,104.05,0
IPO082,20140108,104.09,104.09,104.09,104.09,0
IPO082,20140109,104.12,104.12,104.12,104.12,0
IPO082,20140110,104.14,104.14,104.14,104.14,0
IPO082,20140113,104.15,104.15,104.15,104.15,0
IPO082,20140114,104.15,104.15,104.15,104.15,0
IPO082,20140115,104.14,104.14,104.14,104.14,0
IPO082,20140116,104.15,104.15,104.15,104.15,0
IPO082,20140117,104.16,104.16,104.16,104.16,0
IPO082,20140120,104.18,104.18,104.18,104.18,0
IPO082,20140121,104.18,104.18,104.18,104.18,0
IPO082,20140122,104.19,104.19,104.19,104.19,0
IPO082,20140123,104.22,104.22,104.22,104.22,0
IPO082,20140124,104.20,104.20,104.20,104.20,0
IPO082,20140127,104.22,104.22,104.22,104.22,0
IPO082,20140128,104.23,104.23,104.23,104.23,0
IPO082,20140129,104.06,104.06,104.06,104.06,0
IPO082,20140130,104.11,104.11,104.11,104.11,0
IPO082,20140131,104.15,104.15,104.15,104.15,0
IPO082,20140203,104.17,104.17,104.17,104.17,0
IPO082,20140204,104.18,104.18,104.18,104.18,0
IPO082,20140205,104.18,104.18,104.18,104.18,0
IPO082,20140206,104.21,104.21,104.21,104.21,0
IPO082,20140207,104.26,104.26,104.26,104.26,0
IPO082,20140210,104.28,104.28,104.28,104.28,0
IPO082,20140211,104.29,104.29,104.29,104.29,0
IPO082,20140212,104.29,104.29,104.29,104.29,0
IPO082,20140213,104.30,104.30,104.30,104.30,0
IPO082,20140214,104.31,104.31,104.31,104.31,0
IPO082,20140217,104.33,104.33,104.33,104.33,0
IPO082,20140218,104.34,104.34,104.34,104.34,0
IPO082,20140219,104.34,104.34,104.34,104.34,0
IPO082,20140220,104.35,104.35,104.35,104.35,0
IPO082,20140221,104.36,104.36,104.36,104.36,0
IPO082,20140224,104.42,104.42,104.42,104.42,0
IPO082,20140225,104.43,104.43,104.43,104.43,0
IPO082,20140226,104.46,104.46,104.46,104.46,0
IPO082,20140227,104.47,104.47,104.47,104.47,0
IPO082,20140228,104.49,104.49,104.49,104.49,0
IPO082,20140303,104.48,104.48,104.48,104.48,0
IPO082,20140304,104.48,104.48,104.48,104.48,0
IPO082,20140305,104.49,104.49,104.49,104.49,0
IPO082,20140306,104.49,104.49,104.49,104.49,0
IPO082,20140307,104.50,104.50,104.50,104.50,0
IPO082,20140310,104.52,104.52,104.52,104.52,0
IPO082,20140311,104.53,104.53,104.53,104.53,0
IPO082,20140312,104.54,104.54,104.54,104.54,0
IPO082,20140313,104.53,104.53,104.53,104.53,0
IPO082,20140314,104.53,104.53,104.53,104.53,0
IPO082,20140317,104.55,104.55,104.55,104.55,0
IPO082,20140318,104.56,104.56,104.56,104.56,0
IPO082,20140319,104.56,104.56,104.56,104.56,0
IPO082,20140320,104.57,104.57,104.57,104.57,0
IPO082,20140321,104.58,104.58,104.58,104.58,0
IPO082,20140324,104.60,104.60,104.60,104.60,0
IPO082,20140325,104.62,104.62,104.62,104.62,0
IPO082,20140326,104.63,104.63,104.63,104.63,0
IPO082,20140327,104.60,104.60,104.60,104.60,0
IPO082,20140328,104.61,104.61,104.61,104.61,0
IPO082,20140331,104.64,104.64,104.64,104.64,0
IPO082,20140401,104.64,104.64,104.64,104.64,0
IPO082,20140402,104.64,104.64,104.64,104.64,0
IPO082,20140403,104.67,104.67,104.67,104.67,0
IPO082,20140404,104.70,104.70,104.70,104.70,0
IPO082,20140407,104.91,104.91,104.91,104.91,0
IPO082,20140408,104.94,104.94,104.94,104.94,0
IPO082,20140409,104.95,104.95,104.95,104.95,0
IPO082,20140410,104.98,104.98,104.98,104.98,0
IPO082,20140411,104.98,104.98,104.98,104.98,0
IPO082,20140414,105.00,105.00,105.00,105.00,0
IPO082,20140415,105.01,105.01,105.01,105.01,0
IPO082,20140416,105.00,105.00,105.00,105.00,0
IPO082,20140417,105.07,105.07,105.07,105.07,0
IPO082,20140422,105.12,105.12,105.12,105.12,0
IPO082,20140423,105.13,105.13,105.13,105.13,0
IPO082,20140424,105.13,105.13,105.13,105.13,0
IPO082,20140425,105.14,105.14,105.14,105.14,0
IPO082,20140428,105.16,105.16,105.16,105.16,0
IPO082,20140429,105.17,105.17,105.17,105.17,0
IPO082,20140430,105.18,105.18,105.18,105.18,0
IPO082,20140502,105.19,105.19,105.19,105.19,0
IPO082,20140505,105.21,105.21,105.21,105.21,0
IPO082,20140506,105.21,105.21,105.21,105.21,0
IPO082,20140507,105.30,105.30,105.30,105.30,0
IPO082,20140508,105.31,105.31,105.31,105.31,0
IPO082,20140509,105.32,105.32,105.32,105.32,0
IPO082,20140512,105.34,105.34,105.34,105.34,0
IPO082,20140513,105.41,105.41,105.41,105.41,0
IPO082,20140514,105.42,105.42,105.42,105.42,0
IPO082,20140515,105.47,105.47,105.47,105.47,0
IPO082,20140516,105.47,105.47,105.47,105.47,0
IPO082,20140519,105.48,105.48,105.48,105.48,0
IPO082,20140520,105.48,105.48,105.48,105.48,0
IPO082,20140521,105.47,105.47,105.47,105.47,0
IPO082,20140522,105.48,105.48,105.48,105.48,0
IPO082,20140523,105.53,105.53,105.53,105.53,0
IPO082,20140526,105.54,105.54,105.54,105.54,0
IPO082,20140527,105.55,105.55,105.55,105.55,0
IPO082,20140528,105.55,105.55,105.55,105.55,0
IPO082,20140529,105.62,105.62,105.62,105.62,0
IPO082,20140530,105.60,105.60,105.60,105.60,0
IPO082,20140602,105.61,105.61,105.61,105.61,0
IPO082,20140603,105.64,105.64,105.64,105.64,0
IPO082,20140604,105.67,105.67,105.67,105.67,0
IPO082,20140605,105.69,105.69,105.69,105.69,0
IPO082,20140606,105.76,105.76,105.76,105.76,0
IPO082,20140609,105.81,105.81,105.81,105.81,0
IPO082,20140610,105.82,105.82,105.82,105.82,0
IPO082,20140611,105.81,105.81,105.81,105.81,0
IPO082,20140612,105.84,105.84,105.84,105.84,0
IPO082,20140613,105.85,105.85,105.85,105.85,0
IPO082,20140616,105.85,105.85,105.85,105.85,0
IPO082,20140617,105.86,105.86,105.86,105.86,0
IPO082,20140618,105.87,105.87,105.87,105.87,0
IPO082,20140620,105.88,105.88,105.88,105.88,0
IPO082,20140623,105.88,105.88,105.88,105.88,0
IPO082,20140624,105.91,105.91,105.91,105.91,0
IPO082,20140625,105.92,105.92,105.92,105.92,0
IPO082,20140626,105.94,105.94,105.94,105.94,0
IPO082,20140627,105.95,105.95,105.95,105.95,0
IPO082,20140630,105.96,105.96,105.96,105.96,0
IPO082,20140701,105.97,105.97,105.97,105.97,0
IPO082,20140702,105.97,105.97,105.97,105.97,0
IPO082,20140703,105.98,105.98,105.98,105.98,0
IPO082,20140704,106.00,106.00,106.00,106.00,0
IPO082,20140707,106.04,106.04,106.04,106.04,0
IPO082,20140708,106.05,106.05,106.05,106.05,0
IPO082,20140709,106.08,106.08,106.08,106.08,0
IPO082,20140710,106.09,106.09,106.09,106.09,0
IPO082,20140711,106.09,106.09,106.09,106.09,0
IPO082,20140714,106.11,106.11,106.11,106.11,0
IPO082,20140715,106.11,106.11,106.11,106.11,0
IPO082,20140716,106.10,106.10,106.10,106.10,0
IPO082,20140717,106.13,106.13,106.13,106.13,0
IPO082,20140718,106.13,106.13,106.13,106.13,0
IPO082,20140721,106.16,106.16,106.16,106.16,0
IPO082,20140722,106.17,106.17,106.17,106.17,0
IPO082,20140723,106.18,106.18,106.18,106.18,0
IPO082,20140724,106.19,106.19,106.19,106.19,0
IPO082,20140725,106.19,106.19,106.19,106.19,0
IPO082,20140728,106.22,106.22,106.22,106.22,0
IPO082,20140729,106.23,106.23,106.23,106.23,0
IPO082,20140730,106.24,106.24,106.24,106.24,0
IPO082,20140731,106.26,106.26,106.26,106.26,0
IPO082,20140801,106.22,106.22,106.22,106.22,0
IPO082,20140804,106.26,106.26,106.26,106.26,0
IPO082,20140805,106.25,106.25,106.25,106.25,0
IPO082,20140806,106.25,106.25,106.25,106.25,0
IPO082,20140807,106.27,106.27,106.27,106.27,0
IPO082,20140808,106.27,106.27,106.27,106.27,0
IPO082,20140811,106.30,106.30,106.30,106.30,0
IPO082,20140812,106.31,106.31,106.31,106.31,0
IPO082,20140813,106.33,106.33,106.33,106.33,0
IPO082,20140814,106.34,106.34,106.34,106.34,0
IPO082,20140818,106.38,106.38,106.38,106.38,0
IPO082,20140820,106.39,106.39,106.39,106.39,0
IPO082,20140821,106.41,106.41,106.41,106.41,0
IPO082,20140822,106.42,106.42,106.42,106.42,0
IPO082,20140825,106.44,106.44,106.44,106.44,0
IPO082,20140826,106.45,106.45,106.45,106.45,0
IPO082,20140827,106.46,106.46,106.46,106.46,0
IPO082,20140828,106.46,106.46,106.46,106.46,0
IPO082,20140829,106.47,106.47,106.47,106.47,0
IPO082,20140901,106.49,106.49,106.49,106.49,0
IPO082,20140902,106.58,106.58,106.58,106.58,0
IPO082,20140903,106.84,106.84,106.84,106.84,0
IPO082,20140904,106.84,106.84,106.84,106.84,0
IPO082,20140905,106.85,106.85,106.85,106.85,0
IPO082,20140908,106.87,106.87,106.87,106.87,0
IPO082,20140909,106.86,106.86,106.86,106.86,0
IPO082,20140910,106.86,106.86,106.86,106.86,0
IPO082,20140918,106.91,106.91,106.91,106.91,0
IPO082,20140919,106.91,106.91,106.91,106.91,0
IPO082,20140922,106.94,106.94,106.94,106.94,0
IPO082,20140923,106.94,106.94,106.94,106.94,0
IPO082,20140924,106.94,106.94,106.94,106.94,0
IPO082,20140925,106.95,106.95,106.95,106.95,0
IPO082,20140929,106.99,106.99,106.99,106.99,0
IPO082,20140930,107.00,107.00,107.00,107.00,0
IPO082,20141001,107.00,107.00,107.00,107.00,0
IPO082,20141002,107.01,107.01,107.01,107.01,0
IPO082,20141006,107.03,107.03,107.03,107.03,0
IPO082,20141007,107.04,107.04,107.04,107.04,0
IPO082,20141008,107.05,107.05,107.05,107.05,0
IPO082,20141009,107.09,107.09,107.09,107.09,0
IPO082,20141010,107.10,107.10,107.10,107.10,0
IPO082,20141013,107.11,107.11,107.11,107.11,0
IPO082,20141014,107.13,107.13,107.13,107.13,0
IPO082,20141015,107.14,107.14,107.14,107.14,0
IPO082,20141016,107.12,107.12,107.12,107.12,0
IPO082,20141017,107.13,107.13,107.13,107.13,0
IPO082,20141020,107.16,107.16,107.16,107.16,0
IPO082,20141021,107.16,107.16,107.16,107.16,0
IPO082,20141022,107.16,107.16,107.16,107.16,0
IPO082,20141023,107.16,107.16,107.16,107.16,0
IPO082,20141024,107.17,107.17,107.17,107.17,0
IPO082,20141027,107.19,107.19,107.19,107.19,0
IPO082,20141028,107.19,107.19,107.19,107.19,0
IPO082,20141029,107.20,107.20,107.20,107.20,0
IPO082,20141030,107.20,107.20,107.20,107.20,0
IPO082,20141031,107.22,107.22,107.22,107.22,0
IPO082,20141103,107.24,107.24,107.24,107.24,0
IPO082,20141104,107.24,107.24,107.24,107.24,0
IPO082,20141105,107.23,107.23,107.23,107.23,0
IPO082,20141106,107.24,107.24,107.24,107.24,0
IPO082,20141107,107.23,107.23,107.23,107.23,0
IPO082,20141110,107.25,107.25,107.25,107.25,0
IPO082,20141112,107.26,107.26,107.26,107.26,0
IPO082,20141113,107.25,107.25,107.25,107.25,0
IPO082,20141114,107.26,107.26,107.26,107.26,0
IPO082,20141117,107.27,107.27,107.27,107.27,0
IPO082,20141118,107.28,107.28,107.28,107.28,0
IPO082,20141119,107.28,107.28,107.28,107.28,0
IPO082,20141120,107.29,107.29,107.29,107.29,0
IPO082,20141121,107.30,107.30,107.30,107.30,0
IPO082,20141124,107.32,107.32,107.32,107.32,0
IPO082,20141125,107.33,107.33,107.33,107.33,0
IPO082,20141126,107.34,107.34,107.34,107.34,0
IPO082,20141127,107.35,107.35,107.35,107.35,0
IPO082,20141128,107.36,107.36,107.36,107.36,0
IPO082,20141201,107.38,107.38,107.38,107.38,0
IPO082,20141202,107.38,107.38,107.38,107.38,0
IPO082,20141203,107.37,107.37,107.37,107.37,0
IPO082,20141204,107.37,107.37,107.37,107.37,0
IPO082,20141205,107.36,107.36,107.36,107.36,0
IPO082,20141208,107.37,107.37,107.37,107.37,0
IPO082,20141209,107.38,107.38,107.38,107.38,0
IPO082,20141210,107.38,107.38,107.38,107.38,0
IPO082,20141211,107.38,107.38,107.38,107.38,0
IPO082,20141212,107.39,107.39,107.39,107.39,0
IPO082,20141215,107.41,107.41,107.41,107.41,0
IPO082,20141216,107.41,107.41,107.41,107.41,0
IPO082,20141217,107.41,107.41,107.41,107.41,0
IPO082,20141218,107.42,107.42,107.42,107.42,0
IPO082,20141219,107.40,107.40,107.40,107.40,0
IPO082,20141222,107.42,107.42,107.42,107.42,0
IPO082,20141223,107.42,107.42,107.42,107.42,0
IPO082,20141229,107.50,107.50,107.50,107.50,0
IPO082,20141230,107.50,107.50,107.50,107.50,0
IPO082,20150102,107.52,107.52,107.52,107.52,0
IPO082,20150105,107.54,107.54,107.54,107.54,0
IPO082,20150107,107.55,107.55,107.55,107.55,0
IPO082,20150108,107.55,107.55,107.55,107.55,0
IPO082,20150109,107.56,107.56,107.56,107.56,0
IPO082,20150112,107.56,107.56,107.56,107.56,0
IPO082,20150113,107.56,107.56,107.56,107.56,0
IPO082,20150114,107.59,107.59,107.59,107.59,0
IPO082,20150115,107.60,107.60,107.60,107.60,0
IPO082,20150116,107.61,107.61,107.61,107.61,0
IPO082,20150119,107.62,107.62,107.62,107.62,0
IPO082,20150120,107.62,107.62,107.62,107.62,0
IPO082,20150121,107.63,107.63,107.63,107.63,0
IPO082,20150122,107.66,107.66,107.66,107.66,0
IPO082,20150123,107.71,107.71,107.71,107.71,0
IPO082,20150126,107.72,107.72,107.72,107.72,0
IPO082,20150127,107.72,107.72,107.72,107.72,0
IPO082,20150128,107.73,107.73,107.73,107.73,0
IPO082,20150129,107.75,107.75,107.75,107.75,0
IPO082,20150130,107.76,107.76,107.76,107.76,0
IPO082,20150202,107.77,107.77,107.77,107.77,0
IPO082,20150203,107.78,107.78,107.78,107.78,0
IPO082,20150204,107.78,107.78,107.78,107.78,0
IPO082,20150205,107.78,107.78,107.78,107.78,0
IPO082,20150206,107.78,107.78,107.78,107.78,0
IPO082,20150209,107.75,107.75,107.75,107.75,0
IPO082,20150210,107.78,107.78,107.78,107.78,0
IPO082,20150211,107.78,107.78,107.78,107.78,0
IPO082,20150212,107.82,107.82,107.82,107.82,0
IPO082,20150213,107.83,107.83,107.83,107.83,0
IPO082,20150216,107.84,107.84,107.84,107.84,0
IPO082,20150217,107.84,107.84,107.84,107.84,0
IPO082,20150218,107.85,107.85,107.85,107.85,0
IPO082,20150219,107.85,107.85,107.85,107.85,0
IPO082,20150220,107.85,107.85,107.85,107.85,0
IPO082,20150223,107.85,107.85,107.85,107.85,0
IPO082,20150224,107.86,107.86,107.86,107.86,0
IPO082,20150225,107.86,107.86,107.86,107.86,0
IPO082,20150226,107.86,107.86,107.86,107.86,0
IPO082,20150227,107.86,107.86,107.86,107.86,0
IPO082,20150302,107.88,107.88,107.88,107.88,0
IPO082,20150303,107.88,107.88,107.88,107.88,0
IPO082,20150304,107.90,107.90,107.90,107.90,0
IPO082,20150305,107.90,107.90,107.90,107.90,0
IPO082,20150306,107.90,107.90,107.90,107.90,0
IPO082,20150309,107.90,107.90,107.90,107.90,0
IPO082,20150310,107.89,107.89,107.89,107.89,0
IPO082,20150311,107.89,107.89,107.89,107.89,0
IPO082,20150312,107.91,107.91,107.91,107.91,0
IPO082,20150313,107.91,107.91,107.91,107.91,0
IPO082,20150316,107.92,107.92,107.92,107.92,0
IPO082,20150317,107.92,107.92,107.92,107.92,0
IPO082,20150318,107.93,107.93,107.93,107.93,0
IPO082,20150319,107.94,107.94,107.94,107.94,0
IPO082,20150320,107.96,107.96,107.96,107.96,0
IPO082,20150323,107.97,107.97,107.97,107.97,0
IPO082,20150324,107.96,107.96,107.96,107.96,0
IPO082,20150325,107.94,107.94,107.94,107.94,0
IPO082,20150326,107.94,107.94,107.94,107.94,0
IPO082,20150327,107.95,107.95,107.95,107.95,0
IPO082,20150330,107.96,107.96,107.96,107.96,0
IPO082,20150331,107.97,107.97,107.97,107.97,0
IPO082,20150401,108.07,108.07,108.07,108.07,0
IPO082,20150402,108.07,108.07,108.07,108.07,0
IPO082,20150407,108.09,108.09,108.09,108.09,0
IPO082,20150408,108.10,108.10,108.10,108.10,0
IPO082,20150409,108.10,108.10,108.10,108.10,0
IPO082,20150410,108.10,108.10,108.10,108.10,0
IPO082,20150413,108.12,108.12,108.12,108.12,0
IPO082,20150414,108.11,108.11,108.11,108.11,0
IPO082,20150415,108.12,108.12,108.12,108.12,0
IPO082,20150416,108.11,108.11,108.11,108.11,0
IPO082,20150417,108.12,108.12,108.12,108.12,0
IPO082,20150420,108.12,108.12,108.12,108.12,0
IPO082,20150421,108.09,108.09,108.09,108.09,0
IPO082,20150422,108.07,108.07,108.07,108.07,0
IPO082,20150423,108.07,108.07,108.07,108.07,0
IPO082,20150424,108.08,108.08,108.08,108.08,0
IPO082,20150427,108.09,108.09,108.09,108.09,0
IPO082,20150428,108.09,108.09,108.09,108.09,0
IPO082,20150429,108.09,108.09,108.09,108.09,0
IPO082,20150430,108.09,108.09,108.09,108.09,0
IPO082,20150504,108.07,108.07,108.07,108.07,0
IPO082,20150505,108.05,108.05,108.05,108.05,0
IPO082,20150506,108.01,108.01,108.01,108.01,0
IPO082,20150507,108.03,108.03,108.03,108.03,0
IPO082,20150508,108.06,108.06,108.06,108.06,0
IPO082,20150511,108.08,108.08,108.08,108.08,0
IPO082,20150512,108.07,108.07,108.07,108.07,0
IPO082,20150513,108.09,108.09,108.09,108.09,0
IPO082,20150514,108.10,108.10,108.10,108.10,0
IPO082,20150515,108.11,108.11,108.11,108.11,0
IPO082,20150518,108.12,108.12,108.12,108.12,0
IPO082,20150519,108.14,108.14,108.14,108.14,0
IPO082,20150520,108.15,108.15,108.15,108.15,0
IPO082,20150521,108.16,108.16,108.16,108.16,0
IPO082,20150522,108.20,108.20,108.20,108.20,0
IPO082,20150525,108.21,108.21,108.21,108.21,0
IPO082,20150526,108.19,108.19,108.19,108.19,0
IPO082,20150527,108.19,108.19,108.19,108.19,0
IPO082,20150528,108.19,108.19,108.19,108.19,0
IPO082,20150529,108.21,108.21,108.21,108.21,0
IPO082,20150601,108.32,108.32,108.32,108.32,0
IPO082,20150602,108.30,108.30,108.30,108.30,0
IPO082,20150603,108.28,108.28,108.28,108.28,0
IPO082,20150605,108.26,108.26,108.26,108.26,0
IPO082,20150608,108.29,108.29,108.29,108.29,0
IPO082,20150609,108.28,108.28,108.28,108.28,0
IPO082,20150610,108.27,108.27,108.27,108.27,0
IPO082,20150611,108.29,108.29,108.29,108.29,0
IPO082,20150612,108.29,108.29,108.29,108.29,0
IPO082,20150615,108.25,108.25,108.25,108.25,0
IPO082,20150616,108.21,108.21,108.21,108.21,0
IPO082,20150617,108.22,108.22,108.22,108.22,0
IPO082,20150618,108.24,108.24,108.24,108.24,0
IPO082,20150619,108.24,108.24,108.24,108.24,0
IPO082,20150622,108.28,108.28,108.28,108.28,0
IPO082,20150623,108.30,108.30,108.30,108.30,0
IPO082,20150624,108.29,108.29,108.29,108.29,0
IPO082,20150625,108.32,108.32,108.32,108.32,0
IPO082,20150626,108.31,108.31,108.31,108.31,0
IPO082,20150629,108.34,108.34,108.34,108.34,0
IPO082,20150630,108.33,108.33,108.33,108.33,0
IPO082,20150701,108.34,108.34,108.34,108.34,0
IPO082,20150702,108.36,108.36,108.36,108.36,0
IPO082,20150703,108.39,108.39,108.39,108.39,0
IPO082,20150706,108.40,108.40,108.40,108.40,0
IPO082,20150707,108.42,108.42,108.42,108.42,0
IPO082,20150708,108.43,108.43,108.43,108.43,0
IPO082,20150709,108.43,108.43,108.43,108.43,0
IPO082,20150710,108.45,108.45,108.45,108.45,0
IPO082,20150713,108.45,108.45,108.45,108.45,0
IPO082,20150714,108.45,108.45,108.45,108.45,0
IPO082,20150715,108.46,108.46,108.46,108.46,0
IPO082,20150716,108.47,108.47,108.47,108.47,0
IPO082,20150717,108.50,108.50,108.50,108.50,0
IPO082,20150720,108.51,108.51,108.51,108.51,0
IPO082,20150721,108.51,108.51,108.51,108.51,0
IPO082,20150722,108.51,108.51,108.51,108.51,0
IPO082,20150723,108.52,108.52,108.52,108.52,0
IPO082,20150724,108.53,108.53,108.53,108.53,0
IPO082,20150727,108.54,108.54,108.54,108.54,0
IPO082,20150728,108.55,108.55,108.55,108.55,0
IPO082,20150729,108.55,108.55,108.55,108.55,0
IPO082,20150730,108.54,108.54,108.54,108.54,0
IPO082,20150731,108.55,108.55,108.55,108.55,0
IPO082,20150803,108.52,108.52,108.52,108.52,0
IPO082,20150804,108.53,108.53,108.53,108.53,0
IPO082,20150805,108.51,108.51,108.51,108.51,0
IPO082,20150806,108.51,108.51,108.51,108.51,0
IPO082,20150807,108.49,108.49,108.49,108.49,0
IPO082,20150810,108.50,108.50,108.50,108.50,0
IPO082,20150811,108.53,108.53,108.53,108.53,0
IPO082,20150812,108.58,108.58,108.58,108.58,0
IPO082,20150813,108.57,108.57,108.57,108.57,0
IPO082,20150814,108.57,108.57,108.57,108.57,0
IPO082,20150817,108.58,108.58,108.58,108.58,0
IPO082,20150818,108.59,108.59,108.59,108.59,0
IPO082,20150819,108.60,108.60,108.60,108.60,0
IPO082,20150820,108.61,108.61,108.61,108.61,0
IPO082,20150821,108.62,108.62,108.62,108.62,0
IPO082,20150824,108.57,108.57,108.57,108.57,0
IPO082,20150825,108.54,108.54,108.54,108.54,0
IPO082,20150826,108.54,108.54,108.54,108.54,0
IPO082,20150827,108.54,108.54,108.54,108.54,0
IPO082,20150828,108.56,108.56,108.56,108.56,0
IPO082,20150831,108.57,108.57,108.57,108.57,0
IPO082,20150901,108.52,108.52,108.52,108.52,0
IPO082,20150902,108.51,108.51,108.51,108.51,0
IPO082,20150903,108.52,108.52,108.52,108.52,0
IPO082,20150904,108.53,108.53,108.53,108.53,0
IPO082,20150907,108.54,108.54,108.54,108.54,0
IPO082,20150908,108.55,108.55,108.55,108.55,0
IPO082,20150909,108.55,108.55,108.55,108.55,0
IPO082,20150910,108.53,108.53,108.53,108.53,0
IPO082,20150911,108.48,108.48,108.48,108.48,0
IPO082,20150914,108.49,108.49,108.49,108.49,0
IPO082,20150915,108.49,108.49,108.49,108.49,0
IPO082,20150916,108.47,108.47,108.47,108.47,0
IPO082,20150917,108.47,108.47,108.47,108.47,0
IPO082,20150918,108.54,108.54,108.54,108.54,0
IPO082,20150921,108.53,108.53,108.53,108.53,0
IPO082,20150922,108.59,108.59,108.59,108.59,0
IPO082,20150923,108.60,108.60,108.60,108.60,0
IPO082,20150924,108.62,108.62,108.62,108.62,0
IPO082,20150925,108.62,108.62,108.62,108.62,0
IPO082,20150928,108.63,108.63,108.63,108.63,0
IPO082,20150929,108.64,108.64,108.64,108.64,0
IPO082,20150930,108.61,108.61,108.61,108.61,0
IPO082,20151001,108.61,108.61,108.61,108.61,0
IPO082,20151002,108.64,108.64,108.64,108.64,0
IPO082,20151005,108.66,108.66,108.66,108.66,0
IPO082,20151006,108.66,108.66,108.66,108.66,0
IPO082,20151007,108.67,108.67,108.67,108.67,0
IPO082,20151008,108.68,108.68,108.68,108.68,0
IPO082,20151009,108.69,108.69,108.69,108.69,0
IPO082,20151012,108.70,108.70,108.70,108.70,0
IPO082,20151013,108.71,108.71,108.71,108.71,0
IPO082,20151014,108.70,108.70,108.70,108.70,0
IPO082,20151015,108.71,108.71,108.71,108.71,0
IPO082,20151016,108.72,108.72,108.72,108.72,0
IPO082,20151019,108.74,108.74,108.74,108.74,0
IPO082,20151020,108.74,108.74,108.74,108.74,0
IPO082,20151021,108.74,108.74,108.74,108.74,0
IPO082,20151022,108.75,108.75,108.75,108.75,0
IPO082,20151023,108.76,108.76,108.76,108.76,0
IPO082,20151026,108.76,108.76,108.76,108.76,0
IPO082,20151027,108.77,108.77,108.77,108.77,0
IPO082,20151028,108.79,108.79,108.79,108.79,0
IPO082,20151029,108.79,108.79,108.79,108.79,0
IPO082,20151030,108.79,108.79,108.79,108.79,0
IPO082,20151102,108.70,108.70,108.70,108.70,0
IPO082,20151103,108.71,108.71,108.71,108.71,0
IPO082,20151104,108.71,108.71,108.71,108.71,0
IPO082,20151105,108.71,108.71,108.71,108.71,0
IPO082,20151106,108.68,108.68,108.68,108.68,0
IPO082,20151109,108.67,108.67,108.67,108.67,0
IPO082,20151110,108.68,108.68,108.68,108.68,0
IPO082,20151112,108.73,108.73,108.73,108.73,0
IPO082,20151113,108.73,108.73,108.73,108.73,0
IPO082,20151116,108.79,108.79,108.79,108.79,0
IPO082,20151117,108.79,108.79,108.79,108.79,0
IPO082,20151118,108.79,108.79,108.79,108.79,0
IPO082,20151119,108.78,108.78,108.78,108.78,0
IPO082,20151120,108.79,108.79,108.79,108.79,0
IPO082,20151123,108.80,108.80,108.80,108.80,0
IPO082,20151124,108.81,108.81,108.81,108.81,0
IPO082,20151125,108.81,108.81,108.81,108.81,0
IPO082,20151126,108.82,108.82,108.82,108.82,0
IPO082,20151127,108.82,108.82,108.82,108.82,0
IPO082,20151130,108.84,108.84,108.84,108.84,0
IPO082,20151201,108.89,108.89,108.89,108.89,0
IPO082,20151202,108.90,108.90,108.90,108.90,0
IPO082,20151203,108.89,108.89,108.89,108.89,0
IPO082,20151204,108.83,108.83,108.83,108.83,0
IPO082,20151207,108.89,108.89,108.89,108.89,0
IPO082,20151208,108.87,108.87,108.87,108.87,0
IPO082,20151209,108.88,108.88,108.88,108.88,0
IPO082,20151210,108.89,108.89,108.89,108.89,0
IPO082,20151211,108.89,108.89,108.89,108.89,0
IPO082,20151214,108.83,108.83,108.83,108.83,0
IPO082,20151215,108.84,108.84,108.84,108.84,0
IPO082,20151216,108.83,108.83,108.83,108.83,0
IPO082,20151217,108.87,108.87,108.87,108.87,0
IPO082,20151218,108.93,108.93,108.93,108.93,0
IPO082,20151221,108.95,108.95,108.95,108.95,0
IPO082,20151222,108.95,108.95,108.95,108.95,0
IPO082,20151223,108.97,108.97,108.97,108.97,0
IPO082,20151228,108.99,108.99,108.99,108.99,0
IPO082,20151229,109.05,109.05,109.05,109.05,0
IPO082,20151230,109.24,109.24,109.24,109.24,0
IPO082,20160104,109.17,109.17,109.17,109.17,0
IPO082,20160105,109.23,109.23,109.23,109.23,0
IPO082,20160107,109.21,109.21,109.21,109.21,0
IPO082,20160108,109.26,109.26,109.26,109.26,0
IPO082,20160111,109.30,109.30,109.30,109.30,0
IPO082,20160112,109.39,109.39,109.39,109.39,0
IPO082,20160113,109.48,109.48,109.48,109.48,0
IPO082,20160114,109.37,109.37,109.37,109.37,0
IPO082,20160115,109.26,109.26,109.26,109.26,0
IPO082,20160118,109.14,109.14,109.14,109.14,0
IPO082,20160119,109.12,109.12,109.12,109.12,0
IPO082,20160120,109.07,109.07,109.07,109.07,0
IPO082,20160121,109.09,109.09,109.09,109.09,0
IPO082,20160122,109.09,109.09,109.09,109.09,0
IPO082,20160125,109.11,109.11,109.11,109.11,0
IPO082,20160126,109.14,109.14,109.14,109.14,0
IPO082,20160127,109.15,109.15,109.15,109.15,0
IPO082,20160128,109.17,109.17,109.17,109.17,0
IPO082,20160129,109.17,109.17,109.17,109.17,0
IPO082,20160201,109.18,109.18,109.18,109.18,0
IPO082,20160202,109.19,109.19,109.19,109.19,0
IPO082,20160203,109.19,109.19,109.19,109.19,0
IPO082,20160204,109.24,109.24,109.24,109.24,0
IPO082,20160205,109.24,109.24,109.24,109.24,0
IPO082,20160208,109.23,109.23,109.23,109.23,0
IPO082,20160209,109.24,109.24,109.24,109.24,0
IPO082,20160210,109.25,109.25,109.25,109.25,0
IPO082,20160211,109.24,109.24,109.24,109.24,0
IPO082,20160212,109.25,109.25,109.25,109.25,0
IPO082,20160215,109.28,109.28,109.28,109.28,0
IPO082,20160216,109.28,109.28,109.28,109.28,0
IPO082,20160217,109.29,109.29,109.29,109.29,0
IPO082,20160218,109.33,109.33,109.33,109.33,0
IPO082,20160219,109.38,109.38,109.38,109.38,0
IPO082,20160222,109.40,109.40,109.40,109.40,0
IPO082,20160223,109.40,109.40,109.40,109.40,0
IPO082,20160224,109.42,109.42,109.42,109.42,0
IPO082,20160225,109.48,109.48,109.48,109.48,0
IPO082,20160226,109.49,109.49,109.49,109.49,0
IPO082,20160229,109.50,109.50,109.50,109.50,0
IPO082,20160301,109.38,109.38,109.38,109.38,0
IPO082,20160302,109.38,109.38,109.38,109.38,0
IPO082,20160303,109.38,109.38,109.38,109.38,0
IPO082,20160304,109.40,109.40,109.40,109.40,0
IPO082,20160307,109.41,109.41,109.41,109.41,0
IPO082,20160308,109.41,109.41,109.41,109.41,0
IPO082,20160309,109.43,109.43,109.43,109.43,0
IPO082,20160310,109.42,109.42,109.42,109.42,0
IPO082,20160311,109.43,109.43,109.43,109.43,0
IPO082,20160314,109.45,109.45,109.45,109.45,0
IPO082,20160315,109.44,109.44,109.44,109.44,0
IPO082,20160316,109.44,109.44,109.44,109.44,0
IPO082,20160317,109.45,109.45,109.45,109.45,0
IPO082,20160318,109.48,109.48,109.48,109.48,0
IPO082,20160321,109.51,109.51,109.51,109.51,0
IPO082,20160322,109.51,109.51,109.51,109.51,0
IPO082,20160323,109.50,109.50,109.50,109.50,0
IPO082,20160324,109.51,109.51,109.51,109.51,0
IPO082,20160329,109.55,109.55,109.55,109.55,0
IPO082,20160330,109.55,109.55,109.55,109.55,0
IPO082,20160331,109.57,109.57,109.57,109.57,0
IPO082,20160401,109.57,109.57,109.57,109.57,0
IPO082,20160404,109.56,109.56,109.56,109.56,0
IPO082,20160405,109.53,109.53,109.53,109.53,0
IPO082,20160406,109.52,109.52,109.52,109.52,0
IPO082,20160407,109.52,109.52,109.52,109.52,0
IPO082,20160408,109.55,109.55,109.55,109.55,0
IPO082,20160411,109.58,109.58,109.58,109.58,0
IPO082,20160412,109.57,109.57,109.57,109.57,0
IPO082,20160413,109.57,109.57,109.57,109.57,0
IPO082,20160414,109.56,109.56,109.56,109.56,0
IPO082,20160415,109.57,109.57,109.57,109.57,0
IPO082,20160418,109.58,109.58,109.58,109.58,0
IPO082,20160419,109.59,109.59,109.59,109.59,0
IPO082,20160420,109.62,109.62,109.62,109.62,0
IPO082,20160421,109.60,109.60,109.60,109.60,0
IPO082,20160422,109.58,109.58,109.58,109.58,0
IPO082,20160425,109.59,109.59,109.59,109.59,0
IPO082,20160426,109.61,109.61,109.61,109.61,0
IPO082,20160427,109.63,109.63,109.63,109.63,0
IPO082,20160428,109.63,109.63,109.63,109.63,0
IPO082,20160429,109.62,109.62,109.62,109.62,0
IPO082,20160502,109.64,109.64,109.64,109.64,0
IPO082,20160504,109.63,109.63,109.63,109.63,0
IPO082,20160505,109.64,109.64,109.64,109.64,0
IPO082,20160506,109.67,109.67,109.67,109.67,0
IPO082,20160509,109.68,109.68,109.68,109.68,0
IPO082,20160510,109.70,109.70,109.70,109.70,0
IPO082,20160511,109.71,109.71,109.71,109.71,0
IPO082,20160512,109.71,109.71,109.71,109.71,0
IPO082,20160513,109.72,109.72,109.72,109.72,0
IPO082,20160516,109.75,109.75,109.75,109.75,0
IPO082,20160517,109.80,109.80,109.80,109.80,0
IPO082,20160518,109.75,109.75,109.75,109.75,0
IPO082,20160519,109.80,109.80,109.80,109.80,0
IPO082,20160520,109.79,109.79,109.79,109.79,0
IPO082,20160523,109.78,109.78,109.78,109.78,0
IPO082,20160524,109.73,109.73,109.73,109.73,0
IPO082,20160525,109.75,109.75,109.75,109.75,0
IPO082,20160527,109.78,109.78,109.78,109.78,0
IPO082,20160530,109.79,109.79,109.79,109.79,0
IPO082,20160531,109.77,109.77,109.77,109.77,0
IPO082,20160601,109.76,109.76,109.76,109.76,0
IPO082,20160602,109.76,109.76,109.76,109.76,0
IPO082,20160603,109.73,109.73,109.73,109.73,0
IPO082,20160606,109.76,109.76,109.76,109.76,0
IPO082,20160607,109.78,109.78,109.78,109.78,0
IPO082,20160608,109.81,109.81,109.81,109.81,0
IPO082,20160609,109.82,109.82,109.82,109.82,0
IPO082,20160610,109.80,109.80,109.80,109.80,0
IPO082,20160613,109.77,109.77,109.77,109.77,0
IPO082,20160614,109.70,109.70,109.70,109.70,0
IPO082,20160615,109.72,109.72,109.72,109.72,0
IPO082,20160616,109.72,109.72,109.72,109.72,0
IPO082,20160617,109.80,109.80,109.80,109.80,0
IPO082,20160620,109.91,109.91,109.91,109.91,0
IPO082,20160621,109.90,109.90,109.90,109.90,0
IPO082,20160622,109.91,109.91,109.91,109.91,0
IPO082,20160623,109.93,109.93,109.93,109.93,0
IPO082,20160624,109.90,109.90,109.90,109.90,0
IPO082,20160627,109.99,109.99,109.99,109.99,0
IPO082,20160628,110.01,110.01,110.01,110.01,0
IPO082,20160629,110.01,110.01,110.01,110.01,0
IPO082,20160630,110.04,110.04,110.04,110.04,0
IPO082,20160701,110.01,110.01,110.01,110.01,0
IPO082,20160704,110.06,110.06,110.06,110.06,0
IPO082,20160705,110.08,110.08,110.08,110.08,0
IPO082,20160706,110.08,110.08,110.08,110.08,0
IPO082,20160707,110.07,110.07,110.07,110.07,0
IPO082,20160708,110.08,110.08,110.08,110.08,0
IPO082,20160711,110.10,110.10,110.10,110.10,0
IPO082,20160712,110.13,110.13,110.13,110.13,0
IPO082,20160713,110.13,110.13,110.13,110.13,0
IPO082,20160714,110.13,110.13,110.13,110.13,0
IPO082,20160715,110.14,110.14,110.14,110.14,0
IPO082,20160718,110.16,110.16,110.16,110.16,0
IPO082,20160719,110.16,110.16,110.16,110.16,0
IPO082,20160720,110.16,110.16,110.16,110.16,0
IPO082,20160721,110.17,110.17,110.17,110.17,0
IPO082,20160722,110.18,110.18,110.18,110.18,0
IPO082,20160725,110.21,110.21,110.21,110.21,0
IPO082,20160726,110.22,110.22,110.22,110.22,0
IPO082,20160727,110.23,110.23,110.23,110.23,0
IPO082,20160728,110.21,110.21,110.21,110.21,0
IPO082,20160729,110.21,110.21,110.21,110.21,0
IPO082,20160801,110.26,110.26,110.26,110.26,0
IPO082,20160802,110.26,110.26,110.26,110.26,0
IPO082,20160803,110.36,110.36,110.36,110.36,0
IPO082,20160804,110.38,110.38,110.38,110.38,0
IPO082,20160805,110.37,110.37,110.37,110.37,0
IPO082,20160808,110.40,110.40,110.40,110.40,0
IPO082,20160809,110.40,110.40,110.40,110.40,0
IPO082,20160810,110.42,110.42,110.42,110.42,0
IPO082,20160811,110.42,110.42,110.42,110.42,0
IPO082,20160812,110.51,110.51,110.51,110.51,0
IPO082,20160816,110.53,110.53,110.53,110.53,0
IPO082,20160817,110.55,110.55,110.55,110.55,0
IPO082,20160818,110.56,110.56,110.56,110.56,0
IPO082,20160819,110.59,110.59,110.59,110.59,0
IPO082,20160822,110.62,110.62,110.62,110.62,0
IPO082,20160823,110.63,110.63,110.63,110.63,0
IPO082,20160824,110.63,110.63,110.63,110.63,0
IPO082,20160825,110.64,110.64,110.64,110.64,0
IPO082,20160826,110.64,110.64,110.64,110.64,0
IPO082,20160829,110.60,110.60,110.60,110.60,0
IPO082,20160830,110.60,110.60,110.60,110.60,0
IPO082,20160831,110.61,110.61,110.61,110.61,0
IPO082,20160901,110.60,110.60,110.60,110.60,0
IPO082,20160902,110.61,110.61,110.61,110.61,0
IPO082,20160905,110.59,110.59,110.59,110.59,0
IPO082,20160906,110.59,110.59,110.59,110.59,0
IPO082,20160907,110.62,110.62,110.62,110.62,0
IPO082,20160908,110.62,110.62,110.62,110.62,0
IPO082,20160909,110.63,110.63,110.63,110.63,0
IPO082,20160912,110.64,110.64,110.64,110.64,0
IPO082,20160913,110.67,110.67,110.67,110.67,0
IPO082,20160914,110.67,110.67,110.67,110.67,0
IPO082,20160915,110.68,110.68,110.68,110.68,0
IPO082,20160916,110.65,110.65,110.65,110.65,0
IPO082,20160919,110.66,110.66,110.66,110.66,0
IPO082,20160920,110.66,110.66,110.66,110.66,0
IPO082,20160921,110.64,110.64,110.64,110.64,0
IPO082,20160922,110.65,110.65,110.65,110.65,0
IPO082,20160923,110.67,110.67,110.67,110.67,0
IPO082,20160926,110.67,110.67,110.67,110.67,0
IPO082,20160927,110.68,110.68,110.68,110.68,0
IPO082,20160928,110.69,110.69,110.69,110.69,0
IPO082,20160929,110.68,110.68,110.68,110.68,0
IPO082,20160930,110.68,110.68,110.68,110.68,0
IPO082,20161003,110.68,110.68,110.68,110.68,0
IPO082,20161004,110.72,110.72,110.72,110.72,0
IPO082,20161005,110.75,110.75,110.75,110.75,0
IPO082,20161006,110.74,110.74,110.74,110.74,0
IPO082,20161007,110.74,110.74,110.74,110.74,0
IPO082,20161010,110.76,110.76,110.76,110.76,0
IPO082,20161011,110.76,110.76,110.76,110.76,0
IPO082,20161012,110.76,110.76,110.76,110.76,0
IPO082,20161013,110.77,110.77,110.77,110.77,0
IPO082,20161014,110.77,110.77,110.77,110.77,0
IPO082,20161017,110.79,110.79,110.79,110.79,0
IPO082,20161018,110.79,110.79,110.79,110.79,0
IPO082,20161019,110.77,110.77,110.77,110.77,0
IPO082,20161020,110.77,110.77,110.77,110.77,0
IPO082,20161021,110.76,110.76,110.76,110.76,0
IPO082,20161024,110.76,110.76,110.76,110.76,0
IPO082,20161025,110.76,110.76,110.76,110.76,0
IPO082,20161026,110.74,110.74,110.74,110.74,0
IPO082,20161027,110.73,110.73,110.73,110.73,0
IPO082,20161028,110.74,110.74,110.74,110.74,0
IPO082,20161031,110.76,110.76,110.76,110.76,0
IPO082,20161102,110.85,110.85,110.85,110.85,0
IPO082,20161103,110.77,110.77,110.77,110.77,0
IPO082,20161104,110.75,110.75,110.75,110.75,0
IPO082,20161107,110.78,110.78,110.78,110.78,0
IPO082,20161108,110.84,110.84,110.84,110.84,0
IPO082,20161109,110.83,110.83,110.83,110.83,0
IPO082,20161110,110.69,110.69,110.69,110.69,0
IPO082,20161114,110.67,110.67,110.67,110.67,0
IPO082,20161115,110.61,110.61,110.61,110.61,0
IPO082,20161116,110.61,110.61,110.61,110.61,0
IPO082,20161117,110.56,110.56,110.56,110.56,0
IPO082,20161118,110.53,110.53,110.53,110.53,0
IPO082,20161121,110.54,110.54,110.54,110.54,0
IPO082,20161122,110.54,110.54,110.54,110.54,0
IPO082,20161123,110.23,110.23,110.23,110.23,0
IPO082,20161124,110.20,110.20,110.20,110.20,0
IPO082,20161125,110.20,110.20,110.20,110.20,0
IPO082,20161128,110.11,110.11,110.11,110.11,0
IPO082,20161129,110.14,110.14,110.14,110.14,0
IPO082,20161130,110.14,110.14,110.14,110.14,0
IPO082,20161201,110.11,110.11,110.11,110.11,0
IPO082,20161202,110.08,110.08,110.08,110.08,0
IPO082,20161205,110.11,110.11,110.11,110.11,0
IPO082,20161206,110.15,110.15,110.15,110.15,0
IPO082,20161207,110.20,110.20,110.20,110.20,0
IPO082,20161208,110.21,110.21,110.21,110.21,0
IPO082,20161209,110.21,110.21,110.21,110.21,0
IPO082,20161212,110.23,110.23,110.23,110.23,0
IPO082,20161213,110.42,110.42,110.42,110.42,0
IPO082,20161214,110.49,110.49,110.49,110.49,0
IPO082,20161215,110.47,110.47,110.47,110.47,0
IPO082,20161216,110.53,110.53,110.53,110.53,0
IPO082,20161219,110.58,110.58,110.58,110.58,0
IPO082,20161220,110.58,110.58,110.58,110.58,0
IPO082,20161221,110.60,110.60,110.60,110.60,0
IPO082,20161222,110.60,110.60,110.60,110.60,0
IPO082,20161223,110.61,110.61,110.61,110.61,0
IPO082,20161227,110.64,110.64,110.64,110.64,0
IPO082,20161228,110.64,110.64,110.64,110.64,0
IPO082,20161229,110.72,110.72,110.72,110.72,0
IPO082,20161230,110.82,110.82,110.82,110.82,0
IPO082,20170102,110.76,110.76,110.76,110.76,0
IPO082,20170103,110.75,110.75,110.75,110.75,0
IPO082,20170104,110.75,110.75,110.75,110.75,0
IPO082,20170105,110.84,110.84,110.84,110.84,0
IPO082,20170109,110.88,110.88,110.88,110.88,0
IPO082,20170110,111.04,111.04,111.04,111.04,0
IPO082,20170111,111.15,111.15,111.15,111.15,0
IPO082,20170112,111.17,111.17,111.17,111.17,0
IPO082,20170113,111.16,111.16,111.16,111.16,0
IPO082,20170116,111.21,111.21,111.21,111.21,0
IPO082,20170117,111.23,111.23,111.23,111.23,0
IPO082,20170118,111.26,111.26,111.26,111.26,0
IPO082,20170119,111.31,111.31,111.31,111.31,0
IPO082,20170120,111.34,111.34,111.34,111.34,0
IPO082,20170123,111.42,111.42,111.42,111.42,0
IPO082,20170124,111.45,111.45,111.45,111.45,0
IPO082,20170125,111.49,111.49,111.49,111.49,0
IPO082,20170126,111.46,111.46,111.46,111.46,0
IPO082,20170127,111.42,111.42,111.42,111.42,0
IPO082,20170130,111.48,111.48,111.48,111.48,0
IPO082,20170131,111.48,111.48,111.48,111.48,0
IPO082,20170201,111.53,111.53,111.53,111.53,0
IPO082,20170202,111.60,111.60,111.60,111.60,0
IPO082,20170203,111.57,111.57,111.57,111.57,0
IPO082,20170206,111.62,111.62,111.62,111.62,0
IPO082,20170207,111.62,111.62,111.62,111.62,0
IPO082,20170208,111.63,111.63,111.63,111.63,0
IPO082,20170209,111.65,111.65,111.65,111.65,0
IPO082,20170210,111.69,111.69,111.69,111.69,0
IPO082,20170213,111.56,111.56,111.56,111.56,0
IPO082,20170214,111.56,111.56,111.56,111.56,0
IPO082,20170215,111.53,111.53,111.53,111.53,0
IPO082,20170216,111.72,111.72,111.72,111.72,0
IPO082,20170217,111.78,111.78,111.78,111.78,0
IPO082,20170220,111.83,111.83,111.83,111.83,0
IPO082,20170221,111.67,111.67,111.67,111.67,0
IPO082,20170222,111.79,111.79,111.79,111.79,0
IPO082,20170223,111.75,111.75,111.75,111.75,0
IPO082,20170224,111.75,111.75,111.75,111.75,0
IPO082,20170227,111.77,111.77,111.77,111.77,0
IPO082,20170228,111.69,111.69,111.69,111.69,0
IPO082,20170301,111.94,111.94,111.94,111.94,0
IPO082,20170302,111.93,111.93,111.93,111.93,0
IPO082,20170303,111.94,111.94,111.94,111.94,0
IPO082,20170306,111.90,111.90,111.90,111.90,0
IPO082,20170307,111.84,111.84,111.84,111.84,0
IPO082,20170308,111.80,111.80,111.80,111.80,0
IPO082,20170309,111.78,111.78,111.78,111.78,0
IPO082,20170310,111.80,111.80,111.80,111.80,0
IPO082,20170313,111.84,111.84,111.84,111.84,0
IPO082,20170314,111.87,111.87,111.87,111.87,0
IPO082,20170315,111.87,111.87,111.87,111.87,0
IPO082,20170316,111.74,111.74,111.74,111.74,0
IPO082,20170317,111.75,111.75,111.75,111.75,0
IPO082,20170320,111.83,111.83,111.83,111.83,0
IPO082,20170321,111.85,111.85,111.85,111.85,0
IPO082,20170322,111.90,111.90,111.90,111.90,0
IPO082,20170323,111.92,111.92,111.92,111.92,0
IPO082,20170324,111.93,111.93,111.93,111.93,0
IPO082,20170327,111.99,111.99,111.99,111.99,0
IPO082,20170328,112.00,112.00,112.00,112.00,0
IPO082,20170329,111.98,111.98,111.98,111.98,0
IPO082,20170330,112.02,112.02,112.02,112.02,0
IPO082,20170331,112.02,112.02,112.02,112.02,0
IPO082,20170403,112.05,112.05,112.05,112.05,0
IPO082,20170404,112.06,112.06,112.06,112.06,0
IPO082,20170405,112.06,112.06,112.06,112.06,0
IPO082,20170406,112.08,112.08,112.08,112.08,0
IPO082,20170407,112.08,112.08,112.08,112.08,0
IPO082,20170410,112.10,112.10,112.10,112.10,0
IPO082,20170411,112.11,112.11,112.11,112.11,0
IPO082,20170412,112.12,112.12,112.12,112.12,0
IPO082,20170413,112.14,112.14,112.14,112.14,0
IPO082,20170418,112.18,112.18,112.18,112.18,0
IPO082,20170419,112.17,112.17,112.17,112.17,0
IPO082,20170420,112.18,112.18,112.18,112.18,0
IPO082,20170421,112.19,112.19,112.19,112.19,0
IPO082,20170424,112.22,112.22,112.22,112.22,0
IPO082,20170425,112.23,112.23,112.23,112.23,0
IPO082,20170426,112.23,112.23,112.23,112.23,0
IPO082,20170427,112.24,112.24,112.24,112.24,0
IPO082,20170428,112.25,112.25,112.25,112.25,0
IPO082,20170502,112.30,112.30,112.30,112.30,0
IPO082,20170504,112.29,112.29,112.29,112.29,0
IPO082,20170505,112.29,112.29,112.29,112.29,0
IPO082,20170508,112.30,112.30,112.30,112.30,0
IPO082,20170509,112.29,112.29,112.29,112.29,0
IPO082,20170510,112.31,112.31,112.31,112.31,0
IPO082,20170511,112.32,112.32,112.32,112.32,0
IPO082,20170512,112.36,112.36,112.36,112.36,0
IPO082,20170515,112.39,112.39,112.39,112.39,0
IPO082,20170516,112.48,112.48,112.48,112.48,0
IPO082,20170517,112.52,112.52,112.52,112.52,0
IPO082,20170518,112.51,112.51,112.51,112.51,0
IPO082,20170519,112.49,112.49,112.49,112.49,0
IPO082,20170522,112.51,112.51,112.51,112.51,0
IPO082,20170523,112.51,112.51,112.51,112.51,0
IPO082,20170524,112.52,112.52,112.52,112.52,0
IPO082,20170525,112.52,112.52,112.52,112.52,0
IPO082,20170526,112.53,112.53,112.53,112.53,0
IPO082,20170529,112.54,112.54,112.54,112.54,0
IPO082,20170530,112.53,112.53,112.53,112.53,0
IPO082,20170531,112.55,112.55,112.55,112.55,0
IPO082,20170601,112.55,112.55,112.55,112.55,0
IPO082,20170602,112.56,112.56,112.56,112.56,0
IPO082,20170605,112.58,112.58,112.58,112.58,0
IPO082,20170606,112.58,112.58,112.58,112.58,0
IPO082,20170607,112.60,112.60,112.60,112.60,0
IPO082,20170608,112.61,112.61,112.61,112.61,0
IPO082,20170609,112.63,112.63,112.63,112.63,0
IPO082,20170612,112.64,112.64,112.64,112.64,0
IPO082,20170613,112.65,112.65,112.65,112.65,0
IPO082,20170614,112.66,112.66,112.66,112.66,0
IPO082,20170616,112.65,112.65,112.65,112.65,0
IPO082,20170619,112.65,112.65,112.65,112.65,0
IPO082,20170620,112.66,112.66,112.66,112.66,0
IPO082,20170621,112.66,112.66,112.66,112.66,0
IPO082,20170622,112.65,112.65,112.65,112.65,0
IPO082,20170623,112.67,112.67,112.67,112.67,0
IPO082,20170626,112.70,112.70,112.70,112.70,0
IPO082,20170627,112.70,112.70,112.70,112.70,0
IPO082,20170628,112.70,112.70,112.70,112.70,0
IPO082,20170629,112.68,112.68,112.68,112.68,0
IPO082,20170630,112.72,112.72,112.72,112.72,0
IPO082,20170703,112.75,112.75,112.75,112.75,0
IPO082,20170704,112.74,112.74,112.74,112.74,0
IPO082,20170705,112.73,112.73,112.73,112.73,0
IPO082,20170706,112.73,112.73,112.73,112.73,0
IPO082,20170707,112.73,112.73,112.73,112.73,0
IPO082,20170710,112.76,112.76,112.76,112.76,0
IPO082,20170711,112.76,112.76,112.76,112.76,0
IPO082,20170712,112.77,112.77,112.77,112.77,0
IPO082,20170713,112.78,112.78,112.78,112.78,0
IPO082,20170714,112.82,112.82,112.82,112.82,0
IPO082,20170717,112.79,112.79,112.79,112.79,0
IPO082,20170718,112.82,112.82,112.82,112.82,0
IPO082,20170719,112.81,112.81,112.81,112.81,0
IPO082,20170720,112.78,112.78,112.78,112.78,0
IPO082,20170721,112.79,112.79,112.79,112.79,0
IPO082,20170724,112.82,112.82,112.82,112.82,0
IPO082,20170725,112.82,112.82,112.82,112.82,0
IPO082,20170726,112.83,112.83,112.83,112.83,0
IPO082,20170727,112.84,112.84,112.84,112.84,0
IPO082,20170728,112.84,112.84,112.84,112.84,0
IPO082,20170731,112.84,112.84,112.84,112.84,0
IPO082,20170801,112.96,112.96,112.96,112.96,0
IPO082,20170802,112.96,112.96,112.96,112.96,0
IPO082,20170803,112.97,112.97,112.97,112.97,0
IPO082,20170804,112.97,112.97,112.97,112.97,0
IPO082,20170807,112.98,112.98,112.98,112.98,0
IPO082,20170808,112.98,112.98,112.98,112.98,0
IPO082,20170809,112.98,112.98,112.98,112.98,0
IPO082,20170810,112.96,112.96,112.96,112.96,0
IPO082,20170811,112.94,112.94,112.94,112.94,0
IPO082,20170814,112.96,112.96,112.96,112.96,0
IPO082,20170816,112.97,112.97,112.97,112.97,0
IPO082,20170817,113.00,113.00,113.00,113.00,0
IPO082,20170818,113.04,113.04,113.04,113.04,0
IPO082,20170821,113.07,113.07,113.07,113.07,0
IPO082,20170822,113.07,113.07,113.07,113.07,0
IPO082,20170823,113.06,113.06,113.06,113.06,0
IPO082,20170824,113.08,113.08,113.08,113.08,0
IPO082,20170825,113.07,113.07,113.07,113.07,0
IPO082,20170828,113.07,113.07,113.07,113.07,0
IPO082,20170829,113.07,113.07,113.07,113.07,0
IPO082,20170830,113.09,113.09,113.09,113.09,0
IPO082,20170831,113.07,113.07,113.07,113.07,0
IPO082,20170901,113.10,113.10,113.10,113.10,0
IPO082,20170904,113.10,113.10,113.10,113.10,0
IPO082,20170905,113.14,113.14,113.14,113.14,0
IPO082,20170906,113.18,113.18,113.18,113.18,0
IPO082,20170907,113.19,113.19,113.19,113.19,0
IPO082,20170908,113.20,113.20,113.20,113.20,0
IPO082,20170911,113.21,113.21,113.21,113.21,0
IPO082,20170912,113.19,113.19,113.19,113.19,0
IPO082,20170913,113.20,113.20,113.20,113.20,0
IPO082,20170914,113.19,113.19,113.19,113.19,0
IPO082,20170915,113.18,113.18,113.18,113.18,0
IPO082,20170918,113.19,113.19,113.19,113.19,0
IPO082,20170919,113.18,113.18,113.18,113.18,0
IPO082,20170920,113.21,113.21,113.21,113.21,0
