Name,Date,Open,High,Low,Close,Volume
IPO083,20121121,100.00,100.00,100.00,100.00,0
IPO083,20121122,101.68,101.68,101.68,101.68,0
IPO083,20121123,102.41,102.41,102.41,102.41,0
IPO083,20121126,103.59,103.59,103.59,103.59,0
IPO083,20121127,104.11,104.11,104.11,104.11,0
IPO083,20121128,104.43,104.43,104.43,104.43,0
IPO083,20121129,105.10,105.10,105.10,105.10,0
IPO083,20121130,105.47,105.47,105.47,105.47,0
IPO083,20121203,106.26,106.26,106.26,106.26,0
IPO083,20121204,106.61,106.61,106.61,106.61,0
IPO083,20121205,106.93,106.93,106.93,106.93,0
IPO083,20121206,107.37,107.37,107.37,107.37,0
IPO083,20121207,106.70,106.70,106.70,106.70,0
IPO083,20121210,106.74,106.74,106.74,106.74,0
IPO083,20121211,108.28,108.28,108.28,108.28,0
IPO083,20121212,108.78,108.78,108.78,108.78,0
IPO083,20121213,109.00,109.00,109.00,109.00,0
IPO083,20121214,109.34,109.34,109.34,109.34,0
IPO083,20121217,109.19,109.19,109.19,109.19,0
IPO083,20121218,109.07,109.07,109.07,109.07,0
IPO083,20121219,109.65,109.65,109.65,109.65,0
IPO083,20121220,108.81,108.81,108.81,108.81,0
IPO083,20121221,108.98,108.98,108.98,108.98,0
IPO083,20121227,109.13,109.13,109.13,109.13,0
IPO083,20121228,110.50,110.50,110.50,110.50,0
IPO083,20130102,110.92,110.92,110.92,110.92,0
IPO083,20130103,111.28,111.28,111.28,111.28,0
IPO083,20130104,111.08,111.08,111.08,111.08,0
IPO083,20130107,110.79,110.79,110.79,110.79,0
IPO083,20130108,110.63,110.63,110.63,110.63,0
IPO083,20130109,110.26,110.26,110.26,110.26,0
IPO083,20130110,110.70,110.70,110.70,110.70,0
IPO083,20130111,111.22,111.22,111.22,111.22,0
IPO083,20130114,111.82,111.82,111.82,111.82,0
IPO083,20130115,111.90,111.90,111.90,111.90,0
IPO083,20130116,112.10,112.10,112.10,112.10,0
IPO083,20130117,113.51,113.51,113.51,113.51,0
IPO083,20130118,114.31,114.31,114.31,114.31,0
IPO083,20130121,116.01,116.01,116.01,116.01,0
IPO083,20130122,116.27,116.27,116.27,116.27,0
IPO083,20130123,116.43,116.43,116.43,116.43,0
IPO083,20130124,116.40,116.40,116.40,116.40,0
IPO083,20130125,115.80,115.80,115.80,115.80,0
IPO083,20130128,116.48,116.48,116.48,116.48,0
IPO083,20130129,115.90,115.90,115.90,115.90,0
IPO083,20130130,115.98,115.98,115.98,115.98,0
IPO083,20130131,116.38,116.38,116.38,116.38,0
IPO083,20130201,116.30,116.30,116.30,116.30,0
IPO083,20130204,116.84,116.84,116.84,116.84,0
IPO083,20130205,116.07,116.07,116.07,116.07,0
IPO083,20130206,115.45,115.45,115.45,115.45,0
IPO083,20130207,115.83,115.83,115.83,115.83,0
IPO083,20130208,116.23,116.23,116.23,116.23,0
IPO083,20130211,116.64,116.64,116.64,116.64,0
IPO083,20130212,116.97,116.97,116.97,116.97,0
IPO083,20130213,117.11,117.11,117.11,117.11,0
IPO083,20130214,116.79,116.79,116.79,116.79,0
IPO083,20130215,117.16,117.16,117.16,117.16,0
IPO083,20130218,117.64,117.64,117.64,117.64,0
IPO083,20130219,117.40,117.40,117.40,117.40,0
IPO083,20130221,116.72,116.72,116.72,116.72,0
IPO083,20130430,112.71,112.71,112.71,112.71,0
IPO083,20130517,118.80,118.80,118.80,118.80,0
IPO083,20130528,124.58,124.58,124.58,124.58,0
IPO083,20130607,127.50,127.50,127.50,127.50,0
IPO083,20130610,128.37,128.37,128.37,128.37,0
IPO083,20130611,128.21,128.21,128.21,128.21,0
IPO083,20130612,129.28,129.28,129.28,129.28,0
IPO083,20130613,128.95,128.95,128.95,128.95,0
IPO083,20130614,128.57,128.57,128.57,128.57,0
IPO083,20130617,129.68,129.68,129.68,129.68,0
IPO083,20130618,130.47,130.47,130.47,130.47,0
IPO083,20130619,129.91,129.91,129.91,129.91,0
IPO083,20130620,124.30,124.30,124.30,124.30,0
IPO083,20130621,122.32,122.32,122.32,122.32,0
IPO083,20130624,122.17,122.17,122.17,122.17,0
IPO083,20130625,122.93,122.93,122.93,122.93,0
IPO083,20130626,122.51,122.51,122.51,122.51,0
IPO083,20130627,119.41,119.41,119.41,119.41,0
IPO083,20130628,121.17,121.17,121.17,121.17,0
IPO083,20130701,122.37,122.37,122.37,122.37,0
IPO083,20130702,123.39,123.39,123.39,123.39,0
IPO083,20130703,122.64,122.64,122.64,122.64,0
IPO083,20130704,123.36,123.36,123.36,123.36,0
IPO083,20130705,122.79,122.79,122.79,122.79,0
IPO083,20130708,121.94,121.94,121.94,121.94,0
IPO083,20130709,120.69,120.69,120.69,120.69,0
IPO083,20130710,122.13,122.13,122.13,122.13,0
IPO083,20130711,123.21,123.21,123.21,123.21,0
IPO083,20130712,124.22,124.22,124.22,124.22,0
IPO083,20130715,124.89,124.89,124.89,124.89,0
IPO083,20130716,124.93,124.93,124.93,124.93,0
IPO083,20130717,125.37,125.37,125.37,125.37,0
IPO083,20130718,125.85,125.85,125.85,125.85,0
IPO083,20130719,125.81,125.81,125.81,125.81,0
IPO083,20130722,125.89,125.89,125.89,125.89,0
IPO083,20130723,126.92,126.92,126.92,126.92,0
IPO083,20130724,128.00,128.00,128.00,128.00,0
IPO083,20130725,128.27,128.27,128.27,128.27,0
IPO083,20130726,128.30,128.30,128.30,128.30,0
IPO083,20130729,129.48,129.48,129.48,129.48,0
IPO083,20130730,130.09,130.09,130.09,130.09,0
IPO083,20130731,130.43,130.43,130.43,130.43,0
IPO083,20130801,129.66,129.66,129.66,129.66,0
IPO083,20130802,131.09,131.09,131.09,131.09,0
IPO083,20130805,131.40,131.40,131.40,131.40,0
IPO083,20130806,131.07,131.07,131.07,131.07,0
IPO083,20130807,132.49,132.49,132.49,132.49,0
IPO083,20130808,133.43,133.43,133.43,133.43,0
IPO083,20130809,133.82,133.82,133.82,133.82,0
IPO083,20130812,134.39,134.39,134.39,134.39,0
IPO083,20130813,135.37,135.37,135.37,135.37,0
IPO083,20130814,136.55,136.55,136.55,136.55,0
IPO083,20130816,136.31,136.31,136.31,136.31,0
IPO083,20130819,135.74,135.74,135.74,135.74,0
IPO083,20130820,135.12,135.12,135.12,135.12,0
IPO083,20130821,136.13,136.13,136.13,136.13,0
IPO083,20130822,137.56,137.56,137.56,137.56,0
IPO083,20130823,137.27,137.27,137.27,137.27,0
IPO083,20130826,137.21,137.21,137.21,137.21,0
IPO083,20130827,135.96,135.96,135.96,135.96,0
IPO083,20130828,135.75,135.75,135.75,135.75,0
IPO083,20130829,137.01,137.01,137.01,137.01,0
IPO083,20130830,136.51,136.51,136.51,136.51,0
IPO083,20130902,137.67,137.67,137.67,137.67,0
IPO083,20130903,137.94,137.94,137.94,137.94,0
IPO083,20130904,135.70,135.70,135.70,135.70,0
IPO083,20130905,130.59,130.59,130.59,130.59,0
IPO083,20130906,133.57,133.57,133.57,133.57,0
IPO083,20130909,135.68,135.68,135.68,135.68,0
IPO083,20130910,137.01,137.01,137.01,137.01,0
IPO083,20130911,137.45,137.45,137.45,137.45,0
IPO083,20130912,137.95,137.95,137.95,137.95,0
IPO083,20130913,137.69,137.69,137.69,137.69,0
IPO083,20130916,136.78,136.78,136.78,136.78,0
IPO083,20130917,137.42,137.42,137.42,137.42,0
IPO083,20130918,137.43,137.43,137.43,137.43,0
IPO083,20130919,138.62,138.62,138.62,138.62,0
IPO083,20130920,138.73,138.73,138.73,138.73,0
IPO083,20130924,138.00,138.00,138.00,138.00,0
IPO083,20130925,138.80,138.80,138.80,138.80,0
IPO083,20130926,139.68,139.68,139.68,139.68,0
IPO083,20130927,141.02,141.02,141.02,141.02,0
IPO083,20130930,141.42,141.42,141.42,141.42,0
IPO083,20131001,141.20,141.20,141.20,141.20,0
IPO083,20131002,141.34,141.34,141.34,141.34,0
IPO083,20131003,141.83,141.83,141.83,141.83,0
IPO083,20131004,142.18,142.18,142.18,142.18,0
IPO083,20131007,141.91,141.91,141.91,141.91,0
IPO083,20131008,141.26,141.26,141.26,141.26,0
IPO083,20131009,141.52,141.52,141.52,141.52,0
IPO083,20131010,142.79,142.79,142.79,142.79,0
IPO083,20131011,143.75,143.75,143.75,143.75,0
IPO083,20131014,144.43,144.43,144.43,144.43,0
IPO083,20131015,145.79,145.79,145.79,145.79,0
IPO083,20131016,146.49,146.49,146.49,146.49,0
IPO083,20131017,146.86,146.86,146.86,146.86,0
IPO083,20131018,145.80,145.80,145.80,145.80,0
IPO083,20131021,147.65,147.65,147.65,147.65,0
IPO083,20131022,149.11,149.11,149.11,149.11,0
IPO083,20131023,148.35,148.35,148.35,148.35,0
IPO083,20131029,152.14,152.14,152.14,152.14,0
IPO083,20131030,151.94,151.94,151.94,151.94,0
IPO083,20131031,151.92,151.92,151.92,151.92,0
IPO083,20131104,151.88,151.88,151.88,151.88,0
IPO083,20131105,150.43,150.43,150.43,150.43,0
IPO083,20131106,150.76,150.76,150.76,150.76,0
IPO083,20131107,150.39,150.39,150.39,150.39,0
IPO083,20131108,149.97,149.97,149.97,149.97,0
IPO083,20131112,150.22,150.22,150.22,150.22,0
IPO083,20131113,148.77,148.77,148.77,148.77,0
IPO083,20131114,149.04,149.04,149.04,149.04,0
IPO083,20131115,150.75,150.75,150.75,150.75,0
IPO083,20131118,152.26,152.26,152.26,152.26,0
IPO083,20131119,151.69,151.69,151.69,151.69,0
IPO083,20131120,152.01,152.01,152.01,152.01,0
IPO083,20131121,152.18,152.18,152.18,152.18,0
IPO083,20131122,152.15,152.15,152.15,152.15,0
IPO083,20131125,153.28,153.28,153.28,153.28,0
IPO083,20131126,152.02,152.02,152.02,152.02,0
IPO083,20131127,151.61,151.61,151.61,151.61,0
IPO083,20131128,151.81,151.81,151.81,151.81,0
IPO083,20131129,153.79,153.79,153.79,153.79,0
IPO083,20131202,153.02,153.02,153.02,153.02,0
IPO083,20131203,151.16,151.16,151.16,151.16,0
IPO083,20131204,149.74,149.74,149.74,149.74,0
IPO083,20131205,149.92,149.92,149.92,149.92,0
IPO083,20131206,150.63,150.63,150.63,150.63,0
IPO083,20131209,151.46,151.46,151.46,151.46,0
IPO083,20131210,149.87,149.87,149.87,149.87,0
IPO083,20131211,149.47,149.47,149.47,149.47,0
IPO083,20131212,146.93,146.93,146.93,146.93,0
IPO083,20131213,146.55,146.55,146.55,146.55,0
IPO083,20131216,145.78,145.78,145.78,145.78,0
IPO083,20131217,141.33,141.33,141.33,141.33,0
IPO083,20131218,141.87,141.87,141.87,141.87,0
IPO083,20131219,140.49,140.49,140.49,140.49,0
IPO083,20131220,140.90,140.90,140.90,140.90,0
IPO083,20131223,143.53,143.53,143.53,143.53,0
IPO083,20131227,144.36,144.36,144.36,144.36,0
IPO083,20131230,145.12,145.12,145.12,145.12,0
IPO083,20140102,146.19,146.19,146.19,146.19,0
IPO083,20140103,145.23,145.23,145.23,145.23,0
IPO083,20140107,142.15,142.15,142.15,142.15,0
IPO083,20140108,141.29,141.29,141.29,141.29,0
IPO083,20140109,139.06,139.06,139.06,139.06,0
IPO083,20140110,138.93,138.93,138.93,138.93,0
IPO083,20140113,140.94,140.94,140.94,140.94,0
IPO083,20140114,140.64,140.64,140.64,140.64,0
IPO083,20140115,141.55,141.55,141.55,141.55,0
IPO083,20140116,142.80,142.80,142.80,142.80,0
IPO083,20140117,142.01,142.01,142.01,142.01,0
IPO083,20140120,142.56,142.56,142.56,142.56,0
IPO083,20140121,144.57,144.57,144.57,144.57,0
IPO083,20140122,146.10,146.10,146.10,146.10,0
IPO083,20140123,146.60,146.60,146.60,146.60,0
IPO083,20140124,144.42,144.42,144.42,144.42,0
IPO083,20140127,142.17,142.17,142.17,142.17,0
IPO083,20140128,144.73,144.73,144.73,144.73,0
IPO083,20140129,144.76,144.76,144.76,144.76,0
IPO083,20140130,145.71,145.71,145.71,145.71,0
IPO083,20140131,147.28,147.28,147.28,147.28,0
IPO083,20140203,148.03,148.03,148.03,148.03,0
IPO083,20140204,147.27,147.27,147.27,147.27,0
IPO083,20140205,148.34,148.34,148.34,148.34,0
IPO083,20140206,150.90,150.90,150.90,150.90,0
IPO083,20140207,150.96,150.96,150.96,150.96,0
IPO083,20140210,150.71,150.71,150.71,150.71,0
IPO083,20140211,151.44,151.44,151.44,151.44,0
IPO083,20140212,152.64,152.64,152.64,152.64,0
IPO083,20140213,152.53,152.53,152.53,152.53,0
IPO083,20140214,153.17,153.17,153.17,153.17,0
IPO083,20140217,153.25,153.25,153.25,153.25,0
IPO083,20140218,152.44,152.44,152.44,152.44,0
IPO083,20140219,152.82,152.82,152.82,152.82,0
IPO083,20140220,151.70,151.70,151.70,151.70,0
IPO083,20140221,152.89,152.89,152.89,152.89,0
IPO083,20140224,153.94,153.94,153.94,153.94,0
IPO083,20140225,153.22,153.22,153.22,153.22,0
IPO083,20140226,150.72,150.72,150.72,150.72,0
IPO083,20140227,150.98,150.98,150.98,150.98,0
IPO083,20140228,152.52,152.52,152.52,152.52,0
IPO083,20140303,143.79,143.79,143.79,143.79,0
IPO083,20140304,147.34,147.34,147.34,147.34,0
IPO083,20140305,146.76,146.76,146.76,146.76,0
IPO083,20140306,147.01,147.01,147.01,147.01,0
IPO083,20140307,145.12,145.12,145.12,145.12,0
IPO083,20140310,142.28,142.28,142.28,142.28,0
IPO083,20140311,142.70,142.70,142.70,142.70,0
IPO083,20140312,140.47,140.47,140.47,140.47,0
IPO083,20140313,138.94,138.94,138.94,138.94,0
IPO083,20140314,136.44,136.44,136.44,136.44,0
IPO083,20140317,141.09,141.09,141.09,141.09,0
IPO083,20140318,141.75,141.75,141.75,141.75,0
IPO083,20140319,141.10,141.10,141.10,141.10,0
IPO083,20140320,142.03,142.03,142.03,142.03,0
IPO083,20140321,142.78,142.78,142.78,142.78,0
IPO083,20140324,142.61,142.61,142.61,142.61,0
IPO083,20140325,144.32,144.32,144.32,144.32,0
IPO083,20140326,145.85,145.85,145.85,145.85,0
IPO083,20140327,145.55,145.55,145.55,145.55,0
IPO083,20140328,145.52,145.52,145.52,145.52,0
IPO083,20140331,146.88,146.88,146.88,146.88,0
IPO083,20140401,148.06,148.06,148.06,148.06,0
IPO083,20140402,148.34,148.34,148.34,148.34,0
IPO083,20140403,147.73,147.73,147.73,147.73,0
IPO083,20140404,147.29,147.29,147.29,147.29,0
IPO083,20140407,146.00,146.00,146.00,146.00,0
IPO083,20140408,146.09,146.09,146.09,146.09,0
IPO083,20140409,146.42,146.42,146.42,146.42,0
IPO083,20140410,146.57,146.57,146.57,146.57,0
IPO083,20140411,145.87,145.87,145.87,145.87,0
IPO083,20140414,143.35,143.35,143.35,143.35,0
IPO083,20140415,142.85,142.85,142.85,142.85,0
IPO083,20140416,141.02,141.02,141.02,141.02,0
IPO083,20140417,142.04,142.04,142.04,142.04,0
IPO083,20140422,143.15,143.15,143.15,143.15,0
IPO083,20140423,142.56,142.56,142.56,142.56,0
IPO083,20140424,141.54,141.54,141.54,141.54,0
IPO083,20140425,141.35,141.35,141.35,141.35,0
IPO083,20140428,140.66,140.66,140.66,140.66,0
IPO083,20140429,141.20,141.20,141.20,141.20,0
IPO083,20140430,142.31,142.31,142.31,142.31,0
IPO083,20140502,142.10,142.10,142.10,142.10,0
IPO083,20140505,139.90,139.90,139.90,139.90,0
IPO083,20140506,138.90,138.90,138.90,138.90,0
IPO083,20140507,136.83,136.83,136.83,136.83,0
IPO083,20140508,136.67,136.67,136.67,136.67,0
IPO083,20140509,134.90,134.90,134.90,134.90,0
IPO083,20140512,134.98,134.98,134.98,134.98,0
IPO083,20140513,135.98,135.98,135.98,135.98,0
IPO083,20140514,135.97,135.97,135.97,135.97,0
IPO083,20140515,135.77,135.77,135.77,135.77,0
IPO083,20140516,135.01,135.01,135.01,135.01,0
IPO083,20140519,135.45,135.45,135.45,135.45,0
IPO083,20140520,136.17,136.17,136.17,136.17,0
IPO083,20140521,136.68,136.68,136.68,136.68,0
IPO083,20140522,138.38,138.38,138.38,138.38,0
IPO083,20140523,139.25,139.25,139.25,139.25,0
IPO083,20140526,140.10,140.10,140.10,140.10,0
IPO083,20140527,140.19,140.19,140.19,140.19,0
IPO083,20140528,139.63,139.63,139.63,139.63,0
IPO083,20140529,140.40,140.40,140.40,140.40,0
IPO083,20140530,140.29,140.29,140.29,140.29,0
IPO083,20140602,139.73,139.73,139.73,139.73,0
IPO083,20140603,140.01,140.01,140.01,140.01,0
IPO083,20140604,140.07,140.07,140.07,140.07,0
IPO083,20140605,140.77,140.77,140.77,140.77,0
IPO083,20140606,141.36,141.36,141.36,141.36,0
IPO083,20140609,141.86,141.86,141.86,141.86,0
IPO083,20140610,142.19,142.19,142.19,142.19,0
IPO083,20140611,141.53,141.53,141.53,141.53,0
IPO083,20140612,140.76,140.76,140.76,140.76,0
IPO083,20140613,140.08,140.08,140.08,140.08,0
IPO083,20140616,139.71,139.71,139.71,139.71,0
IPO083,20140617,140.18,140.18,140.18,140.18,0
IPO083,20140618,140.50,140.50,140.50,140.50,0
IPO083,20140620,140.45,140.45,140.45,140.45,0
IPO083,20140623,139.82,139.82,139.82,139.82,0
IPO083,20140624,139.44,139.44,139.44,139.44,0
IPO083,20140625,137.75,137.75,137.75,137.75,0
IPO083,20140626,137.61,137.61,137.61,137.61,0
IPO083,20140627,137.38,137.38,137.38,137.38,0
IPO083,20140630,137.60,137.60,137.60,137.60,0
IPO083,20140701,136.57,136.57,136.57,136.57,0
IPO083,20140702,135.03,135.03,135.03,135.03,0
IPO083,20140703,134.03,134.03,134.03,134.03,0
IPO083,20140704,134.99,134.99,134.99,134.99,0
IPO083,20140707,135.36,135.36,135.36,135.36,0
IPO083,20140708,134.87,134.87,134.87,134.87,0
IPO083,20140709,134.33,134.33,134.33,134.33,0
IPO083,20140710,133.03,133.03,133.03,133.03,0
IPO083,20140711,134.27,134.27,134.27,134.27,0
IPO083,20140714,134.97,134.97,134.97,134.97,0
IPO083,20140715,134.78,134.78,134.78,134.78,0
IPO083,20140716,133.97,133.97,133.97,133.97,0
IPO083,20140717,133.47,133.47,133.47,133.47,0
IPO083,20140718,133.13,133.13,133.13,133.13,0
IPO083,20140721,132.38,132.38,132.38,132.38,0
IPO083,20140722,133.37,133.37,133.37,133.37,0
IPO083,20140723,133.27,133.27,133.27,133.27,0
IPO083,20140724,132.75,132.75,132.75,132.75,0
IPO083,20140725,132.77,132.77,132.77,132.77,0
IPO083,20140728,133.05,133.05,133.05,133.05,0
IPO083,20140729,132.12,132.12,132.12,132.12,0
IPO083,20140730,130.13,130.13,130.13,130.13,0
IPO083,20140731,130.36,130.36,130.36,130.36,0
IPO083,20140801,131.06,131.06,131.06,131.06,0
IPO083,20140804,132.19,132.19,132.19,132.19,0
IPO083,20140805,131.01,131.01,131.01,131.01,0
IPO083,20140806,129.91,129.91,129.91,129.91,0
IPO083,20140807,128.49,128.49,128.49,128.49,0
IPO083,20140808,126.88,126.88,126.88,126.88,0
IPO083,20140811,129.21,129.21,129.21,129.21,0
IPO083,20140812,128.69,128.69,128.69,128.69,0
IPO083,20140813,129.27,129.27,129.27,129.27,0
IPO083,20140814,129.54,129.54,129.54,129.54,0
IPO083,20140818,130.34,130.34,130.34,130.34,0
IPO083,20140820,131.28,131.28,131.28,131.28,0
IPO083,20140821,131.73,131.73,131.73,131.73,0
IPO083,20140822,131.71,131.71,131.71,131.71,0
IPO083,20140825,131.95,131.95,131.95,131.95,0
IPO083,20140826,133.36,133.36,133.36,133.36,0
IPO083,20140827,134.31,134.31,134.31,134.31,0
IPO083,20140828,131.67,131.67,131.67,131.67,0
IPO083,20140829,131.76,131.76,131.76,131.76,0
IPO083,20140901,133.00,133.00,133.00,133.00,0
IPO083,20140902,132.90,132.90,132.90,132.90,0
IPO083,20140903,135.35,135.35,135.35,135.35,0
IPO083,20140904,137.22,137.22,137.22,137.22,0
IPO083,20140905,137.31,137.31,137.31,137.31,0
IPO083,20140908,137.35,137.35,137.35,137.35,0
IPO083,20140909,137.69,137.69,137.69,137.69,0
IPO083,20140910,138.77,138.77,138.77,138.77,0
IPO083,20140918,142.23,142.23,142.23,142.23,0
IPO083,20140919,142.74,142.74,142.74,142.74,0
IPO083,20140922,142.36,142.36,142.36,142.36,0
IPO083,20140923,140.98,140.98,140.98,140.98,0
IPO083,20140924,140.45,140.45,140.45,140.45,0
IPO083,20140925,141.00,141.00,141.00,141.00,0
IPO083,20140929,141.29,141.29,141.29,141.29,0
IPO083,20140930,140.78,140.78,140.78,140.78,0
IPO083,20141001,139.73,139.73,139.73,139.73,0
IPO083,20141002,138.47,138.47,138.47,138.47,0
IPO083,20141006,140.00,140.00,140.00,140.00,0
IPO083,20141007,139.63,139.63,139.63,139.63,0
IPO083,20141008,138.00,138.00,138.00,138.00,0
IPO083,20141009,138.15,138.15,138.15,138.15,0
IPO083,20141010,136.58,136.58,136.58,136.58,0
IPO083,20141013,136.16,136.16,136.16,136.16,0
IPO083,20141014,135.95,135.95,135.95,135.95,0
IPO083,20141015,135.27,135.27,135.27,135.27,0
IPO083,20141016,134.58,134.58,134.58,134.58,0
IPO083,20141017,135.45,135.45,135.45,135.45,0
IPO083,20141020,135.16,135.16,135.16,135.16,0
IPO083,20141021,137.38,137.38,137.38,137.38,0
IPO083,20141022,137.38,137.38,137.38,137.38,0
IPO083,20141023,136.90,136.90,136.90,136.90,0
IPO083,20141024,137.62,137.62,137.62,137.62,0
IPO083,20141027,138.34,138.34,138.34,138.34,0
IPO083,20141028,138.37,138.37,138.37,138.37,0
IPO083,20141029,138.09,138.09,138.09,138.09,0
IPO083,20141030,138.02,138.02,138.02,138.02,0
IPO083,20141031,139.01,139.01,139.01,139.01,0
IPO083,20141103,138.78,138.78,138.78,138.78,0
IPO083,20141104,138.70,138.70,138.70,138.70,0
IPO083,20141105,138.44,138.44,138.44,138.44,0
IPO083,20141106,138.09,138.09,138.09,138.09,0
IPO083,20141107,137.71,137.71,137.71,137.71,0
IPO083,20141110,137.49,137.49,137.49,137.49,0
IPO083,20141112,137.29,137.29,137.29,137.29,0
IPO083,20141113,136.96,136.96,136.96,136.96,0
IPO083,20141114,136.64,136.64,136.64,136.64,0
IPO083,20141117,135.64,135.64,135.64,135.64,0
IPO083,20141118,136.25,136.25,136.25,136.25,0
IPO083,20141119,136.48,136.48,136.48,136.48,0
IPO083,20141120,135.11,135.11,135.11,135.11,0
IPO083,20141121,135.42,135.42,135.42,135.42,0
IPO083,20141124,135.51,135.51,135.51,135.51,0
IPO083,20141125,135.47,135.47,135.47,135.47,0
IPO083,20141126,136.07,136.07,136.07,136.07,0
IPO083,20141127,136.57,136.57,136.57,136.57,0
IPO083,20141128,137.25,137.25,137.25,137.25,0
IPO083,20141201,136.12,136.12,136.12,136.12,0
IPO083,20141202,137.20,137.20,137.20,137.20,0
IPO083,20141203,137.76,137.76,137.76,137.76,0
IPO083,20141204,137.56,137.56,137.56,137.56,0
IPO083,20141205,138.04,138.04,138.04,138.04,0
IPO083,20141208,137.49,137.49,137.49,137.49,0
IPO083,20141209,136.98,136.98,136.98,136.98,0
IPO083,20141210,136.14,136.14,136.14,136.14,0
IPO083,20141211,135.85,135.85,135.85,135.85,0
IPO083,20141212,135.40,135.40,135.40,135.40,0
IPO083,20141215,134.39,134.39,134.39,134.39,0
IPO083,20141216,133.72,133.72,133.72,133.72,0
IPO083,20141217,133.96,133.96,133.96,133.96,0
IPO083,20141218,135.05,135.05,135.05,135.05,0
IPO083,20141219,133.94,133.94,133.94,133.94,0
IPO083,20141222,133.64,133.64,133.64,133.64,0
IPO083,20141223,134.04,134.04,134.04,134.04,0
IPO083,20141229,133.82,133.82,133.82,133.82,0
IPO083,20141230,134.42,134.42,134.42,134.42,0
IPO083,20150102,134.53,134.53,134.53,134.53,0
IPO083,20150105,132.81,132.81,132.81,132.81,0
IPO083,20150107,134.16,134.16,134.16,134.16,0
IPO083,20150108,136.24,136.24,136.24,136.24,0
IPO083,20150109,136.62,136.62,136.62,136.62,0
IPO083,20150112,136.18,136.18,136.18,136.18,0
IPO083,20150113,136.58,136.58,136.58,136.58,0
IPO083,20150114,135.66,135.66,135.66,135.66,0
IPO083,20150115,133.73,133.73,133.73,133.73,0
IPO083,20150116,132.70,132.70,132.70,132.70,0
IPO083,20150119,132.32,132.32,132.32,132.32,0
IPO083,20150120,132.55,132.55,132.55,132.55,0
IPO083,20150121,133.75,133.75,133.75,133.75,0
IPO083,20150122,134.98,134.98,134.98,134.98,0
IPO083,20150123,136.27,136.27,136.27,136.27,0
IPO083,20150126,136.76,136.76,136.76,136.76,0
IPO083,20150127,136.71,136.71,136.71,136.71,0
IPO083,20150128,136.98,136.98,136.98,136.98,0
IPO083,20150129,137.33,137.33,137.33,137.33,0
IPO083,20150130,137.97,137.97,137.97,137.97,0
IPO083,20150202,137.63,137.63,137.63,137.63,0
IPO083,20150203,137.68,137.68,137.68,137.68,0
IPO083,20150204,136.96,136.96,136.96,136.96,0
IPO083,20150205,137.54,137.54,137.54,137.54,0
IPO083,20150206,138.27,138.27,138.27,138.27,0
IPO083,20150209,137.58,137.58,137.58,137.58,0
IPO083,20150210,137.76,137.76,137.76,137.76,0
IPO083,20150211,137.82,137.82,137.82,137.82,0
IPO083,20150212,138.25,138.25,138.25,138.25,0
IPO083,20150213,139.14,139.14,139.14,139.14,0
IPO083,20150216,139.84,139.84,139.84,139.84,0
IPO083,20150217,139.90,139.90,139.90,139.90,0
IPO083,20150218,140.64,140.64,140.64,140.64,0
IPO083,20150219,141.08,141.08,141.08,141.08,0
IPO083,20150220,140.74,140.74,140.74,140.74,0
IPO083,20150223,141.42,141.42,141.42,141.42,0
IPO083,20150224,142.25,142.25,142.25,142.25,0
IPO083,20150225,142.16,142.16,142.16,142.16,0
IPO083,20150226,142.78,142.78,142.78,142.78,0
IPO083,20150227,143.92,143.92,143.92,143.92,0
IPO083,20150302,144.90,144.90,144.90,144.90,0
IPO083,20150303,144.06,144.06,144.06,144.06,0
IPO083,20150304,145.68,145.68,145.68,145.68,0
IPO083,20150305,146.71,146.71,146.71,146.71,0
IPO083,20150306,146.97,146.97,146.97,146.97,0
IPO083,20150309,147.32,147.32,147.32,147.32,0
IPO083,20150310,146.20,146.20,146.20,146.20,0
IPO083,20150311,147.11,147.11,147.11,147.11,0
IPO083,20150312,147.44,147.44,147.44,147.44,0
IPO083,20150313,147.75,147.75,147.75,147.75,0
IPO083,20150316,148.00,148.00,148.00,148.00,0
IPO083,20150317,147.62,147.62,147.62,147.62,0
IPO083,20150318,147.46,147.46,147.46,147.46,0
IPO083,20150319,149.07,149.07,149.07,149.07,0
IPO083,20150320,149.52,149.52,149.52,149.52,0
IPO083,20150323,149.11,149.11,149.11,149.11,0
IPO083,20150324,148.56,148.56,148.56,148.56,0
IPO083,20150325,148.18,148.18,148.18,148.18,0
IPO083,20150326,146.57,146.57,146.57,146.57,0
IPO083,20150327,146.54,146.54,146.54,146.54,0
IPO083,20150330,147.90,147.90,147.90,147.90,0
IPO083,20150331,147.81,147.81,147.81,147.81,0
IPO083,20150401,148.00,148.00,148.00,148.00,0
IPO083,20150402,148.20,148.20,148.20,148.20,0
IPO083,20150407,148.75,148.75,148.75,148.75,0
IPO083,20150408,149.15,149.15,149.15,149.15,0
IPO083,20150409,150.64,150.64,150.64,150.64,0
IPO083,20150410,150.84,150.84,150.84,150.84,0
IPO083,20150413,150.56,150.56,150.56,150.56,0
IPO083,20150414,150.32,150.32,150.32,150.32,0
IPO083,20150415,150.56,150.56,150.56,150.56,0
IPO083,20150416,150.90,150.90,150.90,150.90,0
IPO083,20150417,150.20,150.20,150.20,150.20,0
IPO083,20150420,150.88,150.88,150.88,150.88,0
IPO083,20150421,151.04,151.04,151.04,151.04,0
IPO083,20150422,151.40,151.40,151.40,151.40,0
IPO083,20150423,151.36,151.36,151.36,151.36,0
IPO083,20150424,151.99,151.99,151.99,151.99,0
IPO083,20150427,152.74,152.74,152.74,152.74,0
IPO083,20150428,151.76,151.76,151.76,151.76,0
IPO083,20150429,150.81,150.81,150.81,150.81,0
IPO083,20150430,150.57,150.57,150.57,150.57,0
IPO083,20150504,151.18,151.18,151.18,151.18,0
IPO083,20150505,150.30,150.30,150.30,150.30,0
IPO083,20150506,151.07,151.07,151.07,151.07,0
IPO083,20150507,151.37,151.37,151.37,151.37,0
IPO083,20150508,153.26,153.26,153.26,153.26,0
IPO083,20150511,153.77,153.77,153.77,153.77,0
IPO083,20150512,152.78,152.78,152.78,152.78,0
IPO083,20150513,152.33,152.33,152.33,152.33,0
IPO083,20150514,152.83,152.83,152.83,152.83,0
IPO083,20150515,152.78,152.78,152.78,152.78,0
IPO083,20150518,153.19,153.19,153.19,153.19,0
IPO083,20150519,153.65,153.65,153.65,153.65,0
IPO083,20150520,153.77,153.77,153.77,153.77,0
IPO083,20150521,154.23,154.23,154.23,154.23,0
IPO083,20150522,154.07,154.07,154.07,154.07,0
IPO083,20150525,152.92,152.92,152.92,152.92,0
IPO083,20150526,152.44,152.44,152.44,152.44,0
IPO083,20150527,153.18,153.18,153.18,153.18,0
IPO083,20150528,152.90,152.90,152.90,152.90,0
IPO083,20150529,152.28,152.28,152.28,152.28,0
IPO083,20150601,152.81,152.81,152.81,152.81,0
IPO083,20150602,151.97,151.97,151.97,151.97,0
IPO083,20150603,152.00,152.00,152.00,152.00,0
IPO083,20150605,150.54,150.54,150.54,150.54,0
IPO083,20150608,149.38,149.38,149.38,149.38,0
IPO083,20150609,148.45,148.45,148.45,148.45,0
IPO083,20150610,150.04,150.04,150.04,150.04,0
IPO083,20150611,150.03,150.03,150.03,150.03,0
IPO083,20150612,149.37,149.37,149.37,149.37,0
IPO083,20150615,148.18,148.18,148.18,148.18,0
IPO083,20150616,148.56,148.56,148.56,148.56,0
IPO083,20150617,147.23,147.23,147.23,147.23,0
IPO083,20150618,147.24,147.24,147.24,147.24,0
IPO083,20150619,147.16,147.16,147.16,147.16,0
IPO083,20150622,149.24,149.24,149.24,149.24,0
IPO083,20150623,150.16,150.16,150.16,150.16,0
IPO083,20150624,149.57,149.57,149.57,149.57,0
IPO083,20150625,149.22,149.22,149.22,149.22,0
IPO083,20150626,149.54,149.54,149.54,149.54,0
IPO083,20150629,146.60,146.60,146.60,146.60,0
IPO083,20150630,146.49,146.49,146.49,146.49,0
IPO083,20150701,147.48,147.48,147.48,147.48,0
IPO083,20150702,147.60,147.60,147.60,147.60,0
IPO083,20150703,146.93,146.93,146.93,146.93,0
IPO083,20150706,146.09,146.09,146.09,146.09,0
IPO083,20150707,144.36,144.36,144.36,144.36,0
IPO083,20150708,143.26,143.26,143.26,143.26,0
IPO083,20150709,144.68,144.68,144.68,144.68,0
IPO083,20150710,147.43,147.43,147.43,147.43,0
IPO083,20150713,149.44,149.44,149.44,149.44,0
IPO083,20150714,149.46,149.46,149.46,149.46,0
IPO083,20150715,150.46,150.46,150.46,150.46,0
IPO083,20150716,152.09,152.09,152.09,152.09,0
IPO083,20150717,152.52,152.52,152.52,152.52,0
IPO083,20150720,152.48,152.48,152.48,152.48,0
IPO083,20150721,151.66,151.66,151.66,151.66,0
IPO083,20150722,150.39,150.39,150.39,150.39,0
IPO083,20150723,150.70,150.70,150.70,150.70,0
IPO083,20150724,150.76,150.76,150.76,150.76,0
IPO083,20150727,148.99,148.99,148.99,148.99,0
IPO083,20150728,149.85,149.85,149.85,149.85,0
IPO083,20150729,150.57,150.57,150.57,150.57,0
IPO083,20150730,150.96,150.96,150.96,150.96,0
IPO083,20150731,151.83,151.83,151.83,151.83,0
IPO083,20150803,152.39,152.39,152.39,152.39,0
IPO083,20150804,153.87,153.87,153.87,153.87,0
IPO083,20150805,155.80,155.80,155.80,155.80,0
IPO083,20150806,153.92,153.92,153.92,153.92,0
IPO083,20150807,153.12,153.12,153.12,153.12,0
IPO083,20150810,154.22,154.22,154.22,154.22,0
IPO083,20150811,153.32,153.32,153.32,153.32,0
IPO083,20150812,151.05,151.05,151.05,151.05,0
IPO083,20150813,152.66,152.66,152.66,152.66,0
IPO083,20150814,152.97,152.97,152.97,152.97,0
IPO083,20150817,152.30,152.30,152.30,152.30,0
IPO083,20150818,152.34,152.34,152.34,152.34,0
IPO083,20150819,151.82,151.82,151.82,151.82,0
IPO083,20150820,150.07,150.07,150.07,150.07,0
IPO083,20150821,147.13,147.13,147.13,147.13,0
IPO083,20150824,139.11,139.11,139.11,139.11,0
IPO083,20150825,142.58,142.58,142.58,142.58,0
IPO083,20150826,141.42,141.42,141.42,141.42,0
IPO083,20150827,144.73,144.73,144.73,144.73,0
IPO083,20150828,145.45,145.45,145.45,145.45,0
IPO083,20150831,145.98,145.98,145.98,145.98,0
IPO083,20150901,143.39,143.39,143.39,143.39,0
IPO083,20150902,143.08,143.08,143.08,143.08,0
IPO083,20150903,145.30,145.30,145.30,145.30,0
IPO083,20150904,143.96,143.96,143.96,143.96,0
IPO083,20150907,143.90,143.90,143.90,143.90,0
IPO083,20150908,145.00,145.00,145.00,145.00,0
IPO083,20150909,145.58,145.58,145.58,145.58,0
IPO083,20150910,145.70,145.70,145.70,145.70,0
IPO083,20150911,145.08,145.08,145.08,145.08,0
IPO083,20150914,144.86,144.86,144.86,144.86,0
IPO083,20150915,144.72,144.72,144.72,144.72,0
IPO083,20150916,145.76,145.76,145.76,145.76,0
IPO083,20150917,146.07,146.07,146.07,146.07,0
IPO083,20150918,145.54,145.54,145.54,145.54,0
IPO083,20150921,145.71,145.71,145.71,145.71,0
IPO083,20150922,143.84,143.84,143.84,143.84,0
IPO083,20150923,143.22,143.22,143.22,143.22,0
IPO083,20150924,141.92,141.92,141.92,141.92,0
IPO083,20150925,143.63,143.63,143.63,143.63,0
IPO083,20150928,142.17,142.17,142.17,142.17,0
IPO083,20150929,141.74,141.74,141.74,141.74,0
IPO083,20150930,143.41,143.41,143.41,143.41,0
IPO083,20151001,143.39,143.39,143.39,143.39,0
IPO083,20151002,143.07,143.07,143.07,143.07,0
IPO083,20151005,145.05,145.05,145.05,145.05,0
IPO083,20151006,146.41,146.41,146.41,146.41,0
IPO083,20151007,146.22,146.22,146.22,146.22,0
IPO083,20151008,146.77,146.77,146.77,146.77,0
IPO083,20151009,147.61,147.61,147.61,147.61,0
IPO083,20151012,147.25,147.25,147.25,147.25,0
IPO083,20151013,146.17,146.17,146.17,146.17,0
IPO083,20151014,145.79,145.79,145.79,145.79,0
IPO083,20151015,146.75,146.75,146.75,146.75,0
IPO083,20151016,147.20,147.20,147.20,147.20,0
IPO083,20151019,147.50,147.50,147.50,147.50,0
IPO083,20151020,148.05,148.05,148.05,148.05,0
IPO083,20151021,148.10,148.10,148.10,148.10,0
IPO083,20151022,148.76,148.76,148.76,148.76,0
IPO083,20151023,149.52,149.52,149.52,149.52,0
IPO083,20151026,149.11,149.11,149.11,149.11,0
IPO083,20151027,148.31,148.31,148.31,148.31,0
IPO083,20151028,148.94,148.94,148.94,148.94,0
IPO083,20151029,148.04,148.04,148.04,148.04,0
IPO083,20151030,148.31,148.31,148.31,148.31,0
IPO083,20151102,149.26,149.26,149.26,149.26,0
IPO083,20151103,149.30,149.30,149.30,149.30,0
IPO083,20151104,149.80,149.80,149.80,149.80,0
IPO083,20151105,149.65,149.65,149.65,149.65,0
IPO083,20151106,149.22,149.22,149.22,149.22,0
IPO083,20151109,148.21,148.21,148.21,148.21,0
IPO083,20151110,148.03,148.03,148.03,148.03,0
IPO083,20151112,147.35,147.35,147.35,147.35,0
IPO083,20151113,146.22,146.22,146.22,146.22,0
IPO083,20151116,145.45,145.45,145.45,145.45,0
IPO083,20151117,146.86,146.86,146.86,146.86,0
IPO083,20151118,146.70,146.70,146.70,146.70,0
IPO083,20151119,147.72,147.72,147.72,147.72,0
IPO083,20151120,148.22,148.22,148.22,148.22,0
IPO083,20151123,147.00,147.00,147.00,147.00,0
IPO083,20151124,145.56,145.56,145.56,145.56,0
IPO083,20151125,146.63,146.63,146.63,146.63,0
IPO083,20151126,147.53,147.53,147.53,147.53,0
IPO083,20151127,147.60,147.60,147.60,147.60,0
IPO083,20151130,148.72,148.72,148.72,148.72,0
IPO083,20151201,148.37,148.37,148.37,148.37,0
IPO083,20151202,147.31,147.31,147.31,147.31,0
IPO083,20151203,146.09,146.09,146.09,146.09,0
IPO083,20151204,145.33,145.33,145.33,145.33,0
IPO083,20151207,146.06,146.06,146.06,146.06,0
IPO083,20151208,144.61,144.61,144.61,144.61,0
IPO083,20151209,142.74,142.74,142.74,142.74,0
IPO083,20151210,142.80,142.80,142.80,142.80,0
IPO083,20151211,140.83,140.83,140.83,140.83,0
IPO083,20151214,138.15,138.15,138.15,138.15,0
IPO083,20151215,140.15,140.15,140.15,140.15,0
IPO083,20151216,140.94,140.94,140.94,140.94,0
IPO083,20151217,142.95,142.95,142.95,142.95,0
IPO083,20151218,142.29,142.29,142.29,142.29,0
IPO083,20151221,142.33,142.33,142.33,142.33,0
IPO083,20151222,142.45,142.45,142.45,142.45,0
IPO083,20151223,143.81,143.81,143.81,143.81,0
IPO083,20151228,143.98,143.98,143.98,143.98,0
IPO083,20151229,145.47,145.47,145.47,145.47,0
IPO083,20151230,145.49,145.49,145.49,145.49,0
IPO083,20160104,142.16,142.16,142.16,142.16,0
IPO083,20160105,142.39,142.39,142.39,142.39,0
IPO083,20160107,139.44,139.44,139.44,139.44,0
IPO083,20160108,138.94,138.94,138.94,138.94,0
IPO083,20160111,137.53,137.53,137.53,137.53,0
IPO083,20160112,139.39,139.39,139.39,139.39,0
IPO083,20160113,139.94,139.94,139.94,139.94,0
IPO083,20160114,138.15,138.15,138.15,138.15,0
IPO083,20160115,135.63,135.63,135.63,135.63,0
IPO083,20160118,133.42,133.42,133.42,133.42,0
IPO083,20160119,134.82,134.82,134.82,134.82,0
IPO083,20160120,131.00,131.00,131.00,131.00,0
IPO083,20160121,131.51,131.51,131.51,131.51,0
IPO083,20160122,134.12,134.12,134.12,134.12,0
IPO083,20160125,134.80,134.80,134.80,134.80,0
IPO083,20160126,135.25,135.25,135.25,135.25,0
IPO083,20160127,135.30,135.30,135.30,135.30,0
IPO083,20160128,134.69,134.69,134.69,134.69,0
IPO083,20160129,136.55,136.55,136.55,136.55,0
IPO083,20160201,136.96,136.96,136.96,136.96,0
IPO083,20160202,135.72,135.72,135.72,135.72,0
IPO083,20160203,134.58,134.58,134.58,134.58,0
IPO083,20160204,135.24,135.24,135.24,135.24,0
IPO083,20160205,135.16,135.16,135.16,135.16,0
IPO083,20160208,131.35,131.35,131.35,131.35,0
IPO083,20160209,130.42,130.42,130.42,130.42,0
IPO083,20160210,131.31,131.31,131.31,131.31,0
IPO083,20160211,129.13,129.13,129.13,129.13,0
IPO083,20160212,129.93,129.93,129.93,129.93,0
IPO083,20160215,132.88,132.88,132.88,132.88,0
IPO083,20160216,132.58,132.58,132.58,132.58,0
IPO083,20160217,136.01,136.01,136.01,136.01,0
IPO083,20160218,136.93,136.93,136.93,136.93,0
IPO083,20160219,135.66,135.66,135.66,135.66,0
IPO083,20160222,137.08,137.08,137.08,137.08,0
IPO083,20160223,137.28,137.28,137.28,137.28,0
IPO083,20160224,135.01,135.01,135.01,135.01,0
IPO083,20160225,135.95,135.95,135.95,135.95,0
IPO083,20160226,137.56,137.56,137.56,137.56,0
IPO083,20160229,138.42,138.42,138.42,138.42,0
IPO083,20160301,139.18,139.18,139.18,139.18,0
IPO083,20160302,139.20,139.20,139.20,139.20,0
IPO083,20160303,140.51,140.51,140.51,140.51,0
IPO083,20160304,141.26,141.26,141.26,141.26,0
IPO083,20160307,141.42,141.42,141.42,141.42,0
IPO083,20160308,140.84,140.84,140.84,140.84,0
IPO083,20160309,140.41,140.41,140.41,140.41,0
IPO083,20160310,139.88,139.88,139.88,139.88,0
IPO083,20160311,141.42,141.42,141.42,141.42,0
IPO083,20160314,142.10,142.10,142.10,142.10,0
IPO083,20160315,141.52,141.52,141.52,141.52,0
IPO083,20160316,141.67,141.67,141.67,141.67,0
IPO083,20160317,142.17,142.17,142.17,142.17,0
IPO083,20160318,143.29,143.29,143.29,143.29,0
IPO083,20160321,142.75,142.75,142.75,142.75,0
IPO083,20160322,142.80,142.80,142.80,142.80,0
IPO083,20160323,143.44,143.44,143.44,143.44,0
IPO083,20160324,143.01,143.01,143.01,143.01,0
IPO083,20160329,143.71,143.71,143.71,143.71,0
IPO083,20160330,144.92,144.92,144.92,144.92,0
IPO083,20160331,145.58,145.58,145.58,145.58,0
IPO083,20160401,144.63,144.63,144.63,144.63,0
IPO083,20160404,145.05,145.05,145.05,145.05,0
IPO083,20160405,143.33,143.33,143.33,143.33,0
IPO083,20160406,142.84,142.84,142.84,142.84,0
IPO083,20160407,142.80,142.80,142.80,142.80,0
IPO083,20160408,143.87,143.87,143.87,143.87,0
IPO083,20160411,144.10,144.10,144.10,144.10,0
IPO083,20160412,144.18,144.18,144.18,144.18,0
IPO083,20160413,145.77,145.77,145.77,145.77,0
IPO083,20160414,145.96,145.96,145.96,145.96,0
IPO083,20160415,145.82,145.82,145.82,145.82,0
IPO083,20160418,145.71,145.71,145.71,145.71,0
IPO083,20160419,146.89,146.89,146.89,146.89,0
IPO083,20160420,147.60,147.60,147.60,147.60,0
IPO083,20160421,147.63,147.63,147.63,147.63,0
IPO083,20160422,147.76,147.76,147.76,147.76,0
IPO083,20160425,147.45,147.45,147.45,147.45,0
IPO083,20160426,146.82,146.82,146.82,146.82,0
IPO083,20160427,147.20,147.20,147.20,147.20,0
IPO083,20160428,146.85,146.85,146.85,146.85,0
IPO083,20160429,146.98,146.98,146.98,146.98,0
IPO083,20160502,146.95,146.95,146.95,146.95,0
IPO083,20160504,146.04,146.04,146.04,146.04,0
IPO083,20160505,145.29,145.29,145.29,145.29,0
IPO083,20160506,145.13,145.13,145.13,145.13,0
IPO083,20160509,145.19,145.19,145.19,145.19,0
IPO083,20160510,145.20,145.20,145.20,145.20,0
IPO083,20160511,145.27,145.27,145.27,145.27,0
IPO083,20160512,145.16,145.16,145.16,145.16,0
IPO083,20160513,145.39,145.39,145.39,145.39,0
IPO083,20160516,146.15,146.15,146.15,146.15,0
IPO083,20160517,146.19,146.19,146.19,146.19,0
IPO083,20160518,146.47,146.47,146.47,146.47,0
IPO083,20160519,144.97,144.97,144.97,144.97,0
IPO083,20160520,145.18,145.18,145.18,145.18,0
IPO083,20160523,145.26,145.26,145.26,145.26,0
IPO083,20160524,145.94,145.94,145.94,145.94,0
IPO083,20160525,146.96,146.96,146.96,146.96,0
IPO083,20160527,147.37,147.37,147.37,147.37,0
IPO083,20160530,146.93,146.93,146.93,146.93,0
IPO083,20160531,145.73,145.73,145.73,145.73,0
IPO083,20160601,143.44,143.44,143.44,143.44,0
IPO083,20160602,144.21,144.21,144.21,144.21,0
IPO083,20160603,145.04,145.04,145.04,145.04,0
IPO083,20160606,144.85,144.85,144.85,144.85,0
IPO083,20160607,146.05,146.05,146.05,146.05,0
IPO083,20160608,145.57,145.57,145.57,145.57,0
IPO083,20160609,144.15,144.15,144.15,144.15,0
IPO083,20160610,143.01,143.01,143.01,143.01,0
IPO083,20160613,141.27,141.27,141.27,141.27,0
IPO083,20160614,139.96,139.96,139.96,139.96,0
IPO083,20160615,140.39,140.39,140.39,140.39,0
IPO083,20160616,138.33,138.33,138.33,138.33,0
IPO083,20160617,140.52,140.52,140.52,140.52,0
IPO083,20160620,142.19,142.19,142.19,142.19,0
IPO083,20160621,142.59,142.59,142.59,142.59,0
IPO083,20160622,143.24,143.24,143.24,143.24,0
IPO083,20160623,145.09,145.09,145.09,145.09,0
IPO083,20160624,137.55,137.55,137.55,137.55,0
IPO083,20160627,135.04,135.04,135.04,135.04,0
IPO083,20160628,136.61,136.61,136.61,136.61,0
IPO083,20160629,138.12,138.12,138.12,138.12,0
IPO083,20160630,138.73,138.73,138.73,138.73,0
IPO083,20160701,139.79,139.79,139.79,139.79,0
IPO083,20160704,138.53,138.53,138.53,138.53,0
IPO083,20160705,137.88,137.88,137.88,137.88,0
IPO083,20160706,136.60,136.60,136.60,136.60,0
IPO083,20160707,137.38,137.38,137.38,137.38,0
IPO083,20160708,138.68,138.68,138.68,138.68,0
IPO083,20160711,140.48,140.48,140.48,140.48,0
IPO083,20160712,141.54,141.54,141.54,141.54,0
IPO083,20160713,141.94,141.94,141.94,141.94,0
IPO083,20160714,142.58,142.58,142.58,142.58,0
IPO083,20160715,142.87,142.87,142.87,142.87,0
IPO083,20160718,143.34,143.34,143.34,143.34,0
IPO083,20160719,143.51,143.51,143.51,143.51,0
IPO083,20160720,144.14,144.14,144.14,144.14,0
IPO083,20160721,144.41,144.41,144.41,144.41,0
IPO083,20160722,144.58,144.58,144.58,144.58,0
IPO083,20160725,145.38,145.38,145.38,145.38,0
IPO083,20160726,145.83,145.83,145.83,145.83,0
IPO083,20160727,146.09,146.09,146.09,146.09,0
IPO083,20160728,145.86,145.86,145.86,145.86,0
IPO083,20160729,145.35,145.35,145.35,145.35,0
IPO083,20160801,145.52,145.52,145.52,145.52,0
IPO083,20160802,145.92,145.92,145.92,145.92,0
IPO083,20160803,145.18,145.18,145.18,145.18,0
IPO083,20160804,146.62,146.62,146.62,146.62,0
IPO083,20160805,147.91,147.91,147.91,147.91,0
IPO083,20160808,148.24,148.24,148.24,148.24,0
IPO083,20160809,149.02,149.02,149.02,149.02,0
IPO083,20160810,149.28,149.28,149.28,149.28,0
IPO083,20160811,149.77,149.77,149.77,149.77,0
IPO083,20160812,150.16,150.16,150.16,150.16,0
IPO083,20160816,150.24,150.24,150.24,150.24,0
IPO083,20160817,149.60,149.60,149.60,149.60,0
IPO083,20160818,149.90,149.90,149.90,149.90,0
IPO083,20160819,149.09,149.09,149.09,149.09,0
IPO083,20160822,149.43,149.43,149.43,149.43,0
IPO083,20160823,149.94,149.94,149.94,149.94,0
IPO083,20160824,150.38,150.38,150.38,150.38,0
IPO083,20160825,150.14,150.14,150.14,150.14,0
IPO083,20160826,150.65,150.65,150.65,150.65,0
IPO083,20160829,150.08,150.08,150.08,150.08,0
IPO083,20160830,151.09,151.09,151.09,151.09,0
IPO083,20160831,151.38,151.38,151.38,151.38,0
IPO083,20160901,150.75,150.75,150.75,150.75,0
IPO083,20160902,151.65,151.65,151.65,151.65,0
IPO083,20160905,151.96,151.96,151.96,151.96,0
IPO083,20160906,151.73,151.73,151.73,151.73,0
IPO083,20160907,152.99,152.99,152.99,152.99,0
IPO083,20160908,152.50,152.50,152.50,152.50,0
IPO083,20160909,151.66,151.66,151.66,151.66,0
IPO083,20160912,150.79,150.79,150.79,150.79,0
IPO083,20160913,151.41,151.41,151.41,151.41,0
IPO083,20160914,151.67,151.67,151.67,151.67,0
IPO083,20160915,151.62,151.62,151.62,151.62,0
IPO083,20160916,151.96,151.96,151.96,151.96,0
IPO083,20160919,152.11,152.11,152.11,152.11,0
IPO083,20160920,152.09,152.09,152.09,152.09,0
IPO083,20160921,152.32,152.32,152.32,152.32,0
IPO083,20160922,153.38,153.38,153.38,153.38,0
IPO083,20160923,153.17,153.17,153.17,153.17,0
IPO083,20160926,152.88,152.88,152.88,152.88,0
IPO083,20160927,152.46,152.46,152.46,152.46,0
IPO083,20160928,152.91,152.91,152.91,152.91,0
IPO083,20160929,152.87,152.87,152.87,152.87,0
IPO083,20160930,152.87,152.87,152.87,152.87,0
IPO083,20161003,152.62,152.62,152.62,152.62,0
IPO083,20161004,152.89,152.89,152.89,152.89,0
IPO083,20161005,152.49,152.49,152.49,152.49,0
IPO083,20161006,152.39,152.39,152.39,152.39,0
IPO083,20161007,151.98,151.98,151.98,151.98,0
IPO083,20161010,152.35,152.35,152.35,152.35,0
IPO083,20161011,151.69,151.69,151.69,151.69,0
IPO083,20161012,151.13,151.13,151.13,151.13,0
IPO083,20161013,150.91,150.91,150.91,150.91,0
IPO083,20161014,151.23,151.23,151.23,151.23,0
IPO083,20161017,151.64,151.64,151.64,151.64,0
IPO083,20161018,151.25,151.25,151.25,151.25,0
IPO083,20161019,151.33,151.33,151.33,151.33,0
IPO083,20161020,151.10,151.10,151.10,151.10,0
IPO083,20161021,151.08,151.08,151.08,151.08,0
IPO083,20161024,151.49,151.49,151.49,151.49,0
IPO083,20161025,151.20,151.20,151.20,151.20,0
IPO083,20161026,150.99,150.99,150.99,150.99,0
IPO083,20161027,150.92,150.92,150.92,150.92,0
IPO083,20161028,151.00,151.00,151.00,151.00,0
IPO083,20161031,151.70,151.70,151.70,151.70,0
IPO083,20161102,148.86,148.86,148.86,148.86,0
IPO083,20161103,148.71,148.71,148.71,148.71,0
IPO083,20161104,148.00,148.00,148.00,148.00,0
IPO083,20161107,148.28,148.28,148.28,148.28,0
IPO083,20161108,148.31,148.31,148.31,148.31,0
IPO083,20161109,148.58,148.58,148.58,148.58,0
IPO083,20161110,148.89,148.89,148.89,148.89,0
IPO083,20161114,147.76,147.76,147.76,147.76,0
IPO083,20161115,147.87,147.87,147.87,147.87,0
IPO083,20161116,147.58,147.58,147.58,147.58,0
IPO083,20161117,146.92,146.92,146.92,146.92,0
IPO083,20161118,146.99,146.99,146.99,146.99,0
IPO083,20161121,146.73,146.73,146.73,146.73,0
IPO083,20161122,147.43,147.43,147.43,147.43,0
IPO083,20161123,147.76,147.76,147.76,147.76,0
IPO083,20161124,148.55,148.55,148.55,148.55,0
IPO083,20161125,148.86,148.86,148.86,148.86,0
IPO083,20161128,148.42,148.42,148.42,148.42,0
IPO083,20161129,148.36,148.36,148.36,148.36,0
IPO083,20161130,148.66,148.66,148.66,148.66,0
IPO083,20161201,147.88,147.88,147.88,147.88,0
IPO083,20161202,148.16,148.16,148.16,148.16,0
IPO083,20161205,148.66,148.66,148.66,148.66,0
IPO083,20161206,149.73,149.73,149.73,149.73,0
IPO083,20161207,149.43,149.43,149.43,149.43,0
IPO083,20161208,151.07,151.07,151.07,151.07,0
IPO083,20161209,151.25,151.25,151.25,151.25,0
IPO083,20161212,150.90,150.90,150.90,150.90,0
IPO083,20161213,151.65,151.65,151.65,151.65,0
IPO083,20161214,151.24,151.24,151.24,151.24,0
IPO083,20161215,151.36,151.36,151.36,151.36,0
IPO083,20161216,151.16,151.16,151.16,151.16,0
IPO083,20161219,150.67,150.67,150.67,150.67,0
IPO083,20161220,151.51,151.51,151.51,151.51,0
IPO083,20161221,150.82,150.82,150.82,150.82,0
IPO083,20161222,150.54,150.54,150.54,150.54,0
IPO083,20161223,150.85,150.85,150.85,150.85,0
IPO083,20161227,150.85,150.85,150.85,150.85,0
IPO083,20161228,150.70,150.70,150.70,150.70,0
IPO083,20161229,152.28,152.28,152.28,152.28,0
IPO083,20161230,152.84,152.84,152.84,152.84,0
IPO083,20170102,153.60,153.60,153.60,153.60,0
IPO083,20170103,153.64,153.64,153.64,153.64,0
IPO083,20170104,153.14,153.14,153.14,153.14,0
IPO083,20170105,153.50,153.50,153.50,153.50,0
IPO083,20170109,154.06,154.06,154.06,154.06,0
IPO083,20170110,154.92,154.92,154.92,154.92,0
IPO083,20170111,156.14,156.14,156.14,156.14,0
IPO083,20170112,156.31,156.31,156.31,156.31,0
IPO083,20170113,156.04,156.04,156.04,156.04,0
IPO083,20170116,156.20,156.20,156.20,156.20,0
IPO083,20170117,156.22,156.22,156.22,156.22,0
IPO083,20170118,156.47,156.47,156.47,156.47,0
IPO083,20170119,156.64,156.64,156.64,156.64,0
IPO083,20170120,156.97,156.97,156.97,156.97,0
IPO083,20170123,157.27,157.27,157.27,157.27,0
IPO083,20170124,158.33,158.33,158.33,158.33,0
IPO083,20170125,160.28,160.28,160.28,160.28,0
IPO083,20170126,160.19,160.19,160.19,160.19,0
IPO083,20170127,160.18,160.18,160.18,160.18,0
IPO083,20170130,159.70,159.70,159.70,159.70,0
IPO083,20170131,160.07,160.07,160.07,160.07,0
IPO083,20170201,160.92,160.92,160.92,160.92,0
IPO083,20170202,160.64,160.64,160.64,160.64,0
IPO083,20170203,159.96,159.96,159.96,159.96,0
IPO083,20170206,159.36,159.36,159.36,159.36,0
IPO083,20170207,159.73,159.73,159.73,159.73,0
IPO083,20170208,159.92,159.92,159.92,159.92,0
IPO083,20170209,161.39,161.39,161.39,161.39,0
IPO083,20170210,162.50,162.50,162.50,162.50,0
IPO083,20170213,162.76,162.76,162.76,162.76,0
IPO083,20170214,162.57,162.57,162.57,162.57,0
IPO083,20170215,162.31,162.31,162.31,162.31,0
IPO083,20170216,162.84,162.84,162.84,162.84,0
IPO083,20170217,161.96,161.96,161.96,161.96,0
IPO083,20170220,162.22,162.22,162.22,162.22,0
IPO083,20170221,163.32,163.32,163.32,163.32,0
IPO083,20170222,163.56,163.56,163.56,163.56,0
IPO083,20170223,163.51,163.51,163.51,163.51,0
IPO083,20170224,162.66,162.66,162.66,162.66,0
IPO083,20170227,162.85,162.85,162.85,162.85,0
IPO083,20170228,162.94,162.94,162.94,162.94,0
IPO083,20170301,164.80,164.80,164.80,164.80,0
IPO083,20170302,164.96,164.96,164.96,164.96,0
IPO083,20170303,164.47,164.47,164.47,164.47,0
IPO083,20170306,164.31,164.31,164.31,164.31,0
IPO083,20170307,162.87,162.87,162.87,162.87,0
IPO083,20170308,160.94,160.94,160.94,160.94,0
IPO083,20170309,160.00,160.00,160.00,160.00,0
IPO083,20170310,161.94,161.94,161.94,161.94,0
IPO083,20170313,163.31,163.31,163.31,163.31,0
IPO083,20170314,162.78,162.78,162.78,162.78,0
IPO083,20170315,163.18,163.18,163.18,163.18,0
IPO083,20170316,164.30,164.30,164.30,164.30,0
IPO083,20170317,164.32,164.32,164.32,164.32,0
IPO083,20170320,164.06,164.06,164.06,164.06,0
IPO083,20170321,162.63,162.63,162.63,162.63,0
IPO083,20170322,160.95,160.95,160.95,160.95,0
IPO083,20170323,162.65,162.65,162.65,162.65,0
IPO083,20170324,162.26,162.26,162.26,162.26,0
IPO083,20170327,161.56,161.56,161.56,161.56,0
IPO083,20170328,162.66,162.66,162.66,162.66,0
IPO083,20170329,163.03,163.03,163.03,163.03,0
IPO083,20170330,162.72,162.72,162.72,162.72,0
IPO083,20170331,163.13,163.13,163.13,163.13,0
IPO083,20170403,162.82,162.82,162.82,162.82,0
IPO083,20170404,163.25,163.25,163.25,163.25,0
IPO083,20170405,164.09,164.09,164.09,164.09,0
IPO083,20170406,164.37,164.37,164.37,164.37,0
IPO083,20170407,164.81,164.81,164.81,164.81,0
IPO083,20170410,164.56,164.56,164.56,164.56,0
IPO083,20170411,163.70,163.70,163.70,163.70,0
IPO083,20170412,163.71,163.71,163.71,163.71,0
IPO083,20170413,163.62,163.62,163.62,163.62,0
IPO083,20170418,162.96,162.96,162.96,162.96,0
IPO083,20170419,163.66,163.66,163.66,163.66,0
IPO083,20170420,164.43,164.43,164.43,164.43,0
IPO083,20170421,164.56,164.56,164.56,164.56,0
IPO083,20170424,166.21,166.21,166.21,166.21,0
IPO083,20170425,165.62,165.62,165.62,165.62,0
IPO083,20170426,165.18,165.18,165.18,165.18,0
IPO083,20170427,165.70,165.70,165.70,165.70,0
IPO083,20170428,165.68,165.68,165.68,165.68,0
IPO083,20170502,166.69,166.69,166.69,166.69,0
IPO083,20170504,166.60,166.60,166.60,166.60,0
IPO083,20170505,166.40,166.40,166.40,166.40,0
IPO083,20170508,166.10,166.10,166.10,166.10,0
IPO083,20170509,165.44,165.44,165.44,165.44,0
IPO083,20170510,165.56,165.56,165.56,165.56,0
IPO083,20170511,165.09,165.09,165.09,165.09,0
IPO083,20170512,165.34,165.34,165.34,165.34,0
IPO083,20170515,165.54,165.54,165.54,165.54,0
IPO083,20170516,164.61,164.61,164.61,164.61,0
IPO083,20170517,162.76,162.76,162.76,162.76,0
IPO083,20170518,162.12,162.12,162.12,162.12,0
IPO083,20170519,163.56,163.56,163.56,163.56,0
IPO083,20170522,163.77,163.77,163.77,163.77,0
IPO083,20170523,164.30,164.30,164.30,164.30,0
IPO083,20170524,164.84,164.84,164.84,164.84,0
IPO083,20170525,165.51,165.51,165.51,165.51,0
IPO083,20170526,165.32,165.32,165.32,165.32,0
IPO083,20170529,165.29,165.29,165.29,165.29,0
IPO083,20170530,165.56,165.56,165.56,165.56,0
IPO083,20170531,165.38,165.38,165.38,165.38,0
IPO083,20170601,165.79,165.79,165.79,165.79,0
IPO083,20170602,166.08,166.08,166.08,166.08,0
IPO083,20170605,165.67,165.67,165.67,165.67,0
IPO083,20170606,165.75,165.75,165.75,165.75,0
IPO083,20170607,165.78,165.78,165.78,165.78,0
IPO083,20170608,165.89,165.89,165.89,165.89,0
IPO083,20170609,166.23,166.23,166.23,166.23,0
IPO083,20170612,163.94,163.94,163.94,163.94,0
IPO083,20170613,164.62,164.62,164.62,164.62,0
IPO083,20170614,164.53,164.53,164.53,164.53,0
IPO083,20170616,164.37,164.37,164.37,164.37,0
IPO083,20170619,164.27,164.27,164.27,164.27,0
IPO083,20170620,164.21,164.21,164.21,164.21,0
IPO083,20170621,164.69,164.69,164.69,164.69,0
IPO083,20170622,164.98,164.98,164.98,164.98,0
IPO083,20170623,165.35,165.35,165.35,165.35,0
IPO083,20170626,165.59,165.59,165.59,165.59,0
IPO083,20170627,165.61,165.61,165.61,165.61,0
IPO083,20170628,164.81,164.81,164.81,164.81,0
IPO083,20170629,164.61,164.61,164.61,164.61,0
IPO083,20170630,164.80,164.80,164.80,164.80,0
IPO083,20170703,164.79,164.79,164.79,164.79,0
IPO083,20170704,165.37,165.37,165.37,165.37,0
IPO083,20170705,164.24,164.24,164.24,164.24,0
IPO083,20170706,164.28,164.28,164.28,164.28,0
IPO083,20170707,164.25,164.25,164.25,164.25,0
IPO083,20170710,164.48,164.48,164.48,164.48,0
IPO083,20170711,163.83,163.83,163.83,163.83,0
IPO083,20170712,164.74,164.74,164.74,164.74,0
IPO083,20170713,164.89,164.89,164.89,164.89,0
IPO083,20170714,165.27,165.27,165.27,165.27,0
IPO083,20170717,165.40,165.40,165.40,165.40,0
IPO083,20170718,164.27,164.27,164.27,164.27,0
IPO083,20170719,164.67,164.67,164.67,164.67,0
IPO083,20170720,165.04,165.04,165.04,165.04,0
IPO083,20170721,163.80,163.80,163.80,163.80,0
IPO083,20170724,162.65,162.65,162.65,162.65,0
IPO083,20170725,162.98,162.98,162.98,162.98,0
IPO083,20170726,163.96,163.96,163.96,163.96,0
IPO083,20170727,162.99,162.99,162.99,162.99,0
IPO083,20170728,162.52,162.52,162.52,162.52,0
IPO083,20170731,162.64,162.64,162.64,162.64,0
IPO083,20170801,163.03,163.03,163.03,163.03,0
IPO083,20170802,162.84,162.84,162.84,162.84,0
IPO083,20170803,162.13,162.13,162.13,162.13,0
IPO083,20170804,162.12,162.12,162.12,162.12,0
IPO083,20170807,162.14,162.14,162.14,162.14,0
IPO083,20170808,162.39,162.39,162.39,162.39,0
IPO083,20170809,161.63,161.63,161.63,161.63,0
IPO083,20170810,161.45,161.45,161.45,161.45,0
IPO083,20170811,160.59,160.59,160.59,160.59,0
IPO083,20170814,161.25,161.25,161.25,161.25,0
IPO083,20170816,162.23,162.23,162.23,162.23,0
IPO083,20170817,161.96,161.96,161.96,161.96,0
IPO083,20170818,161.67,161.67,161.67,161.67,0
IPO083,20170821,161.13,161.13,161.13,161.13,0
IPO083,20170822,161.74,161.74,161.74,161.74,0
IPO083,20170823,161.48,161.48,161.48,161.48,0
IPO083,20170824,161.77,161.77,161.77,161.77,0
IPO083,20170825,161.80,161.80,161.80,161.80,0
IPO083,20170828,161.32,161.32,161.32,161.32,0
IPO083,20170829,158.91,158.91,158.91,158.91,0
IPO083,20170830,159.61,159.61,159.61,159.61,0
IPO083,20170831,160.76,160.76,160.76,160.76,0
IPO083,20170901,161.07,161.07,161.07,161.07,0
IPO083,20170904,161.02,161.02,161.02,161.02,0
IPO083,20170905,160.67,160.67,160.67,160.67,0
IPO083,20170906,159.85,159.85,159.85,159.85,0
IPO083,20170907,159.97,159.97,159.97,159.97,0
IPO083,20170908,160.40,160.40,160.40,160.40,0
IPO083,20170911,160.87,160.87,160.87,160.87,0
IPO083,20170912,160.95,160.95,160.95,160.95,0
IPO083,20170913,161.04,161.04,161.04,161.04,0
IPO083,20170914,160.71,160.71,160.71,160.71,0
IPO083,20170915,160.14,160.14,160.14,160.14,0
IPO083,20170918,160.75,160.75,160.75,160.75,0
IPO083,20170919,161.10,161.10,161.10,161.10,0
IPO083,20170920,161.44,161.44,161.44,161.44,0
