Name,Date,Open,High,Low,Close,Volume
IPO963,20120216,100.06,100.06,100.06,100.06,0
IPO963,20120217,100.32,100.32,100.32,100.32,0
IPO963,20120220,100.51,100.51,100.51,100.51,0
IPO963,20120221,100.44,100.44,100.44,100.44,0
IPO963,20120222,100.53,100.53,100.53,100.53,0
IPO963,20120223,100.63,100.63,100.63,100.63,0
IPO963,20120224,101.24,101.24,101.24,101.24,0
IPO963,20120227,101.45,101.45,101.45,101.45,0
IPO963,20120228,101.45,101.45,101.45,101.45,0
IPO963,20120229,102.04,102.04,102.04,102.04,0
IPO963,20120301,101.88,101.88,101.88,101.88,0
IPO963,20120302,101.32,101.32,101.32,101.32,0
IPO963,20120305,101.56,101.56,101.56,101.56,0
IPO963,20120306,101.72,101.72,101.72,101.72,0
IPO963,20120307,101.68,101.68,101.68,101.68,0
IPO963,20120308,101.62,101.62,101.62,101.62,0
IPO963,20120309,102.06,102.06,102.06,102.06,0
IPO963,20120312,102.06,102.06,102.06,102.06,0
IPO963,20120313,102.04,102.04,102.04,102.04,0
IPO963,20120314,102.40,102.40,102.40,102.40,0
IPO963,20120315,102.36,102.36,102.36,102.36,0
IPO963,20120316,102.41,102.41,102.41,102.41,0
IPO963,20120319,102.21,102.21,102.21,102.21,0
IPO963,20120320,102.09,102.09,102.09,102.09,0
IPO963,20120321,101.96,101.96,101.96,101.96,0
IPO963,20120322,101.52,101.52,101.52,101.52,0
IPO963,20120323,101.70,101.70,101.70,101.70,0
IPO963,20120326,101.92,101.92,101.92,101.92,0
IPO963,20120327,102.67,102.67,102.67,102.67,0
IPO963,20120328,102.92,102.92,102.92,102.92,0
IPO963,20120329,102.32,102.32,102.32,102.32,0
IPO963,20120330,102.50,102.50,102.50,102.50,0
IPO963,20120402,102.39,102.39,102.39,102.39,0
IPO963,20120403,102.03,102.03,102.03,102.03,0
IPO963,20120404,101.27,101.27,101.27,101.27,0
IPO963,20120405,101.30,101.30,101.30,101.30,0
IPO963,20120410,100.40,100.40,100.40,100.40,0
IPO963,20120411,101.09,101.09,101.09,101.09,0
IPO963,20120412,101.81,101.81,101.81,101.81,0
IPO963,20120413,101.29,101.29,101.29,101.29,0
IPO963,20120416,101.00,101.00,101.00,101.00,0
IPO963,20120417,101.22,101.22,101.22,101.22,0
IPO963,20120418,100.47,100.47,100.47,100.47,0
IPO963,20120419,100.30,100.30,100.30,100.30,0
IPO963,20120420,99.71,99.71,99.71,99.71,0
IPO963,20120423,98.33,98.33,98.33,98.33,0
IPO963,20120424,98.42,98.42,98.42,98.42,0
IPO963,20120425,98.37,98.37,98.37,98.37,0
IPO963,20120426,98.96,98.96,98.96,98.96,0
IPO963,20120427,99.50,99.50,99.50,99.50,0
IPO963,20120430,100.35,100.35,100.35,100.35,0
IPO963,20120502,100.51,100.51,100.51,100.51,0
IPO963,20120504,100.53,100.53,100.53,100.53,0
IPO963,20120507,100.09,100.09,100.09,100.09,0
IPO963,20120508,100.61,100.61,100.61,100.61,0
IPO963,20120509,100.55,100.55,100.55,100.55,0
IPO963,20120510,100.73,100.73,100.73,100.73,0
IPO963,20120511,100.59,100.59,100.59,100.59,0
IPO963,20120514,100.66,100.66,100.66,100.66,0
IPO963,20120515,100.45,100.45,100.45,100.45,0
IPO963,20120516,100.02,100.02,100.02,100.02,0
IPO963,20120517,98.21,98.21,98.21,98.21,0
IPO963,20120518,98.73,98.73,98.73,98.73,0
IPO963,20120521,99.92,99.92,99.92,99.92,0
IPO963,20120522,99.53,99.53,99.53,99.53,0
IPO963,20120523,97.67,97.67,97.67,97.67,0
IPO963,20120524,97.66,97.66,97.66,97.66,0
IPO963,20120525,97.71,97.71,97.71,97.71,0
IPO963,20120528,98.43,98.43,98.43,98.43,0
IPO963,20120529,99.22,99.22,99.22,99.22,0
IPO963,20120530,98.79,98.79,98.79,98.79,0
IPO963,20120531,98.66,98.66,98.66,98.66,0
IPO963,20120601,98.68,98.68,98.68,98.68,0
IPO963,20120604,98.16,98.16,98.16,98.16,0
IPO963,20120605,98.38,98.38,98.38,98.38,0
IPO963,20120606,98.37,98.37,98.37,98.37,0
IPO963,20120608,97.66,97.66,97.66,97.66,0
IPO963,20120611,98.09,98.09,98.09,98.09,0
IPO963,20120612,97.43,97.43,97.43,97.43,0
IPO963,20120613,97.10,97.10,97.10,97.10,0
IPO963,20120614,97.00,97.00,97.00,97.00,0
IPO963,20120615,96.65,96.65,96.65,96.65,0
IPO963,20120618,97.00,97.00,97.00,97.00,0
IPO963,20120619,97.09,97.09,97.09,97.09,0
IPO963,20120620,97.09,97.09,97.09,97.09,0
IPO963,20120621,97.25,97.25,97.25,97.25,0
IPO963,20120622,97.28,97.28,97.28,97.28,0
IPO963,20120625,97.28,97.28,97.28,97.28,0
IPO963,20120626,97.28,97.28,97.28,97.28,0
IPO963,20120627,97.30,97.30,97.30,97.30,0
IPO963,20120628,97.34,97.34,97.34,97.34,0
IPO963,20120629,97.44,97.44,97.44,97.44,0
IPO963,20120702,97.44,97.44,97.44,97.44,0
IPO963,20120703,97.48,97.48,97.48,97.48,0
IPO963,20120704,97.67,97.67,97.67,97.67,0
IPO963,20120705,97.73,97.73,97.73,97.73,0
IPO963,20120706,97.86,97.86,97.86,97.86,0
IPO963,20120709,97.88,97.88,97.88,97.88,0
IPO963,20120710,97.89,97.89,97.89,97.89,0
IPO963,20120711,97.90,97.90,97.90,97.90,0
IPO963,20120712,98.08,98.08,98.08,98.08,0
IPO963,20120713,98.93,98.93,98.93,98.93,0
IPO963,20120716,98.93,98.93,98.93,98.93,0
IPO963,20120717,99.01,99.01,99.01,99.01,0
IPO963,20120718,99.32,99.32,99.32,99.32,0
IPO963,20120719,99.24,99.24,99.24,99.24,0
IPO963,20120720,99.27,99.27,99.27,99.27,0
IPO963,20120723,99.24,99.24,99.24,99.24,0
IPO963,20120724,99.41,99.41,99.41,99.41,0
IPO963,20120725,99.44,99.44,99.44,99.44,0
IPO963,20120726,99.62,99.62,99.62,99.62,0
IPO963,20120727,99.70,99.70,99.70,99.70,0
IPO963,20120730,99.60,99.60,99.60,99.60,0
IPO963,20120731,99.86,99.86,99.86,99.86,0
IPO963,20120801,99.95,99.95,99.95,99.95,0
IPO963,20120802,99.81,99.81,99.81,99.81,0
IPO963,20120803,98.13,98.13,98.13,98.13,0
IPO963,20120806,97.81,97.81,97.81,97.81,0
IPO963,20120807,96.30,96.30,96.30,96.30,0
IPO963,20120808,96.89,96.89,96.89,96.89,0
IPO963,20120809,97.07,97.07,97.07,97.07,0
IPO963,20120810,96.99,96.99,96.99,96.99,0
IPO963,20120813,96.77,96.77,96.77,96.77,0
IPO963,20120814,96.81,96.81,96.81,96.81,0
IPO963,20120816,96.65,96.65,96.65,96.65,0
IPO963,20120817,96.55,96.55,96.55,96.55,0
IPO963,20120820,96.46,96.46,96.46,96.46,0
IPO963,20120821,96.42,96.42,96.42,96.42,0
IPO963,20120822,96.40,96.40,96.40,96.40,0
IPO963,20120823,96.20,96.20,96.20,96.20,0
IPO963,20120824,96.22,96.22,96.22,96.22,0
IPO963,20120827,96.28,96.28,96.28,96.28,0
IPO963,20120828,96.18,96.18,96.18,96.18,0
IPO963,20120829,96.03,96.03,96.03,96.03,0
IPO963,20120830,95.98,95.98,95.98,95.98,0
IPO963,20120831,96.17,96.17,96.17,96.17,0
IPO963,20120903,96.05,96.05,96.05,96.05,0
IPO963,20120904,95.81,95.81,95.81,95.81,0
IPO963,20120905,95.85,95.85,95.85,95.85,0
IPO963,20120906,95.69,95.69,95.69,95.69,0
IPO963,20120907,95.77,95.77,95.77,95.77,0
IPO963,20120910,95.89,95.89,95.89,95.89,0
IPO963,20120911,96.08,96.08,96.08,96.08,0
IPO963,20120912,96.44,96.44,96.44,96.44,0
IPO963,20120913,96.35,96.35,96.35,96.35,0
IPO963,20120914,96.85,96.85,96.85,96.85,0
IPO963,20120917,96.94,96.94,96.94,96.94,0
IPO963,20120918,96.98,96.98,96.98,96.98,0
IPO963,20120919,97.07,97.07,97.07,97.07,0
IPO963,20120920,97.00,97.00,97.00,97.00,0
IPO963,20120921,96.95,96.95,96.95,96.95,0
IPO963,20120924,97.02,97.02,97.02,97.02,0
IPO963,20120925,96.97,96.97,96.97,96.97,0
IPO963,20120926,97.15,97.15,97.15,97.15,0
IPO963,20120927,97.30,97.30,97.30,97.30,0
IPO963,20120928,97.33,97.33,97.33,97.33,0
IPO963,20121001,97.25,97.25,97.25,97.25,0
IPO963,20121002,97.30,97.30,97.30,97.30,0
IPO963,20121003,97.32,97.32,97.32,97.32,0
IPO963,20121004,97.64,97.64,97.64,97.64,0
IPO963,20121005,97.63,97.63,97.63,97.63,0
IPO963,20121008,97.71,97.71,97.71,97.71,0
IPO963,20121009,97.80,97.80,97.80,97.80,0
IPO963,20121010,97.79,97.79,97.79,97.79,0
IPO963,20121011,97.83,97.83,97.83,97.83,0
IPO963,20121012,97.80,97.80,97.80,97.80,0
IPO963,20121015,97.75,97.75,97.75,97.75,0
IPO963,20121016,97.85,97.85,97.85,97.85,0
IPO963,20121017,97.92,97.92,97.92,97.92,0
IPO963,20121018,98.06,98.06,98.06,98.06,0
IPO963,20121019,98.18,98.18,98.18,98.18,0
IPO963,20121022,98.38,98.38,98.38,98.38,0
IPO963,20121023,98.61,98.61,98.61,98.61,0
IPO963,20121024,98.55,98.55,98.55,98.55,0
IPO963,20121025,98.62,98.62,98.62,98.62,0
IPO963,20121026,98.77,98.77,98.77,98.77,0
IPO963,20121029,98.87,98.87,98.87,98.87,0
IPO963,20121030,99.15,99.15,99.15,99.15,0
IPO963,20121031,99.27,99.27,99.27,99.27,0
IPO963,20121102,99.24,99.24,99.24,99.24,0
IPO963,20121105,99.26,99.26,99.26,99.26,0
IPO963,20121106,99.41,99.41,99.41,99.41,0
IPO963,20121107,99.97,99.97,99.97,99.97,0
IPO963,20121108,99.90,99.90,99.90,99.90,0
IPO963,20121109,99.77,99.77,99.77,99.77,0
IPO963,20121112,100.08,100.08,100.08,100.08,0
IPO963,20121113,100.23,100.23,100.23,100.23,0
IPO963,20121114,100.33,100.33,100.33,100.33,0
IPO963,20121115,100.32,100.32,100.32,100.32,0
IPO963,20121116,100.26,100.26,100.26,100.26,0
IPO963,20121119,101.19,101.19,101.19,101.19,0
IPO963,20121120,101.40,101.40,101.40,101.40,0
IPO963,20121121,101.53,101.53,101.53,101.53,0
IPO963,20121122,101.73,101.73,101.73,101.73,0
IPO963,20121123,101.67,101.67,101.67,101.67,0
IPO963,20121126,101.87,101.87,101.87,101.87,0
IPO963,20121127,102.03,102.03,102.03,102.03,0
IPO963,20121128,102.19,102.19,102.19,102.19,0
IPO963,20121129,102.08,102.08,102.08,102.08,0
IPO963,20121130,102.17,102.17,102.17,102.17,0
IPO963,20121203,102.29,102.29,102.29,102.29,0
IPO963,20121204,102.16,102.16,102.16,102.16,0
IPO963,20121205,102.40,102.40,102.40,102.40,0
IPO963,20121206,102.23,102.23,102.23,102.23,0
IPO963,20121207,102.25,102.25,102.25,102.25,0
IPO963,20121210,102.16,102.16,102.16,102.16,0
IPO963,20121211,102.18,102.18,102.18,102.18,0
IPO963,20121212,102.12,102.12,102.12,102.12,0
IPO963,20121213,102.23,102.23,102.23,102.23,0
IPO963,20121214,102.17,102.17,102.17,102.17,0
IPO963,20121217,102.37,102.37,102.37,102.37,0
IPO963,20121218,102.25,102.25,102.25,102.25,0
IPO963,20121219,102.62,102.62,102.62,102.62,0
IPO963,20121220,102.89,102.89,102.89,102.89,0
IPO963,20121221,103.04,103.04,103.04,103.04,0
IPO963,20121227,103.06,103.06,103.06,103.06,0
IPO963,20121228,103.15,103.15,103.15,103.15,0
IPO963,20130102,103.19,103.19,103.19,103.19,0
IPO963,20130103,103.14,103.14,103.14,103.14,0
IPO963,20130104,103.16,103.16,103.16,103.16,0
IPO963,20130107,103.20,103.20,103.20,103.20,0
IPO963,20130108,103.21,103.21,103.21,103.21,0
IPO963,20130109,103.80,103.80,103.80,103.80,0
IPO963,20130110,104.13,104.13,104.13,104.13,0
IPO963,20130111,104.77,104.77,104.77,104.77,0
IPO963,20130114,104.79,104.79,104.79,104.79,0
IPO963,20130115,105.05,105.05,105.05,105.05,0
IPO963,20130116,105.22,105.22,105.22,105.22,0
IPO963,20130117,106.11,106.11,106.11,106.11,0
IPO963,20130118,106.53,106.53,106.53,106.53,0
IPO963,20130121,106.69,106.69,106.69,106.69,0
IPO963,20130122,106.82,106.82,106.82,106.82,0
IPO963,20130123,106.78,106.78,106.78,106.78,0
IPO963,20130124,106.77,106.77,106.77,106.77,0
IPO963,20130125,106.63,106.63,106.63,106.63,0
IPO963,20130128,106.63,106.63,106.63,106.63,0
IPO963,20130129,106.67,106.67,106.67,106.67,0
IPO963,20130130,106.64,106.64,106.64,106.64,0
IPO963,20130131,106.92,106.92,106.92,106.92,0
IPO963,20130201,107.92,107.92,107.92,107.92,0
IPO963,20130204,108.40,108.40,108.40,108.40,0
IPO963,20130205,108.28,108.28,108.28,108.28,0
IPO963,20130206,108.24,108.24,108.24,108.24,0
IPO963,20130207,108.20,108.20,108.20,108.20,0
IPO963,20130208,108.12,108.12,108.12,108.12,0
IPO963,20130211,108.21,108.21,108.21,108.21,0
IPO963,20130212,108.24,108.24,108.24,108.24,0
IPO963,20130213,108.16,108.16,108.16,108.16,0
IPO963,20130214,107.92,107.92,107.92,107.92,0
IPO963,20130215,108.15,108.15,108.15,108.15,0
IPO963,20130218,108.25,108.25,108.25,108.25,0
IPO963,20130219,108.31,108.31,108.31,108.31,0
IPO963,20130221,108.31,108.31,108.31,108.31,0
IPO963,20130222,108.35,108.35,108.35,108.35,0
IPO963,20130225,109.01,109.01,109.01,109.01,0
IPO963,20130226,109.03,109.03,109.03,109.03,0
IPO963,20130227,109.13,109.13,109.13,109.13,0
IPO963,20130228,109.10,109.10,109.10,109.10,0
IPO963,20130301,109.40,109.40,109.40,109.40,0
IPO963,20130304,109.21,109.21,109.21,109.21,0
IPO963,20130305,109.27,109.27,109.27,109.27,0
IPO963,20130306,109.75,109.75,109.75,109.75,0
IPO963,20130307,109.73,109.73,109.73,109.73,0
IPO963,20130308,109.76,109.76,109.76,109.76,0
IPO963,20130311,110.15,110.15,110.15,110.15,0
IPO963,20130312,110.26,110.26,110.26,110.26,0
IPO963,20130313,110.35,110.35,110.35,110.35,0
IPO963,20130314,110.73,110.73,110.73,110.73,0
IPO963,20130315,110.60,110.60,110.60,110.60,0
IPO963,20130318,110.25,110.25,110.25,110.25,0
IPO963,20130319,110.05,110.05,110.05,110.05,0
IPO963,20130320,110.27,110.27,110.27,110.27,0
IPO963,20130321,110.12,110.12,110.12,110.12,0
IPO963,20130322,109.87,109.87,109.87,109.87,0
IPO963,20130325,109.44,109.44,109.44,109.44,0
IPO963,20130326,109.65,109.65,109.65,109.65,0
IPO963,20130327,109.72,109.72,109.72,109.72,0
IPO963,20130328,110.03,110.03,110.03,110.03,0
IPO963,20130402,110.21,110.21,110.21,110.21,0
IPO963,20130403,109.48,109.48,109.48,109.48,0
IPO963,20130404,109.54,109.54,109.54,109.54,0
IPO963,20130405,109.10,109.10,109.10,109.10,0
IPO963,20130408,109.06,109.06,109.06,109.06,0
IPO963,20130409,109.01,109.01,109.01,109.01,0
IPO963,20130410,109.59,109.59,109.59,109.59,0
IPO963,20130411,110.17,110.17,110.17,110.17,0
IPO963,20130412,109.97,109.97,109.97,109.97,0
IPO963,20130415,109.75,109.75,109.75,109.75,0
IPO963,20130417,109.54,109.54,109.54,109.54,0
IPO963,20130418,109.45,109.45,109.45,109.45,0
IPO963,20130419,109.43,109.43,109.43,109.43,0
IPO963,20130422,109.28,109.28,109.28,109.28,0
IPO963,20130423,109.17,109.17,109.17,109.17,0
IPO963,20130424,109.59,109.59,109.59,109.59,0
IPO963,20130425,109.72,109.72,109.72,109.72,0
IPO963,20130426,109.95,109.95,109.95,109.95,0
IPO963,20130429,109.94,109.94,109.94,109.94,0
IPO963,20130430,110.14,110.14,110.14,110.14,0
IPO963,20130502,110.07,110.07,110.07,110.07,0
IPO963,20130506,110.60,110.60,110.60,110.60,0
IPO963,20130507,110.70,110.70,110.70,110.70,0
IPO963,20130508,110.78,110.78,110.78,110.78,0
IPO963,20130509,110.74,110.74,110.74,110.74,0
IPO963,20130510,110.65,110.65,110.65,110.65,0
IPO963,20130513,110.63,110.63,110.63,110.63,0
IPO963,20130514,110.68,110.68,110.68,110.68,0
IPO963,20130515,110.77,110.77,110.77,110.77,0
IPO963,20130516,110.79,110.79,110.79,110.79,0
IPO963,20130517,110.82,110.82,110.82,110.82,0
IPO963,20130520,110.76,110.76,110.76,110.76,0
IPO963,20130521,110.76,110.76,110.76,110.76,0
IPO963,20130522,110.64,110.64,110.64,110.64,0
IPO963,20130523,110.82,110.82,110.82,110.82,0
IPO963,20130524,110.96,110.96,110.96,110.96,0
IPO963,20130527,111.06,111.06,111.06,111.06,0
IPO963,20130528,111.13,111.13,111.13,111.13,0
IPO963,20130529,111.14,111.14,111.14,111.14,0
IPO963,20130531,111.17,111.17,111.17,111.17,0
IPO963,20130603,111.35,111.35,111.35,111.35,0
IPO963,20130604,111.47,111.47,111.47,111.47,0
IPO963,20130605,111.49,111.49,111.49,111.49,0
IPO963,20130606,111.48,111.48,111.48,111.48,0
IPO963,20130607,111.60,111.60,111.60,111.60,0
IPO963,20130610,111.55,111.55,111.55,111.55,0
IPO963,20130611,111.49,111.49,111.49,111.49,0
IPO963,20130612,111.54,111.54,111.54,111.54,0
IPO963,20130613,111.74,111.74,111.74,111.74,0
IPO963,20130614,112.26,112.26,112.26,112.26,0
IPO963,20130617,112.13,112.13,112.13,112.13,0
IPO963,20130618,112.18,112.18,112.18,112.18,0
IPO963,20130619,112.05,112.05,112.05,112.05,0
IPO963,20130620,111.69,111.69,111.69,111.69,0
IPO963,20130621,110.96,110.96,110.96,110.96,0
IPO963,20130624,110.87,110.87,110.87,110.87,0
IPO963,20130625,111.49,111.49,111.49,111.49,0
IPO963,20130626,111.01,111.01,111.01,111.01,0
IPO963,20130627,109.94,109.94,109.94,109.94,0
IPO963,20130628,111.20,111.20,111.20,111.20,0
IPO963,20130701,111.21,111.21,111.21,111.21,0
IPO963,20130702,111.72,111.72,111.72,111.72,0
IPO963,20130703,111.76,111.76,111.76,111.76,0
IPO963,20130704,111.85,111.85,111.85,111.85,0
IPO963,20130705,111.85,111.85,111.85,111.85,0
IPO963,20130708,111.83,111.83,111.83,111.83,0
IPO963,20130709,111.86,111.86,111.86,111.86,0
IPO963,20130710,111.88,111.88,111.88,111.88,0
IPO963,20130711,111.88,111.88,111.88,111.88,0
IPO963,20130712,111.87,111.87,111.87,111.87,0
IPO963,20130715,111.87,111.87,111.87,111.87,0
IPO963,20130716,111.86,111.86,111.86,111.86,0
IPO963,20130717,111.85,111.85,111.85,111.85,0
IPO963,20130718,111.85,111.85,111.85,111.85,0
IPO963,20130719,111.86,111.86,111.86,111.86,0
IPO963,20130722,111.85,111.85,111.85,111.85,0
IPO963,20130723,111.86,111.86,111.86,111.86,0
IPO963,20130724,111.90,111.90,111.90,111.90,0
IPO963,20130725,112.22,112.22,112.22,112.22,0
IPO963,20130726,112.24,112.24,112.24,112.24,0
IPO963,20130729,112.34,112.34,112.34,112.34,0
IPO963,20130730,112.42,112.42,112.42,112.42,0
IPO963,20130731,112.53,112.53,112.53,112.53,0
IPO963,20130801,112.40,112.40,112.40,112.40,0
IPO963,20130802,112.52,112.52,112.52,112.52,0
IPO963,20130805,112.52,112.52,112.52,112.52,0
IPO963,20130806,112.67,112.67,112.67,112.67,0
IPO963,20130807,112.69,112.69,112.69,112.69,0
IPO963,20130808,112.78,112.78,112.78,112.78,0
IPO963,20130809,112.76,112.76,112.76,112.76,0
IPO963,20130812,112.73,112.73,112.73,112.73,0
IPO963,20130813,112.72,112.72,112.72,112.72,0
IPO963,20130814,112.75,112.75,112.75,112.75,0
IPO963,20130816,112.67,112.67,112.67,112.67,0
IPO963,20130819,112.55,112.55,112.55,112.55,0
IPO963,20130820,112.72,112.72,112.72,112.72,0
IPO963,20130821,112.72,112.72,112.72,112.72,0
IPO963,20130822,112.62,112.62,112.62,112.62,0
IPO963,20130823,112.83,112.83,112.83,112.83,0
IPO963,20130826,113.09,113.09,113.09,113.09,0
IPO963,20130827,113.11,113.11,113.11,113.11,0
IPO963,20130828,113.19,113.19,113.19,113.19,0
IPO963,20130829,113.22,113.22,113.22,113.22,0
IPO963,20130830,113.38,113.38,113.38,113.38,0
IPO963,20130902,113.32,113.32,113.32,113.32,0
IPO963,20130903,113.07,113.07,113.07,113.07,0
IPO963,20130904,113.13,113.13,113.13,113.13,0
IPO963,20130905,112.25,112.25,112.25,112.25,0
IPO963,20130906,112.90,112.90,112.90,112.90,0
IPO963,20130909,113.44,113.44,113.44,113.44,0
IPO963,20130910,113.76,113.76,113.76,113.76,0
IPO963,20130911,114.07,114.07,114.07,114.07,0
IPO963,20130912,114.05,114.05,114.05,114.05,0
IPO963,20130913,114.11,114.11,114.11,114.11,0
IPO963,20130916,114.13,114.13,114.13,114.13,0
IPO963,20130917,114.31,114.31,114.31,114.31,0
IPO963,20130918,114.38,114.38,114.38,114.38,0
IPO963,20130919,114.90,114.90,114.90,114.90,0
IPO963,20130920,114.30,114.30,114.30,114.30,0
IPO963,20130923,114.96,114.96,114.96,114.96,0
IPO963,20130924,114.87,114.87,114.87,114.87,0
IPO963,20130925,114.92,114.92,114.92,114.92,0
IPO963,20130926,114.87,114.87,114.87,114.87,0
IPO963,20130927,114.91,114.91,114.91,114.91,0
IPO963,20130930,114.91,114.91,114.91,114.91,0
IPO963,20131001,114.97,114.97,114.97,114.97,0
IPO963,20131002,115.06,115.06,115.06,115.06,0
IPO963,20131003,115.16,115.16,115.16,115.16,0
IPO963,20131004,115.11,115.11,115.11,115.11,0
IPO963,20131007,115.17,115.17,115.17,115.17,0
IPO963,20131008,115.19,115.19,115.19,115.19,0
IPO963,20131009,115.29,115.29,115.29,115.29,0
IPO963,20131010,115.43,115.43,115.43,115.43,0
IPO963,20131011,115.47,115.47,115.47,115.47,0
IPO963,20131014,115.44,115.44,115.44,115.44,0
IPO963,20131015,115.39,115.39,115.39,115.39,0
IPO963,20131016,115.40,115.40,115.40,115.40,0
IPO963,20131017,115.35,115.35,115.35,115.35,0
IPO963,20131018,115.34,115.34,115.34,115.34,0
IPO963,20131021,115.36,115.36,115.36,115.36,0
IPO963,20131022,115.46,115.46,115.46,115.46,0
IPO963,20131023,115.52,115.52,115.52,115.52,0
IPO963,20131024,115.57,115.57,115.57,115.57,0
IPO963,20131025,115.48,115.48,115.48,115.48,0
IPO963,20131028,115.49,115.49,115.49,115.49,0
IPO963,20131029,115.52,115.52,115.52,115.52,0
IPO963,20131030,115.72,115.72,115.72,115.72,0
IPO963,20131031,115.77,115.77,115.77,115.77,0
IPO963,20131104,115.73,115.73,115.73,115.73,0
IPO963,20131105,115.63,115.63,115.63,115.63,0
IPO963,20131106,115.64,115.64,115.64,115.64,0
IPO963,20131107,115.70,115.70,115.70,115.70,0
IPO963,20131108,115.82,115.82,115.82,115.82,0
IPO963,20131112,115.76,115.76,115.76,115.76,0
IPO963,20131113,115.68,115.68,115.68,115.68,0
IPO963,20131114,115.68,115.68,115.68,115.68,0
IPO963,20131115,115.74,115.74,115.74,115.74,0
IPO963,20131118,115.93,115.93,115.93,115.93,0
IPO963,20131119,115.82,115.82,115.82,115.82,0
IPO963,20131120,115.91,115.91,115.91,115.91,0
IPO963,20131121,115.84,115.84,115.84,115.84,0
IPO963,20131122,115.82,115.82,115.82,115.82,0
IPO963,20131125,115.89,115.89,115.89,115.89,0
IPO963,20131126,115.75,115.75,115.75,115.75,0
IPO963,20131127,115.48,115.48,115.48,115.48,0
IPO963,20131128,115.48,115.48,115.48,115.48,0
IPO963,20131129,115.81,115.81,115.81,115.81,0
IPO963,20131202,115.68,115.68,115.68,115.68,0
IPO963,20131203,115.83,115.83,115.83,115.83,0
IPO963,20131204,115.92,115.92,115.92,115.92,0
IPO963,20131205,115.76,115.76,115.76,115.76,0
IPO963,20131206,115.95,115.95,115.95,115.95,0
IPO963,20131209,116.34,116.34,116.34,116.34,0
IPO963,20131210,116.42,116.42,116.42,116.42,0
IPO963,20131211,116.33,116.33,116.33,116.33,0
IPO963,20131212,115.76,115.76,115.76,115.76,0
IPO963,20131213,115.53,115.53,115.53,115.53,0
IPO963,20131216,115.87,115.87,115.87,115.87,0
IPO963,20131217,115.35,115.35,115.35,115.35,0
IPO963,20131218,115.59,115.59,115.59,115.59,0
IPO963,20131219,115.19,115.19,115.19,115.19,0
IPO963,20131220,115.75,115.75,115.75,115.75,0
IPO963,20131223,115.92,115.92,115.92,115.92,0
IPO963,20131227,115.83,115.83,115.83,115.83,0
IPO963,20131230,115.79,115.79,115.79,115.79,0
IPO963,20140102,116.00,116.00,116.00,116.00,0
IPO963,20140103,115.43,115.43,115.43,115.43,0
IPO963,20140107,114.36,114.36,114.36,114.36,0
IPO963,20140108,114.48,114.48,114.48,114.48,0
IPO963,20140109,113.71,113.71,113.71,113.71,0
IPO963,20140110,113.65,113.65,113.65,113.65,0
IPO963,20140113,114.46,114.46,114.46,114.46,0
IPO963,20140114,114.80,114.80,114.80,114.80,0
IPO963,20140115,115.20,115.20,115.20,115.20,0
IPO963,20140116,115.26,115.26,115.26,115.26,0
IPO963,20140117,114.81,114.81,114.81,114.81,0
IPO963,20140120,114.97,114.97,114.97,114.97,0
IPO963,20140121,115.59,115.59,115.59,115.59,0
IPO963,20140122,115.87,115.87,115.87,115.87,0
IPO963,20140123,115.84,115.84,115.84,115.84,0
IPO963,20140124,114.88,114.88,114.88,114.88,0
IPO963,20140127,114.38,114.38,114.38,114.38,0
IPO963,20140128,114.69,114.69,114.69,114.69,0
IPO963,20140129,113.62,113.62,113.62,113.62,0
IPO963,20140130,113.89,113.89,113.89,113.89,0
IPO963,20140131,113.62,113.62,113.62,113.62,0
IPO963,20140203,114.26,114.26,114.26,114.26,0
IPO963,20140204,114.35,114.35,114.35,114.35,0
IPO963,20140205,114.58,114.58,114.58,114.58,0
IPO963,20140206,115.85,115.85,115.85,115.85,0
IPO963,20140207,115.78,115.78,115.78,115.78,0
IPO963,20140210,115.47,115.47,115.47,115.47,0
IPO963,20140211,115.25,115.25,115.25,115.25,0
IPO963,20140212,115.79,115.79,115.79,115.79,0
IPO963,20140213,115.77,115.77,115.77,115.77,0
IPO963,20140214,115.59,115.59,115.59,115.59,0
IPO963,20140217,115.57,115.57,115.57,115.57,0
IPO963,20140218,115.36,115.36,115.36,115.36,0
IPO963,20140219,115.41,115.41,115.41,115.41,0
IPO963,20140220,115.45,115.45,115.45,115.45,0
IPO963,20140221,115.44,115.44,115.44,115.44,0
IPO963,20140224,115.82,115.82,115.82,115.82,0
IPO963,20140225,115.51,115.51,115.51,115.51,0
IPO963,20140226,115.21,115.21,115.21,115.21,0
IPO963,20140227,115.33,115.33,115.33,115.33,0
IPO963,20140228,115.46,115.46,115.46,115.46,0
IPO963,20140303,115.07,115.07,115.07,115.07,0
IPO963,20140304,115.36,115.36,115.36,115.36,0
IPO963,20140305,115.42,115.42,115.42,115.42,0
IPO963,20140306,115.74,115.74,115.74,115.74,0
IPO963,20140307,115.40,115.40,115.40,115.40,0
IPO963,20140310,114.69,114.69,114.69,114.69,0
IPO963,20140311,114.72,114.72,114.72,114.72,0
IPO963,20140312,114.31,114.31,114.31,114.31,0
IPO963,20140313,113.60,113.60,113.60,113.60,0
IPO963,20140314,113.77,113.77,113.77,113.77,0
IPO963,20140317,114.51,114.51,114.51,114.51,0
IPO963,20140318,114.64,114.64,114.64,114.64,0
IPO963,20140319,114.15,114.15,114.15,114.15,0
IPO963,20140320,114.43,114.43,114.43,114.43,0
IPO963,20140321,114.38,114.38,114.38,114.38,0
IPO963,20140324,114.47,114.47,114.47,114.47,0
IPO963,20140325,115.08,115.08,115.08,115.08,0
IPO963,20140326,115.53,115.53,115.53,115.53,0
IPO963,20140327,115.28,115.28,115.28,115.28,0
IPO963,20140328,115.25,115.25,115.25,115.25,0
IPO963,20140331,115.57,115.57,115.57,115.57,0
IPO963,20140401,115.63,115.63,115.63,115.63,0
IPO963,20140402,115.70,115.70,115.70,115.70,0
IPO963,20140403,115.57,115.57,115.57,115.57,0
IPO963,20140404,115.32,115.32,115.32,115.32,0
IPO963,20140407,115.52,115.52,115.52,115.52,0
IPO963,20140408,115.64,115.64,115.64,115.64,0
IPO963,20140409,115.60,115.60,115.60,115.60,0
IPO963,20140410,115.52,115.52,115.52,115.52,0
IPO963,20140411,115.44,115.44,115.44,115.44,0
IPO963,20140414,115.27,115.27,115.27,115.27,0
IPO963,20140415,115.04,115.04,115.04,115.04,0
IPO963,20140416,114.91,114.91,114.91,114.91,0
IPO963,20140417,115.14,115.14,115.14,115.14,0
IPO963,20140422,115.03,115.03,115.03,115.03,0
IPO963,20140423,114.90,114.90,114.90,114.90,0
IPO963,20140424,114.89,114.89,114.89,114.89,0
IPO963,20140425,114.91,114.91,114.91,114.91,0
IPO963,20140428,114.87,114.87,114.87,114.87,0
IPO963,20140429,114.81,114.81,114.81,114.81,0
IPO963,20140430,114.65,114.65,114.65,114.65,0
IPO963,20140502,114.52,114.52,114.52,114.52,0
IPO963,20140505,114.33,114.33,114.33,114.33,0
IPO963,20140506,114.31,114.31,114.31,114.31,0
IPO963,20140507,114.41,114.41,114.41,114.41,0
IPO963,20140508,114.48,114.48,114.48,114.48,0
IPO963,20140509,114.27,114.27,114.27,114.27,0
IPO963,20140512,114.54,114.54,114.54,114.54,0
IPO963,20140513,114.58,114.58,114.58,114.58,0
IPO963,20140514,114.80,114.80,114.80,114.80,0
IPO963,20140515,114.63,114.63,114.63,114.63,0
IPO963,20140516,114.60,114.60,114.60,114.60,0
IPO963,20140519,114.53,114.53,114.53,114.53,0
IPO963,20140520,114.70,114.70,114.70,114.70,0
IPO963,20140521,114.76,114.76,114.76,114.76,0
IPO963,20140522,115.07,115.07,115.07,115.07,0
IPO963,20140523,115.09,115.09,115.09,115.09,0
IPO963,20140526,115.23,115.23,115.23,115.23,0
IPO963,20140527,115.19,115.19,115.19,115.19,0
IPO963,20140528,115.18,115.18,115.18,115.18,0
IPO963,20140529,115.15,115.15,115.15,115.15,0
IPO963,20140530,115.17,115.17,115.17,115.17,0
IPO963,20140602,115.12,115.12,115.12,115.12,0
IPO963,20140603,115.22,115.22,115.22,115.22,0
IPO963,20140604,115.22,115.22,115.22,115.22,0
IPO963,20140605,115.31,115.31,115.31,115.31,0
IPO963,20140606,115.23,115.23,115.23,115.23,0
IPO963,20140609,115.18,115.18,115.18,115.18,0
IPO963,20140610,115.23,115.23,115.23,115.23,0
IPO963,20140611,115.41,115.41,115.41,115.41,0
IPO963,20140612,115.34,115.34,115.34,115.34,0
IPO963,20140613,115.27,115.27,115.27,115.27,0
IPO963,20140616,115.24,115.24,115.24,115.24,0
IPO963,20140617,115.18,115.18,115.18,115.18,0
IPO963,20140618,115.15,115.15,115.15,115.15,0
IPO963,20140620,115.08,115.08,115.08,115.08,0
IPO963,20140623,115.15,115.15,115.15,115.15,0
IPO963,20140624,115.04,115.04,115.04,115.04,0
IPO963,20140625,114.53,114.53,114.53,114.53,0
IPO963,20140626,114.36,114.36,114.36,114.36,0
IPO963,20140627,114.44,114.44,114.44,114.44,0
IPO963,20140630,114.40,114.40,114.40,114.40,0
IPO963,20140701,114.17,114.17,114.17,114.17,0
IPO963,20140702,114.00,114.00,114.00,114.00,0
IPO963,20140703,113.86,113.86,113.86,113.86,0
IPO963,20140704,113.80,113.80,113.80,113.80,0
IPO963,20140707,113.98,113.98,113.98,113.98,0
IPO963,20140708,114.04,114.04,114.04,114.04,0
IPO963,20140709,113.88,113.88,113.88,113.88,0
IPO963,20140710,113.94,113.94,113.94,113.94,0
IPO963,20140711,114.06,114.06,114.06,114.06,0
IPO963,20140714,113.98,113.98,113.98,113.98,0
IPO963,20140715,114.04,114.04,114.04,114.04,0
IPO963,20140716,113.89,113.89,113.89,113.89,0
IPO963,20140717,114.05,114.05,114.05,114.05,0
IPO963,20140718,113.79,113.79,113.79,113.79,0
IPO963,20140721,113.76,113.76,113.76,113.76,0
IPO963,20140722,113.88,113.88,113.88,113.88,0
IPO963,20140723,113.60,113.60,113.60,113.60,0
IPO963,20140724,113.64,113.64,113.64,113.64,0
IPO963,20140725,113.48,113.48,113.48,113.48,0
IPO963,20140728,113.34,113.34,113.34,113.34,0
IPO963,20140729,113.31,113.31,113.31,113.31,0
IPO963,20140730,113.14,113.14,113.14,113.14,0
IPO963,20140731,113.28,113.28,113.28,113.28,0
IPO963,20140801,112.96,112.96,112.96,112.96,0
IPO963,20140804,112.86,112.86,112.86,112.86,0
IPO963,20140805,113.06,113.06,113.06,113.06,0
IPO963,20140806,112.68,112.68,112.68,112.68,0
IPO963,20140807,112.12,112.12,112.12,112.12,0
IPO963,20140808,111.98,111.98,111.98,111.98,0
IPO963,20140811,112.31,112.31,112.31,112.31,0
IPO963,20140812,112.27,112.27,112.27,112.27,0
IPO963,20140813,112.09,112.09,112.09,112.09,0
IPO963,20140814,112.19,112.19,112.19,112.19,0
IPO963,20140818,112.57,112.57,112.57,112.57,0
IPO963,20140820,112.45,112.45,112.45,112.45,0
IPO963,20140821,112.21,112.21,112.21,112.21,0
IPO963,20140822,112.25,112.25,112.25,112.25,0
IPO963,20140825,112.30,112.30,112.30,112.30,0
IPO963,20140826,112.45,112.45,112.45,112.45,0
IPO963,20140827,112.52,112.52,112.52,112.52,0
IPO963,20140828,112.17,112.17,112.17,112.17,0
IPO963,20140829,112.18,112.18,112.18,112.18,0
IPO963,20140901,112.27,112.27,112.27,112.27,0
IPO963,20140902,112.25,112.25,112.25,112.25,0
IPO963,20140903,112.74,112.74,112.74,112.74,0
IPO963,20140904,112.80,112.80,112.80,112.80,0
IPO963,20140905,112.87,112.87,112.87,112.87,0
IPO963,20140908,112.86,112.86,112.86,112.86,0
IPO963,20140909,112.89,112.89,112.89,112.89,0
IPO963,20140910,112.85,112.85,112.85,112.85,0
IPO963,20140918,113.17,113.17,113.17,113.17,0
IPO963,20140919,113.37,113.37,113.37,113.37,0
IPO963,20140922,113.20,113.20,113.20,113.20,0
IPO963,20140923,112.89,112.89,112.89,112.89,0
IPO963,20140924,112.92,112.92,112.92,112.92,0
IPO963,20140925,112.99,112.99,112.99,112.99,0
IPO963,20140929,112.89,112.89,112.89,112.89,0
IPO963,20140930,112.81,112.81,112.81,112.81,0
IPO963,20141001,112.97,112.97,112.97,112.97,0
IPO963,20141002,112.95,112.95,112.95,112.95,0
IPO963,20141006,113.17,113.17,113.17,113.17,0
IPO963,20141007,113.12,113.12,113.12,113.12,0
IPO963,20141008,112.99,112.99,112.99,112.99,0
IPO963,20141009,113.06,113.06,113.06,113.06,0
IPO963,20141010,112.85,112.85,112.85,112.85,0
IPO963,20141013,112.77,112.77,112.77,112.77,0
IPO963,20141014,112.87,112.87,112.87,112.87,0
IPO963,20141015,112.78,112.78,112.78,112.78,0
IPO963,20141016,112.94,112.94,112.94,112.94,0
IPO963,20141017,113.30,113.30,113.30,113.30,0
IPO963,20141020,113.20,113.20,113.20,113.20,0
IPO963,20141021,113.50,113.50,113.50,113.50,0
IPO963,20141022,113.53,113.53,113.53,113.53,0
IPO963,20141023,113.53,113.53,113.53,113.53,0
IPO963,20141024,113.53,113.53,113.53,113.53,0
IPO963,20141027,113.47,113.47,113.47,113.47,0
IPO963,20141028,113.54,113.54,113.54,113.54,0
IPO963,20141029,113.56,113.56,113.56,113.56,0
IPO963,20141030,113.66,113.66,113.66,113.66,0
IPO963,20141031,113.91,113.91,113.91,113.91,0
IPO963,20141103,113.91,113.91,113.91,113.91,0
IPO963,20141104,113.94,113.94,113.94,113.94,0
IPO963,20141105,114.02,114.02,114.02,114.02,0
IPO963,20141106,114.07,114.07,114.07,114.07,0
IPO963,20141107,114.07,114.07,114.07,114.07,0
IPO963,20141110,114.13,114.13,114.13,114.13,0
IPO963,20141112,114.03,114.03,114.03,114.03,0
IPO963,20141113,114.04,114.04,114.04,114.04,0
IPO963,20141114,114.05,114.05,114.05,114.05,0
IPO963,20141117,114.00,114.00,114.00,114.00,0
IPO963,20141118,114.15,114.15,114.15,114.15,0
IPO963,20141119,114.14,114.14,114.14,114.14,0
IPO963,20141120,114.04,114.04,114.04,114.04,0
IPO963,20141121,114.12,114.12,114.12,114.12,0
IPO963,20141124,114.14,114.14,114.14,114.14,0
IPO963,20141125,114.10,114.10,114.10,114.10,0
IPO963,20141126,114.18,114.18,114.18,114.18,0
IPO963,20141127,114.27,114.27,114.27,114.27,0
IPO963,20141128,114.41,114.41,114.41,114.41,0
IPO963,20141201,114.32,114.32,114.32,114.32,0
IPO963,20141202,114.44,114.44,114.44,114.44,0
IPO963,20141203,114.50,114.50,114.50,114.50,0
IPO963,20141204,114.44,114.44,114.44,114.44,0
IPO963,20141205,114.52,114.52,114.52,114.52,0
IPO963,20141208,114.43,114.43,114.43,114.43,0
IPO963,20141209,114.36,114.36,114.36,114.36,0
IPO963,20141210,114.13,114.13,114.13,114.13,0
IPO963,20141211,114.05,114.05,114.05,114.05,0
IPO963,20141212,114.00,114.00,114.00,114.00,0
IPO963,20141215,113.72,113.72,113.72,113.72,0
IPO963,20141216,113.52,113.52,113.52,113.52,0
IPO963,20141217,113.69,113.69,113.69,113.69,0
IPO963,20141218,114.02,114.02,114.02,114.02,0
IPO963,20141219,113.93,113.93,113.93,113.93,0
IPO963,20141222,113.97,113.97,113.97,113.97,0
IPO963,20141223,113.99,113.99,113.99,113.99,0
IPO963,20141229,113.92,113.92,113.92,113.92,0
IPO963,20141230,113.98,113.98,113.98,113.98,0
IPO963,20150102,113.98,113.98,113.98,113.98,0
IPO963,20150105,113.70,113.70,113.70,113.70,0
IPO963,20150107,114.01,114.01,114.01,114.01,0
IPO963,20150108,114.50,114.50,114.50,114.50,0
IPO963,20150109,114.44,114.44,114.44,114.44,0
IPO963,20150112,114.38,114.38,114.38,114.38,0
IPO963,20150113,114.55,114.55,114.55,114.55,0
IPO963,20150114,114.31,114.31,114.31,114.31,0
IPO963,20150115,113.97,113.97,113.97,113.97,0
IPO963,20150116,113.79,113.79,113.79,113.79,0
IPO963,20150119,113.88,113.88,113.88,113.88,0
IPO963,20150120,113.83,113.83,113.83,113.83,0
IPO963,20150121,114.14,114.14,114.14,114.14,0
IPO963,20150122,114.37,114.37,114.37,114.37,0
IPO963,20150123,114.72,114.72,114.72,114.72,0
IPO963,20150126,114.73,114.73,114.73,114.73,0
IPO963,20150127,114.86,114.86,114.86,114.86,0
IPO963,20150128,114.95,114.95,114.95,114.95,0
IPO963,20150129,115.03,115.03,115.03,115.03,0
IPO963,20150130,115.13,115.13,115.13,115.13,0
IPO963,20150202,115.14,115.14,115.14,115.14,0
IPO963,20150203,115.17,115.17,115.17,115.17,0
IPO963,20150204,115.16,115.16,115.16,115.16,0
IPO963,20150205,115.13,115.13,115.13,115.13,0
IPO963,20150206,115.13,115.13,115.13,115.13,0
IPO963,20150209,114.80,114.80,114.80,114.80,0
IPO963,20150210,114.78,114.78,114.78,114.78,0
IPO963,20150211,114.71,114.71,114.71,114.71,0
IPO963,20150212,115.20,115.20,115.20,115.20,0
IPO963,20150213,115.31,115.31,115.31,115.31,0
IPO963,20150216,115.38,115.38,115.38,115.38,0
IPO963,20150217,115.22,115.22,115.22,115.22,0
IPO963,20150218,115.19,115.19,115.19,115.19,0
IPO963,20150219,115.36,115.36,115.36,115.36,0
IPO963,20150220,115.26,115.26,115.26,115.26,0
IPO963,20150223,115.41,115.41,115.41,115.41,0
IPO963,20150224,115.55,115.55,115.55,115.55,0
IPO963,20150225,115.60,115.60,115.60,115.60,0
IPO963,20150226,115.80,115.80,115.80,115.80,0
IPO963,20150227,115.90,115.90,115.90,115.90,0
IPO963,20150302,116.07,116.07,116.07,116.07,0
IPO963,20150303,115.87,115.87,115.87,115.87,0
IPO963,20150304,115.92,115.92,115.92,115.92,0
IPO963,20150305,115.96,115.96,115.96,115.96,0
IPO963,20150306,115.86,115.86,115.86,115.86,0
IPO963,20150309,115.86,115.86,115.86,115.86,0
IPO963,20150310,115.58,115.58,115.58,115.58,0
IPO963,20150311,115.84,115.84,115.84,115.84,0
IPO963,20150312,116.19,116.19,116.19,116.19,0
IPO963,20150313,116.09,116.09,116.09,116.09,0
IPO963,20150316,116.28,116.28,116.28,116.28,0
IPO963,20150317,116.14,116.14,116.14,116.14,0
IPO963,20150318,116.12,116.12,116.12,116.12,0
IPO963,20150319,116.58,116.58,116.58,116.58,0
IPO963,20150320,116.82,116.82,116.82,116.82,0
IPO963,20150323,116.80,116.80,116.80,116.80,0
IPO963,20150324,116.62,116.62,116.62,116.62,0
IPO963,20150325,116.57,116.57,116.57,116.57,0
IPO963,20150326,116.22,116.22,116.22,116.22,0
IPO963,20150327,116.24,116.24,116.24,116.24,0
IPO963,20150330,116.49,116.49,116.49,116.49,0
IPO963,20150331,116.40,116.40,116.40,116.40,0
IPO963,20150401,116.50,116.50,116.50,116.50,0
IPO963,20150402,116.46,116.46,116.46,116.46,0
IPO963,20150407,116.57,116.57,116.57,116.57,0
IPO963,20150408,116.68,116.68,116.68,116.68,0
IPO963,20150409,116.83,116.83,116.83,116.83,0
IPO963,20150410,116.88,116.88,116.88,116.88,0
IPO963,20150413,116.73,116.73,116.73,116.73,0
IPO963,20150414,116.58,116.58,116.58,116.58,0
IPO963,20150415,116.70,116.70,116.70,116.70,0
IPO963,20150416,116.80,116.80,116.80,116.80,0
IPO963,20150417,116.79,116.79,116.79,116.79,0
IPO963,20150420,116.96,116.96,116.96,116.96,0
IPO963,20150421,116.82,116.82,116.82,116.82,0
IPO963,20150422,116.65,116.65,116.65,116.65,0
IPO963,20150423,116.55,116.55,116.55,116.55,0
IPO963,20150424,116.73,116.73,116.73,116.73,0
IPO963,20150427,116.79,116.79,116.79,116.79,0
IPO963,20150428,116.67,116.67,116.67,116.67,0
IPO963,20150429,116.47,116.47,116.47,116.47,0
IPO963,20150430,116.36,116.36,116.36,116.36,0
IPO963,20150504,116.51,116.51,116.51,116.51,0
IPO963,20150505,116.08,116.08,116.08,116.08,0
IPO963,20150506,115.87,115.87,115.87,115.87,0
IPO963,20150507,116.05,116.05,116.05,116.05,0
IPO963,20150508,116.91,116.91,116.91,116.91,0
IPO963,20150511,116.81,116.81,116.81,116.81,0
IPO963,20150512,116.44,116.44,116.44,116.44,0
IPO963,20150513,116.45,116.45,116.45,116.45,0
IPO963,20150514,116.90,116.90,116.90,116.90,0
IPO963,20150515,116.62,116.62,116.62,116.62,0
IPO963,20150518,116.65,116.65,116.65,116.65,0
IPO963,20150519,116.93,116.93,116.93,116.93,0
IPO963,20150520,116.88,116.88,116.88,116.88,0
IPO963,20150521,117.00,117.00,117.00,117.00,0
IPO963,20150522,116.82,116.82,116.82,116.82,0
IPO963,20150525,116.33,116.33,116.33,116.33,0
IPO963,20150526,116.03,116.03,116.03,116.03,0
IPO963,20150527,116.24,116.24,116.24,116.24,0
IPO963,20150528,116.21,116.21,116.21,116.21,0
IPO963,20150529,116.13,116.13,116.13,116.13,0
IPO963,20150601,116.30,116.30,116.30,116.30,0
IPO963,20150602,116.08,116.08,116.08,116.08,0
IPO963,20150603,116.04,116.04,116.04,116.04,0
IPO963,20150605,115.49,115.49,115.49,115.49,0
IPO963,20150608,115.14,115.14,115.14,115.14,0
IPO963,20150609,114.83,114.83,114.83,114.83,0
IPO963,20150610,115.17,115.17,115.17,115.17,0
IPO963,20150611,115.36,115.36,115.36,115.36,0
IPO963,20150612,115.08,115.08,115.08,115.08,0
IPO963,20150615,114.35,114.35,114.35,114.35,0
IPO963,20150616,114.44,114.44,114.44,114.44,0
IPO963,20150617,114.26,114.26,114.26,114.26,0
IPO963,20150618,114.47,114.47,114.47,114.47,0
IPO963,20150619,114.44,114.44,114.44,114.44,0
IPO963,20150622,115.23,115.23,115.23,115.23,0
IPO963,20150623,115.46,115.46,115.46,115.46,0
IPO963,20150624,115.15,115.15,115.15,115.15,0
IPO963,20150625,115.10,115.10,115.10,115.10,0
IPO963,20150626,115.22,115.22,115.22,115.22,0
IPO963,20150629,113.94,113.94,113.94,113.94,0
IPO963,20150630,113.93,113.93,113.93,113.93,0
IPO963,20150701,114.32,114.32,114.32,114.32,0
IPO963,20150702,114.30,114.30,114.30,114.30,0
IPO963,20150703,114.33,114.33,114.33,114.33,0
IPO963,20150706,114.04,114.04,114.04,114.04,0
IPO963,20150707,113.78,113.78,113.78,113.78,0
IPO963,20150708,113.87,113.87,113.87,113.87,0
IPO963,20150709,114.49,114.49,114.49,114.49,0
IPO963,20150710,115.02,115.02,115.02,115.02,0
IPO963,20150713,115.40,115.40,115.40,115.40,0
IPO963,20150714,115.35,115.35,115.35,115.35,0
IPO963,20150715,115.63,115.63,115.63,115.63,0
IPO963,20150716,116.10,116.10,116.10,116.10,0
IPO963,20150717,116.34,116.34,116.34,116.34,0
IPO963,20150720,116.31,116.31,116.31,116.31,0
IPO963,20150721,116.09,116.09,116.09,116.09,0
IPO963,20150722,115.77,115.77,115.77,115.77,0
IPO963,20150723,115.76,115.76,115.76,115.76,0
IPO963,20150724,115.69,115.69,115.69,115.69,0
IPO963,20150727,115.27,115.27,115.27,115.27,0
IPO963,20150728,115.47,115.47,115.47,115.47,0
IPO963,20150729,115.42,115.42,115.42,115.42,0
IPO963,20150730,115.41,115.41,115.41,115.41,0
IPO963,20150731,115.59,115.59,115.59,115.59,0
IPO963,20150803,115.70,115.70,115.70,115.70,0
IPO963,20150804,115.74,115.74,115.74,115.74,0
IPO963,20150805,116.06,116.06,116.06,116.06,0
IPO963,20150806,115.47,115.47,115.47,115.47,0
IPO963,20150807,115.33,115.33,115.33,115.33,0
IPO963,20150810,115.69,115.69,115.69,115.69,0
IPO963,20150811,115.24,115.24,115.24,115.24,0
IPO963,20150812,114.49,114.49,114.49,114.49,0
IPO963,20150813,115.17,115.17,115.17,115.17,0
IPO963,20150814,115.17,115.17,115.17,115.17,0
IPO963,20150817,115.01,115.01,115.01,115.01,0
IPO963,20150818,114.97,114.97,114.97,114.97,0
IPO963,20150819,114.70,114.70,114.70,114.70,0
IPO963,20150820,114.24,114.24,114.24,114.24,0
IPO963,20150821,113.24,113.24,113.24,113.24,0
IPO963,20150824,110.97,110.97,110.97,110.97,0
IPO963,20150825,112.42,112.42,112.42,112.42,0
IPO963,20150826,112.12,112.12,112.12,112.12,0
IPO963,20150827,113.31,113.31,113.31,113.31,0
IPO963,20150828,113.47,113.47,113.47,113.47,0
IPO963,20150831,113.47,113.47,113.47,113.47,0
IPO963,20150901,112.26,112.26,112.26,112.26,0
IPO963,20150902,112.09,112.09,112.09,112.09,0
IPO963,20150903,113.28,113.28,113.28,113.28,0
IPO963,20150904,112.45,112.45,112.45,112.45,0
IPO963,20150907,112.54,112.54,112.54,112.54,0
IPO963,20150908,113.12,113.12,113.12,113.12,0
IPO963,20150909,113.18,113.18,113.18,113.18,0
IPO963,20150910,113.20,113.20,113.20,113.20,0
IPO963,20150911,113.05,113.05,113.05,113.05,0
IPO963,20150914,113.07,113.07,113.07,113.07,0
IPO963,20150915,113.17,113.17,113.17,113.17,0
IPO963,20150916,113.21,113.21,113.21,113.21,0
IPO963,20150917,113.41,113.41,113.41,113.41,0
IPO963,20150918,112.51,112.51,112.51,112.51,0
IPO963,20150921,112.56,112.56,112.56,112.56,0
IPO963,20150922,110.96,110.96,110.96,110.96,0
IPO963,20150923,111.03,111.03,111.03,111.03,0
IPO963,20150924,110.22,110.22,110.22,110.22,0
IPO963,20150925,111.15,111.15,111.15,111.15,0
IPO963,20150928,110.06,110.06,110.06,110.06,0
IPO963,20150929,110.04,110.04,110.04,110.04,0
IPO963,20150930,111.00,111.00,111.00,111.00,0
IPO963,20151001,109.93,109.93,109.93,109.93,0
IPO963,20151002,110.37,110.37,110.37,110.37,0
IPO963,20151005,111.52,111.52,111.52,111.52,0
IPO963,20151006,112.10,112.10,112.10,112.10,0
IPO963,20151007,112.43,112.43,112.43,112.43,0
IPO963,20151008,112.49,112.49,112.49,112.49,0
IPO963,20151009,112.87,112.87,112.87,112.87,0
IPO963,20151012,112.80,112.80,112.80,112.80,0
IPO963,20151013,112.38,112.38,112.38,112.38,0
IPO963,20151014,112.20,112.20,112.20,112.20,0
IPO963,20151015,112.59,112.59,112.59,112.59,0
IPO963,20151016,112.75,112.75,112.75,112.75,0
IPO963,20151019,112.82,112.82,112.82,112.82,0
IPO963,20151020,112.85,112.85,112.85,112.85,0
IPO963,20151021,113.17,113.17,113.17,113.17,0
IPO963,20151022,113.65,113.65,113.65,113.65,0
IPO963,20151023,114.34,114.34,114.34,114.34,0
IPO963,20151026,113.99,113.99,113.99,113.99,0
IPO963,20151027,113.91,113.91,113.91,113.91,0
IPO963,20151028,114.23,114.23,114.23,114.23,0
IPO963,20151029,113.92,113.92,113.92,113.92,0
IPO963,20151030,114.07,114.07,114.07,114.07,0
IPO963,20151102,114.45,114.45,114.45,114.45,0
IPO963,20151103,114.34,114.34,114.34,114.34,0
IPO963,20151104,114.19,114.19,114.19,114.19,0
IPO963,20151105,114.10,114.10,114.10,114.10,0
IPO963,20151106,114.13,114.13,114.13,114.13,0
IPO963,20151109,113.58,113.58,113.58,113.58,0
IPO963,20151110,113.74,113.74,113.74,113.74,0
IPO963,20151112,113.63,113.63,113.63,113.63,0
IPO963,20151113,113.64,113.64,113.64,113.64,0
IPO963,20151116,113.55,113.55,113.55,113.55,0
IPO963,20151117,113.87,113.87,113.87,113.87,0
IPO963,20151118,113.86,113.86,113.86,113.86,0
IPO963,20151119,114.15,114.15,114.15,114.15,0
IPO963,20151120,114.23,114.23,114.23,114.23,0
IPO963,20151123,113.97,113.97,113.97,113.97,0
IPO963,20151124,113.61,113.61,113.61,113.61,0
IPO963,20151125,113.77,113.77,113.77,113.77,0
IPO963,20151126,114.17,114.17,114.17,114.17,0
IPO963,20151127,114.09,114.09,114.09,114.09,0
IPO963,20151130,114.29,114.29,114.29,114.29,0
IPO963,20151201,114.23,114.23,114.23,114.23,0
IPO963,20151202,114.06,114.06,114.06,114.06,0
IPO963,20151203,113.57,113.57,113.57,113.57,0
IPO963,20151204,113.29,113.29,113.29,113.29,0
IPO963,20151207,113.47,113.47,113.47,113.47,0
IPO963,20151208,113.04,113.04,113.04,113.04,0
IPO963,20151209,112.64,112.64,112.64,112.64,0
IPO963,20151210,112.76,112.76,112.76,112.76,0
IPO963,20151211,112.20,112.20,112.20,112.20,0
IPO963,20151214,111.57,111.57,111.57,111.57,0
IPO963,20151215,111.87,111.87,111.87,111.87,0
IPO963,20151216,111.96,111.96,111.96,111.96,0
IPO963,20151217,112.64,112.64,112.64,112.64,0
IPO963,20151218,112.64,112.64,112.64,112.64,0
IPO963,20151221,112.68,112.68,112.68,112.68,0
IPO963,20151222,112.78,112.78,112.78,112.78,0
IPO963,20151223,112.96,112.96,112.96,112.96,0
IPO963,20151228,113.02,113.02,113.02,113.02,0
IPO963,20151229,113.40,113.40,113.40,113.40,0
IPO963,20151230,113.62,113.62,113.62,113.62,0
IPO963,20160104,112.64,112.64,112.64,112.64,0
IPO963,20160105,112.67,112.67,112.67,112.67,0
IPO963,20160107,111.60,111.60,111.60,111.60,0
IPO963,20160108,111.16,111.16,111.16,111.16,0
IPO963,20160111,110.76,110.76,110.76,110.76,0
IPO963,20160112,111.86,111.86,111.86,111.86,0
IPO963,20160113,112.04,112.04,112.04,112.04,0
IPO963,20160114,110.97,110.97,110.97,110.97,0
IPO963,20160115,110.00,110.00,110.00,110.00,0
IPO963,20160118,109.11,109.11,109.11,109.11,0
IPO963,20160119,109.47,109.47,109.47,109.47,0
IPO963,20160120,108.42,108.42,108.42,108.42,0
IPO963,20160121,108.95,108.95,108.95,108.95,0
IPO963,20160122,109.63,109.63,109.63,109.63,0
IPO963,20160125,109.77,109.77,109.77,109.77,0
IPO963,20160126,109.89,109.89,109.89,109.89,0
IPO963,20160127,109.94,109.94,109.94,109.94,0
IPO963,20160128,109.69,109.69,109.69,109.69,0
IPO963,20160129,110.23,110.23,110.23,110.23,0
IPO963,20160201,110.29,110.29,110.29,110.29,0
IPO963,20160202,109.67,109.67,109.67,109.67,0
IPO963,20160203,109.40,109.40,109.40,109.40,0
IPO963,20160204,109.59,109.59,109.59,109.59,0
IPO963,20160205,109.34,109.34,109.34,109.34,0
IPO963,20160208,108.43,108.43,108.43,108.43,0
IPO963,20160209,108.00,108.00,108.00,108.00,0
IPO963,20160210,108.35,108.35,108.35,108.35,0
IPO963,20160211,107.65,107.65,107.65,107.65,0
IPO963,20160212,108.32,108.32,108.32,108.32,0
IPO963,20160215,109.23,109.23,109.23,109.23,0
IPO963,20160216,109.03,109.03,109.03,109.03,0
IPO963,20160217,110.05,110.05,110.05,110.05,0
IPO963,20160218,110.42,110.42,110.42,110.42,0
IPO963,20160219,110.26,110.26,110.26,110.26,0
IPO963,20160222,110.79,110.79,110.79,110.79,0
IPO963,20160223,110.67,110.67,110.67,110.67,0
IPO963,20160224,110.02,110.02,110.02,110.02,0
IPO963,20160225,110.38,110.38,110.38,110.38,0
IPO963,20160226,110.89,110.89,110.89,110.89,0
IPO963,20160229,110.91,110.91,110.91,110.91,0
IPO963,20160301,111.24,111.24,111.24,111.24,0
IPO963,20160302,111.40,111.40,111.40,111.40,0
IPO963,20160303,111.76,111.76,111.76,111.76,0
IPO963,20160304,111.90,111.90,111.90,111.90,0
IPO963,20160307,111.88,111.88,111.88,111.88,0
IPO963,20160308,111.71,111.71,111.71,111.71,0
IPO963,20160309,111.71,111.71,111.71,111.71,0
IPO963,20160310,111.62,111.62,111.62,111.62,0
IPO963,20160311,111.93,111.93,111.93,111.93,0
IPO963,20160314,111.96,111.96,111.96,111.96,0
IPO963,20160315,111.86,111.86,111.86,111.86,0
IPO963,20160316,111.82,111.82,111.82,111.82,0
IPO963,20160317,111.91,111.91,111.91,111.91,0
IPO963,20160318,112.08,112.08,112.08,112.08,0
IPO963,20160321,111.85,111.85,111.85,111.85,0
IPO963,20160322,111.82,111.82,111.82,111.82,0
IPO963,20160323,111.96,111.96,111.96,111.96,0
IPO963,20160324,111.91,111.91,111.91,111.91,0
IPO963,20160329,112.05,112.05,112.05,112.05,0
IPO963,20160330,112.07,112.07,112.07,112.07,0
IPO963,20160331,112.39,112.39,112.39,112.39,0
IPO963,20160401,112.35,112.35,112.35,112.35,0
IPO963,20160404,112.37,112.37,112.37,112.37,0
IPO963,20160405,112.31,112.31,112.31,112.31,0
IPO963,20160406,112.17,112.17,112.17,112.17,0
IPO963,20160407,112.28,112.28,112.28,112.28,0
IPO963,20160408,112.35,112.35,112.35,112.35,0
IPO963,20160411,112.51,112.51,112.51,112.51,0
IPO963,20160412,112.41,112.41,112.41,112.41,0
IPO963,20160413,112.37,112.37,112.37,112.37,0
IPO963,20160414,112.30,112.30,112.30,112.30,0
IPO963,20160415,112.36,112.36,112.36,112.36,0
IPO963,20160418,112.22,112.22,112.22,112.22,0
IPO963,20160419,112.35,112.35,112.35,112.35,0
IPO963,20160420,112.42,112.42,112.42,112.42,0
IPO963,20160421,112.46,112.46,112.46,112.46,0
IPO963,20160422,112.38,112.38,112.38,112.38,0
IPO963,20160425,112.22,112.22,112.22,112.22,0
IPO963,20160426,112.15,112.15,112.15,112.15,0
IPO963,20160427,112.22,112.22,112.22,112.22,0
IPO963,20160428,112.22,112.22,112.22,112.22,0
IPO963,20160429,112.24,112.24,112.24,112.24,0
IPO963,20160502,112.12,112.12,112.12,112.12,0
IPO963,20160504,112.22,112.22,112.22,112.22,0
IPO963,20160505,112.21,112.21,112.21,112.21,0
IPO963,20160506,112.10,112.10,112.10,112.10,0
IPO963,20160509,112.14,112.14,112.14,112.14,0
IPO963,20160510,112.25,112.25,112.25,112.25,0
IPO963,20160511,112.47,112.47,112.47,112.47,0
IPO963,20160512,112.47,112.47,112.47,112.47,0
IPO963,20160513,112.51,112.51,112.51,112.51,0
IPO963,20160516,112.75,112.75,112.75,112.75,0
IPO963,20160517,112.69,112.69,112.69,112.69,0
IPO963,20160518,112.64,112.64,112.64,112.64,0
IPO963,20160519,112.37,112.37,112.37,112.37,0
IPO963,20160520,112.23,112.23,112.23,112.23,0
IPO963,20160523,112.19,112.19,112.19,112.19,0
IPO963,20160524,112.15,112.15,112.15,112.15,0
IPO963,20160525,112.19,112.19,112.19,112.19,0
IPO963,20160527,112.26,112.26,112.26,112.26,0
IPO963,20160530,112.21,112.21,112.21,112.21,0
IPO963,20160531,111.98,111.98,111.98,111.98,0
IPO963,20160601,111.78,111.78,111.78,111.78,0
IPO963,20160602,111.80,111.80,111.80,111.80,0
IPO963,20160603,112.02,112.02,112.02,112.02,0
IPO963,20160606,111.89,111.89,111.89,111.89,0
IPO963,20160607,112.01,112.01,112.01,112.01,0
IPO963,20160608,112.03,112.03,112.03,112.03,0
IPO963,20160609,111.96,111.96,111.96,111.96,0
IPO963,20160610,111.91,111.91,111.91,111.91,0
IPO963,20160613,111.67,111.67,111.67,111.67,0
IPO963,20160614,111.01,111.01,111.01,111.01,0
IPO963,20160615,110.99,110.99,110.99,110.99,0
IPO963,20160616,110.66,110.66,110.66,110.66,0
IPO963,20160617,111.19,111.19,111.19,111.19,0
IPO963,20160620,111.96,111.96,111.96,111.96,0
IPO963,20160621,111.96,111.96,111.96,111.96,0
IPO963,20160622,112.24,112.24,112.24,112.24,0
IPO963,20160623,112.41,112.41,112.41,112.41,0
IPO963,20160624,111.15,111.15,111.15,111.15,0
IPO963,20160627,111.60,111.60,111.60,111.60,0
IPO963,20160628,111.92,111.92,111.92,111.92,0
IPO963,20160629,112.50,112.50,112.50,112.50,0
IPO963,20160630,112.60,112.60,112.60,112.60,0
IPO963,20160701,112.95,112.95,112.95,112.95,0
IPO963,20160704,112.82,112.82,112.82,112.82,0
IPO963,20160705,112.85,112.85,112.85,112.85,0
IPO963,20160706,112.60,112.60,112.60,112.60,0
IPO963,20160707,112.60,112.60,112.60,112.60,0
IPO963,20160708,112.67,112.67,112.67,112.67,0
IPO963,20160711,112.93,112.93,112.93,112.93,0
IPO963,20160712,113.25,113.25,113.25,113.25,0
IPO963,20160713,113.19,113.19,113.19,113.19,0
IPO963,20160714,113.17,113.17,113.17,113.17,0
IPO963,20160715,113.22,113.22,113.22,113.22,0
IPO963,20160718,113.27,113.27,113.27,113.27,0
IPO963,20160719,113.24,113.24,113.24,113.24,0
IPO963,20160720,113.38,113.38,113.38,113.38,0
IPO963,20160721,113.51,113.51,113.51,113.51,0
IPO963,20160722,113.45,113.45,113.45,113.45,0
IPO963,20160725,113.53,113.53,113.53,113.53,0
IPO963,20160726,113.51,113.51,113.51,113.51,0
IPO963,20160727,113.48,113.48,113.48,113.48,0
IPO963,20160728,113.38,113.38,113.38,113.38,0
IPO963,20160729,113.23,113.23,113.23,113.23,0
IPO963,20160801,113.44,113.44,113.44,113.44,0
IPO963,20160802,113.71,113.71,113.71,113.71,0
IPO963,20160803,113.75,113.75,113.75,113.75,0
IPO963,20160804,113.82,113.82,113.82,113.82,0
IPO963,20160805,113.83,113.83,113.83,113.83,0
IPO963,20160808,113.94,113.94,113.94,113.94,0
IPO963,20160809,113.95,113.95,113.95,113.95,0
IPO963,20160810,114.00,114.00,114.00,114.00,0
IPO963,20160811,114.03,114.03,114.03,114.03,0
IPO963,20160812,114.14,114.14,114.14,114.14,0
IPO963,20160816,114.26,114.26,114.26,114.26,0
IPO963,20160817,114.19,114.19,114.19,114.19,0
IPO963,20160818,114.22,114.22,114.22,114.22,0
IPO963,20160819,114.29,114.29,114.29,114.29,0
IPO963,20160822,114.26,114.26,114.26,114.26,0
IPO963,20160823,114.27,114.27,114.27,114.27,0
IPO963,20160824,114.32,114.32,114.32,114.32,0
IPO963,20160825,114.30,114.30,114.30,114.30,0
IPO963,20160826,114.27,114.27,114.27,114.27,0
IPO963,20160829,114.20,114.20,114.20,114.20,0
IPO963,20160830,114.32,114.32,114.32,114.32,0
IPO963,20160831,114.38,114.38,114.38,114.38,0
IPO963,20160901,114.25,114.25,114.25,114.25,0
IPO963,20160902,114.19,114.19,114.19,114.19,0
IPO963,20160905,114.16,114.16,114.16,114.16,0
IPO963,20160906,114.16,114.16,114.16,114.16,0
IPO963,20160907,114.53,114.53,114.53,114.53,0
IPO963,20160908,114.50,114.50,114.50,114.50,0
IPO963,20160909,114.53,114.53,114.53,114.53,0
IPO963,20160912,114.38,114.38,114.38,114.38,0
IPO963,20160913,114.45,114.45,114.45,114.45,0
IPO963,20160914,114.50,114.50,114.50,114.50,0
IPO963,20160915,114.46,114.46,114.46,114.46,0
IPO963,20160916,114.46,114.46,114.46,114.46,0
IPO963,20160919,114.49,114.49,114.49,114.49,0
IPO963,20160920,114.45,114.45,114.45,114.45,0
IPO963,20160921,114.50,114.50,114.50,114.50,0
IPO963,20160922,114.63,114.63,114.63,114.63,0
IPO963,20160923,114.67,114.67,114.67,114.67,0
IPO963,20160926,114.66,114.66,114.66,114.66,0
IPO963,20160927,114.49,114.49,114.49,114.49,0
IPO963,20160928,114.43,114.43,114.43,114.43,0
IPO963,20160929,114.55,114.55,114.55,114.55,0
IPO963,20160930,114.54,114.54,114.54,114.54,0
IPO963,20161003,114.54,114.54,114.54,114.54,0
IPO963,20161004,114.85,114.85,114.85,114.85,0
IPO963,20161005,114.78,114.78,114.78,114.78,0
IPO963,20161006,114.64,114.64,114.64,114.64,0
IPO963,20161007,114.67,114.67,114.67,114.67,0
IPO963,20161010,114.65,114.65,114.65,114.65,0
IPO963,20161011,114.44,114.44,114.44,114.44,0
IPO963,20161012,114.41,114.41,114.41,114.41,0
IPO963,20161013,114.41,114.41,114.41,114.41,0
IPO963,20161014,114.29,114.29,114.29,114.29,0
IPO963,20161017,114.31,114.31,114.31,114.31,0
IPO963,20161018,114.26,114.26,114.26,114.26,0
IPO963,20161019,114.49,114.49,114.49,114.49,0
IPO963,20161020,114.46,114.46,114.46,114.46,0
IPO963,20161021,114.46,114.46,114.46,114.46,0
IPO963,20161024,114.52,114.52,114.52,114.52,0
IPO963,20161025,114.50,114.50,114.50,114.50,0
IPO963,20161026,114.57,114.57,114.57,114.57,0
IPO963,20161027,114.47,114.47,114.47,114.47,0
IPO963,20161028,114.77,114.77,114.77,114.77,0
IPO963,20161031,114.73,114.73,114.73,114.73,0
IPO963,20161102,114.46,114.46,114.46,114.46,0
IPO963,20161103,114.50,114.50,114.50,114.50,0
IPO963,20161104,114.54,114.54,114.54,114.54,0
IPO963,20161107,114.49,114.49,114.49,114.49,0
IPO963,20161108,114.49,114.49,114.49,114.49,0
IPO963,20161109,114.40,114.40,114.40,114.40,0
IPO963,20161110,114.05,114.05,114.05,114.05,0
IPO963,20161114,113.55,113.55,113.55,113.55,0
IPO963,20161115,113.49,113.49,113.49,113.49,0
IPO963,20161116,113.19,113.19,113.19,113.19,0
IPO963,20161117,113.02,113.02,113.02,113.02,0
IPO963,20161118,113.00,113.00,113.00,113.00,0
IPO963,20161121,113.14,113.14,113.14,113.14,0
IPO963,20161122,113.35,113.35,113.35,113.35,0
IPO963,20161123,113.09,113.09,113.09,113.09,0
IPO963,20161124,112.97,112.97,112.97,112.97,0
IPO963,20161125,113.24,113.24,113.24,113.24,0
IPO963,20161128,113.38,113.38,113.38,113.38,0
IPO963,20161129,113.34,113.34,113.34,113.34,0
IPO963,20161130,113.41,113.41,113.41,113.41,0
IPO963,20161201,113.01,113.01,113.01,113.01,0
IPO963,20161202,112.94,112.94,112.94,112.94,0
IPO963,20161205,113.19,113.19,113.19,113.19,0
IPO963,20161206,113.66,113.66,113.66,113.66,0
IPO963,20161207,113.84,113.84,113.84,113.84,0
IPO963,20161208,113.99,113.99,113.99,113.99,0
IPO963,20161209,113.96,113.96,113.96,113.96,0
IPO963,20161212,113.87,113.87,113.87,113.87,0
IPO963,20161213,114.13,114.13,114.13,114.13,0
IPO963,20161214,114.29,114.29,114.29,114.29,0
IPO963,20161215,114.08,114.08,114.08,114.08,0
IPO963,20161216,114.17,114.17,114.17,114.17,0
IPO963,20161219,114.15,114.15,114.15,114.15,0
IPO963,20161220,114.32,114.32,114.32,114.32,0
IPO963,20161221,114.27,114.27,114.27,114.27,0
IPO963,20161222,114.27,114.27,114.27,114.27,0
IPO963,20161223,114.32,114.32,114.32,114.32,0
IPO963,20161227,114.27,114.27,114.27,114.27,0
IPO963,20161228,114.18,114.18,114.18,114.18,0
IPO963,20161229,114.40,114.40,114.40,114.40,0
IPO963,20161230,114.44,114.44,114.44,114.44,0
IPO963,20170102,113.54,113.54,113.54,113.54,0
IPO963,20170103,113.49,113.49,113.49,113.49,0
IPO963,20170104,113.48,113.48,113.48,113.48,0
IPO963,20170105,113.68,113.68,113.68,113.68,0
IPO963,20170109,113.66,113.66,113.66,113.66,0
IPO963,20170110,114.12,114.12,114.12,114.12,0
IPO963,20170111,114.15,114.15,114.15,114.15,0
IPO963,20170112,114.29,114.29,114.29,114.29,0
IPO963,20170113,114.25,114.25,114.25,114.25,0
IPO963,20170116,114.29,114.29,114.29,114.29,0
IPO963,20170117,114.40,114.40,114.40,114.40,0
IPO963,20170118,114.44,114.44,114.44,114.44,0
IPO963,20170119,114.37,114.37,114.37,114.37,0
IPO963,20170120,114.34,114.34,114.34,114.34,0
IPO963,20170123,114.46,114.46,114.46,114.46,0
IPO963,20170124,114.54,114.54,114.54,114.54,0
IPO963,20170125,114.56,114.56,114.56,114.56,0
IPO963,20170126,114.32,114.32,114.32,114.32,0
IPO963,20170127,114.29,114.29,114.29,114.29,0
IPO963,20170130,114.45,114.45,114.45,114.45,0
IPO963,20170131,114.43,114.43,114.43,114.43,0
IPO963,20170201,114.49,114.49,114.49,114.49,0
IPO963,20170202,114.71,114.71,114.71,114.71,0
IPO963,20170203,114.64,114.64,114.64,114.64,0
IPO963,20170206,114.74,114.74,114.74,114.74,0
IPO963,20170207,114.54,114.54,114.54,114.54,0
IPO963,20170208,114.61,114.61,114.61,114.61,0
IPO963,20170209,114.58,114.58,114.58,114.58,0
IPO963,20170210,114.62,114.62,114.62,114.62,0
IPO963,20170213,114.44,114.44,114.44,114.44,0
IPO963,20170214,114.52,114.52,114.52,114.52,0
IPO963,20170215,114.33,114.33,114.33,114.33,0
IPO963,20170216,114.57,114.57,114.57,114.57,0
IPO963,20170217,114.53,114.53,114.53,114.53,0
IPO963,20170220,114.56,114.56,114.56,114.56,0
IPO963,20170221,114.34,114.34,114.34,114.34,0
IPO963,20170222,114.42,114.42,114.42,114.42,0
IPO963,20170223,114.59,114.59,114.59,114.59,0
IPO963,20170224,114.72,114.72,114.72,114.72,0
IPO963,20170227,114.70,114.70,114.70,114.70,0
IPO963,20170228,114.73,114.73,114.73,114.73,0
IPO963,20170301,114.77,114.77,114.77,114.77,0
IPO963,20170302,115.09,115.09,115.09,115.09,0
IPO963,20170303,115.22,115.22,115.22,115.22,0
IPO963,20170306,115.30,115.30,115.30,115.30,0
IPO963,20170307,115.12,115.12,115.12,115.12,0
IPO963,20170308,114.73,114.73,114.73,114.73,0
IPO963,20170309,114.66,114.66,114.66,114.66,0
IPO963,20170310,114.77,114.77,114.77,114.77,0
IPO963,20170313,114.89,114.89,114.89,114.89,0
IPO963,20170314,114.76,114.76,114.76,114.76,0
IPO963,20170315,114.79,114.79,114.79,114.79,0
IPO963,20170316,114.73,114.73,114.73,114.73,0
IPO963,20170317,114.78,114.78,114.78,114.78,0
IPO963,20170320,114.83,114.83,114.83,114.83,0
IPO963,20170321,114.91,114.91,114.91,114.91,0
IPO963,20170322,115.14,115.14,115.14,115.14,0
IPO963,20170323,115.39,115.39,115.39,115.39,0
IPO963,20170324,115.32,115.32,115.32,115.32,0
IPO963,20170327,115.48,115.48,115.48,115.48,0
IPO963,20170328,115.43,115.43,115.43,115.43,0
IPO963,20170329,115.40,115.40,115.40,115.40,0
IPO963,20170330,115.51,115.51,115.51,115.51,0
IPO963,20170331,115.58,115.58,115.58,115.58,0
IPO963,20170403,115.69,115.69,115.69,115.69,0
IPO963,20170404,115.73,115.73,115.73,115.73,0
IPO963,20170405,115.84,115.84,115.84,115.84,0
IPO963,20170406,115.85,115.85,115.85,115.85,0
IPO963,20170407,115.82,115.82,115.82,115.82,0
IPO963,20170410,115.72,115.72,115.72,115.72,0
IPO963,20170411,115.72,115.72,115.72,115.72,0
IPO963,20170412,115.71,115.71,115.71,115.71,0
IPO963,20170413,115.70,115.70,115.70,115.70,0
IPO963,20170418,115.62,115.62,115.62,115.62,0
IPO963,20170419,115.65,115.65,115.65,115.65,0
IPO963,20170420,115.61,115.61,115.61,115.61,0
IPO963,20170421,115.73,115.73,115.73,115.73,0
IPO963,20170424,115.83,115.83,115.83,115.83,0
IPO963,20170425,115.51,115.51,115.51,115.51,0
IPO963,20170426,115.37,115.37,115.37,115.37,0
IPO963,20170427,115.49,115.49,115.49,115.49,0
IPO963,20170428,115.53,115.53,115.53,115.53,0
IPO963,20170502,115.50,115.50,115.50,115.50,0
IPO963,20170504,115.37,115.37,115.37,115.37,0
IPO963,20170505,115.33,115.33,115.33,115.33,0
IPO963,20170508,115.28,115.28,115.28,115.28,0
IPO963,20170509,115.05,115.05,115.05,115.05,0
IPO963,20170510,115.37,115.37,115.37,115.37,0
IPO963,20170511,115.49,115.49,115.49,115.49,0
IPO963,20170512,115.71,115.71,115.71,115.71,0
IPO963,20170515,115.61,115.61,115.61,115.61,0
IPO963,20170516,115.61,115.61,115.61,115.61,0
IPO963,20170517,115.71,115.71,115.71,115.71,0
IPO963,20170518,115.67,115.67,115.67,115.67,0
IPO963,20170519,115.73,115.73,115.73,115.73,0
IPO963,20170522,115.67,115.67,115.67,115.67,0
IPO963,20170523,115.69,115.69,115.69,115.69,0
IPO963,20170524,115.77,115.77,115.77,115.77,0
IPO963,20170525,115.88,115.88,115.88,115.88,0
IPO963,20170526,116.06,116.06,116.06,116.06,0
IPO963,20170529,116.08,116.08,116.08,116.08,0
IPO963,20170530,116.07,116.07,116.07,116.07,0
IPO963,20170531,116.13,116.13,116.13,116.13,0
IPO963,20170601,116.12,116.12,116.12,116.12,0
IPO963,20170602,116.29,116.29,116.29,116.29,0
IPO963,20170605,116.28,116.28,116.28,116.28,0
IPO963,20170606,116.35,116.35,116.35,116.35,0
IPO963,20170607,116.32,116.32,116.32,116.32,0
IPO963,20170608,116.37,116.37,116.37,116.37,0
IPO963,20170609,116.45,116.45,116.45,116.45,0
IPO963,20170612,116.32,116.32,116.32,116.32,0
IPO963,20170613,116.23,116.23,116.23,116.23,0
IPO963,20170614,116.41,116.41,116.41,116.41,0
IPO963,20170616,116.32,116.32,116.32,116.32,0
IPO963,20170619,116.28,116.28,116.28,116.28,0
IPO963,20170620,116.16,116.16,116.16,116.16,0
IPO963,20170621,116.17,116.17,116.17,116.17,0
IPO963,20170622,116.20,116.20,116.20,116.20,0
IPO963,20170623,116.23,116.23,116.23,116.23,0
IPO963,20170626,116.33,116.33,116.33,116.33,0
IPO963,20170627,116.40,116.40,116.40,116.40,0
IPO963,20170628,116.28,116.28,116.28,116.28,0
IPO963,20170629,116.30,116.30,116.30,116.30,0
IPO963,20170630,116.42,116.42,116.42,116.42,0
IPO963,20170703,116.73,116.73,116.73,116.73,0
IPO963,20170704,116.93,116.93,116.93,116.93,0
IPO963,20170705,116.55,116.55,116.55,116.55,0
IPO963,20170706,116.41,116.41,116.41,116.41,0
IPO963,20170707,116.46,116.46,116.46,116.46,0
IPO963,20170710,116.63,116.63,116.63,116.63,0
IPO963,20170711,116.52,116.52,116.52,116.52,0
IPO963,20170712,116.65,116.65,116.65,116.65,0
IPO963,20170713,116.69,116.69,116.69,116.69,0
IPO963,20170714,116.83,116.83,116.83,116.83,0
IPO963,20170717,116.79,116.79,116.79,116.79,0
IPO963,20170718,116.80,116.80,116.80,116.80,0
IPO963,20170719,116.86,116.86,116.86,116.86,0
IPO963,20170720,116.84,116.84,116.84,116.84,0
IPO963,20170721,116.78,116.78,116.78,116.78,0
IPO963,20170724,116.65,116.65,116.65,116.65,0
IPO963,20170725,116.62,116.62,116.62,116.62,0
IPO963,20170726,116.76,116.76,116.76,116.76,0
IPO963,20170727,116.76,116.76,116.76,116.76,0
IPO963,20170728,116.79,116.79,116.79,116.79,0
IPO963,20170731,116.77,116.77,116.77,116.77,0
IPO963,20170801,116.82,116.82,116.82,116.82,0
IPO963,20170802,116.77,116.77,116.77,116.77,0
IPO963,20170803,116.78,116.78,116.78,116.78,0
IPO963,20170804,116.74,116.74,116.74,116.74,0
IPO963,20170807,116.76,116.76,116.76,116.76,0
IPO963,20170808,116.77,116.77,116.77,116.77,0
IPO963,20170809,116.57,116.57,116.57,116.57,0
IPO963,20170810,116.56,116.56,116.56,116.56,0
IPO963,20170811,116.31,116.31,116.31,116.31,0
IPO963,20170814,116.37,116.37,116.37,116.37,0
IPO963,20170816,116.54,116.54,116.54,116.54,0
IPO963,20170817,116.50,116.50,116.50,116.50,0
IPO963,20170818,116.60,116.60,116.60,116.60,0
IPO963,20170821,116.66,116.66,116.66,116.66,0
IPO963,20170822,116.76,116.76,116.76,116.76,0
IPO963,20170823,116.73,116.73,116.73,116.73,0
IPO963,20170824,116.89,116.89,116.89,116.89,0
IPO963,20170825,116.91,116.91,116.91,116.91,0
IPO963,20170828,116.88,116.88,116.88,116.88,0
IPO963,20170829,116.65,116.65,116.65,116.65,0
IPO963,20170830,116.74,116.74,116.74,116.74,0
IPO963,20170831,117.07,117.07,117.07,117.07,0
IPO963,20170901,117.22,117.22,117.22,117.22,0
IPO963,20170904,117.23,117.23,117.23,117.23,0
IPO963,20170905,117.26,117.26,117.26,117.26,0
IPO963,20170906,117.26,117.26,117.26,117.26,0
IPO963,20170907,117.21,117.21,117.21,117.21,0
IPO963,20170908,117.26,117.26,117.26,117.26,0
IPO963,20170911,117.26,117.26,117.26,117.26,0
IPO963,20170912,117.24,117.24,117.24,117.24,0
IPO963,20170913,117.17,117.17,117.17,117.17,0
IPO963,20170914,117.00,117.00,117.00,117.00,0
IPO963,20170915,116.84,116.84,116.84,116.84,0
IPO963,20170918,116.85,116.85,116.85,116.85,0
IPO963,20170919,116.71,116.71,116.71,116.71,0
IPO963,20170920,116.65,116.65,116.65,116.65,0
