Name,Date,Open,High,Low,Close,Volume
KBC070,20120405,99.99,99.99,99.99,99.99,0
KBC070,20120410,99.85,99.85,99.85,99.85,0
KBC070,20120411,99.91,99.91,99.91,99.91,0
KBC070,20120412,100.05,100.05,100.05,100.05,0
KBC070,20120413,99.86,99.86,99.86,99.86,0
KBC070,20120416,99.82,99.82,99.82,99.82,0
KBC070,20120417,99.97,99.97,99.97,99.97,0
KBC070,20120418,99.76,99.76,99.76,99.76,0
KBC070,20120419,99.65,99.65,99.65,99.65,0
KBC070,20120420,99.54,99.54,99.54,99.54,0
KBC070,20120423,99.00,99.00,99.00,99.00,0
KBC070,20120424,99.14,99.14,99.14,99.14,0
KBC070,20120425,99.19,99.19,99.19,99.19,0
KBC070,20120426,99.42,99.42,99.42,99.42,0
KBC070,20120427,99.56,99.56,99.56,99.56,0
KBC070,20120430,99.55,99.55,99.55,99.55,0
KBC070,20120502,99.48,99.48,99.48,99.48,0
KBC070,20120504,99.46,99.46,99.46,99.46,0
KBC070,20120507,99.44,99.44,99.44,99.44,0
KBC070,20120508,99.23,99.23,99.23,99.23,0
KBC070,20120509,99.23,99.23,99.23,99.23,0
KBC070,20120510,99.29,99.29,99.29,99.29,0
KBC070,20120511,99.22,99.22,99.22,99.22,0
KBC070,20120514,98.96,98.96,98.96,98.96,0
KBC070,20120515,98.92,98.92,98.92,98.92,0
KBC070,20120516,98.90,98.90,98.90,98.90,0
KBC070,20120517,98.61,98.61,98.61,98.61,0
KBC070,20120518,98.65,98.65,98.65,98.65,0
KBC070,20120521,98.83,98.83,98.83,98.83,0
KBC070,20120522,98.89,98.89,98.89,98.89,0
KBC070,20120523,98.58,98.58,98.58,98.58,0
KBC070,20120524,98.53,98.53,98.53,98.53,0
KBC070,20120525,98.59,98.59,98.59,98.59,0
KBC070,20120528,98.68,98.68,98.68,98.68,0
KBC070,20120529,98.86,98.86,98.86,98.86,0
KBC070,20120530,98.70,98.70,98.70,98.70,0
KBC070,20120531,98.82,98.82,98.82,98.82,0
KBC070,20120601,98.69,98.69,98.69,98.69,0
KBC070,20120604,98.67,98.67,98.67,98.67,0
KBC070,20120605,98.45,98.45,98.45,98.45,0
KBC070,20120606,99.03,99.03,99.03,99.03,0
KBC070,20120608,99.22,99.22,99.22,99.22,0
KBC070,20120611,99.22,99.22,99.22,99.22,0
KBC070,20120612,99.80,99.80,99.80,99.80,0
KBC070,20120613,99.74,99.74,99.74,99.74,0
KBC070,20120614,99.64,99.64,99.64,99.64,0
KBC070,20120615,100.08,100.08,100.08,100.08,0
KBC070,20120618,99.94,99.94,99.94,99.94,0
KBC070,20120619,101.13,101.13,101.13,101.13,0
KBC070,20120620,101.01,101.01,101.01,101.01,0
KBC070,20120621,100.54,100.54,100.54,100.54,0
KBC070,20120622,100.47,100.47,100.47,100.47,0
KBC070,20120625,100.12,100.12,100.12,100.12,0
KBC070,20120626,100.92,100.92,100.92,100.92,0
KBC070,20120627,101.42,101.42,101.42,101.42,0
KBC070,20120628,100.78,100.78,100.78,100.78,0
KBC070,20120629,101.40,101.40,101.40,101.40,0
KBC070,20120702,101.13,101.13,101.13,101.13,0
KBC070,20120703,101.36,101.36,101.36,101.36,0
KBC070,20120704,101.37,101.37,101.37,101.37,0
KBC070,20120705,101.88,101.88,101.88,101.88,0
KBC070,20120706,101.35,101.35,101.35,101.35,0
KBC070,20120709,100.72,100.72,100.72,100.72,0
KBC070,20120710,100.95,100.95,100.95,100.95,0
KBC070,20120711,99.92,99.92,99.92,99.92,0
KBC070,20120712,99.77,99.77,99.77,99.77,0
KBC070,20120713,100.43,100.43,100.43,100.43,0
KBC070,20120716,100.37,100.37,100.37,100.37,0
KBC070,20120717,100.54,100.54,100.54,100.54,0
KBC070,20120718,100.40,100.40,100.40,100.40,0
KBC070,20120719,100.46,100.46,100.46,100.46,0
KBC070,20120720,100.30,100.30,100.30,100.30,0
KBC070,20120723,99.67,99.67,99.67,99.67,0
KBC070,20120724,99.74,99.74,99.74,99.74,0
KBC070,20120725,99.62,99.62,99.62,99.62,0
KBC070,20120726,99.68,99.68,99.68,99.68,0
KBC070,20120727,99.97,99.97,99.97,99.97,0
KBC070,20120730,100.04,100.04,100.04,100.04,0
KBC070,20120731,100.12,100.12,100.12,100.12,0
KBC070,20120801,100.14,100.14,100.14,100.14,0
KBC070,20120802,100.10,100.10,100.10,100.10,0
KBC070,20120803,100.49,100.49,100.49,100.49,0
KBC070,20120806,100.77,100.77,100.77,100.77,0
KBC070,20120807,100.56,100.56,100.56,100.56,0
KBC070,20120808,100.72,100.72,100.72,100.72,0
KBC070,20120809,101.17,101.17,101.17,101.17,0
KBC070,20120810,100.92,100.92,100.92,100.92,0
KBC070,20120813,101.13,101.13,101.13,101.13,0
KBC070,20120814,101.23,101.23,101.23,101.23,0
KBC070,20120816,101.41,101.41,101.41,101.41,0
KBC070,20120817,100.96,100.96,100.96,100.96,0
KBC070,20120820,100.84,100.84,100.84,100.84,0
KBC070,20120821,101.03,101.03,101.03,101.03,0
KBC070,20120822,100.79,100.79,100.79,100.79,0
KBC070,20120823,100.83,100.83,100.83,100.83,0
KBC070,20120824,100.98,100.98,100.98,100.98,0
KBC070,20120827,100.81,100.81,100.81,100.81,0
KBC070,20120828,100.74,100.74,100.74,100.74,0
KBC070,20120829,100.41,100.41,100.41,100.41,0
KBC070,20120830,100.13,100.13,100.13,100.13,0
KBC070,20120831,100.00,100.00,100.00,100.00,0
KBC070,20120903,100.82,100.82,100.82,100.82,0
KBC070,20120904,100.61,100.61,100.61,100.61,0
KBC070,20120905,100.79,100.79,100.79,100.79,0
KBC070,20120906,101.37,101.37,101.37,101.37,0
KBC070,20120907,101.96,101.96,101.96,101.96,0
KBC070,20120910,102.01,102.01,102.01,102.01,0
KBC070,20120911,102.38,102.38,102.38,102.38,0
KBC070,20120912,102.32,102.32,102.32,102.32,0
KBC070,20120913,102.47,102.47,102.47,102.47,0
KBC070,20120914,100.85,100.85,100.85,100.85,0
KBC070,20120917,103.81,103.81,103.81,103.81,0
KBC070,20120918,104.02,104.02,104.02,104.02,0
KBC070,20120919,104.25,104.25,104.25,104.25,0
KBC070,20120920,103.41,103.41,103.41,103.41,0
KBC070,20120921,103.33,103.33,103.33,103.33,0
KBC070,20120924,103.20,103.20,103.20,103.20,0
KBC070,20120925,103.57,103.57,103.57,103.57,0
KBC070,20120926,103.02,103.02,103.02,103.02,0
KBC070,20120927,103.55,103.55,103.55,103.55,0
KBC070,20120928,101.39,101.39,101.39,101.39,0
KBC070,20121001,104.51,104.51,104.51,104.51,0
KBC070,20121002,104.57,104.57,104.57,104.57,0
KBC070,20121003,104.34,104.34,104.34,104.34,0
KBC070,20121004,103.71,103.71,103.71,103.71,0
KBC070,20121005,105.48,105.48,105.48,105.48,0
KBC070,20121008,104.98,104.98,104.98,104.98,0
KBC070,20121009,104.47,104.47,104.47,104.47,0
KBC070,20121010,105.31,105.31,105.31,105.31,0
KBC070,20121011,105.56,105.56,105.56,105.56,0
KBC070,20121012,104.76,104.76,104.76,104.76,0
KBC070,20121015,105.12,105.12,105.12,105.12,0
KBC070,20121016,101.45,101.45,101.45,101.45,0
KBC070,20121017,105.85,105.85,105.85,105.85,0
KBC070,20121018,106.23,106.23,106.23,106.23,0
KBC070,20121019,104.95,104.95,104.95,104.95,0
KBC070,20121022,104.81,104.81,104.81,104.81,0
KBC070,20121023,104.33,104.33,104.33,104.33,0
KBC070,20121024,104.33,104.33,104.33,104.33,0
KBC070,20121025,104.17,104.17,104.17,104.17,0
KBC070,20121026,104.14,104.14,104.14,104.14,0
KBC070,20121029,104.05,104.05,104.05,104.05,0
KBC070,20121030,103.94,103.94,103.94,103.94,0
KBC070,20121031,101.49,101.49,101.49,101.49,0
KBC070,20121102,104.83,104.83,104.83,104.83,0
KBC070,20121105,105.28,105.28,105.28,105.28,0
KBC070,20121106,105.45,105.45,105.45,105.45,0
KBC070,20121107,105.84,105.84,105.84,105.84,0
KBC070,20121108,105.97,105.97,105.97,105.97,0
KBC070,20121109,106.46,106.46,106.46,106.46,0
KBC070,20121112,106.42,106.42,106.42,106.42,0
KBC070,20121113,106.54,106.54,106.54,106.54,0
KBC070,20121114,106.59,106.59,106.59,106.59,0
KBC070,20121115,106.48,106.48,106.48,106.48,0
KBC070,20121116,100.84,100.84,100.84,100.84,0
KBC070,20121119,106.77,106.77,106.77,106.77,0
KBC070,20121120,106.75,106.75,106.75,106.75,0
KBC070,20121121,106.80,106.80,106.80,106.80,0
KBC070,20121122,106.84,106.84,106.84,106.84,0
KBC070,20121123,106.94,106.94,106.94,106.94,0
KBC070,20121126,107.26,107.26,107.26,107.26,0
KBC070,20121127,107.65,107.65,107.65,107.65,0
KBC070,20121128,107.85,107.85,107.85,107.85,0
KBC070,20121129,107.89,107.89,107.89,107.89,0
KBC070,20121130,101.97,101.97,101.97,101.97,0
KBC070,20121203,108.48,108.48,108.48,108.48,0
KBC070,20121204,108.80,108.80,108.80,108.80,0
KBC070,20121205,109.23,109.23,109.23,109.23,0
KBC070,20121206,109.70,109.70,109.70,109.70,0
KBC070,20121207,109.13,109.13,109.13,109.13,0
KBC070,20121210,110.09,110.09,110.09,110.09,0
KBC070,20121211,111.03,111.03,111.03,111.03,0
KBC070,20121212,111.80,111.80,111.80,111.80,0
KBC070,20121213,111.70,111.70,111.70,111.70,0
KBC070,20121214,102.50,102.50,102.50,102.50,0
KBC070,20121217,112.48,112.48,112.48,112.48,0
KBC070,20121218,113.50,113.50,113.50,113.50,0
KBC070,20121219,114.40,114.40,114.40,114.40,0
KBC070,20121220,114.50,114.50,114.50,114.50,0
KBC070,20121221,114.25,114.25,114.25,114.25,0
KBC070,20121227,114.74,114.74,114.74,114.74,0
KBC070,20121228,114.38,114.38,114.38,114.38,0
KBC070,20130102,115.01,115.01,115.01,115.01,0
KBC070,20130103,114.94,114.94,114.94,114.94,0
KBC070,20130104,113.93,113.93,113.93,113.93,0
KBC070,20130107,113.53,113.53,113.53,113.53,0
KBC070,20130108,113.35,113.35,113.35,113.35,0
KBC070,20130109,113.35,113.35,113.35,113.35,0
KBC070,20130110,113.23,113.23,113.23,113.23,0
KBC070,20130111,112.58,112.58,112.58,112.58,0
KBC070,20130114,112.71,112.71,112.71,112.71,0
KBC070,20130115,111.81,111.81,111.81,111.81,0
KBC070,20130116,112.20,112.20,112.20,112.20,0
KBC070,20130117,112.50,112.50,112.50,112.50,0
KBC070,20130118,112.76,112.76,112.76,112.76,0
KBC070,20130121,112.90,112.90,112.90,112.90,0
KBC070,20130122,112.85,112.85,112.85,112.85,0
KBC070,20130123,113.10,113.10,113.10,113.10,0
KBC070,20130124,113.44,113.44,113.44,113.44,0
KBC070,20130125,112.87,112.87,112.87,112.87,0
KBC070,20130128,112.32,112.32,112.32,112.32,0
KBC070,20130129,112.37,112.37,112.37,112.37,0
KBC070,20130130,112.05,112.05,112.05,112.05,0
KBC070,20130131,112.31,112.31,112.31,112.31,0
KBC070,20130201,112.47,112.47,112.47,112.47,0
KBC070,20130204,112.13,112.13,112.13,112.13,0
KBC070,20130205,112.15,112.15,112.15,112.15,0
KBC070,20130206,111.55,111.55,111.55,111.55,0
KBC070,20130207,111.76,111.76,111.76,111.76,0
KBC070,20130208,112.21,112.21,112.21,112.21,0
KBC070,20130211,112.12,112.12,112.12,112.12,0
KBC070,20130212,112.17,112.17,112.17,112.17,0
KBC070,20130213,112.08,112.08,112.08,112.08,0
KBC070,20130214,112.01,112.01,112.01,112.01,0
KBC070,20130215,112.32,112.32,112.32,112.32,0
KBC070,20130218,112.26,112.26,112.26,112.26,0
KBC070,20130219,112.22,112.22,112.22,112.22,0
KBC070,20130220,111.78,111.78,111.78,111.78,0
KBC070,20130221,111.69,111.69,111.69,111.69,0
KBC070,20130222,111.72,111.72,111.72,111.72,0
KBC070,20130225,111.98,111.98,111.98,111.98,0
KBC070,20130226,111.71,111.71,111.71,111.71,0
KBC070,20130227,111.91,111.91,111.91,111.91,0
KBC070,20130228,111.82,111.82,111.82,111.82,0
KBC070,20130301,112.05,112.05,112.05,112.05,0
KBC070,20130304,111.85,111.85,111.85,111.85,0
KBC070,20130305,112.07,112.07,112.07,112.07,0
KBC070,20130306,112.35,112.35,112.35,112.35,0
KBC070,20130307,112.47,112.47,112.47,112.47,0
KBC070,20130308,112.91,112.91,112.91,112.91,0
KBC070,20130311,112.76,112.76,112.76,112.76,0
KBC070,20130312,112.76,112.76,112.76,112.76,0
KBC070,20130313,112.85,112.85,112.85,112.85,0
KBC070,20130314,113.28,113.28,113.28,113.28,0
KBC070,20130315,113.10,113.10,113.10,113.10,0
KBC070,20130318,112.61,112.61,112.61,112.61,0
KBC070,20130319,111.52,111.52,111.52,111.52,0
KBC070,20130320,111.70,111.70,111.70,111.70,0
KBC070,20130321,110.83,110.83,110.83,110.83,0
KBC070,20130322,110.29,110.29,110.29,110.29,0
KBC070,20130325,109.81,109.81,109.81,109.81,0
KBC070,20130326,110.03,110.03,110.03,110.03,0
KBC070,20130327,110.48,110.48,110.48,110.48,0
KBC070,20130328,110.49,110.49,110.49,110.49,0
KBC070,20130402,110.81,110.81,110.81,110.81,0
KBC070,20130403,109.78,109.78,109.78,109.78,0
KBC070,20130404,110.02,110.02,110.02,110.02,0
KBC070,20130405,110.09,110.09,110.09,110.09,0
KBC070,20130408,110.34,110.34,110.34,110.34,0
KBC070,20130409,110.43,110.43,110.43,110.43,0
KBC070,20130410,110.76,110.76,110.76,110.76,0
KBC070,20130411,111.26,111.26,111.26,111.26,0
KBC070,20130412,111.19,111.19,111.19,111.19,0
KBC070,20130415,110.36,110.36,110.36,110.36,0
KBC070,20130417,109.74,109.74,109.74,109.74,0
KBC070,20130418,109.27,109.27,109.27,109.27,0
KBC070,20130419,109.38,109.38,109.38,109.38,0
KBC070,20130422,109.51,109.51,109.51,109.51,0
KBC070,20130423,109.38,109.38,109.38,109.38,0
KBC070,20130424,109.26,109.26,109.26,109.26,0
KBC070,20130425,109.30,109.30,109.30,109.30,0
KBC070,20130426,110.04,110.04,110.04,110.04,0
KBC070,20130429,110.37,110.37,110.37,110.37,0
KBC070,20130430,110.98,110.98,110.98,110.98,0
KBC070,20130502,111.25,111.25,111.25,111.25,0
KBC070,20130506,111.67,111.67,111.67,111.67,0
KBC070,20130507,111.75,111.75,111.75,111.75,0
KBC070,20130508,112.70,112.70,112.70,112.70,0
KBC070,20130509,112.64,112.64,112.64,112.64,0
KBC070,20130510,112.27,112.27,112.27,112.27,0
KBC070,20130513,112.80,112.80,112.80,112.80,0
KBC070,20130514,113.67,113.67,113.67,113.67,0
KBC070,20130515,113.85,113.85,113.85,113.85,0
KBC070,20130516,113.48,113.48,113.48,113.48,0
KBC070,20130517,113.40,113.40,113.40,113.40,0
KBC070,20130520,113.17,113.17,113.17,113.17,0
KBC070,20130521,112.85,112.85,112.85,112.85,0
KBC070,20130522,112.93,112.93,112.93,112.93,0
KBC070,20130523,112.36,112.36,112.36,112.36,0
KBC070,20130524,113.04,113.04,113.04,113.04,0
KBC070,20130527,115.18,115.18,115.18,115.18,0
KBC070,20130528,115.62,115.62,115.62,115.62,0
KBC070,20130529,115.19,115.19,115.19,115.19,0
KBC070,20130531,115.55,115.55,115.55,115.55,0
KBC070,20130603,114.45,114.45,114.45,114.45,0
KBC070,20130604,115.59,115.59,115.59,115.59,0
KBC070,20130605,115.67,115.67,115.67,115.67,0
KBC070,20130606,114.71,114.71,114.71,114.71,0
KBC070,20130607,116.23,116.23,116.23,116.23,0
KBC070,20130610,116.48,116.48,116.48,116.48,0
KBC070,20130611,115.87,115.87,115.87,115.87,0
KBC070,20130612,116.04,116.04,116.04,116.04,0
KBC070,20130613,115.69,115.69,115.69,115.69,0
KBC070,20130614,116.52,116.52,116.52,116.52,0
KBC070,20130617,116.01,116.01,116.01,116.01,0
KBC070,20130618,115.99,115.99,115.99,115.99,0
KBC070,20130619,115.45,115.45,115.45,115.45,0
KBC070,20130620,110.54,110.54,110.54,110.54,0
KBC070,20130621,107.79,107.79,107.79,107.79,0
KBC070,20130624,107.88,107.88,107.88,107.88,0
KBC070,20130625,108.75,108.75,108.75,108.75,0
KBC070,20130626,108.67,108.67,108.67,108.67,0
KBC070,20130628,107.25,107.25,107.25,107.25,0
KBC070,20130701,107.54,107.54,107.54,107.54,0
KBC070,20130702,108.67,108.67,108.67,108.67,0
KBC070,20130703,108.22,108.22,108.22,108.22,0
KBC070,20130704,108.78,108.78,108.78,108.78,0
KBC070,20130705,108.48,108.48,108.48,108.48,0
KBC070,20130708,108.44,108.44,108.44,108.44,0
KBC070,20130709,108.44,108.44,108.44,108.44,0
KBC070,20130710,108.73,108.73,108.73,108.73,0
KBC070,20130711,109.13,109.13,109.13,109.13,0
KBC070,20130712,109.38,109.38,109.38,109.38,0
KBC070,20130715,109.30,109.30,109.30,109.30,0
KBC070,20130716,109.27,109.27,109.27,109.27,0
KBC070,20130717,108.97,108.97,108.97,108.97,0
KBC070,20130718,109.26,109.26,109.26,109.26,0
KBC070,20130719,109.40,109.40,109.40,109.40,0
KBC070,20130722,109.52,109.52,109.52,109.52,0
KBC070,20130723,109.53,109.53,109.53,109.53,0
KBC070,20130724,109.42,109.42,109.42,109.42,0
KBC070,20130725,109.43,109.43,109.43,109.43,0
KBC070,20130726,109.23,109.23,109.23,109.23,0
KBC070,20130729,109.37,109.37,109.37,109.37,0
KBC070,20130730,109.38,109.38,109.38,109.38,0
KBC070,20130731,109.31,109.31,109.31,109.31,0
KBC070,20130801,109.47,109.47,109.47,109.47,0
KBC070,20130802,109.96,109.96,109.96,109.96,0
KBC070,20130805,109.99,109.99,109.99,109.99,0
KBC070,20130806,109.72,109.72,109.72,109.72,0
KBC070,20130807,110.04,110.04,110.04,110.04,0
KBC070,20130808,110.35,110.35,110.35,110.35,0
KBC070,20130809,110.65,110.65,110.65,110.65,0
KBC070,20130812,110.80,110.80,110.80,110.80,0
KBC070,20130813,110.76,110.76,110.76,110.76,0
KBC070,20130814,111.17,111.17,111.17,111.17,0
KBC070,20130816,110.99,110.99,110.99,110.99,0
KBC070,20130819,110.33,110.33,110.33,110.33,0
KBC070,20130820,109.83,109.83,109.83,109.83,0
KBC070,20130821,109.50,109.50,109.50,109.50,0
KBC070,20130822,109.57,109.57,109.57,109.57,0
KBC070,20130823,109.61,109.61,109.61,109.61,0
KBC070,20130826,109.56,109.56,109.56,109.56,0
KBC070,20130827,108.99,108.99,108.99,108.99,0
KBC070,20130828,108.15,108.15,108.15,108.15,0
KBC070,20130829,108.56,108.56,108.56,108.56,0
KBC070,20130830,108.56,108.56,108.56,108.56,0
KBC070,20130902,108.63,108.63,108.63,108.63,0
KBC070,20130903,108.55,108.55,108.55,108.55,0
KBC070,20130904,107.55,107.55,107.55,107.55,0
KBC070,20130905,105.94,105.94,105.94,105.94,0
KBC070,20130906,106.68,106.68,106.68,106.68,0
KBC070,20130909,107.68,107.68,107.68,107.68,0
KBC070,20130910,109.15,109.15,109.15,109.15,0
KBC070,20130911,110.38,110.38,110.38,110.38,0
KBC070,20130912,110.88,110.88,110.88,110.88,0
KBC070,20130913,110.21,110.21,110.21,110.21,0
KBC070,20130916,109.69,109.69,109.69,109.69,0
KBC070,20130917,110.19,110.19,110.19,110.19,0
KBC070,20130918,110.36,110.36,110.36,110.36,0
KBC070,20130919,111.84,111.84,111.84,111.84,0
KBC070,20130920,112.24,112.24,112.24,112.24,0
KBC070,20130923,111.47,111.47,111.47,111.47,0
KBC070,20130924,111.35,111.35,111.35,111.35,0
KBC070,20130925,112.14,112.14,112.14,112.14,0
KBC070,20130926,113.39,113.39,113.39,113.39,0
KBC070,20130927,113.21,113.21,113.21,113.21,0
KBC070,20130930,112.11,112.11,112.11,112.11,0
KBC070,20131001,113.05,113.05,113.05,113.05,0
KBC070,20131002,113.23,113.23,113.23,113.23,0
KBC070,20131003,113.37,113.37,113.37,113.37,0
KBC070,20131004,112.92,112.92,112.92,112.92,0
KBC070,20131007,112.55,112.55,112.55,112.55,0
KBC070,20131008,112.11,112.11,112.11,112.11,0
KBC070,20131009,112.39,112.39,112.39,112.39,0
KBC070,20131010,113.92,113.92,113.92,113.92,0
KBC070,20131011,114.59,114.59,114.59,114.59,0
KBC070,20131014,115.16,115.16,115.16,115.16,0
KBC070,20131015,116.08,116.08,116.08,116.08,0
KBC070,20131016,116.49,116.49,116.49,116.49,0
KBC070,20131017,116.27,116.27,116.27,116.27,0
KBC070,20131018,115.20,115.20,115.20,115.20,0
KBC070,20131021,117.17,117.17,117.17,117.17,0
KBC070,20131022,117.73,117.73,117.73,117.73,0
KBC070,20131023,117.50,117.50,117.50,117.50,0
KBC070,20131024,118.36,118.36,118.36,118.36,0
KBC070,20131025,118.36,118.36,118.36,118.36,0
KBC070,20131028,118.48,118.48,118.48,118.48,0
KBC070,20131029,118.93,118.93,118.93,118.93,0
KBC070,20131030,118.08,118.08,118.08,118.08,0
KBC070,20131031,117.62,117.62,117.62,117.62,0
KBC070,20131104,118.18,118.18,118.18,118.18,0
KBC070,20131105,117.29,117.29,117.29,117.29,0
KBC070,20131106,117.97,117.97,117.97,117.97,0
KBC070,20131107,117.58,117.58,117.58,117.58,0
KBC070,20131108,116.76,116.76,116.76,116.76,0
KBC070,20131112,116.68,116.68,116.68,116.68,0
KBC070,20131113,114.99,114.99,114.99,114.99,0
KBC070,20131114,115.99,115.99,115.99,115.99,0
KBC070,20131115,117.18,117.18,117.18,117.18,0
KBC070,20131118,118.65,118.65,118.65,118.65,0
KBC070,20131119,117.99,117.99,117.99,117.99,0
KBC070,20131120,118.34,118.34,118.34,118.34,0
KBC070,20131121,118.19,118.19,118.19,118.19,0
KBC070,20131122,118.58,118.58,118.58,118.58,0
KBC070,20131125,119.22,119.22,119.22,119.22,0
KBC070,20131126,118.06,118.06,118.06,118.06,0
KBC070,20131127,118.21,118.21,118.21,118.21,0
KBC070,20131128,117.80,117.80,117.80,117.80,0
KBC070,20131129,118.39,118.39,118.39,118.39,0
KBC070,20131202,117.07,117.07,117.07,117.07,0
KBC070,20131203,115.86,115.86,115.86,115.86,0
KBC070,20131204,114.56,114.56,114.56,114.56,0
KBC070,20131205,114.59,114.59,114.59,114.59,0
KBC070,20131206,115.28,115.28,115.28,115.28,0
KBC070,20131209,115.86,115.86,115.86,115.86,0
KBC070,20131210,115.36,115.36,115.36,115.36,0
KBC070,20131211,115.29,115.29,115.29,115.29,0
KBC070,20131212,114.03,114.03,114.03,114.03,0
KBC070,20131213,113.62,113.62,113.62,113.62,0
KBC070,20131216,113.16,113.16,113.16,113.16,0
KBC070,20131217,111.43,111.43,111.43,111.43,0
KBC070,20131218,111.95,111.95,111.95,111.95,0
KBC070,20131219,112.01,112.01,112.01,112.01,0
KBC070,20131220,112.08,112.08,112.08,112.08,0
KBC070,20131223,112.78,112.78,112.78,112.78,0
KBC070,20131227,112.95,112.95,112.95,112.95,0
KBC070,20131230,113.61,113.61,113.61,113.61,0
KBC070,20140102,113.85,113.85,113.85,113.85,0
KBC070,20140103,113.67,113.67,113.67,113.67,0
KBC070,20140107,112.39,112.39,112.39,112.39,0
KBC070,20140108,112.05,112.05,112.05,112.05,0
KBC070,20140109,110.99,110.99,110.99,110.99,0
KBC070,20140110,110.98,110.98,110.98,110.98,0
KBC070,20140113,111.51,111.51,111.51,111.51,0
KBC070,20140114,112.06,112.06,112.06,112.06,0
KBC070,20140115,112.67,112.67,112.67,112.67,0
KBC070,20140116,112.65,112.65,112.65,112.65,0
KBC070,20140117,112.54,112.54,112.54,112.54,0
KBC070,20140120,112.62,112.62,112.62,112.62,0
KBC070,20140121,113.64,113.64,113.64,113.64,0
KBC070,20140122,114.42,114.42,114.42,114.42,0
KBC070,20140123,114.30,114.30,114.30,114.30,0
KBC070,20140124,112.87,112.87,112.87,112.87,0
KBC070,20140127,111.57,111.57,111.57,111.57,0
KBC070,20140128,113.24,113.24,113.24,113.24,0
KBC070,20140129,112.83,112.83,112.83,112.83,0
KBC070,20140130,113.15,113.15,113.15,113.15,0
KBC070,20140131,113.98,113.98,113.98,113.98,0
KBC070,20140203,114.79,114.79,114.79,114.79,0
KBC070,20140204,114.53,114.53,114.53,114.53,0
KBC070,20140205,115.26,115.26,115.26,115.26,0
KBC070,20140206,117.42,117.42,117.42,117.42,0
KBC070,20140207,117.70,117.70,117.70,117.70,0
KBC070,20140210,117.41,117.41,117.41,117.41,0
KBC070,20140211,118.15,118.15,118.15,118.15,0
KBC070,20140212,118.95,118.95,118.95,118.95,0
KBC070,20140213,119.28,119.28,119.28,119.28,0
KBC070,20140214,119.69,119.69,119.69,119.69,0
KBC070,20140217,119.95,119.95,119.95,119.95,0
KBC070,20140218,119.79,119.79,119.79,119.79,0
KBC070,20140219,120.07,120.07,120.07,120.07,0
KBC070,20140220,118.95,118.95,118.95,118.95,0
KBC070,20140221,120.26,120.26,120.26,120.26,0
KBC070,20140224,121.24,121.24,121.24,121.24,0
KBC070,20140225,120.63,120.63,120.63,120.63,0
KBC070,20140226,119.25,119.25,119.25,119.25,0
KBC070,20140227,119.38,119.38,119.38,119.38,0
KBC070,20140228,121.15,121.15,121.15,121.15,0
KBC070,20140303,115.03,115.03,115.03,115.03,0
KBC070,20140304,118.07,118.07,118.07,118.07,0
KBC070,20140305,117.90,117.90,117.90,117.90,0
KBC070,20140306,118.35,118.35,118.35,118.35,0
KBC070,20140307,117.09,117.09,117.09,117.09,0
KBC070,20140310,115.10,115.10,115.10,115.10,0
KBC070,20140311,114.65,114.65,114.65,114.65,0
KBC070,20140312,113.15,113.15,113.15,113.15,0
KBC070,20140313,112.08,112.08,112.08,112.08,0
KBC070,20140314,110.69,110.69,110.69,110.69,0
KBC070,20140317,112.77,112.77,112.77,112.77,0
KBC070,20140318,112.90,112.90,112.90,112.90,0
KBC070,20140319,112.98,112.98,112.98,112.98,0
KBC070,20140320,113.52,113.52,113.52,113.52,0
KBC070,20140321,113.90,113.90,113.90,113.90,0
KBC070,20140324,113.80,113.80,113.80,113.80,0
KBC070,20140325,114.68,114.68,114.68,114.68,0
KBC070,20140326,115.19,115.19,115.19,115.19,0
KBC070,20140327,115.17,115.17,115.17,115.17,0
KBC070,20140328,115.29,115.29,115.29,115.29,0
KBC070,20140331,115.96,115.96,115.96,115.96,0
KBC070,20140401,116.28,116.28,116.28,116.28,0
KBC070,20140402,116.42,116.42,116.42,116.42,0
KBC070,20140403,116.04,116.04,116.04,116.04,0
KBC070,20140404,116.29,116.29,116.29,116.29,0
KBC070,20140407,115.76,115.76,115.76,115.76,0
KBC070,20140408,115.92,115.92,115.92,115.92,0
KBC070,20140409,116.07,116.07,116.07,116.07,0
KBC070,20140410,116.00,116.00,116.00,116.00,0
KBC070,20140411,115.47,115.47,115.47,115.47,0
KBC070,20140414,114.23,114.23,114.23,114.23,0
KBC070,20140415,113.23,113.23,113.23,113.23,0
KBC070,20140416,112.29,112.29,112.29,112.29,0
KBC070,20140417,112.80,112.80,112.80,112.80,0
KBC070,20140422,113.45,113.45,113.45,113.45,0
KBC070,20140423,113.32,113.32,113.32,113.32,0
KBC070,20140424,112.57,112.57,112.57,112.57,0
KBC070,20140425,112.46,112.46,112.46,112.46,0
KBC070,20140428,112.46,112.46,112.46,112.46,0
KBC070,20140429,112.55,112.55,112.55,112.55,0
KBC070,20140430,113.09,113.09,113.09,113.09,0
KBC070,20140502,112.80,112.80,112.80,112.80,0
KBC070,20140505,112.05,112.05,112.05,112.05,0
KBC070,20140506,111.31,111.31,111.31,111.31,0
KBC070,20140507,110.87,110.87,110.87,110.87,0
KBC070,20140508,110.98,110.98,110.98,110.98,0
KBC070,20140509,110.32,110.32,110.32,110.32,0
KBC070,20140512,110.68,110.68,110.68,110.68,0
KBC070,20140513,111.00,111.00,111.00,111.00,0
KBC070,20140514,111.38,111.38,111.38,111.38,0
KBC070,20140515,111.32,111.32,111.32,111.32,0
KBC070,20140516,110.92,110.92,110.92,110.92,0
KBC070,20140519,110.90,110.90,110.90,110.90,0
KBC070,20140520,111.29,111.29,111.29,111.29,0
KBC070,20140521,111.94,111.94,111.94,111.94,0
KBC070,20140522,113.11,113.11,113.11,113.11,0
KBC070,20140523,113.26,113.26,113.26,113.26,0
KBC070,20140526,113.57,113.57,113.57,113.57,0
KBC070,20140527,113.43,113.43,113.43,113.43,0
KBC070,20140528,113.05,113.05,113.05,113.05,0
KBC070,20140529,113.71,113.71,113.71,113.71,0
KBC070,20140530,113.16,113.16,113.16,113.16,0
KBC070,20140602,113.15,113.15,113.15,113.15,0
KBC070,20140603,113.38,113.38,113.38,113.38,0
KBC070,20140604,113.61,113.61,113.61,113.61,0
KBC070,20140605,114.22,114.22,114.22,114.22,0
KBC070,20140606,115.13,115.13,115.13,115.13,0
KBC070,20140609,114.81,114.81,114.81,114.81,0
KBC070,20140610,114.99,114.99,114.99,114.99,0
KBC070,20140611,114.08,114.08,114.08,114.08,0
KBC070,20140612,113.71,113.71,113.71,113.71,0
KBC070,20140613,113.16,113.16,113.16,113.16,0
KBC070,20140616,113.07,113.07,113.07,113.07,0
KBC070,20140617,113.61,113.61,113.61,113.61,0
KBC070,20140618,113.43,113.43,113.43,113.43,0
KBC070,20140620,113.55,113.55,113.55,113.55,0
KBC070,20140623,113.53,113.53,113.53,113.53,0
KBC070,20140624,113.33,113.33,113.33,113.33,0
KBC070,20140625,112.06,112.06,112.06,112.06,0
KBC070,20140626,111.56,111.56,111.56,111.56,0
KBC070,20140627,111.45,111.45,111.45,111.45,0
KBC070,20140630,111.77,111.77,111.77,111.77,0
KBC070,20140701,111.18,111.18,111.18,111.18,0
KBC070,20140702,110.19,110.19,110.19,110.19,0
KBC070,20140703,109.74,109.74,109.74,109.74,0
KBC070,20140704,110.10,110.10,110.10,110.10,0
KBC070,20140707,110.60,110.60,110.60,110.60,0
KBC070,20140708,110.05,110.05,110.05,110.05,0
KBC070,20140709,109.57,109.57,109.57,109.57,0
KBC070,20140710,108.87,108.87,108.87,108.87,0
KBC070,20140711,109.85,109.85,109.85,109.85,0
KBC070,20140714,109.96,109.96,109.96,109.96,0
KBC070,20140715,109.84,109.84,109.84,109.84,0
KBC070,20140716,109.61,109.61,109.61,109.61,0
KBC070,20140717,109.83,109.83,109.83,109.83,0
KBC070,20140718,109.50,109.50,109.50,109.50,0
KBC070,20140721,109.29,109.29,109.29,109.29,0
KBC070,20140722,110.08,110.08,110.08,110.08,0
KBC070,20140723,109.98,109.98,109.98,109.98,0
KBC070,20140724,109.94,109.94,109.94,109.94,0
KBC070,20140725,110.19,110.19,110.19,110.19,0
KBC070,20140728,110.25,110.25,110.25,110.25,0
KBC070,20140729,109.72,109.72,109.72,109.72,0
KBC070,20140730,108.28,108.28,108.28,108.28,0
KBC070,20140731,107.80,107.80,107.80,107.80,0
KBC070,20140801,108.35,108.35,108.35,108.35,0
KBC070,20140804,109.42,109.42,109.42,109.42,0
KBC070,20140805,108.99,108.99,108.99,108.99,0
KBC070,20140806,108.36,108.36,108.36,108.36,0
KBC070,20140807,107.28,107.28,107.28,107.28,0
KBC070,20140808,106.26,106.26,106.26,106.26,0
KBC070,20140811,107.72,107.72,107.72,107.72,0
KBC070,20140812,107.67,107.67,107.67,107.67,0
KBC070,20140813,108.68,108.68,108.68,108.68,0
KBC070,20140814,109.75,109.75,109.75,109.75,0
KBC070,20140818,110.75,110.75,110.75,110.75,0
KBC070,20140819,111.01,111.01,111.01,111.01,0
KBC070,20140820,111.14,111.14,111.14,111.14,0
KBC070,20140821,111.12,111.12,111.12,111.12,0
KBC070,20140822,111.18,111.18,111.18,111.18,0
KBC070,20140825,111.64,111.64,111.64,111.64,0
KBC070,20140826,112.34,112.34,112.34,112.34,0
KBC070,20140827,112.51,112.51,112.51,112.51,0
KBC070,20140828,110.69,110.69,110.69,110.69,0
KBC070,20140829,110.78,110.78,110.78,110.78,0
KBC070,20140901,111.49,111.49,111.49,111.49,0
KBC070,20140902,111.52,111.52,111.52,111.52,0
KBC070,20140903,112.63,112.63,112.63,112.63,0
KBC070,20140904,113.93,113.93,113.93,113.93,0
KBC070,20140905,114.30,114.30,114.30,114.30,0
KBC070,20140908,114.86,114.86,114.86,114.86,0
KBC070,20140909,114.64,114.64,114.64,114.64,0
KBC070,20140910,115.08,115.08,115.08,115.08,0
KBC070,20140911,114.55,114.55,114.55,114.55,0
KBC070,20140912,114.46,114.46,114.46,114.46,0
KBC070,20140915,115.27,115.27,115.27,115.27,0
KBC070,20140916,115.88,115.88,115.88,115.88,0
KBC070,20140917,117.08,117.08,117.08,117.08,0
KBC070,20140918,116.56,116.56,116.56,116.56,0
KBC070,20140919,117.48,117.48,117.48,117.48,0
KBC070,20140922,117.02,117.02,117.02,117.02,0
KBC070,20140923,115.66,115.66,115.66,115.66,0
KBC070,20140924,115.40,115.40,115.40,115.40,0
KBC070,20140925,115.74,115.74,115.74,115.74,0
KBC070,20140926,115.79,115.79,115.79,115.79,0
KBC070,20140929,116.04,116.04,116.04,116.04,0
KBC070,20140930,116.14,116.14,116.14,116.14,0
KBC070,20141001,115.06,115.06,115.06,115.06,0
KBC070,20141002,113.93,113.93,113.93,113.93,0
KBC070,20141003,114.09,114.09,114.09,114.09,0
KBC070,20141006,114.66,114.66,114.66,114.66,0
KBC070,20141007,114.76,114.76,114.76,114.76,0
KBC070,20141008,114.07,114.07,114.07,114.07,0
KBC070,20141009,114.74,114.74,114.74,114.74,0
KBC070,20141010,113.78,113.78,113.78,113.78,0
KBC070,20141013,113.65,113.65,113.65,113.65,0
KBC070,20141014,113.59,113.59,113.59,113.59,0
KBC070,20141015,113.08,113.08,113.08,113.08,0
KBC070,20141016,112.33,112.33,112.33,112.33,0
KBC070,20141017,112.99,112.99,112.99,112.99,0
KBC070,20141020,112.96,112.96,112.96,112.96,0
KBC070,20141021,113.84,113.84,113.84,113.84,0
KBC070,20141022,114.09,114.09,114.09,114.09,0
KBC070,20141023,113.86,113.86,113.86,113.86,0
KBC070,20141024,113.63,113.63,113.63,113.63,0
KBC070,20141027,113.82,113.82,113.82,113.82,0
KBC070,20141028,114.22,114.22,114.22,114.22,0
KBC070,20141029,114.20,114.20,114.20,114.20,0
KBC070,20141030,114.00,114.00,114.00,114.00,0
KBC070,20141031,114.83,114.83,114.83,114.83,0
KBC070,20141103,114.88,114.88,114.88,114.88,0
KBC070,20141104,115.11,115.11,115.11,115.11,0
KBC070,20141105,114.67,114.67,114.67,114.67,0
KBC070,20141106,114.54,114.54,114.54,114.54,0
KBC070,20141107,114.32,114.32,114.32,114.32,0
KBC070,20141110,114.03,114.03,114.03,114.03,0
KBC070,20141112,114.18,114.18,114.18,114.18,0
KBC070,20141113,113.91,113.91,113.91,113.91,0
KBC070,20141114,113.79,113.79,113.79,113.79,0
KBC070,20141117,113.13,113.13,113.13,113.13,0
KBC070,20141118,113.55,113.55,113.55,113.55,0
KBC070,20141119,113.37,113.37,113.37,113.37,0
KBC070,20141120,112.71,112.71,112.71,112.71,0
KBC070,20141121,113.32,113.32,113.32,113.32,0
KBC070,20141124,113.12,113.12,113.12,113.12,0
KBC070,20141125,112.82,112.82,112.82,112.82,0
KBC070,20141126,113.45,113.45,113.45,113.45,0
KBC070,20141127,113.88,113.88,113.88,113.88,0
KBC070,20141128,113.78,113.78,113.78,113.78,0
KBC070,20141201,113.22,113.22,113.22,113.22,0
KBC070,20141202,113.56,113.56,113.56,113.56,0
KBC070,20141203,113.49,113.49,113.49,113.49,0
KBC070,20141204,113.24,113.24,113.24,113.24,0
KBC070,20141205,113.88,113.88,113.88,113.88,0
KBC070,20141208,113.65,113.65,113.65,113.65,0
KBC070,20141209,112.93,112.93,112.93,112.93,0
KBC070,20141210,112.41,112.41,112.41,112.41,0
KBC070,20141211,112.60,112.60,112.60,112.60,0
KBC070,20141212,112.19,112.19,112.19,112.19,0
KBC070,20141215,111.22,111.22,111.22,111.22,0
KBC070,20141216,109.56,109.56,109.56,109.56,0
KBC070,20141217,109.53,109.53,109.53,109.53,0
KBC070,20141218,110.87,110.87,110.87,110.87,0
KBC070,20141219,110.49,110.49,110.49,110.49,0
KBC070,20141222,110.21,110.21,110.21,110.21,0
KBC070,20141223,110.31,110.31,110.31,110.31,0
KBC070,20141229,110.26,110.26,110.26,110.26,0
KBC070,20141230,110.48,110.48,110.48,110.48,0
KBC070,20150102,110.88,110.88,110.88,110.88,0
KBC070,20150105,110.31,110.31,110.31,110.31,0
KBC070,20150107,111.25,111.25,111.25,111.25,0
KBC070,20150108,113.35,113.35,113.35,113.35,0
KBC070,20150109,113.72,113.72,113.72,113.72,0
KBC070,20150112,113.19,113.19,113.19,113.19,0
KBC070,20150113,113.50,113.50,113.50,113.50,0
KBC070,20150114,113.09,113.09,113.09,113.09,0
KBC070,20150115,111.61,111.61,111.61,111.61,0
KBC070,20150116,111.02,111.02,111.02,111.02,0
KBC070,20150119,110.84,110.84,110.84,110.84,0
KBC070,20150120,110.91,110.91,110.91,110.91,0
KBC070,20150121,112.11,112.11,112.11,112.11,0
KBC070,20150122,112.64,112.64,112.64,112.64,0
KBC070,20150123,113.69,113.69,113.69,113.69,0
KBC070,20150126,113.54,113.54,113.54,113.54,0
KBC070,20150127,113.88,113.88,113.88,113.88,0
KBC070,20150128,114.28,114.28,114.28,114.28,0
KBC070,20150129,114.65,114.65,114.65,114.65,0
KBC070,20150130,115.14,115.14,115.14,115.14,0
KBC070,20150202,115.30,115.30,115.30,115.30,0
KBC070,20150203,114.97,114.97,114.97,114.97,0
KBC070,20150204,114.99,114.99,114.99,114.99,0
KBC070,20150205,114.95,114.95,114.95,114.95,0
KBC070,20150206,114.94,114.94,114.94,114.94,0
KBC070,20150209,114.51,114.51,114.51,114.51,0
KBC070,20150210,114.82,114.82,114.82,114.82,0
KBC070,20150211,114.87,114.87,114.87,114.87,0
KBC070,20150212,115.39,115.39,115.39,115.39,0
KBC070,20150213,115.68,115.68,115.68,115.68,0
KBC070,20150216,116.12,116.12,116.12,116.12,0
KBC070,20150217,116.12,116.12,116.12,116.12,0
KBC070,20150218,115.62,115.62,115.62,115.62,0
KBC070,20150219,115.99,115.99,115.99,115.99,0
KBC070,20150220,115.78,115.78,115.78,115.78,0
KBC070,20150223,116.42,116.42,116.42,116.42,0
KBC070,20150224,116.89,116.89,116.89,116.89,0
KBC070,20150225,116.83,116.83,116.83,116.83,0
KBC070,20150226,117.30,117.30,117.30,117.30,0
KBC070,20150227,117.83,117.83,117.83,117.83,0
KBC070,20150302,118.64,118.64,118.64,118.64,0
KBC070,20150303,117.93,117.93,117.93,117.93,0
KBC070,20150304,118.61,118.61,118.61,118.61,0
KBC070,20150305,118.97,118.97,118.97,118.97,0
KBC070,20150306,118.53,118.53,118.53,118.53,0
KBC070,20150309,118.62,118.62,118.62,118.62,0
KBC070,20150310,118.15,118.15,118.15,118.15,0
KBC070,20150311,118.43,118.43,118.43,118.43,0
KBC070,20150312,118.66,118.66,118.66,118.66,0
KBC070,20150313,118.11,118.11,118.11,118.11,0
KBC070,20150316,118.10,118.10,118.10,118.10,0
KBC070,20150317,118.43,118.43,118.43,118.43,0
KBC070,20150318,118.27,118.27,118.27,118.27,0
KBC070,20150319,119.82,119.82,119.82,119.82,0
KBC070,20150320,120.91,120.91,120.91,120.91,0
KBC070,20150323,120.62,120.62,120.62,120.62,0
KBC070,20150324,119.53,119.53,119.53,119.53,0
KBC070,20150325,119.22,119.22,119.22,119.22,0
KBC070,20150326,118.34,118.34,118.34,118.34,0
KBC070,20150327,118.20,118.20,118.20,118.20,0
KBC070,20150330,119.19,119.19,119.19,119.19,0
KBC070,20150331,118.66,118.66,118.66,118.66,0
KBC070,20150401,119.13,119.13,119.13,119.13,0
KBC070,20150402,119.64,119.64,119.64,119.64,0
KBC070,20150407,119.79,119.79,119.79,119.79,0
KBC070,20150408,120.60,120.60,120.60,120.60,0
KBC070,20150409,121.31,121.31,121.31,121.31,0
KBC070,20150410,121.34,121.34,121.34,121.34,0
KBC070,20150413,120.77,120.77,120.77,120.77,0
KBC070,20150414,120.32,120.32,120.32,120.32,0
KBC070,20150415,121.62,121.62,121.62,121.62,0
KBC070,20150416,122.38,122.38,122.38,122.38,0
KBC070,20150417,122.13,122.13,122.13,122.13,0
KBC070,20150420,123.51,123.51,123.51,123.51,0
KBC070,20150421,123.04,123.04,123.04,123.04,0
KBC070,20150422,123.33,123.33,123.33,123.33,0
KBC070,20150423,123.16,123.16,123.16,123.16,0
KBC070,20150424,123.04,123.04,123.04,123.04,0
KBC070,20150427,123.34,123.34,123.34,123.34,0
KBC070,20150428,123.10,123.10,123.10,123.10,0
KBC070,20150429,122.42,122.42,122.42,122.42,0
KBC070,20150430,122.26,122.26,122.26,122.26,0
KBC070,20150504,123.03,123.03,123.03,123.03,0
KBC070,20150505,122.62,122.62,122.62,122.62,0
KBC070,20150506,123.41,123.41,123.41,123.41,0
KBC070,20150507,123.24,123.24,123.24,123.24,0
KBC070,20150508,123.95,123.95,123.95,123.95,0
KBC070,20150511,123.62,123.62,123.62,123.62,0
KBC070,20150512,123.16,123.16,123.16,123.16,0
KBC070,20150513,123.33,123.33,123.33,123.33,0
KBC070,20150514,123.09,123.09,123.09,123.09,0
KBC070,20150515,122.87,122.87,122.87,122.87,0
KBC070,20150519,122.11,122.11,122.11,122.11,0
KBC070,20150520,122.10,122.10,122.10,122.10,0
KBC070,20150521,122.37,122.37,122.37,122.37,0
KBC070,20150522,122.32,122.32,122.32,122.32,0
KBC070,20150525,120.64,120.64,120.64,120.64,0
KBC070,20150526,119.88,119.88,119.88,119.88,0
KBC070,20150527,120.58,120.58,120.58,120.58,0
KBC070,20150528,120.84,120.84,120.84,120.84,0
KBC070,20150529,121.33,121.33,121.33,121.33,0
KBC070,20150601,121.02,121.02,121.02,121.02,0
KBC070,20150602,120.49,120.49,120.49,120.49,0
KBC070,20150603,120.35,120.35,120.35,120.35,0
KBC070,20150605,119.36,119.36,119.36,119.36,0
KBC070,20150608,118.76,118.76,118.76,118.76,0
KBC070,20150609,117.96,117.96,117.96,117.96,0
KBC070,20150610,118.74,118.74,118.74,118.74,0
KBC070,20150611,118.26,118.26,118.26,118.26,0
KBC070,20150612,118.23,118.23,118.23,118.23,0
KBC070,20150615,117.82,117.82,117.82,117.82,0
KBC070,20150616,117.47,117.47,117.47,117.47,0
KBC070,20150617,116.87,116.87,116.87,116.87,0
KBC070,20150618,116.83,116.83,116.83,116.83,0
KBC070,20150622,117.24,117.24,117.24,117.24,0
KBC070,20150623,117.47,117.47,117.47,117.47,0
KBC070,20150624,117.10,117.10,117.10,117.10,0
KBC070,20150625,116.85,116.85,116.85,116.85,0
KBC070,20150626,116.77,116.77,116.77,116.77,0
KBC070,20150629,115.47,115.47,115.47,115.47,0
KBC070,20150630,115.65,115.65,115.65,115.65,0
KBC070,20150701,115.98,115.98,115.98,115.98,0
KBC070,20150702,116.41,116.41,116.41,116.41,0
KBC070,20150703,116.02,116.02,116.02,116.02,0
KBC070,20150706,115.71,115.71,115.71,115.71,0
KBC070,20150707,115.41,115.41,115.41,115.41,0
KBC070,20150708,114.90,114.90,114.90,114.90,0
KBC070,20150709,114.91,114.91,114.91,114.91,0
KBC070,20150710,115.64,115.64,115.64,115.64,0
KBC070,20150713,116.85,116.85,116.85,116.85,0
KBC070,20150714,116.94,116.94,116.94,116.94,0
KBC070,20150715,116.77,116.77,116.77,116.77,0
KBC070,20150716,118.24,118.24,118.24,118.24,0
KBC070,20150717,118.41,118.41,118.41,118.41,0
KBC070,20150720,118.10,118.10,118.10,118.10,0
KBC070,20150721,118.11,118.11,118.11,118.11,0
KBC070,20150722,117.74,117.74,117.74,117.74,0
KBC070,20150723,118.16,118.16,118.16,118.16,0
KBC070,20150724,118.72,118.72,118.72,118.72,0
KBC070,20150727,117.85,117.85,117.85,117.85,0
KBC070,20150728,118.70,118.70,118.70,118.70,0
KBC070,20150729,119.29,119.29,119.29,119.29,0
KBC070,20150730,119.20,119.20,119.20,119.20,0
KBC070,20150731,119.04,119.04,119.04,119.04,0
KBC070,20150803,119.08,119.08,119.08,119.08,0
KBC070,20150804,119.74,119.74,119.74,119.74,0
KBC070,20150805,120.65,120.65,120.65,120.65,0
KBC070,20150806,120.76,120.76,120.76,120.76,0
KBC070,20150807,121.01,121.01,121.01,121.01,0
KBC070,20150810,121.18,121.18,121.18,121.18,0
KBC070,20150811,120.89,120.89,120.89,120.89,0
KBC070,20150812,120.25,120.25,120.25,120.25,0
KBC070,20150813,120.55,120.55,120.55,120.55,0
KBC070,20150814,120.88,120.88,120.88,120.88,0
KBC070,20150817,120.51,120.51,120.51,120.51,0
KBC070,20150818,120.26,120.26,120.26,120.26,0
KBC070,20150819,120.44,120.44,120.44,120.44,0
KBC070,20150820,120.00,120.00,120.00,120.00,0
KBC070,20150821,118.49,118.49,118.49,118.49,0
KBC070,20150824,113.90,113.90,113.90,113.90,0
KBC070,20150825,114.75,114.75,114.75,114.75,0
KBC070,20150826,114.49,114.49,114.49,114.49,0
KBC070,20150827,115.91,115.91,115.91,115.91,0
KBC070,20150828,116.78,116.78,116.78,116.78,0
KBC070,20150831,117.19,117.19,117.19,117.19,0
KBC070,20150901,116.17,116.17,116.17,116.17,0
KBC070,20150902,116.05,116.05,116.05,116.05,0
KBC070,20150903,116.47,116.47,116.47,116.47,0
KBC070,20150904,115.72,115.72,115.72,115.72,0
KBC070,20150907,115.54,115.54,115.54,115.54,0
KBC070,20150908,115.87,115.87,115.87,115.87,0
KBC070,20150909,115.88,115.88,115.88,115.88,0
KBC070,20150910,116.12,116.12,116.12,116.12,0
KBC070,20150911,116.01,116.01,116.01,116.01,0
KBC070,20150914,115.91,115.91,115.91,115.91,0
KBC070,20150915,115.33,115.33,115.33,115.33,0
KBC070,20150916,115.16,115.16,115.16,115.16,0
KBC070,20150917,115.08,115.08,115.08,115.08,0
KBC070,20150918,115.09,115.09,115.09,115.09,0
KBC070,20150921,114.87,114.87,114.87,114.87,0
KBC070,20150922,114.61,114.61,114.61,114.61,0
KBC070,20150923,113.61,113.61,113.61,113.61,0
KBC070,20150924,113.16,113.16,113.16,113.16,0
KBC070,20150925,113.50,113.50,113.50,113.50,0
KBC070,20150928,112.56,112.56,112.56,112.56,0
KBC070,20150929,112.54,112.54,112.54,112.54,0
KBC070,20150930,113.53,113.53,113.53,113.53,0
KBC070,20151001,113.22,113.22,113.22,113.22,0
KBC070,20151002,112.88,112.88,112.88,112.88,0
KBC070,20151005,113.72,113.72,113.72,113.72,0
KBC070,20151006,114.31,114.31,114.31,114.31,0
KBC070,20151007,114.66,114.66,114.66,114.66,0
KBC070,20151008,115.15,115.15,115.15,115.15,0
KBC070,20151009,115.59,115.59,115.59,115.59,0
KBC070,20151012,115.55,115.55,115.55,115.55,0
KBC070,20151013,115.11,115.11,115.11,115.11,0
KBC070,20151014,114.92,114.92,114.92,114.92,0
KBC070,20151015,115.71,115.71,115.71,115.71,0
KBC070,20151016,115.63,115.63,115.63,115.63,0
KBC070,20151019,115.26,115.26,115.26,115.26,0
KBC070,20151020,115.56,115.56,115.56,115.56,0
KBC070,20151021,115.32,115.32,115.32,115.32,0
KBC070,20151022,115.01,115.01,115.01,115.01,0
KBC070,20151023,115.41,115.41,115.41,115.41,0
KBC070,20151026,115.38,115.38,115.38,115.38,0
KBC070,20151027,115.90,115.90,115.90,115.90,0
KBC070,20151028,116.18,116.18,116.18,116.18,0
KBC070,20151029,115.30,115.30,115.30,115.30,0
KBC070,20151030,115.33,115.33,115.33,115.33,0
KBC070,20151102,115.57,115.57,115.57,115.57,0
KBC070,20151103,115.64,115.64,115.64,115.64,0
KBC070,20151104,116.23,116.23,116.23,116.23,0
KBC070,20151105,115.78,115.78,115.78,115.78,0
KBC070,20151106,115.80,115.80,115.80,115.80,0
KBC070,20151109,115.29,115.29,115.29,115.29,0
KBC070,20151110,114.97,114.97,114.97,114.97,0
KBC070,20151112,114.68,114.68,114.68,114.68,0
KBC070,20151113,113.70,113.70,113.70,113.70,0
KBC070,20151116,113.15,113.15,113.15,113.15,0
KBC070,20151117,113.38,113.38,113.38,113.38,0
KBC070,20151118,113.39,113.39,113.39,113.39,0
KBC070,20151119,113.56,113.56,113.56,113.56,0
KBC070,20151120,113.71,113.71,113.71,113.71,0
KBC070,20151123,112.75,112.75,112.75,112.75,0
KBC070,20151124,112.79,112.79,112.79,112.79,0
KBC070,20151125,112.31,112.31,112.31,112.31,0
KBC070,20151126,113.32,113.32,113.32,113.32,0
KBC070,20151127,112.79,112.79,112.79,112.79,0
KBC070,20151130,113.27,113.27,113.27,113.27,0
KBC070,20151201,113.39,113.39,113.39,113.39,0
KBC070,20151202,112.41,112.41,112.41,112.41,0
KBC070,20151203,111.83,111.83,111.83,111.83,0
KBC070,20151204,111.40,111.40,111.40,111.40,0
KBC070,20151207,110.92,110.92,110.92,110.92,0
KBC070,20151208,110.33,110.33,110.33,110.33,0
KBC070,20151209,109.28,109.28,109.28,109.28,0
KBC070,20151210,110.05,110.05,110.05,110.05,0
KBC070,20151211,109.16,109.16,109.16,109.16,0
KBC070,20151214,107.55,107.55,107.55,107.55,0
KBC070,20151215,107.93,107.93,107.93,107.93,0
KBC070,20151216,108.01,108.01,108.01,108.01,0
KBC070,20151217,108.66,108.66,108.66,108.66,0
KBC070,20151218,108.47,108.47,108.47,108.47,0
KBC070,20151221,108.64,108.64,108.64,108.64,0
KBC070,20151222,109.27,109.27,109.27,109.27,0
KBC070,20151223,109.47,109.47,109.47,109.47,0
KBC070,20151228,109.60,109.60,109.60,109.60,0
KBC070,20151229,110.27,110.27,110.27,110.27,0
KBC070,20151230,109.87,109.87,109.87,109.87,0
KBC070,20160104,108.23,108.23,108.23,108.23,0
KBC070,20160105,108.16,108.16,108.16,108.16,0
KBC070,20160107,107.23,107.23,107.23,107.23,0
KBC070,20160108,107.50,107.50,107.50,107.50,0
KBC070,20160111,107.01,107.01,107.01,107.01,0
KBC070,20160112,106.88,106.88,106.88,106.88,0
KBC070,20160113,106.33,106.33,106.33,106.33,0
KBC070,20160114,105.86,105.86,105.86,105.86,0
KBC070,20160115,105.31,105.31,105.31,105.31,0
KBC070,20160118,105.40,105.40,105.40,105.40,0
KBC070,20160119,105.21,105.21,105.21,105.21,0
KBC070,20160120,104.24,104.24,104.24,104.24,0
KBC070,20160121,104.13,104.13,104.13,104.13,0
KBC070,20160122,104.37,104.37,104.37,104.37,0
KBC070,20160125,104.71,104.71,104.71,104.71,0
KBC070,20160126,104.84,104.84,104.84,104.84,0
KBC070,20160127,105.16,105.16,105.16,105.16,0
KBC070,20160128,104.49,104.49,104.49,104.49,0
KBC070,20160129,104.71,104.71,104.71,104.71,0
KBC070,20160201,104.48,104.48,104.48,104.48,0
KBC070,20160202,104.87,104.87,104.87,104.87,0
KBC070,20160203,104.57,104.57,104.57,104.57,0
KBC070,20160204,104.60,104.60,104.60,104.60,0
KBC070,20160205,104.56,104.56,104.56,104.56,0
KBC070,20160208,104.40,104.40,104.40,104.40,0
KBC070,20160209,104.10,104.10,104.10,104.10,0
KBC070,20160210,104.07,104.07,104.07,104.07,0
KBC070,20160211,103.99,103.99,103.99,103.99,0
KBC070,20160212,103.96,103.96,103.96,103.96,0
KBC070,20160215,104.03,104.03,104.03,104.03,0
KBC070,20160216,104.20,104.20,104.20,104.20,0
KBC070,20160217,103.87,103.87,103.87,103.87,0
KBC070,20160218,103.99,103.99,103.99,103.99,0
KBC070,20160219,103.70,103.70,103.70,103.70,0
KBC070,20160222,103.94,103.94,103.94,103.94,0
KBC070,20160223,103.95,103.95,103.95,103.95,0
KBC070,20160224,103.69,103.69,103.69,103.69,0
KBC070,20160225,103.92,103.92,103.92,103.92,0
KBC070,20160226,104.25,104.25,104.25,104.25,0
KBC070,20160229,104.32,104.32,104.32,104.32,0
KBC070,20160301,104.13,104.13,104.13,104.13,0
KBC070,20160302,103.96,103.96,103.96,103.96,0
KBC070,20160303,104.47,104.47,104.47,104.47,0
KBC070,20160304,104.20,104.20,104.20,104.20,0
KBC070,20160307,104.75,104.75,104.75,104.75,0
KBC070,20160308,104.78,104.78,104.78,104.78,0
KBC070,20160309,104.62,104.62,104.62,104.62,0
KBC070,20160310,104.79,104.79,104.79,104.79,0
KBC070,20160311,104.95,104.95,104.95,104.95,0
KBC070,20160314,104.97,104.97,104.97,104.97,0
KBC070,20160315,104.85,104.85,104.85,104.85,0
KBC070,20160316,104.76,104.76,104.76,104.76,0
KBC070,20160317,105.14,105.14,105.14,105.14,0
KBC070,20160318,105.47,105.47,105.47,105.47,0
KBC070,20160321,105.13,105.13,105.13,105.13,0
KBC070,20160322,105.20,105.20,105.20,105.20,0
KBC070,20160323,104.78,104.78,104.78,104.78,0
KBC070,20160324,104.84,104.84,104.84,104.84,0
KBC070,20160329,105.26,105.26,105.26,105.26,0
KBC070,20160330,106.02,106.02,106.02,106.02,0
KBC070,20160331,106.53,106.53,106.53,106.53,0
KBC070,20160401,106.14,106.14,106.14,106.14,0
KBC070,20160404,106.31,106.31,106.31,106.31,0
KBC070,20160405,105.26,105.26,105.26,105.26,0
KBC070,20160406,105.06,105.06,105.06,105.06,0
KBC070,20160407,104.99,104.99,104.99,104.99,0
KBC070,20160408,105.42,105.42,105.42,105.42,0
KBC070,20160411,105.21,105.21,105.21,105.21,0
KBC070,20160412,105.05,105.05,105.05,105.05,0
KBC070,20160413,105.67,105.67,105.67,105.67,0
KBC070,20160414,105.88,105.88,105.88,105.88,0
KBC070,20160415,105.61,105.61,105.61,105.61,0
KBC070,20160418,105.70,105.70,105.70,105.70,0
KBC070,20160419,106.19,106.19,106.19,106.19,0
KBC070,20160420,106.60,106.60,106.60,106.60,0
KBC070,20160421,106.60,106.60,106.60,106.60,0
KBC070,20160422,106.65,106.65,106.65,106.65,0
KBC070,20160425,106.32,106.32,106.32,106.32,0
KBC070,20160426,106.25,106.25,106.25,106.25,0
KBC070,20160427,105.88,105.88,105.88,105.88,0
KBC070,20160428,105.88,105.88,105.88,105.88,0
KBC070,20160429,105.98,105.98,105.98,105.98,0
KBC070,20160502,106.07,106.07,106.07,106.07,0
KBC070,20160504,105.22,105.22,105.22,105.22,0
KBC070,20160505,104.72,104.72,104.72,104.72,0
KBC070,20160506,104.90,104.90,104.90,104.90,0
KBC070,20160509,104.76,104.76,104.76,104.76,0
KBC070,20160510,104.19,104.19,104.19,104.19,0
KBC070,20160511,104.19,104.19,104.19,104.19,0
KBC070,20160512,104.21,104.21,104.21,104.21,0
KBC070,20160513,104.38,104.38,104.38,104.38,0
KBC070,20160516,105.04,105.04,105.04,105.04,0
KBC070,20160517,104.92,104.92,104.92,104.92,0
KBC070,20160518,105.05,105.05,105.05,105.05,0
KBC070,20160519,104.22,104.22,104.22,104.22,0
KBC070,20160520,104.18,104.18,104.18,104.18,0
KBC070,20160523,104.35,104.35,104.35,104.35,0
KBC070,20160524,104.45,104.45,104.45,104.45,0
KBC070,20160525,104.78,104.78,104.78,104.78,0
KBC070,20160527,104.74,104.74,104.74,104.74,0
KBC070,20160530,104.68,104.68,104.68,104.68,0
KBC070,20160531,103.98,103.98,103.98,103.98,0
KBC070,20160601,102.68,102.68,102.68,102.68,0
KBC070,20160602,103.03,103.03,103.03,103.03,0
KBC070,20160603,103.44,103.44,103.44,103.44,0
KBC070,20160608,103.25,103.25,103.25,103.25,0
KBC070,20160609,102.56,102.56,102.56,102.56,0
KBC070,20160610,102.10,102.10,102.10,102.10,0
KBC070,20160613,101.86,101.86,101.86,101.86,0
KBC070,20160614,101.51,101.51,101.51,101.51,0
KBC070,20160615,101.61,101.61,101.61,101.61,0
KBC070,20160616,100.85,100.85,100.85,100.85,0
KBC070,20160617,101.20,101.20,101.20,101.20,0
KBC070,20160620,101.48,101.48,101.48,101.48,0
KBC070,20160621,101.61,101.61,101.61,101.61,0
KBC070,20160622,101.83,101.83,101.83,101.83,0
KBC070,20160623,102.29,102.29,102.29,102.29,0
KBC070,20160624,100.83,100.83,100.83,100.83,0
KBC070,20160627,100.40,100.40,100.40,100.40,0
KBC070,20160628,100.58,100.58,100.58,100.58,0
KBC070,20160629,100.54,100.54,100.54,100.54,0
KBC070,20160630,100.91,100.91,100.91,100.91,0
KBC070,20160701,100.91,100.91,100.91,100.91,0
KBC070,20160704,100.84,100.84,100.84,100.84,0
KBC070,20160705,100.78,100.78,100.78,100.78,0
KBC070,20160706,100.41,100.41,100.41,100.41,0
KBC070,20160707,100.67,100.67,100.67,100.67,0
KBC070,20160708,100.83,100.83,100.83,100.83,0
KBC070,20160711,101.48,101.48,101.48,101.48,0
KBC070,20160712,101.86,101.86,101.86,101.86,0
KBC070,20160713,101.55,101.55,101.55,101.55,0
KBC070,20160714,101.71,101.71,101.71,101.71,0
KBC070,20160715,102.25,102.25,102.25,102.25,0
KBC070,20160718,102.96,102.96,102.96,102.96,0
KBC070,20160719,102.85,102.85,102.85,102.85,0
KBC070,20160720,103.38,103.38,103.38,103.38,0
KBC070,20160721,103.84,103.84,103.84,103.84,0
KBC070,20160722,103.96,103.96,103.96,103.96,0
KBC070,20160725,104.47,104.47,104.47,104.47,0
KBC070,20160726,104.52,104.52,104.52,104.52,0
KBC070,20160727,104.57,104.57,104.57,104.57,0
KBC070,20160728,104.61,104.61,104.61,104.61,0
KBC070,20160729,103.98,103.98,103.98,103.98,0
KBC070,20160801,104.18,104.18,104.18,104.18,0
KBC070,20160802,104.90,104.90,104.90,104.90,0
KBC070,20160803,104.37,104.37,104.37,104.37,0
KBC070,20160804,105.17,105.17,105.17,105.17,0
KBC070,20160805,105.58,105.58,105.58,105.58,0
KBC070,20160808,105.86,105.86,105.86,105.86,0
KBC070,20160809,106.83,106.83,106.83,106.83,0
KBC070,20160810,107.01,107.01,107.01,107.01,0
KBC070,20160811,107.48,107.48,107.48,107.48,0
KBC070,20160812,107.72,107.72,107.72,107.72,0
KBC070,20160816,107.60,107.60,107.60,107.60,0
KBC070,20160817,107.12,107.12,107.12,107.12,0
KBC070,20160818,106.94,106.94,106.94,106.94,0
KBC070,20160819,106.65,106.65,106.65,106.65,0
KBC070,20160822,106.80,106.80,106.80,106.80,0
KBC070,20160823,107.11,107.11,107.11,107.11,0
KBC070,20160824,107.29,107.29,107.29,107.29,0
KBC070,20160825,107.22,107.22,107.22,107.22,0
KBC070,20160826,107.38,107.38,107.38,107.38,0
KBC070,20160829,107.16,107.16,107.16,107.16,0
KBC070,20160830,107.94,107.94,107.94,107.94,0
KBC070,20160831,108.63,108.63,108.63,108.63,0
KBC070,20160901,107.97,107.97,107.97,107.97,0
KBC070,20160902,108.38,108.38,108.38,108.38,0
KBC070,20160905,108.78,108.78,108.78,108.78,0
KBC070,20160906,108.82,108.82,108.82,108.82,0
KBC070,20160907,109.33,109.33,109.33,109.33,0
KBC070,20160908,108.90,108.90,108.90,108.90,0
KBC070,20160909,108.02,108.02,108.02,108.02,0
KBC070,20160912,107.14,107.14,107.14,107.14,0
KBC070,20160913,107.32,107.32,107.32,107.32,0
KBC070,20160914,107.92,107.92,107.92,107.92,0
KBC070,20160915,108.55,108.55,108.55,108.55,0
KBC070,20160916,108.81,108.81,108.81,108.81,0
KBC070,20160919,108.88,108.88,108.88,108.88,0
KBC070,20160920,108.85,108.85,108.85,108.85,0
KBC070,20160921,109.46,109.46,109.46,109.46,0
KBC070,20160922,110.40,110.40,110.40,110.40,0
KBC070,20160923,109.90,109.90,109.90,109.90,0
KBC070,20160926,109.42,109.42,109.42,109.42,0
KBC070,20160927,109.00,109.00,109.00,109.00,0
KBC070,20160928,109.29,109.29,109.29,109.29,0
KBC070,20160929,109.59,109.59,109.59,109.59,0
KBC070,20160930,109.24,109.24,109.24,109.24,0
KBC070,20161003,108.91,108.91,108.91,108.91,0
KBC070,20161004,109.45,109.45,109.45,109.45,0
KBC070,20161005,109.16,109.16,109.16,109.16,0
KBC070,20161006,109.15,109.15,109.15,109.15,0
KBC070,20161007,108.53,108.53,108.53,108.53,0
KBC070,20161010,108.38,108.38,108.38,108.38,0
KBC070,20161011,108.36,108.36,108.36,108.36,0
KBC070,20161012,108.43,108.43,108.43,108.43,0
KBC070,20161013,108.15,108.15,108.15,108.15,0
KBC070,20161014,108.39,108.39,108.39,108.39,0
KBC070,20161017,108.62,108.62,108.62,108.62,0
KBC070,20161018,108.64,108.64,108.64,108.64,0
KBC070,20161019,108.68,108.68,108.68,108.68,0
KBC070,20161020,108.67,108.67,108.67,108.67,0
KBC070,20161021,108.60,108.60,108.60,108.60,0
KBC070,20161024,108.79,108.79,108.79,108.79,0
KBC070,20161025,108.48,108.48,108.48,108.48,0
KBC070,20161026,108.40,108.40,108.40,108.40,0
KBC070,20161027,108.58,108.58,108.58,108.58,0
KBC070,20161028,109.11,109.11,109.11,109.11,0
KBC070,20161031,109.21,109.21,109.21,109.21,0
KBC070,20161102,107.26,107.26,107.26,107.26,0
KBC070,20161103,107.44,107.44,107.44,107.44,0
KBC070,20161104,107.10,107.10,107.10,107.10,0
KBC070,20161107,107.51,107.51,107.51,107.51,0
KBC070,20161108,107.80,107.80,107.80,107.80,0
KBC070,20161109,107.71,107.71,107.71,107.71,0
KBC070,20161110,108.35,108.35,108.35,108.35,0
KBC070,20161114,107.58,107.58,107.58,107.58,0
KBC070,20161115,107.40,107.40,107.40,107.40,0
KBC070,20161116,107.43,107.43,107.43,107.43,0
KBC070,20161117,107.11,107.11,107.11,107.11,0
KBC070,20161118,106.27,106.27,106.27,106.27,0
KBC070,20161121,106.73,106.73,106.73,106.73,0
KBC070,20161122,107.09,107.09,107.09,107.09,0
KBC070,20161123,107.36,107.36,107.36,107.36,0
KBC070,20161124,107.77,107.77,107.77,107.77,0
KBC070,20161125,107.59,107.59,107.59,107.59,0
KBC070,20161128,107.53,107.53,107.53,107.53,0
KBC070,20161129,107.42,107.42,107.42,107.42,0
KBC070,20161130,107.88,107.88,107.88,107.88,0
KBC070,20161201,107.64,107.64,107.64,107.64,0
KBC070,20161202,107.60,107.60,107.60,107.60,0
KBC070,20161205,108.73,108.73,108.73,108.73,0
KBC070,20161206,109.39,109.39,109.39,109.39,0
KBC070,20161207,109.12,109.12,109.12,109.12,0
KBC070,20161208,109.75,109.75,109.75,109.75,0
KBC070,20161209,109.43,109.43,109.43,109.43,0
KBC070,20161212,109.30,109.30,109.30,109.30,0
KBC070,20161213,109.95,109.95,109.95,109.95,0
KBC070,20161214,110.20,110.20,110.20,110.20,0
KBC070,20161215,109.62,109.62,109.62,109.62,0
KBC070,20161216,109.92,109.92,109.92,109.92,0
KBC070,20161219,109.70,109.70,109.70,109.70,0
KBC070,20161220,110.02,110.02,110.02,110.02,0
KBC070,20161221,109.58,109.58,109.58,109.58,0
KBC070,20161222,109.79,109.79,109.79,109.79,0
KBC070,20161223,109.66,109.66,109.66,109.66,0
KBC070,20161227,109.58,109.58,109.58,109.58,0
KBC070,20161228,109.66,109.66,109.66,109.66,0
KBC070,20161229,110.29,110.29,110.29,110.29,0
KBC070,20161230,110.45,110.45,110.45,110.45,0
KBC070,20170102,110.29,110.29,110.29,110.29,0
KBC070,20170103,110.93,110.93,110.93,110.93,0
KBC070,20170104,111.22,111.22,111.22,111.22,0
KBC070,20170105,110.84,110.84,110.84,110.84,0
KBC070,20170110,111.14,111.14,111.14,111.14,0
KBC070,20170124,110.90,110.90,110.90,110.90,0
KBC070,20170125,110.65,110.65,110.65,110.65,0
KBC070,20170126,110.33,110.33,110.33,110.33,0
KBC070,20170127,110.23,110.23,110.23,110.23,0
KBC070,20170130,110.24,110.24,110.24,110.24,0
KBC070,20170131,110.23,110.23,110.23,110.23,0
KBC070,20170201,110.04,110.04,110.04,110.04,0
KBC070,20170202,109.90,109.90,109.90,109.90,0
KBC070,20170203,110.22,110.22,110.22,110.22,0
KBC070,20170206,110.07,110.07,110.07,110.07,0
KBC070,20170207,110.83,110.83,110.83,110.83,0
KBC070,20170208,111.34,111.34,111.34,111.34,0
KBC070,20170209,111.34,111.34,111.34,111.34,0
KBC070,20170210,111.37,111.37,111.37,111.37,0
KBC070,20170213,111.55,111.55,111.55,111.55,0
KBC070,20170214,111.64,111.64,111.64,111.64,0
KBC070,20170215,111.91,111.91,111.91,111.91,0
KBC070,20170216,111.73,111.73,111.73,111.73,0
KBC070,20170217,112.09,112.09,112.09,112.09,0
KBC070,20170220,111.99,111.99,111.99,111.99,0
KBC070,20170221,112.31,112.31,112.31,112.31,0
KBC070,20170222,112.13,112.13,112.13,112.13,0
KBC070,20170223,112.35,112.35,112.35,112.35,0
KBC070,20170224,112.41,112.41,112.41,112.41,0
KBC070,20170227,112.62,112.62,112.62,112.62,0
KBC070,20170228,112.55,112.55,112.55,112.55,0
KBC070,20170301,112.22,112.22,112.22,112.22,0
KBC070,20170302,111.92,111.92,111.92,111.92,0
KBC070,20170303,112.30,112.30,112.30,112.30,0
KBC070,20170306,111.87,111.87,111.87,111.87,0
KBC070,20170307,112.07,112.07,112.07,112.07,0
KBC070,20170308,112.05,112.05,112.05,112.05,0
KBC070,20170309,111.75,111.75,111.75,111.75,0
KBC070,20170310,111.27,111.27,111.27,111.27,0
KBC070,20170313,111.48,111.48,111.48,111.48,0
KBC070,20170314,111.24,111.24,111.24,111.24,0
KBC070,20170315,111.04,111.04,111.04,111.04,0
KBC070,20170316,110.65,110.65,110.65,110.65,0
KBC070,20170317,110.58,110.58,110.58,110.58,0
KBC070,20170320,110.22,110.22,110.22,110.22,0
KBC070,20170321,109.87,109.87,109.87,109.87,0
KBC070,20170322,110.42,110.42,110.42,110.42,0
KBC070,20170323,110.37,110.37,110.37,110.37,0
KBC070,20170324,109.99,109.99,109.99,109.99,0
KBC070,20170327,109.88,109.88,109.88,109.88,0
KBC070,20170328,109.43,109.43,109.43,109.43,0
KBC070,20170329,109.30,109.30,109.30,109.30,0
KBC070,20170330,109.70,109.70,109.70,109.70,0
KBC070,20170331,109.72,109.72,109.72,109.72,0
KBC070,20170403,109.97,109.97,109.97,109.97,0
KBC070,20170404,110.78,110.78,110.78,110.78,0
KBC070,20170405,110.46,110.46,110.46,110.46,0
KBC070,20170406,110.42,110.42,110.42,110.42,0
KBC070,20170407,110.22,110.22,110.22,110.22,0
KBC070,20170410,110.58,110.58,110.58,110.58,0
KBC070,20170411,110.81,110.81,110.81,110.81,0
KBC070,20170412,111.09,111.09,111.09,111.09,0
KBC070,20170413,111.02,111.02,111.02,111.02,0
KBC070,20170418,111.02,111.02,111.02,111.02,0
KBC070,20170419,110.86,110.86,110.86,110.86,0
KBC070,20170420,111.01,111.01,111.01,111.01,0
KBC070,20170421,111.30,111.30,111.30,111.30,0
KBC070,20170424,110.14,110.14,110.14,110.14,0
KBC070,20170425,109.81,109.81,109.81,109.81,0
KBC070,20170426,109.18,109.18,109.18,109.18,0
KBC070,20170427,109.37,109.37,109.37,109.37,0
KBC070,20170428,109.27,109.27,109.27,109.27,0
KBC070,20170502,109.42,109.42,109.42,109.42,0
KBC070,20170504,109.51,109.51,109.51,109.51,0
KBC070,20170505,108.82,108.82,108.82,108.82,0
KBC070,20170508,108.48,108.48,108.48,108.48,0
KBC070,20170509,109.14,109.14,109.14,109.14,0
KBC070,20170510,108.98,108.98,108.98,108.98,0
KBC070,20170511,109.22,109.22,109.22,109.22,0
KBC070,20170512,109.46,109.46,109.46,109.46,0
KBC070,20170515,109.03,109.03,109.03,109.03,0
KBC070,20170516,108.18,108.18,108.18,108.18,0
KBC070,20170517,107.89,107.89,107.89,107.89,0
KBC070,20170518,108.24,108.24,108.24,108.24,0
KBC070,20170519,107.18,107.18,107.18,107.18,0
KBC070,20170522,106.92,106.92,106.92,106.92,0
KBC070,20170523,106.82,106.82,106.82,106.82,0
KBC070,20170524,107.18,107.18,107.18,107.18,0
KBC070,20170525,106.45,106.45,106.45,106.45,0
KBC070,20170526,106.63,106.63,106.63,106.63,0
KBC070,20170529,106.99,106.99,106.99,106.99,0
KBC070,20170530,107.17,107.17,107.17,107.17,0
KBC070,20170531,107.14,107.14,107.14,107.14,0
KBC070,20170601,107.17,107.17,107.17,107.17,0
KBC070,20170602,107.37,107.37,107.37,107.37,0
KBC070,20170605,106.96,106.96,106.96,106.96,0
KBC070,20170606,107.56,107.56,107.56,107.56,0
KBC070,20170607,107.79,107.79,107.79,107.79,0
KBC070,20170608,107.86,107.86,107.86,107.86,0
KBC070,20170609,107.79,107.79,107.79,107.79,0
KBC070,20170612,107.79,107.79,107.79,107.79,0
KBC070,20170613,107.86,107.86,107.86,107.86,0
KBC070,20170614,108.17,108.17,108.17,108.17,0
KBC070,20170616,108.89,108.89,108.89,108.89,0
KBC070,20170619,108.63,108.63,108.63,108.63,0
KBC070,20170620,109.13,109.13,109.13,109.13,0
KBC070,20170621,109.49,109.49,109.49,109.49,0
KBC070,20170622,109.37,109.37,109.37,109.37,0
KBC070,20170623,108.93,108.93,108.93,108.93,0
KBC070,20170626,108.57,108.57,108.57,108.57,0
KBC070,20170627,108.61,108.61,108.61,108.61,0
KBC070,20170628,108.08,108.08,108.08,108.08,0
KBC070,20170629,107.81,107.81,107.81,107.81,0
KBC070,20170630,107.20,107.20,107.20,107.20,0
KBC070,20170703,107.32,107.32,107.32,107.32,0
KBC070,20170704,107.46,107.46,107.46,107.46,0
KBC070,20170705,107.61,107.61,107.61,107.61,0
KBC070,20170706,107.08,107.08,107.08,107.08,0
KBC070,20170707,106.11,106.11,106.11,106.11,0
KBC070,20170710,106.28,106.28,106.28,106.28,0
KBC070,20170711,106.72,106.72,106.72,106.72,0
KBC070,20170712,106.39,106.39,106.39,106.39,0
KBC070,20170713,107.02,107.02,107.02,107.02,0
KBC070,20170714,106.70,106.70,106.70,106.70,0
KBC070,20170717,106.53,106.53,106.53,106.53,0
KBC070,20170718,106.16,106.16,106.16,106.16,0
KBC070,20170719,106.30,106.30,106.30,106.30,0
KBC070,20170720,106.75,106.75,106.75,106.75,0
KBC070,20170721,106.54,106.54,106.54,106.54,0
KBC070,20170724,106.76,106.76,106.76,106.76,0
KBC070,20170725,106.81,106.81,106.81,106.81,0
KBC070,20170726,106.74,106.74,106.74,106.74,0
KBC070,20170727,106.68,106.68,106.68,106.68,0
KBC070,20170728,106.73,106.73,106.73,106.73,0
KBC070,20170731,106.34,106.34,106.34,106.34,0
KBC070,20170801,105.93,105.93,105.93,105.93,0
KBC070,20170802,105.85,105.85,105.85,105.85,0
KBC070,20170803,105.87,105.87,105.87,105.87,0
KBC070,20170804,105.56,105.56,105.56,105.56,0
KBC070,20170807,106.02,106.02,106.02,106.02,0
KBC070,20170808,106.18,106.18,106.18,106.18,0
KBC070,20170809,106.70,106.70,106.70,106.70,0
KBC070,20170810,106.77,106.77,106.77,106.77,0
KBC070,20170811,106.89,106.89,106.89,106.89,0
KBC070,20170814,106.48,106.48,106.48,106.48,0
KBC070,20170816,106.79,106.79,106.79,106.79,0
KBC070,20170817,106.50,106.50,106.50,106.50,0
KBC070,20170818,107.15,107.15,107.15,107.15,0
KBC070,20170821,107.01,107.01,107.01,107.01,0
KBC070,20170822,107.07,107.07,107.07,107.07,0
KBC070,20170823,106.99,106.99,106.99,106.99,0
KBC070,20170824,107.18,107.18,107.18,107.18,0
KBC070,20170825,106.76,106.76,106.76,106.76,0
KBC070,20170828,106.45,106.45,106.45,106.45,0
KBC070,20170829,105.81,105.81,105.81,105.81,0
KBC070,20170830,106.12,106.12,106.12,106.12,0
KBC070,20170831,106.50,106.50,106.50,106.50,0
KBC070,20170901,106.42,106.42,106.42,106.42,0
KBC070,20170904,106.56,106.56,106.56,106.56,0
KBC070,20170905,106.25,106.25,106.25,106.25,0
KBC070,20170906,106.39,106.39,106.39,106.39,0
KBC070,20170907,106.31,106.31,106.31,106.31,0
KBC070,20170908,106.20,106.20,106.20,106.20,0
KBC070,20170911,106.22,106.22,106.22,106.22,0
KBC070,20170912,106.54,106.54,106.54,106.54,0
KBC070,20170913,106.55,106.55,106.55,106.55,0
KBC070,20170914,107.13,107.13,107.13,107.13,0
KBC070,20170915,107.04,107.04,107.04,107.04,0
KBC070,20170918,106.91,106.91,106.91,106.91,0
KBC070,20170919,106.59,106.59,106.59,106.59,0
KBC070,20170920,106.09,106.09,106.09,106.09,0
KBC070,20170921,106.61,106.61,106.61,106.61,0
