Name,Date,Open,High,Low,Close,Volume
KBC065,20110512,100.02,100.02,100.02,100.02,0
KBC065,20110513,100.01,100.01,100.01,100.01,0
KBC065,20110516,100.02,100.02,100.02,100.02,0
KBC065,20110517,100.07,100.07,100.07,100.07,0
KBC065,20110518,100.13,100.13,100.13,100.13,0
KBC065,20110519,100.08,100.08,100.08,100.08,0
KBC065,20110520,100.13,100.13,100.13,100.13,0
KBC065,20110523,100.05,100.05,100.05,100.05,0
KBC065,20110524,99.67,99.67,99.67,99.67,0
KBC065,20110525,99.73,99.73,99.73,99.73,0
KBC065,20110526,99.85,99.85,99.85,99.85,0
KBC065,20110527,100.10,100.10,100.10,100.10,0
KBC065,20110530,100.09,100.09,100.09,100.09,0
KBC065,20110531,99.77,99.77,99.77,99.77,0
KBC065,20110601,100.19,100.19,100.19,100.19,0
KBC065,20110602,100.35,100.35,100.35,100.35,0
KBC065,20110603,100.17,100.17,100.17,100.17,0
KBC065,20110606,99.70,99.70,99.70,99.70,0
KBC065,20110607,98.65,98.65,98.65,98.65,0
KBC065,20110608,98.72,98.72,98.72,98.72,0
KBC065,20110609,98.69,98.69,98.69,98.69,0
KBC065,20110610,98.98,98.98,98.98,98.98,0
KBC065,20110613,99.05,99.05,99.05,99.05,0
KBC065,20110614,98.88,98.88,98.88,98.88,0
KBC065,20110615,99.11,99.11,99.11,99.11,0
KBC065,20110616,99.23,99.23,99.23,99.23,0
KBC065,20110617,99.14,99.14,99.14,99.14,0
KBC065,20110620,99.08,99.08,99.08,99.08,0
KBC065,20110621,98.79,98.79,98.79,98.79,0
KBC065,20110622,99.15,99.15,99.15,99.15,0
KBC065,20110624,99.24,99.24,99.24,99.24,0
KBC065,20110627,99.50,99.50,99.50,99.50,0
KBC065,20110628,99.39,99.39,99.39,99.39,0
KBC065,20110629,99.55,99.55,99.55,99.55,0
KBC065,20110630,99.72,99.72,99.72,99.72,0
KBC065,20110701,99.75,99.75,99.75,99.75,0
KBC065,20110704,99.95,99.95,99.95,99.95,0
KBC065,20110705,100.17,100.17,100.17,100.17,0
KBC065,20110706,100.38,100.38,100.38,100.38,0
KBC065,20110707,100.53,100.53,100.53,100.53,0
KBC065,20110708,100.55,100.55,100.55,100.55,0
KBC065,20110711,101.03,101.03,101.03,101.03,0
KBC065,20110712,101.64,101.64,101.64,101.64,0
KBC065,20110713,101.11,101.11,101.11,101.11,0
KBC065,20110714,101.10,101.10,101.10,101.10,0
KBC065,20110715,101.08,101.08,101.08,101.08,0
KBC065,20110718,101.57,101.57,101.57,101.57,0
KBC065,20110719,100.96,100.96,100.96,100.96,0
KBC065,20110720,101.04,101.04,101.04,101.04,0
KBC065,20110721,100.91,100.91,100.91,100.91,0
KBC065,20110722,100.70,100.70,100.70,100.70,0
KBC065,20110725,101.41,101.41,101.41,101.41,0
KBC065,20110726,101.13,101.13,101.13,101.13,0
KBC065,20110727,100.99,100.99,100.99,100.99,0
KBC065,20110728,100.81,100.81,100.81,100.81,0
KBC065,20110729,100.88,100.88,100.88,100.88,0
KBC065,20110801,100.24,100.24,100.24,100.24,0
KBC065,20110802,101.00,101.00,101.00,101.00,0
KBC065,20110803,100.35,100.35,100.35,100.35,0
KBC065,20110804,99.79,99.79,99.79,99.79,0
KBC065,20110805,99.00,99.00,99.00,99.00,0
KBC065,20110808,98.16,98.16,98.16,98.16,0
KBC065,20110809,96.83,96.83,96.83,96.83,0
KBC065,20110810,97.19,97.19,97.19,97.19,0
KBC065,20110811,97.04,97.04,97.04,97.04,0
KBC065,20110812,97.78,97.78,97.78,97.78,0
KBC065,20110816,98.25,98.25,98.25,98.25,0
KBC065,20110817,98.61,98.61,98.61,98.61,0
KBC065,20110818,98.68,98.68,98.68,98.68,0
KBC065,20110819,97.88,97.88,97.88,97.88,0
KBC065,20110822,97.02,97.02,97.02,97.02,0
KBC065,20110823,96.86,96.86,96.86,96.86,0
KBC065,20110824,97.67,97.67,97.67,97.67,0
KBC065,20110825,97.67,97.67,97.67,97.67,0
KBC065,20110826,97.52,97.52,97.52,97.52,0
KBC065,20110829,97.60,97.60,97.60,97.60,0
KBC065,20110830,98.18,98.18,98.18,98.18,0
KBC065,20110831,98.68,98.68,98.68,98.68,0
KBC065,20110901,99.34,99.34,99.34,99.34,0
KBC065,20110902,99.68,99.68,99.68,99.68,0
KBC065,20110905,99.50,99.50,99.50,99.50,0
KBC065,20110906,99.08,99.08,99.08,99.08,0
KBC065,20110907,98.89,98.89,98.89,98.89,0
KBC065,20110908,99.92,99.92,99.92,99.92,0
KBC065,20110909,100.92,100.92,100.92,100.92,0
KBC065,20110912,100.50,100.50,100.50,100.50,0
KBC065,20110913,100.44,100.44,100.44,100.44,0
KBC065,20110914,100.13,100.13,100.13,100.13,0
KBC065,20110915,100.79,100.79,100.79,100.79,0
KBC065,20110916,100.88,100.88,100.88,100.88,0
KBC065,20110919,101.29,101.29,101.29,101.29,0
KBC065,20110920,101.18,101.18,101.18,101.18,0
KBC065,20110921,101.19,101.19,101.19,101.19,0
KBC065,20110922,101.05,101.05,101.05,101.05,0
KBC065,20110923,100.12,100.12,100.12,100.12,0
KBC065,20110926,99.51,99.51,99.51,99.51,0
KBC065,20110927,99.90,99.90,99.90,99.90,0
KBC065,20110928,100.69,100.69,100.69,100.69,0
KBC065,20110929,100.38,100.38,100.38,100.38,0
KBC065,20110930,100.50,100.50,100.50,100.50,0
KBC065,20111003,100.52,100.52,100.52,100.52,0
KBC065,20111004,99.56,99.56,99.56,99.56,0
KBC065,20111005,99.16,99.16,99.16,99.16,0
KBC065,20111006,99.73,99.73,99.73,99.73,0
KBC065,20111007,100.55,100.55,100.55,100.55,0
KBC065,20111010,100.23,100.23,100.23,100.23,0
KBC065,20111011,100.76,100.76,100.76,100.76,0
KBC065,20111012,100.49,100.49,100.49,100.49,0
KBC065,20111013,100.90,100.90,100.90,100.90,0
KBC065,20111014,100.54,100.54,100.54,100.54,0
KBC065,20111017,100.61,100.61,100.61,100.61,0
KBC065,20111018,101.38,101.38,101.38,101.38,0
KBC065,20111019,101.08,101.08,101.08,101.08,0
KBC065,20111020,101.22,101.22,101.22,101.22,0
KBC065,20111021,101.36,101.36,101.36,101.36,0
KBC065,20111024,101.65,101.65,101.65,101.65,0
KBC065,20111025,102.24,102.24,102.24,102.24,0
KBC065,20111026,102.05,102.05,102.05,102.05,0
KBC065,20111027,102.06,102.06,102.06,102.06,0
KBC065,20111028,102.36,102.36,102.36,102.36,0
KBC065,20111031,102.91,102.91,102.91,102.91,0
KBC065,20111102,103.39,103.39,103.39,103.39,0
KBC065,20111103,102.50,102.50,102.50,102.50,0
KBC065,20111104,102.53,102.53,102.53,102.53,0
KBC065,20111107,103.07,103.07,103.07,103.07,0
KBC065,20111108,102.91,102.91,102.91,102.91,0
KBC065,20111109,103.18,103.18,103.18,103.18,0
KBC065,20111110,102.53,102.53,102.53,102.53,0
KBC065,20111114,102.42,102.42,102.42,102.42,0
KBC065,20111115,103.04,103.04,103.04,103.04,0
KBC065,20111116,103.31,103.31,103.31,103.31,0
KBC065,20111117,103.16,103.16,103.16,103.16,0
KBC065,20111118,102.65,102.65,102.65,102.65,0
KBC065,20111121,102.38,102.38,102.38,102.38,0
KBC065,20111122,101.52,101.52,101.52,101.52,0
KBC065,20111123,101.36,101.36,101.36,101.36,0
KBC065,20111124,100.92,100.92,100.92,100.92,0
KBC065,20111125,101.20,101.20,101.20,101.20,0
KBC065,20111128,101.08,101.08,101.08,101.08,0
KBC065,20111129,102.30,102.30,102.30,102.30,0
KBC065,20111130,102.99,102.99,102.99,102.99,0
KBC065,20111201,103.43,103.43,103.43,103.43,0
KBC065,20111202,103.56,103.56,103.56,103.56,0
KBC065,20111205,103.90,103.90,103.90,103.90,0
KBC065,20111206,104.15,104.15,104.15,104.15,0
KBC065,20111207,103.77,103.77,103.77,103.77,0
KBC065,20111208,103.72,103.72,103.72,103.72,0
KBC065,20111209,103.86,103.86,103.86,103.86,0
KBC065,20111212,103.96,103.96,103.96,103.96,0
KBC065,20111213,104.03,104.03,104.03,104.03,0
KBC065,20111214,104.16,104.16,104.16,104.16,0
KBC065,20111215,103.77,103.77,103.77,103.77,0
KBC065,20111216,103.34,103.34,103.34,103.34,0
KBC065,20111219,103.27,103.27,103.27,103.27,0
KBC065,20111220,102.65,102.65,102.65,102.65,0
KBC065,20111221,103.01,103.01,103.01,103.01,0
KBC065,20111222,103.33,103.33,103.33,103.33,0
KBC065,20111223,103.54,103.54,103.54,103.54,0
KBC065,20111227,103.62,103.62,103.62,103.62,0
KBC065,20111228,103.32,103.32,103.32,103.32,0
KBC065,20111229,103.36,103.36,103.36,103.36,0
KBC065,20111230,103.68,103.68,103.68,103.68,0
KBC065,20120102,104.25,104.25,104.25,104.25,0
KBC065,20120103,104.10,104.10,104.10,104.10,0
KBC065,20120104,104.73,104.73,104.73,104.73,0
KBC065,20120105,105.52,105.52,105.52,105.52,0
KBC065,20120109,105.43,105.43,105.43,105.43,0
KBC065,20120110,105.67,105.67,105.67,105.67,0
KBC065,20120111,106.00,106.00,106.00,106.00,0
KBC065,20120112,106.03,106.03,106.03,106.03,0
KBC065,20120113,105.20,105.20,105.20,105.20,0
KBC065,20120116,105.67,105.67,105.67,105.67,0
KBC065,20120117,105.12,105.12,105.12,105.12,0
KBC065,20120118,105.26,105.26,105.26,105.26,0
KBC065,20120119,105.23,105.23,105.23,105.23,0
KBC065,20120120,105.24,105.24,105.24,105.24,0
KBC065,20120123,105.25,105.25,105.25,105.25,0
KBC065,20120124,104.69,104.69,104.69,104.69,0
KBC065,20120125,104.51,104.51,104.51,104.51,0
KBC065,20120126,104.31,104.31,104.31,104.31,0
KBC065,20120127,104.08,104.08,104.08,104.08,0
KBC065,20120130,104.29,104.29,104.29,104.29,0
KBC065,20120131,103.87,103.87,103.87,103.87,0
KBC065,20120201,103.84,103.84,103.84,103.84,0
KBC065,20120202,104.24,104.24,104.24,104.24,0
KBC065,20120203,104.25,104.25,104.25,104.25,0
KBC065,20120206,104.72,104.72,104.72,104.72,0
KBC065,20120207,104.56,104.56,104.56,104.56,0
KBC065,20120208,104.16,104.16,104.16,104.16,0
KBC065,20120209,104.25,104.25,104.25,104.25,0
KBC065,20120210,104.51,104.51,104.51,104.51,0
KBC065,20120213,104.16,104.16,104.16,104.16,0
KBC065,20120214,104.55,104.55,104.55,104.55,0
KBC065,20120215,104.38,104.38,104.38,104.38,0
KBC065,20120216,105.52,105.52,105.52,105.52,0
KBC065,20120217,104.91,104.91,104.91,104.91,0
KBC065,20120220,104.87,104.87,104.87,104.87,0
KBC065,20120221,104.72,104.72,104.72,104.72,0
KBC065,20120222,104.70,104.70,104.70,104.70,0
KBC065,20120223,104.45,104.45,104.45,104.45,0
KBC065,20120224,104.14,104.14,104.14,104.14,0
KBC065,20120227,104.26,104.26,104.26,104.26,0
KBC065,20120228,104.07,104.07,104.07,104.07,0
KBC065,20120229,103.97,103.97,103.97,103.97,0
KBC065,20120301,104.07,104.07,104.07,104.07,0
KBC065,20120302,104.40,104.40,104.40,104.40,0
KBC065,20120305,104.84,104.84,104.84,104.84,0
KBC065,20120306,104.80,104.80,104.80,104.80,0
KBC065,20120307,104.23,104.23,104.23,104.23,0
KBC065,20120308,103.94,103.94,103.94,103.94,0
KBC065,20120309,104.32,104.32,104.32,104.32,0
KBC065,20120312,104.78,104.78,104.78,104.78,0
KBC065,20120313,104.64,104.64,104.64,104.64,0
KBC065,20120314,105.50,105.50,105.50,105.50,0
KBC065,20120315,105.65,105.65,105.65,105.65,0
KBC065,20120316,105.62,105.62,105.62,105.62,0
KBC065,20120319,105.40,105.40,105.40,105.40,0
KBC065,20120320,105.28,105.28,105.28,105.28,0
KBC065,20120321,104.81,104.81,104.81,104.81,0
KBC065,20120322,105.45,105.45,105.45,105.45,0
KBC065,20120323,104.91,104.91,104.91,104.91,0
KBC065,20120326,104.69,104.69,104.69,104.69,0
KBC065,20120327,104.60,104.60,104.60,104.60,0
KBC065,20120328,104.83,104.83,104.83,104.83,0
KBC065,20120329,104.77,104.77,104.77,104.77,0
KBC065,20120330,104.68,104.68,104.68,104.68,0
KBC065,20120402,104.54,104.54,104.54,104.54,0
KBC065,20120403,104.95,104.95,104.95,104.95,0
KBC065,20120404,105.07,105.07,105.07,105.07,0
KBC065,20120405,104.73,104.73,104.73,104.73,0
KBC065,20120410,105.07,105.07,105.07,105.07,0
KBC065,20120411,104.47,104.47,104.47,104.47,0
KBC065,20120412,104.32,104.32,104.32,104.32,0
KBC065,20120413,104.64,104.64,104.64,104.64,0
KBC065,20120416,104.85,104.85,104.85,104.85,0
KBC065,20120417,104.47,104.47,104.47,104.47,0
KBC065,20120418,104.76,104.76,104.76,104.76,0
KBC065,20120419,105.06,105.06,105.06,105.06,0
KBC065,20120420,104.83,104.83,104.83,104.83,0
KBC065,20120423,105.07,105.07,105.07,105.07,0
KBC065,20120424,104.78,104.78,104.78,104.78,0
KBC065,20120425,104.68,104.68,104.68,104.68,0
KBC065,20120426,105.05,105.05,105.05,105.05,0
KBC065,20120427,105.29,105.29,105.29,105.29,0
KBC065,20120430,105.22,105.22,105.22,105.22,0
KBC065,20120502,105.32,105.32,105.32,105.32,0
KBC065,20120504,105.78,105.78,105.78,105.78,0
KBC065,20120507,105.64,105.64,105.64,105.64,0
KBC065,20120508,105.25,105.25,105.25,105.25,0
KBC065,20120509,105.13,105.13,105.13,105.13,0
KBC065,20120510,105.34,105.34,105.34,105.34,0
KBC065,20120511,105.47,105.47,105.47,105.47,0
KBC065,20120514,105.96,105.96,105.96,105.96,0
KBC065,20120515,105.78,105.78,105.78,105.78,0
KBC065,20120516,106.57,106.57,106.57,106.57,0
KBC065,20120517,106.20,106.20,106.20,106.20,0
KBC065,20120518,106.67,106.67,106.67,106.67,0
KBC065,20120521,105.83,105.83,105.83,105.83,0
KBC065,20120522,105.14,105.14,105.14,105.14,0
KBC065,20120523,105.89,105.89,105.89,105.89,0
KBC065,20120524,106.00,106.00,106.00,106.00,0
KBC065,20120525,106.03,106.03,106.03,106.03,0
KBC065,20120528,106.01,106.01,106.01,106.01,0
KBC065,20120529,106.24,106.24,106.24,106.24,0
KBC065,20120530,106.97,106.97,106.97,106.97,0
KBC065,20120531,106.78,106.78,106.78,106.78,0
KBC065,20120601,107.12,107.12,107.12,107.12,0
KBC065,20120604,106.15,106.15,106.15,106.15,0
KBC065,20120605,105.88,105.88,105.88,105.88,0
KBC065,20120606,105.54,105.54,105.54,105.54,0
KBC065,20120608,106.32,106.32,106.32,106.32,0
KBC065,20120611,105.96,105.96,105.96,105.96,0
KBC065,20120612,106.00,106.00,106.00,106.00,0
KBC065,20120613,106.65,106.65,106.65,106.65,0
KBC065,20120614,106.31,106.31,106.31,106.31,0
KBC065,20120615,106.07,106.07,106.07,106.07,0
KBC065,20120618,106.12,106.12,106.12,106.12,0
KBC065,20120619,106.71,106.71,106.71,106.71,0
KBC065,20120620,106.81,106.81,106.81,106.81,0
KBC065,20120621,107.05,107.05,107.05,107.05,0
KBC065,20120622,106.80,106.80,106.80,106.80,0
KBC065,20120625,106.79,106.79,106.79,106.79,0
KBC065,20120626,106.24,106.24,106.24,106.24,0
KBC065,20120627,106.21,106.21,106.21,106.21,0
KBC065,20120628,106.93,106.93,106.93,106.93,0
KBC065,20120629,106.62,106.62,106.62,106.62,0
KBC065,20120702,106.98,106.98,106.98,106.98,0
KBC065,20120703,107.30,107.30,107.30,107.30,0
KBC065,20120704,107.61,107.61,107.61,107.61,0
KBC065,20120705,107.95,107.95,107.95,107.95,0
KBC065,20120706,108.06,108.06,108.06,108.06,0
KBC065,20120709,108.29,108.29,108.29,108.29,0
KBC065,20120710,107.77,107.77,107.77,107.77,0
KBC065,20120711,107.46,107.46,107.46,107.46,0
KBC065,20120712,108.24,108.24,108.24,108.24,0
KBC065,20120713,108.15,108.15,108.15,108.15,0
KBC065,20120716,108.60,108.60,108.60,108.60,0
KBC065,20120717,108.25,108.25,108.25,108.25,0
KBC065,20120718,108.55,108.55,108.55,108.55,0
KBC065,20120719,108.75,108.75,108.75,108.75,0
KBC065,20120720,108.97,108.97,108.97,108.97,0
KBC065,20120723,108.88,108.88,108.88,108.88,0
KBC065,20120724,108.30,108.30,108.30,108.30,0
KBC065,20120725,108.27,108.27,108.27,108.27,0
KBC065,20120726,108.11,108.11,108.11,108.11,0
KBC065,20120727,107.90,107.90,107.90,107.90,0
KBC065,20120730,108.54,108.54,108.54,108.54,0
KBC065,20120731,108.65,108.65,108.65,108.65,0
KBC065,20120801,108.53,108.53,108.53,108.53,0
KBC065,20120802,108.46,108.46,108.46,108.46,0
KBC065,20120803,108.60,108.60,108.60,108.60,0
KBC065,20120806,108.33,108.33,108.33,108.33,0
KBC065,20120807,107.99,107.99,107.99,107.99,0
KBC065,20120808,108.70,108.70,108.70,108.70,0
KBC065,20120809,108.37,108.37,108.37,108.37,0
KBC065,20120810,108.61,108.61,108.61,108.61,0
KBC065,20120813,108.66,108.66,108.66,108.66,0
KBC065,20120814,108.43,108.43,108.43,108.43,0
KBC065,20120816,108.67,108.67,108.67,108.67,0
KBC065,20120817,108.71,108.71,108.71,108.71,0
KBC065,20120820,108.93,108.93,108.93,108.93,0
KBC065,20120821,108.77,108.77,108.77,108.77,0
KBC065,20120822,108.61,108.61,108.61,108.61,0
KBC065,20120823,108.51,108.51,108.51,108.51,0
KBC065,20120824,108.46,108.46,108.46,108.46,0
KBC065,20120827,108.40,108.40,108.40,108.40,0
KBC065,20120828,108.57,108.57,108.57,108.57,0
KBC065,20120829,108.87,108.87,108.87,108.87,0
KBC065,20120830,109.26,109.26,109.26,109.26,0
KBC065,20120831,108.98,108.98,108.98,108.98,0
KBC065,20120903,109.17,109.17,109.17,109.17,0
KBC065,20120904,109.30,109.30,109.30,109.30,0
KBC065,20120905,109.53,109.53,109.53,109.53,0
KBC065,20120906,108.57,108.57,108.57,108.57,0
KBC065,20120907,108.84,108.84,108.84,108.84,0
KBC065,20120910,108.62,108.62,108.62,108.62,0
KBC065,20120911,108.51,108.51,108.51,108.51,0
KBC065,20120912,107.99,107.99,107.99,107.99,0
KBC065,20120913,108.45,108.45,108.45,108.45,0
KBC065,20120914,107.54,107.54,107.54,107.54,0
KBC065,20120917,107.99,107.99,107.99,107.99,0
KBC065,20120918,108.29,108.29,108.29,108.29,0
KBC065,20120919,108.26,108.26,108.26,108.26,0
KBC065,20120920,109.10,109.10,109.10,109.10,0
KBC065,20120921,108.66,108.66,108.66,108.66,0
KBC065,20120924,109.20,109.20,109.20,109.20,0
KBC065,20120925,109.16,109.16,109.16,109.16,0
KBC065,20120926,109.20,109.20,109.20,109.20,0
KBC065,20120927,109.12,109.12,109.12,109.12,0
KBC065,20120928,108.96,108.96,108.96,108.96,0
KBC065,20121001,108.60,108.60,108.60,108.60,0
KBC065,20121002,108.87,108.87,108.87,108.87,0
KBC065,20121003,108.93,108.93,108.93,108.93,0
KBC065,20121004,108.50,108.50,108.50,108.50,0
KBC065,20121005,108.56,108.56,108.56,108.56,0
KBC065,20121008,108.68,108.68,108.68,108.68,0
KBC065,20121009,108.55,108.55,108.55,108.55,0
KBC065,20121010,108.63,108.63,108.63,108.63,0
KBC065,20121011,108.83,108.83,108.83,108.83,0
KBC065,20121012,108.67,108.67,108.67,108.67,0
KBC065,20121015,108.56,108.56,108.56,108.56,0
KBC065,20121016,108.47,108.47,108.47,108.47,0
KBC065,20121017,108.81,108.81,108.81,108.81,0
KBC065,20121018,109.11,109.11,109.11,109.11,0
KBC065,20121019,109.68,109.68,109.68,109.68,0
KBC065,20121022,109.20,109.20,109.20,109.20,0
KBC065,20121023,109.34,109.34,109.34,109.34,0
KBC065,20121024,109.15,109.15,109.15,109.15,0
KBC065,20121025,108.97,108.97,108.97,108.97,0
KBC065,20121026,109.41,109.41,109.41,109.41,0
KBC065,20121029,109.22,109.22,109.22,109.22,0
KBC065,20121030,109.02,109.02,109.02,109.02,0
KBC065,20121031,108.97,108.97,108.97,108.97,0
KBC065,20121102,109.35,109.35,109.35,109.35,0
KBC065,20121105,110.18,110.18,110.18,110.18,0
KBC065,20121106,110.20,110.20,110.20,110.20,0
KBC065,20121107,110.59,110.59,110.59,110.59,0
KBC065,20121108,110.83,110.83,110.83,110.83,0
KBC065,20121109,110.79,110.79,110.79,110.79,0
KBC065,20121112,110.99,110.99,110.99,110.99,0
KBC065,20121113,111.14,111.14,111.14,111.14,0
KBC065,20121114,110.82,110.82,110.82,110.82,0
KBC065,20121115,110.31,110.31,110.31,110.31,0
KBC065,20121116,110.05,110.05,110.05,110.05,0
KBC065,20121119,109.85,109.85,109.85,109.85,0
KBC065,20121120,110.16,110.16,110.16,110.16,0
KBC065,20121121,110.23,110.23,110.23,110.23,0
KBC065,20121122,109.97,109.97,109.97,109.97,0
KBC065,20121123,110.14,110.14,110.14,110.14,0
KBC065,20121126,110.43,110.43,110.43,110.43,0
KBC065,20121127,110.31,110.31,110.31,110.31,0
KBC065,20121128,110.63,110.63,110.63,110.63,0
KBC065,20121129,110.52,110.52,110.52,110.52,0
KBC065,20121130,111.10,111.10,111.10,111.10,0
KBC065,20121203,110.76,110.76,110.76,110.76,0
KBC065,20121204,110.71,110.71,110.71,110.71,0
KBC065,20121205,110.69,110.69,110.69,110.69,0
KBC065,20121206,110.96,110.96,110.96,110.96,0
KBC065,20121207,111.87,111.87,111.87,111.87,0
KBC065,20121210,112.31,112.31,112.31,112.31,0
KBC065,20121211,112.04,112.04,112.04,112.04,0
KBC065,20121212,112.03,112.03,112.03,112.03,0
KBC065,20121213,111.80,111.80,111.80,111.80,0
KBC065,20121214,111.45,111.45,111.45,111.45,0
KBC065,20121217,111.23,111.23,111.23,111.23,0
KBC065,20121218,111.46,111.46,111.46,111.46,0
KBC065,20121219,111.43,111.43,111.43,111.43,0
KBC065,20121220,111.97,111.97,111.97,111.97,0
KBC065,20121221,112.23,112.23,112.23,112.23,0
KBC065,20121227,112.04,112.04,112.04,112.04,0
KBC065,20121228,111.93,111.93,111.93,111.93,0
KBC065,20130102,111.49,111.49,111.49,111.49,0
KBC065,20130103,112.23,112.23,112.23,112.23,0
KBC065,20130104,112.93,112.93,112.93,112.93,0
KBC065,20130107,113.32,113.32,113.32,113.32,0
KBC065,20130108,113.39,113.39,113.39,113.39,0
KBC065,20130109,113.11,113.11,113.11,113.11,0
KBC065,20130110,112.41,112.41,112.41,112.41,0
KBC065,20130111,111.95,111.95,111.95,111.95,0
KBC065,20130114,112.02,112.02,112.02,112.02,0
KBC065,20130115,111.95,111.95,111.95,111.95,0
KBC065,20130116,112.16,112.16,112.16,112.16,0
KBC065,20130117,111.93,111.93,111.93,111.93,0
KBC065,20130118,112.26,112.26,112.26,112.26,0
KBC065,20130121,113.10,113.10,113.10,113.10,0
KBC065,20130122,113.15,113.15,113.15,113.15,0
KBC065,20130123,113.41,113.41,113.41,113.41,0
KBC065,20130124,113.89,113.89,113.89,113.89,0
KBC065,20130125,113.22,113.22,113.22,113.22,0
KBC065,20130128,112.98,112.98,112.98,112.98,0
KBC065,20130129,113.32,113.32,113.32,113.32,0
KBC065,20130130,113.10,113.10,113.10,113.10,0
KBC065,20130131,113.08,113.08,113.08,113.08,0
KBC065,20130201,113.00,113.00,113.00,113.00,0
KBC065,20130204,112.61,112.61,112.61,112.61,0
KBC065,20130205,112.67,112.67,112.67,112.67,0
KBC065,20130206,112.75,112.75,112.75,112.75,0
KBC065,20130207,112.73,112.73,112.73,112.73,0
KBC065,20130208,112.77,112.77,112.77,112.77,0
KBC065,20130211,112.66,112.66,112.66,112.66,0
KBC065,20130212,112.59,112.59,112.59,112.59,0
KBC065,20130213,112.63,112.63,112.63,112.63,0
KBC065,20130214,112.80,112.80,112.80,112.80,0
KBC065,20130215,113.30,113.30,113.30,113.30,0
KBC065,20130218,113.20,113.20,113.20,113.20,0
KBC065,20130219,113.15,113.15,113.15,113.15,0
KBC065,20130220,112.81,112.81,112.81,112.81,0
KBC065,20130221,113.43,113.43,113.43,113.43,0
KBC065,20130222,112.72,112.72,112.72,112.72,0
KBC065,20130225,112.82,112.82,112.82,112.82,0
KBC065,20130226,113.08,113.08,113.08,113.08,0
KBC065,20130227,113.11,113.11,113.11,113.11,0
KBC065,20130228,113.22,113.22,113.22,113.22,0
KBC065,20130301,113.55,113.55,113.55,113.55,0
KBC065,20130304,113.57,113.57,113.57,113.57,0
KBC065,20130305,113.11,113.11,113.11,113.11,0
KBC065,20130306,113.83,113.83,113.83,113.83,0
KBC065,20130307,114.15,114.15,114.15,114.15,0
KBC065,20130308,113.89,113.89,113.89,113.89,0
KBC065,20130311,114.35,114.35,114.35,114.35,0
KBC065,20130312,114.64,114.64,114.64,114.64,0
KBC065,20130313,114.79,114.79,114.79,114.79,0
KBC065,20130314,114.99,114.99,114.99,114.99,0
KBC065,20130315,115.35,115.35,115.35,115.35,0
KBC065,20130318,115.43,115.43,115.43,115.43,0
KBC065,20130319,114.99,114.99,114.99,114.99,0
KBC065,20130320,114.86,114.86,114.86,114.86,0
KBC065,20130321,115.28,115.28,115.28,115.28,0
KBC065,20130322,115.27,115.27,115.27,115.27,0
KBC065,20130325,114.92,114.92,114.92,114.92,0
KBC065,20130326,115.35,115.35,115.35,115.35,0
KBC065,20130327,115.75,115.75,115.75,115.75,0
KBC065,20130328,115.89,115.89,115.89,115.89,0
KBC065,20130402,115.92,115.92,115.92,115.92,0
KBC065,20130403,116.12,116.12,116.12,116.12,0
KBC065,20130404,115.97,115.97,115.97,115.97,0
KBC065,20130405,116.25,116.25,116.25,116.25,0
KBC065,20130408,115.76,115.76,115.76,115.76,0
KBC065,20130409,115.39,115.39,115.39,115.39,0
KBC065,20130410,115.30,115.30,115.30,115.30,0
KBC065,20130411,115.65,115.65,115.65,115.65,0
KBC065,20130412,116.03,116.03,116.03,116.03,0
KBC065,20130415,116.03,116.03,116.03,116.03,0
KBC065,20130417,115.26,115.26,115.26,115.26,0
KBC065,20130418,115.45,115.45,115.45,115.45,0
KBC065,20130419,115.12,115.12,115.12,115.12,0
KBC065,20130422,115.53,115.53,115.53,115.53,0
KBC065,20130423,116.30,116.30,116.30,116.30,0
KBC065,20130424,116.60,116.60,116.60,116.60,0
KBC065,20130425,116.82,116.82,116.82,116.82,0
KBC065,20130426,117.39,117.39,117.39,117.39,0
KBC065,20130429,117.24,117.24,117.24,117.24,0
KBC065,20130430,117.70,117.70,117.70,117.70,0
KBC065,20130502,117.96,117.96,117.96,117.96,0
KBC065,20130506,117.99,117.99,117.99,117.99,0
KBC065,20130507,118.16,118.16,118.16,118.16,0
KBC065,20130508,118.66,118.66,118.66,118.66,0
KBC065,20130509,118.85,118.85,118.85,118.85,0
KBC065,20130510,118.62,118.62,118.62,118.62,0
KBC065,20130513,118.66,118.66,118.66,118.66,0
KBC065,20130514,119.00,119.00,119.00,119.00,0
KBC065,20130515,119.47,119.47,119.47,119.47,0
KBC065,20130516,119.86,119.86,119.86,119.86,0
KBC065,20130517,119.76,119.76,119.76,119.76,0
KBC065,20130520,119.24,119.24,119.24,119.24,0
KBC065,20130521,119.53,119.53,119.53,119.53,0
KBC065,20130522,119.71,119.71,119.71,119.71,0
KBC065,20130523,119.12,119.12,119.12,119.12,0
KBC065,20130524,118.44,118.44,118.44,118.44,0
KBC065,20130527,118.36,118.36,118.36,118.36,0
KBC065,20130528,118.10,118.10,118.10,118.10,0
KBC065,20130529,118.74,118.74,118.74,118.74,0
KBC065,20130531,118.46,118.46,118.46,118.46,0
KBC065,20130603,118.11,118.11,118.11,118.11,0
KBC065,20130604,117.66,117.66,117.66,117.66,0
KBC065,20130605,117.44,117.44,117.44,117.44,0
KBC065,20130606,116.34,116.34,116.34,116.34,0
KBC065,20130607,116.50,116.50,116.50,116.50,0
KBC065,20130610,115.60,115.60,115.60,115.60,0
KBC065,20130611,115.37,115.37,115.37,115.37,0
KBC065,20130612,115.02,115.02,115.02,115.02,0
KBC065,20130613,115.24,115.24,115.24,115.24,0
KBC065,20130614,115.33,115.33,115.33,115.33,0
KBC065,20130617,115.19,115.19,115.19,115.19,0
KBC065,20130618,115.07,115.07,115.07,115.07,0
KBC065,20130619,115.39,115.39,115.39,115.39,0
KBC065,20130620,114.36,114.36,114.36,114.36,0
KBC065,20130621,112.83,112.83,112.83,112.83,0
KBC065,20130624,112.40,112.40,112.40,112.40,0
KBC065,20130625,112.06,112.06,112.06,112.06,0
KBC065,20130626,112.82,112.82,112.82,112.82,0
KBC065,20130628,113.73,113.73,113.73,113.73,0
KBC065,20130701,113.86,113.86,113.86,113.86,0
KBC065,20130702,114.78,114.78,114.78,114.78,0
KBC065,20130703,115.10,115.10,115.10,115.10,0
KBC065,20130704,115.36,115.36,115.36,115.36,0
KBC065,20130705,115.29,115.29,115.29,115.29,0
KBC065,20130708,115.97,115.97,115.97,115.97,0
KBC065,20130709,116.45,116.45,116.45,116.45,0
KBC065,20130710,116.85,116.85,116.85,116.85,0
KBC065,20130711,116.55,116.55,116.55,116.55,0
KBC065,20130712,117.00,117.00,117.00,117.00,0
KBC065,20130715,116.60,116.60,116.60,116.60,0
KBC065,20130716,116.45,116.45,116.45,116.45,0
KBC065,20130717,115.65,115.65,115.65,115.65,0
KBC065,20130718,115.95,115.95,115.95,115.95,0
KBC065,20130719,116.31,116.31,116.31,116.31,0
KBC065,20130722,116.40,116.40,116.40,116.40,0
KBC065,20130723,115.99,115.99,115.99,115.99,0
KBC065,20130724,115.57,115.57,115.57,115.57,0
KBC065,20130725,115.81,115.81,115.81,115.81,0
KBC065,20130726,115.57,115.57,115.57,115.57,0
KBC065,20130729,115.62,115.62,115.62,115.62,0
KBC065,20130730,115.18,115.18,115.18,115.18,0
KBC065,20130731,115.16,115.16,115.16,115.16,0
KBC065,20130801,114.93,114.93,114.93,114.93,0
KBC065,20130802,115.57,115.57,115.57,115.57,0
KBC065,20130805,115.23,115.23,115.23,115.23,0
KBC065,20130806,115.14,115.14,115.14,115.14,0
KBC065,20130807,115.05,115.05,115.05,115.05,0
KBC065,20130808,114.64,114.64,114.64,114.64,0
KBC065,20130809,114.64,114.64,114.64,114.64,0
KBC065,20130812,114.79,114.79,114.79,114.79,0
KBC065,20130813,114.49,114.49,114.49,114.49,0
KBC065,20130814,114.81,114.81,114.81,114.81,0
KBC065,20130816,114.75,114.75,114.75,114.75,0
KBC065,20130819,114.06,114.06,114.06,114.06,0
KBC065,20130820,113.99,113.99,113.99,113.99,0
KBC065,20130821,113.49,113.49,113.49,113.49,0
KBC065,20130822,113.11,113.11,113.11,113.11,0
KBC065,20130823,113.29,113.29,113.29,113.29,0
KBC065,20130826,113.65,113.65,113.65,113.65,0
KBC065,20130827,113.90,113.90,113.90,113.90,0
KBC065,20130828,113.01,113.01,113.01,113.01,0
KBC065,20130829,113.44,113.44,113.44,113.44,0
KBC065,20130830,113.73,113.73,113.73,113.73,0
KBC065,20130902,113.27,113.27,113.27,113.27,0
KBC065,20130903,113.42,113.42,113.42,113.42,0
KBC065,20130904,113.24,113.24,113.24,113.24,0
KBC065,20130905,113.14,113.14,113.14,113.14,0
KBC065,20130906,113.65,113.65,113.65,113.65,0
KBC065,20130909,113.73,113.73,113.73,113.73,0
KBC065,20130910,113.76,113.76,113.76,113.76,0
KBC065,20130911,114.34,114.34,114.34,114.34,0
KBC065,20130912,114.33,114.33,114.33,114.33,0
KBC065,20130913,114.23,114.23,114.23,114.23,0
KBC065,20130916,114.44,114.44,114.44,114.44,0
KBC065,20130917,114.56,114.56,114.56,114.56,0
KBC065,20130918,114.86,114.86,114.86,114.86,0
KBC065,20130919,114.64,114.64,114.64,114.64,0
KBC065,20130920,115.07,115.07,115.07,115.07,0
KBC065,20130923,115.05,115.05,115.05,115.05,0
KBC065,20130924,115.07,115.07,115.07,115.07,0
KBC065,20130925,114.72,114.72,114.72,114.72,0
KBC065,20130926,114.55,114.55,114.55,114.55,0
KBC065,20130927,114.77,114.77,114.77,114.77,0
KBC065,20130930,114.39,114.39,114.39,114.39,0
KBC065,20131001,114.06,114.06,114.06,114.06,0
KBC065,20131002,114.53,114.53,114.53,114.53,0
KBC065,20131003,114.02,114.02,114.02,114.02,0
KBC065,20131004,113.76,113.76,113.76,113.76,0
KBC065,20131007,114.08,114.08,114.08,114.08,0
KBC065,20131008,113.60,113.60,113.60,113.60,0
KBC065,20131009,113.55,113.55,113.55,113.55,0
KBC065,20131010,113.35,113.35,113.35,113.35,0
KBC065,20131011,113.89,113.89,113.89,113.89,0
KBC065,20131014,114.44,114.44,114.44,114.44,0
KBC065,20131015,114.57,114.57,114.57,114.57,0
KBC065,20131016,114.58,114.58,114.58,114.58,0
KBC065,20131017,114.89,114.89,114.89,114.89,0
KBC065,20131018,114.99,114.99,114.99,114.99,0
KBC065,20131021,115.18,115.18,115.18,115.18,0
KBC065,20131022,115.36,115.36,115.36,115.36,0
KBC065,20131023,115.54,115.54,115.54,115.54,0
KBC065,20131024,115.42,115.42,115.42,115.42,0
KBC065,20131025,115.38,115.38,115.38,115.38,0
KBC065,20131028,115.35,115.35,115.35,115.35,0
KBC065,20131029,115.65,115.65,115.65,115.65,0
KBC065,20131030,115.61,115.61,115.61,115.61,0
KBC065,20131031,115.57,115.57,115.57,115.57,0
KBC065,20131104,115.72,115.72,115.72,115.72,0
KBC065,20131105,115.66,115.66,115.66,115.66,0
KBC065,20131106,115.44,115.44,115.44,115.44,0
KBC065,20131107,115.71,115.71,115.71,115.71,0
KBC065,20131108,115.46,115.46,115.46,115.46,0
KBC065,20131112,115.70,115.70,115.70,115.70,0
KBC065,20131113,115.76,115.76,115.76,115.76,0
KBC065,20131114,115.59,115.59,115.59,115.59,0
KBC065,20131115,115.73,115.73,115.73,115.73,0
KBC065,20131118,115.70,115.70,115.70,115.70,0
KBC065,20131119,115.75,115.75,115.75,115.75,0
KBC065,20131120,115.59,115.59,115.59,115.59,0
KBC065,20131121,115.74,115.74,115.74,115.74,0
KBC065,20131122,115.74,115.74,115.74,115.74,0
KBC065,20131125,115.70,115.70,115.70,115.70,0
KBC065,20131126,115.68,115.68,115.68,115.68,0
KBC065,20131127,115.32,115.32,115.32,115.32,0
KBC065,20131128,115.29,115.29,115.29,115.29,0
KBC065,20131129,115.38,115.38,115.38,115.38,0
KBC065,20131202,115.32,115.32,115.32,115.32,0
KBC065,20131203,115.29,115.29,115.29,115.29,0
KBC065,20131204,114.86,114.86,114.86,114.86,0
KBC065,20131205,114.63,114.63,114.63,114.63,0
KBC065,20131206,114.22,114.22,114.22,114.22,0
KBC065,20131209,114.60,114.60,114.60,114.60,0
KBC065,20131210,114.78,114.78,114.78,114.78,0
KBC065,20131211,114.49,114.49,114.49,114.49,0
KBC065,20131212,114.01,114.01,114.01,114.01,0
KBC065,20131213,113.78,113.78,113.78,113.78,0
KBC065,20131216,113.96,113.96,113.96,113.96,0
KBC065,20131217,114.14,114.14,114.14,114.14,0
KBC065,20131218,114.28,114.28,114.28,114.28,0
KBC065,20131219,114.63,114.63,114.63,114.63,0
KBC065,20131220,114.95,114.95,114.95,114.95,0
KBC065,20131223,115.13,115.13,115.13,115.13,0
KBC065,20131227,114.91,114.91,114.91,114.91,0
KBC065,20131230,115.20,115.20,115.20,115.20,0
KBC065,20140102,115.16,115.16,115.16,115.16,0
KBC065,20140103,115.15,115.15,115.15,115.15,0
KBC065,20140107,115.09,115.09,115.09,115.09,0
KBC065,20140108,115.30,115.30,115.30,115.30,0
KBC065,20140109,115.41,115.41,115.41,115.41,0
KBC065,20140110,115.41,115.41,115.41,115.41,0
KBC065,20140113,115.43,115.43,115.43,115.43,0
KBC065,20140114,115.17,115.17,115.17,115.17,0
KBC065,20140115,115.22,115.22,115.22,115.22,0
KBC065,20140116,115.80,115.80,115.80,115.80,0
KBC065,20140117,115.84,115.84,115.84,115.84,0
KBC065,20140120,115.97,115.97,115.97,115.97,0
KBC065,20140121,115.90,115.90,115.90,115.90,0
KBC065,20140122,116.05,116.05,116.05,116.05,0
KBC065,20140123,115.99,115.99,115.99,115.99,0
KBC065,20140124,115.67,115.67,115.67,115.67,0
KBC065,20140127,114.73,114.73,114.73,114.73,0
KBC065,20140128,114.07,114.07,114.07,114.07,0
KBC065,20140129,114.17,114.17,114.17,114.17,0
KBC065,20140130,113.98,113.98,113.98,113.98,0
KBC065,20140131,113.84,113.84,113.84,113.84,0
KBC065,20140203,113.97,113.97,113.97,113.97,0
KBC065,20140204,113.34,113.34,113.34,113.34,0
KBC065,20140205,113.08,113.08,113.08,113.08,0
KBC065,20140206,113.26,113.26,113.26,113.26,0
KBC065,20140207,113.75,113.75,113.75,113.75,0
KBC065,20140210,114.02,114.02,114.02,114.02,0
KBC065,20140211,113.82,113.82,113.82,113.82,0
KBC065,20140212,114.00,114.00,114.00,114.00,0
KBC065,20140213,114.32,114.32,114.32,114.32,0
KBC065,20140214,114.15,114.15,114.15,114.15,0
KBC065,20140217,114.23,114.23,114.23,114.23,0
KBC065,20140218,114.45,114.45,114.45,114.45,0
KBC065,20140219,114.33,114.33,114.33,114.33,0
KBC065,20140220,114.56,114.56,114.56,114.56,0
KBC065,20140221,114.67,114.67,114.67,114.67,0
KBC065,20140224,114.80,114.80,114.80,114.80,0
KBC065,20140225,114.98,114.98,114.98,114.98,0
KBC065,20140226,114.83,114.83,114.83,114.83,0
KBC065,20140227,115.44,115.44,115.44,115.44,0
KBC065,20140228,115.14,115.14,115.14,115.14,0
KBC065,20140303,115.29,115.29,115.29,115.29,0
KBC065,20140304,114.91,114.91,114.91,114.91,0
KBC065,20140305,115.86,115.86,115.86,115.86,0
KBC065,20140306,115.89,115.89,115.89,115.89,0
KBC065,20140307,115.70,115.70,115.70,115.70,0
KBC065,20140310,115.69,115.69,115.69,115.69,0
KBC065,20140311,115.58,115.58,115.58,115.58,0
KBC065,20140312,115.64,115.64,115.64,115.64,0
KBC065,20140313,115.06,115.06,115.06,115.06,0
KBC065,20140314,114.86,114.86,114.86,114.86,0
KBC065,20140317,114.60,114.60,114.60,114.60,0
KBC065,20140318,115.07,115.07,115.07,115.07,0
KBC065,20140319,115.09,115.09,115.09,115.09,0
KBC065,20140320,114.81,114.81,114.81,114.81,0
KBC065,20140321,114.82,114.82,114.82,114.82,0
KBC065,20140324,114.99,114.99,114.99,114.99,0
KBC065,20140325,114.79,114.79,114.79,114.79,0
KBC065,20140326,115.06,115.06,115.06,115.06,0
KBC065,20140327,115.16,115.16,115.16,115.16,0
KBC065,20140328,115.27,115.27,115.27,115.27,0
KBC065,20140331,115.46,115.46,115.46,115.46,0
KBC065,20140401,115.74,115.74,115.74,115.74,0
KBC065,20140402,115.97,115.97,115.97,115.97,0
KBC065,20140403,116.24,116.24,116.24,116.24,0
KBC065,20140404,116.54,116.54,116.54,116.54,0
KBC065,20140407,116.72,116.72,116.72,116.72,0
KBC065,20140408,116.21,116.21,116.21,116.21,0
KBC065,20140409,116.19,116.19,116.19,116.19,0
KBC065,20140410,116.42,116.42,116.42,116.42,0
KBC065,20140411,115.97,115.97,115.97,115.97,0
KBC065,20140414,115.62,115.62,115.62,115.62,0
KBC065,20140415,115.79,115.79,115.79,115.79,0
KBC065,20140416,115.60,115.60,115.60,115.60,0
KBC065,20140417,116.10,116.10,116.10,116.10,0
KBC065,20140422,116.14,116.14,116.14,116.14,0
KBC065,20140423,116.43,116.43,116.43,116.43,0
KBC065,20140424,116.38,116.38,116.38,116.38,0
KBC065,20140425,116.55,116.55,116.55,116.55,0
KBC065,20140428,116.24,116.24,116.24,116.24,0
KBC065,20140429,116.19,116.19,116.19,116.19,0
KBC065,20140430,116.80,116.80,116.80,116.80,0
KBC065,20140502,116.66,116.66,116.66,116.66,0
KBC065,20140505,116.95,116.95,116.95,116.95,0
KBC065,20140506,116.79,116.79,116.79,116.79,0
KBC065,20140507,116.81,116.81,116.81,116.81,0
KBC065,20140508,116.83,116.83,116.83,116.83,0
KBC065,20140509,117.13,117.13,117.13,117.13,0
KBC065,20140512,117.26,117.26,117.26,117.26,0
KBC065,20140513,117.78,117.78,117.78,117.78,0
KBC065,20140514,118.32,118.32,118.32,118.32,0
KBC065,20140515,118.46,118.46,118.46,118.46,0
KBC065,20140516,118.09,118.09,118.09,118.09,0
KBC065,20140519,118.05,118.05,118.05,118.05,0
KBC065,20140520,117.86,117.86,117.86,117.86,0
KBC065,20140521,117.86,117.86,117.86,117.86,0
KBC065,20140522,118.35,118.35,118.35,118.35,0
KBC065,20140523,118.37,118.37,118.37,118.37,0
KBC065,20140526,118.67,118.67,118.67,118.67,0
KBC065,20140527,118.89,118.89,118.89,118.89,0
KBC065,20140528,119.22,119.22,119.22,119.22,0
KBC065,20140529,118.84,118.84,118.84,118.84,0
KBC065,20140530,118.75,118.75,118.75,118.75,0
KBC065,20140602,118.77,118.77,118.77,118.77,0
KBC065,20140603,118.99,118.99,118.99,118.99,0
KBC065,20140604,119.13,119.13,119.13,119.13,0
KBC065,20140605,118.74,118.74,118.74,118.74,0
KBC065,20140606,119.33,119.33,119.33,119.33,0
KBC065,20140609,119.01,119.01,119.01,119.01,0
KBC065,20140610,119.44,119.44,119.44,119.44,0
KBC065,20140611,119.81,119.81,119.81,119.81,0
KBC065,20140612,119.65,119.65,119.65,119.65,0
KBC065,20140613,119.75,119.75,119.75,119.75,0
KBC065,20140616,120.08,120.08,120.08,120.08,0
KBC065,20140617,119.55,119.55,119.55,119.55,0
KBC065,20140618,119.78,119.78,119.78,119.78,0
KBC065,20140620,119.74,119.74,119.74,119.74,0
KBC065,20140623,120.14,120.14,120.14,120.14,0
KBC065,20140624,120.29,120.29,120.29,120.29,0
KBC065,20140625,120.18,120.18,120.18,120.18,0
KBC065,20140626,119.91,119.91,119.91,119.91,0
KBC065,20140627,120.20,120.20,120.20,120.20,0
KBC065,20140630,120.19,120.19,120.19,120.19,0
KBC065,20140701,120.08,120.08,120.08,120.08,0
KBC065,20140702,120.37,120.37,120.37,120.37,0
KBC065,20140703,120.41,120.41,120.41,120.41,0
KBC065,20140704,120.94,120.94,120.94,120.94,0
KBC065,20140707,121.01,121.01,121.01,121.01,0
KBC065,20140708,120.89,120.89,120.89,120.89,0
KBC065,20140709,120.30,120.30,120.30,120.30,0
KBC065,20140710,120.29,120.29,120.29,120.29,0
KBC065,20140711,120.15,120.15,120.15,120.15,0
KBC065,20140714,120.12,120.12,120.12,120.12,0
KBC065,20140715,120.30,120.30,120.30,120.30,0
KBC065,20140716,120.43,120.43,120.43,120.43,0
KBC065,20140717,121.03,121.03,121.03,121.03,0
KBC065,20140718,120.87,120.87,120.87,120.87,0
KBC065,20140721,120.84,120.84,120.84,120.84,0
KBC065,20140722,121.15,121.15,121.15,121.15,0
KBC065,20140723,121.80,121.80,121.80,121.80,0
KBC065,20140724,121.79,121.79,121.79,121.79,0
KBC065,20140725,122.15,122.15,122.15,122.15,0
KBC065,20140728,122.13,122.13,122.13,122.13,0
KBC065,20140729,122.35,122.35,122.35,122.35,0
KBC065,20140730,122.28,122.28,122.28,122.28,0
KBC065,20140731,121.81,121.81,121.81,121.81,0
KBC065,20140801,121.33,121.33,121.33,121.33,0
KBC065,20140804,121.08,121.08,121.08,121.08,0
KBC065,20140805,120.84,120.84,120.84,120.84,0
KBC065,20140806,120.92,120.92,120.92,120.92,0
KBC065,20140807,121.02,121.02,121.02,121.02,0
KBC065,20140808,120.95,120.95,120.95,120.95,0
KBC065,20140811,120.85,120.85,120.85,120.85,0
KBC065,20140812,121.32,121.32,121.32,121.32,0
KBC065,20140813,121.44,121.44,121.44,121.44,0
KBC065,20140814,121.63,121.63,121.63,121.63,0
KBC065,20140818,122.10,122.10,122.10,122.10,0
KBC065,20140819,122.59,122.59,122.59,122.59,0
KBC065,20140820,122.92,122.92,122.92,122.92,0
KBC065,20140821,123.03,123.03,123.03,123.03,0
KBC065,20140822,123.20,123.20,123.20,123.20,0
KBC065,20140825,123.34,123.34,123.34,123.34,0
KBC065,20140826,123.66,123.66,123.66,123.66,0
KBC065,20140827,124.05,124.05,124.05,124.05,0
KBC065,20140828,124.16,124.16,124.16,124.16,0
KBC065,20140829,124.15,124.15,124.15,124.15,0
KBC065,20140901,124.22,124.22,124.22,124.22,0
KBC065,20140902,124.17,124.17,124.17,124.17,0
KBC065,20140903,124.36,124.36,124.36,124.36,0
KBC065,20140904,124.72,124.72,124.72,124.72,0
KBC065,20140905,124.76,124.76,124.76,124.76,0
KBC065,20140908,125.00,125.00,125.00,125.00,0
KBC065,20140909,124.69,124.69,124.69,124.69,0
KBC065,20140910,124.71,124.71,124.71,124.71,0
KBC065,20140911,124.70,124.70,124.70,124.70,0
KBC065,20140912,124.55,124.55,124.55,124.55,0
KBC065,20140915,124.61,124.61,124.61,124.61,0
KBC065,20140916,124.68,124.68,124.68,124.68,0
KBC065,20140917,124.64,124.64,124.64,124.64,0
KBC065,20140918,124.60,124.60,124.60,124.60,0
KBC065,20140919,124.66,124.66,124.66,124.66,0
KBC065,20140922,124.77,124.77,124.77,124.77,0
KBC065,20140923,124.76,124.76,124.76,124.76,0
KBC065,20140924,124.91,124.91,124.91,124.91,0
KBC065,20140925,125.03,125.03,125.03,125.03,0
KBC065,20140926,124.89,124.89,124.89,124.89,0
KBC065,20140929,124.89,124.89,124.89,124.89,0
KBC065,20140930,124.61,124.61,124.61,124.61,0
KBC065,20141001,124.64,124.64,124.64,124.64,0
KBC065,20141002,124.62,124.62,124.62,124.62,0
KBC065,20141003,124.61,124.61,124.61,124.61,0
KBC065,20141006,124.71,124.71,124.71,124.71,0
KBC065,20141007,124.82,124.82,124.82,124.82,0
KBC065,20141008,124.91,124.91,124.91,124.91,0
KBC065,20141009,126.04,126.04,126.04,126.04,0
KBC065,20141010,126.02,126.02,126.02,126.02,0
KBC065,20141013,126.07,126.07,126.07,126.07,0
KBC065,20141014,126.19,126.19,126.19,126.19,0
KBC065,20141015,126.22,126.22,126.22,126.22,0
KBC065,20141016,126.02,126.02,126.02,126.02,0
KBC065,20141017,126.08,126.08,126.08,126.08,0
KBC065,20141020,126.06,126.06,126.06,126.06,0
KBC065,20141021,126.06,126.06,126.06,126.06,0
KBC065,20141022,126.07,126.07,126.07,126.07,0
KBC065,20141023,126.06,126.06,126.06,126.06,0
KBC065,20141024,126.06,126.06,126.06,126.06,0
KBC065,20141027,126.12,126.12,126.12,126.12,0
KBC065,20141028,126.13,126.13,126.13,126.13,0
KBC065,20141029,126.14,126.14,126.14,126.14,0
KBC065,20141030,126.11,126.11,126.11,126.11,0
KBC065,20141031,126.17,126.17,126.17,126.17,0
KBC065,20141103,126.18,126.18,126.18,126.18,0
KBC065,20141104,126.18,126.18,126.18,126.18,0
KBC065,20141105,126.17,126.17,126.17,126.17,0
KBC065,20141106,126.15,126.15,126.15,126.15,0
KBC065,20141107,126.15,126.15,126.15,126.15,0
KBC065,20141110,126.20,126.20,126.20,126.20,0
KBC065,20141112,126.20,126.20,126.20,126.20,0
KBC065,20141113,126.26,126.26,126.26,126.26,0
KBC065,20141114,126.22,126.22,126.22,126.22,0
KBC065,20141117,126.23,126.23,126.23,126.23,0
KBC065,20141118,126.23,126.23,126.23,126.23,0
KBC065,20141119,126.21,126.21,126.21,126.21,0
KBC065,20141120,126.24,126.24,126.24,126.24,0
KBC065,20141121,126.30,126.30,126.30,126.30,0
KBC065,20141124,126.31,126.31,126.31,126.31,0
KBC065,20141125,126.34,126.34,126.34,126.34,0
KBC065,20141126,126.39,126.39,126.39,126.39,0
KBC065,20141127,126.40,126.40,126.40,126.40,0
KBC065,20141128,126.42,126.42,126.42,126.42,0
KBC065,20141201,126.41,126.41,126.41,126.41,0
KBC065,20141202,126.41,126.41,126.41,126.41,0
KBC065,20141203,126.38,126.38,126.38,126.38,0
KBC065,20141204,126.41,126.41,126.41,126.41,0
KBC065,20141205,126.39,126.39,126.39,126.39,0
KBC065,20141208,126.42,126.42,126.42,126.42,0
KBC065,20141209,126.42,126.42,126.42,126.42,0
KBC065,20141210,126.42,126.42,126.42,126.42,0
KBC065,20141211,126.42,126.42,126.42,126.42,0
KBC065,20141212,126.44,126.44,126.44,126.44,0
KBC065,20141215,126.46,126.46,126.46,126.46,0
KBC065,20141216,126.41,126.41,126.41,126.41,0
KBC065,20141217,126.42,126.42,126.42,126.42,0
KBC065,20141218,126.43,126.43,126.43,126.43,0
KBC065,20141219,126.34,126.34,126.34,126.34,0
KBC065,20141222,126.37,126.37,126.37,126.37,0
KBC065,20141223,126.37,126.37,126.37,126.37,0
KBC065,20141229,126.41,126.41,126.41,126.41,0
KBC065,20141230,126.42,126.42,126.42,126.42,0
KBC065,20150102,126.52,126.52,126.52,126.52,0
KBC065,20150105,126.55,126.55,126.55,126.55,0
KBC065,20150107,126.61,126.61,126.61,126.61,0
KBC065,20150108,126.62,126.62,126.62,126.62,0
KBC065,20150109,126.61,126.61,126.61,126.61,0
KBC065,20150112,126.66,126.66,126.66,126.66,0
KBC065,20150113,126.66,126.66,126.66,126.66,0
KBC065,20150114,126.70,126.70,126.70,126.70,0
KBC065,20150115,126.70,126.70,126.70,126.70,0
KBC065,20150116,126.91,126.91,126.91,126.91,0
KBC065,20150119,126.92,126.92,126.92,126.92,0
KBC065,20150120,126.93,126.93,126.93,126.93,0
KBC065,20150121,126.94,126.94,126.94,126.94,0
KBC065,20150122,126.98,126.98,126.98,126.98,0
KBC065,20150123,127.07,127.07,127.07,127.07,0
KBC065,20150126,127.10,127.10,127.10,127.10,0
KBC065,20150127,127.09,127.09,127.09,127.09,0
KBC065,20150128,127.11,127.11,127.11,127.11,0
KBC065,20150129,127.16,127.16,127.16,127.16,0
KBC065,20150130,127.20,127.20,127.20,127.20,0
KBC065,20150202,127.21,127.21,127.21,127.21,0
KBC065,20150203,127.23,127.23,127.23,127.23,0
KBC065,20150204,127.24,127.24,127.24,127.24,0
KBC065,20150205,127.27,127.27,127.27,127.27,0
KBC065,20150206,127.25,127.25,127.25,127.25,0
KBC065,20150209,127.18,127.18,127.18,127.18,0
KBC065,20150210,127.22,127.22,127.22,127.22,0
KBC065,20150211,127.21,127.21,127.21,127.21,0
KBC065,20150212,127.33,127.33,127.33,127.33,0
KBC065,20150213,127.33,127.33,127.33,127.33,0
KBC065,20150216,127.36,127.36,127.36,127.36,0
KBC065,20150217,127.34,127.34,127.34,127.34,0
KBC065,20150218,127.36,127.36,127.36,127.36,0
KBC065,20150219,127.36,127.36,127.36,127.36,0
KBC065,20150220,127.36,127.36,127.36,127.36,0
KBC065,20150223,127.40,127.40,127.40,127.40,0
KBC065,20150224,127.43,127.43,127.43,127.43,0
KBC065,20150225,127.42,127.42,127.42,127.42,0
KBC065,20150226,127.44,127.44,127.44,127.44,0
KBC065,20150227,127.42,127.42,127.42,127.42,0
KBC065,20150302,127.47,127.47,127.47,127.47,0
KBC065,20150303,127.47,127.47,127.47,127.47,0
KBC065,20150304,127.53,127.53,127.53,127.53,0
KBC065,20150305,127.54,127.54,127.54,127.54,0
KBC065,20150306,127.54,127.54,127.54,127.54,0
KBC065,20150309,127.54,127.54,127.54,127.54,0
KBC065,20150310,127.54,127.54,127.54,127.54,0
KBC065,20150311,127.54,127.54,127.54,127.54,0
KBC065,20150312,127.77,127.77,127.77,127.77,0
KBC065,20150313,127.78,127.78,127.78,127.78,0
KBC065,20150316,127.85,127.85,127.85,127.85,0
KBC065,20150317,127.86,127.86,127.86,127.86,0
KBC065,20150318,127.88,127.88,127.88,127.88,0
KBC065,20150319,128.23,128.23,128.23,128.23,0
KBC065,20150320,128.35,128.35,128.35,128.35,0
KBC065,20150323,128.33,128.33,128.33,128.33,0
KBC065,20150324,128.34,128.34,128.34,128.34,0
KBC065,20150325,128.38,128.38,128.38,128.38,0
KBC065,20150326,128.37,128.37,128.37,128.37,0
KBC065,20150327,128.38,128.38,128.38,128.38,0
KBC065,20150330,128.41,128.41,128.41,128.41,0
KBC065,20150331,128.40,128.40,128.40,128.40,0
KBC065,20150401,128.43,128.43,128.43,128.43,0
KBC065,20150402,128.41,128.41,128.41,128.41,0
KBC065,20150407,128.48,128.48,128.48,128.48,0
KBC065,20150408,128.51,128.51,128.51,128.51,0
KBC065,20150409,128.47,128.47,128.47,128.47,0
KBC065,20150410,128.48,128.48,128.48,128.48,0
KBC065,20150413,128.46,128.46,128.46,128.46,0
KBC065,20150414,128.50,128.50,128.50,128.50,0
KBC065,20150415,128.55,128.55,128.55,128.55,0
KBC065,20150416,128.53,128.53,128.53,128.53,0
KBC065,20150417,128.51,128.51,128.51,128.51,0
KBC065,20150420,128.52,128.52,128.52,128.52,0
KBC065,20150421,128.46,128.46,128.46,128.46,0
KBC065,20150422,128.33,128.33,128.33,128.33,0
KBC065,20150423,128.35,128.35,128.35,128.35,0
KBC065,20150424,128.37,128.37,128.37,128.37,0
KBC065,20150427,128.36,128.36,128.36,128.36,0
KBC065,20150428,128.23,128.23,128.23,128.23,0
KBC065,20150429,128.12,128.12,128.12,128.12,0
KBC065,20150430,128.11,128.11,128.11,128.11,0
KBC065,20150504,128.06,128.06,128.06,128.06,0
KBC065,20150505,127.84,127.84,127.84,127.84,0
KBC065,20150506,127.47,127.47,127.47,127.47,0
KBC065,20150507,127.75,127.75,127.75,127.75,0
KBC065,20150508,127.90,127.90,127.90,127.90,0
KBC065,20150511,127.79,127.79,127.79,127.79,0
KBC065,20150512,127.76,127.76,127.76,127.76,0
KBC065,20150513,127.79,127.79,127.79,127.79,0
KBC065,20150514,127.81,127.81,127.81,127.81,0
KBC065,20150515,127.83,127.83,127.83,127.83,0
KBC065,20150518,127.85,127.85,127.85,127.85,0
KBC065,20150519,127.87,127.87,127.87,127.87,0
KBC065,20150520,127.88,127.88,127.88,127.88,0
KBC065,20150521,127.89,127.89,127.89,127.89,0
KBC065,20150522,127.91,127.91,127.91,127.91,0
KBC065,20150525,127.90,127.90,127.90,127.90,0
KBC065,20150526,128.03,128.03,128.03,128.03,0
KBC065,20150527,128.04,128.04,128.04,128.04,0
KBC065,20150528,128.03,128.03,128.03,128.03,0
KBC065,20150529,127.99,127.99,127.99,127.99,0
KBC065,20150601,128.04,128.04,128.04,128.04,0
KBC065,20150602,128.15,128.15,128.15,128.15,0
KBC065,20150603,128.22,128.22,128.22,128.22,0
KBC065,20150605,128.25,128.25,128.25,128.25,0
KBC065,20150608,128.33,128.33,128.33,128.33,0
KBC065,20150609,128.36,128.36,128.36,128.36,0
KBC065,20150610,128.37,128.37,128.37,128.37,0
KBC065,20150611,128.33,128.33,128.33,128.33,0
KBC065,20150612,128.56,128.56,128.56,128.56,0
KBC065,20150615,128.60,128.60,128.60,128.60,0
KBC065,20150616,128.53,128.53,128.53,128.53,0
KBC065,20150617,128.58,128.58,128.58,128.58,0
KBC065,20150618,128.57,128.57,128.57,128.57,0
KBC065,20150622,128.61,128.61,128.61,128.61,0
KBC065,20150623,128.57,128.57,128.57,128.57,0
KBC065,20150624,128.59,128.59,128.59,128.59,0
KBC065,20150625,128.58,128.58,128.58,128.58,0
KBC065,20150626,128.62,128.62,128.62,128.62,0
KBC065,20150629,128.53,128.53,128.53,128.53,0
KBC065,20150630,128.54,128.54,128.54,128.54,0
KBC065,20150701,128.55,128.55,128.55,128.55,0
KBC065,20150702,128.62,128.62,128.62,128.62,0
KBC065,20150703,128.65,128.65,128.65,128.65,0
KBC065,20150706,128.68,128.68,128.68,128.68,0
KBC065,20150707,128.68,128.68,128.68,128.68,0
KBC065,20150708,128.62,128.62,128.62,128.62,0
KBC065,20150709,128.63,128.63,128.63,128.63,0
KBC065,20150710,128.70,128.70,128.70,128.70,0
KBC065,20150713,128.74,128.74,128.74,128.74,0
KBC065,20150714,128.80,128.80,128.80,128.80,0
KBC065,20150715,128.77,128.77,128.77,128.77,0
KBC065,20150716,128.75,128.75,128.75,128.75,0
KBC065,20150717,128.70,128.70,128.70,128.70,0
KBC065,20150720,128.69,128.69,128.69,128.69,0
KBC065,20150721,128.77,128.77,128.77,128.77,0
KBC065,20150722,128.75,128.75,128.75,128.75,0
KBC065,20150723,128.78,128.78,128.78,128.78,0
KBC065,20150724,128.77,128.77,128.77,128.77,0
KBC065,20150727,128.78,128.78,128.78,128.78,0
KBC065,20150728,128.80,128.80,128.80,128.80,0
KBC065,20150729,128.83,128.83,128.83,128.83,0
KBC065,20150730,128.88,128.88,128.88,128.88,0
KBC065,20150731,128.88,128.88,128.88,128.88,0
KBC065,20150803,129.00,129.00,129.00,129.00,0
KBC065,20150804,128.99,128.99,128.99,128.99,0
KBC065,20150805,129.06,129.06,129.06,129.06,0
KBC065,20150806,129.06,129.06,129.06,129.06,0
KBC065,20150807,129.05,129.05,129.05,129.05,0
KBC065,20150810,129.03,129.03,129.03,129.03,0
KBC065,20150811,128.99,128.99,128.99,128.99,0
KBC065,20150812,128.96,128.96,128.96,128.96,0
KBC065,20150813,128.96,128.96,128.96,128.96,0
KBC065,20150814,128.92,128.92,128.92,128.92,0
KBC065,20150817,128.92,128.92,128.92,128.92,0
KBC065,20150818,128.95,128.95,128.95,128.95,0
KBC065,20150819,128.95,128.95,128.95,128.95,0
KBC065,20150820,128.94,128.94,128.94,128.94,0
KBC065,20150821,128.95,128.95,128.95,128.95,0
KBC065,20150824,129.01,129.01,129.01,129.01,0
KBC065,20150825,129.10,129.10,129.10,129.10,0
KBC065,20150826,129.08,129.08,129.08,129.08,0
KBC065,20150827,129.10,129.10,129.10,129.10,0
KBC065,20150828,129.09,129.09,129.09,129.09,0
KBC065,20150831,129.11,129.11,129.11,129.11,0
KBC065,20150901,129.18,129.18,129.18,129.18,0
KBC065,20150902,129.19,129.19,129.19,129.19,0
KBC065,20150903,129.16,129.16,129.16,129.16,0
KBC065,20150904,129.13,129.13,129.13,129.13,0
KBC065,20150907,129.13,129.13,129.13,129.13,0
KBC065,20150908,129.20,129.20,129.20,129.20,0
KBC065,20150909,129.23,129.23,129.23,129.23,0
KBC065,20150910,129.10,129.10,129.10,129.10,0
KBC065,20150911,128.89,128.89,128.89,128.89,0
KBC065,20150914,128.98,128.98,128.98,128.98,0
KBC065,20150915,129.04,129.04,129.04,129.04,0
KBC065,20150916,129.00,129.00,129.00,129.00,0
KBC065,20150917,128.97,128.97,128.97,128.97,0
KBC065,20150918,128.92,128.92,128.92,128.92,0
KBC065,20150921,128.97,128.97,128.97,128.97,0
KBC065,20150922,128.99,128.99,128.99,128.99,0
KBC065,20150923,128.97,128.97,128.97,128.97,0
KBC065,20150924,129.01,129.01,129.01,129.01,0
KBC065,20150925,129.05,129.05,129.05,129.05,0
KBC065,20150928,129.04,129.04,129.04,129.04,0
KBC065,20150929,129.02,129.02,129.02,129.02,0
KBC065,20150930,129.05,129.05,129.05,129.05,0
KBC065,20151001,129.04,129.04,129.04,129.04,0
KBC065,20151002,128.98,128.98,128.98,128.98,0
KBC065,20151005,129.00,129.00,129.00,129.00,0
KBC065,20151006,129.01,129.01,129.01,129.01,0
KBC065,20151007,129.06,129.06,129.06,129.06,0
KBC065,20151008,129.08,129.08,129.08,129.08,0
KBC065,20151009,129.10,129.10,129.10,129.10,0
KBC065,20151012,129.13,129.13,129.13,129.13,0
KBC065,20151013,129.16,129.16,129.16,129.16,0
KBC065,20151014,129.15,129.15,129.15,129.15,0
KBC065,20151015,129.14,129.14,129.14,129.14,0
KBC065,20151016,129.14,129.14,129.14,129.14,0
KBC065,20151019,129.18,129.18,129.18,129.18,0
KBC065,20151020,129.20,129.20,129.20,129.20,0
KBC065,20151021,129.22,129.22,129.22,129.22,0
KBC065,20151022,129.16,129.16,129.16,129.16,0
KBC065,20151023,129.16,129.16,129.16,129.16,0
KBC065,20151026,129.25,129.25,129.25,129.25,0
KBC065,20151027,129.17,129.17,129.17,129.17,0
KBC065,20151028,129.15,129.15,129.15,129.15,0
KBC065,20151029,129.18,129.18,129.18,129.18,0
KBC065,20151030,129.16,129.16,129.16,129.16,0
KBC065,20151102,129.20,129.20,129.20,129.20,0
KBC065,20151103,129.21,129.21,129.21,129.21,0
KBC065,20151104,129.22,129.22,129.22,129.22,0
KBC065,20151105,129.20,129.20,129.20,129.20,0
KBC065,20151106,129.22,129.22,129.22,129.22,0
KBC065,20151109,129.26,129.26,129.26,129.26,0
KBC065,20151110,129.24,129.24,129.24,129.24,0
KBC065,20151112,129.24,129.24,129.24,129.24,0
KBC065,20151113,129.26,129.26,129.26,129.26,0
KBC065,20151116,129.25,129.25,129.25,129.25,0
KBC065,20151117,129.25,129.25,129.25,129.25,0
KBC065,20151118,129.17,129.17,129.17,129.17,0
KBC065,20151119,129.20,129.20,129.20,129.20,0
KBC065,20151120,129.12,129.12,129.12,129.12,0
KBC065,20151123,129.19,129.19,129.19,129.19,0
KBC065,20151124,129.18,129.18,129.18,129.18,0
KBC065,20151125,129.17,129.17,129.17,129.17,0
KBC065,20151126,129.17,129.17,129.17,129.17,0
KBC065,20151127,129.18,129.18,129.18,129.18,0
KBC065,20151130,129.23,129.23,129.23,129.23,0
KBC065,20151201,129.19,129.19,129.19,129.19,0
KBC065,20151202,129.18,129.18,129.18,129.18,0
KBC065,20151203,129.16,129.16,129.16,129.16,0
KBC065,20151204,129.09,129.09,129.09,129.09,0
KBC065,20151207,129.09,129.09,129.09,129.09,0
KBC065,20151208,129.07,129.07,129.07,129.07,0
KBC065,20151209,129.08,129.08,129.08,129.08,0
KBC065,20151210,129.10,129.10,129.10,129.10,0
KBC065,20151211,129.11,129.11,129.11,129.11,0
KBC065,20151214,129.11,129.11,129.11,129.11,0
KBC065,20151215,128.87,128.87,128.87,128.87,0
KBC065,20151216,128.87,128.87,128.87,128.87,0
KBC065,20151217,128.93,128.93,128.93,128.93,0
KBC065,20151218,128.87,128.87,128.87,128.87,0
KBC065,20151221,128.89,128.89,128.89,128.89,0
KBC065,20151222,128.91,128.91,128.91,128.91,0
KBC065,20151223,128.88,128.88,128.88,128.88,0
KBC065,20151228,128.96,128.96,128.96,128.96,0
KBC065,20151229,129.06,129.06,129.06,129.06,0
KBC065,20151230,129.22,129.22,129.22,129.22,0
KBC065,20160104,129.16,129.16,129.16,129.16,0
KBC065,20160105,129.34,129.34,129.34,129.34,0
KBC065,20160107,129.57,129.57,129.57,129.57,0
KBC065,20160108,129.66,129.66,129.66,129.66,0
KBC065,20160111,129.76,129.76,129.76,129.76,0
KBC065,20160112,129.76,129.76,129.76,129.76,0
KBC065,20160113,129.79,129.79,129.79,129.79,0
KBC065,20160114,129.58,129.58,129.58,129.58,0
KBC065,20160115,129.54,129.54,129.54,129.54,0
KBC065,20160118,129.36,129.36,129.36,129.36,0
KBC065,20160119,129.48,129.48,129.48,129.48,0
KBC065,20160120,129.28,129.28,129.28,129.28,0
KBC065,20160121,129.35,129.35,129.35,129.35,0
KBC065,20160122,129.39,129.39,129.39,129.39,0
KBC065,20160125,129.39,129.39,129.39,129.39,0
KBC065,20160126,129.33,129.33,129.33,129.33,0
KBC065,20160127,129.29,129.29,129.29,129.29,0
KBC065,20160128,129.26,129.26,129.26,129.26,0
KBC065,20160129,129.27,129.27,129.27,129.27,0
KBC065,20160201,129.26,129.26,129.26,129.26,0
KBC065,20160202,129.22,129.22,129.22,129.22,0
KBC065,20160203,129.20,129.20,129.20,129.20,0
KBC065,20160204,129.22,129.22,129.22,129.22,0
KBC065,20160205,129.23,129.23,129.23,129.23,0
KBC065,20160208,129.29,129.29,129.29,129.29,0
KBC065,20160209,129.24,129.24,129.24,129.24,0
KBC065,20160210,129.21,129.21,129.21,129.21,0
KBC065,20160211,129.14,129.14,129.14,129.14,0
KBC065,20160212,129.15,129.15,129.15,129.15,0
KBC065,20160215,129.16,129.16,129.16,129.16,0
KBC065,20160216,129.20,129.20,129.20,129.20,0
KBC065,20160217,129.22,129.22,129.22,129.22,0
KBC065,20160218,129.49,129.49,129.49,129.49,0
KBC065,20160219,129.55,129.55,129.55,129.55,0
KBC065,20160222,129.60,129.60,129.60,129.60,0
KBC065,20160223,129.63,129.63,129.63,129.63,0
KBC065,20160224,129.51,129.51,129.51,129.51,0
KBC065,20160225,129.60,129.60,129.60,129.60,0
KBC065,20160226,129.60,129.60,129.60,129.60,0
KBC065,20160229,129.63,129.63,129.63,129.63,0
KBC065,20160301,130.02,130.02,130.02,130.02,0
KBC065,20160302,129.77,129.77,129.77,129.77,0
KBC065,20160303,129.71,129.71,129.71,129.71,0
KBC065,20160304,129.75,129.75,129.75,129.75,0
KBC065,20160307,129.73,129.73,129.73,129.73,0
KBC065,20160308,129.75,129.75,129.75,129.75,0
KBC065,20160309,129.76,129.76,129.76,129.76,0
KBC065,20160310,129.80,129.80,129.80,129.80,0
KBC065,20160311,129.90,129.90,129.90,129.90,0
KBC065,20160314,129.91,129.91,129.91,129.91,0
KBC065,20160315,129.92,129.92,129.92,129.92,0
KBC065,20160316,129.90,129.90,129.90,129.90,0
KBC065,20160317,129.95,129.95,129.95,129.95,0
KBC065,20160318,129.92,129.92,129.92,129.92,0
KBC065,20160321,129.94,129.94,129.94,129.94,0
KBC065,20160322,129.91,129.91,129.91,129.91,0
KBC065,20160323,129.88,129.88,129.88,129.88,0
KBC065,20160324,129.94,129.94,129.94,129.94,0
KBC065,20160329,130.00,130.00,130.00,130.00,0
KBC065,20160330,130.06,130.06,130.06,130.06,0
KBC065,20160331,130.07,130.07,130.07,130.07,0
KBC065,20160401,130.11,130.11,130.11,130.11,0
KBC065,20160404,130.19,130.19,130.19,130.19,0
KBC065,20160405,130.13,130.13,130.13,130.13,0
KBC065,20160406,130.16,130.16,130.16,130.16,0
KBC065,20160407,130.20,130.20,130.20,130.20,0
KBC065,20160408,130.18,130.18,130.18,130.18,0
KBC065,20160411,130.20,130.20,130.20,130.20,0
KBC065,20160412,130.23,130.23,130.23,130.23,0
KBC065,20160413,130.17,130.17,130.17,130.17,0
KBC065,20160414,130.18,130.18,130.18,130.18,0
KBC065,20160415,130.29,130.29,130.29,130.29,0
KBC065,20160418,130.33,130.33,130.33,130.33,0
KBC065,20160419,130.30,130.30,130.30,130.30,0
KBC065,20160420,130.28,130.28,130.28,130.28,0
KBC065,20160421,130.24,130.24,130.24,130.24,0
KBC065,20160422,130.28,130.28,130.28,130.28,0
KBC065,20160425,130.33,130.33,130.33,130.33,0
KBC065,20160426,130.33,130.33,130.33,130.33,0
KBC065,20160427,130.37,130.37,130.37,130.37,0
KBC065,20160428,130.41,130.41,130.41,130.41,0
KBC065,20160429,130.39,130.39,130.39,130.39,0
KBC065,20160502,130.47,130.47,130.47,130.47,0
KBC065,20160504,130.44,130.44,130.44,130.44,0
KBC065,20160505,130.45,130.45,130.45,130.45,0
KBC065,20160506,130.45,130.45,130.45,130.45,0
KBC065,20160509,130.46,130.46,130.46,130.46,0
KBC065,20160510,130.45,130.45,130.45,130.45,0
KBC065,20160511,130.46,130.46,130.46,130.46,0
KBC065,20160512,130.44,130.44,130.44,130.44,0
KBC065,20160513,130.38,130.38,130.38,130.38,0
KBC065,20160516,130.45,130.45,130.45,130.45,0
KBC065,20160517,130.39,130.39,130.39,130.39,0
KBC065,20160518,130.39,130.39,130.39,130.39,0
KBC065,20160519,130.43,130.43,130.43,130.43,0
KBC065,20160520,130.47,130.47,130.47,130.47,0
KBC065,20160523,130.52,130.52,130.52,130.52,0
KBC065,20160524,130.56,130.56,130.56,130.56,0
KBC065,20160525,130.64,130.64,130.64,130.64,0
KBC065,20160527,130.65,130.65,130.65,130.65,0
KBC065,20160530,130.67,130.67,130.67,130.67,0
KBC065,20160531,130.61,130.61,130.61,130.61,0
KBC065,20160601,130.64,130.64,130.64,130.64,0
KBC065,20160602,130.63,130.63,130.63,130.63,0
KBC065,20160603,130.62,130.62,130.62,130.62,0
KBC065,20160608,130.58,130.58,130.58,130.58,0
KBC065,20160609,130.63,130.63,130.63,130.63,0
KBC065,20160610,130.69,130.69,130.69,130.69,0
KBC065,20160613,130.70,130.70,130.70,130.70,0
KBC065,20160614,130.73,130.73,130.73,130.73,0
KBC065,20160615,130.74,130.74,130.74,130.74,0
KBC065,20160616,130.70,130.70,130.70,130.70,0
KBC065,20160617,130.73,130.73,130.73,130.73,0
KBC065,20160620,130.75,130.75,130.75,130.75,0
KBC065,20160621,130.73,130.73,130.73,130.73,0
KBC065,20160622,130.77,130.77,130.77,130.77,0
KBC065,20160623,130.80,130.80,130.80,130.80,0
KBC065,20160624,130.65,130.65,130.65,130.65,0
KBC065,20160627,130.73,130.73,130.73,130.73,0
KBC065,20160628,130.74,130.74,130.74,130.74,0
KBC065,20160629,130.68,130.68,130.68,130.68,0
KBC065,20160630,130.66,130.66,130.66,130.66,0
KBC065,20160701,130.69,130.69,130.69,130.69,0
KBC065,20160704,130.68,130.68,130.68,130.68,0
KBC065,20160705,130.70,130.70,130.70,130.70,0
KBC065,20160706,130.74,130.74,130.74,130.74,0
KBC065,20160707,130.82,130.82,130.82,130.82,0
KBC065,20160708,130.70,130.70,130.70,130.70,0
KBC065,20160711,130.71,130.71,130.71,130.71,0
KBC065,20160712,130.68,130.68,130.68,130.68,0
KBC065,20160713,130.85,130.85,130.85,130.85,0
KBC065,20160714,130.92,130.92,130.92,130.92,0
KBC065,20160715,130.89,130.89,130.89,130.89,0
KBC065,20160718,131.00,131.00,131.00,131.00,0
KBC065,20160719,131.10,131.10,131.10,131.10,0
KBC065,20160720,131.15,131.15,131.15,131.15,0
KBC065,20160721,131.17,131.17,131.17,131.17,0
KBC065,20160722,131.17,131.17,131.17,131.17,0
KBC065,20160725,131.20,131.20,131.20,131.20,0
KBC065,20160726,131.32,131.32,131.32,131.32,0
KBC065,20160727,131.24,131.24,131.24,131.24,0
KBC065,20160728,131.27,131.27,131.27,131.27,0
KBC065,20160729,131.24,131.24,131.24,131.24,0
KBC065,20160801,131.03,131.03,131.03,131.03,0
KBC065,20160802,131.12,131.12,131.12,131.12,0
KBC065,20160803,131.29,131.29,131.29,131.29,0
KBC065,20160804,131.28,131.28,131.28,131.28,0
KBC065,20160805,131.28,131.28,131.28,131.28,0
KBC065,20160808,131.41,131.41,131.41,131.41,0
KBC065,20160809,131.39,131.39,131.39,131.39,0
KBC065,20160810,131.43,131.43,131.43,131.43,0
KBC065,20160811,131.39,131.39,131.39,131.39,0
KBC065,20160812,131.35,131.35,131.35,131.35,0
KBC065,20160816,131.42,131.42,131.42,131.42,0
KBC065,20160817,131.44,131.44,131.44,131.44,0
KBC065,20160818,131.55,131.55,131.55,131.55,0
KBC065,20160819,131.54,131.54,131.54,131.54,0
KBC065,20160822,131.54,131.54,131.54,131.54,0
KBC065,20160823,131.54,131.54,131.54,131.54,0
KBC065,20160824,131.54,131.54,131.54,131.54,0
KBC065,20160825,131.60,131.60,131.60,131.60,0
KBC065,20160826,131.61,131.61,131.61,131.61,0
KBC065,20160829,131.48,131.48,131.48,131.48,0
KBC065,20160830,131.63,131.63,131.63,131.63,0
KBC065,20160831,131.64,131.64,131.64,131.64,0
KBC065,20160901,131.66,131.66,131.66,131.66,0
KBC065,20160902,131.74,131.74,131.74,131.74,0
KBC065,20160905,131.69,131.69,131.69,131.69,0
KBC065,20160906,131.63,131.63,131.63,131.63,0
KBC065,20160907,131.64,131.64,131.64,131.64,0
KBC065,20160908,131.70,131.70,131.70,131.70,0
KBC065,20160909,131.82,131.82,131.82,131.82,0
KBC065,20160912,131.86,131.86,131.86,131.86,0
KBC065,20160913,131.89,131.89,131.89,131.89,0
KBC065,20160914,131.86,131.86,131.86,131.86,0
KBC065,20160915,131.91,131.91,131.91,131.91,0
KBC065,20160916,131.97,131.97,131.97,131.97,0
KBC065,20160919,131.93,131.93,131.93,131.93,0
KBC065,20160920,131.81,131.81,131.81,131.81,0
KBC065,20160921,131.78,131.78,131.78,131.78,0
KBC065,20160922,131.73,131.73,131.73,131.73,0
KBC065,20160923,131.80,131.80,131.80,131.80,0
KBC065,20160926,131.83,131.83,131.83,131.83,0
KBC065,20160927,131.80,131.80,131.80,131.80,0
KBC065,20160928,131.77,131.77,131.77,131.77,0
KBC065,20160929,131.82,131.82,131.82,131.82,0
KBC065,20160930,131.82,131.82,131.82,131.82,0
KBC065,20161003,131.72,131.72,131.72,131.72,0
KBC065,20161004,131.75,131.75,131.75,131.75,0
KBC065,20161005,131.95,131.95,131.95,131.95,0
KBC065,20161006,131.97,131.97,131.97,131.97,0
KBC065,20161007,132.02,132.02,132.02,132.02,0
KBC065,20161010,132.12,132.12,132.12,132.12,0
KBC065,20161011,132.21,132.21,132.21,132.21,0
KBC065,20161012,132.24,132.24,132.24,132.24,0
KBC065,20161013,132.23,132.23,132.23,132.23,0
KBC065,20161014,132.16,132.16,132.16,132.16,0
KBC065,20161017,132.20,132.20,132.20,132.20,0
KBC065,20161018,132.16,132.16,132.16,132.16,0
KBC065,20161019,132.12,132.12,132.12,132.12,0
KBC065,20161020,132.13,132.13,132.13,132.13,0
KBC065,20161021,132.13,132.13,132.13,132.13,0
KBC065,20161024,132.17,132.17,132.17,132.17,0
KBC065,20161025,132.16,132.16,132.16,132.16,0
KBC065,20161026,132.32,132.32,132.32,132.32,0
KBC065,20161027,132.50,132.50,132.50,132.50,0
KBC065,20161028,132.35,132.35,132.35,132.35,0
KBC065,20161031,132.33,132.33,132.33,132.33,0
KBC065,20161102,132.33,132.33,132.33,132.33,0
KBC065,20161103,132.36,132.36,132.36,132.36,0
KBC065,20161104,132.32,132.32,132.32,132.32,0
KBC065,20161107,132.45,132.45,132.45,132.45,0
KBC065,20161108,132.72,132.72,132.72,132.72,0
KBC065,20161109,132.38,132.38,132.38,132.38,0
KBC065,20161110,132.61,132.61,132.61,132.61,0
KBC065,20161114,133.08,133.08,133.08,133.08,0
KBC065,20161115,132.83,132.83,132.83,132.83,0
KBC065,20161116,132.89,132.89,132.89,132.89,0
KBC065,20161117,132.86,132.86,132.86,132.86,0
KBC065,20161118,132.85,132.85,132.85,132.85,0
KBC065,20161121,132.75,132.75,132.75,132.75,0
KBC065,20161122,132.71,132.71,132.71,132.71,0
KBC065,20161123,132.31,132.31,132.31,132.31,0
KBC065,20161124,132.47,132.47,132.47,132.47,0
KBC065,20161125,132.44,132.44,132.44,132.44,0
KBC065,20161128,132.22,132.22,132.22,132.22,0
KBC065,20161129,132.23,132.23,132.23,132.23,0
KBC065,20161130,132.34,132.34,132.34,132.34,0
KBC065,20161201,132.47,132.47,132.47,132.47,0
KBC065,20161202,132.49,132.49,132.49,132.49,0
KBC065,20161205,132.49,132.49,132.49,132.49,0
KBC065,20161206,132.52,132.52,132.52,132.52,0
KBC065,20161207,132.61,132.61,132.61,132.61,0
KBC065,20161208,132.78,132.78,132.78,132.78,0
KBC065,20161209,132.73,132.73,132.73,132.73,0
KBC065,20161212,132.78,132.78,132.78,132.78,0
KBC065,20161213,132.82,132.82,132.82,132.82,0
KBC065,20161214,132.81,132.81,132.81,132.81,0
KBC065,20161215,132.74,132.74,132.74,132.74,0
KBC065,20161216,132.85,132.85,132.85,132.85,0
KBC065,20161219,132.94,132.94,132.94,132.94,0
KBC065,20161220,132.97,132.97,132.97,132.97,0
KBC065,20161221,132.94,132.94,132.94,132.94,0
KBC065,20161222,132.91,132.91,132.91,132.91,0
KBC065,20161223,132.88,132.88,132.88,132.88,0
KBC065,20161227,132.86,132.86,132.86,132.86,0
KBC065,20161228,133.01,133.01,133.01,133.01,0
KBC065,20161229,132.99,132.99,132.99,132.99,0
KBC065,20161230,132.99,132.99,132.99,132.99,0
KBC065,20170102,132.89,132.89,132.89,132.89,0
KBC065,20170103,133.01,133.01,133.01,133.01,0
KBC065,20170104,133.00,133.00,133.00,133.00,0
KBC065,20170105,133.12,133.12,133.12,133.12,0
KBC065,20170109,133.14,133.14,133.14,133.14,0
KBC065,20170110,133.28,133.28,133.28,133.28,0
KBC065,20170111,133.34,133.34,133.34,133.34,0
KBC065,20170112,133.24,133.24,133.24,133.24,0
KBC065,20170113,133.20,133.20,133.20,133.20,0
KBC065,20170116,133.29,133.29,133.29,133.29,0
KBC065,20170117,133.24,133.24,133.24,133.24,0
KBC065,20170118,133.23,133.23,133.23,133.23,0
KBC065,20170119,133.26,133.26,133.26,133.26,0
KBC065,20170120,133.31,133.31,133.31,133.31,0
KBC065,20170123,133.37,133.37,133.37,133.37,0
KBC065,20170124,133.42,133.42,133.42,133.42,0
KBC065,20170125,133.45,133.45,133.45,133.45,0
KBC065,20170126,133.35,133.35,133.35,133.35,0
KBC065,20170127,133.32,133.32,133.32,133.32,0
KBC065,20170130,133.44,133.44,133.44,133.44,0
KBC065,20170131,133.45,133.45,133.45,133.45,0
KBC065,20170201,133.45,133.45,133.45,133.45,0
KBC065,20170202,133.52,133.52,133.52,133.52,0
KBC065,20170203,133.60,133.60,133.60,133.60,0
KBC065,20170206,133.65,133.65,133.65,133.65,0
KBC065,20170207,133.61,133.61,133.61,133.61,0
KBC065,20170208,133.61,133.61,133.61,133.61,0
KBC065,20170209,133.63,133.63,133.63,133.63,0
KBC065,20170210,133.64,133.64,133.64,133.64,0
KBC065,20170213,133.56,133.56,133.56,133.56,0
KBC065,20170214,133.55,133.55,133.55,133.55,0
KBC065,20170215,133.57,133.57,133.57,133.57,0
KBC065,20170216,133.75,133.75,133.75,133.75,0
KBC065,20170217,133.80,133.80,133.80,133.80,0
KBC065,20170220,133.82,133.82,133.82,133.82,0
KBC065,20170221,133.71,133.71,133.71,133.71,0
KBC065,20170222,133.74,133.74,133.74,133.74,0
KBC065,20170223,133.73,133.73,133.73,133.73,0
KBC065,20170224,133.67,133.67,133.67,133.67,0
KBC065,20170227,133.71,133.71,133.71,133.71,0
KBC065,20170228,133.71,133.71,133.71,133.71,0
KBC065,20170301,133.87,133.87,133.87,133.87,0
KBC065,20170302,133.93,133.93,133.93,133.93,0
KBC065,20170303,134.02,134.02,134.02,134.02,0
KBC065,20170306,134.06,134.06,134.06,134.06,0
KBC065,20170307,134.05,134.05,134.05,134.05,0
KBC065,20170308,133.97,133.97,133.97,133.97,0
KBC065,20170309,134.04,134.04,134.04,134.04,0
KBC065,20170310,134.10,134.10,134.10,134.10,0
KBC065,20170313,134.12,134.12,134.12,134.12,0
KBC065,20170314,134.21,134.21,134.21,134.21,0
KBC065,20170315,134.18,134.18,134.18,134.18,0
KBC065,20170316,134.09,134.09,134.09,134.09,0
KBC065,20170317,134.09,134.09,134.09,134.09,0
KBC065,20170320,134.14,134.14,134.14,134.14,0
KBC065,20170321,134.17,134.17,134.17,134.17,0
KBC065,20170322,134.18,134.18,134.18,134.18,0
KBC065,20170323,134.25,134.25,134.25,134.25,0
KBC065,20170324,134.25,134.25,134.25,134.25,0
KBC065,20170327,134.26,134.26,134.26,134.26,0
KBC065,20170328,134.33,134.33,134.33,134.33,0
KBC065,20170329,134.35,134.35,134.35,134.35,0
KBC065,20170330,134.36,134.36,134.36,134.36,0
KBC065,20170331,134.35,134.35,134.35,134.35,0
KBC065,20170403,134.44,134.44,134.44,134.44,0
KBC065,20170404,134.43,134.43,134.43,134.43,0
KBC065,20170405,134.43,134.43,134.43,134.43,0
KBC065,20170406,134.49,134.49,134.49,134.49,0
KBC065,20170407,134.47,134.47,134.47,134.47,0
KBC065,20170410,134.49,134.49,134.49,134.49,0
KBC065,20170411,134.54,134.54,134.54,134.54,0
KBC065,20170412,134.55,134.55,134.55,134.55,0
KBC065,20170413,134.56,134.56,134.56,134.56,0
KBC065,20170418,134.57,134.57,134.57,134.57,0
KBC065,20170419,134.57,134.57,134.57,134.57,0
KBC065,20170420,134.60,134.60,134.60,134.60,0
KBC065,20170421,134.61,134.61,134.61,134.61,0
KBC065,20170424,134.65,134.65,134.65,134.65,0
KBC065,20170425,134.66,134.66,134.66,134.66,0
KBC065,20170426,134.65,134.65,134.65,134.65,0
KBC065,20170427,134.68,134.68,134.68,134.68,0
KBC065,20170428,134.71,134.71,134.71,134.71,0
KBC065,20170502,134.75,134.75,134.75,134.75,0
KBC065,20170504,134.76,134.76,134.76,134.76,0
KBC065,20170505,134.80,134.80,134.80,134.80,0
KBC065,20170508,134.81,134.81,134.81,134.81,0
KBC065,20170509,134.78,134.78,134.78,134.78,0
KBC065,20170510,134.81,134.81,134.81,134.81,0
KBC065,20170511,134.86,134.86,134.86,134.86,0
KBC065,20170512,134.92,134.92,134.92,134.92,0
KBC065,20170515,134.96,134.96,134.96,134.96,0
KBC065,20170516,135.01,135.01,135.01,135.01,0
KBC065,20170517,135.08,135.08,135.08,135.08,0
KBC065,20170518,135.09,135.09,135.09,135.09,0
KBC065,20170519,135.06,135.06,135.06,135.06,0
KBC065,20170522,135.02,135.02,135.02,135.02,0
KBC065,20170523,135.06,135.06,135.06,135.06,0
KBC065,20170524,135.10,135.10,135.10,135.10,0
KBC065,20170525,135.08,135.08,135.08,135.08,0
KBC065,20170526,135.11,135.11,135.11,135.11,0
KBC065,20170529,135.11,135.11,135.11,135.11,0
KBC065,20170530,135.07,135.07,135.07,135.07,0
KBC065,20170531,135.08,135.08,135.08,135.08,0
KBC065,20170601,135.13,135.13,135.13,135.13,0
KBC065,20170602,135.09,135.09,135.09,135.09,0
KBC065,20170605,135.08,135.08,135.08,135.08,0
KBC065,20170606,135.11,135.11,135.11,135.11,0
KBC065,20170607,135.15,135.15,135.15,135.15,0
KBC065,20170608,135.16,135.16,135.16,135.16,0
KBC065,20170609,135.15,135.15,135.15,135.15,0
KBC065,20170612,135.15,135.15,135.15,135.15,0
KBC065,20170613,135.17,135.17,135.17,135.17,0
KBC065,20170614,135.17,135.17,135.17,135.17,0
KBC065,20170616,135.21,135.21,135.21,135.21,0
KBC065,20170619,135.23,135.23,135.23,135.23,0
KBC065,20170620,135.25,135.25,135.25,135.25,0
KBC065,20170621,135.28,135.28,135.28,135.28,0
KBC065,20170622,135.28,135.28,135.28,135.28,0
KBC065,20170623,135.26,135.26,135.26,135.26,0
KBC065,20170626,135.28,135.28,135.28,135.28,0
KBC065,20170627,135.34,135.34,135.34,135.34,0
KBC065,20170628,135.32,135.32,135.32,135.32,0
KBC065,20170629,135.39,135.39,135.39,135.39,0
KBC065,20170630,135.41,135.41,135.41,135.41,0
KBC065,20170703,135.48,135.48,135.48,135.48,0
KBC065,20170704,135.49,135.49,135.49,135.49,0
KBC065,20170705,135.55,135.55,135.55,135.55,0
KBC065,20170706,135.68,135.68,135.68,135.68,0
KBC065,20170707,134.71,134.71,134.71,134.71,0
KBC065,20170710,134.69,134.69,134.69,134.69,0
KBC065,20170711,134.75,134.75,134.75,134.75,0
KBC065,20170712,134.65,134.65,134.65,134.65,0
KBC065,20170713,134.70,134.70,134.70,134.70,0
KBC065,20170714,134.65,134.65,134.65,134.65,0
KBC065,20170717,134.63,134.63,134.63,134.63,0
KBC065,20170718,134.55,134.55,134.55,134.55,0
KBC065,20170719,134.58,134.58,134.58,134.58,0
KBC065,20170720,134.61,134.61,134.61,134.61,0
KBC065,20170721,134.61,134.61,134.61,134.61,0
KBC065,20170724,134.69,134.69,134.69,134.69,0
KBC065,20170725,134.87,134.87,134.87,134.87,0
KBC065,20170726,134.95,134.95,134.95,134.95,0
KBC065,20170727,134.92,134.92,134.92,134.92,0
KBC065,20170728,135.01,135.01,135.01,135.01,0
KBC065,20170731,135.12,135.12,135.12,135.12,0
KBC065,20170801,135.02,135.02,135.02,135.02,0
KBC065,20170802,135.08,135.08,135.08,135.08,0
KBC065,20170803,135.05,135.05,135.05,135.05,0
KBC065,20170804,135.00,135.00,135.00,135.00,0
KBC065,20170807,135.01,135.01,135.01,135.01,0
KBC065,20170808,134.99,134.99,134.99,134.99,0
KBC065,20170809,135.14,135.14,135.14,135.14,0
KBC065,20170810,135.08,135.08,135.08,135.08,0
KBC065,20170811,135.10,135.10,135.10,135.10,0
KBC065,20170814,135.03,135.03,135.03,135.03,0
KBC065,20170816,135.14,135.14,135.14,135.14,0
KBC065,20170817,135.14,135.14,135.14,135.14,0
KBC065,20170818,135.13,135.13,135.13,135.13,0
KBC065,20170821,135.08,135.08,135.08,135.08,0
KBC065,20170822,135.08,135.08,135.08,135.08,0
KBC065,20170823,135.06,135.06,135.06,135.06,0
KBC065,20170824,135.02,135.02,135.02,135.02,0
KBC065,20170825,135.04,135.04,135.04,135.04,0
KBC065,20170828,135.13,135.13,135.13,135.13,0
KBC065,20170829,135.07,135.07,135.07,135.07,0
KBC065,20170830,135.16,135.16,135.16,135.16,0
KBC065,20170831,135.14,135.14,135.14,135.14,0
KBC065,20170901,135.18,135.18,135.18,135.18,0
KBC065,20170904,135.14,135.14,135.14,135.14,0
KBC065,20170905,135.11,135.11,135.11,135.11,0
KBC065,20170906,135.14,135.14,135.14,135.14,0
KBC065,20170907,135.19,135.19,135.19,135.19,0
KBC065,20170908,135.25,135.25,135.25,135.25,0
KBC065,20170911,135.19,135.19,135.19,135.19,0
KBC065,20170912,135.19,135.19,135.19,135.19,0
KBC065,20170913,135.21,135.21,135.21,135.21,0
KBC065,20170914,135.28,135.28,135.28,135.28,0
KBC065,20170915,135.29,135.29,135.29,135.29,0
KBC065,20170918,135.33,135.33,135.33,135.33,0
KBC065,20170919,135.50,135.50,135.50,135.50,0
KBC065,20170920,135.45,135.45,135.45,135.45,0
KBC065,20170921,135.56,135.56,135.56,135.56,0
