Name,Date,Open,High,Low,Close,Volume
NOB010,20100812,100.12,100.12,100.12,100.12,0
NOB010,20100813,100.11,100.11,100.11,100.11,0
NOB010,20100816,100.11,100.11,100.11,100.11,0
NOB010,20100817,100.10,100.10,100.10,100.10,0
NOB010,20100818,100.10,100.10,100.10,100.10,0
NOB010,20100819,100.10,100.10,100.10,100.10,0
NOB010,20100820,100.25,100.25,100.25,100.25,0
NOB010,20100823,99.50,99.50,99.50,99.50,0
NOB010,20100824,99.51,99.51,99.51,99.51,0
NOB010,20100825,98.99,98.99,98.99,98.99,0
NOB010,20100826,98.30,98.30,98.30,98.30,0
NOB010,20100827,99.24,99.24,99.24,99.24,0
NOB010,20100830,99.41,99.41,99.41,99.41,0
NOB010,20100831,99.70,99.70,99.70,99.70,0
NOB010,20100901,99.45,99.45,99.45,99.45,0
NOB010,20100902,100.54,100.54,100.54,100.54,0
NOB010,20100903,100.52,100.52,100.52,100.52,0
NOB010,20100906,100.63,100.63,100.63,100.63,0
NOB010,20100907,100.86,100.86,100.86,100.86,0
NOB010,20100908,100.52,100.52,100.52,100.52,0
NOB010,20100909,100.49,100.49,100.49,100.49,0
NOB010,20100910,100.48,100.48,100.48,100.48,0
NOB010,20100913,100.67,100.67,100.67,100.67,0
NOB010,20100914,101.52,101.52,101.52,101.52,0
NOB010,20100915,101.88,101.88,101.88,101.88,0
NOB010,20100916,101.68,101.68,101.68,101.68,0
NOB010,20100917,101.55,101.55,101.55,101.55,0
NOB010,20100920,101.52,101.52,101.52,101.52,0
NOB010,20100921,102.02,102.02,102.02,102.02,0
NOB010,20100922,102.01,102.01,102.01,102.01,0
NOB010,20100923,102.83,102.83,102.83,102.83,0
NOB010,20100924,103.03,103.03,103.03,103.03,0
NOB010,20100927,103.32,103.32,103.32,103.32,0
NOB010,20100928,103.44,103.44,103.44,103.44,0
NOB010,20100929,103.59,103.59,103.59,103.59,0
NOB010,20100930,103.82,103.82,103.82,103.82,0
NOB010,20101001,103.73,103.73,103.73,103.73,0
NOB010,20101004,104.11,104.11,104.11,104.11,0
NOB010,20101005,104.63,104.63,104.63,104.63,0
NOB010,20101006,105.42,105.42,105.42,105.42,0
NOB010,20101007,105.60,105.60,105.60,105.60,0
NOB010,20101008,106.01,106.01,106.01,106.01,0
NOB010,20101011,105.90,105.90,105.90,105.90,0
NOB010,20101012,106.67,106.67,106.67,106.67,0
NOB010,20101013,106.54,106.54,106.54,106.54,0
NOB010,20101014,107.75,107.75,107.75,107.75,0
NOB010,20101015,107.75,107.75,107.75,107.75,0
NOB010,20101018,108.12,108.12,108.12,108.12,0
NOB010,20101019,107.93,107.93,107.93,107.93,0
NOB010,20101020,107.48,107.48,107.48,107.48,0
NOB010,20101021,107.30,107.30,107.30,107.30,0
NOB010,20101022,107.62,107.62,107.62,107.62,0
NOB010,20101025,107.79,107.79,107.79,107.79,0
NOB010,20101026,108.10,108.10,108.10,108.10,0
NOB010,20101027,107.93,107.93,107.93,107.93,0
NOB010,20101028,107.47,107.47,107.47,107.47,0
NOB010,20101029,108.07,108.07,108.07,108.07,0
NOB010,20101102,107.95,107.95,107.95,107.95,0
NOB010,20101103,108.27,108.27,108.27,108.27,0
NOB010,20101104,108.39,108.39,108.39,108.39,0
NOB010,20101105,109.43,109.43,109.43,109.43,0
NOB010,20101108,109.38,109.38,109.38,109.38,0
NOB010,20101109,109.88,109.88,109.88,109.88,0
NOB010,20101110,110.21,110.21,110.21,110.21,0
NOB010,20101112,110.27,110.27,110.27,110.27,0
NOB010,20101115,109.46,109.46,109.46,109.46,0
NOB010,20101116,109.46,109.46,109.46,109.46,0
NOB010,20101117,109.47,109.47,109.47,109.47,0
NOB010,20101118,109.36,109.36,109.36,109.36,0
NOB010,20101119,109.24,109.24,109.24,109.24,0
NOB010,20101122,109.35,109.35,109.35,109.35,0
NOB010,20101123,109.82,109.82,109.82,109.82,0
NOB010,20101124,108.34,108.34,108.34,108.34,0
NOB010,20101125,107.99,107.99,107.99,107.99,0
NOB010,20101126,107.88,107.88,107.88,107.88,0
NOB010,20101129,107.48,107.48,107.48,107.48,0
NOB010,20101130,107.25,107.25,107.25,107.25,0
NOB010,20101201,106.92,106.92,106.92,106.92,0
NOB010,20101202,107.22,107.22,107.22,107.22,0
NOB010,20101203,107.69,107.69,107.69,107.69,0
NOB010,20101206,107.92,107.92,107.92,107.92,0
NOB010,20101207,107.86,107.86,107.86,107.86,0
NOB010,20101208,108.50,108.50,108.50,108.50,0
NOB010,20101209,108.76,108.76,108.76,108.76,0
NOB010,20101210,109.57,109.57,109.57,109.57,0
NOB010,20101213,109.94,109.94,109.94,109.94,0
NOB010,20101214,110.14,110.14,110.14,110.14,0
NOB010,20101215,110.02,110.02,110.02,110.02,0
NOB010,20101216,109.21,109.21,109.21,109.21,0
NOB010,20101217,108.65,108.65,108.65,108.65,0
NOB010,20101220,108.65,108.65,108.65,108.65,0
NOB010,20101221,108.58,108.58,108.58,108.58,0
NOB010,20101222,109.09,109.09,109.09,109.09,0
NOB010,20101223,108.98,108.98,108.98,108.98,0
NOB010,20101227,109.04,109.04,109.04,109.04,0
NOB010,20101228,108.79,108.79,108.79,108.79,0
NOB010,20101229,109.23,109.23,109.23,109.23,0
NOB010,20101230,110.20,110.20,110.20,110.20,0
NOB010,20101231,110.94,110.94,110.94,110.94,0
NOB010,20110103,111.55,111.55,111.55,111.55,0
NOB010,20110104,111.08,111.08,111.08,111.08,0
NOB010,20110105,112.85,112.85,112.85,112.85,0
NOB010,20110107,113.77,113.77,113.77,113.77,0
NOB010,20110110,113.90,113.90,113.90,113.90,0
NOB010,20110111,113.43,113.43,113.43,113.43,0
NOB010,20110112,113.71,113.71,113.71,113.71,0
NOB010,20110113,114.80,114.80,114.80,114.80,0
NOB010,20110114,115.10,115.10,115.10,115.10,0
NOB010,20110117,114.79,114.79,114.79,114.79,0
NOB010,20110118,112.88,112.88,112.88,112.88,0
NOB010,20110119,112.13,112.13,112.13,112.13,0
NOB010,20110120,111.73,111.73,111.73,111.73,0
NOB010,20110121,111.17,111.17,111.17,111.17,0
NOB010,20110124,111.62,111.62,111.62,111.62,0
NOB010,20110125,111.94,111.94,111.94,111.94,0
NOB010,20110126,111.21,111.21,111.21,111.21,0
NOB010,20110127,109.62,109.62,109.62,109.62,0
NOB010,20110128,106.07,106.07,106.07,106.07,0
NOB010,20110131,105.01,105.01,105.01,105.01,0
NOB010,20110203,105.01,105.01,105.01,105.01,0
NOB010,20110207,105.01,105.01,105.01,105.01,0
NOB010,20110329,97.34,97.34,97.34,97.34,0
NOB010,20110330,97.57,97.57,97.57,97.57,0
NOB010,20110331,97.85,97.85,97.85,97.85,0
NOB010,20110401,98.25,98.25,98.25,98.25,0
NOB010,20110404,98.70,98.70,98.70,98.70,0
NOB010,20110405,99.66,99.66,99.66,99.66,0
NOB010,20110406,100.29,100.29,100.29,100.29,0
NOB010,20110407,100.54,100.54,100.54,100.54,0
NOB010,20110408,100.86,100.86,100.86,100.86,0
NOB010,20110411,100.37,100.37,100.37,100.37,0
NOB010,20110412,99.50,99.50,99.50,99.50,0
NOB010,20110413,99.29,99.29,99.29,99.29,0
NOB010,20110414,98.77,98.77,98.77,98.77,0
NOB010,20110415,98.89,98.89,98.89,98.89,0
NOB010,20110418,97.54,97.54,97.54,97.54,0
NOB010,20110419,97.95,97.95,97.95,97.95,0
NOB010,20110420,98.46,98.46,98.46,98.46,0
NOB010,20110421,99.48,99.48,99.48,99.48,0
NOB010,20110426,99.87,99.87,99.87,99.87,0
NOB010,20110427,99.72,99.72,99.72,99.72,0
NOB010,20110428,99.81,99.81,99.81,99.81,0
NOB010,20110429,99.61,99.61,99.61,99.61,0
NOB010,20110502,99.55,99.55,99.55,99.55,0
NOB010,20110504,99.14,99.14,99.14,99.14,0
NOB010,20110505,98.39,98.39,98.39,98.39,0
NOB010,20110506,98.00,98.00,98.00,98.00,0
NOB010,20110509,98.09,98.09,98.09,98.09,0
NOB010,20110510,98.55,98.55,98.55,98.55,0
NOB010,20110511,98.90,98.90,98.90,98.90,0
NOB010,20110512,97.46,97.46,97.46,97.46,0
NOB010,20110513,97.49,97.49,97.49,97.49,0
NOB010,20110516,97.42,97.42,97.42,97.42,0
NOB010,20110517,97.66,97.66,97.66,97.66,0
NOB010,20110518,97.78,97.78,97.78,97.78,0
NOB010,20110519,98.34,98.34,98.34,98.34,0
NOB010,20110520,98.50,98.50,98.50,98.50,0
NOB010,20110523,97.90,97.90,97.90,97.90,0
NOB010,20110524,97.93,97.93,97.93,97.93,0
NOB010,20110525,98.13,98.13,98.13,98.13,0
NOB010,20110526,98.75,98.75,98.75,98.75,0
NOB010,20110527,99.19,99.19,99.19,99.19,0
NOB010,20110530,99.81,99.81,99.81,99.81,0
NOB010,20110531,100.19,100.19,100.19,100.19,0
NOB010,20110601,100.94,100.94,100.94,100.94,0
NOB010,20110602,100.98,100.98,100.98,100.98,0
NOB010,20110603,99.77,99.77,99.77,99.77,0
NOB010,20110606,99.70,99.70,99.70,99.70,0
NOB010,20110607,99.91,99.91,99.91,99.91,0
NOB010,20110608,99.34,99.34,99.34,99.34,0
NOB010,20110609,99.49,99.49,99.49,99.49,0
NOB010,20110610,99.54,99.54,99.54,99.54,0
NOB010,20110613,99.55,99.55,99.55,99.55,0
NOB010,20110614,99.53,99.53,99.53,99.53,0
NOB010,20110615,99.34,99.34,99.34,99.34,0
NOB010,20110616,98.39,98.39,98.39,98.39,0
NOB010,20110617,97.89,97.89,97.89,97.89,0
NOB010,20110620,97.37,97.37,97.37,97.37,0
NOB010,20110621,97.68,97.68,97.68,97.68,0
NOB010,20110622,97.81,97.81,97.81,97.81,0
NOB010,20110624,97.71,97.71,97.71,97.71,0
NOB010,20110627,96.80,96.80,96.80,96.80,0
NOB010,20110628,96.80,96.80,96.80,96.80,0
NOB010,20110629,97.22,97.22,97.22,97.22,0
NOB010,20110630,97.34,97.34,97.34,97.34,0
NOB010,20110701,97.94,97.94,97.94,97.94,0
NOB010,20110704,98.05,98.05,98.05,98.05,0
NOB010,20110705,98.67,98.67,98.67,98.67,0
NOB010,20110706,99.01,99.01,99.01,99.01,0
NOB010,20110707,97.89,97.89,97.89,97.89,0
NOB010,20110708,98.83,98.83,98.83,98.83,0
NOB010,20110711,98.77,98.77,98.77,98.77,0
NOB010,20110712,97.00,97.00,97.00,97.00,0
NOB010,20110713,96.61,96.61,96.61,96.61,0
NOB010,20110714,97.95,97.95,97.95,97.95,0
NOB010,20110715,97.57,97.57,97.57,97.57,0
NOB010,20110718,97.89,97.89,97.89,97.89,0
NOB010,20110719,97.11,97.11,97.11,97.11,0
NOB010,20110720,97.29,97.29,97.29,97.29,0
NOB010,20110721,98.35,98.35,98.35,98.35,0
NOB010,20110722,98.88,98.88,98.88,98.88,0
NOB010,20110725,99.25,99.25,99.25,99.25,0
NOB010,20110726,98.97,98.97,98.97,98.97,0
NOB010,20110727,98.95,98.95,98.95,98.95,0
NOB010,20110728,98.02,98.02,98.02,98.02,0
NOB010,20110729,97.47,97.47,97.47,97.47,0
NOB010,20110801,97.25,97.25,97.25,97.25,0
NOB010,20110802,97.46,97.46,97.46,97.46,0
NOB010,20110803,96.32,96.32,96.32,96.32,0
NOB010,20110804,95.57,95.57,95.57,95.57,0
NOB010,20110805,93.08,93.08,93.08,93.08,0
NOB010,20110808,90.92,90.92,90.92,90.92,0
NOB010,20110809,86.94,86.94,86.94,86.94,0
NOB010,20110810,85.80,85.80,85.80,85.80,0
NOB010,20110811,86.81,86.81,86.81,86.81,0
NOB010,20110812,87.06,87.06,87.06,87.06,0
NOB010,20110816,88.72,88.72,88.72,88.72,0
NOB010,20110817,88.94,88.94,88.94,88.94,0
NOB010,20110818,89.55,89.55,89.55,89.55,0
NOB010,20110819,87.72,87.72,87.72,87.72,0
NOB010,20110822,87.54,87.54,87.54,87.54,0
NOB010,20110823,87.05,87.05,87.05,87.05,0
NOB010,20110824,87.17,87.17,87.17,87.17,0
NOB010,20110825,87.31,87.31,87.31,87.31,0
NOB010,20110826,87.43,87.43,87.43,87.43,0
NOB010,20110829,87.40,87.40,87.40,87.40,0
NOB010,20110830,87.92,87.92,87.92,87.92,0
NOB010,20110831,87.91,87.91,87.91,87.91,0
NOB010,20110901,87.94,87.94,87.94,87.94,0
NOB010,20110902,88.41,88.41,88.41,88.41,0
NOB010,20110905,88.34,88.34,88.34,88.34,0
NOB010,20110906,87.69,87.69,87.69,87.69,0
NOB010,20110907,87.16,87.16,87.16,87.16,0
NOB010,20110908,88.54,88.54,88.54,88.54,0
NOB010,20110909,89.49,89.49,89.49,89.49,0
NOB010,20110912,88.83,88.83,88.83,88.83,0
NOB010,20110913,87.14,87.14,87.14,87.14,0
NOB010,20110914,87.23,87.23,87.23,87.23,0
NOB010,20110915,87.37,87.37,87.37,87.37,0
NOB010,20110916,87.19,87.19,87.19,87.19,0
NOB010,20110919,87.81,87.81,87.81,87.81,0
NOB010,20110920,86.41,86.41,86.41,86.41,0
NOB010,20110921,86.42,86.42,86.42,86.42,0
NOB010,20110922,85.89,85.89,85.89,85.89,0
NOB010,20110923,81.95,81.95,81.95,81.95,0
NOB010,20110926,80.57,80.57,80.57,80.57,0
NOB010,20110927,79.54,79.54,79.54,79.54,0
NOB010,20110928,80.75,80.75,80.75,80.75,0
NOB010,20110929,78.85,78.85,78.85,78.85,0
NOB010,20110930,78.58,78.58,78.58,78.58,0
NOB010,20111003,78.14,78.14,78.14,78.14,0
NOB010,20111004,76.90,76.90,76.90,76.90,0
NOB010,20111005,75.94,75.94,75.94,75.94,0
NOB010,20111006,76.67,76.67,76.67,76.67,0
NOB010,20111007,77.66,77.66,77.66,77.66,0
NOB010,20111010,78.39,78.39,78.39,78.39,0
NOB010,20111011,78.68,78.68,78.68,78.68,0
NOB010,20111012,79.38,79.38,79.38,79.38,0
NOB010,20111013,80.10,80.10,80.10,80.10,0
NOB010,20111014,80.00,80.00,80.00,80.00,0
NOB010,20111017,81.09,81.09,81.09,81.09,0
NOB010,20111018,80.87,80.87,80.87,80.87,0
NOB010,20111019,80.47,80.47,80.47,80.47,0
NOB010,20111020,80.63,80.63,80.63,80.63,0
NOB010,20111021,79.56,79.56,79.56,79.56,0
NOB010,20111024,80.22,80.22,80.22,80.22,0
NOB010,20111025,81.49,81.49,81.49,81.49,0
NOB010,20111026,81.74,81.74,81.74,81.74,0
NOB010,20111027,81.58,81.58,81.58,81.58,0
NOB010,20111028,83.83,83.83,83.83,83.83,0
NOB010,20111031,84.77,84.77,84.77,84.77,0
NOB010,20111102,83.87,83.87,83.87,83.87,0
NOB010,20111103,82.68,82.68,82.68,82.68,0
NOB010,20111104,83.64,83.64,83.64,83.64,0
NOB010,20111107,83.62,83.62,83.62,83.62,0
NOB010,20111108,83.76,83.76,83.76,83.76,0
NOB010,20111109,84.06,84.06,84.06,84.06,0
NOB010,20111110,82.58,82.58,82.58,82.58,0
NOB010,20111114,82.89,82.89,82.89,82.89,0
NOB010,20111115,81.76,81.76,81.76,81.76,0
NOB010,20111116,81.36,81.36,81.36,81.36,0
NOB010,20111117,81.17,81.17,81.17,81.17,0
NOB010,20111118,79.84,79.84,79.84,79.84,0
NOB010,20111121,79.28,79.28,79.28,79.28,0
NOB010,20111122,76.50,76.50,76.50,76.50,0
NOB010,20111123,75.02,75.02,75.02,75.02,0
NOB010,20111124,73.98,73.98,73.98,73.98,0
NOB010,20111125,74.14,74.14,74.14,74.14,0
NOB010,20111128,73.91,73.91,73.91,73.91,0
NOB010,20111129,74.56,74.56,74.56,74.56,0
NOB010,20111130,74.63,74.63,74.63,74.63,0
NOB010,20111201,76.54,76.54,76.54,76.54,0
NOB010,20111202,76.56,76.56,76.56,76.56,0
NOB010,20111205,76.33,76.33,76.33,76.33,0
NOB010,20111206,76.24,76.24,76.24,76.24,0
NOB010,20111207,76.35,76.35,76.35,76.35,0
NOB010,20111208,76.48,76.48,76.48,76.48,0
NOB010,20111209,75.68,75.68,75.68,75.68,0
NOB010,20111212,75.70,75.70,75.70,75.70,0
NOB010,20111213,74.63,74.63,74.63,74.63,0
NOB010,20111214,74.25,74.25,74.25,74.25,0
NOB010,20111215,73.25,73.25,73.25,73.25,0
NOB010,20111216,73.26,73.26,73.26,73.26,0
NOB010,20111219,73.77,73.77,73.77,73.77,0
NOB010,20111220,73.16,73.16,73.16,73.16,0
NOB010,20111221,73.96,73.96,73.96,73.96,0
NOB010,20111222,74.29,74.29,74.29,74.29,0
NOB010,20111223,74.45,74.45,74.45,74.45,0
NOB010,20111227,74.86,74.86,74.86,74.86,0
NOB010,20111228,74.94,74.94,74.94,74.94,0
NOB010,20111229,73.99,73.99,73.99,73.99,0
NOB010,20111230,74.31,74.31,74.31,74.31,0
NOB010,20120102,75.02,75.02,75.02,75.02,0
NOB010,20120103,74.96,74.96,74.96,74.96,0
NOB010,20120104,76.11,76.11,76.11,76.11,0
NOB010,20120105,76.02,76.02,76.02,76.02,0
NOB010,20120109,75.83,75.83,75.83,75.83,0
NOB010,20120110,75.78,75.78,75.78,75.78,0
NOB010,20120111,76.97,76.97,76.97,76.97,0
NOB010,20120112,77.18,77.18,77.18,77.18,0
NOB010,20120113,77.24,77.24,77.24,77.24,0
NOB010,20120116,77.02,77.02,77.02,77.02,0
NOB010,20120117,76.94,76.94,76.94,76.94,0
NOB010,20120118,77.47,77.47,77.47,77.47,0
NOB010,20120119,78.01,78.01,78.01,78.01,0
NOB010,20120120,77.91,77.91,77.91,77.91,0
NOB010,20120123,77.57,77.57,77.57,77.57,0
NOB010,20120124,78.22,78.22,78.22,78.22,0
NOB010,20120125,78.39,78.39,78.39,78.39,0
NOB010,20120126,78.64,78.64,78.64,78.64,0
NOB010,20120127,80.02,80.02,80.02,80.02,0
NOB010,20120130,79.83,79.83,79.83,79.83,0
NOB010,20120131,79.24,79.24,79.24,79.24,0
NOB010,20120201,79.85,79.85,79.85,79.85,0
NOB010,20120202,80.69,80.69,80.69,80.69,0
NOB010,20120203,81.14,81.14,81.14,81.14,0
NOB010,20120206,81.58,81.58,81.58,81.58,0
NOB010,20120207,81.10,81.10,81.10,81.10,0
NOB010,20120208,80.78,80.78,80.78,80.78,0
NOB010,20120209,80.99,80.99,80.99,80.99,0
NOB010,20120210,81.27,81.27,81.27,81.27,0
NOB010,20120213,80.78,80.78,80.78,80.78,0
NOB010,20120214,82.32,82.32,82.32,82.32,0
NOB010,20120215,81.80,81.80,81.80,81.80,0
NOB010,20120216,82.20,82.20,82.20,82.20,0
NOB010,20120217,81.89,81.89,81.89,81.89,0
NOB010,20120220,82.15,82.15,82.15,82.15,0
NOB010,20120221,82.65,82.65,82.65,82.65,0
NOB010,20120222,82.97,82.97,82.97,82.97,0
NOB010,20120223,83.01,83.01,83.01,83.01,0
NOB010,20120224,83.15,83.15,83.15,83.15,0
NOB010,20120227,83.52,83.52,83.52,83.52,0
NOB010,20120228,83.50,83.50,83.50,83.50,0
NOB010,20120229,83.67,83.67,83.67,83.67,0
NOB010,20120301,84.02,84.02,84.02,84.02,0
NOB010,20120302,84.01,84.01,84.01,84.01,0
NOB010,20120305,84.21,84.21,84.21,84.21,0
NOB010,20120306,83.06,83.06,83.06,83.06,0
NOB010,20120307,81.54,81.54,81.54,81.54,0
NOB010,20120308,81.95,81.95,81.95,81.95,0
NOB010,20120309,82.71,82.71,82.71,82.71,0
NOB010,20120312,83.33,83.33,83.33,83.33,0
NOB010,20120313,82.50,82.50,82.50,82.50,0
NOB010,20120314,82.68,82.68,82.68,82.68,0
NOB010,20120315,82.17,82.17,82.17,82.17,0
NOB010,20120316,81.87,81.87,81.87,81.87,0
NOB010,20120319,81.78,81.78,81.78,81.78,0
NOB010,20120320,81.36,81.36,81.36,81.36,0
NOB010,20120321,80.73,80.73,80.73,80.73,0
NOB010,20120322,80.80,80.80,80.80,80.80,0
NOB010,20120323,79.28,79.28,79.28,79.28,0
NOB010,20120326,79.46,79.46,79.46,79.46,0
NOB010,20120327,80.11,80.11,80.11,80.11,0
NOB010,20120328,80.37,80.37,80.37,80.37,0
NOB010,20120329,79.44,79.44,79.44,79.44,0
NOB010,20120330,79.29,79.29,79.29,79.29,0
NOB010,20120402,80.18,80.18,80.18,80.18,0
NOB010,20120403,80.83,80.83,80.83,80.83,0
NOB010,20120404,80.67,80.67,80.67,80.67,0
NOB010,20120405,79.09,79.09,79.09,79.09,0
NOB010,20120410,79.98,79.98,79.98,79.98,0
NOB010,20120411,78.98,78.98,78.98,78.98,0
NOB010,20120412,79.23,79.23,79.23,79.23,0
NOB010,20120413,80.29,80.29,80.29,80.29,0
NOB010,20120416,80.07,80.07,80.07,80.07,0
NOB010,20120417,79.33,79.33,79.33,79.33,0
NOB010,20120418,80.24,80.24,80.24,80.24,0
NOB010,20120419,81.03,81.03,81.03,81.03,0
NOB010,20120420,81.09,81.09,81.09,81.09,0
NOB010,20120423,81.15,81.15,81.15,81.15,0
NOB010,20120424,79.94,79.94,79.94,79.94,0
NOB010,20120425,79.97,79.97,79.97,79.97,0
NOB010,20120426,81.19,81.19,81.19,81.19,0
NOB010,20120427,81.61,81.61,81.61,81.61,0
NOB010,20120430,81.64,81.64,81.64,81.64,0
NOB010,20120502,81.47,81.47,81.47,81.47,0
NOB010,20120504,81.30,81.30,81.30,81.30,0
NOB010,20120507,80.00,80.00,80.00,80.00,0
NOB010,20120508,79.85,79.85,79.85,79.85,0
NOB010,20120509,78.81,78.81,78.81,78.81,0
NOB010,20120510,78.11,78.11,78.11,78.11,0
NOB010,20120511,78.80,78.80,78.80,78.80,0
NOB010,20120514,78.50,78.50,78.50,78.50,0
NOB010,20120515,77.22,77.22,77.22,77.22,0
NOB010,20120516,76.52,76.52,76.52,76.52,0
NOB010,20120517,76.54,76.54,76.54,76.54,0
NOB010,20120518,77.01,77.01,77.01,77.01,0
NOB010,20120521,75.69,75.69,75.69,75.69,0
NOB010,20120522,75.67,75.67,75.67,75.67,0
NOB010,20120523,76.98,76.98,76.98,76.98,0
NOB010,20120524,76.26,76.26,76.26,76.26,0
NOB010,20120525,77.35,77.35,77.35,77.35,0
NOB010,20120528,77.33,77.33,77.33,77.33,0
NOB010,20120529,77.75,77.75,77.75,77.75,0
NOB010,20120530,78.64,78.64,78.64,78.64,0
NOB010,20120531,77.21,77.21,77.21,77.21,0
NOB010,20120601,77.32,77.32,77.32,77.32,0
NOB010,20120604,76.89,76.89,76.89,76.89,0
NOB010,20120605,76.35,76.35,76.35,76.35,0
NOB010,20120606,76.56,76.56,76.56,76.56,0
NOB010,20120608,78.72,78.72,78.72,78.72,0
NOB010,20120611,77.72,77.72,77.72,77.72,0
NOB010,20120612,76.89,76.89,76.89,76.89,0
NOB010,20120613,77.81,77.81,77.81,77.81,0
NOB010,20120614,77.90,77.90,77.90,77.90,0
NOB010,20120615,77.01,77.01,77.01,77.01,0
NOB010,20120618,77.51,77.51,77.51,77.51,0
NOB010,20120619,78.64,78.64,78.64,78.64,0
NOB010,20120620,78.80,78.80,78.80,78.80,0
NOB010,20120621,79.31,79.31,79.31,79.31,0
NOB010,20120622,77.45,77.45,77.45,77.45,0
NOB010,20120625,75.89,75.89,75.89,75.89,0
NOB010,20120626,75.64,75.64,75.64,75.64,0
NOB010,20120627,75.77,75.77,75.77,75.77,0
NOB010,20120628,76.35,76.35,76.35,76.35,0
NOB010,20120629,75.24,75.24,75.24,75.24,0
NOB010,20120702,76.08,76.08,76.08,76.08,0
NOB010,20120703,77.24,77.24,77.24,77.24,0
NOB010,20120704,78.69,78.69,78.69,78.69,0
NOB010,20120705,79.73,79.73,79.73,79.73,0
NOB010,20120706,80.69,80.69,80.69,80.69,0
NOB010,20120709,79.75,79.75,79.75,79.75,0
NOB010,20120710,78.44,78.44,78.44,78.44,0
NOB010,20120711,79.01,79.01,79.01,79.01,0
NOB010,20120712,78.66,78.66,78.66,78.66,0
NOB010,20120713,77.43,77.43,77.43,77.43,0
NOB010,20120716,78.33,78.33,78.33,78.33,0
NOB010,20120717,78.27,78.27,78.27,78.27,0
NOB010,20120718,78.19,78.19,78.19,78.19,0
NOB010,20120719,78.77,78.77,78.77,78.77,0
NOB010,20120720,79.62,79.62,79.62,79.62,0
NOB010,20120723,79.33,79.33,79.33,79.33,0
NOB010,20120724,76.89,76.89,76.89,76.89,0
NOB010,20120725,76.92,76.92,76.92,76.92,0
NOB010,20120726,76.95,76.95,76.95,76.95,0
NOB010,20120727,77.74,77.74,77.74,77.74,0
NOB010,20120730,78.74,78.74,78.74,78.74,0
NOB010,20120731,79.98,79.98,79.98,79.98,0
NOB010,20120801,78.84,78.84,78.84,78.84,0
NOB010,20120802,79.02,79.02,79.02,79.02,0
NOB010,20120803,79.18,79.18,79.18,79.18,0
NOB010,20120806,79.91,79.91,79.91,79.91,0
NOB010,20120807,80.22,80.22,80.22,80.22,0
NOB010,20120808,81.08,81.08,81.08,81.08,0
NOB010,20120809,80.94,80.94,80.94,80.94,0
NOB010,20120810,81.68,81.68,81.68,81.68,0
NOB010,20120813,81.85,81.85,81.85,81.85,0
NOB010,20120814,81.07,81.07,81.07,81.07,0
NOB010,20120816,81.34,81.34,81.34,81.34,0
NOB010,20120817,81.35,81.35,81.35,81.35,0
NOB010,20120820,81.01,81.01,81.01,81.01,0
NOB010,20120821,80.63,80.63,80.63,80.63,0
NOB010,20120822,81.42,81.42,81.42,81.42,0
NOB010,20120823,81.07,81.07,81.07,81.07,0
NOB010,20120824,81.09,81.09,81.09,81.09,0
NOB010,20120827,80.40,80.40,80.40,80.40,0
NOB010,20120828,80.51,80.51,80.51,80.51,0
NOB010,20120829,79.97,79.97,79.97,79.97,0
NOB010,20120830,80.18,80.18,80.18,80.18,0
NOB010,20120831,79.10,79.10,79.10,79.10,0
NOB010,20120903,79.86,79.86,79.86,79.86,0
NOB010,20120904,80.64,80.64,80.64,80.64,0
NOB010,20120905,80.93,80.93,80.93,80.93,0
NOB010,20120906,80.16,80.16,80.16,80.16,0
NOB010,20120907,82.19,82.19,82.19,82.19,0
NOB010,20120910,82.64,82.64,82.64,82.64,0
NOB010,20120911,82.66,82.66,82.66,82.66,0
NOB010,20120912,82.21,82.21,82.21,82.21,0
NOB010,20120913,81.03,81.03,81.03,81.03,0
NOB010,20120914,81.59,81.59,81.59,81.59,0
NOB010,20120917,82.52,82.52,82.52,82.52,0
NOB010,20120918,82.24,82.24,82.24,82.24,0
NOB010,20120919,82.47,82.47,82.47,82.47,0
NOB010,20120920,82.91,82.91,82.91,82.91,0
NOB010,20120921,82.86,82.86,82.86,82.86,0
NOB010,20120924,83.64,83.64,83.64,83.64,0
NOB010,20120925,83.38,83.38,83.38,83.38,0
NOB010,20120926,83.30,83.30,83.30,83.30,0
NOB010,20120927,82.76,82.76,82.76,82.76,0
NOB010,20120928,83.37,83.37,83.37,83.37,0
NOB010,20121001,83.28,83.28,83.28,83.28,0
NOB010,20121002,82.95,82.95,82.95,82.95,0
NOB010,20121003,83.03,83.03,83.03,83.03,0
NOB010,20121004,82.91,82.91,82.91,82.91,0
NOB010,20121005,82.67,82.67,82.67,82.67,0
NOB010,20121008,81.85,81.85,81.85,81.85,0
NOB010,20121009,80.56,80.56,80.56,80.56,0
NOB010,20121010,80.66,80.66,80.66,80.66,0
NOB010,20121011,81.12,81.12,81.12,81.12,0
NOB010,20121012,81.68,81.68,81.68,81.68,0
NOB010,20121015,81.93,81.93,81.93,81.93,0
NOB010,20121016,81.27,81.27,81.27,81.27,0
NOB010,20121017,82.25,82.25,82.25,82.25,0
NOB010,20121018,83.04,83.04,83.04,83.04,0
NOB010,20121019,82.91,82.91,82.91,82.91,0
NOB010,20121022,82.40,82.40,82.40,82.40,0
NOB010,20121023,82.69,82.69,82.69,82.69,0
NOB010,20121024,81.17,81.17,81.17,81.17,0
NOB010,20121025,81.45,81.45,81.45,81.45,0
NOB010,20121026,81.85,81.85,81.85,81.85,0
NOB010,20121029,81.74,81.74,81.74,81.74,0
NOB010,20121030,81.82,81.82,81.82,81.82,0
NOB010,20121031,80.84,80.84,80.84,80.84,0
NOB010,20121102,81.23,81.23,81.23,81.23,0
NOB010,20121105,82.38,82.38,82.38,82.38,0
NOB010,20121106,82.43,82.43,82.43,82.43,0
NOB010,20121107,83.10,83.10,83.10,83.10,0
NOB010,20121108,82.73,82.73,82.73,82.73,0
NOB010,20121109,82.73,82.73,82.73,82.73,0
NOB010,20121112,82.42,82.42,82.42,82.42,0
NOB010,20121113,82.61,82.61,82.61,82.61,0
NOB010,20121114,82.14,82.14,82.14,82.14,0
NOB010,20121115,79.80,79.80,79.80,79.80,0
NOB010,20121116,78.72,78.72,78.72,78.72,0
NOB010,20121119,78.63,78.63,78.63,78.63,0
NOB010,20121120,79.13,79.13,79.13,79.13,0
NOB010,20121121,78.46,78.46,78.46,78.46,0
NOB010,20121122,77.21,77.21,77.21,77.21,0
NOB010,20121123,77.28,77.28,77.28,77.28,0
NOB010,20121126,77.14,77.14,77.14,77.14,0
NOB010,20121127,75.94,75.94,75.94,75.94,0
NOB010,20121128,76.03,76.03,76.03,76.03,0
NOB010,20121129,75.32,75.32,75.32,75.32,0
NOB010,20121130,75.85,75.85,75.85,75.85,0
NOB010,20121203,75.30,75.30,75.30,75.30,0
NOB010,20121204,75.11,75.11,75.11,75.11,0
NOB010,20121205,74.83,74.83,74.83,74.83,0
NOB010,20121206,74.84,74.84,74.84,74.84,0
NOB010,20121207,75.44,75.44,75.44,75.44,0
NOB010,20121210,75.54,75.54,75.54,75.54,0
NOB010,20121211,76.12,76.12,76.12,76.12,0
NOB010,20121212,75.20,75.20,75.20,75.20,0
NOB010,20121213,75.48,75.48,75.48,75.48,0
NOB010,20121214,74.75,74.75,74.75,74.75,0
NOB010,20121217,74.96,74.96,74.96,74.96,0
NOB010,20121218,74.90,74.90,74.90,74.90,0
NOB010,20121219,74.91,74.91,74.91,74.91,0
NOB010,20121220,75.63,75.63,75.63,75.63,0
NOB010,20121221,75.69,75.69,75.69,75.69,0
NOB010,20121227,75.66,75.66,75.66,75.66,0
NOB010,20121228,76.34,76.34,76.34,76.34,0
NOB010,20130102,76.92,76.92,76.92,76.92,0
NOB010,20130103,77.75,77.75,77.75,77.75,0
NOB010,20130104,78.26,78.26,78.26,78.26,0
NOB010,20130107,78.06,78.06,78.06,78.06,0
NOB010,20130108,77.82,77.82,77.82,77.82,0
NOB010,20130109,77.66,77.66,77.66,77.66,0
NOB010,20130110,78.10,78.10,78.10,78.10,0
NOB010,20130111,77.29,77.29,77.29,77.29,0
NOB010,20130114,75.84,75.84,75.84,75.84,0
NOB010,20130115,75.23,75.23,75.23,75.23,0
NOB010,20130116,74.22,74.22,74.22,74.22,0
NOB010,20130117,74.04,74.04,74.04,74.04,0
NOB010,20130118,73.79,73.79,73.79,73.79,0
NOB010,20130121,73.60,73.60,73.60,73.60,0
NOB010,20130122,73.84,73.84,73.84,73.84,0
NOB010,20130123,73.78,73.78,73.78,73.78,0
NOB010,20130124,73.03,73.03,73.03,73.03,0
NOB010,20130125,72.62,72.62,72.62,72.62,0
NOB010,20130128,72.39,72.39,72.39,72.39,0
NOB010,20130129,71.62,71.62,71.62,71.62,0
NOB010,20130130,71.86,71.86,71.86,71.86,0
NOB010,20130131,70.79,70.79,70.79,70.79,0
NOB010,20130201,71.27,71.27,71.27,71.27,0
NOB010,20130204,71.82,71.82,71.82,71.82,0
NOB010,20130205,72.48,72.48,72.48,72.48,0
NOB010,20130206,73.23,73.23,73.23,73.23,0
NOB010,20130207,73.07,73.07,73.07,73.07,0
NOB010,20130208,73.92,73.92,73.92,73.92,0
NOB010,20130211,74.17,74.17,74.17,74.17,0
NOB010,20130212,73.49,73.49,73.49,73.49,0
NOB010,20130213,72.98,72.98,72.98,72.98,0
NOB010,20130214,73.80,73.80,73.80,73.80,0
NOB010,20130215,74.06,74.06,74.06,74.06,0
NOB010,20130218,73.64,73.64,73.64,73.64,0
NOB010,20130219,73.07,73.07,73.07,73.07,0
NOB010,20130220,72.94,72.94,72.94,72.94,0
NOB010,20130221,71.94,71.94,71.94,71.94,0
NOB010,20130222,71.60,71.60,71.60,71.60,0
NOB010,20130225,71.91,71.91,71.91,71.91,0
NOB010,20130226,71.93,71.93,71.93,71.93,0
NOB010,20130227,72.17,72.17,72.17,72.17,0
NOB010,20130228,71.58,71.58,71.58,71.58,0
NOB010,20130301,71.23,71.23,71.23,71.23,0
NOB010,20130304,71.07,71.07,71.07,71.07,0
NOB010,20130305,69.86,69.86,69.86,69.86,0
NOB010,20130306,70.92,70.92,70.92,70.92,0
NOB010,20130307,71.04,71.04,71.04,71.04,0
NOB010,20130308,70.68,70.68,70.68,70.68,0
NOB010,20130311,71.79,71.79,71.79,71.79,0
NOB010,20130312,71.78,71.78,71.78,71.78,0
NOB010,20130313,71.85,71.85,71.85,71.85,0
NOB010,20130314,71.92,71.92,71.92,71.92,0
NOB010,20130315,72.37,72.37,72.37,72.37,0
NOB010,20130318,71.52,71.52,71.52,71.52,0
NOB010,20130319,71.89,71.89,71.89,71.89,0
NOB010,20130320,71.44,71.44,71.44,71.44,0
NOB010,20130321,71.78,71.78,71.78,71.78,0
NOB010,20130322,72.02,72.02,72.02,72.02,0
NOB010,20130325,71.22,71.22,71.22,71.22,0
NOB010,20130326,71.69,71.69,71.69,71.69,0
NOB010,20130327,71.91,71.91,71.91,71.91,0
NOB010,20130328,72.06,72.06,72.06,72.06,0
NOB010,20130402,71.89,71.89,71.89,71.89,0
NOB010,20130403,71.59,71.59,71.59,71.59,0
NOB010,20130404,70.41,70.41,70.41,70.41,0
NOB010,20130405,69.83,69.83,69.83,69.83,0
NOB010,20130408,69.21,69.21,69.21,69.21,0
NOB010,20130409,69.66,69.66,69.66,69.66,0
NOB010,20130410,70.09,70.09,70.09,70.09,0
NOB010,20130411,69.82,69.82,69.82,69.82,0
NOB010,20130412,69.59,69.59,69.59,69.59,0
NOB010,20130415,68.26,68.26,68.26,68.26,0
NOB010,20130417,65.45,65.45,65.45,65.45,0
NOB010,20130418,63.85,63.85,63.85,63.85,0
NOB010,20130419,64.16,64.16,64.16,64.16,0
NOB010,20130422,64.90,64.90,64.90,64.90,0
NOB010,20130423,65.02,65.02,65.02,65.02,0
NOB010,20130424,65.55,65.55,65.55,65.55,0
NOB010,20130425,66.61,66.61,66.61,66.61,0
NOB010,20130426,67.84,67.84,67.84,67.84,0
NOB010,20130429,66.84,66.84,66.84,66.84,0
NOB010,20130430,66.96,66.96,66.96,66.96,0
NOB010,20130502,66.76,66.76,66.76,66.76,0
NOB010,20130506,67.92,67.92,67.92,67.92,0
NOB010,20130507,67.99,67.99,67.99,67.99,0
NOB010,20130508,67.64,67.64,67.64,67.64,0
NOB010,20130509,67.63,67.63,67.63,67.63,0
NOB010,20130510,68.58,68.58,68.58,68.58,0
NOB010,20130513,69.14,69.14,69.14,69.14,0
NOB010,20130514,69.18,69.18,69.18,69.18,0
NOB010,20130515,69.10,69.10,69.10,69.10,0
NOB010,20130516,69.68,69.68,69.68,69.68,0
NOB010,20130517,69.94,69.94,69.94,69.94,0
NOB010,20130520,69.90,69.90,69.90,69.90,0
NOB010,20130521,69.46,69.46,69.46,69.46,0
NOB010,20130522,69.73,69.73,69.73,69.73,0
NOB010,20130523,69.47,69.47,69.47,69.47,0
NOB010,20130524,68.50,68.50,68.50,68.50,0
NOB010,20130527,68.73,68.73,68.73,68.73,0
NOB010,20130528,69.00,69.00,69.00,69.00,0
NOB010,20130529,69.61,69.61,69.61,69.61,0
NOB010,20130531,68.91,68.91,68.91,68.91,0
NOB010,20130603,68.53,68.53,68.53,68.53,0
NOB010,20130604,68.26,68.26,68.26,68.26,0
NOB010,20130605,68.27,68.27,68.27,68.27,0
NOB010,20130606,67.14,67.14,67.14,67.14,0
NOB010,20130607,66.23,66.23,66.23,66.23,0
NOB010,20130610,66.32,66.32,66.32,66.32,0
NOB010,20130611,65.66,65.66,65.66,65.66,0
NOB010,20130612,64.66,64.66,64.66,64.66,0
NOB010,20130613,64.11,64.11,64.11,64.11,0
NOB010,20130614,63.87,63.87,63.87,63.87,0
NOB010,20130617,64.05,64.05,64.05,64.05,0
NOB010,20130618,64.13,64.13,64.13,64.13,0
NOB010,20130619,64.27,64.27,64.27,64.27,0
NOB010,20130620,64.08,64.08,64.08,64.08,0
NOB010,20130621,62.35,62.35,62.35,62.35,0
NOB010,20130624,61.75,61.75,61.75,61.75,0
NOB010,20130625,60.55,60.55,60.55,60.55,0
NOB010,20130626,60.97,60.97,60.97,60.97,0
NOB010,20130628,61.90,61.90,61.90,61.90,0
NOB010,20130701,62.23,62.23,62.23,62.23,0
NOB010,20130702,62.80,62.80,62.80,62.80,0
NOB010,20130703,62.80,62.80,62.80,62.80,0
NOB010,20130704,62.90,62.90,62.90,62.90,0
NOB010,20130705,63.55,63.55,63.55,63.55,0
NOB010,20130708,63.31,63.31,63.31,63.31,0
NOB010,20130709,63.42,63.42,63.42,63.42,0
NOB010,20130710,64.04,64.04,64.04,64.04,0
NOB010,20130711,64.19,64.19,64.19,64.19,0
NOB010,20130712,64.58,64.58,64.58,64.58,0
NOB010,20130715,64.52,64.52,64.52,64.52,0
NOB010,20130716,64.56,64.56,64.56,64.56,0
NOB010,20130717,64.48,64.48,64.48,64.48,0
NOB010,20130718,64.78,64.78,64.78,64.78,0
NOB010,20130719,64.88,64.88,64.88,64.88,0
NOB010,20130722,64.55,64.55,64.55,64.55,0
NOB010,20130723,64.72,64.72,64.72,64.72,0
NOB010,20130724,64.44,64.44,64.44,64.44,0
NOB010,20130725,64.06,64.06,64.06,64.06,0
NOB010,20130726,63.90,63.90,63.90,63.90,0
NOB010,20130729,63.77,63.77,63.77,63.77,0
NOB010,20130730,64.00,64.00,64.00,64.00,0
NOB010,20130731,64.16,64.16,64.16,64.16,0
NOB010,20130801,64.34,64.34,64.34,64.34,0
NOB010,20130802,64.95,64.95,64.95,64.95,0
NOB010,20130805,64.56,64.56,64.56,64.56,0
NOB010,20130806,64.70,64.70,64.70,64.70,0
NOB010,20130807,64.11,64.11,64.11,64.11,0
NOB010,20130808,64.08,64.08,64.08,64.08,0
NOB010,20130809,64.42,64.42,64.42,64.42,0
NOB010,20130812,64.87,64.87,64.87,64.87,0
NOB010,20130813,64.85,64.85,64.85,64.85,0
NOB010,20130814,64.91,64.91,64.91,64.91,0
NOB010,20130816,64.96,64.96,64.96,64.96,0
NOB010,20130819,64.54,64.54,64.54,64.54,0
NOB010,20130820,63.66,63.66,63.66,63.66,0
NOB010,20130821,63.30,63.30,63.30,63.30,0
NOB010,20130822,63.13,63.13,63.13,63.13,0
NOB010,20130823,63.54,63.54,63.54,63.54,0
NOB010,20130826,63.53,63.53,63.53,63.53,0
NOB010,20130827,63.33,63.33,63.33,63.33,0
NOB010,20130828,62.63,62.63,62.63,62.63,0
NOB010,20130829,62.39,62.39,62.39,62.39,0
NOB010,20130830,62.60,62.60,62.60,62.60,0
NOB010,20130902,62.77,62.77,62.77,62.77,0
NOB010,20130903,62.95,62.95,62.95,62.95,0
NOB010,20130904,63.11,63.11,63.11,63.11,0
NOB010,20130905,63.31,63.31,63.31,63.31,0
NOB010,20130906,63.70,63.70,63.70,63.70,0
NOB010,20130909,63.90,63.90,63.90,63.90,0
NOB010,20130910,63.73,63.73,63.73,63.73,0
NOB010,20130911,63.94,63.94,63.94,63.94,0
NOB010,20130912,63.76,63.76,63.76,63.76,0
NOB010,20130913,63.61,63.61,63.61,63.61,0
NOB010,20130916,63.83,63.83,63.83,63.83,0
NOB010,20130917,63.90,63.90,63.90,63.90,0
NOB010,20130918,63.89,63.89,63.89,63.89,0
NOB010,20130919,64.00,64.00,64.00,64.00,0
NOB010,20130920,64.47,64.47,64.47,64.47,0
NOB010,20130923,63.89,63.89,63.89,63.89,0
NOB010,20130924,63.82,63.82,63.82,63.82,0
NOB010,20130925,63.79,63.79,63.79,63.79,0
NOB010,20130926,63.82,63.82,63.82,63.82,0
NOB010,20130927,64.15,64.15,64.15,64.15,0
NOB010,20130930,63.91,63.91,63.91,63.91,0
NOB010,20131001,63.40,63.40,63.40,63.40,0
NOB010,20131002,63.65,63.65,63.65,63.65,0
NOB010,20131003,63.64,63.64,63.64,63.64,0
NOB010,20131004,63.53,63.53,63.53,63.53,0
NOB010,20131007,63.82,63.82,63.82,63.82,0
NOB010,20131008,63.97,63.97,63.97,63.97,0
NOB010,20131009,63.58,63.58,63.58,63.58,0
NOB010,20131010,63.59,63.59,63.59,63.59,0
NOB010,20131011,64.12,64.12,64.12,64.12,0
NOB010,20131014,64.17,64.17,64.17,64.17,0
NOB010,20131015,64.34,64.34,64.34,64.34,0
NOB010,20131016,64.84,64.84,64.84,64.84,0
NOB010,20131017,65.21,65.21,65.21,65.21,0
NOB010,20131018,65.36,65.36,65.36,65.36,0
NOB010,20131021,65.34,65.34,65.34,65.34,0
NOB010,20131022,65.49,65.49,65.49,65.49,0
NOB010,20131023,65.44,65.44,65.44,65.44,0
NOB010,20131024,65.16,65.16,65.16,65.16,0
NOB010,20131025,65.23,65.23,65.23,65.23,0
NOB010,20131028,65.14,65.14,65.14,65.14,0
NOB010,20131029,65.10,65.10,65.10,65.10,0
NOB010,20131030,64.83,64.83,64.83,64.83,0
NOB010,20131031,64.99,64.99,64.99,64.99,0
NOB010,20131104,65.16,65.16,65.16,65.16,0
NOB010,20131105,65.06,65.06,65.06,65.06,0
NOB010,20131106,65.04,65.04,65.04,65.04,0
NOB010,20131107,64.98,64.98,64.98,64.98,0
NOB010,20131108,64.81,64.81,64.81,64.81,0
NOB010,20131112,64.29,64.29,64.29,64.29,0
NOB010,20131113,63.86,63.86,63.86,63.86,0
NOB010,20131114,63.63,63.63,63.63,63.63,0
NOB010,20131115,64.14,64.14,64.14,64.14,0
NOB010,20131118,64.40,64.40,64.40,64.40,0
NOB010,20131119,64.12,64.12,64.12,64.12,0
NOB010,20131120,64.28,64.28,64.28,64.28,0
NOB010,20131121,64.49,64.49,64.49,64.49,0
NOB010,20131122,64.36,64.36,64.36,64.36,0
NOB010,20131125,64.46,64.46,64.46,64.46,0
NOB010,20131126,64.21,64.21,64.21,64.21,0
NOB010,20131127,63.63,63.63,63.63,63.63,0
NOB010,20131128,63.67,63.67,63.67,63.67,0
NOB010,20131129,63.97,63.97,63.97,63.97,0
NOB010,20131202,63.94,63.94,63.94,63.94,0
NOB010,20131203,63.79,63.79,63.79,63.79,0
NOB010,20131204,63.54,63.54,63.54,63.54,0
NOB010,20131205,63.12,63.12,63.12,63.12,0
NOB010,20131206,63.20,63.20,63.20,63.20,0
NOB010,20131209,63.30,63.30,63.30,63.30,0
NOB010,20131210,63.35,63.35,63.35,63.35,0
NOB010,20131211,63.07,63.07,63.07,63.07,0
NOB010,20131212,62.69,62.69,62.69,62.69,0
NOB010,20131213,62.65,62.65,62.65,62.65,0
NOB010,20131216,62.68,62.68,62.68,62.68,0
NOB010,20131217,62.75,62.75,62.75,62.75,0
NOB010,20131218,62.94,62.94,62.94,62.94,0
NOB010,20131219,63.23,63.23,63.23,63.23,0
NOB010,20131220,63.72,63.72,63.72,63.72,0
NOB010,20131223,63.92,63.92,63.92,63.92,0
NOB010,20131227,64.40,64.40,64.40,64.40,0
NOB010,20131230,64.54,64.54,64.54,64.54,0
NOB010,20140102,64.84,64.84,64.84,64.84,0
NOB010,20140103,65.64,65.64,65.64,65.64,0
NOB010,20140107,65.34,65.34,65.34,65.34,0
NOB010,20140108,65.15,65.15,65.15,65.15,0
NOB010,20140109,65.12,65.12,65.12,65.12,0
NOB010,20140110,65.47,65.47,65.47,65.47,0
NOB010,20140113,65.40,65.40,65.40,65.40,0
NOB010,20140114,65.34,65.34,65.34,65.34,0
NOB010,20140115,65.35,65.35,65.35,65.35,0
NOB010,20140116,65.81,65.81,65.81,65.81,0
NOB010,20140117,65.98,65.98,65.98,65.98,0
NOB010,20140120,65.99,65.99,65.99,65.99,0
NOB010,20140121,66.05,66.05,66.05,66.05,0
NOB010,20140122,65.84,65.84,65.84,65.84,0
NOB010,20140123,65.97,65.97,65.97,65.97,0
NOB010,20140124,65.39,65.39,65.39,65.39,0
NOB010,20140127,64.47,64.47,64.47,64.47,0
NOB010,20140128,63.91,63.91,63.91,63.91,0
NOB010,20140129,63.50,63.50,63.50,63.50,0
NOB010,20140130,63.25,63.25,63.25,63.25,0
NOB010,20140131,63.15,63.15,63.15,63.15,0
NOB010,20140203,63.12,63.12,63.12,63.12,0
NOB010,20140204,63.06,63.06,63.06,63.06,0
NOB010,20140205,62.94,62.94,62.94,62.94,0
NOB010,20140206,63.06,63.06,63.06,63.06,0
NOB010,20140207,63.23,63.23,63.23,63.23,0
NOB010,20140210,63.05,63.05,63.05,63.05,0
NOB010,20140211,63.02,63.02,63.02,63.02,0
NOB010,20140212,62.98,62.98,62.98,62.98,0
NOB010,20140213,62.62,62.62,62.62,62.62,0
NOB010,20140214,62.16,62.16,62.16,62.16,0
NOB010,20140217,62.35,62.35,62.35,62.35,0
NOB010,20140218,62.38,62.38,62.38,62.38,0
NOB010,20140219,62.41,62.41,62.41,62.41,0
NOB010,20140220,61.94,61.94,61.94,61.94,0
NOB010,20140221,61.68,61.68,61.68,61.68,0
NOB010,20140224,62.02,62.02,62.02,62.02,0
NOB010,20140225,62.76,62.76,62.76,62.76,0
NOB010,20140226,62.55,62.55,62.55,62.55,0
NOB010,20140227,62.60,62.60,62.60,62.60,0
NOB010,20140228,62.94,62.94,62.94,62.94,0
NOB010,20140303,62.93,62.93,62.93,62.93,0
NOB010,20140304,62.62,62.62,62.62,62.62,0
NOB010,20140305,62.83,62.83,62.83,62.83,0
NOB010,20140306,63.05,63.05,63.05,63.05,0
NOB010,20140307,62.81,62.81,62.81,62.81,0
NOB010,20140310,62.89,62.89,62.89,62.89,0
NOB010,20140311,62.75,62.75,62.75,62.75,0
NOB010,20140312,62.68,62.68,62.68,62.68,0
NOB010,20140313,62.43,62.43,62.43,62.43,0
NOB010,20140314,61.97,61.97,61.97,61.97,0
NOB010,20140317,61.66,61.66,61.66,61.66,0
NOB010,20140318,61.47,61.47,61.47,61.47,0
NOB010,20140319,61.32,61.32,61.32,61.32,0
NOB010,20140320,61.49,61.49,61.49,61.49,0
NOB010,20140321,62.27,62.27,62.27,62.27,0
NOB010,20140324,62.22,62.22,62.22,62.22,0
NOB010,20140325,62.17,62.17,62.17,62.17,0
NOB010,20140326,62.63,62.63,62.63,62.63,0
NOB010,20140327,62.71,62.71,62.71,62.71,0
NOB010,20140328,62.72,62.72,62.72,62.72,0
NOB010,20140331,62.85,62.85,62.85,62.85,0
NOB010,20140401,62.75,62.75,62.75,62.75,0
NOB010,20140402,62.76,62.76,62.76,62.76,0
NOB010,20140403,62.95,62.95,62.95,62.95,0
NOB010,20140404,63.09,63.09,63.09,63.09,0
NOB010,20140407,63.03,63.03,63.03,63.03,0
NOB010,20140408,63.13,63.13,63.13,63.13,0
NOB010,20140409,63.68,63.68,63.68,63.68,0
NOB010,20140410,63.94,63.94,63.94,63.94,0
NOB010,20140411,63.99,63.99,63.99,63.99,0
NOB010,20140414,63.83,63.83,63.83,63.83,0
NOB010,20140415,63.91,63.91,63.91,63.91,0
NOB010,20140416,63.90,63.90,63.90,63.90,0
NOB010,20140417,64.31,64.31,64.31,64.31,0
NOB010,20140422,64.64,64.64,64.64,64.64,0
NOB010,20140423,64.88,64.88,64.88,64.88,0
NOB010,20140424,64.94,64.94,64.94,64.94,0
NOB010,20140425,64.97,64.97,64.97,64.97,0
NOB010,20140428,64.71,64.71,64.71,64.71,0
NOB010,20140429,64.64,64.64,64.64,64.64,0
NOB010,20140430,65.17,65.17,65.17,65.17,0
NOB010,20140502,65.12,65.12,65.12,65.12,0
NOB010,20140505,65.18,65.18,65.18,65.18,0
NOB010,20140506,64.78,64.78,64.78,64.78,0
NOB010,20140507,64.70,64.70,64.70,64.70,0
NOB010,20140508,64.94,64.94,64.94,64.94,0
NOB010,20140509,64.97,64.97,64.97,64.97,0
NOB010,20140512,65.17,65.17,65.17,65.17,0
NOB010,20140513,65.62,65.62,65.62,65.62,0
NOB010,20140514,65.78,65.78,65.78,65.78,0
NOB010,20140515,65.91,65.91,65.91,65.91,0
NOB010,20140516,65.46,65.46,65.46,65.46,0
NOB010,20140519,65.30,65.30,65.30,65.30,0
NOB010,20140520,65.31,65.31,65.31,65.31,0
NOB010,20140521,65.55,65.55,65.55,65.55,0
NOB010,20140522,65.83,65.83,65.83,65.83,0
NOB010,20140523,66.09,66.09,66.09,66.09,0
NOB010,20140526,66.15,66.15,66.15,66.15,0
NOB010,20140527,66.13,66.13,66.13,66.13,0
NOB010,20140528,66.33,66.33,66.33,66.33,0
NOB010,20140529,66.30,66.30,66.30,66.30,0
NOB010,20140530,66.84,66.84,66.84,66.84,0
NOB010,20140602,66.54,66.54,66.54,66.54,0
NOB010,20140603,66.32,66.32,66.32,66.32,0
NOB010,20140604,66.23,66.23,66.23,66.23,0
NOB010,20140605,66.20,66.20,66.20,66.20,0
NOB010,20140606,66.62,66.62,66.62,66.62,0
NOB010,20140609,66.63,66.63,66.63,66.63,0
NOB010,20140610,66.78,66.78,66.78,66.78,0
NOB010,20140611,67.12,67.12,67.12,67.12,0
NOB010,20140612,67.20,67.20,67.20,67.20,0
NOB010,20140613,67.21,67.21,67.21,67.21,0
NOB010,20140616,67.37,67.37,67.37,67.37,0
NOB010,20140617,66.81,66.81,66.81,66.81,0
NOB010,20140618,66.84,66.84,66.84,66.84,0
NOB010,20140620,66.86,66.86,66.86,66.86,0
NOB010,20140623,66.85,66.85,66.85,66.85,0
NOB010,20140624,66.97,66.97,66.97,66.97,0
NOB010,20140625,66.85,66.85,66.85,66.85,0
NOB010,20140626,66.50,66.50,66.50,66.50,0
NOB010,20140627,66.76,66.76,66.76,66.76,0
NOB010,20140630,66.83,66.83,66.83,66.83,0
NOB010,20140701,67.09,67.09,67.09,67.09,0
NOB010,20140702,67.25,67.25,67.25,67.25,0
NOB010,20140703,67.37,67.37,67.37,67.37,0
NOB010,20140704,67.78,67.78,67.78,67.78,0
NOB010,20140707,67.72,67.72,67.72,67.72,0
NOB010,20140708,67.53,67.53,67.53,67.53,0
NOB010,20140709,67.58,67.58,67.58,67.58,0
NOB010,20140710,67.51,67.51,67.51,67.51,0
NOB010,20140711,67.28,67.28,67.28,67.28,0
NOB010,20140714,67.45,67.45,67.45,67.45,0
NOB010,20140715,67.70,67.70,67.70,67.70,0
NOB010,20140716,67.81,67.81,67.81,67.81,0
NOB010,20140717,67.63,67.63,67.63,67.63,0
NOB010,20140718,67.52,67.52,67.52,67.52,0
NOB010,20140721,67.41,67.41,67.41,67.41,0
NOB010,20140722,67.55,67.55,67.55,67.55,0
NOB010,20140723,67.95,67.95,67.95,67.95,0
NOB010,20140724,68.09,68.09,68.09,68.09,0
NOB010,20140725,68.31,68.31,68.31,68.31,0
NOB010,20140728,68.34,68.34,68.34,68.34,0
NOB010,20140729,68.36,68.36,68.36,68.36,0
NOB010,20140730,68.11,68.11,68.11,68.11,0
NOB010,20140731,67.84,67.84,67.84,67.84,0
NOB010,20140801,67.31,67.31,67.31,67.31,0
NOB010,20140804,67.38,67.38,67.38,67.38,0
NOB010,20140805,67.43,67.43,67.43,67.43,0
NOB010,20140806,67.39,67.39,67.39,67.39,0
NOB010,20140807,67.45,67.45,67.45,67.45,0
NOB010,20140808,67.37,67.37,67.37,67.37,0
NOB010,20140811,67.28,67.28,67.28,67.28,0
NOB010,20140812,67.43,67.43,67.43,67.43,0
NOB010,20140813,67.49,67.49,67.49,67.49,0
NOB010,20140814,67.36,67.36,67.36,67.36,0
NOB010,20140818,67.12,67.12,67.12,67.12,0
NOB010,20140819,67.16,67.16,67.16,67.16,0
NOB010,20140820,67.22,67.22,67.22,67.22,0
NOB010,20140821,67.42,67.42,67.42,67.42,0
NOB010,20140822,67.14,67.14,67.14,67.14,0
NOB010,20140825,67.10,67.10,67.10,67.10,0
NOB010,20140826,67.29,67.29,67.29,67.29,0
NOB010,20140827,67.67,67.67,67.67,67.67,0
NOB010,20140828,67.77,67.77,67.77,67.77,0
NOB010,20140829,67.89,67.89,67.89,67.89,0
NOB010,20140901,67.82,67.82,67.82,67.82,0
NOB010,20140902,67.86,67.86,67.86,67.86,0
NOB010,20140903,67.91,67.91,67.91,67.91,0
NOB010,20140904,68.13,68.13,68.13,68.13,0
NOB010,20140905,68.49,68.49,68.49,68.49,0
NOB010,20140908,68.55,68.55,68.55,68.55,0
NOB010,20140909,68.37,68.37,68.37,68.37,0
NOB010,20140910,68.33,68.33,68.33,68.33,0
NOB010,20140911,68.01,68.01,68.01,68.01,0
NOB010,20140912,67.72,67.72,67.72,67.72,0
NOB010,20140915,67.67,67.67,67.67,67.67,0
NOB010,20140916,67.52,67.52,67.52,67.52,0
NOB010,20140917,67.58,67.58,67.58,67.58,0
NOB010,20140918,67.57,67.57,67.57,67.57,0
NOB010,20140919,67.78,67.78,67.78,67.78,0
NOB010,20140922,67.58,67.58,67.58,67.58,0
NOB010,20140923,67.07,67.07,67.07,67.07,0
NOB010,20140924,66.83,66.83,66.83,66.83,0
NOB010,20140925,66.67,66.67,66.67,66.67,0
NOB010,20140926,66.59,66.59,66.59,66.59,0
NOB010,20140929,66.59,66.59,66.59,66.59,0
NOB010,20140930,66.71,66.71,66.71,66.71,0
NOB010,20141001,66.70,66.70,66.70,66.70,0
NOB010,20141002,66.47,66.47,66.47,66.47,0
NOB010,20141003,66.15,66.15,66.15,66.15,0
NOB010,20141006,66.39,66.39,66.39,66.39,0
NOB010,20141007,66.51,66.51,66.51,66.51,0
NOB010,20141008,66.09,66.09,66.09,66.09,0
NOB010,20141009,65.53,65.53,65.53,65.53,0
NOB010,20141010,64.82,64.82,64.82,64.82,0
NOB010,20141013,64.16,64.16,64.16,64.16,0
NOB010,20141014,63.46,63.46,63.46,63.46,0
NOB010,20141015,62.67,62.67,62.67,62.67,0
NOB010,20141016,61.62,61.62,61.62,61.62,0
NOB010,20141017,61.47,61.47,61.47,61.47,0
NOB010,20141020,61.89,61.89,61.89,61.89,0
NOB010,20141021,62.22,62.22,62.22,62.22,0
NOB010,20141022,62.83,62.83,62.83,62.83,0
NOB010,20141023,62.84,62.84,62.84,62.84,0
NOB010,20141024,62.59,62.59,62.59,62.59,0
NOB010,20141027,62.28,62.28,62.28,62.28,0
NOB010,20141028,61.93,61.93,61.93,61.93,0
NOB010,20141029,62.11,62.11,62.11,62.11,0
NOB010,20141030,62.17,62.17,62.17,62.17,0
NOB010,20141031,62.01,62.01,62.01,62.01,0
NOB010,20141103,62.29,62.29,62.29,62.29,0
NOB010,20141104,62.15,62.15,62.15,62.15,0
NOB010,20141105,61.13,61.13,61.13,61.13,0
NOB010,20141106,60.23,60.23,60.23,60.23,0
NOB010,20141107,60.00,60.00,60.00,60.00,0
NOB010,20141110,60.41,60.41,60.41,60.41,0
NOB010,20141112,60.86,60.86,60.86,60.86,0
NOB010,20141113,60.21,60.21,60.21,60.21,0
NOB010,20141114,59.78,59.78,59.78,59.78,0
NOB010,20141117,59.93,59.93,59.93,59.93,0
NOB010,20141118,59.91,59.91,59.91,59.91,0
NOB010,20141119,59.46,59.46,59.46,59.46,0
NOB010,20141120,59.10,59.10,59.10,59.10,0
NOB010,20141121,59.50,59.50,59.50,59.50,0
NOB010,20141124,60.14,60.14,60.14,60.14,0
NOB010,20141125,59.81,59.81,59.81,59.81,0
NOB010,20141126,59.97,59.97,59.97,59.97,0
NOB010,20141127,60.18,60.18,60.18,60.18,0
NOB010,20141128,59.57,59.57,59.57,59.57,0
NOB010,20141201,58.28,58.28,58.28,58.28,0
NOB010,20141202,57.83,57.83,57.83,57.83,0
NOB010,20141203,58.20,58.20,58.20,58.20,0
NOB010,20141204,58.16,58.16,58.16,58.16,0
NOB010,20141205,57.70,57.70,57.70,57.70,0
NOB010,20141208,57.69,57.69,57.69,57.69,0
NOB010,20141209,57.21,57.21,57.21,57.21,0
NOB010,20141210,56.77,56.77,56.77,56.77,0
NOB010,20141211,55.81,55.81,55.81,55.81,0
NOB010,20141212,55.08,55.08,55.08,55.08,0
NOB010,20141215,54.70,54.70,54.70,54.70,0
NOB010,20141216,54.04,54.04,54.04,54.04,0
NOB010,20141217,53.25,53.25,53.25,53.25,0
NOB010,20141218,53.42,53.42,53.42,53.42,0
NOB010,20141219,54.74,54.74,54.74,54.74,0
NOB010,20141222,55.27,55.27,55.27,55.27,0
NOB010,20141223,56.02,56.02,56.02,56.02,0
NOB010,20141229,56.96,56.96,56.96,56.96,0
NOB010,20141230,56.96,56.96,56.96,56.96,0
NOB010,20150102,56.61,56.61,56.61,56.61,0
NOB010,20150105,56.30,56.30,56.30,56.30,0
NOB010,20150107,55.24,55.24,55.24,55.24,0
NOB010,20150108,55.22,55.22,55.22,55.22,0
NOB010,20150109,55.39,55.39,55.39,55.39,0
NOB010,20150112,55.04,55.04,55.04,55.04,0
NOB010,20150113,54.56,54.56,54.56,54.56,0
NOB010,20150114,54.15,54.15,54.15,54.15,0
NOB010,20150115,53.73,53.73,53.73,53.73,0
NOB010,20150116,54.30,54.30,54.30,54.30,0
NOB010,20150119,54.98,54.98,54.98,54.98,0
NOB010,20150120,54.82,54.82,54.82,54.82,0
NOB010,20150121,54.99,54.99,54.99,54.99,0
NOB010,20150122,54.94,54.94,54.94,54.94,0
NOB010,20150123,54.99,54.99,54.99,54.99,0
NOB010,20150126,54.96,54.96,54.96,54.96,0
NOB010,20150127,54.83,54.83,54.83,54.83,0
NOB010,20150128,54.75,54.75,54.75,54.75,0
NOB010,20150129,54.51,54.51,54.51,54.51,0
NOB010,20150130,54.15,54.15,54.15,54.15,0
NOB010,20150202,54.41,54.41,54.41,54.41,0
NOB010,20150203,55.10,55.10,55.10,55.10,0
NOB010,20150204,55.56,55.56,55.56,55.56,0
NOB010,20150205,55.59,55.59,55.59,55.59,0
NOB010,20150206,55.24,55.24,55.24,55.24,0
NOB010,20150209,54.95,54.95,54.95,54.95,0
NOB010,20150210,54.51,54.51,54.51,54.51,0
NOB010,20150211,53.74,53.74,53.74,53.74,0
NOB010,20150212,53.36,53.36,53.36,53.36,0
NOB010,20150213,53.49,53.49,53.49,53.49,0
NOB010,20150216,53.93,53.93,53.93,53.93,0
NOB010,20150217,54.00,54.00,54.00,54.00,0
NOB010,20150218,54.42,54.42,54.42,54.42,0
NOB010,20150219,54.73,54.73,54.73,54.73,0
NOB010,20150220,54.88,54.88,54.88,54.88,0
NOB010,20150223,55.10,55.10,55.10,55.10,0
NOB010,20150224,55.35,55.35,55.35,55.35,0
NOB010,20150225,55.61,55.61,55.61,55.61,0
NOB010,20150226,55.21,55.21,55.21,55.21,0
NOB010,20150227,55.13,55.13,55.13,55.13,0
NOB010,20150302,55.04,55.04,55.04,55.04,0
NOB010,20150303,55.13,55.13,55.13,55.13,0
NOB010,20150304,55.07,55.07,55.07,55.07,0
NOB010,20150305,55.04,55.04,55.04,55.04,0
NOB010,20150306,55.61,55.61,55.61,55.61,0
NOB010,20150309,55.88,55.88,55.88,55.88,0
NOB010,20150310,55.81,55.81,55.81,55.81,0
NOB010,20150311,55.30,55.30,55.30,55.30,0
NOB010,20150312,55.43,55.43,55.43,55.43,0
NOB010,20150313,55.23,55.23,55.23,55.23,0
NOB010,20150316,54.82,54.82,54.82,54.82,0
NOB010,20150317,54.55,54.55,54.55,54.55,0
NOB010,20150318,54.45,54.45,54.45,54.45,0
NOB010,20150319,54.26,54.26,54.26,54.26,0
NOB010,20150320,54.62,54.62,54.62,54.62,0
NOB010,20150323,54.74,54.74,54.74,54.74,0
NOB010,20150324,54.54,54.54,54.54,54.54,0
NOB010,20150325,54.64,54.64,54.64,54.64,0
NOB010,20150326,54.23,54.23,54.23,54.23,0
NOB010,20150327,54.25,54.25,54.25,54.25,0
NOB010,20150330,54.40,54.40,54.40,54.40,0
NOB010,20150331,54.84,54.84,54.84,54.84,0
NOB010,20150401,55.95,55.95,55.95,55.95,0
NOB010,20150402,56.80,56.80,56.80,56.80,0
NOB010,20150407,56.34,56.34,56.34,56.34,0
NOB010,20150408,56.10,56.10,56.10,56.10,0
NOB010,20150409,56.30,56.30,56.30,56.30,0
NOB010,20150410,56.78,56.78,56.78,56.78,0
NOB010,20150413,57.04,57.04,57.04,57.04,0
NOB010,20150414,57.21,57.21,57.21,57.21,0
NOB010,20150415,57.07,57.07,57.07,57.07,0
NOB010,20150416,57.41,57.41,57.41,57.41,0
NOB010,20150417,57.54,57.54,57.54,57.54,0
NOB010,20150420,57.09,57.09,57.09,57.09,0
NOB010,20150421,56.72,56.72,56.72,56.72,0
NOB010,20150422,56.84,56.84,56.84,56.84,0
NOB010,20150423,56.93,56.93,56.93,56.93,0
NOB010,20150424,57.08,57.08,57.08,57.08,0
NOB010,20150427,57.30,57.30,57.30,57.30,0
NOB010,20150428,57.21,57.21,57.21,57.21,0
NOB010,20150429,57.13,57.13,57.13,57.13,0
NOB010,20150430,56.97,56.97,56.97,56.97,0
NOB010,20150504,56.93,56.93,56.93,56.93,0
NOB010,20150505,57.02,57.02,57.02,57.02,0
NOB010,20150506,57.10,57.10,57.10,57.10,0
NOB010,20150507,56.57,56.57,56.57,56.57,0
NOB010,20150508,56.57,56.57,56.57,56.57,0
NOB010,20150511,56.76,56.76,56.76,56.76,0
NOB010,20150512,56.68,56.68,56.68,56.68,0
NOB010,20150513,56.63,56.63,56.63,56.63,0
NOB010,20150514,56.66,56.66,56.66,56.66,0
NOB010,20150515,56.48,56.48,56.48,56.48,0
NOB010,20150518,56.35,56.35,56.35,56.35,0
NOB010,20150519,56.86,56.86,56.86,56.86,0
NOB010,20150520,57.15,57.15,57.15,57.15,0
NOB010,20150521,57.28,57.28,57.28,57.28,0
NOB010,20150522,57.26,57.26,57.26,57.26,0
NOB010,20150525,57.33,57.33,57.33,57.33,0
NOB010,20150526,57.10,57.10,57.10,57.10,0
NOB010,20150527,56.84,56.84,56.84,56.84,0
NOB010,20150528,56.69,56.69,56.69,56.69,0
NOB010,20150529,56.37,56.37,56.37,56.37,0
NOB010,20150601,56.15,56.15,56.15,56.15,0
NOB010,20150602,56.34,56.34,56.34,56.34,0
NOB010,20150603,55.97,55.97,55.97,55.97,0
NOB010,20150605,55.01,55.01,55.01,55.01,0
NOB010,20150608,55.23,55.23,55.23,55.23,0
NOB010,20150609,54.89,54.89,54.89,54.89,0
NOB010,20150610,55.02,55.02,55.02,55.02,0
NOB010,20150611,55.11,55.11,55.11,55.11,0
NOB010,20150612,55.15,55.15,55.15,55.15,0
NOB010,20150615,54.94,54.94,54.94,54.94,0
NOB010,20150616,54.69,54.69,54.69,54.69,0
NOB010,20150617,54.72,54.72,54.72,54.72,0
NOB010,20150618,54.90,54.90,54.90,54.90,0
NOB010,20150622,54.88,54.88,54.88,54.88,0
NOB010,20150623,54.88,54.88,54.88,54.88,0
NOB010,20150624,54.76,54.76,54.76,54.76,0
NOB010,20150625,55.39,55.39,55.39,55.39,0
NOB010,20150626,55.11,55.11,55.11,55.11,0
NOB010,20150629,54.98,54.98,54.98,54.98,0
NOB010,20150630,54.75,54.75,54.75,54.75,0
NOB010,20150701,54.54,54.54,54.54,54.54,0
NOB010,20150702,54.35,54.35,54.35,54.35,0
NOB010,20150703,54.15,54.15,54.15,54.15,0
NOB010,20150706,53.74,53.74,53.74,53.74,0
NOB010,20150707,52.71,52.71,52.71,52.71,0
NOB010,20150708,52.21,52.21,52.21,52.21,0
NOB010,20150709,51.64,51.64,51.64,51.64,0
NOB010,20150710,51.99,51.99,51.99,51.99,0
NOB010,20150713,51.67,51.67,51.67,51.67,0
NOB010,20150714,52.17,52.17,52.17,52.17,0
NOB010,20150715,52.02,52.02,52.02,52.02,0
NOB010,20150716,52.18,52.18,52.18,52.18,0
NOB010,20150717,52.23,52.23,52.23,52.23,0
NOB010,20150720,52.13,52.13,52.13,52.13,0
NOB010,20150721,52.10,52.10,52.10,52.10,0
NOB010,20150722,51.87,51.87,51.87,51.87,0
NOB010,20150723,51.59,51.59,51.59,51.59,0
NOB010,20150724,51.06,51.06,51.06,51.06,0
NOB010,20150727,50.67,50.67,50.67,50.67,0
NOB010,20150728,49.79,49.79,49.79,49.79,0
NOB010,20150729,49.72,49.72,49.72,49.72,0
NOB010,20150730,50.01,50.01,50.01,50.01,0
NOB010,20150731,50.07,50.07,50.07,50.07,0
NOB010,20150803,49.75,49.75,49.75,49.75,0
NOB010,20150804,49.81,49.81,49.81,49.81,0
NOB010,20150805,50.34,50.34,50.34,50.34,0
NOB010,20150806,50.33,50.33,50.33,50.33,0
NOB010,20150807,50.39,50.39,50.39,50.39,0
NOB010,20150810,50.22,50.22,50.22,50.22,0
NOB010,20150811,50.05,50.05,50.05,50.05,0
NOB010,20150812,49.69,49.69,49.69,49.69,0
NOB010,20150813,48.81,48.81,48.81,48.81,0
NOB010,20150814,48.83,48.83,48.83,48.83,0
NOB010,20150817,48.32,48.32,48.32,48.32,0
NOB010,20150818,47.84,47.84,47.84,47.84,0
NOB010,20150819,47.48,47.48,47.48,47.48,0
NOB010,20150820,47.00,47.00,47.00,47.00,0
NOB010,20150821,46.45,46.45,46.45,46.45,0
NOB010,20150824,45.38,45.38,45.38,45.38,0
NOB010,20150825,43.94,43.94,43.94,43.94,0
NOB010,20150826,44.22,44.22,44.22,44.22,0
NOB010,20150827,43.86,43.86,43.86,43.86,0
NOB010,20150828,44.98,44.98,44.98,44.98,0
NOB010,20150831,45.59,45.59,45.59,45.59,0
NOB010,20150901,45.97,45.97,45.97,45.97,0
NOB010,20150902,45.40,45.40,45.40,45.40,0
NOB010,20150903,45.50,45.50,45.50,45.50,0
NOB010,20150904,46.15,46.15,46.15,46.15,0
NOB010,20150907,45.73,45.73,45.73,45.73,0
NOB010,20150908,45.99,45.99,45.99,45.99,0
NOB010,20150909,46.13,46.13,46.13,46.13,0
NOB010,20150910,45.79,45.79,45.79,45.79,0
NOB010,20150911,45.84,45.84,45.84,45.84,0
NOB010,20150914,45.81,45.81,45.81,45.81,0
NOB010,20150915,46.12,46.12,46.12,46.12,0
NOB010,20150916,46.46,46.46,46.46,46.46,0
NOB010,20150917,47.02,47.02,47.02,47.02,0
NOB010,20150918,47.07,47.07,47.07,47.07,0
NOB010,20150921,46.78,46.78,46.78,46.78,0
NOB010,20150922,46.61,46.61,46.61,46.61,0
NOB010,20150923,46.52,46.52,46.52,46.52,0
NOB010,20150924,46.48,46.48,46.48,46.48,0
NOB010,20150925,46.17,46.17,46.17,46.17,0
NOB010,20150928,46.17,46.17,46.17,46.17,0
NOB010,20150929,45.62,45.62,45.62,45.62,0
NOB010,20150930,45.67,45.67,45.67,45.67,0
NOB010,20151001,46.06,46.06,46.06,46.06,0
NOB010,20151002,46.00,46.00,46.00,46.00,0
NOB010,20151005,46.18,46.18,46.18,46.18,0
NOB010,20151006,46.91,46.91,46.91,46.91,0
NOB010,20151007,47.11,47.11,47.11,47.11,0
NOB010,20151008,47.55,47.55,47.55,47.55,0
NOB010,20151009,47.68,47.68,47.68,47.68,0
NOB010,20151012,47.70,47.70,47.70,47.70,0
NOB010,20151013,47.43,47.43,47.43,47.43,0
NOB010,20151014,47.13,47.13,47.13,47.13,0
NOB010,20151015,47.03,47.03,47.03,47.03,0
NOB010,20151016,47.35,47.35,47.35,47.35,0
NOB010,20151019,47.36,47.36,47.36,47.36,0
NOB010,20151020,47.24,47.24,47.24,47.24,0
NOB010,20151021,47.16,47.16,47.16,47.16,0
NOB010,20151022,47.11,47.11,47.11,47.11,0
NOB010,20151023,47.41,47.41,47.41,47.41,0
NOB010,20151026,47.51,47.51,47.51,47.51,0
NOB010,20151027,47.04,47.04,47.04,47.04,0
NOB010,20151028,46.84,46.84,46.84,46.84,0
NOB010,20151029,46.60,46.60,46.60,46.60,0
NOB010,20151030,46.46,46.46,46.46,46.46,0
NOB010,20151102,46.48,46.48,46.48,46.48,0
NOB010,20151103,46.55,46.55,46.55,46.55,0
NOB010,20151104,46.79,46.79,46.79,46.79,0
NOB010,20151105,46.77,46.77,46.77,46.77,0
NOB010,20151106,46.46,46.46,46.46,46.46,0
NOB010,20151109,46.39,46.39,46.39,46.39,0
NOB010,20151110,45.80,45.80,45.80,45.80,0
NOB010,20151112,45.13,45.13,45.13,45.13,0
NOB010,20151113,44.85,44.85,44.85,44.85,0
NOB010,20151116,44.65,44.65,44.65,44.65,0
NOB010,20151117,44.43,44.43,44.43,44.43,0
NOB010,20151118,44.57,44.57,44.57,44.57,0
NOB010,20151119,44.71,44.71,44.71,44.71,0
NOB010,20151120,44.73,44.73,44.73,44.73,0
NOB010,20151123,44.56,44.56,44.56,44.56,0
NOB010,20151124,44.43,44.43,44.43,44.43,0
NOB010,20151125,44.24,44.24,44.24,44.24,0
NOB010,20151126,44.30,44.30,44.30,44.30,0
NOB010,20151127,44.16,44.16,44.16,44.16,0
NOB010,20151130,43.88,43.88,43.88,43.88,0
NOB010,20151201,43.91,43.91,43.91,43.91,0
NOB010,20151202,44.01,44.01,44.01,44.01,0
NOB010,20151203,44.18,44.18,44.18,44.18,0
NOB010,20151204,43.97,43.97,43.97,43.97,0
NOB010,20151207,43.46,43.46,43.46,43.46,0
NOB010,20151208,43.11,43.11,43.11,43.11,0
NOB010,20151209,42.74,42.74,42.74,42.74,0
NOB010,20151210,42.62,42.62,42.62,42.62,0
NOB010,20151211,42.41,42.41,42.41,42.41,0
NOB010,20151214,41.67,41.67,41.67,41.67,0
NOB010,20151215,41.47,41.47,41.47,41.47,0
NOB010,20151216,41.83,41.83,41.83,41.83,0
NOB010,20151217,41.72,41.72,41.72,41.72,0
NOB010,20151218,42.01,42.01,42.01,42.01,0
NOB010,20151221,42.04,42.04,42.04,42.04,0
NOB010,20151222,42.25,42.25,42.25,42.25,0
NOB010,20151223,42.41,42.41,42.41,42.41,0
NOB010,20151228,42.72,42.72,42.72,42.72,0
NOB010,20151229,42.57,42.57,42.57,42.57,0
NOB010,20151230,42.56,42.56,42.56,42.56,0
NOB010,20160104,42.71,42.71,42.71,42.71,0
NOB010,20160105,42.60,42.60,42.60,42.60,0
NOB010,20160107,42.36,42.36,42.36,42.36,0
NOB010,20160108,41.75,41.75,41.75,41.75,0
NOB010,20160111,41.24,41.24,41.24,41.24,0
NOB010,20160112,40.64,40.64,40.64,40.64,0
NOB010,20160113,40.30,40.30,40.30,40.30,0
NOB010,20160114,39.82,39.82,39.82,39.82,0
NOB010,20160115,39.12,39.12,39.12,39.12,0
NOB010,20160118,38.49,38.49,38.49,38.49,0
NOB010,20160119,38.21,38.21,38.21,38.21,0
NOB010,20160120,38.09,38.09,38.09,38.09,0
NOB010,20160121,38.13,38.13,38.13,38.13,0
NOB010,20160122,38.37,38.37,38.37,38.37,0
NOB010,20160125,38.76,38.76,38.76,38.76,0
NOB010,20160126,39.22,39.22,39.22,39.22,0
NOB010,20160127,39.48,39.48,39.48,39.48,0
NOB010,20160128,39.81,39.81,39.81,39.81,0
NOB010,20160129,40.37,40.37,40.37,40.37,0
NOB010,20160201,40.66,40.66,40.66,40.66,0
NOB010,20160202,40.23,40.23,40.23,40.23,0
NOB010,20160203,40.40,40.40,40.40,40.40,0
NOB010,20160204,41.24,41.24,41.24,41.24,0
NOB010,20160205,41.83,41.83,41.83,41.83,0
NOB010,20160208,41.60,41.60,41.60,41.60,0
NOB010,20160209,41.10,41.10,41.10,41.10,0
NOB010,20160210,40.59,40.59,40.59,40.59,0
NOB010,20160211,40.34,40.34,40.34,40.34,0
NOB010,20160212,40.57,40.57,40.57,40.57,0
NOB010,20160215,41.13,41.13,41.13,41.13,0
NOB010,20160216,41.85,41.85,41.85,41.85,0
NOB010,20160217,42.86,42.86,42.86,42.86,0
NOB010,20160218,42.90,42.90,42.90,42.90,0
NOB010,20160219,43.04,43.04,43.04,43.04,0
NOB010,20160222,43.53,43.53,43.53,43.53,0
NOB010,20160223,43.22,43.22,43.22,43.22,0
NOB010,20160224,43.14,43.14,43.14,43.14,0
NOB010,20160225,42.85,42.85,42.85,42.85,0
NOB010,20160226,42.91,42.91,42.91,42.91,0
NOB010,20160229,43.19,43.19,43.19,43.19,0
NOB010,20160301,43.49,43.49,43.49,43.49,0
NOB010,20160302,43.84,43.84,43.84,43.84,0
NOB010,20160303,44.32,44.32,44.32,44.32,0
NOB010,20160304,44.65,44.65,44.65,44.65,0
NOB010,20160307,44.93,44.93,44.93,44.93,0
NOB010,20160308,44.97,44.97,44.97,44.97,0
NOB010,20160309,44.72,44.72,44.72,44.72,0
NOB010,20160310,44.74,44.74,44.74,44.74,0
NOB010,20160311,44.85,44.85,44.85,44.85,0
NOB010,20160314,44.84,44.84,44.84,44.84,0
NOB010,20160315,44.45,44.45,44.45,44.45,0
NOB010,20160316,44.33,44.33,44.33,44.33,0
NOB010,20160317,44.90,44.90,44.90,44.90,0
NOB010,20160318,45.12,45.12,45.12,45.12,0
NOB010,20160321,45.32,45.32,45.32,45.32,0
NOB010,20160322,45.19,45.19,45.19,45.19,0
NOB010,20160323,44.72,44.72,44.72,44.72,0
NOB010,20160324,44.44,44.44,44.44,44.44,0
NOB010,20160329,44.32,44.32,44.32,44.32,0
NOB010,20160330,43.97,43.97,43.97,43.97,0
NOB010,20160331,44.04,44.04,44.04,44.04,0
NOB010,20160401,44.07,44.07,44.07,44.07,0
NOB010,20160404,43.87,43.87,43.87,43.87,0
NOB010,20160405,43.82,43.82,43.82,43.82,0
NOB010,20160406,43.66,43.66,43.66,43.66,0
NOB010,20160407,43.53,43.53,43.53,43.53,0
NOB010,20160408,43.77,43.77,43.77,43.77,0
NOB010,20160411,43.99,43.99,43.99,43.99,0
NOB010,20160412,44.30,44.30,44.30,44.30,0
NOB010,20160413,45.24,45.24,45.24,45.24,0
NOB010,20160414,45.69,45.69,45.69,45.69,0
NOB010,20160415,45.82,45.82,45.82,45.82,0
NOB010,20160418,45.73,45.73,45.73,45.73,0
NOB010,20160419,46.26,46.26,46.26,46.26,0
NOB010,20160420,46.51,46.51,46.51,46.51,0
NOB010,20160421,46.78,46.78,46.78,46.78,0
NOB010,20160422,47.17,47.17,47.17,47.17,0
NOB010,20160425,47.13,47.13,47.13,47.13,0
NOB010,20160426,47.05,47.05,47.05,47.05,0
NOB010,20160427,47.00,47.00,47.00,47.00,0
NOB010,20160428,47.10,47.10,47.10,47.10,0
NOB010,20160429,47.73,47.73,47.73,47.73,0
NOB010,20160502,47.56,47.56,47.56,47.56,0
NOB010,20160504,46.39,46.39,46.39,46.39,0
NOB010,20160505,46.58,46.58,46.58,46.58,0
NOB010,20160506,46.58,46.58,46.58,46.58,0
NOB010,20160509,46.64,46.64,46.64,46.64,0
NOB010,20160510,46.62,46.62,46.62,46.62,0
NOB010,20160511,46.81,46.81,46.81,46.81,0
NOB010,20160512,46.92,46.92,46.92,46.92,0
NOB010,20160513,46.77,46.77,46.77,46.77,0
NOB010,20160516,46.94,46.94,46.94,46.94,0
NOB010,20160517,47.04,47.04,47.04,47.04,0
NOB010,20160518,47.23,47.23,47.23,47.23,0
NOB010,20160519,47.14,47.14,47.14,47.14,0
NOB010,20160520,47.31,47.31,47.31,47.31,0
NOB010,20160523,47.35,47.35,47.35,47.35,0
NOB010,20160524,47.44,47.44,47.44,47.44,0
NOB010,20160525,47.49,47.49,47.49,47.49,0
NOB010,20160527,47.46,47.46,47.46,47.46,0
NOB010,20160530,47.48,47.48,47.48,47.48,0
NOB010,20160531,47.31,47.31,47.31,47.31,0
NOB010,20160601,46.91,46.91,46.91,46.91,0
NOB010,20160602,46.78,46.78,46.78,46.78,0
NOB010,20160603,47.19,47.19,47.19,47.19,0
NOB010,20160606,47.58,47.58,47.58,47.58,0
NOB010,20160607,47.72,47.72,47.72,47.72,0
NOB010,20160608,48.13,48.13,48.13,48.13,0
NOB010,20160609,47.90,47.90,47.90,47.90,0
NOB010,20160610,47.19,47.19,47.19,47.19,0
NOB010,20160613,46.81,46.81,46.81,46.81,0
NOB010,20160614,46.33,46.33,46.33,46.33,0
NOB010,20160615,46.44,46.44,46.44,46.44,0
NOB010,20160616,46.28,46.28,46.28,46.28,0
NOB010,20160617,46.76,46.76,46.76,46.76,0
NOB010,20160620,47.40,47.40,47.40,47.40,0
NOB010,20160621,46.63,46.63,46.63,46.63,0
NOB010,20160622,46.59,46.59,46.59,46.59,0
NOB010,20160623,47.11,47.11,47.11,47.11,0
NOB010,20160624,45.85,45.85,45.85,45.85,0
NOB010,20160627,44.88,44.88,44.88,44.88,0
NOB010,20160628,45.13,45.13,45.13,45.13,0
NOB010,20160629,45.91,45.91,45.91,45.91,0
NOB010,20160630,46.82,46.82,46.82,46.82,0
NOB010,20160701,47.18,47.18,47.18,47.18,0
NOB010,20160704,47.54,47.54,47.54,47.54,0
NOB010,20160705,47.12,47.12,47.12,47.12,0
NOB010,20160706,46.83,46.83,46.83,46.83,0
NOB010,20160707,46.89,46.89,46.89,46.89,0
NOB010,20160708,47.26,47.26,47.26,47.26,0
NOB010,20160711,47.96,47.96,47.96,47.96,0
NOB010,20160712,48.71,48.71,48.71,48.71,0
NOB010,20160713,48.76,48.76,48.76,48.76,0
NOB010,20160714,49.05,49.05,49.05,49.05,0
NOB010,20160715,48.91,48.91,48.91,48.91,0
NOB010,20160718,48.82,48.82,48.82,48.82,0
NOB010,20160719,48.41,48.41,48.41,48.41,0
NOB010,20160720,48.30,48.30,48.30,48.30,0
NOB010,20160721,48.10,48.10,48.10,48.10,0
NOB010,20160722,48.00,48.00,48.00,48.00,0
NOB010,20160725,47.81,47.81,47.81,47.81,0
NOB010,20160726,47.67,47.67,47.67,47.67,0
NOB010,20160727,47.99,47.99,47.99,47.99,0
NOB010,20160728,48.15,48.15,48.15,48.15,0
NOB010,20160729,48.20,48.20,48.20,48.20,0
NOB010,20160801,48.14,48.14,48.14,48.14,0
NOB010,20160802,47.93,47.93,47.93,47.93,0
NOB010,20160803,47.86,47.86,47.86,47.86,0
NOB010,20160804,48.04,48.04,48.04,48.04,0
NOB010,20160805,48.49,48.49,48.49,48.49,0
NOB010,20160808,48.60,48.60,48.60,48.60,0
NOB010,20160809,48.87,48.87,48.87,48.87,0
NOB010,20160810,48.91,48.91,48.91,48.91,0
NOB010,20160811,48.98,48.98,48.98,48.98,0
NOB010,20160812,48.76,48.76,48.76,48.76,0
NOB010,20160816,48.67,48.67,48.67,48.67,0
NOB010,20160817,48.62,48.62,48.62,48.62,0
NOB010,20160818,48.77,48.77,48.77,48.77,0
NOB010,20160819,48.72,48.72,48.72,48.72,0
NOB010,20160822,48.42,48.42,48.42,48.42,0
NOB010,20160823,48.41,48.41,48.41,48.41,0
NOB010,20160824,48.32,48.32,48.32,48.32,0
NOB010,20160825,48.14,48.14,48.14,48.14,0
NOB010,20160826,48.15,48.15,48.15,48.15,0
NOB010,20160829,48.12,48.12,48.12,48.12,0
NOB010,20160830,47.99,47.99,47.99,47.99,0
NOB010,20160831,47.93,47.93,47.93,47.93,0
NOB010,20160901,48.01,48.01,48.01,48.01,0
NOB010,20160902,48.43,48.43,48.43,48.43,0
NOB010,20160905,48.68,48.68,48.68,48.68,0
NOB010,20160906,49.05,49.05,49.05,49.05,0
NOB010,20160907,48.94,48.94,48.94,48.94,0
NOB010,20160908,49.14,49.14,49.14,49.14,0
NOB010,20160909,48.51,48.51,48.51,48.51,0
NOB010,20160912,48.34,48.34,48.34,48.34,0
NOB010,20160913,47.96,47.96,47.96,47.96,0
NOB010,20160914,47.73,47.73,47.73,47.73,0
NOB010,20160915,47.85,47.85,47.85,47.85,0
NOB010,20160916,47.66,47.66,47.66,47.66,0
NOB010,20160919,47.71,47.71,47.71,47.71,0
NOB010,20160920,47.94,47.94,47.94,47.94,0
NOB010,20160921,48.10,48.10,48.10,48.10,0
NOB010,20160922,48.37,48.37,48.37,48.37,0
NOB010,20160923,48.29,48.29,48.29,48.29,0
NOB010,20160926,47.91,47.91,47.91,47.91,0
NOB010,20160927,47.85,47.85,47.85,47.85,0
NOB010,20160928,48.14,48.14,48.14,48.14,0
NOB010,20160929,48.09,48.09,48.09,48.09,0
NOB010,20160930,48.29,48.29,48.29,48.29,0
NOB010,20161003,48.47,48.47,48.47,48.47,0
NOB010,20161004,48.52,48.52,48.52,48.52,0
NOB010,20161005,48.73,48.73,48.73,48.73,0
NOB010,20161006,48.73,48.73,48.73,48.73,0
NOB010,20161007,48.71,48.71,48.71,48.71,0
NOB010,20161010,48.83,48.83,48.83,48.83,0
NOB010,20161011,48.77,48.77,48.77,48.77,0
NOB010,20161012,48.53,48.53,48.53,48.53,0
NOB010,20161013,48.32,48.32,48.32,48.32,0
NOB010,20161014,48.39,48.39,48.39,48.39,0
NOB010,20161017,48.48,48.48,48.48,48.48,0
NOB010,20161018,48.49,48.49,48.49,48.49,0
NOB010,20161019,48.87,48.87,48.87,48.87,0
NOB010,20161020,48.91,48.91,48.91,48.91,0
NOB010,20161021,49.15,49.15,49.15,49.15,0
NOB010,20161024,49.46,49.46,49.46,49.46,0
NOB010,20161025,49.51,49.51,49.51,49.51,0
NOB010,20161026,49.30,49.30,49.30,49.30,0
NOB010,20161027,49.23,49.23,49.23,49.23,0
NOB010,20161028,49.33,49.33,49.33,49.33,0
NOB010,20161031,49.23,49.23,49.23,49.23,0
NOB010,20161102,48.89,48.89,48.89,48.89,0
NOB010,20161103,48.53,48.53,48.53,48.53,0
NOB010,20161104,46.95,46.95,46.95,46.95,0
NOB010,20161107,46.64,46.64,46.64,46.64,0
NOB010,20161108,47.06,47.06,47.06,47.06,0
NOB010,20161109,46.86,46.86,46.86,46.86,0
NOB010,20161110,47.09,47.09,47.09,47.09,0
NOB010,20161114,46.63,46.63,46.63,46.63,0
NOB010,20161115,46.94,46.94,46.94,46.94,0
NOB010,20161116,47.17,47.17,47.17,47.17,0
NOB010,20161117,47.38,47.38,47.38,47.38,0
NOB010,20161118,47.48,47.48,47.48,47.48,0
NOB010,20161121,47.52,47.52,47.52,47.52,0
NOB010,20161122,47.66,47.66,47.66,47.66,0
NOB010,20161123,47.76,47.76,47.76,47.76,0
NOB010,20161124,47.74,47.74,47.74,47.74,0
NOB010,20161125,47.57,47.57,47.57,47.57,0
NOB010,20161128,47.38,47.38,47.38,47.38,0
NOB010,20161129,47.21,47.21,47.21,47.21,0
NOB010,20161130,46.99,46.99,46.99,46.99,0
NOB010,20161201,47.09,47.09,47.09,47.09,0
NOB010,20161202,47.19,47.19,47.19,47.19,0
NOB010,20161205,47.34,47.34,47.34,47.34,0
NOB010,20161206,47.60,47.60,47.60,47.60,0
NOB010,20161207,47.79,47.79,47.79,47.79,0
NOB010,20161208,48.11,48.11,48.11,48.11,0
NOB010,20161209,48.45,48.45,48.45,48.45,0
NOB010,20161212,48.19,48.19,48.19,48.19,0
NOB010,20161213,48.15,48.15,48.15,48.15,0
NOB010,20161214,47.75,47.75,47.75,47.75,0
NOB010,20161215,47.41,47.41,47.41,47.41,0
NOB010,20161216,47.05,47.05,47.05,47.05,0
NOB010,20161219,47.01,47.01,47.01,47.01,0
NOB010,20161220,47.08,47.08,47.08,47.08,0
NOB010,20161221,47.25,47.25,47.25,47.25,0
NOB010,20161222,47.10,47.10,47.10,47.10,0
NOB010,20161223,46.97,46.97,46.97,46.97,0
NOB010,20161227,46.94,46.94,46.94,46.94,0
NOB010,20161228,47.14,47.14,47.14,47.14,0
NOB010,20161229,47.59,47.59,47.59,47.59,0
NOB010,20161230,47.73,47.73,47.73,47.73,0
NOB010,20170102,47.60,47.60,47.60,47.60,0
NOB010,20170103,47.87,47.87,47.87,47.87,0
NOB010,20170104,48.30,48.30,48.30,48.30,0
NOB010,20170105,48.58,48.58,48.58,48.58,0
NOB010,20170109,48.62,48.62,48.62,48.62,0
NOB010,20170110,49.01,49.01,49.01,49.01,0
NOB010,20170111,49.33,49.33,49.33,49.33,0
NOB010,20170112,49.64,49.64,49.64,49.64,0
NOB010,20170113,49.70,49.70,49.70,49.70,0
NOB010,20170116,50.01,50.01,50.01,50.01,0
NOB010,20170117,49.85,49.85,49.85,49.85,0
NOB010,20170118,49.95,49.95,49.95,49.95,0
NOB010,20170119,49.88,49.88,49.88,49.88,0
NOB010,20170120,50.02,50.02,50.02,50.02,0
NOB010,20170123,50.26,50.26,50.26,50.26,0
NOB010,20170124,50.57,50.57,50.57,50.57,0
NOB010,20170125,50.63,50.63,50.63,50.63,0
NOB010,20170126,50.50,50.50,50.50,50.50,0
NOB010,20170127,50.68,50.68,50.68,50.68,0
NOB010,20170130,50.44,50.44,50.44,50.44,0
NOB010,20170131,50.32,50.32,50.32,50.32,0
NOB010,20170201,50.56,50.56,50.56,50.56,0
NOB010,20170202,50.94,50.94,50.94,50.94,0
NOB010,20170203,50.76,50.76,50.76,50.76,0
NOB010,20170206,50.74,50.74,50.74,50.74,0
NOB010,20170207,50.84,50.84,50.84,50.84,0
NOB010,20170208,51.02,51.02,51.02,51.02,0
NOB010,20170209,50.94,50.94,50.94,50.94,0
NOB010,20170210,51.35,51.35,51.35,51.35,0
NOB010,20170213,51.66,51.66,51.66,51.66,0
NOB010,20170214,51.80,51.80,51.80,51.80,0
NOB010,20170215,51.90,51.90,51.90,51.90,0
NOB010,20170216,51.84,51.84,51.84,51.84,0
NOB010,20170217,51.48,51.48,51.48,51.48,0
NOB010,20170220,51.38,51.38,51.38,51.38,0
NOB010,20170221,51.58,51.58,51.58,51.58,0
NOB010,20170222,51.67,51.67,51.67,51.67,0
NOB010,20170223,51.75,51.75,51.75,51.75,0
NOB010,20170224,51.46,51.46,51.46,51.46,0
NOB010,20170227,51.29,51.29,51.29,51.29,0
NOB010,20170228,50.99,50.99,50.99,50.99,0
NOB010,20170301,51.10,51.10,51.10,51.10,0
NOB010,20170302,51.26,51.26,51.26,51.26,0
NOB010,20170303,51.36,51.36,51.36,51.36,0
NOB010,20170306,51.09,51.09,51.09,51.09,0
NOB010,20170307,50.73,50.73,50.73,50.73,0
NOB010,20170308,50.35,50.35,50.35,50.35,0
NOB010,20170309,49.96,49.96,49.96,49.96,0
NOB010,20170310,49.69,49.69,49.69,49.69,0
NOB010,20170313,50.14,50.14,50.14,50.14,0
NOB010,20170314,50.11,50.11,50.11,50.11,0
NOB010,20170315,50.25,50.25,50.25,50.25,0
NOB010,20170316,51.14,51.14,51.14,51.14,0
NOB010,20170317,51.46,51.46,51.46,51.46,0
NOB010,20170320,51.49,51.49,51.49,51.49,0
NOB010,20170321,51.14,51.14,51.14,51.14,0
NOB010,20170322,51.11,51.11,51.11,51.11,0
NOB010,20170323,50.90,50.90,50.90,50.90,0
NOB010,20170324,51.10,51.10,51.10,51.10,0
NOB010,20170327,50.67,50.67,50.67,50.67,0
NOB010,20170328,50.52,50.52,50.52,50.52,0
NOB010,20170329,50.77,50.77,50.77,50.77,0
NOB010,20170330,50.98,50.98,50.98,50.98,0
NOB010,20170331,50.91,50.91,50.91,50.91,0
NOB010,20170403,50.80,50.80,50.80,50.80,0
NOB010,20170404,51.03,51.03,51.03,51.03,0
NOB010,20170405,51.17,51.17,51.17,51.17,0
NOB010,20170406,51.23,51.23,51.23,51.23,0
NOB010,20170407,51.41,51.41,51.41,51.41,0
NOB010,20170410,51.69,51.69,51.69,51.69,0
NOB010,20170411,51.90,51.90,51.90,51.90,0
NOB010,20170412,51.66,51.66,51.66,51.66,0
NOB010,20170413,51.64,51.64,51.64,51.64,0
NOB010,20170418,51.36,51.36,51.36,51.36,0
NOB010,20170419,50.98,50.98,50.98,50.98,0
NOB010,20170420,51.15,51.15,51.15,51.15,0
NOB010,20170421,51.06,51.06,51.06,51.06,0
NOB010,20170424,51.36,51.36,51.36,51.36,0
NOB010,20170425,51.44,51.44,51.44,51.44,0
NOB010,20170426,51.56,51.56,51.56,51.56,0
NOB010,20170427,51.52,51.52,51.52,51.52,0
NOB010,20170428,51.65,51.65,51.65,51.65,0
NOB010,20170502,51.63,51.63,51.63,51.63,0
NOB010,20170504,51.00,51.00,51.00,51.00,0
NOB010,20170505,51.54,51.54,51.54,51.54,0
NOB010,20170508,51.33,51.33,51.33,51.33,0
NOB010,20170509,51.56,51.56,51.56,51.56,0
NOB010,20170510,51.66,51.66,51.66,51.66,0
NOB010,20170511,51.72,51.72,51.72,51.72,0
NOB010,20170512,51.69,51.69,51.69,51.69,0
NOB010,20170515,52.18,52.18,52.18,52.18,0
NOB010,20170516,52.13,52.13,52.13,52.13,0
NOB010,20170517,51.46,51.46,51.46,51.46,0
NOB010,20170518,51.00,51.00,51.00,51.00,0
NOB010,20170519,51.39,51.39,51.39,51.39,0
NOB010,20170522,51.33,51.33,51.33,51.33,0
NOB010,20170523,50.47,50.47,50.47,50.47,0
NOB010,20170524,50.60,50.60,50.60,50.60,0
NOB010,20170525,50.47,50.47,50.47,50.47,0
NOB010,20170526,50.52,50.52,50.52,50.52,0
NOB010,20170529,50.47,50.47,50.47,50.47,0
NOB010,20170530,50.31,50.31,50.31,50.31,0
NOB010,20170531,50.08,50.08,50.08,50.08,0
NOB010,20170601,50.24,50.24,50.24,50.24,0
NOB010,20170602,50.46,50.46,50.46,50.46,0
NOB010,20170605,50.27,50.27,50.27,50.27,0
NOB010,20170606,50.34,50.34,50.34,50.34,0
NOB010,20170607,50.37,50.37,50.37,50.37,0
NOB010,20170608,50.43,50.43,50.43,50.43,0
NOB010,20170609,50.64,50.64,50.64,50.64,0
NOB010,20170612,50.49,50.49,50.49,50.49,0
NOB010,20170613,50.40,50.40,50.40,50.40,0
NOB010,20170614,50.25,50.25,50.25,50.25,0
NOB010,20170616,49.51,49.51,49.51,49.51,0
NOB010,20170619,49.95,49.95,49.95,49.95,0
NOB010,20170620,49.69,49.69,49.69,49.69,0
NOB010,20170621,49.65,49.65,49.65,49.65,0
NOB010,20170622,49.78,49.78,49.78,49.78,0
NOB010,20170623,49.94,49.94,49.94,49.94,0
NOB010,20170626,49.65,49.65,49.65,49.65,0
NOB010,20170627,49.60,49.60,49.60,49.60,0
NOB010,20170628,49.59,49.59,49.59,49.59,0
NOB010,20170629,49.46,49.46,49.46,49.46,0
NOB010,20170630,49.68,49.68,49.68,49.68,0
NOB010,20170703,50.11,50.11,50.11,50.11,0
NOB010,20170704,50.27,50.27,50.27,50.27,0
NOB010,20170705,50.37,50.37,50.37,50.37,0
NOB010,20170706,50.27,50.27,50.27,50.27,0
NOB010,20170707,50.22,50.22,50.22,50.22,0
NOB010,20170710,50.63,50.63,50.63,50.63,0
NOB010,20170711,50.91,50.91,50.91,50.91,0
NOB010,20170712,51.59,51.59,51.59,51.59,0
NOB010,20170713,51.93,51.93,51.93,51.93,0
NOB010,20170714,52.13,52.13,52.13,52.13,0
NOB010,20170717,52.52,52.52,52.52,52.52,0
NOB010,20170718,52.58,52.58,52.58,52.58,0
NOB010,20170719,52.81,52.81,52.81,52.81,0
NOB010,20170720,52.62,52.62,52.62,52.62,0
NOB010,20170721,52.50,52.50,52.50,52.50,0
NOB010,20170724,52.46,52.46,52.46,52.46,0
NOB010,20170725,52.90,52.90,52.90,52.90,0
NOB010,20170726,53.24,53.24,53.24,53.24,0
NOB010,20170727,53.37,53.37,53.37,53.37,0
NOB010,20170728,53.34,53.34,53.34,53.34,0
NOB010,20170731,53.23,53.23,53.23,53.23,0
NOB010,20170801,53.08,53.08,53.08,53.08,0
NOB010,20170802,53.25,53.25,53.25,53.25,0
NOB010,20170803,53.51,53.51,53.51,53.51,0
NOB010,20170804,53.57,53.57,53.57,53.57,0
NOB010,20170807,53.94,53.94,53.94,53.94,0
NOB010,20170808,53.82,53.82,53.82,53.82,0
NOB010,20170809,53.73,53.73,53.73,53.73,0
NOB010,20170810,53.45,53.45,53.45,53.45,0
NOB010,20170811,53.11,53.11,53.11,53.11,0
NOB010,20170814,53.59,53.59,53.59,53.59,0
NOB010,20170816,53.62,53.62,53.62,53.62,0
NOB010,20170817,53.43,53.43,53.43,53.43,0
NOB010,20170818,53.66,53.66,53.66,53.66,0
NOB010,20170821,54.02,54.02,54.02,54.02,0
NOB010,20170822,54.23,54.23,54.23,54.23,0
NOB010,20170823,54.29,54.29,54.29,54.29,0
NOB010,20170824,54.55,54.55,54.55,54.55,0
NOB010,20170825,54.67,54.67,54.67,54.67,0
NOB010,20170828,54.53,54.53,54.53,54.53,0
NOB010,20170829,54.51,54.51,54.51,54.51,0
NOB010,20170830,54.65,54.65,54.65,54.65,0
NOB010,20170831,55.23,55.23,55.23,55.23,0
NOB010,20170901,55.43,55.43,55.43,55.43,0
NOB010,20170904,55.55,55.55,55.55,55.55,0
NOB010,20170905,55.34,55.34,55.34,55.34,0
NOB010,20170906,55.22,55.22,55.22,55.22,0
NOB010,20170907,55.39,55.39,55.39,55.39,0
NOB010,20170908,54.87,54.87,54.87,54.87,0
NOB010,20170911,55.46,55.46,55.46,55.46,0
NOB010,20170912,55.49,55.49,55.49,55.49,0
NOB010,20170913,55.25,55.25,55.25,55.25,0
NOB010,20170914,55.00,55.00,55.00,55.00,0
NOB010,20170915,54.83,54.83,54.83,54.83,0
NOB010,20170918,54.71,54.71,54.71,54.71,0
NOB010,20170919,54.58,54.58,54.58,54.58,0
NOB010,20170920,54.41,54.41,54.41,54.41,0
NOB010,20170921,54.47,54.47,54.47,54.47,0
