Name,Date,Open,High,Low,Close,Volume
OFT005,20121108,100.23,100.23,100.23,100.23,0
OFT005,20121109,100.24,100.24,100.24,100.24,0
OFT005,20121112,100.26,100.26,100.26,100.26,0
OFT005,20121113,100.27,100.27,100.27,100.27,0
OFT005,20121114,100.28,100.28,100.28,100.28,0
OFT005,20121115,100.29,100.29,100.29,100.29,0
OFT005,20121116,100.30,100.30,100.30,100.30,0
OFT005,20121119,100.32,100.32,100.32,100.32,0
OFT005,20121120,100.33,100.33,100.33,100.33,0
OFT005,20121121,100.34,100.34,100.34,100.34,0
OFT005,20121122,100.35,100.35,100.35,100.35,0
OFT005,20121123,100.37,100.37,100.37,100.37,0
OFT005,20121126,100.39,100.39,100.39,100.39,0
OFT005,20121127,100.42,100.42,100.42,100.42,0
OFT005,20121128,100.45,100.45,100.45,100.45,0
OFT005,20121129,100.47,100.47,100.47,100.47,0
OFT005,20121130,100.50,100.50,100.50,100.50,0
OFT005,20121203,100.50,100.50,100.50,100.50,0
OFT005,20121204,100.53,100.53,100.53,100.53,0
OFT005,20121205,100.54,100.54,100.54,100.54,0
OFT005,20121206,100.55,100.55,100.55,100.55,0
OFT005,20121207,100.61,100.61,100.61,100.61,0
OFT005,20121210,100.65,100.65,100.65,100.65,0
OFT005,20121211,100.66,100.66,100.66,100.66,0
OFT005,20121212,100.66,100.66,100.66,100.66,0
OFT005,20121213,100.65,100.65,100.65,100.65,0
OFT005,20121214,100.66,100.66,100.66,100.66,0
OFT005,20121217,100.70,100.70,100.70,100.70,0
OFT005,20121218,100.71,100.71,100.71,100.71,0
OFT005,20121219,100.76,100.76,100.76,100.76,0
OFT005,20121220,100.81,100.81,100.81,100.81,0
OFT005,20121221,100.85,100.85,100.85,100.85,0
OFT005,20121227,100.90,100.90,100.90,100.90,0
OFT005,20121228,100.91,100.91,100.91,100.91,0
OFT005,20130102,100.89,100.89,100.89,100.89,0
OFT005,20130103,100.86,100.86,100.86,100.86,0
OFT005,20130104,100.84,100.84,100.84,100.84,0
OFT005,20130107,100.89,100.89,100.89,100.89,0
OFT005,20130108,100.99,100.99,100.99,100.99,0
OFT005,20130109,100.89,100.89,100.89,100.89,0
OFT005,20130110,100.87,100.87,100.87,100.87,0
OFT005,20130111,100.80,100.80,100.80,100.80,0
OFT005,20130114,100.84,100.84,100.84,100.84,0
OFT005,20130115,100.83,100.83,100.83,100.83,0
OFT005,20130116,100.80,100.80,100.80,100.80,0
OFT005,20130117,100.85,100.85,100.85,100.85,0
OFT005,20130118,100.89,100.89,100.89,100.89,0
OFT005,20130121,100.92,100.92,100.92,100.92,0
OFT005,20130122,100.94,100.94,100.94,100.94,0
OFT005,20130123,101.03,101.03,101.03,101.03,0
OFT005,20130124,101.04,101.04,101.04,101.04,0
OFT005,20130125,101.04,101.04,101.04,101.04,0
OFT005,20130128,101.03,101.03,101.03,101.03,0
OFT005,20130129,101.06,101.06,101.06,101.06,0
OFT005,20130130,101.05,101.05,101.05,101.05,0
OFT005,20130131,101.08,101.08,101.08,101.08,0
OFT005,20130201,101.07,101.07,101.07,101.07,0
OFT005,20130204,101.10,101.10,101.10,101.10,0
OFT005,20130205,101.10,101.10,101.10,101.10,0
OFT005,20130206,101.08,101.08,101.08,101.08,0
OFT005,20130207,101.05,101.05,101.05,101.05,0
OFT005,20130208,101.06,101.06,101.06,101.06,0
OFT005,20130211,101.07,101.07,101.07,101.07,0
OFT005,20130212,101.07,101.07,101.07,101.07,0
OFT005,20130213,101.06,101.06,101.06,101.06,0
OFT005,20130214,101.09,101.09,101.09,101.09,0
OFT005,20130215,101.10,101.10,101.10,101.10,0
OFT005,20130218,101.15,101.15,101.15,101.15,0
OFT005,20130219,101.14,101.14,101.14,101.14,0
OFT005,20130220,101.20,101.20,101.20,101.20,0
OFT005,20130221,101.22,101.22,101.22,101.22,0
OFT005,20130222,101.24,101.24,101.24,101.24,0
OFT005,20130225,101.25,101.25,101.25,101.25,0
OFT005,20130226,101.26,101.26,101.26,101.26,0
OFT005,20130227,101.28,101.28,101.28,101.28,0
OFT005,20130228,101.30,101.30,101.30,101.30,0
OFT005,20130301,101.61,101.61,101.61,101.61,0
OFT005,20130304,101.67,101.67,101.67,101.67,0
OFT005,20130305,101.69,101.69,101.69,101.69,0
OFT005,20130306,101.81,101.81,101.81,101.81,0
OFT005,20130307,101.79,101.79,101.79,101.79,0
OFT005,20130308,101.84,101.84,101.84,101.84,0
OFT005,20130311,101.88,101.88,101.88,101.88,0
OFT005,20130312,101.87,101.87,101.87,101.87,0
OFT005,20130313,101.87,101.87,101.87,101.87,0
OFT005,20130314,101.99,101.99,101.99,101.99,0
OFT005,20130315,102.04,102.04,102.04,102.04,0
OFT005,20130318,102.10,102.10,102.10,102.10,0
OFT005,20130319,102.11,102.11,102.11,102.11,0
OFT005,20130320,102.09,102.09,102.09,102.09,0
OFT005,20130321,102.21,102.21,102.21,102.21,0
OFT005,20130322,102.24,102.24,102.24,102.24,0
OFT005,20130325,102.37,102.37,102.37,102.37,0
OFT005,20130326,102.50,102.50,102.50,102.50,0
OFT005,20130327,102.54,102.54,102.54,102.54,0
OFT005,20130328,102.58,102.58,102.58,102.58,0
OFT005,20130402,102.81,102.81,102.81,102.81,0
OFT005,20130403,102.91,102.91,102.91,102.91,0
OFT005,20130404,102.91,102.91,102.91,102.91,0
OFT005,20130405,102.97,102.97,102.97,102.97,0
OFT005,20130408,103.08,103.08,103.08,103.08,0
OFT005,20130409,103.07,103.07,103.07,103.07,0
OFT005,20130410,103.09,103.09,103.09,103.09,0
OFT005,20130411,103.07,103.07,103.07,103.07,0
OFT005,20130412,103.11,103.11,103.11,103.11,0
OFT005,20130415,103.15,103.15,103.15,103.15,0
OFT005,20130417,103.20,103.20,103.20,103.20,0
OFT005,20130418,103.20,103.20,103.20,103.20,0
OFT005,20130419,103.24,103.24,103.24,103.24,0
OFT005,20130422,103.34,103.34,103.34,103.34,0
OFT005,20130423,103.45,103.45,103.45,103.45,0
OFT005,20130424,103.48,103.48,103.48,103.48,0
OFT005,20130425,103.44,103.44,103.44,103.44,0
OFT005,20130426,103.49,103.49,103.49,103.49,0
OFT005,20130429,103.55,103.55,103.55,103.55,0
OFT005,20130430,103.58,103.58,103.58,103.58,0
OFT005,20130502,103.62,103.62,103.62,103.62,0
OFT005,20130506,103.67,103.67,103.67,103.67,0
OFT005,20130507,103.65,103.65,103.65,103.65,0
OFT005,20130508,103.64,103.64,103.64,103.64,0
OFT005,20130509,103.69,103.69,103.69,103.69,0
OFT005,20130510,103.70,103.70,103.70,103.70,0
OFT005,20130513,103.75,103.75,103.75,103.75,0
OFT005,20130514,103.79,103.79,103.79,103.79,0
OFT005,20130515,103.82,103.82,103.82,103.82,0
OFT005,20130516,103.81,103.81,103.81,103.81,0
OFT005,20130517,103.83,103.83,103.83,103.83,0
OFT005,20130520,103.84,103.84,103.84,103.84,0
OFT005,20130521,103.89,103.89,103.89,103.89,0
OFT005,20130522,103.88,103.88,103.88,103.88,0
OFT005,20130523,103.86,103.86,103.86,103.86,0
OFT005,20130524,103.88,103.88,103.88,103.88,0
OFT005,20130527,103.95,103.95,103.95,103.95,0
OFT005,20130528,103.96,103.96,103.96,103.96,0
OFT005,20130529,103.98,103.98,103.98,103.98,0
OFT005,20130531,104.00,104.00,104.00,104.00,0
OFT005,20130603,103.98,103.98,103.98,103.98,0
OFT005,20130604,103.99,103.99,103.99,103.99,0
OFT005,20130605,104.05,104.05,104.05,104.05,0
OFT005,20130606,104.02,104.02,104.02,104.02,0
OFT005,20130607,104.14,104.14,104.14,104.14,0
OFT005,20130610,104.01,104.01,104.01,104.01,0
OFT005,20130611,104.00,104.00,104.00,104.00,0
OFT005,20130612,104.06,104.06,104.06,104.06,0
OFT005,20130613,104.12,104.12,104.12,104.12,0
OFT005,20130614,104.19,104.19,104.19,104.19,0
OFT005,20130617,104.18,104.18,104.18,104.18,0
OFT005,20130618,104.17,104.17,104.17,104.17,0
OFT005,20130619,104.17,104.17,104.17,104.17,0
OFT005,20130620,104.00,104.00,104.00,104.00,0
OFT005,20130621,103.93,103.93,103.93,103.93,0
OFT005,20130624,103.80,103.80,103.80,103.80,0
OFT005,20130625,103.89,103.89,103.89,103.89,0
OFT005,20130626,103.94,103.94,103.94,103.94,0
OFT005,20130627,104.37,104.37,104.37,104.37,0
OFT005,20130628,104.32,104.32,104.32,104.32,0
OFT005,20130701,104.37,104.37,104.37,104.37,0
OFT005,20130702,104.44,104.44,104.44,104.44,0
OFT005,20130703,104.44,104.44,104.44,104.44,0
OFT005,20130705,104.50,104.50,104.50,104.50,0
OFT005,20130708,104.54,104.54,104.54,104.54,0
OFT005,20130709,104.60,104.60,104.60,104.60,0
OFT005,20130710,104.60,104.60,104.60,104.60,0
OFT005,20130711,104.59,104.59,104.59,104.59,0
OFT005,20130712,104.62,104.62,104.62,104.62,0
OFT005,20130715,104.65,104.65,104.65,104.65,0
OFT005,20130716,104.65,104.65,104.65,104.65,0
OFT005,20130717,104.62,104.62,104.62,104.62,0
OFT005,20130718,104.65,104.65,104.65,104.65,0
OFT005,20130719,104.70,104.70,104.70,104.70,0
OFT005,20130722,104.75,104.75,104.75,104.75,0
OFT005,20130723,104.71,104.71,104.71,104.71,0
OFT005,20130724,104.70,104.70,104.70,104.70,0
OFT005,20130725,104.73,104.73,104.73,104.73,0
OFT005,20130726,104.75,104.75,104.75,104.75,0
OFT005,20130729,104.78,104.78,104.78,104.78,0
OFT005,20130730,104.79,104.79,104.79,104.79,0
OFT005,20130731,104.78,104.78,104.78,104.78,0
OFT005,20130801,104.78,104.78,104.78,104.78,0
OFT005,20130802,104.79,104.79,104.79,104.79,0
OFT005,20130805,104.81,104.81,104.81,104.81,0
OFT005,20130806,104.78,104.78,104.78,104.78,0
OFT005,20130807,104.81,104.81,104.81,104.81,0
OFT005,20130808,104.82,104.82,104.82,104.82,0
OFT005,20130809,104.83,104.83,104.83,104.83,0
OFT005,20130812,104.84,104.84,104.84,104.84,0
OFT005,20130813,104.84,104.84,104.84,104.84,0
OFT005,20130814,104.86,104.86,104.86,104.86,0
OFT005,20130816,104.91,104.91,104.91,104.91,0
OFT005,20130819,104.92,104.92,104.92,104.92,0
OFT005,20130820,105.00,105.00,105.00,105.00,0
OFT005,20130821,104.97,104.97,104.97,104.97,0
OFT005,20130822,104.96,104.96,104.96,104.96,0
OFT005,20130823,104.94,104.94,104.94,104.94,0
OFT005,20130826,105.00,105.00,105.00,105.00,0
OFT005,20130827,105.01,105.01,105.01,105.01,0
OFT005,20130828,104.98,104.98,104.98,104.98,0
OFT005,20130829,104.99,104.99,104.99,104.99,0
OFT005,20130830,105.00,105.00,105.00,105.00,0
OFT005,20130902,105.04,105.04,105.04,105.04,0
OFT005,20130903,105.00,105.00,105.00,105.00,0
OFT005,20130904,104.93,104.93,104.93,104.93,0
OFT005,20130905,104.82,104.82,104.82,104.82,0
OFT005,20130906,104.83,104.83,104.83,104.83,0
OFT005,20130909,104.92,104.92,104.92,104.92,0
OFT005,20130910,104.94,104.94,104.94,104.94,0
OFT005,20130911,105.04,105.04,105.04,105.04,0
OFT005,20130912,105.08,105.08,105.08,105.08,0
OFT005,20130913,105.09,105.09,105.09,105.09,0
OFT005,20130916,105.16,105.16,105.16,105.16,0
OFT005,20130917,105.14,105.14,105.14,105.14,0
OFT005,20130918,105.16,105.16,105.16,105.16,0
OFT005,20130919,105.24,105.24,105.24,105.24,0
OFT005,20130920,105.26,105.26,105.26,105.26,0
OFT005,20130923,105.31,105.31,105.31,105.31,0
OFT005,20130924,105.35,105.35,105.35,105.35,0
OFT005,20130925,105.34,105.34,105.34,105.34,0
OFT005,20130926,105.34,105.34,105.34,105.34,0
OFT005,20130927,105.38,105.38,105.38,105.38,0
OFT005,20130930,105.40,105.40,105.40,105.40,0
OFT005,20131001,105.45,105.45,105.45,105.45,0
OFT005,20131002,105.46,105.46,105.46,105.46,0
OFT005,20131003,105.50,105.50,105.50,105.50,0
OFT005,20131004,105.47,105.47,105.47,105.47,0
OFT005,20131007,105.54,105.54,105.54,105.54,0
OFT005,20131008,105.54,105.54,105.54,105.54,0
OFT005,20131009,105.57,105.57,105.57,105.57,0
OFT005,20131010,105.58,105.58,105.58,105.58,0
OFT005,20131011,105.59,105.59,105.59,105.59,0
OFT005,20131014,105.63,105.63,105.63,105.63,0
OFT005,20131015,105.67,105.67,105.67,105.67,0
OFT005,20131016,105.69,105.69,105.69,105.69,0
OFT005,20131017,105.74,105.74,105.74,105.74,0
OFT005,20131018,105.70,105.70,105.70,105.70,0
OFT005,20131021,105.72,105.72,105.72,105.72,0
OFT005,20131022,105.73,105.73,105.73,105.73,0
OFT005,20131023,105.77,105.77,105.77,105.77,0
OFT005,20131029,105.81,105.81,105.81,105.81,0
OFT005,20131030,105.80,105.80,105.80,105.80,0
OFT005,20131031,105.82,105.82,105.82,105.82,0
OFT005,20131104,105.83,105.83,105.83,105.83,0
OFT005,20131105,105.83,105.83,105.83,105.83,0
OFT005,20131106,105.86,105.86,105.86,105.86,0
OFT005,20131107,105.90,105.90,105.90,105.90,0
OFT005,20131108,105.87,105.87,105.87,105.87,0
OFT005,20131112,105.91,105.91,105.91,105.91,0
OFT005,20131113,105.95,105.95,105.95,105.95,0
OFT005,20131114,105.98,105.98,105.98,105.98,0
OFT005,20131115,105.96,105.96,105.96,105.96,0
OFT005,20131118,106.00,106.00,106.00,106.00,0
OFT005,20131119,105.96,105.96,105.96,105.96,0
OFT005,20131120,105.97,105.97,105.97,105.97,0
OFT005,20131121,105.97,105.97,105.97,105.97,0
OFT005,20131122,105.99,105.99,105.99,105.99,0
OFT005,20131125,106.00,106.00,106.00,106.00,0
OFT005,20131126,106.00,106.00,106.00,106.00,0
OFT005,20131127,105.98,105.98,105.98,105.98,0
OFT005,20131128,105.99,105.99,105.99,105.99,0
OFT005,20131129,105.98,105.98,105.98,105.98,0
OFT005,20131202,106.00,106.00,106.00,106.00,0
OFT005,20131203,106.04,106.04,106.04,106.04,0
OFT005,20131204,106.02,106.02,106.02,106.02,0
OFT005,20131205,106.03,106.03,106.03,106.03,0
OFT005,20131206,106.04,106.04,106.04,106.04,0
OFT005,20131209,106.09,106.09,106.09,106.09,0
OFT005,20131210,106.11,106.11,106.11,106.11,0
OFT005,20131211,106.11,106.11,106.11,106.11,0
OFT005,20131212,106.12,106.12,106.12,106.12,0
OFT005,20131213,106.13,106.13,106.13,106.13,0
OFT005,20131216,106.18,106.18,106.18,106.18,0
OFT005,20131217,106.19,106.19,106.19,106.19,0
OFT005,20131218,106.21,106.21,106.21,106.21,0
OFT005,20131219,106.22,106.22,106.22,106.22,0
OFT005,20131220,106.24,106.24,106.24,106.24,0
OFT005,20131223,106.29,106.29,106.29,106.29,0
OFT005,20131227,106.28,106.28,106.28,106.28,0
OFT005,20131230,106.36,106.36,106.36,106.36,0
OFT005,20140102,106.39,106.39,106.39,106.39,0
OFT005,20140103,106.42,106.42,106.42,106.42,0
OFT005,20140107,106.44,106.44,106.44,106.44,0
OFT005,20140108,106.47,106.47,106.47,106.47,0
OFT005,20140109,106.51,106.51,106.51,106.51,0
OFT005,20140110,106.55,106.55,106.55,106.55,0
OFT005,20140113,106.57,106.57,106.57,106.57,0
OFT005,20140114,106.58,106.58,106.58,106.58,0
OFT005,20140115,106.61,106.61,106.61,106.61,0
OFT005,20140116,106.59,106.59,106.59,106.59,0
OFT005,20140117,106.61,106.61,106.61,106.61,0
OFT005,20140120,106.62,106.62,106.62,106.62,0
OFT005,20140121,106.61,106.61,106.61,106.61,0
OFT005,20140122,106.60,106.60,106.60,106.60,0
OFT005,20140123,106.62,106.62,106.62,106.62,0
OFT005,20140124,106.61,106.61,106.61,106.61,0
OFT005,20140127,106.62,106.62,106.62,106.62,0
OFT005,20140128,106.62,106.62,106.62,106.62,0
OFT005,20140129,106.53,106.53,106.53,106.53,0
OFT005,20140130,106.48,106.48,106.48,106.48,0
OFT005,20140131,106.42,106.42,106.42,106.42,0
OFT005,20140203,106.51,106.51,106.51,106.51,0
OFT005,20140204,106.66,106.66,106.66,106.66,0
OFT005,20140205,106.68,106.68,106.68,106.68,0
OFT005,20140206,106.74,106.74,106.74,106.74,0
OFT005,20140207,106.78,106.78,106.78,106.78,0
OFT005,20140210,106.80,106.80,106.80,106.80,0
OFT005,20140211,106.75,106.75,106.75,106.75,0
OFT005,20140212,106.74,106.74,106.74,106.74,0
OFT005,20140213,106.74,106.74,106.74,106.74,0
OFT005,20140214,106.80,106.80,106.80,106.80,0
OFT005,20140217,106.87,106.87,106.87,106.87,0
OFT005,20140218,106.85,106.85,106.85,106.85,0
OFT005,20140219,106.84,106.84,106.84,106.84,0
OFT005,20140220,106.88,106.88,106.88,106.88,0
OFT005,20140221,106.92,106.92,106.92,106.92,0
OFT005,20140224,106.97,106.97,106.97,106.97,0
OFT005,20140225,107.01,107.01,107.01,107.01,0
OFT005,20140226,106.97,106.97,106.97,106.97,0
OFT005,20140227,107.02,107.02,107.02,107.02,0
OFT005,20140228,107.02,107.02,107.02,107.02,0
OFT005,20140303,106.98,106.98,106.98,106.98,0
OFT005,20140304,107.03,107.03,107.03,107.03,0
OFT005,20140305,107.10,107.10,107.10,107.10,0
OFT005,20140306,107.07,107.07,107.07,107.07,0
OFT005,20140307,107.06,107.06,107.06,107.06,0
OFT005,20140310,107.19,107.19,107.19,107.19,0
OFT005,20140311,107.14,107.14,107.14,107.14,0
OFT005,20140312,107.15,107.15,107.15,107.15,0
OFT005,20140313,107.19,107.19,107.19,107.19,0
OFT005,20140314,107.13,107.13,107.13,107.13,0
OFT005,20140317,107.21,107.21,107.21,107.21,0
OFT005,20140318,107.25,107.25,107.25,107.25,0
OFT005,20140319,107.26,107.26,107.26,107.26,0
OFT005,20140320,107.22,107.22,107.22,107.22,0
OFT005,20140321,107.23,107.23,107.23,107.23,0
OFT005,20140324,107.26,107.26,107.26,107.26,0
OFT005,20140325,107.30,107.30,107.30,107.30,0
OFT005,20140326,107.31,107.31,107.31,107.31,0
OFT005,20140327,107.26,107.26,107.26,107.26,0
OFT005,20140328,107.32,107.32,107.32,107.32,0
OFT005,20140331,107.33,107.33,107.33,107.33,0
OFT005,20140401,107.30,107.30,107.30,107.30,0
OFT005,20140402,107.33,107.33,107.33,107.33,0
OFT005,20140403,107.33,107.33,107.33,107.33,0
OFT005,20140404,107.37,107.37,107.37,107.37,0
OFT005,20140407,107.42,107.42,107.42,107.42,0
OFT005,20140408,107.46,107.46,107.46,107.46,0
OFT005,20140409,107.44,107.44,107.44,107.44,0
OFT005,20140410,107.46,107.46,107.46,107.46,0
OFT005,20140411,107.45,107.45,107.45,107.45,0
OFT005,20140414,107.48,107.48,107.48,107.48,0
OFT005,20140415,107.48,107.48,107.48,107.48,0
OFT005,20140416,107.45,107.45,107.45,107.45,0
OFT005,20140417,107.45,107.45,107.45,107.45,0
OFT005,20140422,107.54,107.54,107.54,107.54,0
OFT005,20140423,107.53,107.53,107.53,107.53,0
OFT005,20140424,107.56,107.56,107.56,107.56,0
OFT005,20140425,107.59,107.59,107.59,107.59,0
OFT005,20140428,107.60,107.60,107.60,107.60,0
OFT005,20140429,107.60,107.60,107.60,107.60,0
OFT005,20140430,107.63,107.63,107.63,107.63,0
OFT005,20140502,107.67,107.67,107.67,107.67,0
OFT005,20140505,107.72,107.72,107.72,107.72,0
OFT005,20140506,107.72,107.72,107.72,107.72,0
OFT005,20140507,107.76,107.76,107.76,107.76,0
OFT005,20140508,107.82,107.82,107.82,107.82,0
OFT005,20140509,107.82,107.82,107.82,107.82,0
OFT005,20140512,107.86,107.86,107.86,107.86,0
OFT005,20140513,107.87,107.87,107.87,107.87,0
OFT005,20140514,107.92,107.92,107.92,107.92,0
OFT005,20140515,107.93,107.93,107.93,107.93,0
OFT005,20140516,107.94,107.94,107.94,107.94,0
OFT005,20140519,107.97,107.97,107.97,107.97,0
OFT005,20140520,107.91,107.91,107.91,107.91,0
OFT005,20140521,107.99,107.99,107.99,107.99,0
OFT005,20140522,107.98,107.98,107.98,107.98,0
OFT005,20140523,108.01,108.01,108.01,108.01,0
OFT005,20140526,108.04,108.04,108.04,108.04,0
OFT005,20140527,108.05,108.05,108.05,108.05,0
OFT005,20140528,108.13,108.13,108.13,108.13,0
OFT005,20140529,108.08,108.08,108.08,108.08,0
OFT005,20140530,108.09,108.09,108.09,108.09,0
OFT005,20140602,108.05,108.05,108.05,108.05,0
OFT005,20140603,108.06,108.06,108.06,108.06,0
OFT005,20140604,108.11,108.11,108.11,108.11,0
OFT005,20140605,108.26,108.26,108.26,108.26,0
OFT005,20140606,108.32,108.32,108.32,108.32,0
OFT005,20140609,108.41,108.41,108.41,108.41,0
OFT005,20140610,108.31,108.31,108.31,108.31,0
OFT005,20140611,108.34,108.34,108.34,108.34,0
OFT005,20140612,108.34,108.34,108.34,108.34,0
OFT005,20140613,108.43,108.43,108.43,108.43,0
OFT005,20140616,108.44,108.44,108.44,108.44,0
OFT005,20140617,108.41,108.41,108.41,108.41,0
OFT005,20140618,108.39,108.39,108.39,108.39,0
OFT005,20140620,108.39,108.39,108.39,108.39,0
OFT005,20140623,108.41,108.41,108.41,108.41,0
OFT005,20140624,108.44,108.44,108.44,108.44,0
OFT005,20140625,108.48,108.48,108.48,108.48,0
OFT005,20140626,108.47,108.47,108.47,108.47,0
OFT005,20140627,108.50,108.50,108.50,108.50,0
OFT005,20140630,108.57,108.57,108.57,108.57,0
OFT005,20140701,108.58,108.58,108.58,108.58,0
OFT005,20140702,108.54,108.54,108.54,108.54,0
OFT005,20140703,108.52,108.52,108.52,108.52,0
OFT005,20140704,108.58,108.58,108.58,108.58,0
OFT005,20140707,108.60,108.60,108.60,108.60,0
OFT005,20140708,108.66,108.66,108.66,108.66,0
OFT005,20140709,108.64,108.64,108.64,108.64,0
OFT005,20140710,108.65,108.65,108.65,108.65,0
OFT005,20140711,108.64,108.64,108.64,108.64,0
OFT005,20140714,108.68,108.68,108.68,108.68,0
OFT005,20140715,108.66,108.66,108.66,108.66,0
OFT005,20140716,108.69,108.69,108.69,108.69,0
OFT005,20140717,108.77,108.77,108.77,108.77,0
OFT005,20140718,108.73,108.73,108.73,108.73,0
OFT005,20140721,108.76,108.76,108.76,108.76,0
OFT005,20140722,108.76,108.76,108.76,108.76,0
OFT005,20140723,108.83,108.83,108.83,108.83,0
OFT005,20140724,108.84,108.84,108.84,108.84,0
OFT005,20140725,108.86,108.86,108.86,108.86,0
OFT005,20140728,108.89,108.89,108.89,108.89,0
OFT005,20140729,108.91,108.91,108.91,108.91,0
OFT005,20140730,108.89,108.89,108.89,108.89,0
OFT005,20140731,108.83,108.83,108.83,108.83,0
OFT005,20140801,108.78,108.78,108.78,108.78,0
OFT005,20140804,108.90,108.90,108.90,108.90,0
OFT005,20140805,108.81,108.81,108.81,108.81,0
OFT005,20140806,108.83,108.83,108.83,108.83,0
OFT005,20140807,108.89,108.89,108.89,108.89,0
OFT005,20140808,108.95,108.95,108.95,108.95,0
OFT005,20140811,109.03,109.03,109.03,109.03,0
OFT005,20140812,109.03,109.03,109.03,109.03,0
OFT005,20140813,109.09,109.09,109.09,109.09,0
OFT005,20140814,109.12,109.12,109.12,109.12,0
OFT005,20140818,109.21,109.21,109.21,109.21,0
OFT005,20140820,109.20,109.20,109.20,109.20,0
OFT005,20140821,109.21,109.21,109.21,109.21,0
OFT005,20140822,109.22,109.22,109.22,109.22,0
OFT005,20140825,109.25,109.25,109.25,109.25,0
OFT005,20140826,109.32,109.32,109.32,109.32,0
OFT005,20140827,109.38,109.38,109.38,109.38,0
OFT005,20140828,109.33,109.33,109.33,109.33,0
OFT005,20140829,109.35,109.35,109.35,109.35,0
OFT005,20140901,109.40,109.40,109.40,109.40,0
OFT005,20140902,109.39,109.39,109.39,109.39,0
OFT005,20140903,109.45,109.45,109.45,109.45,0
OFT005,20140904,109.49,109.49,109.49,109.49,0
OFT005,20140905,109.52,109.52,109.52,109.52,0
OFT005,20140908,109.59,109.59,109.59,109.59,0
OFT005,20140909,109.53,109.53,109.53,109.53,0
OFT005,20140910,109.56,109.56,109.56,109.56,0
OFT005,20140918,109.61,109.61,109.61,109.61,0
OFT005,20140919,109.60,109.60,109.60,109.60,0
OFT005,20140922,109.65,109.65,109.65,109.65,0
OFT005,20140923,109.68,109.68,109.68,109.68,0
OFT005,20140924,109.75,109.75,109.75,109.75,0
OFT005,20140925,109.78,109.78,109.78,109.78,0
OFT005,20140929,109.74,109.74,109.74,109.74,0
OFT005,20140930,109.74,109.74,109.74,109.74,0
OFT005,20141001,109.71,109.71,109.71,109.71,0
OFT005,20141002,109.69,109.69,109.69,109.69,0
OFT005,20141006,109.74,109.74,109.74,109.74,0
OFT005,20141007,109.76,109.76,109.76,109.76,0
OFT005,20141008,109.81,109.81,109.81,109.81,0
OFT005,20141009,109.86,109.86,109.86,109.86,0
OFT005,20141010,109.87,109.87,109.87,109.87,0
OFT005,20141013,109.90,109.90,109.90,109.90,0
OFT005,20141014,109.94,109.94,109.94,109.94,0
OFT005,20141015,109.98,109.98,109.98,109.98,0
OFT005,20141016,109.94,109.94,109.94,109.94,0
OFT005,20141017,109.93,109.93,109.93,109.93,0
OFT005,20141020,109.98,109.98,109.98,109.98,0
OFT005,20141021,110.01,110.01,110.01,110.01,0
OFT005,20141022,110.01,110.01,110.01,110.01,0
OFT005,20141023,110.01,110.01,110.01,110.01,0
OFT005,20141024,110.02,110.02,110.02,110.02,0
OFT005,20141027,110.05,110.05,110.05,110.05,0
OFT005,20141028,110.08,110.08,110.08,110.08,0
OFT005,20141029,110.08,110.08,110.08,110.08,0
OFT005,20141030,110.08,110.08,110.08,110.08,0
OFT005,20141031,110.12,110.12,110.12,110.12,0
OFT005,20141103,110.17,110.17,110.17,110.17,0
OFT005,20141104,110.17,110.17,110.17,110.17,0
OFT005,20141105,110.15,110.15,110.15,110.15,0
OFT005,20141106,110.10,110.10,110.10,110.10,0
OFT005,20141107,110.12,110.12,110.12,110.12,0
OFT005,20141110,110.16,110.16,110.16,110.16,0
OFT005,20141112,110.18,110.18,110.18,110.18,0
OFT005,20141113,110.24,110.24,110.24,110.24,0
OFT005,20141114,110.14,110.14,110.14,110.14,0
OFT005,20141117,110.15,110.15,110.15,110.15,0
OFT005,20141118,110.12,110.12,110.12,110.12,0
OFT005,20141119,110.11,110.11,110.11,110.11,0
OFT005,20141120,110.16,110.16,110.16,110.16,0
OFT005,20141121,110.24,110.24,110.24,110.24,0
OFT005,20141124,110.25,110.25,110.25,110.25,0
OFT005,20141125,110.27,110.27,110.27,110.27,0
OFT005,20141126,110.30,110.30,110.30,110.30,0
OFT005,20141127,110.29,110.29,110.29,110.29,0
OFT005,20141128,110.30,110.30,110.30,110.30,0
OFT005,20141201,110.32,110.32,110.32,110.32,0
OFT005,20141202,110.25,110.25,110.25,110.25,0
OFT005,20141203,110.26,110.26,110.26,110.26,0
OFT005,20141204,110.28,110.28,110.28,110.28,0
OFT005,20141205,110.23,110.23,110.23,110.23,0
OFT005,20141208,110.29,110.29,110.29,110.29,0
OFT005,20141209,110.28,110.28,110.28,110.28,0
OFT005,20141210,110.29,110.29,110.29,110.29,0
OFT005,20141211,110.29,110.29,110.29,110.29,0
OFT005,20141212,110.30,110.30,110.30,110.30,0
OFT005,20141215,110.35,110.35,110.35,110.35,0
OFT005,20141216,110.29,110.29,110.29,110.29,0
OFT005,20141217,110.31,110.31,110.31,110.31,0
OFT005,20141218,110.34,110.34,110.34,110.34,0
OFT005,20141219,110.31,110.31,110.31,110.31,0
OFT005,20141222,110.38,110.38,110.38,110.38,0
OFT005,20141223,110.35,110.35,110.35,110.35,0
OFT005,20141229,110.41,110.41,110.41,110.41,0
OFT005,20141230,110.46,110.46,110.46,110.46,0
OFT005,20150102,110.51,110.51,110.51,110.51,0
OFT005,20150105,110.55,110.55,110.55,110.55,0
OFT005,20150107,110.61,110.61,110.61,110.61,0
OFT005,20150108,110.65,110.65,110.65,110.65,0
OFT005,20150109,110.66,110.66,110.66,110.66,0
OFT005,20150112,110.76,110.76,110.76,110.76,0
OFT005,20150113,110.68,110.68,110.68,110.68,0
OFT005,20150114,110.75,110.75,110.75,110.75,0
OFT005,20150115,110.73,110.73,110.73,110.73,0
OFT005,20150116,110.73,110.73,110.73,110.73,0
OFT005,20150119,110.77,110.77,110.77,110.77,0
OFT005,20150120,110.74,110.74,110.74,110.74,0
OFT005,20150121,110.74,110.74,110.74,110.74,0
OFT005,20150122,110.82,110.82,110.82,110.82,0
OFT005,20150123,110.87,110.87,110.87,110.87,0
OFT005,20150126,110.88,110.88,110.88,110.88,0
OFT005,20150127,110.95,110.95,110.95,110.95,0
OFT005,20150128,110.97,110.97,110.97,110.97,0
OFT005,20150129,110.99,110.99,110.99,110.99,0
OFT005,20150130,111.04,111.04,111.04,111.04,0
OFT005,20150202,111.07,111.07,111.07,111.07,0
OFT005,20150203,111.04,111.04,111.04,111.04,0
OFT005,20150204,111.06,111.06,111.06,111.06,0
OFT005,20150205,111.05,111.05,111.05,111.05,0
OFT005,20150206,111.01,111.01,111.01,111.01,0
OFT005,20150209,110.97,110.97,110.97,110.97,0
OFT005,20150210,110.95,110.95,110.95,110.95,0
OFT005,20150211,110.97,110.97,110.97,110.97,0
OFT005,20150212,111.05,111.05,111.05,111.05,0
OFT005,20150213,111.08,111.08,111.08,111.08,0
OFT005,20150216,111.10,111.10,111.10,111.10,0
OFT005,20150217,111.08,111.08,111.08,111.08,0
OFT005,20150218,111.03,111.03,111.03,111.03,0
OFT005,20150219,111.07,111.07,111.07,111.07,0
OFT005,20150220,111.04,111.04,111.04,111.04,0
OFT005,20150223,111.11,111.11,111.11,111.11,0
OFT005,20150224,111.14,111.14,111.14,111.14,0
OFT005,20150225,111.16,111.16,111.16,111.16,0
OFT005,20150226,111.18,111.18,111.18,111.18,0
OFT005,20150227,111.15,111.15,111.15,111.15,0
OFT005,20150302,111.21,111.21,111.21,111.21,0
OFT005,20150303,111.22,111.22,111.22,111.22,0
OFT005,20150304,111.22,111.22,111.22,111.22,0
OFT005,20150305,111.23,111.23,111.23,111.23,0
OFT005,20150306,111.14,111.14,111.14,111.14,0
OFT005,20150309,111.18,111.18,111.18,111.18,0
OFT005,20150310,111.20,111.20,111.20,111.20,0
OFT005,20150311,111.23,111.23,111.23,111.23,0
OFT005,20150312,111.27,111.27,111.27,111.27,0
OFT005,20150313,111.27,111.27,111.27,111.27,0
OFT005,20150316,111.29,111.29,111.29,111.29,0
OFT005,20150317,111.26,111.26,111.26,111.26,0
OFT005,20150318,111.30,111.30,111.30,111.30,0
OFT005,20150319,111.35,111.35,111.35,111.35,0
OFT005,20150320,111.37,111.37,111.37,111.37,0
OFT005,20150323,111.37,111.37,111.37,111.37,0
OFT005,20150324,111.38,111.38,111.38,111.38,0
OFT005,20150325,111.40,111.40,111.40,111.40,0
OFT005,20150326,111.37,111.37,111.37,111.37,0
OFT005,20150327,111.33,111.33,111.33,111.33,0
OFT005,20150330,111.42,111.42,111.42,111.42,0
OFT005,20150331,111.44,111.44,111.44,111.44,0
OFT005,20150401,111.39,111.39,111.39,111.39,0
OFT005,20150402,111.48,111.48,111.48,111.48,0
OFT005,20150407,111.45,111.45,111.45,111.45,0
OFT005,20150408,111.48,111.48,111.48,111.48,0
OFT005,20150409,111.47,111.47,111.47,111.47,0
OFT005,20150410,111.49,111.49,111.49,111.49,0
OFT005,20150413,111.50,111.50,111.50,111.50,0
OFT005,20150414,111.50,111.50,111.50,111.50,0
OFT005,20150415,111.50,111.50,111.50,111.50,0
OFT005,20150416,111.44,111.44,111.44,111.44,0
OFT005,20150417,111.47,111.47,111.47,111.47,0
OFT005,20150420,111.46,111.46,111.46,111.46,0
OFT005,20150421,111.43,111.43,111.43,111.43,0
OFT005,20150422,111.42,111.42,111.42,111.42,0
OFT005,20150423,111.41,111.41,111.41,111.41,0
OFT005,20150424,111.41,111.41,111.41,111.41,0
OFT005,20150427,111.45,111.45,111.45,111.45,0
OFT005,20150428,111.42,111.42,111.42,111.42,0
OFT005,20150429,111.41,111.41,111.41,111.41,0
OFT005,20150430,111.48,111.48,111.48,111.48,0
OFT005,20150504,111.45,111.45,111.45,111.45,0
OFT005,20150505,111.38,111.38,111.38,111.38,0
OFT005,20150506,111.31,111.31,111.31,111.31,0
OFT005,20150507,111.41,111.41,111.41,111.41,0
OFT005,20150508,111.46,111.46,111.46,111.46,0
OFT005,20150511,111.42,111.42,111.42,111.42,0
OFT005,20150512,111.38,111.38,111.38,111.38,0
OFT005,20150513,111.39,111.39,111.39,111.39,0
OFT005,20150514,111.45,111.45,111.45,111.45,0
OFT005,20150515,111.45,111.45,111.45,111.45,0
OFT005,20150518,111.44,111.44,111.44,111.44,0
OFT005,20150519,111.47,111.47,111.47,111.47,0
OFT005,20150520,111.50,111.50,111.50,111.50,0
OFT005,20150521,111.50,111.50,111.50,111.50,0
OFT005,20150522,111.50,111.50,111.50,111.50,0
OFT005,20150525,111.47,111.47,111.47,111.47,0
OFT005,20150526,111.45,111.45,111.45,111.45,0
OFT005,20150527,111.47,111.47,111.47,111.47,0
OFT005,20150528,111.50,111.50,111.50,111.50,0
OFT005,20150529,111.50,111.50,111.50,111.50,0
OFT005,20150601,111.53,111.53,111.53,111.53,0
OFT005,20150602,111.49,111.49,111.49,111.49,0
OFT005,20150603,111.46,111.46,111.46,111.46,0
OFT005,20150605,111.45,111.45,111.45,111.45,0
OFT005,20150608,111.50,111.50,111.50,111.50,0
OFT005,20150609,111.50,111.50,111.50,111.50,0
OFT005,20150610,111.50,111.50,111.50,111.50,0
OFT005,20150611,111.49,111.49,111.49,111.49,0
OFT005,20150612,111.51,111.51,111.51,111.51,0
OFT005,20150615,111.47,111.47,111.47,111.47,0
OFT005,20150616,111.44,111.44,111.44,111.44,0
OFT005,20150617,111.44,111.44,111.44,111.44,0
OFT005,20150618,111.46,111.46,111.46,111.46,0
OFT005,20150619,111.50,111.50,111.50,111.50,0
OFT005,20150622,111.54,111.54,111.54,111.54,0
OFT005,20150623,111.54,111.54,111.54,111.54,0
OFT005,20150624,111.54,111.54,111.54,111.54,0
OFT005,20150625,111.55,111.55,111.55,111.55,0
OFT005,20150626,111.55,111.55,111.55,111.55,0
OFT005,20150629,111.50,111.50,111.50,111.50,0
OFT005,20150630,111.50,111.50,111.50,111.50,0
OFT005,20150701,111.61,111.61,111.61,111.61,0
OFT005,20150702,111.59,111.59,111.59,111.59,0
OFT005,20150703,111.64,111.64,111.64,111.64,0
OFT005,20150706,111.60,111.60,111.60,111.60,0
OFT005,20150707,111.66,111.66,111.66,111.66,0
OFT005,20150708,111.70,111.70,111.70,111.70,0
OFT005,20150709,111.72,111.72,111.72,111.72,0
OFT005,20150710,111.69,111.69,111.69,111.69,0
OFT005,20150713,111.71,111.71,111.71,111.71,0
OFT005,20150714,111.73,111.73,111.73,111.73,0
OFT005,20150715,111.75,111.75,111.75,111.75,0
OFT005,20150716,111.76,111.76,111.76,111.76,0
OFT005,20150717,111.79,111.79,111.79,111.79,0
OFT005,20150720,111.80,111.80,111.80,111.80,0
OFT005,20150721,111.78,111.78,111.78,111.78,0
OFT005,20150722,111.79,111.79,111.79,111.79,0
OFT005,20150723,111.81,111.81,111.81,111.81,0
OFT005,20150724,111.80,111.80,111.80,111.80,0
OFT005,20150727,111.82,111.82,111.82,111.82,0
OFT005,20150728,111.79,111.79,111.79,111.79,0
OFT005,20150729,111.81,111.81,111.81,111.81,0
OFT005,20150730,111.78,111.78,111.78,111.78,0
OFT005,20150731,111.83,111.83,111.83,111.83,0
OFT005,20150803,111.90,111.90,111.90,111.90,0
OFT005,20150804,111.89,111.89,111.89,111.89,0
OFT005,20150805,111.85,111.85,111.85,111.85,0
OFT005,20150806,111.78,111.78,111.78,111.78,0
OFT005,20150807,111.82,111.82,111.82,111.82,0
OFT005,20150810,111.86,111.86,111.86,111.86,0
OFT005,20150811,111.93,111.93,111.93,111.93,0
OFT005,20150812,111.89,111.89,111.89,111.89,0
OFT005,20150813,111.92,111.92,111.92,111.92,0
OFT005,20150814,111.92,111.92,111.92,111.92,0
OFT005,20150817,111.94,111.94,111.94,111.94,0
OFT005,20150818,111.92,111.92,111.92,111.92,0
OFT005,20150819,111.94,111.94,111.94,111.94,0
OFT005,20150820,111.99,111.99,111.99,111.99,0
OFT005,20150821,112.02,112.02,112.02,112.02,0
OFT005,20150824,111.89,111.89,111.89,111.89,0
OFT005,20150825,111.91,111.91,111.91,111.91,0
OFT005,20150826,112.03,112.03,112.03,112.03,0
OFT005,20150827,112.04,112.04,112.04,112.04,0
OFT005,20150828,112.08,112.08,112.08,112.08,0
OFT005,20150831,111.95,111.95,111.95,111.95,0
OFT005,20150901,111.96,111.96,111.96,111.96,0
OFT005,20150902,111.90,111.90,111.90,111.90,0
OFT005,20150903,111.94,111.94,111.94,111.94,0
OFT005,20150904,111.96,111.96,111.96,111.96,0
OFT005,20150907,111.98,111.98,111.98,111.98,0
OFT005,20150908,111.97,111.97,111.97,111.97,0
OFT005,20150909,111.96,111.96,111.96,111.96,0
OFT005,20150910,111.96,111.96,111.96,111.96,0
OFT005,20150911,111.89,111.89,111.89,111.89,0
OFT005,20150914,111.97,111.97,111.97,111.97,0
OFT005,20150915,111.97,111.97,111.97,111.97,0
OFT005,20150916,111.95,111.95,111.95,111.95,0
OFT005,20150917,111.95,111.95,111.95,111.95,0
OFT005,20150918,112.02,112.02,112.02,112.02,0
OFT005,20150921,112.07,112.07,112.07,112.07,0
OFT005,20150922,112.12,112.12,112.12,112.12,0
OFT005,20150923,112.13,112.13,112.13,112.13,0
OFT005,20150924,112.09,112.09,112.09,112.09,0
OFT005,20150925,112.12,112.12,112.12,112.12,0
OFT005,20150928,112.13,112.13,112.13,112.13,0
OFT005,20150929,112.12,112.12,112.12,112.12,0
OFT005,20150930,112.16,112.16,112.16,112.16,0
OFT005,20151001,112.16,112.16,112.16,112.16,0
OFT005,20151002,112.22,112.22,112.22,112.22,0
OFT005,20151005,112.27,112.27,112.27,112.27,0
OFT005,20151006,112.28,112.28,112.28,112.28,0
OFT005,20151007,112.30,112.30,112.30,112.30,0
OFT005,20151008,112.32,112.32,112.32,112.32,0
OFT005,20151009,112.31,112.31,112.31,112.31,0
OFT005,20151012,112.30,112.30,112.30,112.30,0
OFT005,20151013,112.31,112.31,112.31,112.31,0
OFT005,20151014,112.32,112.32,112.32,112.32,0
OFT005,20151015,112.35,112.35,112.35,112.35,0
OFT005,20151016,112.36,112.36,112.36,112.36,0
OFT005,20151019,112.36,112.36,112.36,112.36,0
OFT005,20151020,112.35,112.35,112.35,112.35,0
OFT005,20151021,112.38,112.38,112.38,112.38,0
OFT005,20151022,112.43,112.43,112.43,112.43,0
OFT005,20151023,112.46,112.46,112.46,112.46,0
OFT005,20151026,112.51,112.51,112.51,112.51,0
OFT005,20151027,112.54,112.54,112.54,112.54,0
OFT005,20151028,112.55,112.55,112.55,112.55,0
OFT005,20151029,112.54,112.54,112.54,112.54,0
OFT005,20151030,112.58,112.58,112.58,112.58,0
OFT005,20151102,112.55,112.55,112.55,112.55,0
OFT005,20151103,112.60,112.60,112.60,112.60,0
OFT005,20151104,112.59,112.59,112.59,112.59,0
OFT005,20151105,112.58,112.58,112.58,112.58,0
OFT005,20151106,112.56,112.56,112.56,112.56,0
OFT005,20151109,112.56,112.56,112.56,112.56,0
OFT005,20151110,112.61,112.61,112.61,112.61,0
OFT005,20151112,112.64,112.64,112.64,112.64,0
OFT005,20151113,112.67,112.67,112.67,112.67,0
OFT005,20151116,112.70,112.70,112.70,112.70,0
OFT005,20151117,112.68,112.68,112.68,112.68,0
OFT005,20151118,112.63,112.63,112.63,112.63,0
OFT005,20151119,112.65,112.65,112.65,112.65,0
OFT005,20151120,112.63,112.63,112.63,112.63,0
OFT005,20151123,112.57,112.57,112.57,112.57,0
OFT005,20151124,112.46,112.46,112.46,112.46,0
OFT005,20151125,112.45,112.45,112.45,112.45,0
OFT005,20151126,112.45,112.45,112.45,112.45,0
OFT005,20151127,112.47,112.47,112.47,112.47,0
OFT005,20151130,112.48,112.48,112.48,112.48,0
OFT005,20151201,112.48,112.48,112.48,112.48,0
OFT005,20151202,112.42,112.42,112.42,112.42,0
OFT005,20151203,112.37,112.37,112.37,112.37,0
OFT005,20151204,112.31,112.31,112.31,112.31,0
OFT005,20151207,112.32,112.32,112.32,112.32,0
OFT005,20151208,112.26,112.26,112.26,112.26,0
OFT005,20151209,112.24,112.24,112.24,112.24,0
OFT005,20151210,112.13,112.13,112.13,112.13,0
OFT005,20151211,112.14,112.14,112.14,112.14,0
OFT005,20151214,111.99,111.99,111.99,111.99,0
OFT005,20151215,112.09,112.09,112.09,112.09,0
OFT005,20151216,112.08,112.08,112.08,112.08,0
OFT005,20151217,112.17,112.17,112.17,112.17,0
OFT005,20151218,112.14,112.14,112.14,112.14,0
OFT005,20151221,112.18,112.18,112.18,112.18,0
OFT005,20151222,112.15,112.15,112.15,112.15,0
OFT005,20151223,112.12,112.12,112.12,112.12,0
OFT005,20151228,112.21,112.21,112.21,112.21,0
OFT005,20151229,112.20,112.20,112.20,112.20,0
OFT005,20151230,112.37,112.37,112.37,112.37,0
OFT005,20160104,112.27,112.27,112.27,112.27,0
OFT005,20160105,112.39,112.39,112.39,112.39,0
OFT005,20160107,112.44,112.44,112.44,112.44,0
OFT005,20160108,112.51,112.51,112.51,112.51,0
OFT005,20160111,112.51,112.51,112.51,112.51,0
OFT005,20160112,112.55,112.55,112.55,112.55,0
OFT005,20160113,112.55,112.55,112.55,112.55,0
OFT005,20160114,112.61,112.61,112.61,112.61,0
OFT005,20160115,112.55,112.55,112.55,112.55,0
OFT005,20160118,112.42,112.42,112.42,112.42,0
OFT005,20160119,112.49,112.49,112.49,112.49,0
OFT005,20160120,112.45,112.45,112.45,112.45,0
OFT005,20160121,112.46,112.46,112.46,112.46,0
OFT005,20160122,112.47,112.47,112.47,112.47,0
OFT005,20160125,112.51,112.51,112.51,112.51,0
OFT005,20160126,112.48,112.48,112.48,112.48,0
OFT005,20160127,112.50,112.50,112.50,112.50,0
OFT005,20160128,112.47,112.47,112.47,112.47,0
OFT005,20160129,112.46,112.46,112.46,112.46,0
OFT005,20160201,112.44,112.44,112.44,112.44,0
OFT005,20160202,112.45,112.45,112.45,112.45,0
OFT005,20160203,112.48,112.48,112.48,112.48,0
OFT005,20160204,112.49,112.49,112.49,112.49,0
OFT005,20160205,112.51,112.51,112.51,112.51,0
OFT005,20160208,112.48,112.48,112.48,112.48,0
OFT005,20160209,112.51,112.51,112.51,112.51,0
OFT005,20160210,112.60,112.60,112.60,112.60,0
OFT005,20160211,112.49,112.49,112.49,112.49,0
OFT005,20160212,112.55,112.55,112.55,112.55,0
OFT005,20160215,112.57,112.57,112.57,112.57,0
OFT005,20160216,112.57,112.57,112.57,112.57,0
OFT005,20160217,112.57,112.57,112.57,112.57,0
OFT005,20160218,112.61,112.61,112.61,112.61,0
OFT005,20160219,112.62,112.62,112.62,112.62,0
OFT005,20160222,112.64,112.64,112.64,112.64,0
OFT005,20160223,112.64,112.64,112.64,112.64,0
OFT005,20160224,112.66,112.66,112.66,112.66,0
OFT005,20160225,112.74,112.74,112.74,112.74,0
OFT005,20160226,112.74,112.74,112.74,112.74,0
OFT005,20160229,112.74,112.74,112.74,112.74,0
OFT005,20160301,112.73,112.73,112.73,112.73,0
OFT005,20160302,112.73,112.73,112.73,112.73,0
OFT005,20160303,112.73,112.73,112.73,112.73,0
OFT005,20160304,112.76,112.76,112.76,112.76,0
OFT005,20160307,112.74,112.74,112.74,112.74,0
OFT005,20160308,112.73,112.73,112.73,112.73,0
OFT005,20160309,112.77,112.77,112.77,112.77,0
OFT005,20160310,112.75,112.75,112.75,112.75,0
OFT005,20160311,112.79,112.79,112.79,112.79,0
OFT005,20160314,112.82,112.82,112.82,112.82,0
OFT005,20160315,112.87,112.87,112.87,112.87,0
OFT005,20160316,112.83,112.83,112.83,112.83,0
OFT005,20160317,112.84,112.84,112.84,112.84,0
OFT005,20160318,112.83,112.83,112.83,112.83,0
OFT005,20160321,112.88,112.88,112.88,112.88,0
OFT005,20160322,112.90,112.90,112.90,112.90,0
OFT005,20160323,112.86,112.86,112.86,112.86,0
OFT005,20160324,112.89,112.89,112.89,112.89,0
OFT005,20160329,112.97,112.97,112.97,112.97,0
OFT005,20160330,113.05,113.05,113.05,113.05,0
OFT005,20160331,113.05,113.05,113.05,113.05,0
OFT005,20160401,112.96,112.96,112.96,112.96,0
OFT005,20160404,112.96,112.96,112.96,112.96,0
OFT005,20160405,112.90,112.90,112.90,112.90,0
OFT005,20160406,112.90,112.90,112.90,112.90,0
OFT005,20160407,112.92,112.92,112.92,112.92,0
OFT005,20160408,112.94,112.94,112.94,112.94,0
OFT005,20160411,112.97,112.97,112.97,112.97,0
OFT005,20160412,112.95,112.95,112.95,112.95,0
OFT005,20160413,112.98,112.98,112.98,112.98,0
OFT005,20160414,112.97,112.97,112.97,112.97,0
OFT005,20160415,112.98,112.98,112.98,112.98,0
OFT005,20160418,112.98,112.98,112.98,112.98,0
OFT005,20160419,113.00,113.00,113.00,113.00,0
OFT005,20160420,113.02,113.02,113.02,113.02,0
OFT005,20160421,112.99,112.99,112.99,112.99,0
OFT005,20160422,112.95,112.95,112.95,112.95,0
OFT005,20160425,113.04,113.04,113.04,113.04,0
OFT005,20160426,112.98,112.98,112.98,112.98,0
OFT005,20160427,113.05,113.05,113.05,113.05,0
OFT005,20160428,113.07,113.07,113.07,113.07,0
OFT005,20160429,113.09,113.09,113.09,113.09,0
OFT005,20160502,113.06,113.06,113.06,113.06,0
OFT005,20160504,113.08,113.08,113.08,113.08,0
OFT005,20160505,113.06,113.06,113.06,113.06,0
OFT005,20160506,113.07,113.07,113.07,113.07,0
OFT005,20160509,113.06,113.06,113.06,113.06,0
OFT005,20160510,113.04,113.04,113.04,113.04,0
OFT005,20160511,113.13,113.13,113.13,113.13,0
OFT005,20160512,113.07,113.07,113.07,113.07,0
OFT005,20160513,113.08,113.08,113.08,113.08,0
OFT005,20160516,113.12,113.12,113.12,113.12,0
OFT005,20160517,113.13,113.13,113.13,113.13,0
OFT005,20160518,113.07,113.07,113.07,113.07,0
OFT005,20160519,113.05,113.05,113.05,113.05,0
OFT005,20160520,113.02,113.02,113.02,113.02,0
OFT005,20160523,113.08,113.08,113.08,113.08,0
OFT005,20160524,113.09,113.09,113.09,113.09,0
OFT005,20160525,113.16,113.16,113.16,113.16,0
OFT005,20160527,113.17,113.17,113.17,113.17,0
OFT005,20160530,113.17,113.17,113.17,113.17,0
OFT005,20160531,113.16,113.16,113.16,113.16,0
OFT005,20160601,113.22,113.22,113.22,113.22,0
OFT005,20160602,113.19,113.19,113.19,113.19,0
OFT005,20160603,113.21,113.21,113.21,113.21,0
OFT005,20160606,113.20,113.20,113.20,113.20,0
OFT005,20160607,113.18,113.18,113.18,113.18,0
OFT005,20160608,113.17,113.17,113.17,113.17,0
OFT005,20160609,113.16,113.16,113.16,113.16,0
OFT005,20160610,113.13,113.13,113.13,113.13,0
OFT005,20160613,113.08,113.08,113.08,113.08,0
OFT005,20160614,113.12,113.12,113.12,113.12,0
OFT005,20160615,113.13,113.13,113.13,113.13,0
OFT005,20160616,113.13,113.13,113.13,113.13,0
OFT005,20160617,113.13,113.13,113.13,113.13,0
OFT005,20160620,113.18,113.18,113.18,113.18,0
OFT005,20160621,113.15,113.15,113.15,113.15,0
OFT005,20160622,113.18,113.18,113.18,113.18,0
OFT005,20160623,113.20,113.20,113.20,113.20,0
OFT005,20160624,113.12,113.12,113.12,113.12,0
OFT005,20160627,113.21,113.21,113.21,113.21,0
OFT005,20160628,113.25,113.25,113.25,113.25,0
OFT005,20160629,113.30,113.30,113.30,113.30,0
OFT005,20160630,113.29,113.29,113.29,113.29,0
OFT005,20160701,113.35,113.35,113.35,113.35,0
OFT005,20160704,113.29,113.29,113.29,113.29,0
OFT005,20160705,113.30,113.30,113.30,113.30,0
OFT005,20160706,113.29,113.29,113.29,113.29,0
OFT005,20160707,113.26,113.26,113.26,113.26,0
OFT005,20160708,113.28,113.28,113.28,113.28,0
OFT005,20160711,113.36,113.36,113.36,113.36,0
OFT005,20160712,113.31,113.31,113.31,113.31,0
OFT005,20160713,113.31,113.31,113.31,113.31,0
OFT005,20160714,113.27,113.27,113.27,113.27,0
OFT005,20160715,113.33,113.33,113.33,113.33,0
OFT005,20160718,113.38,113.38,113.38,113.38,0
OFT005,20160719,113.38,113.38,113.38,113.38,0
OFT005,20160720,113.37,113.37,113.37,113.37,0
OFT005,20160721,113.41,113.41,113.41,113.41,0
OFT005,20160722,113.41,113.41,113.41,113.41,0
OFT005,20160725,113.42,113.42,113.42,113.42,0
OFT005,20160726,113.43,113.43,113.43,113.43,0
OFT005,20160727,113.43,113.43,113.43,113.43,0
OFT005,20160728,113.42,113.42,113.42,113.42,0
OFT005,20160729,113.46,113.46,113.46,113.46,0
OFT005,20160801,113.56,113.56,113.56,113.56,0
OFT005,20160802,113.57,113.57,113.57,113.57,0
OFT005,20160803,113.63,113.63,113.63,113.63,0
OFT005,20160804,113.59,113.59,113.59,113.59,0
OFT005,20160805,113.58,113.58,113.58,113.58,0
OFT005,20160808,113.56,113.56,113.56,113.56,0
OFT005,20160809,113.60,113.60,113.60,113.60,0
OFT005,20160810,113.62,113.62,113.62,113.62,0
OFT005,20160811,113.60,113.60,113.60,113.60,0
OFT005,20160812,113.71,113.71,113.71,113.71,0
OFT005,20160816,113.69,113.69,113.69,113.69,0
OFT005,20160817,113.67,113.67,113.67,113.67,0
OFT005,20160818,113.75,113.75,113.75,113.75,0
OFT005,20160819,113.76,113.76,113.76,113.76,0
OFT005,20160822,113.80,113.80,113.80,113.80,0
OFT005,20160823,113.79,113.79,113.79,113.79,0
OFT005,20160824,113.77,113.77,113.77,113.77,0
OFT005,20160825,113.80,113.80,113.80,113.80,0
OFT005,20160826,113.76,113.76,113.76,113.76,0
OFT005,20160829,113.82,113.82,113.82,113.82,0
OFT005,20160830,113.81,113.81,113.81,113.81,0
OFT005,20160831,113.78,113.78,113.78,113.78,0
OFT005,20160901,113.74,113.74,113.74,113.74,0
OFT005,20160902,113.74,113.74,113.74,113.74,0
OFT005,20160905,113.80,113.80,113.80,113.80,0
OFT005,20160906,113.77,113.77,113.77,113.77,0
OFT005,20160907,113.79,113.79,113.79,113.79,0
OFT005,20160908,113.78,113.78,113.78,113.78,0
OFT005,20160909,113.70,113.70,113.70,113.70,0
OFT005,20160912,113.78,113.78,113.78,113.78,0
OFT005,20160913,113.76,113.76,113.76,113.76,0
OFT005,20160914,113.78,113.78,113.78,113.78,0
OFT005,20160915,113.77,113.77,113.77,113.77,0
OFT005,20160916,113.74,113.74,113.74,113.74,0
OFT005,20160919,113.78,113.78,113.78,113.78,0
OFT005,20160920,113.74,113.74,113.74,113.74,0
OFT005,20160921,113.77,113.77,113.77,113.77,0
OFT005,20160922,113.78,113.78,113.78,113.78,0
OFT005,20160923,113.79,113.79,113.79,113.79,0
OFT005,20160926,113.82,113.82,113.82,113.82,0
OFT005,20160927,113.80,113.80,113.80,113.80,0
OFT005,20160928,113.77,113.77,113.77,113.77,0
OFT005,20160929,113.77,113.77,113.77,113.77,0
OFT005,20160930,113.70,113.70,113.70,113.70,0
OFT005,20161003,113.84,113.84,113.84,113.84,0
OFT005,20161004,113.82,113.82,113.82,113.82,0
OFT005,20161005,113.74,113.74,113.74,113.74,0
OFT005,20161006,113.73,113.73,113.73,113.73,0
OFT005,20161007,113.71,113.71,113.71,113.71,0
OFT005,20161010,113.80,113.80,113.80,113.80,0
OFT005,20161011,113.81,113.81,113.81,113.81,0
OFT005,20161012,113.77,113.77,113.77,113.77,0
OFT005,20161013,113.83,113.83,113.83,113.83,0
OFT005,20161014,113.83,113.83,113.83,113.83,0
OFT005,20161017,113.84,113.84,113.84,113.84,0
OFT005,20161018,113.84,113.84,113.84,113.84,0
OFT005,20161019,113.85,113.85,113.85,113.85,0
OFT005,20161020,113.86,113.86,113.86,113.86,0
OFT005,20161021,113.84,113.84,113.84,113.84,0
OFT005,20161024,113.82,113.82,113.82,113.82,0
OFT005,20161025,113.79,113.79,113.79,113.79,0
OFT005,20161026,113.77,113.77,113.77,113.77,0
OFT005,20161027,113.76,113.76,113.76,113.76,0
OFT005,20161028,113.76,113.76,113.76,113.76,0
OFT005,20161031,113.80,113.80,113.80,113.80,0
OFT005,20161102,113.80,113.80,113.80,113.80,0
OFT005,20161103,113.77,113.77,113.77,113.77,0
OFT005,20161104,113.78,113.78,113.78,113.78,0
OFT005,20161107,113.79,113.79,113.79,113.79,0
OFT005,20161108,113.81,113.81,113.81,113.81,0
OFT005,20161109,113.67,113.67,113.67,113.67,0
OFT005,20161110,113.74,113.74,113.74,113.74,0
OFT005,20161114,113.73,113.73,113.73,113.73,0
OFT005,20161115,113.68,113.68,113.68,113.68,0
OFT005,20161116,113.76,113.76,113.76,113.76,0
OFT005,20161117,113.75,113.75,113.75,113.75,0
OFT005,20161118,113.68,113.68,113.68,113.68,0
OFT005,20161121,113.69,113.69,113.69,113.69,0
OFT005,20161122,113.69,113.69,113.69,113.69,0
OFT005,20161123,113.63,113.63,113.63,113.63,0
OFT005,20161124,113.52,113.52,113.52,113.52,0
OFT005,20161125,113.56,113.56,113.56,113.56,0
OFT005,20161128,113.61,113.61,113.61,113.61,0
OFT005,20161129,113.66,113.66,113.66,113.66,0
OFT005,20161130,113.67,113.67,113.67,113.67,0
OFT005,20161201,113.64,113.64,113.64,113.64,0
OFT005,20161202,113.66,113.66,113.66,113.66,0
OFT005,20161205,113.67,113.67,113.67,113.67,0
OFT005,20161206,113.67,113.67,113.67,113.67,0
OFT005,20161207,113.65,113.65,113.65,113.65,0
OFT005,20161208,113.63,113.63,113.63,113.63,0
OFT005,20161209,113.65,113.65,113.65,113.65,0
OFT005,20161212,113.65,113.65,113.65,113.65,0
OFT005,20161213,113.69,113.69,113.69,113.69,0
OFT005,20161214,113.74,113.74,113.74,113.74,0
OFT005,20161215,113.71,113.71,113.71,113.71,0
OFT005,20161216,113.76,113.76,113.76,113.76,0
OFT005,20161219,113.78,113.78,113.78,113.78,0
OFT005,20161220,113.70,113.70,113.70,113.70,0
OFT005,20161221,113.81,113.81,113.81,113.81,0
OFT005,20161222,113.81,113.81,113.81,113.81,0
OFT005,20161223,113.77,113.77,113.77,113.77,0
OFT005,20161227,113.77,113.77,113.77,113.77,0
OFT005,20161228,113.78,113.78,113.78,113.78,0
OFT005,20161229,113.79,113.79,113.79,113.79,0
OFT005,20161230,113.82,113.82,113.82,113.82,0
OFT005,20170102,113.75,113.75,113.75,113.75,0
OFT005,20170103,113.78,113.78,113.78,113.78,0
OFT005,20170104,113.74,113.74,113.74,113.74,0
OFT005,20170105,113.80,113.80,113.80,113.80,0
OFT005,20170109,113.84,113.84,113.84,113.84,0
OFT005,20170110,113.84,113.84,113.84,113.84,0
OFT005,20170111,113.84,113.84,113.84,113.84,0
OFT005,20170112,113.82,113.82,113.82,113.82,0
OFT005,20170113,113.82,113.82,113.82,113.82,0
OFT005,20170116,113.86,113.86,113.86,113.86,0
OFT005,20170117,113.86,113.86,113.86,113.86,0
OFT005,20170118,113.86,113.86,113.86,113.86,0
OFT005,20170119,113.81,113.81,113.81,113.81,0
OFT005,20170120,113.85,113.85,113.85,113.85,0
OFT005,20170123,113.90,113.90,113.90,113.90,0
OFT005,20170124,113.92,113.92,113.92,113.92,0
OFT005,20170125,113.94,113.94,113.94,113.94,0
OFT005,20170126,113.90,113.90,113.90,113.90,0
OFT005,20170127,113.92,113.92,113.92,113.92,0
OFT005,20170130,113.94,113.94,113.94,113.94,0
OFT005,20170131,113.98,113.98,113.98,113.98,0
OFT005,20170201,113.99,113.99,113.99,113.99,0
OFT005,20170202,114.02,114.02,114.02,114.02,0
OFT005,20170203,114.03,114.03,114.03,114.03,0
OFT005,20170206,114.06,114.06,114.06,114.06,0
OFT005,20170207,114.07,114.07,114.07,114.07,0
OFT005,20170208,114.08,114.08,114.08,114.08,0
OFT005,20170209,114.11,114.11,114.11,114.11,0
OFT005,20170210,114.09,114.09,114.09,114.09,0
OFT005,20170213,114.10,114.10,114.10,114.10,0
OFT005,20170214,114.11,114.11,114.11,114.11,0
OFT005,20170215,114.13,114.13,114.13,114.13,0
OFT005,20170216,114.10,114.10,114.10,114.10,0
OFT005,20170217,114.12,114.12,114.12,114.12,0
OFT005,20170220,114.15,114.15,114.15,114.15,0
OFT005,20170221,114.13,114.13,114.13,114.13,0
OFT005,20170222,114.14,114.14,114.14,114.14,0
OFT005,20170223,114.09,114.09,114.09,114.09,0
OFT005,20170224,114.14,114.14,114.14,114.14,0
OFT005,20170227,114.09,114.09,114.09,114.09,0
OFT005,20170228,114.16,114.16,114.16,114.16,0
OFT005,20170301,114.06,114.06,114.06,114.06,0
OFT005,20170302,114.03,114.03,114.03,114.03,0
OFT005,20170303,114.15,114.15,114.15,114.15,0
OFT005,20170306,114.13,114.13,114.13,114.13,0
OFT005,20170307,114.13,114.13,114.13,114.13,0
OFT005,20170308,114.12,114.12,114.12,114.12,0
OFT005,20170309,114.15,114.15,114.15,114.15,0
OFT005,20170310,114.15,114.15,114.15,114.15,0
OFT005,20170313,114.17,114.17,114.17,114.17,0
OFT005,20170314,114.18,114.18,114.18,114.18,0
OFT005,20170315,114.16,114.16,114.16,114.16,0
OFT005,20170316,114.18,114.18,114.18,114.18,0
OFT005,20170317,114.21,114.21,114.21,114.21,0
OFT005,20170320,114.25,114.25,114.25,114.25,0
OFT005,20170321,114.27,114.27,114.27,114.27,0
OFT005,20170322,114.27,114.27,114.27,114.27,0
OFT005,20170323,114.31,114.31,114.31,114.31,0
OFT005,20170324,114.29,114.29,114.29,114.29,0
OFT005,20170327,114.32,114.32,114.32,114.32,0
OFT005,20170328,114.31,114.31,114.31,114.31,0
OFT005,20170329,114.36,114.36,114.36,114.36,0
OFT005,20170330,114.35,114.35,114.35,114.35,0
OFT005,20170331,114.37,114.37,114.37,114.37,0
OFT005,20170403,114.40,114.40,114.40,114.40,0
OFT005,20170404,114.36,114.36,114.36,114.36,0
OFT005,20170405,114.40,114.40,114.40,114.40,0
OFT005,20170406,114.33,114.33,114.33,114.33,0
OFT005,20170407,114.42,114.42,114.42,114.42,0
OFT005,20170410,114.41,114.41,114.41,114.41,0
OFT005,20170411,114.41,114.41,114.41,114.41,0
OFT005,20170412,114.40,114.40,114.40,114.40,0
OFT005,20170413,114.54,114.54,114.54,114.54,0
OFT005,20170418,114.55,114.55,114.55,114.55,0
OFT005,20170419,114.55,114.55,114.55,114.55,0
OFT005,20170420,114.51,114.51,114.51,114.51,0
OFT005,20170421,114.48,114.48,114.48,114.48,0
OFT005,20170424,114.55,114.55,114.55,114.55,0
OFT005,20170425,114.54,114.54,114.54,114.54,0
OFT005,20170426,114.49,114.49,114.49,114.49,0
OFT005,20170427,114.57,114.57,114.57,114.57,0
OFT005,20170428,114.55,114.55,114.55,114.55,0
OFT005,20170502,114.53,114.53,114.53,114.53,0
OFT005,20170504,114.57,114.57,114.57,114.57,0
OFT005,20170505,114.61,114.61,114.61,114.61,0
OFT005,20170508,114.63,114.63,114.63,114.63,0
OFT005,20170509,114.58,114.58,114.58,114.58,0
OFT005,20170510,114.61,114.61,114.61,114.61,0
OFT005,20170511,114.65,114.65,114.65,114.65,0
OFT005,20170512,114.69,114.69,114.69,114.69,0
OFT005,20170515,114.72,114.72,114.72,114.72,0
OFT005,20170516,114.75,114.75,114.75,114.75,0
OFT005,20170517,115.00,115.00,115.00,115.00,0
OFT005,20170518,114.98,114.98,114.98,114.98,0
OFT005,20170519,114.88,114.88,114.88,114.88,0
OFT005,20170522,114.93,114.93,114.93,114.93,0
OFT005,20170523,114.96,114.96,114.96,114.96,0
OFT005,20170524,114.94,114.94,114.94,114.94,0
OFT005,20170525,114.95,114.95,114.95,114.95,0
OFT005,20170526,114.98,114.98,114.98,114.98,0
OFT005,20170529,114.93,114.93,114.93,114.93,0
OFT005,20170530,114.86,114.86,114.86,114.86,0
OFT005,20170531,114.96,114.96,114.96,114.96,0
OFT005,20170601,115.06,115.06,115.06,115.06,0
OFT005,20170602,115.00,115.00,115.00,115.00,0
OFT005,20170605,114.97,114.97,114.97,114.97,0
OFT005,20170606,114.90,114.90,114.90,114.90,0
OFT005,20170607,114.88,114.88,114.88,114.88,0
OFT005,20170608,114.97,114.97,114.97,114.97,0
OFT005,20170609,114.97,114.97,114.97,114.97,0
OFT005,20170612,115.00,115.00,115.00,115.00,0
OFT005,20170613,114.90,114.90,114.90,114.90,0
OFT005,20170614,114.91,114.91,114.91,114.91,0
OFT005,20170616,115.02,115.02,115.02,115.02,0
OFT005,20170619,114.96,114.96,114.96,114.96,0
OFT005,20170620,114.96,114.96,114.96,114.96,0
OFT005,20170621,114.95,114.95,114.95,114.95,0
OFT005,20170622,114.96,114.96,114.96,114.96,0
OFT005,20170623,114.91,114.91,114.91,114.91,0
OFT005,20170626,114.94,114.94,114.94,114.94,0
OFT005,20170627,114.97,114.97,114.97,114.97,0
OFT005,20170628,114.98,114.98,114.98,114.98,0
OFT005,20170629,115.01,115.01,115.01,115.01,0
OFT005,20170630,115.11,115.11,115.11,115.11,0
OFT005,20170703,115.10,115.10,115.10,115.10,0
OFT005,20170704,115.22,115.22,115.22,115.22,0
OFT005,20170705,115.17,115.17,115.17,115.17,0
OFT005,20170706,115.19,115.19,115.19,115.19,0
OFT005,20170707,115.17,115.17,115.17,115.17,0
OFT005,20170710,115.23,115.23,115.23,115.23,0
OFT005,20170711,115.21,115.21,115.21,115.21,0
OFT005,20170712,115.17,115.17,115.17,115.17,0
OFT005,20170713,115.18,115.18,115.18,115.18,0
OFT005,20170714,115.11,115.11,115.11,115.11,0
OFT005,20170717,115.10,115.10,115.10,115.10,0
OFT005,20170718,115.12,115.12,115.12,115.12,0
OFT005,20170719,115.13,115.13,115.13,115.13,0
OFT005,20170720,115.06,115.06,115.06,115.06,0
OFT005,20170721,114.96,114.96,114.96,114.96,0
OFT005,20170724,115.08,115.08,115.08,115.08,0
OFT005,20170725,114.94,114.94,114.94,114.94,0
OFT005,20170726,114.85,114.85,114.85,114.85,0
OFT005,20170727,115.03,115.03,115.03,115.03,0
OFT005,20170728,114.95,114.95,114.95,114.95,0
OFT005,20170731,115.07,115.07,115.07,115.07,0
OFT005,20170801,115.08,115.08,115.08,115.08,0
OFT005,20170802,115.12,115.12,115.12,115.12,0
OFT005,20170803,114.96,114.96,114.96,114.96,0
OFT005,20170804,115.01,115.01,115.01,115.01,0
OFT005,20170807,115.03,115.03,115.03,115.03,0
OFT005,20170808,115.05,115.05,115.05,115.05,0
OFT005,20170809,115.07,115.07,115.07,115.07,0
OFT005,20170810,115.03,115.03,115.03,115.03,0
OFT005,20170811,115.05,115.05,115.05,115.05,0
OFT005,20170814,114.99,114.99,114.99,114.99,0
OFT005,20170816,115.22,115.22,115.22,115.22,0
OFT005,20170817,115.00,115.00,115.00,115.00,0
OFT005,20170818,115.10,115.10,115.10,115.10,0
OFT005,20170821,115.15,115.15,115.15,115.15,0
OFT005,20170822,115.07,115.07,115.07,115.07,0
OFT005,20170823,115.05,115.05,115.05,115.05,0
OFT005,20170824,115.08,115.08,115.08,115.08,0
OFT005,20170825,115.09,115.09,115.09,115.09,0
OFT005,20170828,115.13,115.13,115.13,115.13,0
OFT005,20170829,115.12,115.12,115.12,115.12,0
OFT005,20170830,115.14,115.14,115.14,115.14,0
OFT005,20170831,115.12,115.12,115.12,115.12,0
OFT005,20170901,115.10,115.10,115.10,115.10,0
OFT005,20170904,115.12,115.12,115.12,115.12,0
OFT005,20170905,115.13,115.13,115.13,115.13,0
OFT005,20170906,115.15,115.15,115.15,115.15,0
OFT005,20170907,115.27,115.27,115.27,115.27,0
OFT005,20170908,115.18,115.18,115.18,115.18,0
OFT005,20170911,115.18,115.18,115.18,115.18,0
OFT005,20170912,115.20,115.20,115.20,115.20,0
OFT005,20170913,115.19,115.19,115.19,115.19,0
OFT005,20170914,115.23,115.23,115.23,115.23,0
OFT005,20170915,115.20,115.20,115.20,115.20,0
OFT005,20170918,115.21,115.21,115.21,115.21,0
OFT005,20170919,115.21,115.21,115.21,115.21,0
OFT005,20170920,115.21,115.21,115.21,115.21,0
OFT005,20170921,115.22,115.22,115.22,115.22,0
