Name,Date,Open,High,Low,Close,Volume
OFT001,20121108,100.25,100.25,100.25,100.25,0
OFT001,20121109,99.98,99.98,99.98,99.98,0
OFT001,20121112,100.20,100.20,100.20,100.20,0
OFT001,20121113,100.57,100.57,100.57,100.57,0
OFT001,20121114,100.77,100.77,100.77,100.77,0
OFT001,20121115,100.87,100.87,100.87,100.87,0
OFT001,20121116,102.02,102.02,102.02,102.02,0
OFT001,20121119,102.56,102.56,102.56,102.56,0
OFT001,20121120,102.54,102.54,102.54,102.54,0
OFT001,20121121,102.30,102.30,102.30,102.30,0
OFT001,20121122,102.09,102.09,102.09,102.09,0
OFT001,20121123,102.51,102.51,102.51,102.51,0
OFT001,20121126,102.70,102.70,102.70,102.70,0
OFT001,20121127,103.14,103.14,103.14,103.14,0
OFT001,20121128,103.03,103.03,103.03,103.03,0
OFT001,20121129,103.15,103.15,103.15,103.15,0
OFT001,20121130,103.33,103.33,103.33,103.33,0
OFT001,20121203,103.62,103.62,103.62,103.62,0
OFT001,20121204,104.05,104.05,104.05,104.05,0
OFT001,20121205,104.22,104.22,104.22,104.22,0
OFT001,20121206,104.70,104.70,104.70,104.70,0
OFT001,20121207,104.25,104.25,104.25,104.25,0
OFT001,20121210,104.47,104.47,104.47,104.47,0
OFT001,20121211,105.14,105.14,105.14,105.14,0
OFT001,20121212,105.42,105.42,105.42,105.42,0
OFT001,20121213,105.57,105.57,105.57,105.57,0
OFT001,20121214,106.21,106.21,106.21,106.21,0
OFT001,20121217,106.65,106.65,106.65,106.65,0
OFT001,20121218,106.59,106.59,106.59,106.59,0
OFT001,20121219,107.90,107.90,107.90,107.90,0
OFT001,20121220,107.94,107.94,107.94,107.94,0
OFT001,20121221,108.24,108.24,108.24,108.24,0
OFT001,20121227,108.48,108.48,108.48,108.48,0
OFT001,20121228,108.22,108.22,108.22,108.22,0
OFT001,20130102,109.88,109.88,109.88,109.88,0
OFT001,20130103,109.92,109.92,109.92,109.92,0
OFT001,20130104,109.45,109.45,109.45,109.45,0
OFT001,20130107,108.82,108.82,108.82,108.82,0
OFT001,20130108,108.40,108.40,108.40,108.40,0
OFT001,20130109,108.53,108.53,108.53,108.53,0
OFT001,20130110,108.76,108.76,108.76,108.76,0
OFT001,20130111,108.44,108.44,108.44,108.44,0
OFT001,20130114,108.50,108.50,108.50,108.50,0
OFT001,20130115,107.87,107.87,107.87,107.87,0
OFT001,20130116,108.70,108.70,108.70,108.70,0
OFT001,20130117,108.89,108.89,108.89,108.89,0
OFT001,20130118,109.21,109.21,109.21,109.21,0
OFT001,20130121,109.47,109.47,109.47,109.47,0
OFT001,20130122,109.23,109.23,109.23,109.23,0
OFT001,20130123,108.96,108.96,108.96,108.96,0
OFT001,20130124,109.25,109.25,109.25,109.25,0
OFT001,20130125,108.60,108.60,108.60,108.60,0
OFT001,20130128,108.01,108.01,108.01,108.01,0
OFT001,20130129,107.94,107.94,107.94,107.94,0
OFT001,20130130,107.15,107.15,107.15,107.15,0
OFT001,20130131,106.93,106.93,106.93,106.93,0
OFT001,20130201,107.07,107.07,107.07,107.07,0
OFT001,20130204,106.30,106.30,106.30,106.30,0
OFT001,20130205,106.63,106.63,106.63,106.63,0
OFT001,20130206,105.69,105.69,105.69,105.69,0
OFT001,20130207,106.06,106.06,106.06,106.06,0
OFT001,20130208,106.85,106.85,106.85,106.85,0
OFT001,20130211,106.99,106.99,106.99,106.99,0
OFT001,20130212,106.08,106.08,106.08,106.08,0
OFT001,20130213,106.18,106.18,106.18,106.18,0
OFT001,20130214,105.71,105.71,105.71,105.71,0
OFT001,20130215,106.05,106.05,106.05,106.05,0
OFT001,20130218,106.23,106.23,106.23,106.23,0
OFT001,20130219,106.24,106.24,106.24,106.24,0
OFT001,20130220,105.29,105.29,105.29,105.29,0
OFT001,20130221,105.06,105.06,105.06,105.06,0
OFT001,20130222,105.16,105.16,105.16,105.16,0
OFT001,20130225,105.55,105.55,105.55,105.55,0
OFT001,20130226,104.95,104.95,104.95,104.95,0
OFT001,20130227,105.56,105.56,105.56,105.56,0
OFT001,20130228,105.81,105.81,105.81,105.81,0
OFT001,20130301,106.05,106.05,106.05,106.05,0
OFT001,20130304,105.62,105.62,105.62,105.62,0
OFT001,20130305,106.65,106.65,106.65,106.65,0
OFT001,20130306,106.85,106.85,106.85,106.85,0
OFT001,20130307,106.83,106.83,106.83,106.83,0
OFT001,20130308,107.44,107.44,107.44,107.44,0
OFT001,20130311,106.99,106.99,106.99,106.99,0
OFT001,20130312,107.14,107.14,107.14,107.14,0
OFT001,20130313,106.74,106.74,106.74,106.74,0
OFT001,20130314,107.30,107.30,107.30,107.30,0
OFT001,20130315,107.24,107.24,107.24,107.24,0
OFT001,20130318,106.43,106.43,106.43,106.43,0
OFT001,20130319,105.50,105.50,105.50,105.50,0
OFT001,20130320,105.33,105.33,105.33,105.33,0
OFT001,20130321,104.62,104.62,104.62,104.62,0
OFT001,20130322,103.67,103.67,103.67,103.67,0
OFT001,20130325,102.81,102.81,102.81,102.81,0
OFT001,20130326,102.95,102.95,102.95,102.95,0
OFT001,20130327,103.97,103.97,103.97,103.97,0
OFT001,20130328,103.94,103.94,103.94,103.94,0
OFT001,20130402,104.15,104.15,104.15,104.15,0
OFT001,20130403,103.00,103.00,103.00,103.00,0
OFT001,20130404,103.16,103.16,103.16,103.16,0
OFT001,20130405,103.21,103.21,103.21,103.21,0
OFT001,20130408,103.13,103.13,103.13,103.13,0
OFT001,20130409,103.35,103.35,103.35,103.35,0
OFT001,20130410,103.71,103.71,103.71,103.71,0
OFT001,20130411,104.80,104.80,104.80,104.80,0
OFT001,20130412,104.65,104.65,104.65,104.65,0
OFT001,20130415,103.43,103.43,103.43,103.43,0
OFT001,20130417,102.38,102.38,102.38,102.38,0
OFT001,20130418,101.36,101.36,101.36,101.36,0
OFT001,20130419,101.61,101.61,101.61,101.61,0
OFT001,20130422,101.19,101.19,101.19,101.19,0
OFT001,20130423,100.91,100.91,100.91,100.91,0
OFT001,20130424,101.30,101.30,101.30,101.30,0
OFT001,20130425,101.50,101.50,101.50,101.50,0
OFT001,20130426,101.49,101.49,101.49,101.49,0
OFT001,20130429,101.86,101.86,101.86,101.86,0
OFT001,20130430,102.41,102.41,102.41,102.41,0
OFT001,20130502,102.28,102.28,102.28,102.28,0
OFT001,20130506,103.34,103.34,103.34,103.34,0
OFT001,20130507,103.65,103.65,103.65,103.65,0
OFT001,20130508,104.28,104.28,104.28,104.28,0
OFT001,20130509,103.93,103.93,103.93,103.93,0
OFT001,20130510,103.78,103.78,103.78,103.78,0
OFT001,20130513,104.25,104.25,104.25,104.25,0
OFT001,20130514,105.31,105.31,105.31,105.31,0
OFT001,20130515,105.83,105.83,105.83,105.83,0
OFT001,20130516,105.79,105.79,105.79,105.79,0
OFT001,20130517,105.83,105.83,105.83,105.83,0
OFT001,20130520,105.44,105.44,105.44,105.44,0
OFT001,20130521,105.09,105.09,105.09,105.09,0
OFT001,20130522,105.27,105.27,105.27,105.27,0
OFT001,20130523,104.80,104.80,104.80,104.80,0
OFT001,20130524,105.65,105.65,105.65,105.65,0
OFT001,20130527,107.96,107.96,107.96,107.96,0
OFT001,20130528,108.67,108.67,108.67,108.67,0
OFT001,20130529,108.67,108.67,108.67,108.67,0
OFT001,20130531,109.34,109.34,109.34,109.34,0
OFT001,20130603,108.08,108.08,108.08,108.08,0
OFT001,20130604,108.94,108.94,108.94,108.94,0
OFT001,20130605,109.18,109.18,109.18,109.18,0
OFT001,20130606,108.96,108.96,108.96,108.96,0
OFT001,20130607,110.26,110.26,110.26,110.26,0
OFT001,20130610,110.79,110.79,110.79,110.79,0
OFT001,20130611,110.52,110.52,110.52,110.52,0
OFT001,20130612,110.62,110.62,110.62,110.62,0
OFT001,20130613,110.22,110.22,110.22,110.22,0
OFT001,20130614,110.29,110.29,110.29,110.29,0
OFT001,20130617,109.95,109.95,109.95,109.95,0
OFT001,20130618,110.22,110.22,110.22,110.22,0
OFT001,20130619,109.63,109.63,109.63,109.63,0
OFT001,20130620,106.05,106.05,106.05,106.05,0
OFT001,20130621,104.27,104.27,104.27,104.27,0
OFT001,20130624,104.44,104.44,104.44,104.44,0
OFT001,20130625,104.69,104.69,104.69,104.69,0
OFT001,20130626,104.38,104.38,104.38,104.38,0
OFT001,20130627,101.82,101.82,101.82,101.82,0
OFT001,20130628,104.14,104.14,104.14,104.14,0
OFT001,20130701,104.08,104.08,104.08,104.08,0
OFT001,20130702,105.56,105.56,105.56,105.56,0
OFT001,20130703,105.02,105.02,105.02,105.02,0
OFT001,20130705,104.55,104.55,104.55,104.55,0
OFT001,20130708,103.33,103.33,103.33,103.33,0
OFT001,20130709,103.21,103.21,103.21,103.21,0
OFT001,20130710,104.80,104.80,104.80,104.80,0
OFT001,20130711,106.05,106.05,106.05,106.05,0
OFT001,20130712,106.84,106.84,106.84,106.84,0
OFT001,20130715,106.85,106.85,106.85,106.85,0
OFT001,20130716,106.74,106.74,106.74,106.74,0
OFT001,20130717,106.95,106.95,106.95,106.95,0
OFT001,20130718,106.65,106.65,106.65,106.65,0
OFT001,20130719,106.96,106.96,106.96,106.96,0
OFT001,20130722,106.99,106.99,106.99,106.99,0
OFT001,20130723,107.49,107.49,107.49,107.49,0
OFT001,20130724,107.62,107.62,107.62,107.62,0
OFT001,20130725,107.40,107.40,107.40,107.40,0
OFT001,20130726,106.40,106.40,106.40,106.40,0
OFT001,20130729,106.57,106.57,106.57,106.57,0
OFT001,20130730,106.90,106.90,106.90,106.90,0
OFT001,20130731,107.54,107.54,107.54,107.54,0
OFT001,20130801,108.20,108.20,108.20,108.20,0
OFT001,20130802,110.23,110.23,110.23,110.23,0
OFT001,20130805,110.20,110.20,110.20,110.20,0
OFT001,20130806,109.35,109.35,109.35,109.35,0
OFT001,20130807,109.96,109.96,109.96,109.96,0
OFT001,20130808,110.66,110.66,110.66,110.66,0
OFT001,20130809,110.66,110.66,110.66,110.66,0
OFT001,20130812,111.49,111.49,111.49,111.49,0
OFT001,20130813,111.69,111.69,111.69,111.69,0
OFT001,20130814,112.29,112.29,112.29,112.29,0
OFT001,20130816,111.51,111.51,111.51,111.51,0
OFT001,20130819,111.31,111.31,111.31,111.31,0
OFT001,20130820,110.19,110.19,110.19,110.19,0
OFT001,20130821,110.49,110.49,110.49,110.49,0
OFT001,20130822,111.98,111.98,111.98,111.98,0
OFT001,20130823,111.96,111.96,111.96,111.96,0
OFT001,20130826,111.60,111.60,111.60,111.60,0
OFT001,20130827,109.91,109.91,109.91,109.91,0
OFT001,20130828,109.52,109.52,109.52,109.52,0
OFT001,20130829,109.64,109.64,109.64,109.64,0
OFT001,20130830,109.96,109.96,109.96,109.96,0
OFT001,20130902,110.66,110.66,110.66,110.66,0
OFT001,20130903,110.11,110.11,110.11,110.11,0
OFT001,20130904,108.47,108.47,108.47,108.47,0
OFT001,20130905,104.93,104.93,104.93,104.93,0
OFT001,20130906,106.69,106.69,106.69,106.69,0
OFT001,20130909,108.51,108.51,108.51,108.51,0
OFT001,20130910,110.75,110.75,110.75,110.75,0
OFT001,20130911,111.73,111.73,111.73,111.73,0
OFT001,20130912,112.54,112.54,112.54,112.54,0
OFT001,20130913,111.92,111.92,111.92,111.92,0
OFT001,20130916,110.90,110.90,110.90,110.90,0
OFT001,20130917,111.92,111.92,111.92,111.92,0
OFT001,20130918,111.77,111.77,111.77,111.77,0
OFT001,20130919,113.02,113.02,113.02,113.02,0
OFT001,20130920,113.08,113.08,113.08,113.08,0
OFT001,20130923,112.44,112.44,112.44,112.44,0
OFT001,20130924,112.61,112.61,112.61,112.61,0
OFT001,20130925,113.02,113.02,113.02,113.02,0
OFT001,20130926,114.03,114.03,114.03,114.03,0
OFT001,20130927,113.88,113.88,113.88,113.88,0
OFT001,20130930,112.94,112.94,112.94,112.94,0
OFT001,20131001,113.46,113.46,113.46,113.46,0
OFT001,20131002,113.56,113.56,113.56,113.56,0
OFT001,20131003,113.83,113.83,113.83,113.83,0
OFT001,20131004,112.69,112.69,112.69,112.69,0
OFT001,20131007,112.47,112.47,112.47,112.47,0
OFT001,20131008,111.92,111.92,111.92,111.92,0
OFT001,20131009,112.31,112.31,112.31,112.31,0
OFT001,20131010,114.94,114.94,114.94,114.94,0
OFT001,20131011,115.42,115.42,115.42,115.42,0
OFT001,20131014,115.74,115.74,115.74,115.74,0
OFT001,20131015,116.03,116.03,116.03,116.03,0
OFT001,20131016,116.52,116.52,116.52,116.52,0
OFT001,20131017,115.79,115.79,115.79,115.79,0
OFT001,20131018,115.38,115.38,115.38,115.38,0
OFT001,20131021,117.63,117.63,117.63,117.63,0
OFT001,20131022,117.82,117.82,117.82,117.82,0
OFT001,20131023,116.34,116.34,116.34,116.34,0
OFT001,20131024,117.69,117.69,117.69,117.69,0
OFT001,20131025,117.51,117.51,117.51,117.51,0
OFT001,20131028,118.22,118.22,118.22,118.22,0
OFT001,20131029,118.97,118.97,118.97,118.97,0
OFT001,20131030,119.05,119.05,119.05,119.05,0
OFT001,20131031,118.34,118.34,118.34,118.34,0
OFT001,20131104,119.22,119.22,119.22,119.22,0
OFT001,20131105,118.37,118.37,118.37,118.37,0
OFT001,20131106,119.12,119.12,119.12,119.12,0
OFT001,20131107,118.66,118.66,118.66,118.66,0
OFT001,20131108,117.83,117.83,117.83,117.83,0
OFT001,20131112,117.82,117.82,117.82,117.82,0
OFT001,20131113,117.07,117.07,117.07,117.07,0
OFT001,20131114,117.59,117.59,117.59,117.59,0
OFT001,20131115,118.67,118.67,118.67,118.67,0
OFT001,20131118,120.98,120.98,120.98,120.98,0
OFT001,20131119,120.42,120.42,120.42,120.42,0
OFT001,20131120,120.72,120.72,120.72,120.72,0
OFT001,20131121,120.81,120.81,120.81,120.81,0
OFT001,20131122,121.11,121.11,121.11,121.11,0
OFT001,20131125,122.00,122.00,122.00,122.00,0
OFT001,20131126,120.38,120.38,120.38,120.38,0
OFT001,20131127,120.92,120.92,120.92,120.92,0
OFT001,20131128,120.58,120.58,120.58,120.58,0
OFT001,20131129,121.23,121.23,121.23,121.23,0
OFT001,20131202,119.68,119.68,119.68,119.68,0
OFT001,20131203,118.71,118.71,118.71,118.71,0
OFT001,20131204,118.00,118.00,118.00,118.00,0
OFT001,20131205,117.50,117.50,117.50,117.50,0
OFT001,20131206,117.63,117.63,117.63,117.63,0
OFT001,20131209,117.97,117.97,117.97,117.97,0
OFT001,20131210,117.78,117.78,117.78,117.78,0
OFT001,20131211,117.50,117.50,117.50,117.50,0
OFT001,20131212,116.25,116.25,116.25,116.25,0
OFT001,20131213,116.06,116.06,116.06,116.06,0
OFT001,20131216,115.99,115.99,115.99,115.99,0
OFT001,20131217,114.31,114.31,114.31,114.31,0
OFT001,20131218,114.54,114.54,114.54,114.54,0
OFT001,20131219,113.84,113.84,113.84,113.84,0
OFT001,20131220,114.55,114.55,114.55,114.55,0
OFT001,20131223,115.02,115.02,115.02,115.02,0
OFT001,20131227,114.81,114.81,114.81,114.81,0
OFT001,20131230,114.88,114.88,114.88,114.88,0
OFT001,20140102,115.75,115.75,115.75,115.75,0
OFT001,20140103,115.09,115.09,115.09,115.09,0
OFT001,20140107,113.24,113.24,113.24,113.24,0
OFT001,20140108,113.36,113.36,113.36,113.36,0
OFT001,20140109,112.23,112.23,112.23,112.23,0
OFT001,20140110,112.02,112.02,112.02,112.02,0
OFT001,20140113,113.37,113.37,113.37,113.37,0
OFT001,20140114,113.52,113.52,113.52,113.52,0
OFT001,20140115,114.11,114.11,114.11,114.11,0
OFT001,20140116,114.68,114.68,114.68,114.68,0
OFT001,20140117,114.02,114.02,114.02,114.02,0
OFT001,20140120,114.00,114.00,114.00,114.00,0
OFT001,20140121,115.15,115.15,115.15,115.15,0
OFT001,20140122,115.89,115.89,115.89,115.89,0
OFT001,20140123,115.23,115.23,115.23,115.23,0
OFT001,20140124,113.54,113.54,113.54,113.54,0
OFT001,20140127,112.48,112.48,112.48,112.48,0
OFT001,20140128,113.14,113.14,113.14,113.14,0
OFT001,20140129,112.61,112.61,112.61,112.61,0
OFT001,20140130,113.22,113.22,113.22,113.22,0
OFT001,20140131,113.67,113.67,113.67,113.67,0
OFT001,20140203,114.24,114.24,114.24,114.24,0
OFT001,20140204,113.99,113.99,113.99,113.99,0
OFT001,20140205,114.52,114.52,114.52,114.52,0
OFT001,20140206,116.67,116.67,116.67,116.67,0
OFT001,20140207,117.06,117.06,117.06,117.06,0
OFT001,20140210,116.79,116.79,116.79,116.79,0
OFT001,20140211,117.74,117.74,117.74,117.74,0
OFT001,20140212,119.30,119.30,119.30,119.30,0
OFT001,20140213,119.35,119.35,119.35,119.35,0
OFT001,20140214,119.47,119.47,119.47,119.47,0
OFT001,20140217,119.73,119.73,119.73,119.73,0
OFT001,20140218,118.92,118.92,118.92,118.92,0
OFT001,20140219,119.53,119.53,119.53,119.53,0
OFT001,20140220,118.62,118.62,118.62,118.62,0
OFT001,20140221,119.44,119.44,119.44,119.44,0
OFT001,20140224,120.38,120.38,120.38,120.38,0
OFT001,20140225,119.69,119.69,119.69,119.69,0
OFT001,20140226,118.39,118.39,118.39,118.39,0
OFT001,20140227,118.34,118.34,118.34,118.34,0
OFT001,20140228,119.79,119.79,119.79,119.79,0
OFT001,20140303,114.77,114.77,114.77,114.77,0
OFT001,20140304,116.83,116.83,116.83,116.83,0
OFT001,20140305,116.89,116.89,116.89,116.89,0
OFT001,20140306,117.17,117.17,117.17,117.17,0
OFT001,20140307,116.24,116.24,116.24,116.24,0
OFT001,20140310,114.82,114.82,114.82,114.82,0
OFT001,20140311,114.76,114.76,114.76,114.76,0
OFT001,20140312,113.40,113.40,113.40,113.40,0
OFT001,20140313,112.25,112.25,112.25,112.25,0
OFT001,20140314,111.73,111.73,111.73,111.73,0
OFT001,20140317,114.28,114.28,114.28,114.28,0
OFT001,20140318,114.07,114.07,114.07,114.07,0
OFT001,20140319,113.47,113.47,113.47,113.47,0
OFT001,20140320,113.79,113.79,113.79,113.79,0
OFT001,20140321,113.75,113.75,113.75,113.75,0
OFT001,20140324,113.66,113.66,113.66,113.66,0
OFT001,20140325,114.93,114.93,114.93,114.93,0
OFT001,20140326,116.00,116.00,116.00,116.00,0
OFT001,20140327,115.90,115.90,115.90,115.90,0
OFT001,20140328,116.24,116.24,116.24,116.24,0
OFT001,20140331,117.32,117.32,117.32,117.32,0
OFT001,20140401,117.56,117.56,117.56,117.56,0
OFT001,20140402,117.79,117.79,117.79,117.79,0
OFT001,20140403,117.12,117.12,117.12,117.12,0
OFT001,20140404,117.36,117.36,117.36,117.36,0
OFT001,20140407,116.76,116.76,116.76,116.76,0
OFT001,20140408,117.02,117.02,117.02,117.02,0
OFT001,20140409,116.91,116.91,116.91,116.91,0
OFT001,20140410,117.34,117.34,117.34,117.34,0
OFT001,20140411,116.92,116.92,116.92,116.92,0
OFT001,20140414,116.05,116.05,116.05,116.05,0
OFT001,20140415,114.97,114.97,114.97,114.97,0
OFT001,20140416,114.55,114.55,114.55,114.55,0
OFT001,20140417,115.65,115.65,115.65,115.65,0
OFT001,20140422,116.45,116.45,116.45,116.45,0
OFT001,20140423,116.28,116.28,116.28,116.28,0
OFT001,20140424,115.58,115.58,115.58,115.58,0
OFT001,20140425,115.16,115.16,115.16,115.16,0
OFT001,20140428,115.24,115.24,115.24,115.24,0
OFT001,20140429,115.69,115.69,115.69,115.69,0
OFT001,20140430,115.69,115.69,115.69,115.69,0
OFT001,20140502,115.46,115.46,115.46,115.46,0
OFT001,20140505,114.67,114.67,114.67,114.67,0
OFT001,20140506,114.14,114.14,114.14,114.14,0
OFT001,20140507,113.56,113.56,113.56,113.56,0
OFT001,20140508,114.21,114.21,114.21,114.21,0
OFT001,20140509,113.52,113.52,113.52,113.52,0
OFT001,20140512,114.12,114.12,114.12,114.12,0
OFT001,20140513,114.06,114.06,114.06,114.06,0
OFT001,20140514,114.20,114.20,114.20,114.20,0
OFT001,20140515,113.68,113.68,113.68,113.68,0
OFT001,20140516,113.62,113.62,113.62,113.62,0
OFT001,20140519,113.69,113.69,113.69,113.69,0
OFT001,20140520,114.04,114.04,114.04,114.04,0
OFT001,20140521,114.44,114.44,114.44,114.44,0
OFT001,20140522,115.84,115.84,115.84,115.84,0
OFT001,20140523,115.92,115.92,115.92,115.92,0
OFT001,20140526,116.38,116.38,116.38,116.38,0
OFT001,20140527,116.09,116.09,116.09,116.09,0
OFT001,20140528,115.58,115.58,115.58,115.58,0
OFT001,20140529,116.01,116.01,116.01,116.01,0
OFT001,20140530,115.46,115.46,115.46,115.46,0
OFT001,20140602,115.58,115.58,115.58,115.58,0
OFT001,20140603,115.63,115.63,115.63,115.63,0
OFT001,20140604,116.09,116.09,116.09,116.09,0
OFT001,20140605,116.65,116.65,116.65,116.65,0
OFT001,20140606,117.24,117.24,117.24,117.24,0
OFT001,20140609,116.73,116.73,116.73,116.73,0
OFT001,20140610,117.12,117.12,117.12,117.12,0
OFT001,20140611,116.61,116.61,116.61,116.61,0
OFT001,20140612,116.46,116.46,116.46,116.46,0
OFT001,20140613,115.94,115.94,115.94,115.94,0
OFT001,20140616,115.65,115.65,115.65,115.65,0
OFT001,20140617,116.17,116.17,116.17,116.17,0
OFT001,20140618,116.29,116.29,116.29,116.29,0
OFT001,20140620,115.93,115.93,115.93,115.93,0
OFT001,20140623,116.22,116.22,116.22,116.22,0
OFT001,20140624,115.72,115.72,115.72,115.72,0
OFT001,20140625,114.57,114.57,114.57,114.57,0
OFT001,20140626,113.94,113.94,113.94,113.94,0
OFT001,20140627,113.89,113.89,113.89,113.89,0
OFT001,20140630,114.27,114.27,114.27,114.27,0
OFT001,20140701,113.80,113.80,113.80,113.80,0
OFT001,20140702,112.94,112.94,112.94,112.94,0
OFT001,20140703,112.52,112.52,112.52,112.52,0
OFT001,20140704,112.66,112.66,112.66,112.66,0
OFT001,20140707,112.78,112.78,112.78,112.78,0
OFT001,20140708,112.25,112.25,112.25,112.25,0
OFT001,20140709,111.90,111.90,111.90,111.90,0
OFT001,20140710,111.49,111.49,111.49,111.49,0
OFT001,20140711,112.46,112.46,112.46,112.46,0
OFT001,20140714,112.80,112.80,112.80,112.80,0
OFT001,20140715,112.91,112.91,112.91,112.91,0
OFT001,20140716,113.06,113.06,113.06,113.06,0
OFT001,20140717,113.20,113.20,113.20,113.20,0
OFT001,20140718,112.82,112.82,112.82,112.82,0
OFT001,20140721,112.51,112.51,112.51,112.51,0
OFT001,20140722,113.14,113.14,113.14,113.14,0
OFT001,20140723,112.81,112.81,112.81,112.81,0
OFT001,20140724,112.68,112.68,112.68,112.68,0
OFT001,20140725,112.70,112.70,112.70,112.70,0
OFT001,20140728,112.54,112.54,112.54,112.54,0
OFT001,20140729,112.21,112.21,112.21,112.21,0
OFT001,20140730,110.87,110.87,110.87,110.87,0
OFT001,20140731,110.54,110.54,110.54,110.54,0
OFT001,20140801,111.04,111.04,111.04,111.04,0
OFT001,20140804,111.61,111.61,111.61,111.61,0
OFT001,20140805,111.44,111.44,111.44,111.44,0
OFT001,20140806,111.12,111.12,111.12,111.12,0
OFT001,20140807,110.22,110.22,110.22,110.22,0
OFT001,20140808,109.74,109.74,109.74,109.74,0
OFT001,20140811,110.93,110.93,110.93,110.93,0
OFT001,20140812,110.93,110.93,110.93,110.93,0
OFT001,20140813,111.42,111.42,111.42,111.42,0
OFT001,20140814,111.89,111.89,111.89,111.89,0
OFT001,20140818,112.79,112.79,112.79,112.79,0
OFT001,20140820,112.79,112.79,112.79,112.79,0
OFT001,20140821,112.87,112.87,112.87,112.87,0
OFT001,20140822,112.56,112.56,112.56,112.56,0
OFT001,20140825,112.77,112.77,112.77,112.77,0
OFT001,20140826,113.34,113.34,113.34,113.34,0
OFT001,20140827,113.36,113.36,113.36,113.36,0
OFT001,20140828,112.05,112.05,112.05,112.05,0
OFT001,20140829,111.93,111.93,111.93,111.93,0
OFT001,20140901,112.41,112.41,112.41,112.41,0
OFT001,20140902,112.63,112.63,112.63,112.63,0
OFT001,20140903,114.37,114.37,114.37,114.37,0
OFT001,20140904,115.08,115.08,115.08,115.08,0
OFT001,20140905,115.07,115.07,115.07,115.07,0
OFT001,20140908,115.47,115.47,115.47,115.47,0
OFT001,20140909,115.73,115.73,115.73,115.73,0
OFT001,20140910,115.90,115.90,115.90,115.90,0
OFT001,20140918,117.04,117.04,117.04,117.04,0
OFT001,20140919,118.38,118.38,118.38,118.38,0
OFT001,20140922,117.80,117.80,117.80,117.80,0
OFT001,20140923,116.60,116.60,116.60,116.60,0
OFT001,20140924,116.21,116.21,116.21,116.21,0
OFT001,20140925,116.30,116.30,116.30,116.30,0
OFT001,20140929,116.87,116.87,116.87,116.87,0
OFT001,20140930,117.26,117.26,117.26,117.26,0
OFT001,20141001,115.95,115.95,115.95,115.95,0
OFT001,20141002,115.05,115.05,115.05,115.05,0
OFT001,20141006,115.71,115.71,115.71,115.71,0
OFT001,20141007,115.27,115.27,115.27,115.27,0
OFT001,20141008,114.37,114.37,114.37,114.37,0
OFT001,20141009,114.58,114.58,114.58,114.58,0
OFT001,20141010,113.36,113.36,113.36,113.36,0
OFT001,20141013,113.14,113.14,113.14,113.14,0
OFT001,20141014,113.23,113.23,113.23,113.23,0
OFT001,20141015,112.51,112.51,112.51,112.51,0
OFT001,20141016,112.19,112.19,112.19,112.19,0
OFT001,20141017,112.73,112.73,112.73,112.73,0
OFT001,20141020,112.33,112.33,112.33,112.33,0
OFT001,20141021,113.41,113.41,113.41,113.41,0
OFT001,20141022,113.64,113.64,113.64,113.64,0
OFT001,20141023,113.64,113.64,113.64,113.64,0
OFT001,20141024,113.31,113.31,113.31,113.31,0
OFT001,20141027,113.69,113.69,113.69,113.69,0
OFT001,20141028,113.96,113.96,113.96,113.96,0
OFT001,20141029,113.63,113.63,113.63,113.63,0
OFT001,20141030,113.84,113.84,113.84,113.84,0
OFT001,20141031,114.43,114.43,114.43,114.43,0
OFT001,20141103,114.33,114.33,114.33,114.33,0
OFT001,20141104,114.35,114.35,114.35,114.35,0
OFT001,20141105,114.08,114.08,114.08,114.08,0
OFT001,20141106,113.94,113.94,113.94,113.94,0
OFT001,20141107,113.87,113.87,113.87,113.87,0
OFT001,20141110,113.75,113.75,113.75,113.75,0
OFT001,20141112,113.49,113.49,113.49,113.49,0
OFT001,20141113,113.36,113.36,113.36,113.36,0
OFT001,20141114,114.09,114.09,114.09,114.09,0
OFT001,20141117,113.81,113.81,113.81,113.81,0
OFT001,20141118,114.25,114.25,114.25,114.25,0
OFT001,20141119,114.08,114.08,114.08,114.08,0
OFT001,20141120,113.31,113.31,113.31,113.31,0
OFT001,20141121,113.89,113.89,113.89,113.89,0
OFT001,20141124,113.69,113.69,113.69,113.69,0
OFT001,20141125,113.56,113.56,113.56,113.56,0
OFT001,20141126,113.90,113.90,113.90,113.90,0
OFT001,20141127,114.17,114.17,114.17,114.17,0
OFT001,20141128,114.02,114.02,114.02,114.02,0
OFT001,20141201,113.48,113.48,113.48,113.48,0
OFT001,20141202,114.67,114.67,114.67,114.67,0
OFT001,20141203,114.76,114.76,114.76,114.76,0
OFT001,20141204,113.90,113.90,113.90,113.90,0
OFT001,20141205,114.34,114.34,114.34,114.34,0
OFT001,20141208,114.25,114.25,114.25,114.25,0
OFT001,20141209,113.54,113.54,113.54,113.54,0
OFT001,20141210,111.95,111.95,111.95,111.95,0
OFT001,20141211,111.59,111.59,111.59,111.59,0
OFT001,20141212,111.35,111.35,111.35,111.35,0
OFT001,20141215,110.28,110.28,110.28,110.28,0
OFT001,20141216,109.02,109.02,109.02,109.02,0
OFT001,20141217,109.26,109.26,109.26,109.26,0
OFT001,20141218,110.45,110.45,110.45,110.45,0
OFT001,20141219,109.72,109.72,109.72,109.72,0
OFT001,20141222,110.07,110.07,110.07,110.07,0
OFT001,20141223,109.97,109.97,109.97,109.97,0
OFT001,20141229,109.32,109.32,109.32,109.32,0
OFT001,20141230,110.25,110.25,110.25,110.25,0
OFT001,20150102,110.22,110.22,110.22,110.22,0
OFT001,20150105,108.98,108.98,108.98,108.98,0
OFT001,20150107,110.28,110.28,110.28,110.28,0
OFT001,20150108,111.88,111.88,111.88,111.88,0
OFT001,20150109,111.47,111.47,111.47,111.47,0
OFT001,20150112,111.00,111.00,111.00,111.00,0
OFT001,20150113,112.16,112.16,112.16,112.16,0
OFT001,20150114,111.29,111.29,111.29,111.29,0
OFT001,20150115,109.27,109.27,109.27,109.27,0
OFT001,20150116,108.80,108.80,108.80,108.80,0
OFT001,20150119,108.59,108.59,108.59,108.59,0
OFT001,20150120,108.46,108.46,108.46,108.46,0
OFT001,20150121,109.76,109.76,109.76,109.76,0
OFT001,20150122,110.51,110.51,110.51,110.51,0
OFT001,20150123,110.92,110.92,110.92,110.92,0
OFT001,20150126,110.77,110.77,110.77,110.77,0
OFT001,20150127,110.92,110.92,110.92,110.92,0
OFT001,20150128,111.24,111.24,111.24,111.24,0
OFT001,20150129,112.05,112.05,112.05,112.05,0
OFT001,20150130,112.01,112.01,112.01,112.01,0
OFT001,20150202,111.72,111.72,111.72,111.72,0
OFT001,20150203,111.76,111.76,111.76,111.76,0
OFT001,20150204,111.81,111.81,111.81,111.81,0
OFT001,20150205,111.91,111.91,111.91,111.91,0
OFT001,20150206,112.30,112.30,112.30,112.30,0
OFT001,20150209,111.79,111.79,111.79,111.79,0
OFT001,20150210,111.89,111.89,111.89,111.89,0
OFT001,20150211,111.60,111.60,111.60,111.60,0
OFT001,20150212,112.05,112.05,112.05,112.05,0
OFT001,20150213,112.54,112.54,112.54,112.54,0
OFT001,20150216,112.97,112.97,112.97,112.97,0
OFT001,20150217,113.01,113.01,113.01,113.01,0
OFT001,20150218,112.69,112.69,112.69,112.69,0
OFT001,20150219,112.73,112.73,112.73,112.73,0
OFT001,20150220,112.88,112.88,112.88,112.88,0
OFT001,20150223,113.39,113.39,113.39,113.39,0
OFT001,20150224,113.44,113.44,113.44,113.44,0
OFT001,20150225,112.97,112.97,112.97,112.97,0
OFT001,20150226,113.45,113.45,113.45,113.45,0
OFT001,20150227,113.80,113.80,113.80,113.80,0
OFT001,20150302,114.06,114.06,114.06,114.06,0
OFT001,20150303,112.91,112.91,112.91,112.91,0
OFT001,20150304,113.64,113.64,113.64,113.64,0
OFT001,20150305,114.21,114.21,114.21,114.21,0
OFT001,20150306,113.82,113.82,113.82,113.82,0
OFT001,20150309,113.85,113.85,113.85,113.85,0
OFT001,20150310,113.05,113.05,113.05,113.05,0
OFT001,20150311,113.54,113.54,113.54,113.54,0
OFT001,20150312,113.63,113.63,113.63,113.63,0
OFT001,20150313,112.85,112.85,112.85,112.85,0
OFT001,20150316,112.90,112.90,112.90,112.90,0
OFT001,20150317,113.51,113.51,113.51,113.51,0
OFT001,20150318,113.80,113.80,113.80,113.80,0
OFT001,20150319,114.85,114.85,114.85,114.85,0
OFT001,20150320,115.51,115.51,115.51,115.51,0
OFT001,20150323,115.83,115.83,115.83,115.83,0
OFT001,20150324,115.58,115.58,115.58,115.58,0
OFT001,20150325,115.04,115.04,115.04,115.04,0
OFT001,20150326,113.98,113.98,113.98,113.98,0
OFT001,20150327,114.12,114.12,114.12,114.12,0
OFT001,20150330,114.73,114.73,114.73,114.73,0
OFT001,20150331,115.04,115.04,115.04,115.04,0
OFT001,20150401,114.99,114.99,114.99,114.99,0
OFT001,20150402,115.19,115.19,115.19,115.19,0
OFT001,20150407,115.74,115.74,115.74,115.74,0
OFT001,20150408,115.80,115.80,115.80,115.80,0
OFT001,20150409,116.50,116.50,116.50,116.50,0
OFT001,20150410,116.48,116.48,116.48,116.48,0
OFT001,20150413,116.34,116.34,116.34,116.34,0
OFT001,20150414,116.17,116.17,116.17,116.17,0
OFT001,20150415,117.51,117.51,117.51,117.51,0
OFT001,20150416,118.38,118.38,118.38,118.38,0
OFT001,20150417,116.98,116.98,116.98,116.98,0
OFT001,20150420,118.18,118.18,118.18,118.18,0
OFT001,20150421,117.93,117.93,117.93,117.93,0
OFT001,20150422,117.54,117.54,117.54,117.54,0
OFT001,20150423,117.62,117.62,117.62,117.62,0
OFT001,20150424,117.16,117.16,117.16,117.16,0
OFT001,20150427,118.26,118.26,118.26,118.26,0
OFT001,20150428,118.25,118.25,118.25,118.25,0
OFT001,20150429,117.79,117.79,117.79,117.79,0
OFT001,20150430,117.33,117.33,117.33,117.33,0
OFT001,20150504,118.01,118.01,118.01,118.01,0
OFT001,20150505,117.49,117.49,117.49,117.49,0
OFT001,20150506,118.16,118.16,118.16,118.16,0
OFT001,20150507,117.94,117.94,117.94,117.94,0
OFT001,20150508,118.98,118.98,118.98,118.98,0
OFT001,20150511,118.79,118.79,118.79,118.79,0
OFT001,20150512,118.69,118.69,118.69,118.69,0
OFT001,20150513,118.67,118.67,118.67,118.67,0
OFT001,20150514,118.26,118.26,118.26,118.26,0
OFT001,20150515,118.16,118.16,118.16,118.16,0
OFT001,20150518,118.20,118.20,118.20,118.20,0
OFT001,20150519,117.63,117.63,117.63,117.63,0
OFT001,20150520,117.65,117.65,117.65,117.65,0
OFT001,20150521,117.77,117.77,117.77,117.77,0
OFT001,20150522,117.47,117.47,117.47,117.47,0
OFT001,20150525,116.22,116.22,116.22,116.22,0
OFT001,20150526,115.21,115.21,115.21,115.21,0
OFT001,20150527,115.85,115.85,115.85,115.85,0
OFT001,20150528,115.38,115.38,115.38,115.38,0
OFT001,20150529,115.52,115.52,115.52,115.52,0
OFT001,20150601,115.56,115.56,115.56,115.56,0
OFT001,20150602,114.95,114.95,114.95,114.95,0
OFT001,20150603,114.31,114.31,114.31,114.31,0
OFT001,20150605,113.08,113.08,113.08,113.08,0
OFT001,20150608,112.86,112.86,112.86,112.86,0
OFT001,20150609,112.04,112.04,112.04,112.04,0
OFT001,20150610,113.71,113.71,113.71,113.71,0
OFT001,20150611,113.47,113.47,113.47,113.47,0
OFT001,20150612,112.95,112.95,112.95,112.95,0
OFT001,20150615,113.01,113.01,113.01,113.01,0
OFT001,20150616,112.70,112.70,112.70,112.70,0
OFT001,20150617,111.39,111.39,111.39,111.39,0
OFT001,20150618,111.61,111.61,111.61,111.61,0
OFT001,20150619,111.09,111.09,111.09,111.09,0
OFT001,20150622,112.38,112.38,112.38,112.38,0
OFT001,20150623,112.37,112.37,112.37,112.37,0
OFT001,20150624,112.59,112.59,112.59,112.59,0
OFT001,20150625,112.48,112.48,112.48,112.48,0
OFT001,20150626,112.20,112.20,112.20,112.20,0
OFT001,20150629,110.79,110.79,110.79,110.79,0
OFT001,20150630,111.37,111.37,111.37,111.37,0
OFT001,20150701,110.72,110.72,110.72,110.72,0
OFT001,20150702,110.84,110.84,110.84,110.84,0
OFT001,20150703,110.36,110.36,110.36,110.36,0
OFT001,20150706,110.05,110.05,110.05,110.05,0
OFT001,20150707,108.62,108.62,108.62,108.62,0
OFT001,20150708,108.05,108.05,108.05,108.05,0
OFT001,20150709,108.48,108.48,108.48,108.48,0
OFT001,20150710,109.76,109.76,109.76,109.76,0
OFT001,20150713,109.97,109.97,109.97,109.97,0
OFT001,20150714,109.65,109.65,109.65,109.65,0
OFT001,20150715,109.79,109.79,109.79,109.79,0
OFT001,20150716,111.10,111.10,111.10,111.10,0
OFT001,20150717,110.65,110.65,110.65,110.65,0
OFT001,20150720,109.73,109.73,109.73,109.73,0
OFT001,20150721,109.86,109.86,109.86,109.86,0
OFT001,20150722,108.40,108.40,108.40,108.40,0
OFT001,20150723,108.53,108.53,108.53,108.53,0
OFT001,20150724,108.37,108.37,108.37,108.37,0
OFT001,20150727,108.34,108.34,108.34,108.34,0
OFT001,20150728,108.27,108.27,108.27,108.27,0
OFT001,20150729,108.70,108.70,108.70,108.70,0
OFT001,20150730,108.26,108.26,108.26,108.26,0
OFT001,20150731,109.55,109.55,109.55,109.55,0
OFT001,20150803,109.37,109.37,109.37,109.37,0
OFT001,20150804,109.80,109.80,109.80,109.80,0
OFT001,20150805,110.81,110.81,110.81,110.81,0
OFT001,20150806,109.37,109.37,109.37,109.37,0
OFT001,20150807,109.35,109.35,109.35,109.35,0
OFT001,20150810,110.05,110.05,110.05,110.05,0
OFT001,20150811,110.09,110.09,110.09,110.09,0
OFT001,20150812,109.92,109.92,109.92,109.92,0
OFT001,20150813,110.32,110.32,110.32,110.32,0
OFT001,20150814,109.70,109.70,109.70,109.70,0
OFT001,20150817,108.62,108.62,108.62,108.62,0
OFT001,20150818,108.23,108.23,108.23,108.23,0
OFT001,20150819,108.90,108.90,108.90,108.90,0
OFT001,20150820,108.73,108.73,108.73,108.73,0
OFT001,20150821,107.41,107.41,107.41,107.41,0
OFT001,20150824,102.71,102.71,102.71,102.71,0
OFT001,20150825,103.55,103.55,103.55,103.55,0
OFT001,20150826,103.41,103.41,103.41,103.41,0
OFT001,20150827,104.99,104.99,104.99,104.99,0
OFT001,20150828,106.02,106.02,106.02,106.02,0
OFT001,20150831,106.22,106.22,106.22,106.22,0
OFT001,20150901,104.50,104.50,104.50,104.50,0
OFT001,20150902,104.36,104.36,104.36,104.36,0
OFT001,20150903,105.51,105.51,105.51,105.51,0
OFT001,20150904,104.92,104.92,104.92,104.92,0
OFT001,20150907,104.67,104.67,104.67,104.67,0
OFT001,20150908,105.13,105.13,105.13,105.13,0
OFT001,20150909,105.45,105.45,105.45,105.45,0
OFT001,20150910,106.72,106.72,106.72,106.72,0
OFT001,20150911,106.44,106.44,106.44,106.44,0
OFT001,20150914,106.51,106.51,106.51,106.51,0
OFT001,20150915,106.59,106.59,106.59,106.59,0
OFT001,20150916,106.98,106.98,106.98,106.98,0
OFT001,20150917,107.63,107.63,107.63,107.63,0
OFT001,20150918,106.80,106.80,106.80,106.80,0
OFT001,20150921,106.64,106.64,106.64,106.64,0
OFT001,20150922,104.77,104.77,104.77,104.77,0
OFT001,20150923,103.61,103.61,103.61,103.61,0
OFT001,20150924,103.90,103.90,103.90,103.90,0
OFT001,20150925,104.40,104.40,104.40,104.40,0
OFT001,20150928,102.89,102.89,102.89,102.89,0
OFT001,20150929,102.82,102.82,102.82,102.82,0
OFT001,20150930,103.45,103.45,103.45,103.45,0
OFT001,20151001,103.65,103.65,103.65,103.65,0
OFT001,20151002,103.59,103.59,103.59,103.59,0
OFT001,20151005,105.01,105.01,105.01,105.01,0
OFT001,20151006,105.95,105.95,105.95,105.95,0
OFT001,20151007,106.18,106.18,106.18,106.18,0
OFT001,20151008,106.87,106.87,106.87,106.87,0
OFT001,20151009,108.00,108.00,108.00,108.00,0
OFT001,20151012,107.44,107.44,107.44,107.44,0
OFT001,20151013,106.99,106.99,106.99,106.99,0
OFT001,20151014,107.57,107.57,107.57,107.57,0
OFT001,20151015,108.18,108.18,108.18,108.18,0
OFT001,20151016,107.34,107.34,107.34,107.34,0
OFT001,20151019,106.40,106.40,106.40,106.40,0
OFT001,20151020,107.10,107.10,107.10,107.10,0
OFT001,20151021,106.79,106.79,106.79,106.79,0
OFT001,20151022,106.58,106.58,106.58,106.58,0
OFT001,20151023,106.78,106.78,106.78,106.78,0
OFT001,20151026,107.29,107.29,107.29,107.29,0
OFT001,20151027,107.34,107.34,107.34,107.34,0
OFT001,20151028,107.16,107.16,107.16,107.16,0
OFT001,20151029,105.54,105.54,105.54,105.54,0
OFT001,20151030,105.79,105.79,105.79,105.79,0
OFT001,20151102,106.44,106.44,106.44,106.44,0
OFT001,20151103,105.80,105.80,105.80,105.80,0
OFT001,20151104,105.71,105.71,105.71,105.71,0
OFT001,20151105,104.87,104.87,104.87,104.87,0
OFT001,20151106,103.88,103.88,103.88,103.88,0
OFT001,20151109,103.66,103.66,103.66,103.66,0
OFT001,20151110,103.76,103.76,103.76,103.76,0
OFT001,20151112,103.61,103.61,103.61,103.61,0
OFT001,20151113,102.68,102.68,102.68,102.68,0
OFT001,20151116,102.39,102.39,102.39,102.39,0
OFT001,20151117,103.11,103.11,103.11,103.11,0
OFT001,20151118,103.57,103.57,103.57,103.57,0
OFT001,20151119,103.66,103.66,103.66,103.66,0
OFT001,20151120,103.86,103.86,103.86,103.86,0
OFT001,20151123,102.91,102.91,102.91,102.91,0
OFT001,20151124,102.18,102.18,102.18,102.18,0
OFT001,20151125,102.48,102.48,102.48,102.48,0
OFT001,20151126,103.09,103.09,103.09,103.09,0
OFT001,20151127,102.45,102.45,102.45,102.45,0
OFT001,20151130,102.24,102.24,102.24,102.24,0
OFT001,20151201,102.21,102.21,102.21,102.21,0
OFT001,20151202,100.92,100.92,100.92,100.92,0
OFT001,20151203,100.29,100.29,100.29,100.29,0
OFT001,20151204,99.67,99.67,99.67,99.67,0
OFT001,20151207,99.53,99.53,99.53,99.53,0
OFT001,20151208,98.41,98.41,98.41,98.41,0
OFT001,20151209,97.10,97.10,97.10,97.10,0
OFT001,20151210,97.66,97.66,97.66,97.66,0
OFT001,20151211,95.97,95.97,95.97,95.97,0
OFT001,20151214,94.92,94.92,94.92,94.92,0
OFT001,20151215,95.65,95.65,95.65,95.65,0
OFT001,20151216,96.58,96.58,96.58,96.58,0
OFT001,20151217,98.35,98.35,98.35,98.35,0
OFT001,20151218,98.66,98.66,98.66,98.66,0
OFT001,20151221,99.14,99.14,99.14,99.14,0
OFT001,20151222,99.31,99.31,99.31,99.31,0
OFT001,20151223,99.60,99.60,99.60,99.60,0
OFT001,20151228,99.63,99.63,99.63,99.63,0
OFT001,20151229,100.14,100.14,100.14,100.14,0
OFT001,20151230,99.26,99.26,99.26,99.26,0
OFT001,20160104,96.94,96.94,96.94,96.94,0
OFT001,20160105,96.74,96.74,96.74,96.74,0
OFT001,20160107,94.95,94.95,94.95,94.95,0
OFT001,20160108,94.13,94.13,94.13,94.13,0
OFT001,20160111,93.19,93.19,93.19,93.19,0
OFT001,20160112,94.97,94.97,94.97,94.97,0
OFT001,20160113,95.62,95.62,95.62,95.62,0
OFT001,20160114,95.49,95.49,95.49,95.49,0
OFT001,20160115,93.99,93.99,93.99,93.99,0
OFT001,20160118,91.64,91.64,91.64,91.64,0
OFT001,20160119,92.16,92.16,92.16,92.16,0
OFT001,20160120,91.25,91.25,91.25,91.25,0
OFT001,20160121,91.23,91.23,91.23,91.23,0
OFT001,20160122,92.97,92.97,92.97,92.97,0
OFT001,20160125,93.22,93.22,93.22,93.22,0
OFT001,20160126,92.57,92.57,92.57,92.57,0
OFT001,20160127,92.91,92.91,92.91,92.91,0
OFT001,20160128,93.67,93.67,93.67,93.67,0
OFT001,20160129,94.55,94.55,94.55,94.55,0
OFT001,20160201,94.58,94.58,94.58,94.58,0
OFT001,20160202,93.19,93.19,93.19,93.19,0
OFT001,20160203,93.45,93.45,93.45,93.45,0
OFT001,20160204,94.97,94.97,94.97,94.97,0
OFT001,20160205,95.03,95.03,95.03,95.03,0
OFT001,20160208,94.08,94.08,94.08,94.08,0
OFT001,20160209,93.80,93.80,93.80,93.80,0
OFT001,20160210,93.27,93.27,93.27,93.27,0
OFT001,20160211,93.16,93.16,93.16,93.16,0
OFT001,20160212,93.24,93.24,93.24,93.24,0
OFT001,20160215,94.25,94.25,94.25,94.25,0
OFT001,20160216,93.87,93.87,93.87,93.87,0
OFT001,20160217,95.97,95.97,95.97,95.97,0
OFT001,20160218,96.21,96.21,96.21,96.21,0
OFT001,20160219,95.62,95.62,95.62,95.62,0
OFT001,20160222,96.26,96.26,96.26,96.26,0
OFT001,20160223,95.84,95.84,95.84,95.84,0
OFT001,20160224,94.69,94.69,94.69,94.69,0
OFT001,20160225,95.45,95.45,95.45,95.45,0
OFT001,20160226,95.76,95.76,95.76,95.76,0
OFT001,20160229,95.00,95.00,95.00,95.00,0
OFT001,20160301,94.79,94.79,94.79,94.79,0
OFT001,20160302,94.87,94.87,94.87,94.87,0
OFT001,20160303,96.67,96.67,96.67,96.67,0
OFT001,20160304,96.43,96.43,96.43,96.43,0
OFT001,20160307,97.31,97.31,97.31,97.31,0
OFT001,20160308,96.40,96.40,96.40,96.40,0
OFT001,20160309,96.39,96.39,96.39,96.39,0
OFT001,20160310,96.66,96.66,96.66,96.66,0
OFT001,20160311,97.53,97.53,97.53,97.53,0
OFT001,20160314,97.47,97.47,97.47,97.47,0
OFT001,20160315,97.20,97.20,97.20,97.20,0
OFT001,20160316,97.27,97.27,97.27,97.27,0
OFT001,20160317,98.39,98.39,98.39,98.39,0
OFT001,20160318,99.16,99.16,99.16,99.16,0
OFT001,20160321,98.76,98.76,98.76,98.76,0
OFT001,20160322,99.08,99.08,99.08,99.08,0
OFT001,20160323,98.43,98.43,98.43,98.43,0
OFT001,20160324,98.39,98.39,98.39,98.39,0
OFT001,20160329,98.76,98.76,98.76,98.76,0
OFT001,20160330,99.68,99.68,99.68,99.68,0
OFT001,20160331,99.63,99.63,99.63,99.63,0
OFT001,20160401,98.60,98.60,98.60,98.60,0
OFT001,20160404,98.93,98.93,98.93,98.93,0
OFT001,20160405,97.81,97.81,97.81,97.81,0
OFT001,20160406,97.09,97.09,97.09,97.09,0
OFT001,20160407,97.25,97.25,97.25,97.25,0
OFT001,20160408,97.66,97.66,97.66,97.66,0
OFT001,20160411,97.57,97.57,97.57,97.57,0
OFT001,20160412,97.20,97.20,97.20,97.20,0
OFT001,20160413,98.02,98.02,98.02,98.02,0
OFT001,20160414,98.20,98.20,98.20,98.20,0
OFT001,20160415,97.73,97.73,97.73,97.73,0
OFT001,20160418,97.74,97.74,97.74,97.74,0
OFT001,20160419,98.32,98.32,98.32,98.32,0
OFT001,20160420,98.52,98.52,98.52,98.52,0
OFT001,20160421,98.32,98.32,98.32,98.32,0
OFT001,20160422,98.22,98.22,98.22,98.22,0
OFT001,20160425,97.85,97.85,97.85,97.85,0
OFT001,20160426,97.64,97.64,97.64,97.64,0
OFT001,20160427,96.88,96.88,96.88,96.88,0
OFT001,20160428,97.12,97.12,97.12,97.12,0
OFT001,20160429,97.13,97.13,97.13,97.13,0
OFT001,20160502,97.05,97.05,97.05,97.05,0
OFT001,20160504,96.02,96.02,96.02,96.02,0
OFT001,20160505,95.07,95.07,95.07,95.07,0
OFT001,20160506,95.41,95.41,95.41,95.41,0
OFT001,20160509,95.24,95.24,95.24,95.24,0
OFT001,20160510,94.51,94.51,94.51,94.51,0
OFT001,20160511,94.52,94.52,94.52,94.52,0
OFT001,20160512,94.60,94.60,94.60,94.60,0
OFT001,20160513,94.55,94.55,94.55,94.55,0
OFT001,20160516,95.91,95.91,95.91,95.91,0
OFT001,20160517,95.77,95.77,95.77,95.77,0
OFT001,20160518,95.73,95.73,95.73,95.73,0
OFT001,20160519,94.31,94.31,94.31,94.31,0
OFT001,20160520,94.33,94.33,94.33,94.33,0
OFT001,20160523,94.63,94.63,94.63,94.63,0
OFT001,20160524,94.94,94.94,94.94,94.94,0
OFT001,20160525,95.48,95.48,95.48,95.48,0
OFT001,20160527,95.33,95.33,95.33,95.33,0
OFT001,20160530,95.15,95.15,95.15,95.15,0
OFT001,20160531,94.16,94.16,94.16,94.16,0
OFT001,20160601,92.67,92.67,92.67,92.67,0
OFT001,20160602,92.82,92.82,92.82,92.82,0
OFT001,20160603,93.98,93.98,93.98,93.98,0
OFT001,20160606,94.03,94.03,94.03,94.03,0
OFT001,20160607,95.12,95.12,95.12,95.12,0
OFT001,20160608,95.44,95.44,95.44,95.44,0
OFT001,20160609,94.44,94.44,94.44,94.44,0
OFT001,20160610,93.68,93.68,93.68,93.68,0
OFT001,20160613,93.42,93.42,93.42,93.42,0
OFT001,20160614,93.06,93.06,93.06,93.06,0
OFT001,20160615,93.29,93.29,93.29,93.29,0
OFT001,20160616,92.02,92.02,92.02,92.02,0
OFT001,20160617,93.09,93.09,93.09,93.09,0
OFT001,20160620,94.50,94.50,94.50,94.50,0
OFT001,20160621,95.10,95.10,95.10,95.10,0
OFT001,20160622,95.84,95.84,95.84,95.84,0
OFT001,20160623,96.67,96.67,96.67,96.67,0
OFT001,20160624,94.27,94.27,94.27,94.27,0
OFT001,20160627,93.17,93.17,93.17,93.17,0
OFT001,20160628,93.91,93.91,93.91,93.91,0
OFT001,20160629,94.44,94.44,94.44,94.44,0
OFT001,20160630,94.58,94.58,94.58,94.58,0
OFT001,20160701,94.73,94.73,94.73,94.73,0
OFT001,20160704,93.87,93.87,93.87,93.87,0
OFT001,20160705,93.54,93.54,93.54,93.54,0
OFT001,20160706,92.73,92.73,92.73,92.73,0
OFT001,20160707,93.41,93.41,93.41,93.41,0
OFT001,20160708,93.57,93.57,93.57,93.57,0
OFT001,20160711,95.34,95.34,95.34,95.34,0
OFT001,20160712,95.95,95.95,95.95,95.95,0
OFT001,20160713,95.93,95.93,95.93,95.93,0
OFT001,20160714,96.63,96.63,96.63,96.63,0
OFT001,20160715,97.13,97.13,97.13,97.13,0
OFT001,20160718,98.43,98.43,98.43,98.43,0
OFT001,20160719,98.64,98.64,98.64,98.64,0
OFT001,20160720,99.24,99.24,99.24,99.24,0
OFT001,20160721,99.23,99.23,99.23,99.23,0
OFT001,20160722,98.83,98.83,98.83,98.83,0
OFT001,20160725,99.75,99.75,99.75,99.75,0
OFT001,20160726,99.56,99.56,99.56,99.56,0
OFT001,20160727,99.43,99.43,99.43,99.43,0
OFT001,20160728,99.07,99.07,99.07,99.07,0
OFT001,20160729,98.47,98.47,98.47,98.47,0
OFT001,20160801,98.49,98.49,98.49,98.49,0
OFT001,20160802,99.48,99.48,99.48,99.48,0
OFT001,20160803,98.79,98.79,98.79,98.79,0
OFT001,20160804,99.96,99.96,99.96,99.96,0
OFT001,20160805,100.71,100.71,100.71,100.71,0
OFT001,20160808,101.01,101.01,101.01,101.01,0
OFT001,20160809,101.40,101.40,101.40,101.40,0
OFT001,20160810,101.49,101.49,101.49,101.49,0
OFT001,20160811,101.85,101.85,101.85,101.85,0
OFT001,20160812,101.70,101.70,101.70,101.70,0
OFT001,20160816,101.42,101.42,101.42,101.42,0
OFT001,20160817,100.78,100.78,100.78,100.78,0
OFT001,20160818,100.78,100.78,100.78,100.78,0
OFT001,20160819,100.16,100.16,100.16,100.16,0
OFT001,20160822,100.29,100.29,100.29,100.29,0
OFT001,20160823,100.20,100.20,100.20,100.20,0
OFT001,20160824,100.08,100.08,100.08,100.08,0
OFT001,20160825,99.83,99.83,99.83,99.83,0
OFT001,20160826,99.90,99.90,99.90,99.90,0
OFT001,20160829,99.65,99.65,99.65,99.65,0
OFT001,20160830,100.48,100.48,100.48,100.48,0
OFT001,20160831,100.36,100.36,100.36,100.36,0
OFT001,20160901,98.94,98.94,98.94,98.94,0
OFT001,20160902,99.43,99.43,99.43,99.43,0
OFT001,20160905,100.31,100.31,100.31,100.31,0
OFT001,20160906,100.88,100.88,100.88,100.88,0
OFT001,20160907,102.13,102.13,102.13,102.13,0
OFT001,20160908,101.35,101.35,101.35,101.35,0
OFT001,20160909,99.74,99.74,99.74,99.74,0
OFT001,20160912,98.92,98.92,98.92,98.92,0
OFT001,20160913,99.07,99.07,99.07,99.07,0
OFT001,20160914,99.47,99.47,99.47,99.47,0
OFT001,20160915,99.91,99.91,99.91,99.91,0
OFT001,20160916,99.75,99.75,99.75,99.75,0
OFT001,20160919,100.22,100.22,100.22,100.22,0
OFT001,20160920,100.35,100.35,100.35,100.35,0
OFT001,20160921,100.51,100.51,100.51,100.51,0
OFT001,20160922,101.43,101.43,101.43,101.43,0
OFT001,20160923,100.85,100.85,100.85,100.85,0
OFT001,20160926,100.06,100.06,100.06,100.06,0
OFT001,20160927,99.73,99.73,99.73,99.73,0
OFT001,20160928,99.71,99.71,99.71,99.71,0
OFT001,20160929,99.83,99.83,99.83,99.83,0
OFT001,20160930,99.36,99.36,99.36,99.36,0
OFT001,20161003,99.53,99.53,99.53,99.53,0
OFT001,20161004,100.28,100.28,100.28,100.28,0
OFT001,20161005,100.49,100.49,100.49,100.49,0
OFT001,20161006,100.52,100.52,100.52,100.52,0
OFT001,20161007,99.95,99.95,99.95,99.95,0
OFT001,20161010,100.30,100.30,100.30,100.30,0
OFT001,20161011,100.02,100.02,100.02,100.02,0
OFT001,20161012,99.96,99.96,99.96,99.96,0
OFT001,20161013,99.09,99.09,99.09,99.09,0
OFT001,20161014,99.00,99.00,99.00,99.00,0
OFT001,20161017,99.21,99.21,99.21,99.21,0
OFT001,20161018,99.24,99.24,99.24,99.24,0
OFT001,20161019,99.61,99.61,99.61,99.61,0
OFT001,20161020,99.66,99.66,99.66,99.66,0
OFT001,20161021,99.67,99.67,99.67,99.67,0
OFT001,20161024,100.27,100.27,100.27,100.27,0
OFT001,20161025,100.22,100.22,100.22,100.22,0
OFT001,20161026,100.18,100.18,100.18,100.18,0
OFT001,20161027,100.72,100.72,100.72,100.72,0
OFT001,20161028,101.26,101.26,101.26,101.26,0
OFT001,20161031,101.38,101.38,101.38,101.38,0
OFT001,20161102,98.90,98.90,98.90,98.90,0
OFT001,20161103,98.98,98.98,98.98,98.98,0
OFT001,20161104,98.45,98.45,98.45,98.45,0
OFT001,20161107,98.73,98.73,98.73,98.73,0
OFT001,20161108,99.35,99.35,99.35,99.35,0
OFT001,20161109,99.57,99.57,99.57,99.57,0
OFT001,20161110,100.31,100.31,100.31,100.31,0
OFT001,20161114,98.89,98.89,98.89,98.89,0
OFT001,20161115,99.04,99.04,99.04,99.04,0
OFT001,20161116,99.02,99.02,99.02,99.02,0
OFT001,20161117,98.38,98.38,98.38,98.38,0
OFT001,20161118,97.90,97.90,97.90,97.90,0
OFT001,20161121,98.92,98.92,98.92,98.92,0
OFT001,20161122,99.84,99.84,99.84,99.84,0
OFT001,20161123,100.74,100.74,100.74,100.74,0
OFT001,20161124,101.41,101.41,101.41,101.41,0
OFT001,20161125,101.07,101.07,101.07,101.07,0
OFT001,20161128,100.43,100.43,100.43,100.43,0
OFT001,20161129,100.41,100.41,100.41,100.41,0
OFT001,20161130,100.87,100.87,100.87,100.87,0
OFT001,20161201,100.47,100.47,100.47,100.47,0
OFT001,20161202,100.70,100.70,100.70,100.70,0
OFT001,20161205,102.79,102.79,102.79,102.79,0
OFT001,20161206,103.81,103.81,103.81,103.81,0
OFT001,20161207,104.03,104.03,104.03,104.03,0
OFT001,20161208,105.22,105.22,105.22,105.22,0
OFT001,20161209,104.60,104.60,104.60,104.60,0
OFT001,20161212,104.29,104.29,104.29,104.29,0
OFT001,20161213,105.56,105.56,105.56,105.56,0
OFT001,20161214,105.80,105.80,105.80,105.80,0
OFT001,20161215,105.08,105.08,105.08,105.08,0
OFT001,20161216,105.42,105.42,105.42,105.42,0
OFT001,20161219,105.34,105.34,105.34,105.34,0
OFT001,20161220,105.95,105.95,105.95,105.95,0
OFT001,20161221,105.55,105.55,105.55,105.55,0
OFT001,20161222,105.67,105.67,105.67,105.67,0
OFT001,20161223,105.53,105.53,105.53,105.53,0
OFT001,20161227,105.61,105.61,105.61,105.61,0
OFT001,20161228,105.57,105.57,105.57,105.57,0
OFT001,20161229,106.16,106.16,106.16,106.16,0
OFT001,20161230,106.22,106.22,106.22,106.22,0
OFT001,20170102,106.31,106.31,106.31,106.31,0
OFT001,20170103,107.21,107.21,107.21,107.21,0
OFT001,20170104,107.44,107.44,107.44,107.44,0
OFT001,20170105,107.48,107.48,107.48,107.48,0
OFT001,20170109,107.80,107.80,107.80,107.80,0
OFT001,20170110,108.41,108.41,108.41,108.41,0
OFT001,20170111,108.94,108.94,108.94,108.94,0
OFT001,20170112,108.73,108.73,108.73,108.73,0
OFT001,20170113,108.44,108.44,108.44,108.44,0
OFT001,20170116,108.84,108.84,108.84,108.84,0
OFT001,20170117,108.60,108.60,108.60,108.60,0
OFT001,20170118,108.16,108.16,108.16,108.16,0
OFT001,20170119,108.37,108.37,108.37,108.37,0
OFT001,20170120,108.50,108.50,108.50,108.50,0
OFT001,20170123,108.14,108.14,108.14,108.14,0
OFT001,20170124,109.05,109.05,109.05,109.05,0
OFT001,20170125,111.56,111.56,111.56,111.56,0
OFT001,20170126,111.73,111.73,111.73,111.73,0
OFT001,20170127,111.68,111.68,111.68,111.68,0
OFT001,20170130,110.74,110.74,110.74,110.74,0
OFT001,20170131,110.80,110.80,110.80,110.80,0
OFT001,20170201,111.30,111.30,111.30,111.30,0
OFT001,20170202,110.83,110.83,110.83,110.83,0
OFT001,20170203,110.78,110.78,110.78,110.78,0
OFT001,20170206,111.03,111.03,111.03,111.03,0
OFT001,20170207,111.08,111.08,111.08,111.08,0
OFT001,20170208,110.95,110.95,110.95,110.95,0
OFT001,20170209,112.44,112.44,112.44,112.44,0
OFT001,20170210,113.54,113.54,113.54,113.54,0
OFT001,20170213,114.15,114.15,114.15,114.15,0
OFT001,20170214,113.99,113.99,113.99,113.99,0
OFT001,20170215,114.21,114.21,114.21,114.21,0
OFT001,20170216,115.08,115.08,115.08,115.08,0
OFT001,20170217,114.08,114.08,114.08,114.08,0
OFT001,20170220,114.34,114.34,114.34,114.34,0
OFT001,20170221,115.94,115.94,115.94,115.94,0
OFT001,20170222,116.32,116.32,116.32,116.32,0
OFT001,20170223,116.44,116.44,116.44,116.44,0
OFT001,20170224,114.97,114.97,114.97,114.97,0
OFT001,20170227,115.01,115.01,115.01,115.01,0
OFT001,20170228,114.44,114.44,114.44,114.44,0
OFT001,20170301,116.41,116.41,116.41,116.41,0
OFT001,20170302,116.51,116.51,116.51,116.51,0
OFT001,20170303,115.82,115.82,115.82,115.82,0
OFT001,20170306,115.13,115.13,115.13,115.13,0
OFT001,20170307,114.39,114.39,114.39,114.39,0
OFT001,20170308,114.57,114.57,114.57,114.57,0
OFT001,20170309,113.56,113.56,113.56,113.56,0
OFT001,20170310,114.18,114.18,114.18,114.18,0
OFT001,20170313,115.87,115.87,115.87,115.87,0
OFT001,20170314,115.55,115.55,115.55,115.55,0
OFT001,20170315,115.50,115.50,115.50,115.50,0
OFT001,20170316,117.41,117.41,117.41,117.41,0
OFT001,20170317,117.60,117.60,117.60,117.60,0
OFT001,20170320,117.14,117.14,117.14,117.14,0
OFT001,20170321,116.09,116.09,116.09,116.09,0
OFT001,20170322,114.88,114.88,114.88,114.88,0
OFT001,20170323,115.47,115.47,115.47,115.47,0
OFT001,20170324,115.42,115.42,115.42,115.42,0
OFT001,20170327,114.14,114.14,114.14,114.14,0
OFT001,20170328,115.11,115.11,115.11,115.11,0
OFT001,20170329,114.68,114.68,114.68,114.68,0
OFT001,20170330,114.37,114.37,114.37,114.37,0
OFT001,20170331,113.36,113.36,113.36,113.36,0
OFT001,20170403,114.82,114.82,114.82,114.82,0
OFT001,20170404,115.54,115.54,115.54,115.54,0
OFT001,20170405,116.33,116.33,116.33,116.33,0
OFT001,20170406,116.15,116.15,116.15,116.15,0
OFT001,20170407,115.89,115.89,115.89,115.89,0
OFT001,20170410,115.52,115.52,115.52,115.52,0
OFT001,20170411,114.33,114.33,114.33,114.33,0
OFT001,20170412,114.16,114.16,114.16,114.16,0
OFT001,20170413,114.70,114.70,114.70,114.70,0
OFT001,20170418,114.70,114.70,114.70,114.70,0
OFT001,20170419,116.01,116.01,116.01,116.01,0
OFT001,20170420,116.45,116.45,116.45,116.45,0
OFT001,20170421,115.76,115.76,115.76,115.76,0
OFT001,20170424,117.11,117.11,117.11,117.11,0
OFT001,20170425,119.04,119.04,119.04,119.04,0
OFT001,20170426,119.78,119.78,119.78,119.78,0
OFT001,20170427,119.74,119.74,119.74,119.74,0
OFT001,20170428,119.95,119.95,119.95,119.95,0
OFT001,20170502,120.62,120.62,120.62,120.62,0
OFT001,20170504,120.51,120.51,120.51,120.51,0
OFT001,20170505,120.43,120.43,120.43,120.43,0
OFT001,20170508,119.92,119.92,119.92,119.92,0
OFT001,20170509,120.98,120.98,120.98,120.98,0
OFT001,20170510,120.35,120.35,120.35,120.35,0
OFT001,20170511,120.12,120.12,120.12,120.12,0
OFT001,20170512,120.09,120.09,120.09,120.09,0
OFT001,20170515,120.35,120.35,120.35,120.35,0
OFT001,20170516,119.03,119.03,119.03,119.03,0
OFT001,20170517,117.56,117.56,117.56,117.56,0
OFT001,20170518,117.18,117.18,117.18,117.18,0
OFT001,20170519,118.36,118.36,118.36,118.36,0
OFT001,20170522,118.80,118.80,118.80,118.80,0
OFT001,20170523,117.76,117.76,117.76,117.76,0
OFT001,20170524,118.47,118.47,118.47,118.47,0
OFT001,20170525,119.70,119.70,119.70,119.70,0
OFT001,20170526,118.64,118.64,118.64,118.64,0
OFT001,20170529,118.52,118.52,118.52,118.52,0
OFT001,20170530,117.63,117.63,117.63,117.63,0
OFT001,20170531,117.17,117.17,117.17,117.17,0
OFT001,20170601,117.49,117.49,117.49,117.49,0
OFT001,20170602,118.32,118.32,118.32,118.32,0
OFT001,20170605,117.32,117.32,117.32,117.32,0
OFT001,20170606,118.15,118.15,118.15,118.15,0
OFT001,20170607,118.21,118.21,118.21,118.21,0
OFT001,20170608,119.05,119.05,119.05,119.05,0
OFT001,20170609,119.05,119.05,119.05,119.05,0
OFT001,20170612,117.32,117.32,117.32,117.32,0
OFT001,20170613,117.58,117.58,117.58,117.58,0
OFT001,20170614,117.39,117.39,117.39,117.39,0
OFT001,20170616,117.56,117.56,117.56,117.56,0
OFT001,20170619,118.30,118.30,118.30,118.30,0
OFT001,20170620,117.98,117.98,117.98,117.98,0
OFT001,20170621,118.69,118.69,118.69,118.69,0
OFT001,20170622,118.32,118.32,118.32,118.32,0
OFT001,20170623,118.18,118.18,118.18,118.18,0
OFT001,20170626,119.86,119.86,119.86,119.86,0
OFT001,20170627,119.91,119.91,119.91,119.91,0
OFT001,20170628,119.19,119.19,119.19,119.19,0
OFT001,20170629,119.39,119.39,119.39,119.39,0
OFT001,20170630,118.70,118.70,118.70,118.70,0
OFT001,20170703,119.21,119.21,119.21,119.21,0
OFT001,20170704,118.12,118.12,118.12,118.12,0
OFT001,20170705,118.57,118.57,118.57,118.57,0
OFT001,20170706,118.44,118.44,118.44,118.44,0
OFT001,20170707,118.10,118.10,118.10,118.10,0
OFT001,20170710,118.44,118.44,118.44,118.44,0
OFT001,20170711,118.11,118.11,118.11,118.11,0
OFT001,20170712,119.53,119.53,119.53,119.53,0
OFT001,20170713,120.13,120.13,120.13,120.13,0
OFT001,20170714,120.40,120.40,120.40,120.40,0
OFT001,20170717,120.94,120.94,120.94,120.94,0
OFT001,20170718,120.60,120.60,120.60,120.60,0
OFT001,20170719,120.82,120.82,120.82,120.82,0
OFT001,20170720,120.61,120.61,120.61,120.61,0
OFT001,20170721,120.11,120.11,120.11,120.11,0
OFT001,20170724,119.65,119.65,119.65,119.65,0
OFT001,20170725,119.70,119.70,119.70,119.70,0
OFT001,20170726,120.41,120.41,120.41,120.41,0
OFT001,20170727,120.06,120.06,120.06,120.06,0
OFT001,20170728,120.34,120.34,120.34,120.34,0
OFT001,20170731,120.76,120.76,120.76,120.76,0
OFT001,20170801,121.08,121.08,121.08,121.08,0
OFT001,20170802,120.80,120.80,120.80,120.80,0
OFT001,20170803,120.48,120.48,120.48,120.48,0
OFT001,20170804,120.58,120.58,120.58,120.58,0
OFT001,20170807,120.73,120.73,120.73,120.73,0
OFT001,20170808,121.58,121.58,121.58,121.58,0
OFT001,20170809,120.95,120.95,120.95,120.95,0
OFT001,20170810,120.28,120.28,120.28,120.28,0
OFT001,20170811,119.85,119.85,119.85,119.85,0
OFT001,20170814,119.99,119.99,119.99,119.99,0
OFT001,20170816,120.31,120.31,120.31,120.31,0
OFT001,20170817,119.52,119.52,119.52,119.52,0
OFT001,20170818,119.67,119.67,119.67,119.67,0
OFT001,20170821,120.00,120.00,120.00,120.00,0
OFT001,20170822,120.35,120.35,120.35,120.35,0
OFT001,20170823,120.38,120.38,120.38,120.38,0
OFT001,20170824,122.16,122.16,122.16,122.16,0
OFT001,20170825,122.35,122.35,122.35,122.35,0
OFT001,20170828,123.87,123.87,123.87,123.87,0
OFT001,20170829,122.49,122.49,122.49,122.49,0
OFT001,20170830,123.37,123.37,123.37,123.37,0
OFT001,20170831,123.14,123.14,123.14,123.14,0
OFT001,20170901,123.73,123.73,123.73,123.73,0
OFT001,20170904,123.49,123.49,123.49,123.49,0
OFT001,20170905,123.42,123.42,123.42,123.42,0
OFT001,20170906,122.85,122.85,122.85,122.85,0
OFT001,20170907,122.17,122.17,122.17,122.17,0
OFT001,20170908,122.09,122.09,122.09,122.09,0
OFT001,20170911,123.07,123.07,123.07,123.07,0
OFT001,20170912,122.86,122.86,122.86,122.86,0
OFT001,20170913,122.74,122.74,122.74,122.74,0
OFT001,20170914,122.69,122.69,122.69,122.69,0
OFT001,20170915,122.31,122.31,122.31,122.31,0
OFT001,20170918,122.40,122.40,122.40,122.40,0
OFT001,20170919,122.56,122.56,122.56,122.56,0
OFT001,20170920,122.50,122.50,122.50,122.50,0
OFT001,20170921,121.45,121.45,121.45,121.45,0
