Name,Date,Open,High,Low,Close,Volume
OFT004,20121108,100.23,100.23,100.23,100.23,0
OFT004,20121109,100.23,100.23,100.23,100.23,0
OFT004,20121112,100.25,100.25,100.25,100.25,0
OFT004,20121113,100.26,100.26,100.26,100.26,0
OFT004,20121114,100.25,100.25,100.25,100.25,0
OFT004,20121115,100.23,100.23,100.23,100.23,0
OFT004,20121116,100.24,100.24,100.24,100.24,0
OFT004,20121119,100.23,100.23,100.23,100.23,0
OFT004,20121120,100.21,100.21,100.21,100.21,0
OFT004,20121121,100.24,100.24,100.24,100.24,0
OFT004,20121122,100.26,100.26,100.26,100.26,0
OFT004,20121123,100.28,100.28,100.28,100.28,0
OFT004,20121126,100.35,100.35,100.35,100.35,0
OFT004,20121127,100.43,100.43,100.43,100.43,0
OFT004,20121128,100.53,100.53,100.53,100.53,0
OFT004,20121129,100.56,100.56,100.56,100.56,0
OFT004,20121130,100.70,100.70,100.70,100.70,0
OFT004,20121203,100.63,100.63,100.63,100.63,0
OFT004,20121204,100.64,100.64,100.64,100.64,0
OFT004,20121205,100.70,100.70,100.70,100.70,0
OFT004,20121206,100.76,100.76,100.76,100.76,0
OFT004,20121207,100.93,100.93,100.93,100.93,0
OFT004,20121210,101.13,101.13,101.13,101.13,0
OFT004,20121211,101.12,101.12,101.12,101.12,0
OFT004,20121212,101.13,101.13,101.13,101.13,0
OFT004,20121213,101.05,101.05,101.05,101.05,0
OFT004,20121214,101.02,101.02,101.02,101.02,0
OFT004,20121217,101.05,101.05,101.05,101.05,0
OFT004,20121218,101.06,101.06,101.06,101.06,0
OFT004,20121219,101.19,101.19,101.19,101.19,0
OFT004,20121220,101.75,101.75,101.75,101.75,0
OFT004,20121221,101.92,101.92,101.92,101.92,0
OFT004,20121227,101.96,101.96,101.96,101.96,0
OFT004,20121228,101.94,101.94,101.94,101.94,0
OFT004,20130102,101.81,101.81,101.81,101.81,0
OFT004,20130103,101.53,101.53,101.53,101.53,0
OFT004,20130104,101.44,101.44,101.44,101.44,0
OFT004,20130107,101.58,101.58,101.58,101.58,0
OFT004,20130108,101.81,101.81,101.81,101.81,0
OFT004,20130109,101.64,101.64,101.64,101.64,0
OFT004,20130110,101.51,101.51,101.51,101.51,0
OFT004,20130111,101.21,101.21,101.21,101.21,0
OFT004,20130114,101.35,101.35,101.35,101.35,0
OFT004,20130115,101.22,101.22,101.22,101.22,0
OFT004,20130116,101.18,101.18,101.18,101.18,0
OFT004,20130117,101.28,101.28,101.28,101.28,0
OFT004,20130118,101.42,101.42,101.42,101.42,0
OFT004,20130121,101.48,101.48,101.48,101.48,0
OFT004,20130122,101.56,101.56,101.56,101.56,0
OFT004,20130123,101.88,101.88,101.88,101.88,0
OFT004,20130124,101.97,101.97,101.97,101.97,0
OFT004,20130125,101.68,101.68,101.68,101.68,0
OFT004,20130128,101.49,101.49,101.49,101.49,0
OFT004,20130129,101.68,101.68,101.68,101.68,0
OFT004,20130130,101.62,101.62,101.62,101.62,0
OFT004,20130131,101.71,101.71,101.71,101.71,0
OFT004,20130201,101.77,101.77,101.77,101.77,0
OFT004,20130204,101.76,101.76,101.76,101.76,0
OFT004,20130205,101.71,101.71,101.71,101.71,0
OFT004,20130206,101.58,101.58,101.58,101.58,0
OFT004,20130207,101.49,101.49,101.49,101.49,0
OFT004,20130208,101.47,101.47,101.47,101.47,0
OFT004,20130211,101.39,101.39,101.39,101.39,0
OFT004,20130212,101.30,101.30,101.30,101.30,0
OFT004,20130213,101.32,101.32,101.32,101.32,0
OFT004,20130214,101.29,101.29,101.29,101.29,0
OFT004,20130215,101.40,101.40,101.40,101.40,0
OFT004,20130218,101.47,101.47,101.47,101.47,0
OFT004,20130219,101.44,101.44,101.44,101.44,0
OFT004,20130220,101.40,101.40,101.40,101.40,0
OFT004,20130221,101.51,101.51,101.51,101.51,0
OFT004,20130222,101.53,101.53,101.53,101.53,0
OFT004,20130225,101.40,101.40,101.40,101.40,0
OFT004,20130226,101.50,101.50,101.50,101.50,0
OFT004,20130227,101.54,101.54,101.54,101.54,0
OFT004,20130228,101.56,101.56,101.56,101.56,0
OFT004,20130301,101.59,101.59,101.59,101.59,0
OFT004,20130304,101.62,101.62,101.62,101.62,0
OFT004,20130305,101.52,101.52,101.52,101.52,0
OFT004,20130306,101.69,101.69,101.69,101.69,0
OFT004,20130307,101.71,101.71,101.71,101.71,0
OFT004,20130308,101.69,101.69,101.69,101.69,0
OFT004,20130311,101.74,101.74,101.74,101.74,0
OFT004,20130312,101.81,101.81,101.81,101.81,0
OFT004,20130313,102.00,102.00,102.00,102.00,0
OFT004,20130314,102.14,102.14,102.14,102.14,0
OFT004,20130315,102.29,102.29,102.29,102.29,0
OFT004,20130318,102.36,102.36,102.36,102.36,0
OFT004,20130319,102.24,102.24,102.24,102.24,0
OFT004,20130320,102.17,102.17,102.17,102.17,0
OFT004,20130321,102.19,102.19,102.19,102.19,0
OFT004,20130322,102.27,102.27,102.27,102.27,0
OFT004,20130325,102.42,102.42,102.42,102.42,0
OFT004,20130326,102.45,102.45,102.45,102.45,0
OFT004,20130327,102.52,102.52,102.52,102.52,0
OFT004,20130328,102.44,102.44,102.44,102.44,0
OFT004,20130402,102.78,102.78,102.78,102.78,0
OFT004,20130403,102.93,102.93,102.93,102.93,0
OFT004,20130404,102.99,102.99,102.99,102.99,0
OFT004,20130405,103.15,103.15,103.15,103.15,0
OFT004,20130408,103.34,103.34,103.34,103.34,0
OFT004,20130409,103.34,103.34,103.34,103.34,0
OFT004,20130410,103.35,103.35,103.35,103.35,0
OFT004,20130411,103.32,103.32,103.32,103.32,0
OFT004,20130412,103.34,103.34,103.34,103.34,0
OFT004,20130415,103.48,103.48,103.48,103.48,0
OFT004,20130417,103.56,103.56,103.56,103.56,0
OFT004,20130418,103.65,103.65,103.65,103.65,0
OFT004,20130419,103.64,103.64,103.64,103.64,0
OFT004,20130422,103.71,103.71,103.71,103.71,0
OFT004,20130423,103.68,103.68,103.68,103.68,0
OFT004,20130424,103.68,103.68,103.68,103.68,0
OFT004,20130425,103.68,103.68,103.68,103.68,0
OFT004,20130426,103.82,103.82,103.82,103.82,0
OFT004,20130429,103.83,103.83,103.83,103.83,0
OFT004,20130430,103.89,103.89,103.89,103.89,0
OFT004,20130502,103.95,103.95,103.95,103.95,0
OFT004,20130506,103.97,103.97,103.97,103.97,0
OFT004,20130507,103.90,103.90,103.90,103.90,0
OFT004,20130508,104.00,104.00,104.00,104.00,0
OFT004,20130509,104.16,104.16,104.16,104.16,0
OFT004,20130510,104.12,104.12,104.12,104.12,0
OFT004,20130513,104.16,104.16,104.16,104.16,0
OFT004,20130514,104.16,104.16,104.16,104.16,0
OFT004,20130515,104.13,104.13,104.13,104.13,0
OFT004,20130516,104.08,104.08,104.08,104.08,0
OFT004,20130517,104.12,104.12,104.12,104.12,0
OFT004,20130520,103.95,103.95,103.95,103.95,0
OFT004,20130521,103.95,103.95,103.95,103.95,0
OFT004,20130522,104.10,104.10,104.10,104.10,0
OFT004,20130523,103.90,103.90,103.90,103.90,0
OFT004,20130524,104.07,104.07,104.07,104.07,0
OFT004,20130527,104.08,104.08,104.08,104.08,0
OFT004,20130528,104.01,104.01,104.01,104.01,0
OFT004,20130529,103.96,103.96,103.96,103.96,0
OFT004,20130531,103.83,103.83,103.83,103.83,0
OFT004,20130603,103.97,103.97,103.97,103.97,0
OFT004,20130604,104.05,104.05,104.05,104.05,0
OFT004,20130605,103.96,103.96,103.96,103.96,0
OFT004,20130606,103.62,103.62,103.62,103.62,0
OFT004,20130607,103.81,103.81,103.81,103.81,0
OFT004,20130610,103.37,103.37,103.37,103.37,0
OFT004,20130611,103.25,103.25,103.25,103.25,0
OFT004,20130612,103.42,103.42,103.42,103.42,0
OFT004,20130613,103.66,103.66,103.66,103.66,0
OFT004,20130614,103.98,103.98,103.98,103.98,0
OFT004,20130617,103.82,103.82,103.82,103.82,0
OFT004,20130618,103.71,103.71,103.71,103.71,0
OFT004,20130619,103.73,103.73,103.73,103.73,0
OFT004,20130620,102.96,102.96,102.96,102.96,0
OFT004,20130621,102.63,102.63,102.63,102.63,0
OFT004,20130624,102.18,102.18,102.18,102.18,0
OFT004,20130625,102.58,102.58,102.58,102.58,0
OFT004,20130626,102.84,102.84,102.84,102.84,0
OFT004,20130627,103.97,103.97,103.97,103.97,0
OFT004,20130628,103.69,103.69,103.69,103.69,0
OFT004,20130701,103.80,103.80,103.80,103.80,0
OFT004,20130702,104.25,104.25,104.25,104.25,0
OFT004,20130703,104.29,104.29,104.29,104.29,0
OFT004,20130705,104.51,104.51,104.51,104.51,0
OFT004,20130708,104.67,104.67,104.67,104.67,0
OFT004,20130709,104.88,104.88,104.88,104.88,0
OFT004,20130710,104.76,104.76,104.76,104.76,0
OFT004,20130711,104.74,104.74,104.74,104.74,0
OFT004,20130712,104.87,104.87,104.87,104.87,0
OFT004,20130715,104.85,104.85,104.85,104.85,0
OFT004,20130716,104.85,104.85,104.85,104.85,0
OFT004,20130717,104.73,104.73,104.73,104.73,0
OFT004,20130718,104.87,104.87,104.87,104.87,0
OFT004,20130719,104.96,104.96,104.96,104.96,0
OFT004,20130722,105.15,105.15,105.15,105.15,0
OFT004,20130723,104.91,104.91,104.91,104.91,0
OFT004,20130724,104.80,104.80,104.80,104.80,0
OFT004,20130725,104.76,104.76,104.76,104.76,0
OFT004,20130726,104.86,104.86,104.86,104.86,0
OFT004,20130729,104.88,104.88,104.88,104.88,0
OFT004,20130730,104.82,104.82,104.82,104.82,0
OFT004,20130731,104.72,104.72,104.72,104.72,0
OFT004,20130801,104.66,104.66,104.66,104.66,0
OFT004,20130802,104.87,104.87,104.87,104.87,0
OFT004,20130805,104.85,104.85,104.85,104.85,0
OFT004,20130806,104.84,104.84,104.84,104.84,0
OFT004,20130807,104.91,104.91,104.91,104.91,0
OFT004,20130808,104.91,104.91,104.91,104.91,0
OFT004,20130809,104.95,104.95,104.95,104.95,0
OFT004,20130812,104.94,104.94,104.94,104.94,0
OFT004,20130813,104.91,104.91,104.91,104.91,0
OFT004,20130814,104.87,104.87,104.87,104.87,0
OFT004,20130816,104.89,104.89,104.89,104.89,0
OFT004,20130819,104.83,104.83,104.83,104.83,0
OFT004,20130820,105.07,105.07,105.07,105.07,0
OFT004,20130821,104.90,104.90,104.90,104.90,0
OFT004,20130822,104.84,104.84,104.84,104.84,0
OFT004,20130823,104.80,104.80,104.80,104.80,0
OFT004,20130826,105.00,105.00,105.00,105.00,0
OFT004,20130827,105.02,105.02,105.02,105.02,0
OFT004,20130828,104.92,104.92,104.92,104.92,0
OFT004,20130829,104.95,104.95,104.95,104.95,0
OFT004,20130830,105.03,105.03,105.03,105.03,0
OFT004,20130902,105.06,105.06,105.06,105.06,0
OFT004,20130903,104.83,104.83,104.83,104.83,0
OFT004,20130904,104.50,104.50,104.50,104.50,0
OFT004,20130905,104.18,104.18,104.18,104.18,0
OFT004,20130906,104.32,104.32,104.32,104.32,0
OFT004,20130909,104.82,104.82,104.82,104.82,0
OFT004,20130910,104.79,104.79,104.79,104.79,0
OFT004,20130911,105.24,105.24,105.24,105.24,0
OFT004,20130912,105.36,105.36,105.36,105.36,0
OFT004,20130913,105.45,105.45,105.45,105.45,0
OFT004,20130916,105.69,105.69,105.69,105.69,0
OFT004,20130917,105.53,105.53,105.53,105.53,0
OFT004,20130918,105.56,105.56,105.56,105.56,0
OFT004,20130919,105.80,105.80,105.80,105.80,0
OFT004,20130920,105.74,105.74,105.74,105.74,0
OFT004,20130923,105.81,105.81,105.81,105.81,0
OFT004,20130924,105.89,105.89,105.89,105.89,0
OFT004,20130925,105.81,105.81,105.81,105.81,0
OFT004,20130926,105.74,105.74,105.74,105.74,0
OFT004,20130927,105.80,105.80,105.80,105.80,0
OFT004,20130930,105.69,105.69,105.69,105.69,0
OFT004,20131001,105.72,105.72,105.72,105.72,0
OFT004,20131002,105.78,105.78,105.78,105.78,0
OFT004,20131003,105.86,105.86,105.86,105.86,0
OFT004,20131004,105.74,105.74,105.74,105.74,0
OFT004,20131007,105.86,105.86,105.86,105.86,0
OFT004,20131008,105.83,105.83,105.83,105.83,0
OFT004,20131009,105.91,105.91,105.91,105.91,0
OFT004,20131010,105.82,105.82,105.82,105.82,0
OFT004,20131011,105.87,105.87,105.87,105.87,0
OFT004,20131014,106.02,106.02,106.02,106.02,0
OFT004,20131015,106.14,106.14,106.14,106.14,0
OFT004,20131016,106.13,106.13,106.13,106.13,0
OFT004,20131017,106.30,106.30,106.30,106.30,0
OFT004,20131018,106.29,106.29,106.29,106.29,0
OFT004,20131021,106.22,106.22,106.22,106.22,0
OFT004,20131022,106.30,106.30,106.30,106.30,0
OFT004,20131023,106.44,106.44,106.44,106.44,0
OFT004,20131024,106.64,106.64,106.64,106.64,0
OFT004,20131025,106.50,106.50,106.50,106.50,0
OFT004,20131028,106.65,106.65,106.65,106.65,0
OFT004,20131029,106.58,106.58,106.58,106.58,0
OFT004,20131030,106.55,106.55,106.55,106.55,0
OFT004,20131031,106.47,106.47,106.47,106.47,0
OFT004,20131104,106.50,106.50,106.50,106.50,0
OFT004,20131105,106.36,106.36,106.36,106.36,0
OFT004,20131106,106.45,106.45,106.45,106.45,0
OFT004,20131107,106.59,106.59,106.59,106.59,0
OFT004,20131108,106.29,106.29,106.29,106.29,0
OFT004,20131112,106.25,106.25,106.25,106.25,0
OFT004,20131113,106.34,106.34,106.34,106.34,0
OFT004,20131114,106.44,106.44,106.44,106.44,0
OFT004,20131115,106.28,106.28,106.28,106.28,0
OFT004,20131118,106.36,106.36,106.36,106.36,0
OFT004,20131119,106.23,106.23,106.23,106.23,0
OFT004,20131120,106.23,106.23,106.23,106.23,0
OFT004,20131121,106.16,106.16,106.16,106.16,0
OFT004,20131122,106.13,106.13,106.13,106.13,0
OFT004,20131125,106.16,106.16,106.16,106.16,0
OFT004,20131126,106.07,106.07,106.07,106.07,0
OFT004,20131127,105.97,105.97,105.97,105.97,0
OFT004,20131128,105.97,105.97,105.97,105.97,0
OFT004,20131129,105.92,105.92,105.92,105.92,0
OFT004,20131202,105.93,105.93,105.93,105.93,0
OFT004,20131203,106.02,106.02,106.02,106.02,0
OFT004,20131204,105.99,105.99,105.99,105.99,0
OFT004,20131205,106.00,106.00,106.00,106.00,0
OFT004,20131206,106.10,106.10,106.10,106.10,0
OFT004,20131209,106.31,106.31,106.31,106.31,0
OFT004,20131210,106.40,106.40,106.40,106.40,0
OFT004,20131211,106.37,106.37,106.37,106.37,0
OFT004,20131212,106.33,106.33,106.33,106.33,0
OFT004,20131213,106.37,106.37,106.37,106.37,0
OFT004,20131216,106.54,106.54,106.54,106.54,0
OFT004,20131217,106.55,106.55,106.55,106.55,0
OFT004,20131218,106.68,106.68,106.68,106.68,0
OFT004,20131219,106.62,106.62,106.62,106.62,0
OFT004,20131220,106.66,106.66,106.66,106.66,0
OFT004,20131223,106.72,106.72,106.72,106.72,0
OFT004,20131227,106.68,106.68,106.68,106.68,0
OFT004,20131230,106.72,106.72,106.72,106.72,0
OFT004,20140102,106.53,106.53,106.53,106.53,0
OFT004,20140103,106.47,106.47,106.47,106.47,0
OFT004,20140107,106.48,106.48,106.48,106.48,0
OFT004,20140108,106.54,106.54,106.54,106.54,0
OFT004,20140109,106.59,106.59,106.59,106.59,0
OFT004,20140110,106.70,106.70,106.70,106.70,0
OFT004,20140113,106.80,106.80,106.80,106.80,0
OFT004,20140114,106.79,106.79,106.79,106.79,0
OFT004,20140115,106.86,106.86,106.86,106.86,0
OFT004,20140116,106.75,106.75,106.75,106.75,0
OFT004,20140117,106.92,106.92,106.92,106.92,0
OFT004,20140120,106.93,106.93,106.93,106.93,0
OFT004,20140121,106.84,106.84,106.84,106.84,0
OFT004,20140122,106.86,106.86,106.86,106.86,0
OFT004,20140123,106.77,106.77,106.77,106.77,0
OFT004,20140124,106.73,106.73,106.73,106.73,0
OFT004,20140127,106.71,106.71,106.71,106.71,0
OFT004,20140128,106.78,106.78,106.78,106.78,0
OFT004,20140129,106.43,106.43,106.43,106.43,0
OFT004,20140130,106.24,106.24,106.24,106.24,0
OFT004,20140131,105.97,105.97,105.97,105.97,0
OFT004,20140203,106.08,106.08,106.08,106.08,0
OFT004,20140204,106.37,106.37,106.37,106.37,0
OFT004,20140205,106.46,106.46,106.46,106.46,0
OFT004,20140206,106.63,106.63,106.63,106.63,0
OFT004,20140207,106.78,106.78,106.78,106.78,0
OFT004,20140210,106.75,106.75,106.75,106.75,0
OFT004,20140211,106.59,106.59,106.59,106.59,0
OFT004,20140212,106.56,106.56,106.56,106.56,0
OFT004,20140213,106.49,106.49,106.49,106.49,0
OFT004,20140214,106.61,106.61,106.61,106.61,0
OFT004,20140217,106.71,106.71,106.71,106.71,0
OFT004,20140218,106.68,106.68,106.68,106.68,0
OFT004,20140219,106.58,106.58,106.58,106.58,0
OFT004,20140220,106.66,106.66,106.66,106.66,0
OFT004,20140221,106.84,106.84,106.84,106.84,0
OFT004,20140224,106.96,106.96,106.96,106.96,0
OFT004,20140225,106.97,106.97,106.97,106.97,0
OFT004,20140226,106.87,106.87,106.87,106.87,0
OFT004,20140227,106.99,106.99,106.99,106.99,0
OFT004,20140228,107.02,107.02,107.02,107.02,0
OFT004,20140303,106.86,106.86,106.86,106.86,0
OFT004,20140304,106.99,106.99,106.99,106.99,0
OFT004,20140305,107.25,107.25,107.25,107.25,0
OFT004,20140306,107.16,107.16,107.16,107.16,0
OFT004,20140307,107.08,107.08,107.08,107.08,0
OFT004,20140310,107.25,107.25,107.25,107.25,0
OFT004,20140311,107.16,107.16,107.16,107.16,0
OFT004,20140312,107.19,107.19,107.19,107.19,0
OFT004,20140313,107.20,107.20,107.20,107.20,0
OFT004,20140314,107.07,107.07,107.07,107.07,0
OFT004,20140317,107.25,107.25,107.25,107.25,0
OFT004,20140318,107.37,107.37,107.37,107.37,0
OFT004,20140319,107.34,107.34,107.34,107.34,0
OFT004,20140320,107.18,107.18,107.18,107.18,0
OFT004,20140321,107.23,107.23,107.23,107.23,0
OFT004,20140324,107.30,107.30,107.30,107.30,0
OFT004,20140325,107.33,107.33,107.33,107.33,0
OFT004,20140326,107.39,107.39,107.39,107.39,0
OFT004,20140327,107.26,107.26,107.26,107.26,0
OFT004,20140328,107.41,107.41,107.41,107.41,0
OFT004,20140331,107.37,107.37,107.37,107.37,0
OFT004,20140401,107.40,107.40,107.40,107.40,0
OFT004,20140402,107.41,107.41,107.41,107.41,0
OFT004,20140403,107.43,107.43,107.43,107.43,0
OFT004,20140404,107.55,107.55,107.55,107.55,0
OFT004,20140407,107.67,107.67,107.67,107.67,0
OFT004,20140408,107.76,107.76,107.76,107.76,0
OFT004,20140409,107.71,107.71,107.71,107.71,0
OFT004,20140410,107.74,107.74,107.74,107.74,0
OFT004,20140411,107.71,107.71,107.71,107.71,0
OFT004,20140414,107.71,107.71,107.71,107.71,0
OFT004,20140415,107.65,107.65,107.65,107.65,0
OFT004,20140416,107.53,107.53,107.53,107.53,0
OFT004,20140417,107.51,107.51,107.51,107.51,0
OFT004,20140422,107.58,107.58,107.58,107.58,0
OFT004,20140423,107.55,107.55,107.55,107.55,0
OFT004,20140424,107.61,107.61,107.61,107.61,0
OFT004,20140425,107.61,107.61,107.61,107.61,0
OFT004,20140428,107.65,107.65,107.65,107.65,0
OFT004,20140429,107.62,107.62,107.62,107.62,0
OFT004,20140430,107.73,107.73,107.73,107.73,0
OFT004,20140502,107.71,107.71,107.71,107.71,0
OFT004,20140505,107.77,107.77,107.77,107.77,0
OFT004,20140506,107.75,107.75,107.75,107.75,0
OFT004,20140507,107.88,107.88,107.88,107.88,0
OFT004,20140508,107.94,107.94,107.94,107.94,0
OFT004,20140509,107.96,107.96,107.96,107.96,0
OFT004,20140512,107.95,107.95,107.95,107.95,0
OFT004,20140513,108.02,108.02,108.02,108.02,0
OFT004,20140514,108.22,108.22,108.22,108.22,0
OFT004,20140515,108.22,108.22,108.22,108.22,0
OFT004,20140516,108.17,108.17,108.17,108.17,0
OFT004,20140519,108.16,108.16,108.16,108.16,0
OFT004,20140520,107.95,107.95,107.95,107.95,0
OFT004,20140521,108.15,108.15,108.15,108.15,0
OFT004,20140522,108.13,108.13,108.13,108.13,0
OFT004,20140523,108.26,108.26,108.26,108.26,0
OFT004,20140526,108.19,108.19,108.19,108.19,0
OFT004,20140527,108.21,108.21,108.21,108.21,0
OFT004,20140528,108.39,108.39,108.39,108.39,0
OFT004,20140529,108.20,108.20,108.20,108.20,0
OFT004,20140530,108.14,108.14,108.14,108.14,0
OFT004,20140602,107.92,107.92,107.92,107.92,0
OFT004,20140603,107.89,107.89,107.89,107.89,0
OFT004,20140604,108.00,108.00,108.00,108.00,0
OFT004,20140605,108.32,108.32,108.32,108.32,0
OFT004,20140606,108.55,108.55,108.55,108.55,0
OFT004,20140609,108.70,108.70,108.70,108.70,0
OFT004,20140610,108.44,108.44,108.44,108.44,0
OFT004,20140611,108.44,108.44,108.44,108.44,0
OFT004,20140612,108.45,108.45,108.45,108.45,0
OFT004,20140613,108.66,108.66,108.66,108.66,0
OFT004,20140616,108.45,108.45,108.45,108.45,0
OFT004,20140617,108.38,108.38,108.38,108.38,0
OFT004,20140618,108.29,108.29,108.29,108.29,0
OFT004,20140620,108.19,108.19,108.19,108.19,0
OFT004,20140623,108.15,108.15,108.15,108.15,0
OFT004,20140624,108.30,108.30,108.30,108.30,0
OFT004,20140625,108.43,108.43,108.43,108.43,0
OFT004,20140626,108.38,108.38,108.38,108.38,0
OFT004,20140627,108.38,108.38,108.38,108.38,0
OFT004,20140630,108.51,108.51,108.51,108.51,0
OFT004,20140701,108.44,108.44,108.44,108.44,0
OFT004,20140702,108.20,108.20,108.20,108.20,0
OFT004,20140703,108.15,108.15,108.15,108.15,0
OFT004,20140704,108.28,108.28,108.28,108.28,0
OFT004,20140707,108.32,108.32,108.32,108.32,0
OFT004,20140708,108.44,108.44,108.44,108.44,0
OFT004,20140709,108.37,108.37,108.37,108.37,0
OFT004,20140710,108.43,108.43,108.43,108.43,0
OFT004,20140711,108.35,108.35,108.35,108.35,0
OFT004,20140714,108.37,108.37,108.37,108.37,0
OFT004,20140715,108.24,108.24,108.24,108.24,0
OFT004,20140716,108.33,108.33,108.33,108.33,0
OFT004,20140717,108.41,108.41,108.41,108.41,0
OFT004,20140718,108.44,108.44,108.44,108.44,0
OFT004,20140721,108.41,108.41,108.41,108.41,0
OFT004,20140722,108.45,108.45,108.45,108.45,0
OFT004,20140723,108.70,108.70,108.70,108.70,0
OFT004,20140724,108.65,108.65,108.65,108.65,0
OFT004,20140725,108.71,108.71,108.71,108.71,0
OFT004,20140728,108.71,108.71,108.71,108.71,0
OFT004,20140729,108.75,108.75,108.75,108.75,0
OFT004,20140730,108.70,108.70,108.70,108.70,0
OFT004,20140731,108.40,108.40,108.40,108.40,0
OFT004,20140801,108.29,108.29,108.29,108.29,0
OFT004,20140804,108.68,108.68,108.68,108.68,0
OFT004,20140805,108.33,108.33,108.33,108.33,0
OFT004,20140806,108.36,108.36,108.36,108.36,0
OFT004,20140807,108.55,108.55,108.55,108.55,0
OFT004,20140808,108.62,108.62,108.62,108.62,0
OFT004,20140811,108.78,108.78,108.78,108.78,0
OFT004,20140812,108.68,108.68,108.68,108.68,0
OFT004,20140813,108.80,108.80,108.80,108.80,0
OFT004,20140814,108.95,108.95,108.95,108.95,0
OFT004,20140818,109.12,109.12,109.12,109.12,0
OFT004,20140820,109.10,109.10,109.10,109.10,0
OFT004,20140821,109.10,109.10,109.10,109.10,0
OFT004,20140822,109.13,109.13,109.13,109.13,0
OFT004,20140825,109.10,109.10,109.10,109.10,0
OFT004,20140826,109.21,109.21,109.21,109.21,0
OFT004,20140827,109.28,109.28,109.28,109.28,0
OFT004,20140828,109.15,109.15,109.15,109.15,0
OFT004,20140829,109.15,109.15,109.15,109.15,0
OFT004,20140901,109.24,109.24,109.24,109.24,0
OFT004,20140902,109.19,109.19,109.19,109.19,0
OFT004,20140903,109.42,109.42,109.42,109.42,0
OFT004,20140904,109.47,109.47,109.47,109.47,0
OFT004,20140905,109.57,109.57,109.57,109.57,0
OFT004,20140908,109.85,109.85,109.85,109.85,0
OFT004,20140909,109.45,109.45,109.45,109.45,0
OFT004,20140910,109.48,109.48,109.48,109.48,0
OFT004,20140918,109.37,109.37,109.37,109.37,0
OFT004,20140919,109.41,109.41,109.41,109.41,0
OFT004,20140922,109.59,109.59,109.59,109.59,0
OFT004,20140923,109.66,109.66,109.66,109.66,0
OFT004,20140924,109.93,109.93,109.93,109.93,0
OFT004,20140925,110.05,110.05,110.05,110.05,0
OFT004,20140929,109.75,109.75,109.75,109.75,0
OFT004,20140930,109.69,109.69,109.69,109.69,0
OFT004,20141001,109.81,109.81,109.81,109.81,0
OFT004,20141002,109.69,109.69,109.69,109.69,0
OFT004,20141006,109.85,109.85,109.85,109.85,0
OFT004,20141007,109.95,109.95,109.95,109.95,0
OFT004,20141008,110.11,110.11,110.11,110.11,0
OFT004,20141009,110.32,110.32,110.32,110.32,0
OFT004,20141010,110.34,110.34,110.34,110.34,0
OFT004,20141013,110.37,110.37,110.37,110.37,0
OFT004,20141014,110.52,110.52,110.52,110.52,0
OFT004,20141015,110.60,110.60,110.60,110.60,0
OFT004,20141016,110.51,110.51,110.51,110.51,0
OFT004,20141017,110.56,110.56,110.56,110.56,0
OFT004,20141020,110.64,110.64,110.64,110.64,0
OFT004,20141021,110.66,110.66,110.66,110.66,0
OFT004,20141022,110.63,110.63,110.63,110.63,0
OFT004,20141023,110.64,110.64,110.64,110.64,0
OFT004,20141024,110.61,110.61,110.61,110.61,0
OFT004,20141027,110.63,110.63,110.63,110.63,0
OFT004,20141028,110.69,110.69,110.69,110.69,0
OFT004,20141029,110.72,110.72,110.72,110.72,0
OFT004,20141030,110.68,110.68,110.68,110.68,0
OFT004,20141031,110.74,110.74,110.74,110.74,0
OFT004,20141103,110.75,110.75,110.75,110.75,0
OFT004,20141104,110.79,110.79,110.79,110.79,0
OFT004,20141105,110.69,110.69,110.69,110.69,0
OFT004,20141106,110.59,110.59,110.59,110.59,0
OFT004,20141107,110.57,110.57,110.57,110.57,0
OFT004,20141110,110.63,110.63,110.63,110.63,0
OFT004,20141112,110.71,110.71,110.71,110.71,0
OFT004,20141113,110.88,110.88,110.88,110.88,0
OFT004,20141114,110.60,110.60,110.60,110.60,0
OFT004,20141117,110.58,110.58,110.58,110.58,0
OFT004,20141118,110.54,110.54,110.54,110.54,0
OFT004,20141119,110.45,110.45,110.45,110.45,0
OFT004,20141120,110.55,110.55,110.55,110.55,0
OFT004,20141121,110.74,110.74,110.74,110.74,0
OFT004,20141124,110.71,110.71,110.71,110.71,0
OFT004,20141125,110.74,110.74,110.74,110.74,0
OFT004,20141126,110.88,110.88,110.88,110.88,0
OFT004,20141127,110.82,110.82,110.82,110.82,0
OFT004,20141128,110.82,110.82,110.82,110.82,0
OFT004,20141201,110.78,110.78,110.78,110.78,0
OFT004,20141202,110.64,110.64,110.64,110.64,0
OFT004,20141203,110.58,110.58,110.58,110.58,0
OFT004,20141204,110.58,110.58,110.58,110.58,0
OFT004,20141205,110.46,110.46,110.46,110.46,0
OFT004,20141208,110.52,110.52,110.52,110.52,0
OFT004,20141209,110.54,110.54,110.54,110.54,0
OFT004,20141210,110.48,110.48,110.48,110.48,0
OFT004,20141211,110.49,110.49,110.49,110.49,0
OFT004,20141212,110.49,110.49,110.49,110.49,0
OFT004,20141215,110.62,110.62,110.62,110.62,0
OFT004,20141216,110.31,110.31,110.31,110.31,0
OFT004,20141217,110.34,110.34,110.34,110.34,0
OFT004,20141218,110.45,110.45,110.45,110.45,0
OFT004,20141219,110.40,110.40,110.40,110.40,0
OFT004,20141222,110.57,110.57,110.57,110.57,0
OFT004,20141223,110.57,110.57,110.57,110.57,0
OFT004,20141229,110.60,110.60,110.60,110.60,0
OFT004,20141230,110.61,110.61,110.61,110.61,0
OFT004,20150102,110.79,110.79,110.79,110.79,0
OFT004,20150105,111.03,111.03,111.03,111.03,0
OFT004,20150107,111.14,111.14,111.14,111.14,0
OFT004,20150108,111.21,111.21,111.21,111.21,0
OFT004,20150109,111.15,111.15,111.15,111.15,0
OFT004,20150112,111.38,111.38,111.38,111.38,0
OFT004,20150113,111.21,111.21,111.21,111.21,0
OFT004,20150114,111.37,111.37,111.37,111.37,0
OFT004,20150115,111.34,111.34,111.34,111.34,0
OFT004,20150116,111.32,111.32,111.32,111.32,0
OFT004,20150119,111.30,111.30,111.30,111.30,0
OFT004,20150120,111.28,111.28,111.28,111.28,0
OFT004,20150121,111.29,111.29,111.29,111.29,0
OFT004,20150122,111.42,111.42,111.42,111.42,0
OFT004,20150123,111.70,111.70,111.70,111.70,0
OFT004,20150126,111.68,111.68,111.68,111.68,0
OFT004,20150127,111.97,111.97,111.97,111.97,0
OFT004,20150128,111.96,111.96,111.96,111.96,0
OFT004,20150129,112.00,112.00,112.00,112.00,0
OFT004,20150130,112.12,112.12,112.12,112.12,0
OFT004,20150202,112.03,112.03,112.03,112.03,0
OFT004,20150203,111.88,111.88,111.88,111.88,0
OFT004,20150204,111.86,111.86,111.86,111.86,0
OFT004,20150205,111.65,111.65,111.65,111.65,0
OFT004,20150206,111.41,111.41,111.41,111.41,0
OFT004,20150209,111.07,111.07,111.07,111.07,0
OFT004,20150210,110.99,110.99,110.99,110.99,0
OFT004,20150211,110.96,110.96,110.96,110.96,0
OFT004,20150212,111.42,111.42,111.42,111.42,0
OFT004,20150213,111.52,111.52,111.52,111.52,0
OFT004,20150216,111.53,111.53,111.53,111.53,0
OFT004,20150217,111.35,111.35,111.35,111.35,0
OFT004,20150218,111.02,111.02,111.02,111.02,0
OFT004,20150219,111.17,111.17,111.17,111.17,0
OFT004,20150220,110.97,110.97,110.97,110.97,0
OFT004,20150223,111.17,111.17,111.17,111.17,0
OFT004,20150224,111.32,111.32,111.32,111.32,0
OFT004,20150225,111.52,111.52,111.52,111.52,0
OFT004,20150226,111.72,111.72,111.72,111.72,0
OFT004,20150227,111.54,111.54,111.54,111.54,0
OFT004,20150302,111.58,111.58,111.58,111.58,0
OFT004,20150303,111.53,111.53,111.53,111.53,0
OFT004,20150304,111.22,111.22,111.22,111.22,0
OFT004,20150305,111.18,111.18,111.18,111.18,0
OFT004,20150306,110.67,110.67,110.67,110.67,0
OFT004,20150309,110.65,110.65,110.65,110.65,0
OFT004,20150310,110.60,110.60,110.60,110.60,0
OFT004,20150311,110.72,110.72,110.72,110.72,0
OFT004,20150312,110.92,110.92,110.92,110.92,0
OFT004,20150313,110.75,110.75,110.75,110.75,0
OFT004,20150316,110.86,110.86,110.86,110.86,0
OFT004,20150317,110.79,110.79,110.79,110.79,0
OFT004,20150318,110.87,110.87,110.87,110.87,0
OFT004,20150319,111.25,111.25,111.25,111.25,0
OFT004,20150320,111.42,111.42,111.42,111.42,0
OFT004,20150323,111.34,111.34,111.34,111.34,0
OFT004,20150324,111.37,111.37,111.37,111.37,0
OFT004,20150325,111.49,111.49,111.49,111.49,0
OFT004,20150326,111.22,111.22,111.22,111.22,0
OFT004,20150327,111.17,111.17,111.17,111.17,0
OFT004,20150330,111.26,111.26,111.26,111.26,0
OFT004,20150331,111.24,111.24,111.24,111.24,0
OFT004,20150401,111.20,111.20,111.20,111.20,0
OFT004,20150402,111.26,111.26,111.26,111.26,0
OFT004,20150407,111.28,111.28,111.28,111.28,0
OFT004,20150408,111.38,111.38,111.38,111.38,0
OFT004,20150409,111.27,111.27,111.27,111.27,0
OFT004,20150410,111.28,111.28,111.28,111.28,0
OFT004,20150413,111.17,111.17,111.17,111.17,0
OFT004,20150414,111.25,111.25,111.25,111.25,0
OFT004,20150415,111.37,111.37,111.37,111.37,0
OFT004,20150416,111.25,111.25,111.25,111.25,0
OFT004,20150417,111.23,111.23,111.23,111.23,0
OFT004,20150420,111.19,111.19,111.19,111.19,0
OFT004,20150421,110.97,110.97,110.97,110.97,0
OFT004,20150422,110.66,110.66,110.66,110.66,0
OFT004,20150423,110.54,110.54,110.54,110.54,0
OFT004,20150424,110.63,110.63,110.63,110.63,0
OFT004,20150427,110.57,110.57,110.57,110.57,0
OFT004,20150428,110.38,110.38,110.38,110.38,0
OFT004,20150429,110.22,110.22,110.22,110.22,0
OFT004,20150430,110.21,110.21,110.21,110.21,0
OFT004,20150504,110.12,110.12,110.12,110.12,0
OFT004,20150505,109.63,109.63,109.63,109.63,0
OFT004,20150506,109.20,109.20,109.20,109.20,0
OFT004,20150507,109.46,109.46,109.46,109.46,0
OFT004,20150508,109.67,109.67,109.67,109.67,0
OFT004,20150511,109.45,109.45,109.45,109.45,0
OFT004,20150512,109.22,109.22,109.22,109.22,0
OFT004,20150513,109.28,109.28,109.28,109.28,0
OFT004,20150514,109.36,109.36,109.36,109.36,0
OFT004,20150515,109.37,109.37,109.37,109.37,0
OFT004,20150518,109.31,109.31,109.31,109.31,0
OFT004,20150519,109.41,109.41,109.41,109.41,0
OFT004,20150520,109.40,109.40,109.40,109.40,0
OFT004,20150521,109.50,109.50,109.50,109.50,0
OFT004,20150522,109.43,109.43,109.43,109.43,0
OFT004,20150525,109.18,109.18,109.18,109.18,0
OFT004,20150526,109.04,109.04,109.04,109.04,0
OFT004,20150527,109.10,109.10,109.10,109.10,0
OFT004,20150528,109.15,109.15,109.15,109.15,0
OFT004,20150529,109.15,109.15,109.15,109.15,0
OFT004,20150601,109.08,109.08,109.08,109.08,0
OFT004,20150602,108.99,108.99,108.99,108.99,0
OFT004,20150603,108.71,108.71,108.71,108.71,0
OFT004,20150605,108.42,108.42,108.42,108.42,0
OFT004,20150608,108.56,108.56,108.56,108.56,0
OFT004,20150609,108.51,108.51,108.51,108.51,0
OFT004,20150610,108.53,108.53,108.53,108.53,0
OFT004,20150611,108.59,108.59,108.59,108.59,0
OFT004,20150612,108.47,108.47,108.47,108.47,0
OFT004,20150615,108.12,108.12,108.12,108.12,0
OFT004,20150616,108.07,108.07,108.07,108.07,0
OFT004,20150617,108.10,108.10,108.10,108.10,0
OFT004,20150618,108.25,108.25,108.25,108.25,0
OFT004,20150619,108.23,108.23,108.23,108.23,0
OFT004,20150622,108.58,108.58,108.58,108.58,0
OFT004,20150623,108.62,108.62,108.62,108.62,0
OFT004,20150624,108.56,108.56,108.56,108.56,0
OFT004,20150625,108.58,108.58,108.58,108.58,0
OFT004,20150626,108.53,108.53,108.53,108.53,0
OFT004,20150629,108.11,108.11,108.11,108.11,0
OFT004,20150630,108.22,108.22,108.22,108.22,0
OFT004,20150701,108.40,108.40,108.40,108.40,0
OFT004,20150702,108.52,108.52,108.52,108.52,0
OFT004,20150703,108.64,108.64,108.64,108.64,0
OFT004,20150706,108.53,108.53,108.53,108.53,0
OFT004,20150707,108.81,108.81,108.81,108.81,0
OFT004,20150708,109.11,109.11,109.11,109.11,0
OFT004,20150709,109.33,109.33,109.33,109.33,0
OFT004,20150710,109.10,109.10,109.10,109.10,0
OFT004,20150713,109.09,109.09,109.09,109.09,0
OFT004,20150714,109.05,109.05,109.05,109.05,0
OFT004,20150715,109.20,109.20,109.20,109.20,0
OFT004,20150716,109.32,109.32,109.32,109.32,0
OFT004,20150717,109.55,109.55,109.55,109.55,0
OFT004,20150720,109.60,109.60,109.60,109.60,0
OFT004,20150721,109.51,109.51,109.51,109.51,0
OFT004,20150722,109.54,109.54,109.54,109.54,0
OFT004,20150723,109.44,109.44,109.44,109.44,0
OFT004,20150724,109.54,109.54,109.54,109.54,0
OFT004,20150727,109.59,109.59,109.59,109.59,0
OFT004,20150728,109.56,109.56,109.56,109.56,0
OFT004,20150729,109.48,109.48,109.48,109.48,0
OFT004,20150730,109.38,109.38,109.38,109.38,0
OFT004,20150731,109.42,109.42,109.42,109.42,0
OFT004,20150803,109.43,109.43,109.43,109.43,0
OFT004,20150804,109.41,109.41,109.41,109.41,0
OFT004,20150805,109.23,109.23,109.23,109.23,0
OFT004,20150806,109.01,109.01,109.01,109.01,0
OFT004,20150807,109.11,109.11,109.11,109.11,0
OFT004,20150810,109.27,109.27,109.27,109.27,0
OFT004,20150811,109.39,109.39,109.39,109.39,0
OFT004,20150812,109.59,109.59,109.59,109.59,0
OFT004,20150813,109.58,109.58,109.58,109.58,0
OFT004,20150814,109.76,109.76,109.76,109.76,0
OFT004,20150817,109.82,109.82,109.82,109.82,0
OFT004,20150818,109.79,109.79,109.79,109.79,0
OFT004,20150819,109.86,109.86,109.86,109.86,0
OFT004,20150820,109.97,109.97,109.97,109.97,0
OFT004,20150821,109.92,109.92,109.92,109.92,0
OFT004,20150824,109.48,109.48,109.48,109.48,0
OFT004,20150825,109.22,109.22,109.22,109.22,0
OFT004,20150826,109.31,109.31,109.31,109.31,0
OFT004,20150827,109.38,109.38,109.38,109.38,0
OFT004,20150828,109.51,109.51,109.51,109.51,0
OFT004,20150831,109.32,109.32,109.32,109.32,0
OFT004,20150901,109.11,109.11,109.11,109.11,0
OFT004,20150902,108.98,108.98,108.98,108.98,0
OFT004,20150903,109.22,109.22,109.22,109.22,0
OFT004,20150904,109.33,109.33,109.33,109.33,0
OFT004,20150907,109.27,109.27,109.27,109.27,0
OFT004,20150908,109.19,109.19,109.19,109.19,0
OFT004,20150909,109.14,109.14,109.14,109.14,0
OFT004,20150910,109.19,109.19,109.19,109.19,0
OFT004,20150911,109.01,109.01,109.01,109.01,0
OFT004,20150914,109.11,109.11,109.11,109.11,0
OFT004,20150915,109.10,109.10,109.10,109.10,0
OFT004,20150916,109.05,109.05,109.05,109.05,0
OFT004,20150917,109.11,109.11,109.11,109.11,0
OFT004,20150918,109.34,109.34,109.34,109.34,0
OFT004,20150921,109.36,109.36,109.36,109.36,0
OFT004,20150922,109.51,109.51,109.51,109.51,0
OFT004,20150923,109.50,109.50,109.50,109.50,0
OFT004,20150924,109.53,109.53,109.53,109.53,0
OFT004,20150925,109.44,109.44,109.44,109.44,0
OFT004,20150928,109.46,109.46,109.46,109.46,0
OFT004,20150929,109.36,109.36,109.36,109.36,0
OFT004,20150930,109.42,109.42,109.42,109.42,0
OFT004,20151001,109.50,109.50,109.50,109.50,0
OFT004,20151002,109.78,109.78,109.78,109.78,0
OFT004,20151005,109.91,109.91,109.91,109.91,0
OFT004,20151006,109.84,109.84,109.84,109.84,0
OFT004,20151007,109.83,109.83,109.83,109.83,0
OFT004,20151008,109.79,109.79,109.79,109.79,0
OFT004,20151009,109.74,109.74,109.74,109.74,0
OFT004,20151012,109.72,109.72,109.72,109.72,0
OFT004,20151013,109.60,109.60,109.60,109.60,0
OFT004,20151014,109.68,109.68,109.68,109.68,0
OFT004,20151015,109.78,109.78,109.78,109.78,0
OFT004,20151016,109.73,109.73,109.73,109.73,0
OFT004,20151019,109.67,109.67,109.67,109.67,0
OFT004,20151020,109.57,109.57,109.57,109.57,0
OFT004,20151021,109.63,109.63,109.63,109.63,0
OFT004,20151022,109.87,109.87,109.87,109.87,0
OFT004,20151023,110.00,110.00,110.00,110.00,0
OFT004,20151026,109.86,109.86,109.86,109.86,0
OFT004,20151027,110.00,110.00,110.00,110.00,0
OFT004,20151028,110.09,110.09,110.09,110.09,0
OFT004,20151029,109.87,109.87,109.87,109.87,0
OFT004,20151030,109.98,109.98,109.98,109.98,0
OFT004,20151102,109.89,109.89,109.89,109.89,0
OFT004,20151103,109.83,109.83,109.83,109.83,0
OFT004,20151104,109.74,109.74,109.74,109.74,0
OFT004,20151105,109.58,109.58,109.58,109.58,0
OFT004,20151106,109.20,109.20,109.20,109.20,0
OFT004,20151109,109.18,109.18,109.18,109.18,0
OFT004,20151110,109.49,109.49,109.49,109.49,0
OFT004,20151112,109.79,109.79,109.79,109.79,0
OFT004,20151113,110.01,110.01,110.01,110.01,0
OFT004,20151116,110.07,110.07,110.07,110.07,0
OFT004,20151117,109.80,109.80,109.80,109.80,0
OFT004,20151118,109.66,109.66,109.66,109.66,0
OFT004,20151119,109.70,109.70,109.70,109.70,0
OFT004,20151120,109.83,109.83,109.83,109.83,0
OFT004,20151123,109.71,109.71,109.71,109.71,0
OFT004,20151124,109.70,109.70,109.70,109.70,0
OFT004,20151125,109.76,109.76,109.76,109.76,0
OFT004,20151126,109.81,109.81,109.81,109.81,0
OFT004,20151127,109.84,109.84,109.84,109.84,0
OFT004,20151130,109.64,109.64,109.64,109.64,0
OFT004,20151201,109.63,109.63,109.63,109.63,0
OFT004,20151202,109.61,109.61,109.61,109.61,0
OFT004,20151203,109.07,109.07,109.07,109.07,0
OFT004,20151204,108.83,108.83,108.83,108.83,0
OFT004,20151207,108.96,108.96,108.96,108.96,0
OFT004,20151208,108.67,108.67,108.67,108.67,0
OFT004,20151209,108.46,108.46,108.46,108.46,0
OFT004,20151210,108.21,108.21,108.21,108.21,0
OFT004,20151211,107.93,107.93,107.93,107.93,0
OFT004,20151214,107.57,107.57,107.57,107.57,0
OFT004,20151215,107.95,107.95,107.95,107.95,0
OFT004,20151216,107.83,107.83,107.83,107.83,0
OFT004,20151217,108.19,108.19,108.19,108.19,0
OFT004,20151218,108.24,108.24,108.24,108.24,0
OFT004,20151221,108.30,108.30,108.30,108.30,0
OFT004,20151222,108.17,108.17,108.17,108.17,0
OFT004,20151223,108.11,108.11,108.11,108.11,0
OFT004,20151228,108.20,108.20,108.20,108.20,0
OFT004,20151229,108.27,108.27,108.27,108.27,0
OFT004,20151230,108.46,108.46,108.46,108.46,0
OFT004,20160104,108.37,108.37,108.37,108.37,0
OFT004,20160105,108.57,108.57,108.57,108.57,0
OFT004,20160107,108.64,108.64,108.64,108.64,0
OFT004,20160108,108.79,108.79,108.79,108.79,0
OFT004,20160111,108.79,108.79,108.79,108.79,0
OFT004,20160112,108.89,108.89,108.89,108.89,0
OFT004,20160113,109.02,109.02,109.02,109.02,0
OFT004,20160114,108.80,108.80,108.80,108.80,0
OFT004,20160115,108.61,108.61,108.61,108.61,0
OFT004,20160118,108.20,108.20,108.20,108.20,0
OFT004,20160119,108.33,108.33,108.33,108.33,0
OFT004,20160120,108.20,108.20,108.20,108.20,0
OFT004,20160121,108.23,108.23,108.23,108.23,0
OFT004,20160122,108.27,108.27,108.27,108.27,0
OFT004,20160125,108.28,108.28,108.28,108.28,0
OFT004,20160126,108.25,108.25,108.25,108.25,0
OFT004,20160127,108.28,108.28,108.28,108.28,0
OFT004,20160128,108.30,108.30,108.30,108.30,0
OFT004,20160129,108.32,108.32,108.32,108.32,0
OFT004,20160201,108.24,108.24,108.24,108.24,0
OFT004,20160202,108.29,108.29,108.29,108.29,0
OFT004,20160203,108.27,108.27,108.27,108.27,0
OFT004,20160204,108.34,108.34,108.34,108.34,0
OFT004,20160205,108.38,108.38,108.38,108.38,0
OFT004,20160208,108.26,108.26,108.26,108.26,0
OFT004,20160209,108.25,108.25,108.25,108.25,0
OFT004,20160210,108.33,108.33,108.33,108.33,0
OFT004,20160211,108.22,108.22,108.22,108.22,0
OFT004,20160212,108.40,108.40,108.40,108.40,0
OFT004,20160215,108.46,108.46,108.46,108.46,0
OFT004,20160216,108.47,108.47,108.47,108.47,0
OFT004,20160217,108.51,108.51,108.51,108.51,0
OFT004,20160218,108.62,108.62,108.62,108.62,0
OFT004,20160219,108.64,108.64,108.64,108.64,0
OFT004,20160222,108.63,108.63,108.63,108.63,0
OFT004,20160223,108.64,108.64,108.64,108.64,0
OFT004,20160224,108.74,108.74,108.74,108.74,0
OFT004,20160225,108.75,108.75,108.75,108.75,0
OFT004,20160226,108.66,108.66,108.66,108.66,0
OFT004,20160229,108.59,108.59,108.59,108.59,0
OFT004,20160301,108.54,108.54,108.54,108.54,0
OFT004,20160302,108.50,108.50,108.50,108.50,0
OFT004,20160303,108.47,108.47,108.47,108.47,0
OFT004,20160304,108.57,108.57,108.57,108.57,0
OFT004,20160307,108.61,108.61,108.61,108.61,0
OFT004,20160308,108.66,108.66,108.66,108.66,0
OFT004,20160309,108.65,108.65,108.65,108.65,0
OFT004,20160310,108.71,108.71,108.71,108.71,0
OFT004,20160311,108.77,108.77,108.77,108.77,0
OFT004,20160314,108.77,108.77,108.77,108.77,0
OFT004,20160315,108.71,108.71,108.71,108.71,0
OFT004,20160316,108.62,108.62,108.62,108.62,0
OFT004,20160317,108.73,108.73,108.73,108.73,0
OFT004,20160318,108.78,108.78,108.78,108.78,0
OFT004,20160321,108.75,108.75,108.75,108.75,0
OFT004,20160322,108.70,108.70,108.70,108.70,0
OFT004,20160323,108.63,108.63,108.63,108.63,0
OFT004,20160324,108.66,108.66,108.66,108.66,0
OFT004,20160329,108.78,108.78,108.78,108.78,0
OFT004,20160330,108.85,108.85,108.85,108.85,0
OFT004,20160331,108.89,108.89,108.89,108.89,0
OFT004,20160401,108.89,108.89,108.89,108.89,0
OFT004,20160404,108.85,108.85,108.85,108.85,0
OFT004,20160405,108.73,108.73,108.73,108.73,0
OFT004,20160406,108.73,108.73,108.73,108.73,0
OFT004,20160407,108.60,108.60,108.60,108.60,0
OFT004,20160408,108.69,108.69,108.69,108.69,0
OFT004,20160411,108.69,108.69,108.69,108.69,0
OFT004,20160412,108.66,108.66,108.66,108.66,0
OFT004,20160413,108.66,108.66,108.66,108.66,0
OFT004,20160414,108.64,108.64,108.64,108.64,0
OFT004,20160415,108.64,108.64,108.64,108.64,0
OFT004,20160418,108.62,108.62,108.62,108.62,0
OFT004,20160419,108.69,108.69,108.69,108.69,0
OFT004,20160420,108.74,108.74,108.74,108.74,0
OFT004,20160421,108.63,108.63,108.63,108.63,0
OFT004,20160422,108.54,108.54,108.54,108.54,0
OFT004,20160425,108.50,108.50,108.50,108.50,0
OFT004,20160426,108.50,108.50,108.50,108.50,0
OFT004,20160427,108.62,108.62,108.62,108.62,0
OFT004,20160428,108.63,108.63,108.63,108.63,0
OFT004,20160429,108.67,108.67,108.67,108.67,0
OFT004,20160502,108.61,108.61,108.61,108.61,0
OFT004,20160504,108.56,108.56,108.56,108.56,0
OFT004,20160505,108.54,108.54,108.54,108.54,0
OFT004,20160506,108.61,108.61,108.61,108.61,0
OFT004,20160509,108.61,108.61,108.61,108.61,0
OFT004,20160510,108.64,108.64,108.64,108.64,0
OFT004,20160511,108.74,108.74,108.74,108.74,0
OFT004,20160512,108.72,108.72,108.72,108.72,0
OFT004,20160513,108.73,108.73,108.73,108.73,0
OFT004,20160516,108.86,108.86,108.86,108.86,0
OFT004,20160517,108.82,108.82,108.82,108.82,0
OFT004,20160518,108.68,108.68,108.68,108.68,0
OFT004,20160519,108.67,108.67,108.67,108.67,0
OFT004,20160520,108.55,108.55,108.55,108.55,0
OFT004,20160523,108.46,108.46,108.46,108.46,0
OFT004,20160524,108.47,108.47,108.47,108.47,0
OFT004,20160525,108.63,108.63,108.63,108.63,0
OFT004,20160527,108.67,108.67,108.67,108.67,0
OFT004,20160530,108.54,108.54,108.54,108.54,0
OFT004,20160531,108.52,108.52,108.52,108.52,0
OFT004,20160601,108.53,108.53,108.53,108.53,0
OFT004,20160602,108.42,108.42,108.42,108.42,0
OFT004,20160603,108.49,108.49,108.49,108.49,0
OFT004,20160606,108.32,108.32,108.32,108.32,0
OFT004,20160607,108.34,108.34,108.34,108.34,0
OFT004,20160608,108.50,108.50,108.50,108.50,0
OFT004,20160609,108.51,108.51,108.51,108.51,0
OFT004,20160610,108.39,108.39,108.39,108.39,0
OFT004,20160613,108.14,108.14,108.14,108.14,0
OFT004,20160614,107.86,107.86,107.86,107.86,0
OFT004,20160615,107.91,107.91,107.91,107.91,0
OFT004,20160616,107.91,107.91,107.91,107.91,0
OFT004,20160617,108.11,108.11,108.11,108.11,0
OFT004,20160620,108.46,108.46,108.46,108.46,0
OFT004,20160621,108.34,108.34,108.34,108.34,0
OFT004,20160622,108.45,108.45,108.45,108.45,0
OFT004,20160623,108.59,108.59,108.59,108.59,0
OFT004,20160624,108.15,108.15,108.15,108.15,0
OFT004,20160627,108.43,108.43,108.43,108.43,0
OFT004,20160628,108.59,108.59,108.59,108.59,0
OFT004,20160629,108.80,108.80,108.80,108.80,0
OFT004,20160630,108.78,108.78,108.78,108.78,0
OFT004,20160701,108.92,108.92,108.92,108.92,0
OFT004,20160704,108.79,108.79,108.79,108.79,0
OFT004,20160705,108.93,108.93,108.93,108.93,0
OFT004,20160706,108.79,108.79,108.79,108.79,0
OFT004,20160707,108.76,108.76,108.76,108.76,0
OFT004,20160708,108.77,108.77,108.77,108.77,0
OFT004,20160711,108.94,108.94,108.94,108.94,0
OFT004,20160712,108.85,108.85,108.85,108.85,0
OFT004,20160713,108.84,108.84,108.84,108.84,0
OFT004,20160714,108.79,108.79,108.79,108.79,0
OFT004,20160715,108.80,108.80,108.80,108.80,0
OFT004,20160718,108.85,108.85,108.85,108.85,0
OFT004,20160719,108.85,108.85,108.85,108.85,0
OFT004,20160720,108.83,108.83,108.83,108.83,0
OFT004,20160721,108.84,108.84,108.84,108.84,0
OFT004,20160722,108.87,108.87,108.87,108.87,0
OFT004,20160725,108.94,108.94,108.94,108.94,0
OFT004,20160726,108.89,108.89,108.89,108.89,0
OFT004,20160727,108.88,108.88,108.88,108.88,0
OFT004,20160728,108.84,108.84,108.84,108.84,0
OFT004,20160729,108.83,108.83,108.83,108.83,0
OFT004,20160801,109.04,109.04,109.04,109.04,0
OFT004,20160802,109.21,109.21,109.21,109.21,0
OFT004,20160803,109.32,109.32,109.32,109.32,0
OFT004,20160804,109.36,109.36,109.36,109.36,0
OFT004,20160805,109.26,109.26,109.26,109.26,0
OFT004,20160808,109.20,109.20,109.20,109.20,0
OFT004,20160809,109.30,109.30,109.30,109.30,0
OFT004,20160810,109.45,109.45,109.45,109.45,0
OFT004,20160811,109.44,109.44,109.44,109.44,0
OFT004,20160812,109.65,109.65,109.65,109.65,0
OFT004,20160816,109.59,109.59,109.59,109.59,0
OFT004,20160817,109.53,109.53,109.53,109.53,0
OFT004,20160818,109.57,109.57,109.57,109.57,0
OFT004,20160819,109.68,109.68,109.68,109.68,0
OFT004,20160822,109.67,109.67,109.67,109.67,0
OFT004,20160823,109.64,109.64,109.64,109.64,0
OFT004,20160824,109.65,109.65,109.65,109.65,0
OFT004,20160825,109.66,109.66,109.66,109.66,0
OFT004,20160826,109.60,109.60,109.60,109.60,0
OFT004,20160829,109.66,109.66,109.66,109.66,0
OFT004,20160830,109.64,109.64,109.64,109.64,0
OFT004,20160831,109.58,109.58,109.58,109.58,0
OFT004,20160901,109.45,109.45,109.45,109.45,0
OFT004,20160902,109.41,109.41,109.41,109.41,0
OFT004,20160905,109.45,109.45,109.45,109.45,0
OFT004,20160906,109.56,109.56,109.56,109.56,0
OFT004,20160907,109.62,109.62,109.62,109.62,0
OFT004,20160908,109.52,109.52,109.52,109.52,0
OFT004,20160909,109.36,109.36,109.36,109.36,0
OFT004,20160912,109.54,109.54,109.54,109.54,0
OFT004,20160913,109.46,109.46,109.46,109.46,0
OFT004,20160914,109.49,109.49,109.49,109.49,0
OFT004,20160915,109.45,109.45,109.45,109.45,0
OFT004,20160916,109.37,109.37,109.37,109.37,0
OFT004,20160919,109.45,109.45,109.45,109.45,0
OFT004,20160920,109.38,109.38,109.38,109.38,0
OFT004,20160921,109.46,109.46,109.46,109.46,0
OFT004,20160922,109.51,109.51,109.51,109.51,0
OFT004,20160923,109.50,109.50,109.50,109.50,0
OFT004,20160926,109.46,109.46,109.46,109.46,0
OFT004,20160927,109.36,109.36,109.36,109.36,0
OFT004,20160928,109.28,109.28,109.28,109.28,0
OFT004,20160929,109.27,109.27,109.27,109.27,0
OFT004,20160930,109.15,109.15,109.15,109.15,0
OFT004,20161003,109.42,109.42,109.42,109.42,0
OFT004,20161004,109.44,109.44,109.44,109.44,0
OFT004,20161005,109.23,109.23,109.23,109.23,0
OFT004,20161006,109.14,109.14,109.14,109.14,0
OFT004,20161007,109.10,109.10,109.10,109.10,0
OFT004,20161010,109.10,109.10,109.10,109.10,0
OFT004,20161011,109.12,109.12,109.12,109.12,0
OFT004,20161012,109.11,109.11,109.11,109.11,0
OFT004,20161013,109.24,109.24,109.24,109.24,0
OFT004,20161014,109.21,109.21,109.21,109.21,0
OFT004,20161017,109.15,109.15,109.15,109.15,0
OFT004,20161018,109.21,109.21,109.21,109.21,0
OFT004,20161019,109.27,109.27,109.27,109.27,0
OFT004,20161020,109.26,109.26,109.26,109.26,0
OFT004,20161021,109.27,109.27,109.27,109.27,0
OFT004,20161024,109.18,109.18,109.18,109.18,0
OFT004,20161025,109.16,109.16,109.16,109.16,0
OFT004,20161026,109.05,109.05,109.05,109.05,0
OFT004,20161027,108.83,108.83,108.83,108.83,0
OFT004,20161028,108.95,108.95,108.95,108.95,0
OFT004,20161031,109.06,109.06,109.06,109.06,0
OFT004,20161102,109.02,109.02,109.02,109.02,0
OFT004,20161103,108.96,108.96,108.96,108.96,0
OFT004,20161104,109.06,109.06,109.06,109.06,0
OFT004,20161107,109.06,109.06,109.06,109.06,0
OFT004,20161108,108.98,108.98,108.98,108.98,0
OFT004,20161109,108.77,108.77,108.77,108.77,0
OFT004,20161110,108.41,108.41,108.41,108.41,0
OFT004,20161114,107.88,107.88,107.88,107.88,0
OFT004,20161115,107.87,107.87,107.87,107.87,0
OFT004,20161116,107.58,107.58,107.58,107.58,0
OFT004,20161117,107.48,107.48,107.48,107.48,0
OFT004,20161118,107.25,107.25,107.25,107.25,0
OFT004,20161121,107.58,107.58,107.58,107.58,0
OFT004,20161122,107.83,107.83,107.83,107.83,0
OFT004,20161123,107.72,107.72,107.72,107.72,0
OFT004,20161124,107.51,107.51,107.51,107.51,0
OFT004,20161125,107.79,107.79,107.79,107.79,0
OFT004,20161128,108.16,108.16,108.16,108.16,0
OFT004,20161129,107.87,107.87,107.87,107.87,0
OFT004,20161130,107.73,107.73,107.73,107.73,0
OFT004,20161201,107.03,107.03,107.03,107.03,0
OFT004,20161202,107.13,107.13,107.13,107.13,0
OFT004,20161205,107.14,107.14,107.14,107.14,0
OFT004,20161206,107.72,107.72,107.72,107.72,0
OFT004,20161207,108.21,108.21,108.21,108.21,0
OFT004,20161208,107.91,107.91,107.91,107.91,0
OFT004,20161209,107.92,107.92,107.92,107.92,0
OFT004,20161212,107.81,107.81,107.81,107.81,0
OFT004,20161213,108.19,108.19,108.19,108.19,0
OFT004,20161214,108.65,108.65,108.65,108.65,0
OFT004,20161215,108.33,108.33,108.33,108.33,0
OFT004,20161216,108.68,108.68,108.68,108.68,0
OFT004,20161219,108.84,108.84,108.84,108.84,0
OFT004,20161220,108.61,108.61,108.61,108.61,0
OFT004,20161221,108.78,108.78,108.78,108.78,0
OFT004,20161222,108.74,108.74,108.74,108.74,0
OFT004,20161223,108.70,108.70,108.70,108.70,0
OFT004,20161227,108.61,108.61,108.61,108.61,0
OFT004,20161228,108.54,108.54,108.54,108.54,0
OFT004,20161229,108.40,108.40,108.40,108.40,0
OFT004,20161230,108.03,108.03,108.03,108.03,0
OFT004,20170102,107.78,107.78,107.78,107.78,0
OFT004,20170103,107.62,107.62,107.62,107.62,0
OFT004,20170104,107.66,107.66,107.66,107.66,0
OFT004,20170105,107.83,107.83,107.83,107.83,0
OFT004,20170109,107.84,107.84,107.84,107.84,0
OFT004,20170110,108.19,108.19,108.19,108.19,0
OFT004,20170111,108.25,108.25,108.25,108.25,0
OFT004,20170112,108.23,108.23,108.23,108.23,0
OFT004,20170113,107.99,107.99,107.99,107.99,0
OFT004,20170116,108.11,108.11,108.11,108.11,0
OFT004,20170117,108.06,108.06,108.06,108.06,0
OFT004,20170118,108.03,108.03,108.03,108.03,0
OFT004,20170119,107.72,107.72,107.72,107.72,0
OFT004,20170120,107.56,107.56,107.56,107.56,0
OFT004,20170123,107.80,107.80,107.80,107.80,0
OFT004,20170124,107.79,107.79,107.79,107.79,0
OFT004,20170125,107.72,107.72,107.72,107.72,0
OFT004,20170126,107.30,107.30,107.30,107.30,0
OFT004,20170127,107.41,107.41,107.41,107.41,0
OFT004,20170130,107.51,107.51,107.51,107.51,0
OFT004,20170131,107.58,107.58,107.58,107.58,0
OFT004,20170201,107.51,107.51,107.51,107.51,0
OFT004,20170202,107.88,107.88,107.88,107.88,0
OFT004,20170203,108.00,108.00,108.00,108.00,0
OFT004,20170206,108.06,108.06,108.06,108.06,0
OFT004,20170207,107.91,107.91,107.91,107.91,0
OFT004,20170208,108.05,108.05,108.05,108.05,0
OFT004,20170209,108.03,108.03,108.03,108.03,0
OFT004,20170210,107.90,107.90,107.90,107.90,0
OFT004,20170213,107.70,107.70,107.70,107.70,0
OFT004,20170214,107.80,107.80,107.80,107.80,0
OFT004,20170215,107.72,107.72,107.72,107.72,0
OFT004,20170216,107.85,107.85,107.85,107.85,0
OFT004,20170217,107.85,107.85,107.85,107.85,0
OFT004,20170220,107.87,107.87,107.87,107.87,0
OFT004,20170221,107.75,107.75,107.75,107.75,0
OFT004,20170222,107.62,107.62,107.62,107.62,0
OFT004,20170223,107.78,107.78,107.78,107.78,0
OFT004,20170224,107.87,107.87,107.87,107.87,0
OFT004,20170227,107.80,107.80,107.80,107.80,0
OFT004,20170228,107.90,107.90,107.90,107.90,0
OFT004,20170301,107.79,107.79,107.79,107.79,0
OFT004,20170302,108.03,108.03,108.03,108.03,0
OFT004,20170303,108.25,108.25,108.25,108.25,0
OFT004,20170306,108.34,108.34,108.34,108.34,0
OFT004,20170307,108.34,108.34,108.34,108.34,0
OFT004,20170308,108.20,108.20,108.20,108.20,0
OFT004,20170309,108.24,108.24,108.24,108.24,0
OFT004,20170310,108.18,108.18,108.18,108.18,0
OFT004,20170313,108.25,108.25,108.25,108.25,0
OFT004,20170314,108.14,108.14,108.14,108.14,0
OFT004,20170315,108.15,108.15,108.15,108.15,0
OFT004,20170316,108.28,108.28,108.28,108.28,0
OFT004,20170317,108.20,108.20,108.20,108.20,0
OFT004,20170320,108.27,108.27,108.27,108.27,0
OFT004,20170321,108.41,108.41,108.41,108.41,0
OFT004,20170322,108.76,108.76,108.76,108.76,0
OFT004,20170323,108.93,108.93,108.93,108.93,0
OFT004,20170324,108.95,108.95,108.95,108.95,0
OFT004,20170327,109.07,109.07,109.07,109.07,0
OFT004,20170328,109.03,109.03,109.03,109.03,0
OFT004,20170329,109.01,109.01,109.01,109.01,0
OFT004,20170330,109.09,109.09,109.09,109.09,0
OFT004,20170331,109.22,109.22,109.22,109.22,0
OFT004,20170403,109.31,109.31,109.31,109.31,0
OFT004,20170404,109.19,109.19,109.19,109.19,0
OFT004,20170405,109.23,109.23,109.23,109.23,0
OFT004,20170406,109.17,109.17,109.17,109.17,0
OFT004,20170407,109.20,109.20,109.20,109.20,0
OFT004,20170410,109.13,109.13,109.13,109.13,0
OFT004,20170411,109.19,109.19,109.19,109.19,0
OFT004,20170412,109.16,109.16,109.16,109.16,0
OFT004,20170413,109.39,109.39,109.39,109.39,0
OFT004,20170418,109.48,109.48,109.48,109.48,0
OFT004,20170419,109.47,109.47,109.47,109.47,0
OFT004,20170420,109.41,109.41,109.41,109.41,0
OFT004,20170421,109.38,109.38,109.38,109.38,0
OFT004,20170424,109.53,109.53,109.53,109.53,0
OFT004,20170425,109.44,109.44,109.44,109.44,0
OFT004,20170426,109.39,109.39,109.39,109.39,0
OFT004,20170427,109.54,109.54,109.54,109.54,0
OFT004,20170428,109.48,109.48,109.48,109.48,0
OFT004,20170502,109.40,109.40,109.40,109.40,0
OFT004,20170504,109.38,109.38,109.38,109.38,0
OFT004,20170505,109.44,109.44,109.44,109.44,0
OFT004,20170508,109.47,109.47,109.47,109.47,0
OFT004,20170509,109.40,109.40,109.40,109.40,0
OFT004,20170510,109.54,109.54,109.54,109.54,0
OFT004,20170511,109.61,109.61,109.61,109.61,0
OFT004,20170512,109.74,109.74,109.74,109.74,0
OFT004,20170515,109.69,109.69,109.69,109.69,0
OFT004,20170516,109.74,109.74,109.74,109.74,0
OFT004,20170517,110.05,110.05,110.05,110.05,0
OFT004,20170518,109.94,109.94,109.94,109.94,0
OFT004,20170519,109.86,109.86,109.86,109.86,0
OFT004,20170522,109.89,109.89,109.89,109.89,0
OFT004,20170523,109.92,109.92,109.92,109.92,0
OFT004,20170524,109.94,109.94,109.94,109.94,0
OFT004,20170525,109.97,109.97,109.97,109.97,0
OFT004,20170526,110.09,110.09,110.09,110.09,0
OFT004,20170529,110.06,110.06,110.06,110.06,0
OFT004,20170530,109.93,109.93,109.93,109.93,0
OFT004,20170531,110.12,110.12,110.12,110.12,0
OFT004,20170601,110.19,110.19,110.19,110.19,0
OFT004,20170602,110.25,110.25,110.25,110.25,0
OFT004,20170605,110.17,110.17,110.17,110.17,0
OFT004,20170606,110.11,110.11,110.11,110.11,0
OFT004,20170607,110.06,110.06,110.06,110.06,0
OFT004,20170608,110.17,110.17,110.17,110.17,0
OFT004,20170609,110.17,110.17,110.17,110.17,0
OFT004,20170612,110.24,110.24,110.24,110.24,0
OFT004,20170613,110.10,110.10,110.10,110.10,0
OFT004,20170614,110.18,110.18,110.18,110.18,0
OFT004,20170616,110.25,110.25,110.25,110.25,0
OFT004,20170619,110.16,110.16,110.16,110.16,0
OFT004,20170620,110.14,110.14,110.14,110.14,0
OFT004,20170621,110.07,110.07,110.07,110.07,0
OFT004,20170622,110.09,110.09,110.09,110.09,0
OFT004,20170623,109.97,109.97,109.97,109.97,0
OFT004,20170626,110.07,110.07,110.07,110.07,0
OFT004,20170627,110.01,110.01,110.01,110.01,0
OFT004,20170628,109.98,109.98,109.98,109.98,0
OFT004,20170629,109.94,109.94,109.94,109.94,0
OFT004,20170630,110.10,110.10,110.10,110.10,0
OFT004,20170703,110.12,110.12,110.12,110.12,0
OFT004,20170704,110.24,110.24,110.24,110.24,0
OFT004,20170705,110.13,110.13,110.13,110.13,0
OFT004,20170706,110.01,110.01,110.01,110.01,0
OFT004,20170707,110.01,110.01,110.01,110.01,0
OFT004,20170710,110.12,110.12,110.12,110.12,0
OFT004,20170711,110.11,110.11,110.11,110.11,0
OFT004,20170712,110.10,110.10,110.10,110.10,0
OFT004,20170713,110.11,110.11,110.11,110.11,0
OFT004,20170714,110.11,110.11,110.11,110.11,0
OFT004,20170717,110.06,110.06,110.06,110.06,0
OFT004,20170718,110.17,110.17,110.17,110.17,0
OFT004,20170719,110.11,110.11,110.11,110.11,0
OFT004,20170720,110.03,110.03,110.03,110.03,0
OFT004,20170721,109.91,109.91,109.91,109.91,0
OFT004,20170724,110.01,110.01,110.01,110.01,0
OFT004,20170725,109.89,109.89,109.89,109.89,0
OFT004,20170726,109.89,109.89,109.89,109.89,0
OFT004,20170727,109.95,109.95,109.95,109.95,0
OFT004,20170728,109.87,109.87,109.87,109.87,0
OFT004,20170731,109.85,109.85,109.85,109.85,0
OFT004,20170801,109.84,109.84,109.84,109.84,0
OFT004,20170802,109.87,109.87,109.87,109.87,0
OFT004,20170803,109.87,109.87,109.87,109.87,0
OFT004,20170804,109.85,109.85,109.85,109.85,0
OFT004,20170807,109.85,109.85,109.85,109.85,0
OFT004,20170808,109.84,109.84,109.84,109.84,0
OFT004,20170809,109.84,109.84,109.84,109.84,0
OFT004,20170810,109.74,109.74,109.74,109.74,0
OFT004,20170811,109.67,109.67,109.67,109.67,0
OFT004,20170814,109.68,109.68,109.68,109.68,0
OFT004,20170816,109.78,109.78,109.78,109.78,0
OFT004,20170817,109.79,109.79,109.79,109.79,0
OFT004,20170818,109.92,109.92,109.92,109.92,0
OFT004,20170821,109.94,109.94,109.94,109.94,0
OFT004,20170822,109.87,109.87,109.87,109.87,0
OFT004,20170823,109.89,109.89,109.89,109.89,0
OFT004,20170824,109.95,109.95,109.95,109.95,0
OFT004,20170825,109.93,109.93,109.93,109.93,0
OFT004,20170828,109.93,109.93,109.93,109.93,0
OFT004,20170829,109.96,109.96,109.96,109.96,0
OFT004,20170830,109.94,109.94,109.94,109.94,0
OFT004,20170831,109.92,109.92,109.92,109.92,0
OFT004,20170901,109.90,109.90,109.90,109.90,0
OFT004,20170904,109.90,109.90,109.90,109.90,0
OFT004,20170905,110.01,110.01,110.01,110.01,0
OFT004,20170906,110.06,110.06,110.06,110.06,0
OFT004,20170907,110.13,110.13,110.13,110.13,0
OFT004,20170908,110.12,110.12,110.12,110.12,0
OFT004,20170911,110.11,110.11,110.11,110.11,0
OFT004,20170912,110.02,110.02,110.02,110.02,0
OFT004,20170913,110.00,110.00,110.00,110.00,0
OFT004,20170914,109.99,109.99,109.99,109.99,0
OFT004,20170915,109.99,109.99,109.99,109.99,0
OFT004,20170918,109.93,109.93,109.93,109.93,0
OFT004,20170919,109.81,109.81,109.81,109.81,0
OFT004,20170920,109.84,109.84,109.84,109.84,0
OFT004,20170921,109.80,109.80,109.80,109.80,0
