Name,Date,Open,High,Low,Close,Volume
OPE033,20140708,100.00,100.00,100.00,100.00,0
OPE033,20140709,100.01,100.01,100.01,100.01,0
OPE033,20140710,100.01,100.01,100.01,100.01,0
OPE033,20140711,99.49,99.49,99.49,99.49,0
OPE033,20140714,99.51,99.51,99.51,99.51,0
OPE033,20140715,100.23,100.23,100.23,100.23,0
OPE033,20140716,99.75,99.75,99.75,99.75,0
OPE033,20140717,100.51,100.51,100.51,100.51,0
OPE033,20140718,99.96,99.96,99.96,99.96,0
OPE033,20140721,100.14,100.14,100.14,100.14,0
OPE033,20140722,99.86,99.86,99.86,99.86,0
OPE033,20140723,100.84,100.84,100.84,100.84,0
OPE033,20140724,100.92,100.92,100.92,100.92,0
OPE033,20140725,101.24,101.24,101.24,101.24,0
OPE033,20140728,100.68,100.68,100.68,100.68,0
OPE033,20140729,100.57,100.57,100.57,100.57,0
OPE033,20140730,100.76,100.76,100.76,100.76,0
OPE033,20140731,100.48,100.48,100.48,100.48,0
OPE033,20140801,99.33,99.33,99.33,99.33,0
OPE033,20140804,98.33,98.33,98.33,98.33,0
OPE033,20140805,98.75,98.75,98.75,98.75,0
OPE033,20140806,98.88,98.88,98.88,98.88,0
OPE033,20140807,98.40,98.40,98.40,98.40,0
OPE033,20140808,97.95,97.95,97.95,97.95,0
OPE033,20140811,97.75,97.75,97.75,97.75,0
OPE033,20140812,98.67,98.67,98.67,98.67,0
OPE033,20140813,98.36,98.36,98.36,98.36,0
OPE033,20140814,99.14,99.14,99.14,99.14,0
OPE033,20140818,99.12,99.12,99.12,99.12,0
OPE033,20140819,100.07,100.07,100.07,100.07,0
OPE033,20140820,100.39,100.39,100.39,100.39,0
OPE033,20140821,100.55,100.55,100.55,100.55,0
OPE033,20140822,100.98,100.98,100.98,100.98,0
OPE033,20140825,100.85,100.85,100.85,100.85,0
OPE033,20140826,101.63,101.63,101.63,101.63,0
OPE033,20140827,102.00,102.00,102.00,102.00,0
OPE033,20140828,102.02,102.02,102.02,102.02,0
OPE033,20140829,101.62,101.62,101.62,101.62,0
OPE033,20140901,101.93,101.93,101.93,101.93,0
OPE033,20140902,102.09,102.09,102.09,102.09,0
OPE033,20140903,101.95,101.95,101.95,101.95,0
OPE033,20140904,102.44,102.44,102.44,102.44,0
OPE033,20140905,103.05,103.05,103.05,103.05,0
OPE033,20140908,102.61,102.61,102.61,102.61,0
OPE033,20140909,102.63,102.63,102.63,102.63,0
OPE033,20140910,102.22,102.22,102.22,102.22,0
OPE033,20140911,102.19,102.19,102.19,102.19,0
OPE033,20140912,102.19,102.19,102.19,102.19,0
OPE033,20140915,102.09,102.09,102.09,102.09,0
OPE033,20140916,101.80,101.80,101.80,101.80,0
OPE033,20140917,102.04,102.04,102.04,102.04,0
OPE033,20140918,102.14,102.14,102.14,102.14,0
OPE033,20140919,102.75,102.75,102.75,102.75,0
OPE033,20140922,102.80,102.80,102.80,102.80,0
OPE033,20140923,102.01,102.01,102.01,102.01,0
OPE033,20140924,101.58,101.58,101.58,101.58,0
OPE033,20140925,101.87,101.87,101.87,101.87,0
OPE033,20140926,100.93,100.93,100.93,100.93,0
OPE033,20140929,101.04,101.04,101.04,101.04,0
OPE033,20140930,100.93,100.93,100.93,100.93,0
OPE033,20141001,101.12,101.12,101.12,101.12,0
OPE033,20141002,100.38,100.38,100.38,100.38,0
OPE033,20141003,98.80,98.80,98.80,98.80,0
OPE033,20141006,100.04,100.04,100.04,100.04,0
OPE033,20141007,100.16,100.16,100.16,100.16,0
OPE033,20141008,99.41,99.41,99.41,99.41,0
OPE033,20141009,98.45,98.45,98.45,98.45,0
OPE033,20141010,98.67,98.67,98.67,98.67,0
OPE033,20141013,97.36,97.36,97.36,97.36,0
OPE033,20141014,96.80,96.80,96.80,96.80,0
OPE033,20141015,96.78,96.78,96.78,96.78,0
OPE033,20141016,94.68,94.68,94.68,94.68,0
OPE033,20141017,94.61,94.61,94.61,94.61,0
OPE033,20141020,96.34,96.34,96.34,96.34,0
OPE033,20141021,96.32,96.32,96.32,96.32,0
OPE033,20141022,97.89,97.89,97.89,97.89,0
OPE033,20141023,98.56,98.56,98.56,98.56,0
OPE033,20141024,98.77,98.77,98.77,98.77,0
OPE033,20141027,98.90,98.90,98.90,98.90,0
OPE033,20141028,98.63,98.63,98.63,98.63,0
OPE033,20141029,99.33,99.33,99.33,99.33,0
OPE033,20141030,99.82,99.82,99.82,99.82,0
OPE033,20141031,100.19,100.19,100.19,100.19,0
OPE033,20141103,101.57,101.57,101.57,101.57,0
OPE033,20141104,101.54,101.54,101.54,101.54,0
OPE033,20141105,100.77,100.77,100.77,100.77,0
OPE033,20141106,101.61,101.61,101.61,101.61,0
OPE033,20141107,101.69,101.69,101.69,101.69,0
OPE033,20141110,101.56,101.56,101.56,101.56,0
OPE033,20141112,102.26,102.26,102.26,102.26,0
OPE033,20141113,101.95,101.95,101.95,101.95,0
OPE033,20141114,102.06,102.06,102.06,102.06,0
OPE033,20141117,102.19,102.19,102.19,102.19,0
OPE033,20141118,102.10,102.10,102.10,102.10,0
OPE033,20141119,102.83,102.83,102.83,102.83,0
OPE033,20141120,102.54,102.54,102.54,102.54,0
OPE033,20141121,102.74,102.74,102.74,102.74,0
OPE033,20141124,103.78,103.78,103.78,103.78,0
OPE033,20141125,103.91,103.91,103.91,103.91,0
OPE033,20141126,103.99,103.99,103.99,103.99,0
OPE033,20141127,104.10,104.10,104.10,104.10,0
OPE033,20141128,104.31,104.31,104.31,104.31,0
OPE033,20141201,104.22,104.22,104.22,104.22,0
OPE033,20141202,103.53,103.53,103.53,103.53,0
OPE033,20141203,104.00,104.00,104.00,104.00,0
OPE033,20141204,104.27,104.27,104.27,104.27,0
OPE033,20141205,103.84,103.84,103.84,103.84,0
OPE033,20141208,104.55,104.55,104.55,104.55,0
OPE033,20141209,104.16,104.16,104.16,104.16,0
OPE033,20141210,102.62,102.62,102.62,102.62,0
OPE033,20141211,102.44,102.44,102.44,102.44,0
OPE033,20141212,102.47,102.47,102.47,102.47,0
OPE033,20141215,100.60,100.60,100.60,100.60,0
OPE033,20141216,99.10,99.10,99.10,99.10,0
OPE033,20141217,100.00,100.00,100.00,100.00,0
OPE033,20141218,99.86,99.86,99.86,99.86,0
OPE033,20141219,102.18,102.18,102.18,102.18,0
OPE033,20141222,102.78,102.78,102.78,102.78,0
OPE033,20141223,103.23,103.23,103.23,103.23,0
OPE033,20141229,103.90,103.90,103.90,103.90,0
OPE033,20141230,103.91,103.91,103.91,103.91,0
OPE033,20150102,103.47,103.47,103.47,103.47,0
OPE033,20150105,102.74,102.74,102.74,102.74,0
OPE033,20150107,100.63,100.63,100.63,100.63,0
OPE033,20150108,101.54,101.54,101.54,101.54,0
OPE033,20150109,103.71,103.71,103.71,103.71,0
OPE033,20150112,102.99,102.99,102.99,102.99,0
OPE033,20150113,102.75,102.75,102.75,102.75,0
OPE033,20150114,103.81,103.81,103.81,103.81,0
OPE033,20150115,102.12,102.12,102.12,102.12,0
OPE033,20150116,103.18,103.18,103.18,103.18,0
OPE033,20150119,103.58,103.58,103.58,103.58,0
OPE033,20150120,103.85,103.85,103.85,103.85,0
OPE033,20150121,104.04,104.04,104.04,104.04,0
OPE033,20150122,104.84,104.84,104.84,104.84,0
OPE033,20150123,105.68,105.68,105.68,105.68,0
OPE033,20150126,106.75,106.75,106.75,106.75,0
OPE033,20150127,106.89,106.89,106.89,106.89,0
OPE033,20150128,106.05,106.05,106.05,106.05,0
OPE033,20150129,106.09,106.09,106.09,106.09,0
OPE033,20150130,105.30,105.30,105.30,105.30,0
OPE033,20150202,104.93,104.93,104.93,104.93,0
OPE033,20150203,104.98,104.98,104.98,104.98,0
OPE033,20150204,105.65,105.65,105.65,105.65,0
OPE033,20150205,106.29,106.29,106.29,106.29,0
OPE033,20150206,106.50,106.50,106.50,106.50,0
OPE033,20150209,106.67,106.67,106.67,106.67,0
OPE033,20150210,105.85,105.85,105.85,105.85,0
OPE033,20150211,106.16,106.16,106.16,106.16,0
OPE033,20150212,106.39,106.39,106.39,106.39,0
OPE033,20150213,107.09,107.09,107.09,107.09,0
OPE033,20150216,107.72,107.72,107.72,107.72,0
OPE033,20150217,107.67,107.67,107.67,107.67,0
OPE033,20150218,107.72,107.72,107.72,107.72,0
OPE033,20150219,108.09,108.09,108.09,108.09,0
OPE033,20150220,108.49,108.49,108.49,108.49,0
OPE033,20150223,108.32,108.32,108.32,108.32,0
OPE033,20150224,108.75,108.75,108.75,108.75,0
OPE033,20150225,109.21,109.21,109.21,109.21,0
OPE033,20150226,109.14,109.14,109.14,109.14,0
OPE033,20150227,109.41,109.41,109.41,109.41,0
OPE033,20150302,109.44,109.44,109.44,109.44,0
OPE033,20150303,109.47,109.47,109.47,109.47,0
OPE033,20150304,108.87,108.87,108.87,108.87,0
OPE033,20150305,109.01,109.01,109.01,109.01,0
OPE033,20150306,109.66,109.66,109.66,109.66,0
OPE033,20150309,109.16,109.16,109.16,109.16,0
OPE033,20150310,108.79,108.79,108.79,108.79,0
OPE033,20150311,107.69,107.69,107.69,107.69,0
OPE033,20150312,108.34,108.34,108.34,108.34,0
OPE033,20150313,108.83,108.83,108.83,108.83,0
OPE033,20150316,108.67,108.67,108.67,108.67,0
OPE033,20150317,109.58,109.58,109.58,109.58,0
OPE033,20150318,109.43,109.43,109.43,109.43,0
OPE033,20150319,109.54,109.54,109.54,109.54,0
OPE033,20150320,110.11,110.11,110.11,110.11,0
OPE033,20150323,110.63,110.63,110.63,110.63,0
OPE033,20150324,110.57,110.57,110.57,110.57,0
OPE033,20150325,110.51,110.51,110.51,110.51,0
OPE033,20150326,109.49,109.49,109.49,109.49,0
OPE033,20150327,108.74,108.74,108.74,108.74,0
OPE033,20150330,108.87,108.87,108.87,108.87,0
OPE033,20150331,110.01,110.01,110.01,110.01,0
OPE033,20150401,109.85,109.85,109.85,109.85,0
OPE033,20150402,109.84,109.84,109.84,109.84,0
OPE033,20150407,110.83,110.83,110.83,110.83,0
OPE033,20150408,111.25,111.25,111.25,111.25,0
OPE033,20150409,111.21,111.21,111.21,111.21,0
OPE033,20150410,111.86,111.86,111.86,111.86,0
OPE033,20150413,112.46,112.46,112.46,112.46,0
OPE033,20150414,112.54,112.54,112.54,112.54,0
OPE033,20150415,111.90,111.90,111.90,111.90,0
OPE033,20150416,112.16,112.16,112.16,112.16,0
OPE033,20150417,111.87,111.87,111.87,111.87,0
OPE033,20150420,110.36,110.36,110.36,110.36,0
OPE033,20150421,110.97,110.97,110.97,110.97,0
OPE033,20150422,111.30,111.30,111.30,111.30,0
OPE033,20150423,111.53,111.53,111.53,111.53,0
OPE033,20150424,111.45,111.45,111.45,111.45,0
OPE033,20150427,111.67,111.67,111.67,111.67,0
OPE033,20150428,112.01,112.01,112.01,112.01,0
OPE033,20150429,111.21,111.21,111.21,111.21,0
OPE033,20150430,110.11,110.11,110.11,110.11,0
OPE033,20150504,109.61,109.61,109.61,109.61,0
OPE033,20150505,110.22,110.22,110.22,110.22,0
OPE033,20150506,109.10,109.10,109.10,109.10,0
OPE033,20150507,108.28,108.28,108.28,108.28,0
OPE033,20150508,108.14,108.14,108.14,108.14,0
OPE033,20150511,109.96,109.96,109.96,109.96,0
OPE033,20150512,110.02,110.02,110.02,110.02,0
OPE033,20150513,109.18,109.18,109.18,109.18,0
OPE033,20150514,109.26,109.26,109.26,109.26,0
OPE033,20150515,109.94,109.94,109.94,109.94,0
OPE033,20150518,109.94,109.94,109.94,109.94,0
OPE033,20150519,110.37,110.37,110.37,110.37,0
OPE033,20150520,111.28,111.28,111.28,111.28,0
OPE033,20150521,111.46,111.46,111.46,111.46,0
OPE033,20150522,111.78,111.78,111.78,111.78,0
OPE033,20150525,111.80,111.80,111.80,111.80,0
OPE033,20150526,111.68,111.68,111.68,111.68,0
OPE033,20150527,110.89,110.89,110.89,110.89,0
OPE033,20150528,111.49,111.49,111.49,111.49,0
OPE033,20150529,111.07,111.07,111.07,111.07,0
OPE033,20150601,110.32,110.32,110.32,110.32,0
OPE033,20150602,110.44,110.44,110.44,110.44,0
OPE033,20150603,109.91,109.91,109.91,109.91,0
OPE033,20150605,109.06,109.06,109.06,109.06,0
OPE033,20150608,108.70,108.70,108.70,108.70,0
OPE033,20150609,108.00,108.00,108.00,108.00,0
OPE033,20150610,107.59,107.59,107.59,107.59,0
OPE033,20150611,108.83,108.83,108.83,108.83,0
OPE033,20150612,109.15,109.15,109.15,109.15,0
OPE033,20150615,108.61,108.61,108.61,108.61,0
OPE033,20150616,107.66,107.66,107.66,107.66,0
OPE033,20150617,108.01,108.01,108.01,108.01,0
OPE033,20150618,107.94,107.94,107.94,107.94,0
OPE033,20150619,108.46,108.46,108.46,108.46,0
OPE033,20150622,108.46,108.46,108.46,108.46,0
OPE033,20150623,109.72,109.72,109.72,109.72,0
OPE033,20150624,110.26,110.26,110.26,110.26,0
OPE033,20150625,110.06,110.06,110.06,110.06,0
OPE033,20150626,109.94,109.94,109.94,109.94,0
OPE033,20150629,109.53,109.53,109.53,109.53,0
OPE033,20150630,107.55,107.55,107.55,107.55,0
OPE033,20150701,107.07,107.07,107.07,107.07,0
OPE033,20150702,107.90,107.90,107.90,107.90,0
OPE033,20150703,107.64,107.64,107.64,107.64,0
OPE033,20150706,107.28,107.28,107.28,107.28,0
OPE033,20150707,106.37,106.37,106.37,106.37,0
OPE033,20150708,105.22,105.22,105.22,105.22,0
OPE033,20150709,104.99,104.99,104.99,104.99,0
OPE033,20150710,106.40,106.40,106.40,106.40,0
OPE033,20150713,107.62,107.62,107.62,107.62,0
OPE033,20150714,108.90,108.90,108.90,108.90,0
OPE033,20150715,109.24,109.24,109.24,109.24,0
OPE033,20150716,109.47,109.47,109.47,109.47,0
OPE033,20150717,110.45,110.45,110.45,110.45,0
OPE033,20150720,110.50,110.50,110.50,110.50,0
OPE033,20150721,110.68,110.68,110.68,110.68,0
OPE033,20150722,110.09,110.09,110.09,110.09,0
OPE033,20150723,109.77,109.77,109.77,109.77,0
OPE033,20150724,109.52,109.52,109.52,109.52,0
OPE033,20150727,108.72,108.72,108.72,108.72,0
OPE033,20150728,106.97,106.97,106.97,106.97,0
OPE033,20150729,107.39,107.39,107.39,107.39,0
OPE033,20150730,108.49,108.49,108.49,108.49,0
OPE033,20150731,108.46,108.46,108.46,108.46,0
OPE033,20150803,108.80,108.80,108.80,108.80,0
OPE033,20150804,108.82,108.82,108.82,108.82,0
OPE033,20150805,108.84,108.84,108.84,108.84,0
OPE033,20150806,109.75,109.75,109.75,109.75,0
OPE033,20150807,108.90,108.90,108.90,108.90,0
OPE033,20150810,108.25,108.25,108.25,108.25,0
OPE033,20150811,109.23,109.23,109.23,109.23,0
OPE033,20150812,107.99,107.99,107.99,107.99,0
OPE033,20150813,106.07,106.07,106.07,106.07,0
OPE033,20150814,107.05,107.05,107.05,107.05,0
OPE033,20150817,107.07,107.07,107.07,107.07,0
OPE033,20150818,107.21,107.21,107.21,107.21,0
OPE033,20150819,107.27,107.27,107.27,107.27,0
OPE033,20150820,105.88,105.88,105.88,105.88,0
OPE033,20150821,104.55,104.55,104.55,104.55,0
OPE033,20150824,101.94,101.94,101.94,101.94,0
OPE033,20150825,98.04,98.04,98.04,98.04,0
OPE033,20150826,100.56,100.56,100.56,100.56,0
OPE033,20150827,98.29,98.29,98.29,98.29,0
OPE033,20150828,101.64,101.64,101.64,101.64,0
OPE033,20150831,101.89,101.89,101.89,101.89,0
OPE033,20150901,101.72,101.72,101.72,101.72,0
OPE033,20150902,99.38,99.38,99.38,99.38,0
OPE033,20150903,99.27,99.27,99.27,99.27,0
OPE033,20150904,101.18,101.18,101.18,101.18,0
OPE033,20150907,99.15,99.15,99.15,99.15,0
OPE033,20150908,99.22,99.22,99.22,99.22,0
OPE033,20150909,100.07,100.07,100.07,100.07,0
OPE033,20150910,101.28,101.28,101.28,101.28,0
OPE033,20150911,100.33,100.33,100.33,100.33,0
OPE033,20150914,99.79,99.79,99.79,99.79,0
OPE033,20150915,99.74,99.74,99.74,99.74,0
OPE033,20150916,100.31,100.31,100.31,100.31,0
OPE033,20150917,101.54,101.54,101.54,101.54,0
OPE033,20150918,101.70,101.70,101.70,101.70,0
OPE033,20150921,100.63,100.63,100.63,100.63,0
OPE033,20150922,100.91,100.91,100.91,100.91,0
OPE033,20150923,99.08,99.08,99.08,99.08,0
OPE033,20150924,99.06,99.06,99.06,99.06,0
OPE033,20150925,97.91,97.91,97.91,97.91,0
OPE033,20150928,99.60,99.60,99.60,99.60,0
OPE033,20150929,97.65,97.65,97.65,97.65,0
OPE033,20150930,97.05,97.05,97.05,97.05,0
OPE033,20151001,98.50,98.50,98.50,98.50,0
OPE033,20151002,98.44,98.44,98.44,98.44,0
OPE033,20151005,98.93,98.93,98.93,98.93,0
OPE033,20151006,101.66,101.66,101.66,101.66,0
OPE033,20151007,101.65,101.65,101.65,101.65,0
OPE033,20151008,101.88,101.88,101.88,101.88,0
OPE033,20151009,101.96,101.96,101.96,101.96,0
OPE033,20151012,102.52,102.52,102.52,102.52,0
OPE033,20151013,102.38,102.38,102.38,102.38,0
OPE033,20151014,102.12,102.12,102.12,102.12,0
OPE033,20151015,101.36,101.36,101.36,101.36,0
OPE033,20151016,102.21,102.21,102.21,102.21,0
OPE033,20151019,103.41,103.41,103.41,103.41,0
OPE033,20151020,103.53,103.53,103.53,103.53,0
OPE033,20151021,103.30,103.30,103.30,103.30,0
OPE033,20151022,103.17,103.17,103.17,103.17,0
OPE033,20151023,104.41,104.41,104.41,104.41,0
OPE033,20151026,105.70,105.70,105.70,105.70,0
OPE033,20151027,105.74,105.74,105.74,105.74,0
OPE033,20151028,105.10,105.10,105.10,105.10,0
OPE033,20151029,105.98,105.98,105.98,105.98,0
OPE033,20151030,105.76,105.76,105.76,105.76,0
OPE033,20151102,105.62,105.62,105.62,105.62,0
OPE033,20151103,105.82,105.82,105.82,105.82,0
OPE033,20151104,106.40,106.40,106.40,106.40,0
OPE033,20151105,106.47,106.47,106.47,106.47,0
OPE033,20151106,106.35,106.35,106.35,106.35,0
OPE033,20151109,106.12,106.12,106.12,106.12,0
OPE033,20151110,105.23,105.23,105.23,105.23,0
OPE033,20151112,105.66,105.66,105.66,105.66,0
OPE033,20151113,104.77,104.77,104.77,104.77,0
OPE033,20151116,103.67,103.67,103.67,103.67,0
OPE033,20151117,103.60,103.60,103.60,103.60,0
OPE033,20151118,105.33,105.33,105.33,105.33,0
OPE033,20151119,105.24,105.24,105.24,105.24,0
OPE033,20151120,105.79,105.79,105.79,105.79,0
OPE033,20151123,106.18,106.18,106.18,106.18,0
OPE033,20151124,106.19,106.19,106.19,106.19,0
OPE033,20151125,105.41,105.41,105.41,105.41,0
OPE033,20151126,106.11,106.11,106.11,106.11,0
OPE033,20151127,106.54,106.54,106.54,106.54,0
OPE033,20151130,106.02,106.02,106.02,106.02,0
OPE033,20151201,105.92,105.92,105.92,105.92,0
OPE033,20151202,106.30,106.30,106.30,106.30,0
OPE033,20151203,106.45,106.45,106.45,106.45,0
OPE033,20151204,104.84,104.84,104.84,104.84,0
OPE033,20151207,104.51,104.51,104.51,104.51,0
OPE033,20151208,104.72,104.72,104.72,104.72,0
OPE033,20151209,103.80,103.80,103.80,103.80,0
OPE033,20151210,103.20,103.20,103.20,103.20,0
OPE033,20151211,102.90,102.90,102.90,102.90,0
OPE033,20151214,101.11,101.11,101.11,101.11,0
OPE033,20151215,100.37,100.37,100.37,100.37,0
OPE033,20151216,102.46,102.46,102.46,102.46,0
OPE033,20151217,102.78,102.78,102.78,102.78,0
OPE033,20151218,103.58,103.58,103.58,103.58,0
OPE033,20151221,102.40,102.40,102.40,102.40,0
OPE033,20151222,101.85,101.85,101.85,101.85,0
OPE033,20151223,102.16,102.16,102.16,102.16,0
OPE033,20151228,103.84,103.84,103.84,103.84,0
OPE033,20151229,103.17,103.17,103.17,103.17,0
OPE033,20151230,104.36,104.36,104.36,104.36,0
OPE033,20160104,103.53,103.53,103.53,103.53,0
OPE033,20160105,101.05,101.05,101.05,101.05,0
OPE033,20160107,100.75,100.75,100.75,100.75,0
OPE033,20160108,99.02,99.02,99.02,99.02,0
OPE033,20160111,97.88,97.88,97.88,97.88,0
OPE033,20160112,97.01,97.01,97.01,97.01,0
OPE033,20160113,97.47,97.47,97.47,97.47,0
OPE033,20160114,97.57,97.57,97.57,97.57,0
OPE033,20160115,96.48,96.48,96.48,96.48,0
OPE033,20160118,94.16,94.16,94.16,94.16,0
OPE033,20160119,94.31,94.31,94.31,94.31,0
OPE033,20160120,95.11,95.11,95.11,95.11,0
OPE033,20160121,92.12,92.12,92.12,92.12,0
OPE033,20160122,94.08,94.08,94.08,94.08,0
OPE033,20160125,95.61,95.61,95.61,95.61,0
OPE033,20160126,95.42,95.42,95.42,95.42,0
OPE033,20160127,95.60,95.60,95.60,95.60,0
OPE033,20160128,96.28,96.28,96.28,96.28,0
OPE033,20160129,95.21,95.21,95.21,95.21,0
OPE033,20160201,97.23,97.23,97.23,97.23,0
OPE033,20160202,97.49,97.49,97.49,97.49,0
OPE033,20160203,96.21,96.21,96.21,96.21,0
OPE033,20160204,95.14,95.14,95.14,95.14,0
OPE033,20160205,95.58,95.58,95.58,95.58,0
OPE033,20160208,94.75,94.75,94.75,94.75,0
OPE033,20160209,92.37,92.37,92.37,92.37,0
OPE033,20160210,91.68,91.68,91.68,91.68,0
OPE033,20160211,92.77,92.77,92.77,92.77,0
OPE033,20160212,90.34,90.34,90.34,90.34,0
OPE033,20160215,91.81,91.81,91.81,91.81,0
OPE033,20160216,93.80,93.80,93.80,93.80,0
OPE033,20160217,93.70,93.70,93.70,93.70,0
OPE033,20160218,95.37,95.37,95.37,95.37,0
OPE033,20160219,95.49,95.49,95.49,95.49,0
OPE033,20160222,95.08,95.08,95.08,95.08,0
OPE033,20160223,96.39,96.39,96.39,96.39,0
OPE033,20160224,95.34,95.34,95.34,95.34,0
OPE033,20160225,94.21,94.21,94.21,94.21,0
OPE033,20160226,95.38,95.38,95.38,95.38,0
OPE033,20160229,96.40,96.40,96.40,96.40,0
OPE033,20160301,96.64,96.64,96.64,96.64,0
OPE033,20160302,97.53,97.53,97.53,97.53,0
OPE033,20160303,97.88,97.88,97.88,97.88,0
OPE033,20160304,97.98,97.98,97.98,97.98,0
OPE033,20160307,98.70,98.70,98.70,98.70,0
OPE033,20160308,98.45,98.45,98.45,98.45,0
OPE033,20160309,97.69,97.69,97.69,97.69,0
OPE033,20160310,98.04,98.04,98.04,98.04,0
OPE033,20160311,97.18,97.18,97.18,97.18,0
OPE033,20160314,98.85,98.85,98.85,98.85,0
OPE033,20160315,99.16,99.16,99.16,99.16,0
OPE033,20160316,98.41,98.41,98.41,98.41,0
OPE033,20160317,98.48,98.48,98.48,98.48,0
OPE033,20160318,99.22,99.22,99.22,99.22,0
OPE033,20160321,99.60,99.60,99.60,99.60,0
OPE033,20160322,99.57,99.57,99.57,99.57,0
OPE033,20160323,99.77,99.77,99.77,99.77,0
OPE033,20160324,99.35,99.35,99.35,99.35,0
OPE033,20160329,98.59,98.59,98.59,98.59,0
OPE033,20160330,98.72,98.72,98.72,98.72,0
OPE033,20160331,99.96,99.96,99.96,99.96,0
OPE033,20160401,99.76,99.76,99.76,99.76,0
OPE033,20160404,99.05,99.05,99.05,99.05,0
OPE033,20160405,99.34,99.34,99.34,99.34,0
OPE033,20160406,98.07,98.07,98.07,98.07,0
OPE033,20160407,98.51,98.51,98.51,98.51,0
OPE033,20160408,97.99,97.99,97.99,97.99,0
OPE033,20160411,98.50,98.50,98.50,98.50,0
OPE033,20160412,98.66,98.66,98.66,98.66,0
OPE033,20160413,98.90,98.90,98.90,98.90,0
OPE033,20160414,100.28,100.28,100.28,100.28,0
OPE033,20160415,100.55,100.55,100.55,100.55,0
OPE033,20160418,100.26,100.26,100.26,100.26,0
OPE033,20160419,100.59,100.59,100.59,100.59,0
OPE033,20160420,101.31,101.31,101.31,101.31,0
OPE033,20160421,101.60,101.60,101.60,101.60,0
OPE033,20160422,101.21,101.21,101.21,101.21,0
OPE033,20160423,100.71,100.71,100.71,100.71,0
OPE033,20160425,100.71,100.71,100.71,100.71,0
OPE033,20160426,100.23,100.23,100.23,100.23,0
OPE033,20160427,100.47,100.47,100.47,100.47,0
OPE033,20160428,100.58,100.58,100.58,100.58,0
OPE033,20160429,100.64,100.64,100.64,100.64,0
OPE033,20160502,99.01,99.01,99.01,99.01,0
OPE033,20160504,98.24,98.24,98.24,98.24,0
OPE033,20160505,97.57,97.57,97.57,97.57,0
OPE033,20160506,97.83,97.83,97.83,97.83,0
OPE033,20160509,97.30,97.30,97.30,97.30,0
OPE033,20160510,97.74,97.74,97.74,97.74,0
OPE033,20160511,98.62,98.62,98.62,98.62,0
OPE033,20160512,98.61,98.61,98.61,98.61,0
OPE033,20160513,97.93,97.93,97.93,97.93,0
OPE033,20160516,98.14,98.14,98.14,98.14,0
OPE033,20160517,98.34,98.34,98.34,98.34,0
OPE033,20160518,98.39,98.39,98.39,98.39,0
OPE033,20160519,98.31,98.31,98.31,98.31,0
OPE033,20160520,97.33,97.33,97.33,97.33,0
OPE033,20160523,98.45,98.45,98.45,98.45,0
OPE033,20160524,98.20,98.20,98.20,98.20,0
OPE033,20160525,99.40,99.40,99.40,99.40,0
OPE033,20160527,100.32,100.32,100.32,100.32,0
OPE033,20160530,100.61,100.61,100.61,100.61,0
OPE033,20160531,100.66,100.66,100.66,100.66,0
OPE033,20160601,100.46,100.46,100.46,100.46,0
OPE033,20160602,100.20,100.20,100.20,100.20,0
OPE033,20160603,100.33,100.33,100.33,100.33,0
OPE033,20160606,100.20,100.20,100.20,100.20,0
OPE033,20160607,100.68,100.68,100.68,100.68,0
OPE033,20160608,101.26,101.26,101.26,101.26,0
OPE033,20160609,101.08,101.08,101.08,101.08,0
OPE033,20160610,100.51,100.51,100.51,100.51,0
OPE033,20160613,99.44,99.44,99.44,99.44,0
OPE033,20160614,98.29,98.29,98.29,98.29,0
OPE033,20160615,97.22,97.22,97.22,97.22,0
OPE033,20160616,97.88,97.88,97.88,97.88,0
OPE033,20160617,97.04,97.04,97.04,97.04,0
OPE033,20160620,97.61,97.61,97.61,97.61,0
OPE033,20160621,99.09,99.09,99.09,99.09,0
OPE033,20160622,99.17,99.17,99.17,99.17,0
OPE033,20160623,99.61,99.61,99.61,99.61,0
OPE033,20160624,100.37,100.37,100.37,100.37,0
OPE033,20160627,97.08,97.08,97.08,97.08,0
OPE033,20160628,94.66,94.66,94.66,94.66,0
OPE033,20160629,95.92,95.92,95.92,95.92,0
OPE033,20160630,97.88,97.88,97.88,97.88,0
OPE033,20160701,98.81,98.81,98.81,98.81,0
OPE033,20160704,99.30,99.30,99.30,99.30,0
OPE033,20160705,99.14,99.14,99.14,99.14,0
OPE033,20160706,98.21,98.21,98.21,98.21,0
OPE033,20160707,97.74,97.74,97.74,97.74,0
OPE033,20160708,98.38,98.38,98.38,98.38,0
OPE033,20160711,99.27,99.27,99.27,99.27,0
OPE033,20160712,100.37,100.37,100.37,100.37,0
OPE033,20160713,101.03,101.03,101.03,101.03,0
OPE033,20160714,100.70,100.70,100.70,100.70,0
OPE033,20160715,101.36,101.36,101.36,101.36,0
OPE033,20160718,101.21,101.21,101.21,101.21,0
OPE033,20160719,101.47,101.47,101.47,101.47,0
OPE033,20160720,101.22,101.22,101.22,101.22,0
OPE033,20160721,101.89,101.89,101.89,101.89,0
OPE033,20160722,101.69,101.69,101.69,101.69,0
OPE033,20160725,101.71,101.71,101.71,101.71,0
OPE033,20160726,101.58,101.58,101.58,101.58,0
OPE033,20160727,101.87,101.87,101.87,101.87,0
OPE033,20160728,101.81,101.81,101.81,101.81,0
OPE033,20160729,101.58,101.58,101.58,101.58,0
OPE033,20160801,101.74,101.74,101.74,101.74,0
OPE033,20160802,101.71,101.71,101.71,101.71,0
OPE033,20160803,100.79,100.79,100.79,100.79,0
OPE033,20160804,100.79,100.79,100.79,100.79,0
OPE033,20160805,101.31,101.31,101.31,101.31,0
OPE033,20160808,101.93,101.93,101.93,101.93,0
OPE033,20160809,101.93,101.93,101.93,101.93,0
OPE033,20160810,102.38,102.38,102.38,102.38,0
OPE033,20160811,102.03,102.03,102.03,102.03,0
OPE033,20160812,102.45,102.45,102.45,102.45,0
OPE033,20160816,102.65,102.65,102.65,102.65,0
OPE033,20160817,101.98,101.98,101.98,101.98,0
OPE033,20160818,101.39,101.39,101.39,101.39,0
OPE033,20160819,101.86,101.86,101.86,101.86,0
OPE033,20160822,101.43,101.43,101.43,101.43,0
OPE033,20160823,101.40,101.40,101.40,101.40,0
OPE033,20160824,101.84,101.84,101.84,101.84,0
OPE033,20160825,101.64,101.64,101.64,101.64,0
OPE033,20160826,101.25,101.25,101.25,101.25,0
OPE033,20160829,101.38,101.38,101.38,101.38,0
OPE033,20160830,101.38,101.38,101.38,101.38,0
OPE033,20160831,101.52,101.52,101.52,101.52,0
OPE033,20160901,101.09,101.09,101.09,101.09,0
OPE033,20160902,100.91,100.91,100.91,100.91,0
OPE033,20160905,102.20,102.20,102.20,102.20,0
OPE033,20160906,102.29,102.29,102.29,102.29,0
OPE033,20160907,102.33,102.33,102.33,102.33,0
OPE033,20160908,102.46,102.46,102.46,102.46,0
OPE033,20160909,102.31,102.31,102.31,102.31,0
OPE033,20160912,101.02,101.02,101.02,101.02,0
OPE033,20160913,100.34,100.34,100.34,100.34,0
OPE033,20160914,99.60,99.60,99.60,99.60,0
OPE033,20160915,99.69,99.69,99.69,99.69,0
OPE033,20160916,100.08,100.08,100.08,100.08,0
OPE033,20160919,99.77,99.77,99.77,99.77,0
OPE033,20160920,100.56,100.56,100.56,100.56,0
OPE033,20160921,100.35,100.35,100.35,100.35,0
OPE033,20160922,100.71,100.71,100.71,100.71,0
OPE033,20160923,101.96,101.96,101.96,101.96,0
OPE033,20160926,101.60,101.60,101.60,101.60,0
OPE033,20160927,100.42,100.42,100.42,100.42,0
OPE033,20160928,100.65,100.65,100.65,100.65,0
OPE033,20160929,100.90,100.90,100.90,100.90,0
OPE033,20160930,101.18,101.18,101.18,101.18,0
OPE033,20161003,101.08,101.08,101.08,101.08,0
OPE033,20161004,100.94,100.94,100.94,100.94,0
OPE033,20161005,101.23,101.23,101.23,101.23,0
OPE033,20161006,101.23,101.23,101.23,101.23,0
OPE033,20161007,100.98,100.98,100.98,100.98,0
OPE033,20161010,100.41,100.41,100.41,100.41,0
OPE033,20161011,101.18,101.18,101.18,101.18,0
OPE033,20161012,100.19,100.19,100.19,100.19,0
OPE033,20161013,99.94,99.94,99.94,99.94,0
OPE033,20161014,99.26,99.26,99.26,99.26,0
OPE033,20161017,100.08,100.08,100.08,100.08,0
OPE033,20161018,99.50,99.50,99.50,99.50,0
OPE033,20161019,100.27,100.27,100.27,100.27,0
OPE033,20161020,100.49,100.49,100.49,100.49,0
OPE033,20161021,100.41,100.41,100.41,100.41,0
OPE033,20161024,100.30,100.30,100.30,100.30,0
OPE033,20161025,100.59,100.59,100.59,100.59,0
OPE033,20161026,100.41,100.41,100.41,100.41,0
OPE033,20161027,100.17,100.17,100.17,100.17,0
OPE033,20161028,100.19,100.19,100.19,100.19,0
OPE033,20161031,100.03,100.03,100.03,100.03,0
OPE033,20161102,98.95,98.95,98.95,98.95,0
OPE033,20161103,98.18,98.18,98.18,98.18,0
OPE033,20161104,97.86,97.86,97.86,97.86,0
OPE033,20161107,97.50,97.50,97.50,97.50,0
OPE033,20161108,98.83,98.83,98.83,98.83,0
OPE033,20161109,99.18,99.18,99.18,99.18,0
OPE033,20161110,99.70,99.70,99.70,99.70,0
OPE033,20161114,98.39,98.39,98.39,98.39,0
OPE033,20161115,98.40,98.40,98.40,98.40,0
OPE033,20161116,98.84,98.84,98.84,98.84,0
OPE033,20161117,98.85,98.85,98.85,98.85,0
OPE033,20161118,99.38,99.38,99.38,99.38,0
OPE033,20161121,99.09,99.09,99.09,99.09,0
OPE033,20161122,99.41,99.41,99.41,99.41,0
OPE033,20161123,99.55,99.55,99.55,99.55,0
OPE033,20161124,99.57,99.57,99.57,99.57,0
OPE033,20161125,99.70,99.70,99.70,99.70,0
OPE033,20161128,99.88,99.88,99.88,99.88,0
OPE033,20161129,99.68,99.68,99.68,99.68,0
OPE033,20161130,99.79,99.79,99.79,99.79,0
OPE033,20161201,99.92,99.92,99.92,99.92,0
OPE033,20161202,99.28,99.28,99.28,99.28,0
OPE033,20161205,98.83,98.83,98.83,98.83,0
OPE033,20161206,99.20,99.20,99.20,99.20,0
OPE033,20161207,99.38,99.38,99.38,99.38,0
OPE033,20161208,99.94,99.94,99.94,99.94,0
OPE033,20161209,100.92,100.92,100.92,100.92,0
OPE033,20161212,101.36,101.36,101.36,101.36,0
OPE033,20161213,101.06,101.06,101.06,101.06,0
OPE033,20161214,101.65,101.65,101.65,101.65,0
OPE033,20161215,101.34,101.34,101.34,101.34,0
OPE033,20161216,101.50,101.50,101.50,101.50,0
OPE033,20161219,101.23,101.23,101.23,101.23,0
OPE033,20161220,101.10,101.10,101.10,101.10,0
OPE033,20161221,101.46,101.46,101.46,101.46,0
OPE033,20161222,101.33,101.33,101.33,101.33,0
OPE033,20161223,101.01,101.01,101.01,101.01,0
OPE033,20161227,101.16,101.16,101.16,101.16,0
OPE033,20161228,101.39,101.39,101.39,101.39,0
OPE033,20161229,101.40,101.40,101.40,101.40,0
OPE033,20161230,101.11,101.11,101.11,101.11,0
OPE033,20170102,101.01,101.01,101.01,101.01,0
OPE033,20170103,101.16,101.16,101.16,101.16,0
OPE033,20170104,101.60,101.60,101.60,101.60,0
OPE033,20170105,102.05,102.05,102.05,102.05,0
OPE033,20170109,102.33,102.33,102.33,102.33,0
OPE033,20170110,102.15,102.15,102.15,102.15,0
OPE033,20170111,102.18,102.18,102.18,102.18,0
OPE033,20170112,102.18,102.18,102.18,102.18,0
OPE033,20170113,101.77,101.77,101.77,101.77,0
OPE033,20170116,102.35,102.35,102.35,102.35,0
OPE033,20170117,102.01,102.01,102.01,102.01,0
OPE033,20170118,101.82,101.82,101.82,101.82,0
OPE033,20170119,101.63,101.63,101.63,101.63,0
OPE033,20170120,101.61,101.61,101.61,101.61,0
OPE033,20170123,101.69,101.69,101.69,101.69,0
OPE033,20170124,101.22,101.22,101.22,101.22,0
OPE033,20170125,101.69,101.69,101.69,101.69,0
OPE033,20170126,102.49,102.49,102.49,102.49,0
OPE033,20170127,102.53,102.53,102.53,102.53,0
OPE033,20170130,102.48,102.48,102.48,102.48,0
OPE033,20170131,101.68,101.68,101.68,101.68,0
OPE033,20170201,101.39,101.39,101.39,101.39,0
OPE033,20170202,101.91,101.91,101.91,101.91,0
OPE033,20170203,102.01,102.01,102.01,102.01,0
OPE033,20170206,102.76,102.76,102.76,102.76,0
OPE033,20170207,102.55,102.55,102.55,102.55,0
OPE033,20170208,102.52,102.52,102.52,102.52,0
OPE033,20170209,102.53,102.53,102.53,102.53,0
OPE033,20170210,103.11,103.11,103.11,103.11,0
OPE033,20170213,103.30,103.30,103.30,103.30,0
OPE033,20170214,103.77,103.77,103.77,103.77,0
OPE033,20170215,103.68,103.68,103.68,103.68,0
OPE033,20170216,104.16,104.16,104.16,104.16,0
OPE033,20170217,104.15,104.15,104.15,104.15,0
OPE033,20170220,104.01,104.01,104.01,104.01,0
OPE033,20170221,104.40,104.40,104.40,104.40,0
OPE033,20170222,104.77,104.77,104.77,104.77,0
OPE033,20170223,104.86,104.86,104.86,104.86,0
OPE033,20170224,104.86,104.86,104.86,104.86,0
OPE033,20170227,104.27,104.27,104.27,104.27,0
OPE033,20170228,104.20,104.20,104.20,104.20,0
OPE033,20170301,104.19,104.19,104.19,104.19,0
OPE033,20170302,105.26,105.26,105.26,105.26,0
OPE033,20170303,105.10,105.10,105.10,105.10,0
OPE033,20170306,104.79,104.79,104.79,104.79,0
OPE033,20170307,104.60,104.60,104.60,104.60,0
OPE033,20170308,104.48,104.48,104.48,104.48,0
OPE033,20170309,104.41,104.41,104.41,104.41,0
OPE033,20170310,104.25,104.25,104.25,104.25,0
OPE033,20170313,104.37,104.37,104.37,104.37,0
OPE033,20170314,104.64,104.64,104.64,104.64,0
OPE033,20170315,104.41,104.41,104.41,104.41,0
OPE033,20170316,104.83,104.83,104.83,104.83,0
OPE033,20170317,105.65,105.65,105.65,105.65,0
OPE033,20170320,105.64,105.64,105.64,105.64,0
OPE033,20170321,105.51,105.51,105.51,105.51,0
OPE033,20170322,104.94,104.94,104.94,104.94,0
OPE033,20170323,104.50,104.50,104.50,104.50,0
OPE033,20170324,104.87,104.87,104.87,104.87,0
OPE033,20170327,104.67,104.67,104.67,104.67,0
OPE033,20170328,104.03,104.03,104.03,104.03,0
OPE033,20170329,104.44,104.44,104.44,104.44,0
OPE033,20170330,104.63,104.63,104.63,104.63,0
OPE033,20170331,104.52,104.52,104.52,104.52,0
OPE033,20170403,104.28,104.28,104.28,104.28,0
OPE033,20170404,103.98,103.98,103.98,103.98,0
OPE033,20170405,104.31,104.31,104.31,104.31,0
OPE033,20170406,104.60,104.60,104.60,104.60,0
OPE033,20170407,104.42,104.42,104.42,104.42,0
OPE033,20170410,104.32,104.32,104.32,104.32,0
OPE033,20170411,104.25,104.25,104.25,104.25,0
OPE033,20170412,103.98,103.98,103.98,103.98,0
OPE033,20170413,104.06,104.06,104.06,104.06,0
OPE033,20170418,103.90,103.90,103.90,103.90,0
OPE033,20170419,103.41,103.41,103.41,103.41,0
OPE033,20170420,103.53,103.53,103.53,103.53,0
OPE033,20170421,103.83,103.83,103.83,103.83,0
OPE033,20170424,103.76,103.76,103.76,103.76,0
OPE033,20170425,104.80,104.80,104.80,104.80,0
OPE033,20170426,105.11,105.11,105.11,105.11,0
OPE033,20170427,105.30,105.30,105.30,105.30,0
OPE033,20170428,105.08,105.08,105.08,105.08,0
OPE033,20170502,105.01,105.01,105.01,105.01,0
OPE033,20170504,105.20,105.20,105.20,105.20,0
OPE033,20170505,105.44,105.44,105.44,105.44,0
OPE033,20170508,105.79,105.79,105.79,105.79,0
OPE033,20170509,106.08,106.08,106.08,106.08,0
OPE033,20170510,106.43,106.43,106.43,106.43,0
OPE033,20170511,106.44,106.44,106.44,106.44,0
OPE033,20170512,106.15,106.15,106.15,106.15,0
OPE033,20170515,106.23,106.23,106.23,106.23,0
OPE033,20170516,106.55,106.55,106.55,106.55,0
OPE033,20170517,106.55,106.55,106.55,106.55,0
OPE033,20170518,105.55,105.55,105.55,105.55,0
OPE033,20170519,104.67,104.67,104.67,104.67,0
OPE033,20170522,105.43,105.43,105.43,105.43,0
OPE033,20170523,105.59,105.59,105.59,105.59,0
OPE033,20170524,105.82,105.82,105.82,105.82,0
OPE033,20170525,105.84,105.84,105.84,105.84,0
OPE033,20170526,106.09,106.09,106.09,106.09,0
OPE033,20170529,106.07,106.07,106.07,106.07,0
OPE033,20170530,106.07,106.07,106.07,106.07,0
OPE033,20170531,105.85,105.85,105.85,105.85,0
OPE033,20170601,105.70,105.70,105.70,105.70,0
OPE033,20170602,106.18,106.18,106.18,106.18,0
OPE033,20170605,106.51,106.51,106.51,106.51,0
OPE033,20170606,106.45,106.45,106.45,106.45,0
OPE033,20170607,106.06,106.06,106.06,106.06,0
OPE033,20170608,105.98,105.98,105.98,105.98,0
OPE033,20170612,106.32,106.32,106.32,106.32,0
OPE033,20170613,105.45,105.45,105.45,105.45,0
OPE033,20170614,105.88,105.88,105.88,105.88,0
OPE033,20170616,105.25,105.25,105.25,105.25,0
OPE033,20170619,105.49,105.49,105.49,105.49,0
OPE033,20170620,106.49,106.49,106.49,106.49,0
OPE033,20170621,106.50,106.50,106.50,106.50,0
OPE033,20170622,106.43,106.43,106.43,106.43,0
OPE033,20170623,106.32,106.32,106.32,106.32,0
OPE033,20170626,106.24,106.24,106.24,106.24,0
OPE033,20170627,106.64,106.64,106.64,106.64,0
OPE033,20170628,106.61,106.61,106.61,106.61,0
OPE033,20170629,106.46,106.46,106.46,106.46,0
OPE033,20170630,106.26,106.26,106.26,106.26,0
OPE033,20170703,106.13,106.13,106.13,106.13,0
OPE033,20170704,106.22,106.22,106.22,106.22,0
OPE033,20170705,106.25,106.25,106.25,106.25,0
OPE033,20170706,106.34,106.34,106.34,106.34,0
OPE033,20170707,106.17,106.17,106.17,106.17,0
OPE033,20170710,106.05,106.05,106.05,106.05,0
OPE033,20170711,106.15,106.15,106.15,106.15,0
OPE033,20170712,106.30,106.30,106.30,106.30,0
OPE033,20170713,106.49,106.49,106.49,106.49,0
OPE033,20170714,106.75,106.75,106.75,106.75,0
OPE033,20170717,106.70,106.70,106.70,106.70,0
OPE033,20170718,106.79,106.79,106.79,106.79,0
OPE033,20170719,106.68,106.68,106.68,106.68,0
OPE033,20170720,106.88,106.88,106.88,106.88,0
OPE033,20170721,107.02,107.02,107.02,107.02,0
OPE033,20170724,106.66,106.66,106.66,106.66,0
OPE033,20170725,106.66,106.66,106.66,106.66,0
OPE033,20170726,106.67,106.67,106.67,106.67,0
OPE033,20170727,106.76,106.76,106.76,106.76,0
OPE033,20170728,106.80,106.80,106.80,106.80,0
OPE033,20170731,106.33,106.33,106.33,106.33,0
OPE033,20170801,106.35,106.35,106.35,106.35,0
OPE033,20170802,106.33,106.33,106.33,106.33,0
OPE033,20170803,106.41,106.41,106.41,106.41,0
OPE033,20170804,106.14,106.14,106.14,106.14,0
OPE033,20170807,106.09,106.09,106.09,106.09,0
OPE033,20170808,106.34,106.34,106.34,106.34,0
OPE033,20170809,106.36,106.36,106.36,106.36,0
OPE033,20170810,106.07,106.07,106.07,106.07,0
OPE033,20170811,105.81,105.81,105.81,105.81,0
OPE033,20170814,105.25,105.25,105.25,105.25,0
OPE033,20170816,105.60,105.60,105.60,105.60,0
OPE033,20170817,105.94,105.94,105.94,105.94,0
OPE033,20170818,105.85,105.85,105.85,105.85,0
OPE033,20170821,105.51,105.51,105.51,105.51,0
OPE033,20170822,105.44,105.44,105.44,105.44,0
OPE033,20170823,105.67,105.67,105.67,105.67,0
OPE033,20170824,105.75,105.75,105.75,105.75,0
OPE033,20170825,105.70,105.70,105.70,105.70,0
OPE033,20170828,105.86,105.86,105.86,105.86,0
OPE033,20170829,105.47,105.47,105.47,105.47,0
OPE033,20170830,105.20,105.20,105.20,105.20,0
OPE033,20170831,105.60,105.60,105.60,105.60,0
OPE033,20170901,105.95,105.95,105.95,105.95,0
OPE033,20170904,105.99,105.99,105.99,105.99,0
OPE033,20170905,105.93,105.93,105.93,105.93,0
OPE033,20170906,105.77,105.77,105.77,105.77,0
OPE033,20170907,105.59,105.59,105.59,105.59,0
OPE033,20170908,105.56,105.56,105.56,105.56,0
OPE033,20170911,105.43,105.43,105.43,105.43,0
OPE033,20170912,105.73,105.73,105.73,105.73,0
OPE033,20170913,106.05,106.05,106.05,106.05,0
OPE033,20170914,106.06,106.06,106.06,106.06,0
OPE033,20170915,106.07,106.07,106.07,106.07,0
OPE033,20170918,105.92,105.92,105.92,105.92,0
OPE033,20170919,106.15,106.15,106.15,106.15,0
OPE033,20170920,106.22,106.22,106.22,106.22,0
OPE033,20170921,106.21,106.21,106.21,106.21,0
OPE033,20170922,106.24,106.24,106.24,106.24,0
