Name,Date,Open,High,Low,Close,Volume
PKO027,20100409,99.99,99.99,99.99,99.99,0
PKO027,20100412,99.98,99.98,99.98,99.98,0
PKO027,20100413,99.98,99.98,99.98,99.98,0
PKO027,20100414,99.97,99.97,99.97,99.97,0
PKO027,20100415,101.59,101.59,101.59,101.59,0
PKO027,20100416,101.73,101.73,101.73,101.73,0
PKO027,20100419,101.43,101.43,101.43,101.43,0
PKO027,20100420,101.53,101.53,101.53,101.53,0
PKO027,20100421,101.53,101.53,101.53,101.53,0
PKO027,20100422,101.61,101.61,101.61,101.61,0
PKO027,20100423,101.82,101.82,101.82,101.82,0
PKO027,20100426,101.81,101.81,101.81,101.81,0
PKO027,20100427,101.93,101.93,101.93,101.93,0
PKO027,20100428,101.41,101.41,101.41,101.41,0
PKO027,20100429,101.76,101.76,101.76,101.76,0
PKO027,20100430,101.35,101.35,101.35,101.35,0
PKO027,20100504,100.29,100.29,100.29,100.29,0
PKO027,20100505,100.30,100.30,100.30,100.30,0
PKO027,20100506,99.17,99.17,99.17,99.17,0
PKO027,20100507,99.28,99.28,99.28,99.28,0
PKO027,20100510,99.92,99.92,99.92,99.92,0
PKO027,20100511,100.75,100.75,100.75,100.75,0
PKO027,20100512,101.47,101.47,101.47,101.47,0
PKO027,20100513,101.03,101.03,101.03,101.03,0
PKO027,20100514,100.39,100.39,100.39,100.39,0
PKO027,20100517,100.29,100.29,100.29,100.29,0
PKO027,20100518,99.97,99.97,99.97,99.97,0
PKO027,20100519,100.32,100.32,100.32,100.32,0
PKO027,20100520,98.74,98.74,98.74,98.74,0
PKO027,20100521,99.63,99.63,99.63,99.63,0
PKO027,20100524,99.05,99.05,99.05,99.05,0
PKO027,20100525,99.22,99.22,99.22,99.22,0
PKO027,20100526,98.26,98.26,98.26,98.26,0
PKO027,20100527,100.24,100.24,100.24,100.24,0
PKO027,20100528,99.53,99.53,99.53,99.53,0
PKO027,20100531,99.60,99.60,99.60,99.60,0
PKO027,20100601,99.18,99.18,99.18,99.18,0
PKO027,20100602,100.05,100.05,100.05,100.05,0
PKO027,20100604,98.95,98.95,98.95,98.95,0
PKO027,20100607,98.11,98.11,98.11,98.11,0
PKO027,20100608,98.24,98.24,98.24,98.24,0
PKO027,20100609,97.80,97.80,97.80,97.80,0
PKO027,20100610,99.29,99.29,99.29,99.29,0
PKO027,20100611,98.93,98.93,98.93,98.93,0
PKO027,20100614,99.24,99.24,99.24,99.24,0
PKO027,20100615,100.25,100.25,100.25,100.25,0
PKO027,20100616,99.72,99.72,99.72,99.72,0
PKO027,20100617,100.00,100.00,100.00,100.00,0
PKO027,20100618,99.96,99.96,99.96,99.96,0
PKO027,20100621,99.36,99.36,99.36,99.36,0
PKO027,20100622,99.14,99.14,99.14,99.14,0
PKO027,20100623,99.30,99.30,99.30,99.30,0
PKO027,20100624,98.68,98.68,98.68,98.68,0
PKO027,20100625,98.66,98.66,98.66,98.66,0
PKO027,20100628,98.82,98.82,98.82,98.82,0
PKO027,20100629,97.76,97.76,97.76,97.76,0
PKO027,20100630,97.45,97.45,97.45,97.45,0
PKO027,20100701,97.42,97.42,97.42,97.42,0
PKO027,20100702,97.48,97.48,97.48,97.48,0
PKO027,20100705,97.46,97.46,97.46,97.46,0
PKO027,20100706,97.49,97.49,97.49,97.49,0
PKO027,20100707,98.76,98.76,98.76,98.76,0
PKO027,20100708,98.70,98.70,98.70,98.70,0
PKO027,20100709,98.75,98.75,98.75,98.75,0
PKO027,20100712,98.96,98.96,98.96,98.96,0
PKO027,20100713,99.53,99.53,99.53,99.53,0
PKO027,20100714,99.33,99.33,99.33,99.33,0
PKO027,20100715,100.62,100.62,100.62,100.62,0
PKO027,20100716,99.44,99.44,99.44,99.44,0
PKO027,20100720,99.90,99.90,99.90,99.90,0
PKO027,20100721,99.34,99.34,99.34,99.34,0
PKO027,20100722,100.87,100.87,100.87,100.87,0
PKO027,20100723,100.72,100.72,100.72,100.72,0
PKO027,20100726,101.52,101.52,101.52,101.52,0
PKO027,20100727,101.26,101.26,101.26,101.26,0
PKO027,20100728,101.11,101.11,101.11,101.11,0
PKO027,20100729,100.96,100.96,100.96,100.96,0
PKO027,20100730,101.05,101.05,101.05,101.05,0
PKO027,20100802,101.64,101.64,101.64,101.64,0
PKO027,20100803,101.60,101.60,101.60,101.60,0
PKO027,20100804,102.14,102.14,102.14,102.14,0
PKO027,20100805,101.58,101.58,101.58,101.58,0
PKO027,20100806,101.40,101.40,101.40,101.40,0
PKO027,20100809,101.21,101.21,101.21,101.21,0
PKO027,20100810,101.03,101.03,101.03,101.03,0
PKO027,20100811,99.81,99.81,99.81,99.81,0
PKO027,20100812,100.08,100.08,100.08,100.08,0
PKO027,20100813,100.08,100.08,100.08,100.08,0
PKO027,20100816,100.34,100.34,100.34,100.34,0
PKO027,20100817,100.56,100.56,100.56,100.56,0
PKO027,20100818,100.56,100.56,100.56,100.56,0
PKO027,20100819,100.12,100.12,100.12,100.12,0
PKO027,20100820,100.05,100.05,100.05,100.05,0
PKO027,20100823,99.48,99.48,99.48,99.48,0
PKO027,20100824,99.23,99.23,99.23,99.23,0
PKO027,20100825,99.47,99.47,99.47,99.47,0
PKO027,20100826,99.36,99.36,99.36,99.36,0
PKO027,20100827,99.96,99.96,99.96,99.96,0
PKO027,20100830,99.32,99.32,99.32,99.32,0
PKO027,20100831,99.23,99.23,99.23,99.23,0
PKO027,20100901,99.90,99.90,99.90,99.90,0
PKO027,20100902,100.34,100.34,100.34,100.34,0
PKO027,20100903,100.57,100.57,100.57,100.57,0
PKO027,20100906,100.60,100.60,100.60,100.60,0
PKO027,20100907,100.41,100.41,100.41,100.41,0
PKO027,20100908,100.33,100.33,100.33,100.33,0
PKO027,20100909,100.09,100.09,100.09,100.09,0
PKO027,20100910,100.03,100.03,100.03,100.03,0
PKO027,20100913,100.52,100.52,100.52,100.52,0
PKO027,20100914,100.94,100.94,100.94,100.94,0
PKO027,20100915,100.92,100.92,100.92,100.92,0
PKO027,20100916,100.68,100.68,100.68,100.68,0
PKO027,20100917,100.78,100.78,100.78,100.78,0
PKO027,20100920,101.35,101.35,101.35,101.35,0
PKO027,20100921,101.54,101.54,101.54,101.54,0
PKO027,20100922,101.38,101.38,101.38,101.38,0
PKO027,20100923,101.05,101.05,101.05,101.05,0
PKO027,20100924,101.87,101.87,101.87,101.87,0
PKO027,20100927,101.28,101.28,101.28,101.28,0
PKO027,20100928,101.52,101.52,101.52,101.52,0
PKO027,20100929,101.34,101.34,101.34,101.34,0
PKO027,20100930,101.18,101.18,101.18,101.18,0
PKO027,20101001,101.41,101.41,101.41,101.41,0
PKO027,20101004,101.13,101.13,101.13,101.13,0
PKO027,20101005,102.57,102.57,102.57,102.57,0
PKO027,20101006,101.66,101.66,101.66,101.66,0
PKO027,20101007,101.50,101.50,101.50,101.50,0
PKO027,20101008,102.39,102.39,102.39,102.39,0
PKO027,20101011,102.72,102.72,102.72,102.72,0
PKO027,20101012,103.09,103.09,103.09,103.09,0
PKO027,20101013,103.70,103.70,103.70,103.70,0
PKO027,20101014,102.32,102.32,102.32,102.32,0
PKO027,20101015,103.32,103.32,103.32,103.32,0
PKO027,20101018,104.35,104.35,104.35,104.35,0
PKO027,20101019,102.86,102.86,102.86,102.86,0
PKO027,20101020,104.38,104.38,104.38,104.38,0
PKO027,20101021,104.08,104.08,104.08,104.08,0
PKO027,20101022,105.37,105.37,105.37,105.37,0
PKO027,20101025,104.57,104.57,104.57,104.57,0
PKO027,20101026,104.17,104.17,104.17,104.17,0
PKO027,20101027,105.05,105.05,105.05,105.05,0
PKO027,20101028,105.28,105.28,105.28,105.28,0
PKO027,20101029,106.53,106.53,106.53,106.53,0
PKO027,20101102,105.70,105.70,105.70,105.70,0
PKO027,20101103,106.09,106.09,106.09,106.09,0
PKO027,20101104,106.37,106.37,106.37,106.37,0
PKO027,20101105,107.43,107.43,107.43,107.43,0
PKO027,20101108,108.35,108.35,108.35,108.35,0
PKO027,20101109,108.09,108.09,108.09,108.09,0
PKO027,20101110,108.05,108.05,108.05,108.05,0
PKO027,20101112,108.01,108.01,108.01,108.01,0
PKO027,20101115,108.10,108.10,108.10,108.10,0
PKO027,20101116,106.87,106.87,106.87,106.87,0
PKO027,20101117,107.25,107.25,107.25,107.25,0
PKO027,20101118,107.02,107.02,107.02,107.02,0
PKO027,20101119,107.06,107.06,107.06,107.06,0
PKO027,20101122,106.57,106.57,106.57,106.57,0
PKO027,20101123,106.25,106.25,106.25,106.25,0
PKO027,20101124,107.92,107.92,107.92,107.92,0
PKO027,20101125,108.08,108.08,108.08,108.08,0
PKO027,20101126,108.89,108.89,108.89,108.89,0
PKO027,20101129,108.36,108.36,108.36,108.36,0
PKO027,20101130,108.99,108.99,108.99,108.99,0
PKO027,20101201,109.85,109.85,109.85,109.85,0
PKO027,20101202,110.26,110.26,110.26,110.26,0
PKO027,20101203,110.54,110.54,110.54,110.54,0
PKO027,20101206,110.20,110.20,110.20,110.20,0
PKO027,20101207,110.03,110.03,110.03,110.03,0
PKO027,20101208,110.85,110.85,110.85,110.85,0
PKO027,20101209,110.89,110.89,110.89,110.89,0
PKO027,20101210,111.10,111.10,111.10,111.10,0
PKO027,20101213,111.00,111.00,111.00,111.00,0
PKO027,20101214,109.48,109.48,109.48,109.48,0
PKO027,20101215,109.29,109.29,109.29,109.29,0
PKO027,20101216,110.03,110.03,110.03,110.03,0
PKO027,20101217,110.01,110.01,110.01,110.01,0
PKO027,20101220,110.82,110.82,110.82,110.82,0
PKO027,20101221,110.53,110.53,110.53,110.53,0
PKO027,20101222,110.44,110.44,110.44,110.44,0
PKO027,20101223,110.45,110.45,110.45,110.45,0
PKO027,20101227,110.29,110.29,110.29,110.29,0
PKO027,20101228,110.17,110.17,110.17,110.17,0
PKO027,20101229,110.80,110.80,110.80,110.80,0
PKO027,20101230,110.67,110.67,110.67,110.67,0
PKO027,20101231,111.27,111.27,111.27,111.27,0
PKO027,20110103,112.13,112.13,112.13,112.13,0
PKO027,20110104,111.94,111.94,111.94,111.94,0
PKO027,20110105,111.08,111.08,111.08,111.08,0
PKO027,20110107,111.31,111.31,111.31,111.31,0
PKO027,20110110,110.92,110.92,110.92,110.92,0
PKO027,20110111,111.59,111.59,111.59,111.59,0
PKO027,20110112,111.98,111.98,111.98,111.98,0
PKO027,20110113,112.02,112.02,112.02,112.02,0
PKO027,20110114,112.95,112.95,112.95,112.95,0
PKO027,20110117,113.76,113.76,113.76,113.76,0
PKO027,20110118,113.54,113.54,113.54,113.54,0
PKO027,20110119,113.07,113.07,113.07,113.07,0
PKO027,20110120,112.62,112.62,112.62,112.62,0
PKO027,20110121,112.64,112.64,112.64,112.64,0
PKO027,20110124,113.61,113.61,113.61,113.61,0
PKO027,20110125,113.55,113.55,113.55,113.55,0
PKO027,20110126,114.24,114.24,114.24,114.24,0
PKO027,20110127,114.80,114.80,114.80,114.80,0
PKO027,20110128,114.16,114.16,114.16,114.16,0
PKO027,20110131,114.27,114.27,114.27,114.27,0
PKO027,20110201,114.33,114.33,114.33,114.33,0
PKO027,20110202,114.83,114.83,114.83,114.83,0
PKO027,20110203,114.71,114.71,114.71,114.71,0
PKO027,20110204,115.15,115.15,115.15,115.15,0
PKO027,20110207,115.15,115.15,115.15,115.15,0
PKO027,20110208,115.61,115.61,115.61,115.61,0
PKO027,20110209,115.91,115.91,115.91,115.91,0
PKO027,20110210,115.56,115.56,115.56,115.56,0
PKO027,20110211,116.33,116.33,116.33,116.33,0
PKO027,20110214,116.66,116.66,116.66,116.66,0
PKO027,20110215,116.50,116.50,116.50,116.50,0
PKO027,20110216,117.47,117.47,117.47,117.47,0
PKO027,20110217,117.21,117.21,117.21,117.21,0
PKO027,20110218,117.43,117.43,117.43,117.43,0
PKO027,20110221,117.34,117.34,117.34,117.34,0
PKO027,20110222,116.55,116.55,116.55,116.55,0
PKO027,20110223,116.17,116.17,116.17,116.17,0
PKO027,20110224,116.47,116.47,116.47,116.47,0
PKO027,20110225,116.95,116.95,116.95,116.95,0
PKO027,20110228,117.08,117.08,117.08,117.08,0
PKO027,20110301,115.92,115.92,115.92,115.92,0
PKO027,20110302,116.45,116.45,116.45,116.45,0
PKO027,20110303,117.24,117.24,117.24,117.24,0
PKO027,20110304,116.76,116.76,116.76,116.76,0
PKO027,20110307,116.01,116.01,116.01,116.01,0
PKO027,20110308,116.24,116.24,116.24,116.24,0
PKO027,20110309,116.46,116.46,116.46,116.46,0
PKO027,20110310,115.11,115.11,115.11,115.11,0
PKO027,20110311,115.30,115.30,115.30,115.30,0
PKO027,20110314,115.12,115.12,115.12,115.12,0
PKO027,20110315,114.82,114.82,114.82,114.82,0
PKO027,20110316,113.40,113.40,113.40,113.40,0
PKO027,20110317,114.68,114.68,114.68,114.68,0
PKO027,20110318,114.59,114.59,114.59,114.59,0
PKO027,20110321,115.77,115.77,115.77,115.77,0
PKO027,20110322,115.41,115.41,115.41,115.41,0
PKO027,20110323,115.75,115.75,115.75,115.75,0
PKO027,20110324,116.74,116.74,116.74,116.74,0
PKO027,20110325,116.39,116.39,116.39,116.39,0
PKO027,20110328,116.26,116.26,116.26,116.26,0
PKO027,20110329,116.21,116.21,116.21,116.21,0
PKO027,20110330,116.24,116.24,116.24,116.24,0
PKO027,20110331,115.76,115.76,115.76,115.76,0
PKO027,20110401,116.36,116.36,116.36,116.36,0
PKO027,20110404,115.93,115.93,115.93,115.93,0
PKO027,20110405,116.06,116.06,116.06,116.06,0
PKO027,20110406,116.01,116.01,116.01,116.01,0
PKO027,20110407,115.83,115.83,115.83,115.83,0
PKO027,20110408,115.55,115.55,115.55,115.55,0
PKO027,20110411,115.03,115.03,115.03,115.03,0
PKO027,20110412,114.77,114.77,114.77,114.77,0
PKO027,20110413,115.44,115.44,115.44,115.44,0
PKO027,20110414,115.34,115.34,115.34,115.34,0
PKO027,20110415,115.16,115.16,115.16,115.16,0
PKO027,20110418,114.16,114.16,114.16,114.16,0
PKO027,20110419,115.26,115.26,115.26,115.26,0
PKO027,20110420,116.01,116.01,116.01,116.01,0
PKO027,20110421,116.21,116.21,116.21,116.21,0
PKO027,20110426,116.44,116.44,116.44,116.44,0
PKO027,20110427,117.03,117.03,117.03,117.03,0
PKO027,20110428,116.59,116.59,116.59,116.59,0
PKO027,20110429,116.52,116.52,116.52,116.52,0
PKO027,20110502,116.24,116.24,116.24,116.24,0
PKO027,20110504,115.85,115.85,115.85,115.85,0
PKO027,20110505,115.11,115.11,115.11,115.11,0
PKO027,20110506,116.30,116.30,116.30,116.30,0
PKO027,20110509,116.67,116.67,116.67,116.67,0
PKO027,20110510,117.10,117.10,117.10,117.10,0
PKO027,20110511,116.76,116.76,116.76,116.76,0
PKO027,20110512,117.28,117.28,117.28,117.28,0
PKO027,20110513,115.98,115.98,115.98,115.98,0
PKO027,20110516,115.89,115.89,115.89,115.89,0
PKO027,20110517,114.89,114.89,114.89,114.89,0
PKO027,20110518,115.13,115.13,115.13,115.13,0
PKO027,20110519,114.97,114.97,114.97,114.97,0
PKO027,20110520,114.48,114.48,114.48,114.48,0
PKO027,20110523,114.59,114.59,114.59,114.59,0
PKO027,20110524,114.50,114.50,114.50,114.50,0
PKO027,20110525,114.48,114.48,114.48,114.48,0
PKO027,20110526,114.89,114.89,114.89,114.89,0
PKO027,20110527,115.53,115.53,115.53,115.53,0
PKO027,20110530,115.47,115.47,115.47,115.47,0
PKO027,20110531,115.95,115.95,115.95,115.95,0
PKO027,20110601,115.39,115.39,115.39,115.39,0
PKO027,20110602,115.74,115.74,115.74,115.74,0
PKO027,20110603,114.88,114.88,114.88,114.88,0
PKO027,20110606,114.40,114.40,114.40,114.40,0
PKO027,20110607,114.48,114.48,114.48,114.48,0
PKO027,20110608,113.97,113.97,113.97,113.97,0
PKO027,20110609,113.83,113.83,113.83,113.83,0
PKO027,20110610,113.43,113.43,113.43,113.43,0
PKO027,20110613,113.60,113.60,113.60,113.60,0
PKO027,20110614,114.35,114.35,114.35,114.35,0
PKO027,20110615,113.19,113.19,113.19,113.19,0
PKO027,20110616,113.34,113.34,113.34,113.34,0
PKO027,20110617,112.47,112.47,112.47,112.47,0
PKO027,20110620,111.59,111.59,111.59,111.59,0
PKO027,20110621,112.54,112.54,112.54,112.54,0
PKO027,20110622,111.97,111.97,111.97,111.97,0
PKO027,20110624,111.58,111.58,111.58,111.58,0
PKO027,20110627,111.79,111.79,111.79,111.79,0
PKO027,20110628,112.14,112.14,112.14,112.14,0
PKO027,20110629,112.79,112.79,112.79,112.79,0
PKO027,20110630,113.26,113.26,113.26,113.26,0
PKO027,20110701,113.91,113.91,113.91,113.91,0
PKO027,20110704,113.61,113.61,113.61,113.61,0
PKO027,20110705,113.33,113.33,113.33,113.33,0
PKO027,20110706,112.99,112.99,112.99,112.99,0
PKO027,20110707,114.32,114.32,114.32,114.32,0
PKO027,20110708,113.50,113.50,113.50,113.50,0
PKO027,20110711,112.72,112.72,112.72,112.72,0
PKO027,20110712,112.33,112.33,112.33,112.33,0
PKO027,20110713,112.65,112.65,112.65,112.65,0
PKO027,20110714,111.71,111.71,111.71,111.71,0
PKO027,20110715,112.58,112.58,112.58,112.58,0
PKO027,20110718,111.03,111.03,111.03,111.03,0
PKO027,20110719,111.87,111.87,111.87,111.87,0
PKO027,20110720,111.86,111.86,111.86,111.86,0
PKO027,20110721,112.69,112.69,112.69,112.69,0
PKO027,20110722,112.42,112.42,112.42,112.42,0
PKO027,20110725,112.61,112.61,112.61,112.61,0
PKO027,20110726,112.44,112.44,112.44,112.44,0
PKO027,20110727,110.64,110.64,110.64,110.64,0
PKO027,20110728,111.09,111.09,111.09,111.09,0
PKO027,20110729,111.09,111.09,111.09,111.09,0
PKO027,20110801,110.40,110.40,110.40,110.40,0
PKO027,20110802,109.25,109.25,109.25,109.25,0
PKO027,20110803,108.49,108.49,108.49,108.49,0
PKO027,20110804,104.66,104.66,104.66,104.66,0
PKO027,20110805,104.12,104.12,104.12,104.12,0
PKO027,20110808,100.20,100.20,100.20,100.20,0
PKO027,20110809,101.20,101.20,101.20,101.20,0
PKO027,20110810,98.47,98.47,98.47,98.47,0
PKO027,20110811,102.36,102.36,102.36,102.36,0
PKO027,20110812,103.61,103.61,103.61,103.61,0
PKO027,20110816,105.04,105.04,105.04,105.04,0
PKO027,20110817,104.65,104.65,104.65,104.65,0
PKO027,20110818,100.22,100.22,100.22,100.22,0
PKO027,20110819,99.94,99.94,99.94,99.94,0
PKO027,20110822,100.08,100.08,100.08,100.08,0
PKO027,20110823,101.71,101.71,101.71,101.71,0
PKO027,20110824,102.18,102.18,102.18,102.18,0
PKO027,20110825,100.97,100.97,100.97,100.97,0
PKO027,20110826,102.53,102.53,102.53,102.53,0
PKO027,20110829,103.71,103.71,103.71,103.71,0
PKO027,20110830,103.99,103.99,103.99,103.99,0
PKO027,20110831,104.00,104.00,104.00,104.00,0
PKO027,20110901,103.38,103.38,103.38,103.38,0
PKO027,20110902,102.10,102.10,102.10,102.10,0
PKO027,20110905,101.32,101.32,101.32,101.32,0
PKO027,20110906,100.48,100.48,100.48,100.48,0
PKO027,20110907,103.10,103.10,103.10,103.10,0
PKO027,20110908,102.21,102.21,102.21,102.21,0
PKO027,20110909,102.39,102.39,102.39,102.39,0
PKO027,20110912,102.38,102.38,102.38,102.38,0
PKO027,20110913,102.71,102.71,102.71,102.71,0
PKO027,20110914,103.23,103.23,103.23,103.23,0
PKO027,20110915,105.08,105.08,105.08,105.08,0
PKO027,20110916,103.89,103.89,103.89,103.89,0
PKO027,20110919,102.85,102.85,102.85,102.85,0
PKO027,20110920,103.00,103.00,103.00,103.00,0
PKO027,20110921,102.13,102.13,102.13,102.13,0
PKO027,20110922,99.79,99.79,99.79,99.79,0
PKO027,20110923,101.61,101.61,101.61,101.61,0
PKO027,20110926,101.47,101.47,101.47,101.47,0
PKO027,20110927,102.29,102.29,102.29,102.29,0
PKO027,20110928,101.14,101.14,101.14,101.14,0
PKO027,20110929,101.28,101.28,101.28,101.28,0
PKO027,20110930,99.57,99.57,99.57,99.57,0
PKO027,20111003,98.26,98.26,98.26,98.26,0
PKO027,20111004,99.55,99.55,99.55,99.55,0
PKO027,20111005,101.11,101.11,101.11,101.11,0
PKO027,20111006,102.19,102.19,102.19,102.19,0
PKO027,20111007,101.57,101.57,101.57,101.57,0
PKO027,20111010,103.03,103.03,103.03,103.03,0
PKO027,20111011,103.31,103.31,103.31,103.31,0
PKO027,20111012,103.30,103.30,103.30,103.30,0
PKO027,20111013,103.46,103.46,103.46,103.46,0
PKO027,20111014,104.66,104.66,104.66,104.66,0
PKO027,20111017,102.72,102.72,102.72,102.72,0
PKO027,20111018,104.28,104.28,104.28,104.28,0
PKO027,20111019,102.10,102.10,102.10,102.10,0
PKO027,20111020,101.73,101.73,101.73,101.73,0
PKO027,20111021,103.57,103.57,103.57,103.57,0
PKO027,20111024,105.01,105.01,105.01,105.01,0
PKO027,20111025,103.16,103.16,103.16,103.16,0
PKO027,20111026,103.93,103.93,103.93,103.93,0
PKO027,20111027,106.60,106.60,106.60,106.60,0
PKO027,20111028,105.31,105.31,105.31,105.31,0
PKO027,20111031,104.47,104.47,104.47,104.47,0
PKO027,20111102,103.83,103.83,103.83,103.83,0
PKO027,20111103,105.33,105.33,105.33,105.33,0
PKO027,20111104,104.65,104.65,104.65,104.65,0
PKO027,20111107,104.83,104.83,104.83,104.83,0
PKO027,20111108,105.44,105.44,105.44,105.44,0
PKO027,20111109,103.12,103.12,103.12,103.12,0
PKO027,20111110,103.94,103.94,103.94,103.94,0
PKO027,20111114,104.97,104.97,104.97,104.97,0
PKO027,20111115,105.18,105.18,105.18,105.18,0
PKO027,20111116,104.97,104.97,104.97,104.97,0
PKO027,20111117,104.01,104.01,104.01,104.01,0
PKO027,20111118,103.09,103.09,103.09,103.09,0
PKO027,20111121,101.79,101.79,101.79,101.79,0
PKO027,20111122,101.27,101.27,101.27,101.27,0
PKO027,20111123,100.10,100.10,100.10,100.10,0
PKO027,20111124,100.64,100.64,100.64,100.64,0
PKO027,20111125,100.70,100.70,100.70,100.70,0
PKO027,20111128,102.64,102.64,102.64,102.64,0
PKO027,20111129,102.92,102.92,102.92,102.92,0
PKO027,20111130,104.90,104.90,104.90,104.90,0
PKO027,20111201,103.89,103.89,103.89,103.89,0
PKO027,20111202,103.39,103.39,103.39,103.39,0
PKO027,20111205,103.79,103.79,103.79,103.79,0
PKO027,20111206,103.97,103.97,103.97,103.97,0
PKO027,20111207,103.58,103.58,103.58,103.58,0
PKO027,20111208,102.11,102.11,102.11,102.11,0
PKO027,20111209,103.37,103.37,103.37,103.37,0
PKO027,20111212,102.85,102.85,102.85,102.85,0
PKO027,20111213,102.28,102.28,102.28,102.28,0
PKO027,20111214,101.81,101.81,101.81,101.81,0
PKO027,20111215,102.07,102.07,102.07,102.07,0
PKO027,20111216,101.35,101.35,101.35,101.35,0
PKO027,20111219,100.48,100.48,100.48,100.48,0
PKO027,20111220,101.85,101.85,101.85,101.85,0
PKO027,20111221,101.26,101.26,101.26,101.26,0
PKO027,20111222,101.99,101.99,101.99,101.99,0
PKO027,20111223,102.04,102.04,102.04,102.04,0
PKO027,20111227,101.53,101.53,101.53,101.53,0
PKO027,20111228,100.69,100.69,100.69,100.69,0
PKO027,20111229,101.79,101.79,101.79,101.79,0
PKO027,20111230,102.35,102.35,102.35,102.35,0
PKO027,20120102,103.12,103.12,103.12,103.12,0
PKO027,20120103,103.75,103.75,103.75,103.75,0
PKO027,20120104,103.60,103.60,103.60,103.60,0
PKO027,20120105,104.62,104.62,104.62,104.62,0
PKO027,20120109,104.16,104.16,104.16,104.16,0
PKO027,20120110,104.68,104.68,104.68,104.68,0
PKO027,20120111,103.82,103.82,103.82,103.82,0
PKO027,20120112,104.96,104.96,104.96,104.96,0
PKO027,20120113,103.66,103.66,103.66,103.66,0
PKO027,20120116,103.93,103.93,103.93,103.93,0
PKO027,20120117,104.15,104.15,104.15,104.15,0
PKO027,20120118,104.93,104.93,104.93,104.93,0
PKO027,20120119,105.93,105.93,105.93,105.93,0
PKO027,20120120,105.55,105.55,105.55,105.55,0
PKO027,20120123,106.38,106.38,106.38,106.38,0
PKO027,20120124,106.75,106.75,106.75,106.75,0
PKO027,20120125,107.43,107.43,107.43,107.43,0
PKO027,20120126,107.46,107.46,107.46,107.46,0
PKO027,20120127,107.71,107.71,107.71,107.71,0
PKO027,20120130,108.04,108.04,108.04,108.04,0
PKO027,20120131,108.09,108.09,108.09,108.09,0
PKO027,20120201,109.07,109.07,109.07,109.07,0
PKO027,20120202,110.46,110.46,110.46,110.46,0
PKO027,20120203,111.21,111.21,111.21,111.21,0
PKO027,20120206,111.61,111.61,111.61,111.61,0
PKO027,20120207,111.80,111.80,111.80,111.80,0
PKO027,20120208,112.22,112.22,112.22,112.22,0
PKO027,20120209,112.11,112.11,112.11,112.11,0
PKO027,20120210,111.33,111.33,111.33,111.33,0
PKO027,20120213,112.07,112.07,112.07,112.07,0
PKO027,20120214,112.36,112.36,112.36,112.36,0
PKO027,20120215,112.12,112.12,112.12,112.12,0
PKO027,20120216,114.34,114.34,114.34,114.34,0
PKO027,20120217,113.85,113.85,113.85,113.85,0
PKO027,20120220,114.10,114.10,114.10,114.10,0
PKO027,20120221,113.53,113.53,113.53,113.53,0
PKO027,20120222,112.87,112.87,112.87,112.87,0
PKO027,20120223,112.79,112.79,112.79,112.79,0
PKO027,20120224,112.88,112.88,112.88,112.88,0
PKO027,20120227,112.64,112.64,112.64,112.64,0
PKO027,20120228,112.62,112.62,112.62,112.62,0
PKO027,20120229,111.77,111.77,111.77,111.77,0
PKO027,20120301,112.11,112.11,112.11,112.11,0
PKO027,20120302,112.18,112.18,112.18,112.18,0
PKO027,20120305,111.62,111.62,111.62,111.62,0
PKO027,20120306,110.48,110.48,110.48,110.48,0
PKO027,20120307,111.26,111.26,111.26,111.26,0
PKO027,20120308,112.36,112.36,112.36,112.36,0
PKO027,20120309,112.23,112.23,112.23,112.23,0
PKO027,20120312,111.81,111.81,111.81,111.81,0
PKO027,20120313,112.38,112.38,112.38,112.38,0
PKO027,20120314,112.82,112.82,112.82,112.82,0
PKO027,20120315,113.32,113.32,113.32,113.32,0
PKO027,20120316,113.46,113.46,113.46,113.46,0
PKO027,20120319,113.47,113.47,113.47,113.47,0
PKO027,20120320,112.94,112.94,112.94,112.94,0
PKO027,20120321,112.68,112.68,112.68,112.68,0
PKO027,20120322,112.72,112.72,112.72,112.72,0
PKO027,20120323,113.01,113.01,113.01,113.01,0
PKO027,20120326,114.05,114.05,114.05,114.05,0
PKO027,20120327,113.71,113.71,113.71,113.71,0
PKO027,20120328,114.18,114.18,114.18,114.18,0
PKO027,20120329,114.39,114.39,114.39,114.39,0
PKO027,20120330,115.03,115.03,115.03,115.03,0
PKO027,20120402,115.12,115.12,115.12,115.12,0
PKO027,20120403,113.95,113.95,113.95,113.95,0
PKO027,20120404,112.87,112.87,112.87,112.87,0
PKO027,20120405,113.02,113.02,113.02,113.02,0
PKO027,20120410,111.97,111.97,111.97,111.97,0
PKO027,20120411,112.48,112.48,112.48,112.48,0
PKO027,20120412,113.17,113.17,113.17,113.17,0
PKO027,20120413,112.51,112.51,112.51,112.51,0
PKO027,20120416,113.01,113.01,113.01,113.01,0
PKO027,20120417,112.75,112.75,112.75,112.75,0
PKO027,20120418,112.69,112.69,112.69,112.69,0
PKO027,20120419,112.63,112.63,112.63,112.63,0
PKO027,20120420,113.21,113.21,113.21,113.21,0
PKO027,20120423,111.55,111.55,111.55,111.55,0
PKO027,20120424,111.64,111.64,111.64,111.64,0
PKO027,20120425,111.50,111.50,111.50,111.50,0
PKO027,20120426,111.63,111.63,111.63,111.63,0
PKO027,20120427,111.99,111.99,111.99,111.99,0
PKO027,20120430,112.33,112.33,112.33,112.33,0
PKO027,20120502,112.24,112.24,112.24,112.24,0
PKO027,20120504,111.25,111.25,111.25,111.25,0
PKO027,20120507,111.62,111.62,111.62,111.62,0
PKO027,20120508,111.41,111.41,111.41,111.41,0
PKO027,20120509,110.66,110.66,110.66,110.66,0
PKO027,20120510,110.85,110.85,110.85,110.85,0
PKO027,20120511,110.63,110.63,110.63,110.63,0
PKO027,20120514,110.75,110.75,110.75,110.75,0
PKO027,20120515,110.25,110.25,110.25,110.25,0
PKO027,20120516,110.22,110.22,110.22,110.22,0
PKO027,20120517,108.90,108.90,108.90,108.90,0
PKO027,20120518,108.62,108.62,108.62,108.62,0
PKO027,20120521,108.69,108.69,108.69,108.69,0
PKO027,20120522,108.31,108.31,108.31,108.31,0
PKO027,20120523,107.22,107.22,107.22,107.22,0
PKO027,20120524,106.92,106.92,106.92,106.92,0
PKO027,20120525,106.76,106.76,106.76,106.76,0
PKO027,20120528,107.33,107.33,107.33,107.33,0
PKO027,20120529,108.19,108.19,108.19,108.19,0
PKO027,20120530,107.03,107.03,107.03,107.03,0
PKO027,20120531,106.71,106.71,106.71,106.71,0
PKO027,20120601,106.31,106.31,106.31,106.31,0
PKO027,20120604,105.17,105.17,105.17,105.17,0
PKO027,20120605,105.17,105.17,105.17,105.17,0
PKO027,20120606,105.93,105.93,105.93,105.93,0
PKO027,20120608,105.97,105.97,105.97,105.97,0
PKO027,20120611,105.21,105.21,105.21,105.21,0
PKO027,20120612,105.69,105.69,105.69,105.69,0
PKO027,20120613,105.27,105.27,105.27,105.27,0
PKO027,20120614,105.79,105.79,105.79,105.79,0
PKO027,20120615,106.37,106.37,106.37,106.37,0
PKO027,20120618,106.45,106.45,106.45,106.45,0
PKO027,20120619,107.98,107.98,107.98,107.98,0
PKO027,20120620,107.28,107.28,107.28,107.28,0
PKO027,20120621,105.46,105.46,105.46,105.46,0
PKO027,20120622,105.98,105.98,105.98,105.98,0
PKO027,20120625,104.43,104.43,104.43,104.43,0
PKO027,20120626,105.36,105.36,105.36,105.36,0
PKO027,20120627,106.94,106.94,106.94,106.94,0
PKO027,20120628,106.03,106.03,106.03,106.03,0
PKO027,20120629,106.95,106.95,106.95,106.95,0
PKO027,20120702,106.13,106.13,106.13,106.13,0
PKO027,20120703,106.09,106.09,106.09,106.09,0
PKO027,20120704,105.76,105.76,105.76,105.76,0
PKO027,20120705,105.92,105.92,105.92,105.92,0
PKO027,20120706,105.35,105.35,105.35,105.35,0
PKO027,20120709,105.96,105.96,105.96,105.96,0
PKO027,20120710,104.35,104.35,104.35,104.35,0
PKO027,20120711,103.73,103.73,103.73,103.73,0
PKO027,20120712,103.80,103.80,103.80,103.80,0
PKO027,20120713,104.89,104.89,104.89,104.89,0
PKO027,20120716,104.04,104.04,104.04,104.04,0
PKO027,20120717,104.12,104.12,104.12,104.12,0
PKO027,20120718,104.81,104.81,104.81,104.81,0
PKO027,20120719,105.31,105.31,105.31,105.31,0
PKO027,20120720,104.19,104.19,104.19,104.19,0
PKO027,20120723,103.26,103.26,103.26,103.26,0
PKO027,20120724,103.07,103.07,103.07,103.07,0
PKO027,20120725,103.89,103.89,103.89,103.89,0
PKO027,20120726,104.71,104.71,104.71,104.71,0
PKO027,20120727,104.36,104.36,104.36,104.36,0
PKO027,20120730,104.11,104.11,104.11,104.11,0
PKO027,20120731,103.94,103.94,103.94,103.94,0
PKO027,20120801,103.50,103.50,103.50,103.50,0
PKO027,20120802,102.93,102.93,102.93,102.93,0
PKO027,20120803,104.75,104.75,104.75,104.75,0
PKO027,20120806,104.41,104.41,104.41,104.41,0
PKO027,20120807,105.11,105.11,105.11,105.11,0
PKO027,20120808,106.02,106.02,106.02,106.02,0
PKO027,20120809,105.61,105.61,105.61,105.61,0
PKO027,20120810,105.87,105.87,105.87,105.87,0
PKO027,20120813,105.57,105.57,105.57,105.57,0
PKO027,20120814,105.42,105.42,105.42,105.42,0
PKO027,20120816,106.64,106.64,106.64,106.64,0
PKO027,20120817,105.69,105.69,105.69,105.69,0
PKO027,20120820,105.45,105.45,105.45,105.45,0
PKO027,20120821,105.37,105.37,105.37,105.37,0
PKO027,20120822,105.58,105.58,105.58,105.58,0
PKO027,20120823,104.69,104.69,104.69,104.69,0
PKO027,20120824,105.41,105.41,105.41,105.41,0
PKO027,20120827,105.09,105.09,105.09,105.09,0
PKO027,20120828,105.08,105.08,105.08,105.08,0
PKO027,20120829,105.47,105.47,105.47,105.47,0
PKO027,20120830,105.10,105.10,105.10,105.10,0
PKO027,20120831,105.10,105.10,105.10,105.10,0
PKO027,20120903,105.58,105.58,105.58,105.58,0
PKO027,20120904,105.10,105.10,105.10,105.10,0
PKO027,20120905,105.04,105.04,105.04,105.04,0
PKO027,20120906,105.99,105.99,105.99,105.99,0
PKO027,20120907,105.97,105.97,105.97,105.97,0
PKO027,20120910,105.02,105.02,105.02,105.02,0
PKO027,20120911,104.95,104.95,104.95,104.95,0
PKO027,20120912,105.18,105.18,105.18,105.18,0
PKO027,20120913,106.09,106.09,106.09,106.09,0
PKO027,20120914,106.72,106.72,106.72,106.72,0
PKO027,20120917,106.19,106.19,106.19,106.19,0
PKO027,20120918,106.52,106.52,106.52,106.52,0
PKO027,20120919,106.39,106.39,106.39,106.39,0
PKO027,20120920,106.99,106.99,106.99,106.99,0
PKO027,20120921,106.93,106.93,106.93,106.93,0
PKO027,20120924,107.20,107.20,107.20,107.20,0
PKO027,20120925,106.33,106.33,106.33,106.33,0
PKO027,20120926,105.94,105.94,105.94,105.94,0
PKO027,20120927,106.87,106.87,106.87,106.87,0
PKO027,20120928,105.69,105.69,105.69,105.69,0
PKO027,20121001,105.86,105.86,105.86,105.86,0
PKO027,20121002,106.55,106.55,106.55,106.55,0
PKO027,20121003,106.29,106.29,106.29,106.29,0
PKO027,20121004,106.72,106.72,106.72,106.72,0
PKO027,20121005,106.67,106.67,106.67,106.67,0
PKO027,20121008,106.75,106.75,106.75,106.75,0
PKO027,20121009,105.77,105.77,105.77,105.77,0
PKO027,20121010,105.50,105.50,105.50,105.50,0
PKO027,20121011,106.03,106.03,106.03,106.03,0
PKO027,20121012,105.81,105.81,105.81,105.81,0
PKO027,20121015,106.01,106.01,106.01,106.01,0
PKO027,20121016,106.51,106.51,106.51,106.51,0
PKO027,20121017,106.66,106.66,106.66,106.66,0
PKO027,20121018,106.67,106.67,106.67,106.67,0
PKO027,20121019,105.75,105.75,105.75,105.75,0
PKO027,20121022,105.26,105.26,105.26,105.26,0
PKO027,20121023,104.74,104.74,104.74,104.74,0
PKO027,20121024,104.79,104.79,104.79,104.79,0
PKO027,20121025,104.89,104.89,104.89,104.89,0
PKO027,20121026,104.75,104.75,104.75,104.75,0
PKO027,20121029,104.78,104.78,104.78,104.78,0
PKO027,20121030,105.31,105.31,105.31,105.31,0
PKO027,20121031,104.71,104.71,104.71,104.71,0
PKO027,20121102,105.33,105.33,105.33,105.33,0
PKO027,20121105,105.93,105.93,105.93,105.93,0
PKO027,20121106,105.62,105.62,105.62,105.62,0
PKO027,20121107,104.48,104.48,104.48,104.48,0
PKO027,20121108,105.02,105.02,105.02,105.02,0
PKO027,20121109,104.03,104.03,104.03,104.03,0
PKO027,20121112,104.10,104.10,104.10,104.10,0
PKO027,20121113,104.03,104.03,104.03,104.03,0
PKO027,20121114,103.50,103.50,103.50,103.50,0
PKO027,20121115,103.51,103.51,103.51,103.51,0
PKO027,20121116,103.43,103.43,103.43,103.43,0
PKO027,20121119,104.56,104.56,104.56,104.56,0
PKO027,20121120,104.28,104.28,104.28,104.28,0
PKO027,20121121,104.34,104.34,104.34,104.34,0
PKO027,20121122,104.12,104.12,104.12,104.12,0
PKO027,20121123,105.16,105.16,105.16,105.16,0
PKO027,20121126,106.00,106.00,106.00,106.00,0
PKO027,20121127,105.28,105.28,105.28,105.28,0
PKO027,20121128,105.24,105.24,105.24,105.24,0
PKO027,20121129,104.76,104.76,104.76,104.76,0
PKO027,20121130,104.87,104.87,104.87,104.87,0
PKO027,20121203,105.06,105.06,105.06,105.06,0
PKO027,20121204,105.78,105.78,105.78,105.78,0
PKO027,20121205,105.48,105.48,105.48,105.48,0
PKO027,20121206,105.66,105.66,105.66,105.66,0
PKO027,20121207,106.27,106.27,106.27,106.27,0
PKO027,20121210,106.74,106.74,106.74,106.74,0
PKO027,20121211,108.19,108.19,108.19,108.19,0
PKO027,20121212,108.06,108.06,108.06,108.06,0
PKO027,20121213,107.81,107.81,107.81,107.81,0
PKO027,20121214,107.61,107.61,107.61,107.61,0
PKO027,20121217,107.67,107.67,107.67,107.67,0
PKO027,20121218,107.77,107.77,107.77,107.77,0
PKO027,20121219,106.83,106.83,106.83,106.83,0
PKO027,20121220,107.13,107.13,107.13,107.13,0
PKO027,20121221,106.16,106.16,106.16,106.16,0
PKO027,20121227,106.01,106.01,106.01,106.01,0
PKO027,20121228,106.76,106.76,106.76,106.76,0
PKO027,20130102,108.76,108.76,108.76,108.76,0
PKO027,20130103,109.94,109.94,109.94,109.94,0
PKO027,20130104,111.11,111.11,111.11,111.11,0
PKO027,20130107,110.76,110.76,110.76,110.76,0
PKO027,20130108,110.18,110.18,110.18,110.18,0
PKO027,20130109,110.44,110.44,110.44,110.44,0
PKO027,20130110,110.09,110.09,110.09,110.09,0
PKO027,20130111,110.07,110.07,110.07,110.07,0
PKO027,20130114,111.01,111.01,111.01,111.01,0
PKO027,20130115,110.92,110.92,110.92,110.92,0
PKO027,20130116,111.75,111.75,111.75,111.75,0
PKO027,20130117,112.21,112.21,112.21,112.21,0
PKO027,20130118,112.75,112.75,112.75,112.75,0
PKO027,20130121,114.60,114.60,114.60,114.60,0
PKO027,20130122,115.57,115.57,115.57,115.57,0
PKO027,20130123,115.10,115.10,115.10,115.10,0
PKO027,20130124,116.50,116.50,116.50,116.50,0
PKO027,20130125,116.09,116.09,116.09,116.09,0
PKO027,20130128,115.45,115.45,115.45,115.45,0
PKO027,20130129,115.96,115.96,115.96,115.96,0
PKO027,20130130,114.76,114.76,114.76,114.76,0
PKO027,20130131,114.58,114.58,114.58,114.58,0
PKO027,20130201,114.93,114.93,114.93,114.93,0
PKO027,20130204,114.45,114.45,114.45,114.45,0
PKO027,20130205,114.51,114.51,114.51,114.51,0
PKO027,20130206,113.96,113.96,113.96,113.96,0
PKO027,20130207,113.84,113.84,113.84,113.84,0
PKO027,20130208,114.41,114.41,114.41,114.41,0
PKO027,20130211,115.03,115.03,115.03,115.03,0
PKO027,20130212,115.91,115.91,115.91,115.91,0
PKO027,20130213,116.18,116.18,116.18,116.18,0
PKO027,20130214,117.28,117.28,117.28,117.28,0
PKO027,20130215,117.78,117.78,117.78,117.78,0
PKO027,20130218,117.84,117.84,117.84,117.84,0
PKO027,20130219,118.18,118.18,118.18,118.18,0
PKO027,20130220,117.48,117.48,117.48,117.48,0
PKO027,20130221,117.54,117.54,117.54,117.54,0
PKO027,20130222,118.10,118.10,118.10,118.10,0
PKO027,20130225,118.13,118.13,118.13,118.13,0
PKO027,20130226,117.93,117.93,117.93,117.93,0
PKO027,20130227,118.67,118.67,118.67,118.67,0
PKO027,20130228,118.85,118.85,118.85,118.85,0
PKO027,20130301,118.51,118.51,118.51,118.51,0
PKO027,20130304,118.87,118.87,118.87,118.87,0
PKO027,20130305,119.61,119.61,119.61,119.61,0
PKO027,20130306,120.44,120.44,120.44,120.44,0
PKO027,20130307,120.54,120.54,120.54,120.54,0
PKO027,20130308,120.88,120.88,120.88,120.88,0
PKO027,20130311,121.53,121.53,121.53,121.53,0
PKO027,20130312,121.58,121.58,121.58,121.58,0
PKO027,20130313,121.39,121.39,121.39,121.39,0
PKO027,20130314,121.13,121.13,121.13,121.13,0
PKO027,20130315,120.61,120.61,120.61,120.61,0
PKO027,20130318,120.70,120.70,120.70,120.70,0
PKO027,20130319,120.13,120.13,120.13,120.13,0
PKO027,20130320,120.12,120.12,120.12,120.12,0
PKO027,20130321,119.58,119.58,119.58,119.58,0
PKO027,20130322,119.11,119.11,119.11,119.11,0
PKO027,20130325,118.24,118.24,118.24,118.24,0
PKO027,20130326,118.59,118.59,118.59,118.59,0
PKO027,20130327,119.09,119.09,119.09,119.09,0
PKO027,20130328,119.64,119.64,119.64,119.64,0
PKO027,20130402,119.41,119.41,119.41,119.41,0
PKO027,20130403,118.30,118.30,118.30,118.30,0
PKO027,20130404,118.35,118.35,118.35,118.35,0
PKO027,20130405,118.10,118.10,118.10,118.10,0
PKO027,20130408,117.93,117.93,117.93,117.93,0
PKO027,20130409,116.68,116.68,116.68,116.68,0
PKO027,20130410,117.22,117.22,117.22,117.22,0
PKO027,20130411,117.42,117.42,117.42,117.42,0
PKO027,20130412,117.73,117.73,117.73,117.73,0
PKO027,20130415,116.89,116.89,116.89,116.89,0
PKO027,20130417,115.09,115.09,115.09,115.09,0
PKO027,20130418,114.39,114.39,114.39,114.39,0
PKO027,20130419,114.66,114.66,114.66,114.66,0
PKO027,20130422,114.68,114.68,114.68,114.68,0
PKO027,20130423,115.63,115.63,115.63,115.63,0
PKO027,20130424,116.46,116.46,116.46,116.46,0
PKO027,20130425,117.23,117.23,117.23,117.23,0
PKO027,20130426,117.90,117.90,117.90,117.90,0
PKO027,20130429,118.27,118.27,118.27,118.27,0
PKO027,20130430,118.45,118.45,118.45,118.45,0
PKO027,20130502,118.27,118.27,118.27,118.27,0
PKO027,20130506,118.24,118.24,118.24,118.24,0
PKO027,20130507,118.58,118.58,118.58,118.58,0
PKO027,20130508,119.09,119.09,119.09,119.09,0
PKO027,20130509,119.10,119.10,119.10,119.10,0
PKO027,20130510,120.68,120.68,120.68,120.68,0
PKO027,20130513,121.10,121.10,121.10,121.10,0
PKO027,20130514,121.54,121.54,121.54,121.54,0
PKO027,20130515,122.47,122.47,122.47,122.47,0
PKO027,20130516,123.27,123.27,123.27,123.27,0
PKO027,20130517,124.05,124.05,124.05,124.05,0
PKO027,20130520,124.60,124.60,124.60,124.60,0
PKO027,20130521,125.21,125.21,125.21,125.21,0
PKO027,20130522,125.09,125.09,125.09,125.09,0
PKO027,20130523,125.21,125.21,125.21,125.21,0
PKO027,20130524,125.25,125.25,125.25,125.25,0
PKO027,20130527,125.92,125.92,125.92,125.92,0
PKO027,20130528,126.57,126.57,126.57,126.57,0
PKO027,20130529,126.89,126.89,126.89,126.89,0
PKO027,20130531,127.00,127.00,127.00,127.00,0
PKO027,20130603,126.38,126.38,126.38,126.38,0
PKO027,20130604,126.48,126.48,126.48,126.48,0
PKO027,20130605,125.73,125.73,125.73,125.73,0
PKO027,20130606,125.68,125.68,125.68,125.68,0
PKO027,20130607,126.15,126.15,126.15,126.15,0
PKO027,20130610,126.14,126.14,126.14,126.14,0
PKO027,20130611,125.43,125.43,125.43,125.43,0
PKO027,20130612,126.04,126.04,126.04,126.04,0
PKO027,20130613,126.40,126.40,126.40,126.40,0
PKO027,20130614,126.64,126.64,126.64,126.64,0
PKO027,20130617,127.02,127.02,127.02,127.02,0
PKO027,20130618,127.16,127.16,127.16,127.16,0
PKO027,20130619,127.01,127.01,127.01,127.01,0
PKO027,20130620,124.98,124.98,124.98,124.98,0
PKO027,20130621,124.39,124.39,124.39,124.39,0
PKO027,20130624,124.18,124.18,124.18,124.18,0
PKO027,20130625,125.08,125.08,125.08,125.08,0
PKO027,20130626,125.61,125.61,125.61,125.61,0
PKO027,20130628,125.29,125.29,125.29,125.29,0
PKO027,20130701,125.62,125.62,125.62,125.62,0
PKO027,20130702,125.34,125.34,125.34,125.34,0
PKO027,20130703,125.01,125.01,125.01,125.01,0
PKO027,20130704,125.89,125.89,125.89,125.89,0
PKO027,20130705,125.37,125.37,125.37,125.37,0
PKO027,20130708,125.44,125.44,125.44,125.44,0
PKO027,20130709,125.26,125.26,125.26,125.26,0
PKO027,20130710,125.64,125.64,125.64,125.64,0
PKO027,20130711,126.64,126.64,126.64,126.64,0
PKO027,20130712,127.12,127.12,127.12,127.12,0
PKO027,20130715,127.09,127.09,127.09,127.09,0
PKO027,20130716,126.80,126.80,126.80,126.80,0
PKO027,20130717,126.71,126.71,126.71,126.71,0
PKO027,20130718,126.72,126.72,126.72,126.72,0
PKO027,20130719,126.65,126.65,126.65,126.65,0
PKO027,20130722,126.42,126.42,126.42,126.42,0
PKO027,20130723,126.69,126.69,126.69,126.69,0
PKO027,20130724,126.97,126.97,126.97,126.97,0
PKO027,20130725,127.31,127.31,127.31,127.31,0
PKO027,20130726,127.42,127.42,127.42,127.42,0
PKO027,20130729,127.74,127.74,127.74,127.74,0
PKO027,20130730,127.97,127.97,127.97,127.97,0
PKO027,20130731,128.08,128.08,128.08,128.08,0
PKO027,20130801,128.39,128.39,128.39,128.39,0
PKO027,20130802,129.05,129.05,129.05,129.05,0
PKO027,20130805,129.07,129.07,129.07,129.07,0
PKO027,20130806,128.08,128.08,128.08,128.08,0
PKO027,20130807,127.84,127.84,127.84,127.84,0
PKO027,20130808,128.23,128.23,128.23,128.23,0
PKO027,20130809,128.08,128.08,128.08,128.08,0
PKO027,20130812,128.72,128.72,128.72,128.72,0
PKO027,20130813,129.93,129.93,129.93,129.93,0
PKO027,20130814,131.14,131.14,131.14,131.14,0
PKO027,20130816,130.21,130.21,130.21,130.21,0
PKO027,20130819,129.75,129.75,129.75,129.75,0
PKO027,20130820,129.36,129.36,129.36,129.36,0
PKO027,20130821,129.55,129.55,129.55,129.55,0
PKO027,20130822,130.29,130.29,130.29,130.29,0
PKO027,20130823,130.39,130.39,130.39,130.39,0
PKO027,20130826,130.32,130.32,130.32,130.32,0
PKO027,20130827,128.87,128.87,128.87,128.87,0
PKO027,20130828,128.86,128.86,128.86,128.86,0
PKO027,20130829,130.34,130.34,130.34,130.34,0
PKO027,20130830,129.66,129.66,129.66,129.66,0
PKO027,20130902,129.88,129.88,129.88,129.88,0
PKO027,20130903,130.42,130.42,130.42,130.42,0
PKO027,20130904,130.89,130.89,130.89,130.89,0
PKO027,20130905,130.72,130.72,130.72,130.72,0
PKO027,20130906,131.46,131.46,131.46,131.46,0
PKO027,20130909,131.84,131.84,131.84,131.84,0
PKO027,20130910,132.28,132.28,132.28,132.28,0
PKO027,20130911,132.21,132.21,132.21,132.21,0
PKO027,20130912,132.51,132.51,132.51,132.51,0
PKO027,20130913,132.69,132.69,132.69,132.69,0
PKO027,20130916,132.55,132.55,132.55,132.55,0
PKO027,20130917,132.69,132.69,132.69,132.69,0
PKO027,20130918,133.31,133.31,133.31,133.31,0
PKO027,20130919,133.14,133.14,133.14,133.14,0
PKO027,20130920,132.93,132.93,132.93,132.93,0
PKO027,20130923,132.34,132.34,132.34,132.34,0
PKO027,20130924,132.36,132.36,132.36,132.36,0
PKO027,20130925,132.47,132.47,132.47,132.47,0
PKO027,20130926,132.79,132.79,132.79,132.79,0
PKO027,20130927,132.48,132.48,132.48,132.48,0
PKO027,20130930,132.17,132.17,132.17,132.17,0
PKO027,20131001,132.70,132.70,132.70,132.70,0
PKO027,20131002,132.78,132.78,132.78,132.78,0
PKO027,20131003,131.96,131.96,131.96,131.96,0
PKO027,20131004,132.48,132.48,132.48,132.48,0
PKO027,20131007,132.08,132.08,132.08,132.08,0
PKO027,20131008,131.18,131.18,131.18,131.18,0
PKO027,20131009,130.54,130.54,130.54,130.54,0
PKO027,20131010,132.09,132.09,132.09,132.09,0
PKO027,20131011,132.67,132.67,132.67,132.67,0
PKO027,20131014,133.11,133.11,133.11,133.11,0
PKO027,20131015,133.30,133.30,133.30,133.30,0
PKO027,20131016,132.51,132.51,132.51,132.51,0
PKO027,20131017,132.43,132.43,132.43,132.43,0
PKO027,20131018,133.13,133.13,133.13,133.13,0
PKO027,20131021,133.66,133.66,133.66,133.66,0
PKO027,20131022,133.71,133.71,133.71,133.71,0
PKO027,20131023,132.14,132.14,132.14,132.14,0
PKO027,20131024,132.57,132.57,132.57,132.57,0
PKO027,20131025,133.01,133.01,133.01,133.01,0
PKO027,20131028,133.19,133.19,133.19,133.19,0
PKO027,20131029,133.64,133.64,133.64,133.64,0
PKO027,20131030,134.11,134.11,134.11,134.11,0
PKO027,20131031,133.95,133.95,133.95,133.95,0
PKO027,20131104,134.46,134.46,134.46,134.46,0
PKO027,20131105,134.23,134.23,134.23,134.23,0
PKO027,20131106,134.81,134.81,134.81,134.81,0
PKO027,20131107,133.81,133.81,133.81,133.81,0
PKO027,20131108,134.46,134.46,134.46,134.46,0
PKO027,20131112,135.20,135.20,135.20,135.20,0
PKO027,20131113,135.40,135.40,135.40,135.40,0
PKO027,20131114,135.19,135.19,135.19,135.19,0
PKO027,20131115,135.80,135.80,135.80,135.80,0
PKO027,20131118,135.56,135.56,135.56,135.56,0
PKO027,20131119,135.00,135.00,135.00,135.00,0
PKO027,20131120,134.84,134.84,134.84,134.84,0
PKO027,20131121,135.22,135.22,135.22,135.22,0
PKO027,20131122,135.33,135.33,135.33,135.33,0
PKO027,20131125,135.56,135.56,135.56,135.56,0
PKO027,20131126,135.80,135.80,135.80,135.80,0
PKO027,20131127,136.29,136.29,136.29,136.29,0
PKO027,20131128,136.42,136.42,136.42,136.42,0
PKO027,20131129,136.95,136.95,136.95,136.95,0
PKO027,20131202,136.58,136.58,136.58,136.58,0
PKO027,20131203,135.98,135.98,135.98,135.98,0
PKO027,20131204,135.72,135.72,135.72,135.72,0
PKO027,20131205,135.58,135.58,135.58,135.58,0
PKO027,20131206,135.93,135.93,135.93,135.93,0
PKO027,20131209,136.02,136.02,136.02,136.02,0
PKO027,20131210,135.64,135.64,135.64,135.64,0
PKO027,20131211,134.87,134.87,134.87,134.87,0
PKO027,20131212,134.06,134.06,134.06,134.06,0
PKO027,20131213,133.54,133.54,133.54,133.54,0
PKO027,20131216,134.27,134.27,134.27,134.27,0
PKO027,20131217,133.96,133.96,133.96,133.96,0
PKO027,20131218,134.66,134.66,134.66,134.66,0
PKO027,20131219,134.94,134.94,134.94,134.94,0
PKO027,20131220,135.58,135.58,135.58,135.58,0
PKO027,20131223,136.63,136.63,136.63,136.63,0
PKO027,20131227,137.40,137.40,137.40,137.40,0
PKO027,20131230,137.53,137.53,137.53,137.53,0
PKO027,20140102,136.78,136.78,136.78,136.78,0
PKO027,20140103,136.28,136.28,136.28,136.28,0
PKO027,20140107,136.38,136.38,136.38,136.38,0
PKO027,20140108,136.59,136.59,136.59,136.59,0
PKO027,20140109,135.36,135.36,135.36,135.36,0
PKO027,20140110,135.64,135.64,135.64,135.64,0
PKO027,20140113,135.50,135.50,135.50,135.50,0
PKO027,20140114,136.22,136.22,136.22,136.22,0
PKO027,20140115,137.38,137.38,137.38,137.38,0
PKO027,20140116,137.39,137.39,137.39,137.39,0
PKO027,20140117,137.04,137.04,137.04,137.04,0
PKO027,20140120,136.97,136.97,136.97,136.97,0
PKO027,20140121,137.19,137.19,137.19,137.19,0
PKO027,20140122,137.26,137.26,137.26,137.26,0
PKO027,20140123,136.69,136.69,136.69,136.69,0
PKO027,20140124,134.60,134.60,134.60,134.60,0
PKO027,20140127,133.47,133.47,133.47,133.47,0
PKO027,20140128,133.01,133.01,133.01,133.01,0
PKO027,20140129,132.47,132.47,132.47,132.47,0
PKO027,20140130,133.27,133.27,133.27,133.27,0
PKO027,20140131,133.18,133.18,133.18,133.18,0
PKO027,20140203,131.44,131.44,131.44,131.44,0
PKO027,20140204,131.76,131.76,131.76,131.76,0
PKO027,20140205,131.57,131.57,131.57,131.57,0
PKO027,20140206,133.52,133.52,133.52,133.52,0
PKO027,20140207,134.22,134.22,134.22,134.22,0
PKO027,20140210,134.65,134.65,134.65,134.65,0
PKO027,20140211,136.34,136.34,136.34,136.34,0
PKO027,20140212,137.30,137.30,137.30,137.30,0
PKO027,20140213,137.87,137.87,137.87,137.87,0
PKO027,20140214,138.56,138.56,138.56,138.56,0
PKO027,20140217,138.63,138.63,138.63,138.63,0
PKO027,20140218,138.74,138.74,138.74,138.74,0
PKO027,20140219,138.45,138.45,138.45,138.45,0
PKO027,20140220,138.49,138.49,138.49,138.49,0
PKO027,20140221,138.79,138.79,138.79,138.79,0
PKO027,20140224,139.48,139.48,139.48,139.48,0
PKO027,20140225,139.06,139.06,139.06,139.06,0
PKO027,20140226,139.66,139.66,139.66,139.66,0
PKO027,20140227,140.10,140.10,140.10,140.10,0
PKO027,20140228,140.60,140.60,140.60,140.60,0
PKO027,20140303,137.96,137.96,137.96,137.96,0
PKO027,20140304,140.06,140.06,140.06,140.06,0
PKO027,20140305,139.98,139.98,139.98,139.98,0
PKO027,20140306,141.08,141.08,141.08,141.08,0
PKO027,20140307,140.43,140.43,140.43,140.43,0
PKO027,20140310,139.30,139.30,139.30,139.30,0
PKO027,20140311,139.06,139.06,139.06,139.06,0
PKO027,20140312,138.32,138.32,138.32,138.32,0
PKO027,20140313,136.21,136.21,136.21,136.21,0
PKO027,20140314,135.40,135.40,135.40,135.40,0
PKO027,20140317,137.64,137.64,137.64,137.64,0
PKO027,20140318,138.85,138.85,138.85,138.85,0
PKO027,20140319,138.76,138.76,138.76,138.76,0
PKO027,20140320,139.36,139.36,139.36,139.36,0
PKO027,20140321,139.20,139.20,139.20,139.20,0
PKO027,20140324,138.59,138.59,138.59,138.59,0
PKO027,20140325,139.75,139.75,139.75,139.75,0
PKO027,20140326,140.07,140.07,140.07,140.07,0
PKO027,20140327,140.31,140.31,140.31,140.31,0
PKO027,20140328,141.06,141.06,141.06,141.06,0
PKO027,20140331,142.02,142.02,142.02,142.02,0
PKO027,20140401,143.52,143.52,143.52,143.52,0
PKO027,20140402,143.32,143.32,143.32,143.32,0
PKO027,20140403,143.19,143.19,143.19,143.19,0
PKO027,20140404,141.85,141.85,141.85,141.85,0
PKO027,20140407,140.85,140.85,140.85,140.85,0
PKO027,20140408,141.52,141.52,141.52,141.52,0
PKO027,20140409,142.58,142.58,142.58,142.58,0
PKO027,20140410,140.76,140.76,140.76,140.76,0
PKO027,20140411,139.54,139.54,139.54,139.54,0
PKO027,20140414,139.40,139.40,139.40,139.40,0
PKO027,20140415,138.87,138.87,138.87,138.87,0
PKO027,20140416,139.57,139.57,139.57,139.57,0
PKO027,20140417,140.26,140.26,140.26,140.26,0
PKO027,20140422,142.05,142.05,142.05,142.05,0
PKO027,20140423,142.16,142.16,142.16,142.16,0
PKO027,20140424,142.42,142.42,142.42,142.42,0
PKO027,20140425,140.89,140.89,140.89,140.89,0
PKO027,20140428,140.91,140.91,140.91,140.91,0
PKO027,20140429,141.70,141.70,141.70,141.70,0
PKO027,20140430,141.41,141.41,141.41,141.41,0
PKO027,20140502,141.38,141.38,141.38,141.38,0
PKO027,20140505,141.27,141.27,141.27,141.27,0
PKO027,20140506,140.25,140.25,140.25,140.25,0
PKO027,20140507,140.40,140.40,140.40,140.40,0
PKO027,20140508,141.33,141.33,141.33,141.33,0
PKO027,20140509,141.32,141.32,141.32,141.32,0
PKO027,20140512,143.21,143.21,143.21,143.21,0
PKO027,20140513,142.68,142.68,142.68,142.68,0
PKO027,20140514,141.98,141.98,141.98,141.98,0
PKO027,20140515,141.59,141.59,141.59,141.59,0
PKO027,20140516,141.91,141.91,141.91,141.91,0
PKO027,20140519,142.93,142.93,142.93,142.93,0
PKO027,20140520,142.91,142.91,142.91,142.91,0
PKO027,20140521,143.08,143.08,143.08,143.08,0
PKO027,20140522,143.75,143.75,143.75,143.75,0
PKO027,20140523,144.42,144.42,144.42,144.42,0
PKO027,20140526,144.90,144.90,144.90,144.90,0
PKO027,20140527,145.34,145.34,145.34,145.34,0
PKO027,20140528,145.26,145.26,145.26,145.26,0
PKO027,20140529,146.20,146.20,146.20,146.20,0
PKO027,20140530,146.37,146.37,146.37,146.37,0
PKO027,20140602,146.45,146.45,146.45,146.45,0
PKO027,20140603,146.69,146.69,146.69,146.69,0
PKO027,20140604,147.48,147.48,147.48,147.48,0
PKO027,20140605,148.28,148.28,148.28,148.28,0
PKO027,20140606,148.93,148.93,148.93,148.93,0
PKO027,20140609,149.07,149.07,149.07,149.07,0
PKO027,20140610,150.17,150.17,150.17,150.17,0
PKO027,20140611,149.89,149.89,149.89,149.89,0
PKO027,20140612,148.73,148.73,148.73,148.73,0
PKO027,20140613,148.59,148.59,148.59,148.59,0
PKO027,20140616,148.92,148.92,148.92,148.92,0
PKO027,20140617,149.67,149.67,149.67,149.67,0
PKO027,20140618,149.75,149.75,149.75,149.75,0
PKO027,20140620,148.63,148.63,148.63,148.63,0
PKO027,20140623,147.92,147.92,147.92,147.92,0
PKO027,20140624,147.09,147.09,147.09,147.09,0
PKO027,20140625,146.65,146.65,146.65,146.65,0
PKO027,20140626,146.72,146.72,146.72,146.72,0
PKO027,20140627,146.61,146.61,146.61,146.61,0
PKO027,20140630,147.54,147.54,147.54,147.54,0
PKO027,20140701,148.84,148.84,148.84,148.84,0
PKO027,20140702,148.93,148.93,148.93,148.93,0
PKO027,20140703,149.74,149.74,149.74,149.74,0
PKO027,20140704,149.31,149.31,149.31,149.31,0
PKO027,20140707,148.08,148.08,148.08,148.08,0
PKO027,20140708,146.72,146.72,146.72,146.72,0
PKO027,20140709,147.32,147.32,147.32,147.32,0
PKO027,20140710,146.58,146.58,146.58,146.58,0
PKO027,20140711,146.66,146.66,146.66,146.66,0
PKO027,20140714,147.39,147.39,147.39,147.39,0
PKO027,20140715,147.00,147.00,147.00,147.00,0
PKO027,20140716,148.04,148.04,148.04,148.04,0
PKO027,20140717,146.35,146.35,146.35,146.35,0
PKO027,20140718,147.65,147.65,147.65,147.65,0
PKO027,20140721,148.02,148.02,148.02,148.02,0
PKO027,20140722,148.98,148.98,148.98,148.98,0
PKO027,20140723,148.18,148.18,148.18,148.18,0
PKO027,20140724,148.21,148.21,148.21,148.21,0
PKO027,20140725,147.26,147.26,147.26,147.26,0
PKO027,20140728,146.51,146.51,146.51,146.51,0
PKO027,20140729,146.94,146.94,146.94,146.94,0
PKO027,20140730,146.47,146.47,146.47,146.47,0
PKO027,20140731,143.87,143.87,143.87,143.87,0
PKO027,20140801,142.56,142.56,142.56,142.56,0
PKO027,20140804,142.60,142.60,142.60,142.60,0
PKO027,20140805,142.20,142.20,142.20,142.20,0
PKO027,20140806,141.58,141.58,141.58,141.58,0
PKO027,20140807,140.73,140.73,140.73,140.73,0
PKO027,20140808,141.70,141.70,141.70,141.70,0
PKO027,20140811,143.04,143.04,143.04,143.04,0
PKO027,20140812,143.01,143.01,143.01,143.01,0
PKO027,20140813,143.89,143.89,143.89,143.89,0
PKO027,20140814,144.02,144.02,144.02,144.02,0
PKO027,20140818,145.25,145.25,145.25,145.25,0
PKO027,20140819,146.66,146.66,146.66,146.66,0
PKO027,20140820,146.99,146.99,146.99,146.99,0
PKO027,20140821,147.44,147.44,147.44,147.44,0
PKO027,20140822,147.33,147.33,147.33,147.33,0
PKO027,20140825,147.17,147.17,147.17,147.17,0
PKO027,20140826,147.52,147.52,147.52,147.52,0
PKO027,20140827,147.77,147.77,147.77,147.77,0
PKO027,20140828,147.16,147.16,147.16,147.16,0
PKO027,20140829,147.79,147.79,147.79,147.79,0
PKO027,20140901,148.24,148.24,148.24,148.24,0
PKO027,20140902,148.34,148.34,148.34,148.34,0
PKO027,20140903,148.32,148.32,148.32,148.32,0
PKO027,20140904,148.66,148.66,148.66,148.66,0
PKO027,20140905,149.22,149.22,149.22,149.22,0
PKO027,20140908,148.93,148.93,148.93,148.93,0
PKO027,20140909,147.90,147.90,147.90,147.90,0
PKO027,20140910,147.76,147.76,147.76,147.76,0
PKO027,20140911,148.11,148.11,148.11,148.11,0
PKO027,20140912,146.90,146.90,146.90,146.90,0
PKO027,20140915,145.41,145.41,145.41,145.41,0
PKO027,20140916,146.17,146.17,146.17,146.17,0
PKO027,20140917,147.01,147.01,147.01,147.01,0
PKO027,20140918,148.37,148.37,148.37,148.37,0
PKO027,20140919,146.72,146.72,146.72,146.72,0
PKO027,20140922,145.42,145.42,145.42,145.42,0
PKO027,20140923,144.57,144.57,144.57,144.57,0
PKO027,20140924,145.27,145.27,145.27,145.27,0
PKO027,20140925,143.98,143.98,143.98,143.98,0
PKO027,20140926,144.84,144.84,144.84,144.84,0
PKO027,20140929,144.64,144.64,144.64,144.64,0
PKO027,20140930,143.85,143.85,143.85,143.85,0
PKO027,20141001,142.74,142.74,142.74,142.74,0
PKO027,20141002,142.43,142.43,142.43,142.43,0
PKO027,20141003,143.23,143.23,143.23,143.23,0
PKO027,20141006,142.72,142.72,142.72,142.72,0
PKO027,20141007,140.58,140.58,140.58,140.58,0
PKO027,20141008,140.94,140.94,140.94,140.94,0
PKO027,20141009,139.05,139.05,139.05,139.05,0
PKO027,20141010,134.37,134.37,134.37,134.37,0
PKO027,20141013,132.40,132.40,132.40,132.40,0
PKO027,20141014,133.67,133.67,133.67,133.67,0
PKO027,20141015,133.68,133.68,133.68,133.68,0
PKO027,20141016,134.36,134.36,134.36,134.36,0
PKO027,20141017,136.04,136.04,136.04,136.04,0
PKO027,20141020,136.32,136.32,136.32,136.32,0
PKO027,20141021,139.63,139.63,139.63,139.63,0
PKO027,20141022,139.02,139.02,139.02,139.02,0
PKO027,20141023,140.02,140.02,140.02,140.02,0
PKO027,20141024,140.84,140.84,140.84,140.84,0
PKO027,20141027,140.41,140.41,140.41,140.41,0
PKO027,20141028,141.95,141.95,141.95,141.95,0
PKO027,20141029,142.59,142.59,142.59,142.59,0
PKO027,20141030,143.25,143.25,143.25,143.25,0
PKO027,20141031,146.84,146.84,146.84,146.84,0
PKO027,20141103,147.41,147.41,147.41,147.41,0
PKO027,20141104,147.62,147.62,147.62,147.62,0
PKO027,20141105,148.83,148.83,148.83,148.83,0
PKO027,20141106,148.91,148.91,148.91,148.91,0
PKO027,20141107,147.50,147.50,147.50,147.50,0
PKO027,20141110,148.15,148.15,148.15,148.15,0
PKO027,20141112,146.43,146.43,146.43,146.43,0
PKO027,20141113,146.52,146.52,146.52,146.52,0
PKO027,20141114,147.02,147.02,147.02,147.02,0
PKO027,20141117,146.86,146.86,146.86,146.86,0
PKO027,20141118,148.49,148.49,148.49,148.49,0
PKO027,20141119,148.09,148.09,148.09,148.09,0
PKO027,20141120,149.07,149.07,149.07,149.07,0
PKO027,20141121,150.22,150.22,150.22,150.22,0
PKO027,20141124,151.59,151.59,151.59,151.59,0
PKO027,20141125,151.73,151.73,151.73,151.73,0
PKO027,20141126,152.42,152.42,152.42,152.42,0
PKO027,20141127,152.42,152.42,152.42,152.42,0
PKO027,20141128,152.21,152.21,152.21,152.21,0
PKO027,20141201,150.67,150.67,150.67,150.67,0
PKO027,20141202,151.10,151.10,151.10,151.10,0
PKO027,20141203,151.90,151.90,151.90,151.90,0
PKO027,20141204,152.47,152.47,152.47,152.47,0
PKO027,20141205,153.90,153.90,153.90,153.90,0
PKO027,20141208,152.85,152.85,152.85,152.85,0
PKO027,20141209,151.80,151.80,151.80,151.80,0
PKO027,20141210,150.38,150.38,150.38,150.38,0
PKO027,20141211,150.35,150.35,150.35,150.35,0
PKO027,20141212,148.42,148.42,148.42,148.42,0
PKO027,20141215,147.19,147.19,147.19,147.19,0
PKO027,20141216,146.96,146.96,146.96,146.96,0
PKO027,20141217,148.79,148.79,148.79,148.79,0
PKO027,20141218,151.98,151.98,151.98,151.98,0
PKO027,20141219,152.81,152.81,152.81,152.81,0
PKO027,20141222,153.95,153.95,153.95,153.95,0
PKO027,20141223,154.08,154.08,154.08,154.08,0
PKO027,20141229,155.09,155.09,155.09,155.09,0
PKO027,20141230,154.54,154.54,154.54,154.54,0
PKO027,20150102,154.23,154.23,154.23,154.23,0
PKO027,20150105,152.37,152.37,152.37,152.37,0
PKO027,20150107,151.71,151.71,151.71,151.71,0
PKO027,20150108,154.75,154.75,154.75,154.75,0
PKO027,20150109,154.54,154.54,154.54,154.54,0
PKO027,20150112,153.96,153.96,153.96,153.96,0
PKO027,20150113,154.23,154.23,154.23,154.23,0
PKO027,20150114,153.06,153.06,153.06,153.06,0
PKO027,20150115,151.45,151.45,151.45,151.45,0
PKO027,20150116,152.26,152.26,152.26,152.26,0
PKO027,20150119,153.47,153.47,153.47,153.47,0
PKO027,20150120,153.69,153.69,153.69,153.69,0
PKO027,20150121,154.68,154.68,154.68,154.68,0
PKO027,20150122,156.44,156.44,156.44,156.44,0
PKO027,20150123,157.17,157.17,157.17,157.17,0
PKO027,20150126,158.18,158.18,158.18,158.18,0
PKO027,20150127,155.86,155.86,155.86,155.86,0
PKO027,20150128,156.14,156.14,156.14,156.14,0
PKO027,20150129,158.22,158.22,158.22,158.22,0
PKO027,20150130,158.11,158.11,158.11,158.11,0
PKO027,20150202,157.93,157.93,157.93,157.93,0
PKO027,20150203,159.22,159.22,159.22,159.22,0
PKO027,20150204,159.47,159.47,159.47,159.47,0
PKO027,20150205,160.37,160.37,160.37,160.37,0
PKO027,20150206,160.50,160.50,160.50,160.50,0
PKO027,20150209,159.23,159.23,159.23,159.23,0
PKO027,20150210,160.98,160.98,160.98,160.98,0
PKO027,20150211,161.92,161.92,161.92,161.92,0
PKO027,20150212,164.04,164.04,164.04,164.04,0
PKO027,20150213,163.82,163.82,163.82,163.82,0
PKO027,20150216,163.83,163.83,163.83,163.83,0
PKO027,20150217,164.05,164.05,164.05,164.05,0
PKO027,20150218,164.73,164.73,164.73,164.73,0
PKO027,20150219,164.20,164.20,164.20,164.20,0
PKO027,20150220,164.76,164.76,164.76,164.76,0
PKO027,20150223,164.88,164.88,164.88,164.88,0
PKO027,20150224,165.55,165.55,165.55,165.55,0
PKO027,20150225,165.96,165.96,165.96,165.96,0
PKO027,20150226,166.07,166.07,166.07,166.07,0
PKO027,20150227,166.46,166.46,166.46,166.46,0
PKO027,20150302,168.67,168.67,168.67,168.67,0
PKO027,20150303,167.77,167.77,167.77,167.77,0
PKO027,20150304,167.88,167.88,167.88,167.88,0
PKO027,20150305,169.14,169.14,169.14,169.14,0
PKO027,20150306,168.97,168.97,168.97,168.97,0
PKO027,20150309,168.91,168.91,168.91,168.91,0
PKO027,20150310,168.00,168.00,168.00,168.00,0
PKO027,20150311,169.24,169.24,169.24,169.24,0
PKO027,20150312,169.29,169.29,169.29,169.29,0
PKO027,20150313,169.63,169.63,169.63,169.63,0
PKO027,20150316,171.53,171.53,171.53,171.53,0
PKO027,20150317,170.63,170.63,170.63,170.63,0
PKO027,20150318,170.61,170.61,170.61,170.61,0
PKO027,20150319,171.34,171.34,171.34,171.34,0
PKO027,20150320,172.63,172.63,172.63,172.63,0
PKO027,20150323,171.77,171.77,171.77,171.77,0
PKO027,20150324,171.38,171.38,171.38,171.38,0
PKO027,20150325,167.20,167.20,167.20,167.20,0
PKO027,20150326,166.42,166.42,166.42,166.42,0
PKO027,20150327,167.85,167.85,167.85,167.85,0
PKO027,20150330,169.94,169.94,169.94,169.94,0
PKO027,20150331,168.60,168.60,168.60,168.60,0
PKO027,20150401,168.19,168.19,168.19,168.19,0
PKO027,20150402,168.44,168.44,168.44,168.44,0
PKO027,20150407,169.12,169.12,169.12,169.12,0
PKO027,20150408,169.49,169.49,169.49,169.49,0
PKO027,20150409,170.91,170.91,170.91,170.91,0
PKO027,20150410,171.74,171.74,171.74,171.74,0
PKO027,20150413,171.73,171.73,171.73,171.73,0
PKO027,20150414,170.30,170.30,170.30,170.30,0
PKO027,20150415,171.75,171.75,171.75,171.75,0
PKO027,20150416,171.25,171.25,171.25,171.25,0
PKO027,20150417,169.09,169.09,169.09,169.09,0
PKO027,20150420,170.43,170.43,170.43,170.43,0
PKO027,20150421,171.44,171.44,171.44,171.44,0
PKO027,20150422,171.81,171.81,171.81,171.81,0
PKO027,20150423,171.77,171.77,171.77,171.77,0
PKO027,20150424,170.74,170.74,170.74,170.74,0
PKO027,20150427,170.86,170.86,170.86,170.86,0
PKO027,20150428,171.37,171.37,171.37,171.37,0
PKO027,20150429,170.03,170.03,170.03,170.03,0
PKO027,20150430,169.18,169.18,169.18,169.18,0
PKO027,20150504,171.64,171.64,171.64,171.64,0
PKO027,20150505,169.04,169.04,169.04,169.04,0
PKO027,20150506,169.41,169.41,169.41,169.41,0
PKO027,20150507,172.39,172.39,172.39,172.39,0
PKO027,20150508,173.84,173.84,173.84,173.84,0
PKO027,20150511,174.43,174.43,174.43,174.43,0
PKO027,20150512,173.98,173.98,173.98,173.98,0
PKO027,20150513,174.57,174.57,174.57,174.57,0
PKO027,20150514,174.79,174.79,174.79,174.79,0
PKO027,20150515,175.06,175.06,175.06,175.06,0
PKO027,20150518,176.51,176.51,176.51,176.51,0
PKO027,20150519,176.68,176.68,176.68,176.68,0
PKO027,20150520,177.76,177.76,177.76,177.76,0
PKO027,20150521,177.77,177.77,177.77,177.77,0
PKO027,20150522,178.11,178.11,178.11,178.11,0
PKO027,20150525,178.23,178.23,178.23,178.23,0
PKO027,20150526,177.48,177.48,177.48,177.48,0
PKO027,20150527,180.53,180.53,180.53,180.53,0
PKO027,20150528,180.30,180.30,180.30,180.30,0
PKO027,20150529,179.19,179.19,179.19,179.19,0
PKO027,20150601,179.73,179.73,179.73,179.73,0
PKO027,20150602,179.69,179.69,179.69,179.69,0
PKO027,20150603,179.57,179.57,179.57,179.57,0
PKO027,20150605,178.06,178.06,178.06,178.06,0
PKO027,20150608,176.91,176.91,176.91,176.91,0
PKO027,20150609,176.85,176.85,176.85,176.85,0
PKO027,20150610,176.10,176.10,176.10,176.10,0
PKO027,20150611,176.84,176.84,176.84,176.84,0
PKO027,20150612,176.02,176.02,176.02,176.02,0
PKO027,20150615,175.09,175.09,175.09,175.09,0
PKO027,20150616,176.41,176.41,176.41,176.41,0
PKO027,20150617,177.03,177.03,177.03,177.03,0
PKO027,20150618,177.70,177.70,177.70,177.70,0
PKO027,20150619,177.35,177.35,177.35,177.35,0
PKO027,20150622,178.46,178.46,178.46,178.46,0
PKO027,20150623,178.83,178.83,178.83,178.83,0
PKO027,20150624,177.60,177.60,177.60,177.60,0
PKO027,20150625,177.94,177.94,177.94,177.94,0
PKO027,20150626,176.61,176.61,176.61,176.61,0
PKO027,20150629,172.68,172.68,172.68,172.68,0
PKO027,20150630,172.44,172.44,172.44,172.44,0
PKO027,20150701,174.31,174.31,174.31,174.31,0
PKO027,20150702,173.27,173.27,173.27,173.27,0
PKO027,20150703,172.84,172.84,172.84,172.84,0
PKO027,20150706,171.16,171.16,171.16,171.16,0
PKO027,20150707,169.66,169.66,169.66,169.66,0
PKO027,20150708,167.54,167.54,167.54,167.54,0
PKO027,20150709,168.25,168.25,168.25,168.25,0
PKO027,20150710,171.22,171.22,171.22,171.22,0
PKO027,20150713,172.75,172.75,172.75,172.75,0
PKO027,20150714,173.30,173.30,173.30,173.30,0
PKO027,20150715,173.37,173.37,173.37,173.37,0
PKO027,20150716,174.25,174.25,174.25,174.25,0
PKO027,20150717,173.66,173.66,173.66,173.66,0
PKO027,20150720,174.78,174.78,174.78,174.78,0
PKO027,20150721,174.47,174.47,174.47,174.47,0
PKO027,20150722,173.22,173.22,173.22,173.22,0
PKO027,20150723,174.57,174.57,174.57,174.57,0
PKO027,20150724,173.35,173.35,173.35,173.35,0
PKO027,20150727,170.66,170.66,170.66,170.66,0
PKO027,20150728,171.09,171.09,171.09,171.09,0
PKO027,20150729,172.01,172.01,172.01,172.01,0
PKO027,20150730,171.88,171.88,171.88,171.88,0
PKO027,20150731,171.59,171.59,171.59,171.59,0
PKO027,20150803,172.29,172.29,172.29,172.29,0
PKO027,20150804,171.67,171.67,171.67,171.67,0
PKO027,20150805,172.87,172.87,172.87,172.87,0
PKO027,20150806,170.67,170.67,170.67,170.67,0
PKO027,20150807,171.65,171.65,171.65,171.65,0
PKO027,20150810,173.42,173.42,173.42,173.42,0
PKO027,20150811,170.74,170.74,170.74,170.74,0
PKO027,20150812,168.87,168.87,168.87,168.87,0
PKO027,20150813,169.42,169.42,169.42,169.42,0
PKO027,20150814,169.61,169.61,169.61,169.61,0
PKO027,20150817,169.70,169.70,169.70,169.70,0
PKO027,20150818,168.51,168.51,168.51,168.51,0
PKO027,20150819,167.19,167.19,167.19,167.19,0
PKO027,20150820,163.42,163.42,163.42,163.42,0
PKO027,20150821,160.54,160.54,160.54,160.54,0
PKO027,20150824,155.53,155.53,155.53,155.53,0
PKO027,20150825,158.10,158.10,158.10,158.10,0
PKO027,20150826,160.38,160.38,160.38,160.38,0
PKO027,20150827,163.10,163.10,163.10,163.10,0
PKO027,20150828,163.74,163.74,163.74,163.74,0
PKO027,20150831,163.55,163.55,163.55,163.55,0
PKO027,20150901,160.06,160.06,160.06,160.06,0
PKO027,20150902,160.87,160.87,160.87,160.87,0
PKO027,20150903,163.49,163.49,163.49,163.49,0
PKO027,20150904,161.95,161.95,161.95,161.95,0
PKO027,20150907,162.30,162.30,162.30,162.30,0
PKO027,20150908,165.20,165.20,165.20,165.20,0
PKO027,20150909,164.51,164.51,164.51,164.51,0
PKO027,20150910,163.60,163.60,163.60,163.60,0
PKO027,20150911,163.55,163.55,163.55,163.55,0
PKO027,20150914,163.19,163.19,163.19,163.19,0
PKO027,20150915,164.29,164.29,164.29,164.29,0
PKO027,20150916,165.50,165.50,165.50,165.50,0
PKO027,20150917,165.69,165.69,165.69,165.69,0
PKO027,20150918,164.61,164.61,164.61,164.61,0
PKO027,20150921,163.31,163.31,163.31,163.31,0
PKO027,20150922,160.14,160.14,160.14,160.14,0
PKO027,20150923,160.45,160.45,160.45,160.45,0
PKO027,20150924,159.11,159.11,159.11,159.11,0
PKO027,20150925,160.32,160.32,160.32,160.32,0
PKO027,20150928,157.44,157.44,157.44,157.44,0
PKO027,20150929,156.70,156.70,156.70,156.70,0
PKO027,20150930,159.46,159.46,159.46,159.46,0
PKO027,20151001,158.59,158.59,158.59,158.59,0
PKO027,20151002,160.29,160.29,160.29,160.29,0
PKO027,20151005,162.89,162.89,162.89,162.89,0
PKO027,20151006,164.61,164.61,164.61,164.61,0
PKO027,20151007,165.52,165.52,165.52,165.52,0
PKO027,20151008,166.94,166.94,166.94,166.94,0
PKO027,20151009,167.92,167.92,167.92,167.92,0
PKO027,20151012,167.82,167.82,167.82,167.82,0
PKO027,20151013,166.46,166.46,166.46,166.46,0
PKO027,20151014,167.00,167.00,167.00,167.00,0
PKO027,20151015,171.15,171.15,171.15,171.15,0
PKO027,20151016,170.80,170.80,170.80,170.80,0
PKO027,20151019,171.15,171.15,171.15,171.15,0
PKO027,20151020,172.05,172.05,172.05,172.05,0
PKO027,20151021,171.96,171.96,171.96,171.96,0
PKO027,20151022,173.81,173.81,173.81,173.81,0
PKO027,20151023,176.50,176.50,176.50,176.50,0
PKO027,20151026,174.11,174.11,174.11,174.11,0
PKO027,20151027,172.34,172.34,172.34,172.34,0
PKO027,20151028,173.59,173.59,173.59,173.59,0
PKO027,20151029,173.51,173.51,173.51,173.51,0
PKO027,20151030,174.47,174.47,174.47,174.47,0
PKO027,20151102,175.82,175.82,175.82,175.82,0
PKO027,20151103,176.50,176.50,176.50,176.50,0
PKO027,20151104,176.75,176.75,176.75,176.75,0
PKO027,20151105,174.66,174.66,174.66,174.66,0
PKO027,20151106,177.82,177.82,177.82,177.82,0
PKO027,20151109,175.09,175.09,175.09,175.09,0
PKO027,20151110,173.54,173.54,173.54,173.54,0
PKO027,20151112,172.26,172.26,172.26,172.26,0
PKO027,20151113,170.97,170.97,170.97,170.97,0
PKO027,20151116,172.43,172.43,172.43,172.43,0
PKO027,20151117,174.94,174.94,174.94,174.94,0
PKO027,20151118,176.03,176.03,176.03,176.03,0
PKO027,20151119,175.82,175.82,175.82,175.82,0
PKO027,20151120,177.08,177.08,177.08,177.08,0
PKO027,20151123,176.51,176.51,176.51,176.51,0
PKO027,20151124,176.62,176.62,176.62,176.62,0
PKO027,20151125,177.89,177.89,177.89,177.89,0
PKO027,20151126,178.16,178.16,178.16,178.16,0
PKO027,20151127,178.08,178.08,178.08,178.08,0
PKO027,20151130,179.18,179.18,179.18,179.18,0
PKO027,20151201,180.60,180.60,180.60,180.60,0
PKO027,20151202,180.14,180.14,180.14,180.14,0
PKO027,20151203,178.43,178.43,178.43,178.43,0
PKO027,20151204,179.66,179.66,179.66,179.66,0
PKO027,20151207,178.33,178.33,178.33,178.33,0
PKO027,20151208,177.58,177.58,177.58,177.58,0
PKO027,20151209,175.79,175.79,175.79,175.79,0
PKO027,20151210,175.50,175.50,175.50,175.50,0
PKO027,20151211,172.94,172.94,172.94,172.94,0
PKO027,20151214,170.50,170.50,170.50,170.50,0
PKO027,20151215,170.04,170.04,170.04,170.04,0
PKO027,20151216,171.58,171.58,171.58,171.58,0
PKO027,20151217,171.23,171.23,171.23,171.23,0
PKO027,20151218,170.59,170.59,170.59,170.59,0
PKO027,20151221,170.94,170.94,170.94,170.94,0
PKO027,20151222,171.37,171.37,171.37,171.37,0
PKO027,20151223,173.49,173.49,173.49,173.49,0
PKO027,20151228,172.38,172.38,172.38,172.38,0
PKO027,20151229,174.38,174.38,174.38,174.38,0
PKO027,20151230,173.03,173.03,173.03,173.03,0
PKO027,20160104,169.60,169.60,169.60,169.60,0
PKO027,20160105,169.54,169.54,169.54,169.54,0
PKO027,20160107,162.89,162.89,162.89,162.89,0
PKO027,20160108,161.36,161.36,161.36,161.36,0
PKO027,20160111,160.84,160.84,160.84,160.84,0
PKO027,20160112,162.36,162.36,162.36,162.36,0
PKO027,20160113,159.50,159.50,159.50,159.50,0
PKO027,20160114,159.68,159.68,159.68,159.68,0
PKO027,20160115,155.56,155.56,155.56,155.56,0
PKO027,20160118,155.06,155.06,155.06,155.06,0
PKO027,20160119,154.62,154.62,154.62,154.62,0
PKO027,20160120,153.16,153.16,153.16,153.16,0
PKO027,20160121,153.05,153.05,153.05,153.05,0
PKO027,20160122,156.72,156.72,156.72,156.72,0
PKO027,20160125,156.78,156.78,156.78,156.78,0
PKO027,20160126,158.66,158.66,158.66,158.66,0
PKO027,20160127,157.54,157.54,157.54,157.54,0
PKO027,20160128,156.50,156.50,156.50,156.50,0
PKO027,20160129,158.51,158.51,158.51,158.51,0
PKO027,20160201,158.53,158.53,158.53,158.53,0
PKO027,20160202,155.86,155.86,155.86,155.86,0
PKO027,20160203,155.61,155.61,155.61,155.61,0
PKO027,20160204,156.18,156.18,156.18,156.18,0
PKO027,20160205,153.39,153.39,153.39,153.39,0
PKO027,20160208,148.99,148.99,148.99,148.99,0
PKO027,20160209,148.55,148.55,148.55,148.55,0
PKO027,20160210,150.94,150.94,150.94,150.94,0
PKO027,20160211,149.79,149.79,149.79,149.79,0
PKO027,20160212,150.69,150.69,150.69,150.69,0
PKO027,20160215,151.81,151.81,151.81,151.81,0
PKO027,20160216,153.96,153.96,153.96,153.96,0
PKO027,20160217,156.55,156.55,156.55,156.55,0
PKO027,20160218,158.06,158.06,158.06,158.06,0
PKO027,20160219,159.35,159.35,159.35,159.35,0
PKO027,20160222,161.58,161.58,161.58,161.58,0
PKO027,20160223,161.44,161.44,161.44,161.44,0
PKO027,20160224,161.63,161.63,161.63,161.63,0
PKO027,20160225,163.65,163.65,163.65,163.65,0
PKO027,20160226,165.78,165.78,165.78,165.78,0
PKO027,20160229,165.23,165.23,165.23,165.23,0
PKO027,20160301,168.76,168.76,168.76,168.76,0
PKO027,20160302,169.00,169.00,169.00,169.00,0
PKO027,20160303,168.89,168.89,168.89,168.89,0
PKO027,20160304,169.33,169.33,169.33,169.33,0
PKO027,20160307,168.72,168.72,168.72,168.72,0
PKO027,20160308,165.99,165.99,165.99,165.99,0
PKO027,20160309,167.19,167.19,167.19,167.19,0
PKO027,20160310,165.94,165.94,165.94,165.94,0
PKO027,20160311,169.00,169.00,169.00,169.00,0
PKO027,20160314,168.76,168.76,168.76,168.76,0
PKO027,20160315,167.84,167.84,167.84,167.84,0
PKO027,20160316,169.33,169.33,169.33,169.33,0
PKO027,20160317,169.75,169.75,169.75,169.75,0
PKO027,20160318,170.49,170.49,170.49,170.49,0
PKO027,20160321,170.91,170.91,170.91,170.91,0
PKO027,20160322,171.51,171.51,171.51,171.51,0
PKO027,20160323,170.46,170.46,170.46,170.46,0
PKO027,20160324,169.73,169.73,169.73,169.73,0
PKO027,20160329,171.41,171.41,171.41,171.41,0
PKO027,20160330,173.68,173.68,173.68,173.68,0
PKO027,20160331,173.30,173.30,173.30,173.30,0
PKO027,20160401,172.96,172.96,172.96,172.96,0
PKO027,20160404,172.16,172.16,172.16,172.16,0
PKO027,20160405,169.72,169.72,169.72,169.72,0
PKO027,20160406,170.59,170.59,170.59,170.59,0
PKO027,20160407,169.58,169.58,169.58,169.58,0
PKO027,20160408,170.36,170.36,170.36,170.36,0
PKO027,20160411,169.86,169.86,169.86,169.86,0
PKO027,20160412,170.02,170.02,170.02,170.02,0
PKO027,20160413,172.71,172.71,172.71,172.71,0
PKO027,20160414,172.48,172.48,172.48,172.48,0
PKO027,20160415,171.53,171.53,171.53,171.53,0
PKO027,20160418,171.97,171.97,171.97,171.97,0
PKO027,20160419,171.39,171.39,171.39,171.39,0
PKO027,20160420,171.32,171.32,171.32,171.32,0
PKO027,20160421,169.88,169.88,169.88,169.88,0
PKO027,20160422,170.29,170.29,170.29,170.29,0
PKO027,20160425,169.57,169.57,169.57,169.57,0
PKO027,20160426,168.63,168.63,168.63,168.63,0
PKO027,20160427,169.03,169.03,169.03,169.03,0
PKO027,20160428,167.42,167.42,167.42,167.42,0
PKO027,20160429,165.57,165.57,165.57,165.57,0
PKO027,20160502,166.79,166.79,166.79,166.79,0
PKO027,20160504,163.34,163.34,163.34,163.34,0
PKO027,20160505,163.15,163.15,163.15,163.15,0
PKO027,20160506,163.58,163.58,163.58,163.58,0
PKO027,20160509,163.77,163.77,163.77,163.77,0
PKO027,20160510,164.22,164.22,164.22,164.22,0
PKO027,20160511,165.11,165.11,165.11,165.11,0
PKO027,20160512,164.79,164.79,164.79,164.79,0
PKO027,20160513,166.33,166.33,166.33,166.33,0
PKO027,20160516,167.52,167.52,167.52,167.52,0
PKO027,20160517,165.87,165.87,165.87,165.87,0
PKO027,20160518,166.84,166.84,166.84,166.84,0
PKO027,20160519,165.98,165.98,165.98,165.98,0
PKO027,20160520,168.34,168.34,168.34,168.34,0
PKO027,20160523,169.74,169.74,169.74,169.74,0
PKO027,20160524,172.11,172.11,172.11,172.11,0
PKO027,20160525,172.92,172.92,172.92,172.92,0
PKO027,20160527,174.77,174.77,174.77,174.77,0
PKO027,20160530,174.22,174.22,174.22,174.22,0
PKO027,20160531,175.03,175.03,175.03,175.03,0
PKO027,20160601,174.13,174.13,174.13,174.13,0
PKO027,20160602,175.31,175.31,175.31,175.31,0
PKO027,20160603,174.35,174.35,174.35,174.35,0
PKO027,20160606,175.05,175.05,175.05,175.05,0
PKO027,20160607,176.60,176.60,176.60,176.60,0
PKO027,20160608,176.21,176.21,176.21,176.21,0
PKO027,20160609,175.88,175.88,175.88,175.88,0
PKO027,20160610,172.85,172.85,172.85,172.85,0
PKO027,20160613,171.80,171.80,171.80,171.80,0
PKO027,20160614,171.07,171.07,171.07,171.07,0
PKO027,20160615,170.87,170.87,170.87,170.87,0
PKO027,20160616,170.80,170.80,170.80,170.80,0
PKO027,20160617,171.54,171.54,171.54,171.54,0
PKO027,20160620,174.11,174.11,174.11,174.11,0
PKO027,20160621,174.30,174.30,174.30,174.30,0
PKO027,20160622,174.54,174.54,174.54,174.54,0
PKO027,20160623,177.49,177.49,177.49,177.49,0
PKO027,20160624,170.73,170.73,170.73,170.73,0
PKO027,20160627,164.34,164.34,164.34,164.34,0
PKO027,20160628,167.87,167.87,167.87,167.87,0
PKO027,20160629,170.44,170.44,170.44,170.44,0
PKO027,20160630,173.57,173.57,173.57,173.57,0
PKO027,20160701,173.83,173.83,173.83,173.83,0
PKO027,20160704,172.82,172.82,172.82,172.82,0
PKO027,20160705,170.27,170.27,170.27,170.27,0
PKO027,20160706,170.18,170.18,170.18,170.18,0
PKO027,20160707,174.00,174.00,174.00,174.00,0
PKO027,20160708,177.41,177.41,177.41,177.41,0
PKO027,20160711,179.44,179.44,179.44,179.44,0
PKO027,20160712,181.29,181.29,181.29,181.29,0
PKO027,20160713,180.41,180.41,180.41,180.41,0
PKO027,20160714,181.12,181.12,181.12,181.12,0
PKO027,20160715,181.22,181.22,181.22,181.22,0
PKO027,20160718,182.84,182.84,182.84,182.84,0
PKO027,20160719,182.79,182.79,182.79,182.79,0
PKO027,20160720,185.26,185.26,185.26,185.26,0
PKO027,20160721,183.17,183.17,183.17,183.17,0
PKO027,20160722,183.18,183.18,183.18,183.18,0
PKO027,20160725,183.96,183.96,183.96,183.96,0
PKO027,20160726,186.47,186.47,186.47,186.47,0
PKO027,20160727,187.38,187.38,187.38,187.38,0
PKO027,20160728,186.72,186.72,186.72,186.72,0
PKO027,20160729,187.20,187.20,187.20,187.20,0
PKO027,20160801,186.62,186.62,186.62,186.62,0
PKO027,20160802,184.27,184.27,184.27,184.27,0
PKO027,20160803,184.55,184.55,184.55,184.55,0
PKO027,20160804,186.59,186.59,186.59,186.59,0
PKO027,20160805,188.41,188.41,188.41,188.41,0
PKO027,20160808,188.03,188.03,188.03,188.03,0
PKO027,20160809,189.35,189.35,189.35,189.35,0
PKO027,20160810,188.20,188.20,188.20,188.20,0
PKO027,20160811,189.01,189.01,189.01,189.01,0
PKO027,20160812,189.45,189.45,189.45,189.45,0
PKO027,20160816,188.97,188.97,188.97,188.97,0
PKO027,20160817,188.61,188.61,188.61,188.61,0
PKO027,20160818,189.77,189.77,189.77,189.77,0
PKO027,20160819,190.57,190.57,190.57,190.57,0
PKO027,20160822,191.12,191.12,191.12,191.12,0
PKO027,20160823,191.69,191.69,191.69,191.69,0
PKO027,20160824,190.59,190.59,190.59,190.59,0
PKO027,20160825,191.58,191.58,191.58,191.58,0
PKO027,20160826,191.99,191.99,191.99,191.99,0
PKO027,20160829,193.09,193.09,193.09,193.09,0
PKO027,20160830,193.40,193.40,193.40,193.40,0
PKO027,20160831,192.40,192.40,192.40,192.40,0
PKO027,20160901,192.71,192.71,192.71,192.71,0
PKO027,20160902,194.06,194.06,194.06,194.06,0
PKO027,20160905,194.36,194.36,194.36,194.36,0
PKO027,20160906,194.54,194.54,194.54,194.54,0
PKO027,20160907,194.88,194.88,194.88,194.88,0
PKO027,20160908,192.53,192.53,192.53,192.53,0
PKO027,20160909,189.84,189.84,189.84,189.84,0
PKO027,20160912,190.03,190.03,190.03,190.03,0
PKO027,20160913,189.54,189.54,189.54,189.54,0
PKO027,20160914,189.69,189.69,189.69,189.69,0
PKO027,20160915,191.53,191.53,191.53,191.53,0
PKO027,20160916,191.24,191.24,191.24,191.24,0
PKO027,20160919,191.59,191.59,191.59,191.59,0
PKO027,20160920,190.95,190.95,190.95,190.95,0
PKO027,20160921,192.97,192.97,192.97,192.97,0
PKO027,20160922,193.86,193.86,193.86,193.86,0
PKO027,20160923,193.27,193.27,193.27,193.27,0
PKO027,20160926,191.12,191.12,191.12,191.12,0
PKO027,20160927,191.74,191.74,191.74,191.74,0
PKO027,20160928,192.49,192.49,192.49,192.49,0
PKO027,20160929,191.77,191.77,191.77,191.77,0
PKO027,20160930,192.94,192.94,192.94,192.94,0
PKO027,20161003,193.29,193.29,193.29,193.29,0
PKO027,20161004,193.51,193.51,193.51,193.51,0
PKO027,20161005,194.15,194.15,194.15,194.15,0
PKO027,20161006,193.97,193.97,193.97,193.97,0
PKO027,20161007,193.26,193.26,193.26,193.26,0
PKO027,20161010,193.59,193.59,193.59,193.59,0
PKO027,20161011,191.24,191.24,191.24,191.24,0
PKO027,20161012,190.25,190.25,190.25,190.25,0
PKO027,20161013,188.73,188.73,188.73,188.73,0
PKO027,20161014,189.73,189.73,189.73,189.73,0
PKO027,20161017,189.21,189.21,189.21,189.21,0
PKO027,20161018,189.91,189.91,189.91,189.91,0
PKO027,20161019,190.08,190.08,190.08,190.08,0
PKO027,20161020,189.23,189.23,189.23,189.23,0
PKO027,20161021,189.71,189.71,189.71,189.71,0
PKO027,20161024,189.96,189.96,189.96,189.96,0
PKO027,20161025,188.03,188.03,188.03,188.03,0
PKO027,20161026,187.96,187.96,187.96,187.96,0
PKO027,20161027,187.20,187.20,187.20,187.20,0
PKO027,20161028,187.67,187.67,187.67,187.67,0
PKO027,20161031,187.69,187.69,187.69,187.69,0
PKO027,20161102,185.01,185.01,185.01,185.01,0
PKO027,20161103,185.13,185.13,185.13,185.13,0
PKO027,20161104,185.46,185.46,185.46,185.46,0
PKO027,20161107,188.23,188.23,188.23,188.23,0
PKO027,20161108,188.92,188.92,188.92,188.92,0
PKO027,20161109,189.03,189.03,189.03,189.03,0
PKO027,20161110,187.12,187.12,187.12,187.12,0
PKO027,20161114,190.99,190.99,190.99,190.99,0
PKO027,20161115,192.49,192.49,192.49,192.49,0
PKO027,20161116,194.22,194.22,194.22,194.22,0
PKO027,20161117,194.84,194.84,194.84,194.84,0
PKO027,20161118,195.68,195.68,195.68,195.68,0
PKO027,20161121,196.34,196.34,196.34,196.34,0
PKO027,20161122,197.23,197.23,197.23,197.23,0
PKO027,20161123,197.59,197.59,197.59,197.59,0
PKO027,20161124,198.76,198.76,198.76,198.76,0
PKO027,20161125,198.56,198.56,198.56,198.56,0
PKO027,20161128,197.91,197.91,197.91,197.91,0
PKO027,20161129,197.98,197.98,197.98,197.98,0
PKO027,20161130,197.20,197.20,197.20,197.20,0
PKO027,20161201,195.35,195.35,195.35,195.35,0
PKO027,20161202,195.33,195.33,195.33,195.33,0
PKO027,20161205,197.71,197.71,197.71,197.71,0
PKO027,20161206,198.28,198.28,198.28,198.28,0
PKO027,20161207,200.12,200.12,200.12,200.12,0
PKO027,20161208,201.31,201.31,201.31,201.31,0
PKO027,20161209,201.12,201.12,201.12,201.12,0
PKO027,20161212,200.24,200.24,200.24,200.24,0
PKO027,20161213,200.60,200.60,200.60,200.60,0
PKO027,20161214,199.32,199.32,199.32,199.32,0
PKO027,20161215,201.38,201.38,201.38,201.38,0
PKO027,20161216,200.46,200.46,200.46,200.46,0
PKO027,20161219,200.78,200.78,200.78,200.78,0
PKO027,20161220,201.15,201.15,201.15,201.15,0
PKO027,20161221,201.03,201.03,201.03,201.03,0
PKO027,20161222,200.32,200.32,200.32,200.32,0
PKO027,20161223,201.14,201.14,201.14,201.14,0
PKO027,20161227,201.40,201.40,201.40,201.40,0
PKO027,20161228,201.07,201.07,201.07,201.07,0
PKO027,20161229,200.74,200.74,200.74,200.74,0
PKO027,20161230,199.24,199.24,199.24,199.24,0
PKO027,20170102,199.48,199.48,199.48,199.48,0
PKO027,20170103,201.06,201.06,201.06,201.06,0
PKO027,20170104,202.35,202.35,202.35,202.35,0
PKO027,20170105,202.05,202.05,202.05,202.05,0
PKO027,20170109,201.69,201.69,201.69,201.69,0
PKO027,20170110,202.15,202.15,202.15,202.15,0
PKO027,20170111,202.84,202.84,202.84,202.84,0
PKO027,20170112,203.70,203.70,203.70,203.70,0
PKO027,20170113,204.16,204.16,204.16,204.16,0
PKO027,20170116,204.35,204.35,204.35,204.35,0
PKO027,20170117,204.14,204.14,204.14,204.14,0
PKO027,20170118,204.06,204.06,204.06,204.06,0
PKO027,20170119,203.33,203.33,203.33,203.33,0
PKO027,20170120,203.61,203.61,203.61,203.61,0
PKO027,20170123,204.09,204.09,204.09,204.09,0
PKO027,20170124,205.64,205.64,205.64,205.64,0
PKO027,20170125,206.90,206.90,206.90,206.90,0
PKO027,20170126,206.43,206.43,206.43,206.43,0
PKO027,20170127,206.87,206.87,206.87,206.87,0
PKO027,20170130,206.03,206.03,206.03,206.03,0
PKO027,20170131,206.47,206.47,206.47,206.47,0
PKO027,20170201,206.73,206.73,206.73,206.73,0
PKO027,20170202,206.14,206.14,206.14,206.14,0
PKO027,20170203,206.91,206.91,206.91,206.91,0
PKO027,20170206,205.78,205.78,205.78,205.78,0
PKO027,20170207,208.36,208.36,208.36,208.36,0
PKO027,20170208,209.00,209.00,209.00,209.00,0
PKO027,20170209,210.11,210.11,210.11,210.11,0
PKO027,20170210,213.14,213.14,213.14,213.14,0
PKO027,20170213,213.24,213.24,213.24,213.24,0
PKO027,20170214,212.88,212.88,212.88,212.88,0
PKO027,20170215,214.09,214.09,214.09,214.09,0
PKO027,20170216,213.58,213.58,213.58,213.58,0
PKO027,20170217,213.78,213.78,213.78,213.78,0
PKO027,20170220,213.79,213.79,213.79,213.79,0
PKO027,20170221,215.22,215.22,215.22,215.22,0
PKO027,20170222,214.90,214.90,214.90,214.90,0
PKO027,20170223,214.53,214.53,214.53,214.53,0
PKO027,20170224,213.85,213.85,213.85,213.85,0
PKO027,20170227,214.25,214.25,214.25,214.25,0
PKO027,20170228,212.84,212.84,212.84,212.84,0
PKO027,20170301,215.23,215.23,215.23,215.23,0
PKO027,20170302,214.51,214.51,214.51,214.51,0
PKO027,20170303,214.82,214.82,214.82,214.82,0
PKO027,20170306,213.76,213.76,213.76,213.76,0
PKO027,20170307,214.40,214.40,214.40,214.40,0
PKO027,20170308,215.22,215.22,215.22,215.22,0
PKO027,20170309,215.11,215.11,215.11,215.11,0
PKO027,20170310,216.14,216.14,216.14,216.14,0
PKO027,20170313,216.97,216.97,216.97,216.97,0
PKO027,20170314,216.98,216.98,216.98,216.98,0
PKO027,20170315,218.20,218.20,218.20,218.20,0
PKO027,20170316,218.50,218.50,218.50,218.50,0
PKO027,20170317,217.87,217.87,217.87,217.87,0
PKO027,20170320,217.86,217.86,217.86,217.86,0
PKO027,20170321,214.91,214.91,214.91,214.91,0
PKO027,20170322,215.93,215.93,215.93,215.93,0
PKO027,20170323,216.36,216.36,216.36,216.36,0
PKO027,20170324,217.79,217.79,217.79,217.79,0
PKO027,20170327,217.39,217.39,217.39,217.39,0
PKO027,20170328,218.85,218.85,218.85,218.85,0
PKO027,20170329,219.50,219.50,219.50,219.50,0
PKO027,20170330,220.09,220.09,220.09,220.09,0
PKO027,20170331,220.12,220.12,220.12,220.12,0
PKO027,20170403,219.85,219.85,219.85,219.85,0
PKO027,20170404,220.48,220.48,220.48,220.48,0
PKO027,20170405,219.89,219.89,219.89,219.89,0
PKO027,20170406,219.77,219.77,219.77,219.77,0
PKO027,20170407,219.72,219.72,219.72,219.72,0
PKO027,20170410,219.94,219.94,219.94,219.94,0
PKO027,20170411,218.50,218.50,218.50,218.50,0
PKO027,20170412,218.21,218.21,218.21,218.21,0
PKO027,20170413,217.38,217.38,217.38,217.38,0
PKO027,20170418,218.07,218.07,218.07,218.07,0
PKO027,20170419,218.63,218.63,218.63,218.63,0
PKO027,20170420,219.88,219.88,219.88,219.88,0
PKO027,20170421,219.36,219.36,219.36,219.36,0
PKO027,20170424,220.75,220.75,220.75,220.75,0
PKO027,20170425,223.03,223.03,223.03,223.03,0
PKO027,20170426,222.60,222.60,222.60,222.60,0
PKO027,20170427,223.36,223.36,223.36,223.36,0
PKO027,20170428,223.78,223.78,223.78,223.78,0
PKO027,20170502,225.42,225.42,225.42,225.42,0
PKO027,20170504,223.75,223.75,223.75,223.75,0
PKO027,20170505,225.54,225.54,225.54,225.54,0
PKO027,20170508,225.66,225.66,225.66,225.66,0
PKO027,20170509,227.02,227.02,227.02,227.02,0
PKO027,20170510,228.58,228.58,228.58,228.58,0
PKO027,20170511,227.65,227.65,227.65,227.65,0
PKO027,20170512,228.55,228.55,228.55,228.55,0
PKO027,20170515,229.32,229.32,229.32,229.32,0
PKO027,20170516,229.62,229.62,229.62,229.62,0
PKO027,20170517,224.70,224.70,224.70,224.70,0
PKO027,20170518,225.57,225.57,225.57,225.57,0
PKO027,20170519,226.43,226.43,226.43,226.43,0
PKO027,20170522,227.68,227.68,227.68,227.68,0
PKO027,20170523,227.90,227.90,227.90,227.90,0
PKO027,20170524,229.23,229.23,229.23,229.23,0
PKO027,20170525,230.06,230.06,230.06,230.06,0
PKO027,20170526,230.37,230.37,230.37,230.37,0
PKO027,20170529,230.36,230.36,230.36,230.36,0
PKO027,20170530,231.32,231.32,231.32,231.32,0
PKO027,20170531,230.84,230.84,230.84,230.84,0
PKO027,20170601,232.39,232.39,232.39,232.39,0
PKO027,20170602,234.24,234.24,234.24,234.24,0
PKO027,20170605,233.99,233.99,233.99,233.99,0
PKO027,20170606,233.97,233.97,233.97,233.97,0
PKO027,20170607,234.39,234.39,234.39,234.39,0
PKO027,20170608,234.93,234.93,234.93,234.93,0
PKO027,20170609,231.47,231.47,231.47,231.47,0
PKO027,20170612,229.13,229.13,229.13,229.13,0
PKO027,20170613,231.25,231.25,231.25,231.25,0
PKO027,20170614,230.73,230.73,230.73,230.73,0
PKO027,20170616,229.98,229.98,229.98,229.98,0
PKO027,20170619,232.08,232.08,232.08,232.08,0
PKO027,20170620,230.77,230.77,230.77,230.77,0
PKO027,20170621,232.22,232.22,232.22,232.22,0
PKO027,20170622,232.83,232.83,232.83,232.83,0
PKO027,20170623,233.61,233.61,233.61,233.61,0
PKO027,20170626,232.84,232.84,232.84,232.84,0
PKO027,20170627,229.63,229.63,229.63,229.63,0
PKO027,20170628,231.26,231.26,231.26,231.26,0
PKO027,20170629,227.84,227.84,227.84,227.84,0
PKO027,20170630,227.67,227.67,227.67,227.67,0
PKO027,20170703,226.44,226.44,226.44,226.44,0
PKO027,20170704,226.33,226.33,226.33,226.33,0
PKO027,20170705,228.08,228.08,228.08,228.08,0
PKO027,20170706,225.99,225.99,225.99,225.99,0
PKO027,20170707,227.80,227.80,227.80,227.80,0
PKO027,20170710,229.08,229.08,229.08,229.08,0
PKO027,20170711,229.74,229.74,229.74,229.74,0
PKO027,20170712,232.17,232.17,232.17,232.17,0
PKO027,20170713,232.36,232.36,232.36,232.36,0
PKO027,20170714,233.28,233.28,233.28,233.28,0
PKO027,20170717,233.35,233.35,233.35,233.35,0
PKO027,20170718,233.78,233.78,233.78,233.78,0
PKO027,20170719,235.12,235.12,235.12,235.12,0
PKO027,20170720,235.10,235.10,235.10,235.10,0
PKO027,20170721,234.59,234.59,234.59,234.59,0
PKO027,20170724,235.02,235.02,235.02,235.02,0
PKO027,20170725,235.07,235.07,235.07,235.07,0
PKO027,20170726,235.76,235.76,235.76,235.76,0
PKO027,20170727,234.11,234.11,234.11,234.11,0
PKO027,20170728,233.50,233.50,233.50,233.50,0
PKO027,20170731,231.95,231.95,231.95,231.95,0
PKO027,20170801,232.36,232.36,232.36,232.36,0
PKO027,20170802,233.01,233.01,233.01,233.01,0
PKO027,20170803,232.62,232.62,232.62,232.62,0
PKO027,20170804,232.33,232.33,232.33,232.33,0
PKO027,20170807,233.18,233.18,233.18,233.18,0
PKO027,20170808,233.15,233.15,233.15,233.15,0
PKO027,20170809,233.24,233.24,233.24,233.24,0
PKO027,20170810,229.87,229.87,229.87,229.87,0
PKO027,20170811,231.21,231.21,231.21,231.21,0
PKO027,20170814,233.02,233.02,233.02,233.02,0
PKO027,20170816,233.71,233.71,233.71,233.71,0
PKO027,20170817,230.29,230.29,230.29,230.29,0
PKO027,20170818,230.41,230.41,230.41,230.41,0
PKO027,20170821,229.68,229.68,229.68,229.68,0
PKO027,20170822,232.33,232.33,232.33,232.33,0
PKO027,20170823,231.86,231.86,231.86,231.86,0
PKO027,20170824,231.81,231.81,231.81,231.81,0
PKO027,20170825,231.19,231.19,231.19,231.19,0
PKO027,20170828,231.50,231.50,231.50,231.50,0
PKO027,20170829,231.31,231.31,231.31,231.31,0
PKO027,20170830,233.48,233.48,233.48,233.48,0
PKO027,20170831,235.49,235.49,235.49,235.49,0
PKO027,20170901,235.47,235.47,235.47,235.47,0
PKO027,20170904,235.44,235.44,235.44,235.44,0
PKO027,20170905,234.76,234.76,234.76,234.76,0
PKO027,20170906,234.45,234.45,234.45,234.45,0
PKO027,20170907,235.12,235.12,235.12,235.12,0
PKO027,20170908,233.60,233.60,233.60,233.60,0
PKO027,20170911,235.86,235.86,235.86,235.86,0
PKO027,20170912,236.24,236.24,236.24,236.24,0
PKO027,20170913,236.17,236.17,236.17,236.17,0
PKO027,20170914,236.35,236.35,236.35,236.35,0
PKO027,20170915,237.46,237.46,237.46,237.46,0
PKO027,20170918,237.36,237.36,237.36,237.36,0
PKO027,20170919,237.03,237.03,237.03,237.03,0
PKO027,20170920,236.02,236.02,236.02,236.02,0
PKO027,20170921,235.23,235.23,235.23,235.23,0
