Name,Date,Open,High,Low,Close,Volume
PKO028,20100409,99.99,99.99,99.99,99.99,0
PKO028,20100412,99.98,99.98,99.98,99.98,0
PKO028,20100413,99.98,99.98,99.98,99.98,0
PKO028,20100414,99.98,99.98,99.98,99.98,0
PKO028,20100415,101.56,101.56,101.56,101.56,0
PKO028,20100416,101.70,101.70,101.70,101.70,0
PKO028,20100419,101.39,101.39,101.39,101.39,0
PKO028,20100420,101.50,101.50,101.50,101.50,0
PKO028,20100421,101.49,101.49,101.49,101.49,0
PKO028,20100422,101.58,101.58,101.58,101.58,0
PKO028,20100423,101.79,101.79,101.79,101.79,0
PKO028,20100426,101.78,101.78,101.78,101.78,0
PKO028,20100427,101.91,101.91,101.91,101.91,0
PKO028,20100428,101.35,101.35,101.35,101.35,0
PKO028,20100429,101.93,101.93,101.93,101.93,0
PKO028,20100430,101.39,101.39,101.39,101.39,0
PKO028,20100504,100.35,100.35,100.35,100.35,0
PKO028,20100505,99.96,99.96,99.96,99.96,0
PKO028,20100506,99.20,99.20,99.20,99.20,0
PKO028,20100507,99.37,99.37,99.37,99.37,0
PKO028,20100510,100.05,100.05,100.05,100.05,0
PKO028,20100511,100.63,100.63,100.63,100.63,0
PKO028,20100512,101.46,101.46,101.46,101.46,0
PKO028,20100513,101.08,101.08,101.08,101.08,0
PKO028,20100514,100.62,100.62,100.62,100.62,0
PKO028,20100517,100.48,100.48,100.48,100.48,0
PKO028,20100518,100.37,100.37,100.37,100.37,0
PKO028,20100519,100.40,100.40,100.40,100.40,0
PKO028,20100520,99.34,99.34,99.34,99.34,0
PKO028,20100521,99.81,99.81,99.81,99.81,0
PKO028,20100524,99.57,99.57,99.57,99.57,0
PKO028,20100525,99.73,99.73,99.73,99.73,0
PKO028,20100526,99.48,99.48,99.48,99.48,0
PKO028,20100527,100.64,100.64,100.64,100.64,0
PKO028,20100528,100.17,100.17,100.17,100.17,0
PKO028,20100531,100.34,100.34,100.34,100.34,0
PKO028,20100601,100.10,100.10,100.10,100.10,0
PKO028,20100602,100.73,100.73,100.73,100.73,0
PKO028,20100604,100.08,100.08,100.08,100.08,0
PKO028,20100607,99.60,99.60,99.60,99.60,0
PKO028,20100608,99.76,99.76,99.76,99.76,0
PKO028,20100609,99.52,99.52,99.52,99.52,0
PKO028,20100610,100.65,100.65,100.65,100.65,0
PKO028,20100611,100.24,100.24,100.24,100.24,0
PKO028,20100614,100.36,100.36,100.36,100.36,0
PKO028,20100615,100.94,100.94,100.94,100.94,0
PKO028,20100616,100.58,100.58,100.58,100.58,0
PKO028,20100617,100.74,100.74,100.74,100.74,0
PKO028,20100618,100.52,100.52,100.52,100.52,0
PKO028,20100621,100.10,100.10,100.10,100.10,0
PKO028,20100622,99.96,99.96,99.96,99.96,0
PKO028,20100623,100.08,100.08,100.08,100.08,0
PKO028,20100624,99.62,99.62,99.62,99.62,0
PKO028,20100625,99.47,99.47,99.47,99.47,0
PKO028,20100628,99.62,99.62,99.62,99.62,0
PKO028,20100629,98.94,98.94,98.94,98.94,0
PKO028,20100630,98.73,98.73,98.73,98.73,0
PKO028,20100701,98.73,98.73,98.73,98.73,0
PKO028,20100702,98.65,98.65,98.65,98.65,0
PKO028,20100705,98.67,98.67,98.67,98.67,0
PKO028,20100706,98.78,98.78,98.78,98.78,0
PKO028,20100707,99.50,99.50,99.50,99.50,0
PKO028,20100708,99.46,99.46,99.46,99.46,0
PKO028,20100709,99.52,99.52,99.52,99.52,0
PKO028,20100712,99.82,99.82,99.82,99.82,0
PKO028,20100713,100.36,100.36,100.36,100.36,0
PKO028,20100714,100.33,100.33,100.33,100.33,0
PKO028,20100715,101.76,101.76,101.76,101.76,0
PKO028,20100716,100.67,100.67,100.67,100.67,0
PKO028,20100720,100.64,100.64,100.64,100.64,0
PKO028,20100721,100.30,100.30,100.30,100.30,0
PKO028,20100722,101.80,101.80,101.80,101.80,0
PKO028,20100723,101.79,101.79,101.79,101.79,0
PKO028,20100726,102.60,102.60,102.60,102.60,0
PKO028,20100727,102.23,102.23,102.23,102.23,0
PKO028,20100728,101.90,101.90,101.90,101.90,0
PKO028,20100729,101.71,101.71,101.71,101.71,0
PKO028,20100730,101.76,101.76,101.76,101.76,0
PKO028,20100802,102.45,102.45,102.45,102.45,0
PKO028,20100803,102.00,102.00,102.00,102.00,0
PKO028,20100804,102.66,102.66,102.66,102.66,0
PKO028,20100805,102.09,102.09,102.09,102.09,0
PKO028,20100806,101.76,101.76,101.76,101.76,0
PKO028,20100809,101.69,101.69,101.69,101.69,0
PKO028,20100810,101.58,101.58,101.58,101.58,0
PKO028,20100811,100.32,100.32,100.32,100.32,0
PKO028,20100812,100.68,100.68,100.68,100.68,0
PKO028,20100813,100.60,100.60,100.60,100.60,0
PKO028,20100816,100.90,100.90,100.90,100.90,0
PKO028,20100817,101.28,101.28,101.28,101.28,0
PKO028,20100818,101.35,101.35,101.35,101.35,0
PKO028,20100819,100.86,100.86,100.86,100.86,0
PKO028,20100820,100.76,100.76,100.76,100.76,0
PKO028,20100823,99.89,99.89,99.89,99.89,0
PKO028,20100824,99.73,99.73,99.73,99.73,0
PKO028,20100825,100.07,100.07,100.07,100.07,0
PKO028,20100826,99.79,99.79,99.79,99.79,0
PKO028,20100827,100.44,100.44,100.44,100.44,0
PKO028,20100830,99.49,99.49,99.49,99.49,0
PKO028,20100831,99.49,99.49,99.49,99.49,0
PKO028,20100901,100.61,100.61,100.61,100.61,0
PKO028,20100902,101.04,101.04,101.04,101.04,0
PKO028,20100903,101.40,101.40,101.40,101.40,0
PKO028,20100906,101.36,101.36,101.36,101.36,0
PKO028,20100907,100.91,100.91,100.91,100.91,0
PKO028,20100908,101.11,101.11,101.11,101.11,0
PKO028,20100909,100.87,100.87,100.87,100.87,0
PKO028,20100910,100.81,100.81,100.81,100.81,0
PKO028,20100913,101.55,101.55,101.55,101.55,0
PKO028,20100914,101.87,101.87,101.87,101.87,0
PKO028,20100915,101.70,101.70,101.70,101.70,0
PKO028,20100916,101.54,101.54,101.54,101.54,0
PKO028,20100917,101.85,101.85,101.85,101.85,0
PKO028,20100920,102.57,102.57,102.57,102.57,0
PKO028,20100921,102.56,102.56,102.56,102.56,0
PKO028,20100922,102.12,102.12,102.12,102.12,0
PKO028,20100923,101.71,101.71,101.71,101.71,0
PKO028,20100924,103.32,103.32,103.32,103.32,0
PKO028,20100927,103.06,103.06,103.06,103.06,0
PKO028,20100928,103.51,103.51,103.51,103.51,0
PKO028,20100929,103.33,103.33,103.33,103.33,0
PKO028,20100930,102.94,102.94,102.94,102.94,0
PKO028,20101001,103.12,103.12,103.12,103.12,0
PKO028,20101004,102.40,102.40,102.40,102.40,0
PKO028,20101005,104.19,104.19,104.19,104.19,0
PKO028,20101006,103.21,103.21,103.21,103.21,0
PKO028,20101007,103.27,103.27,103.27,103.27,0
PKO028,20101008,104.22,104.22,104.22,104.22,0
PKO028,20101011,104.54,104.54,104.54,104.54,0
PKO028,20101012,104.86,104.86,104.86,104.86,0
PKO028,20101013,105.88,105.88,105.88,105.88,0
PKO028,20101014,104.29,104.29,104.29,104.29,0
PKO028,20101015,105.15,105.15,105.15,105.15,0
PKO028,20101018,106.39,106.39,106.39,106.39,0
PKO028,20101019,105.14,105.14,105.14,105.14,0
PKO028,20101020,106.49,106.49,106.49,106.49,0
PKO028,20101021,106.29,106.29,106.29,106.29,0
PKO028,20101022,107.22,107.22,107.22,107.22,0
PKO028,20101025,106.38,106.38,106.38,106.38,0
PKO028,20101026,106.17,106.17,106.17,106.17,0
PKO028,20101027,106.21,106.21,106.21,106.21,0
PKO028,20101028,106.22,106.22,106.22,106.22,0
PKO028,20101029,107.36,107.36,107.36,107.36,0
PKO028,20101102,106.60,106.60,106.60,106.60,0
PKO028,20101103,106.17,106.17,106.17,106.17,0
PKO028,20101104,106.41,106.41,106.41,106.41,0
PKO028,20101105,106.99,106.99,106.99,106.99,0
PKO028,20101108,108.26,108.26,108.26,108.26,0
PKO028,20101109,108.11,108.11,108.11,108.11,0
PKO028,20101110,107.39,107.39,107.39,107.39,0
PKO028,20101112,107.59,107.59,107.59,107.59,0
PKO028,20101115,107.93,107.93,107.93,107.93,0
PKO028,20101116,106.91,106.91,106.91,106.91,0
PKO028,20101117,107.66,107.66,107.66,107.66,0
PKO028,20101118,107.46,107.46,107.46,107.46,0
PKO028,20101119,107.19,107.19,107.19,107.19,0
PKO028,20101122,107.10,107.10,107.10,107.10,0
PKO028,20101123,106.71,106.71,106.71,106.71,0
PKO028,20101124,108.60,108.60,108.60,108.60,0
PKO028,20101125,108.81,108.81,108.81,108.81,0
PKO028,20101126,109.48,109.48,109.48,109.48,0
PKO028,20101129,110.08,110.08,110.08,110.08,0
PKO028,20101130,110.88,110.88,110.88,110.88,0
PKO028,20101201,111.77,111.77,111.77,111.77,0
PKO028,20101202,112.00,112.00,112.00,112.00,0
PKO028,20101203,112.55,112.55,112.55,112.55,0
PKO028,20101206,112.94,112.94,112.94,112.94,0
PKO028,20101207,112.76,112.76,112.76,112.76,0
PKO028,20101208,113.47,113.47,113.47,113.47,0
PKO028,20101209,113.15,113.15,113.15,113.15,0
PKO028,20101210,113.45,113.45,113.45,113.45,0
PKO028,20101213,113.27,113.27,113.27,113.27,0
PKO028,20101214,111.39,111.39,111.39,111.39,0
PKO028,20101215,111.13,111.13,111.13,111.13,0
PKO028,20101216,111.98,111.98,111.98,111.98,0
PKO028,20101217,111.49,111.49,111.49,111.49,0
PKO028,20101220,112.25,112.25,112.25,112.25,0
PKO028,20101221,112.63,112.63,112.63,112.63,0
PKO028,20101222,112.68,112.68,112.68,112.68,0
PKO028,20101223,112.86,112.86,112.86,112.86,0
PKO028,20101227,112.51,112.51,112.51,112.51,0
PKO028,20101228,112.59,112.59,112.59,112.59,0
PKO028,20101229,113.43,113.43,113.43,113.43,0
PKO028,20101230,112.89,112.89,112.89,112.89,0
PKO028,20101231,112.71,112.71,112.71,112.71,0
PKO028,20110103,113.55,113.55,113.55,113.55,0
PKO028,20110104,113.43,113.43,113.43,113.43,0
PKO028,20110105,112.92,112.92,112.92,112.92,0
PKO028,20110107,112.51,112.51,112.51,112.51,0
PKO028,20110110,112.43,112.43,112.43,112.43,0
PKO028,20110111,112.86,112.86,112.86,112.86,0
PKO028,20110112,112.60,112.60,112.60,112.60,0
PKO028,20110113,112.56,112.56,112.56,112.56,0
PKO028,20110114,112.37,112.37,112.37,112.37,0
PKO028,20110117,112.94,112.94,112.94,112.94,0
PKO028,20110118,113.02,113.02,113.02,113.02,0
PKO028,20110119,112.50,112.50,112.50,112.50,0
PKO028,20110120,112.17,112.17,112.17,112.17,0
PKO028,20110121,112.57,112.57,112.57,112.57,0
PKO028,20110124,113.15,113.15,113.15,113.15,0
PKO028,20110125,112.81,112.81,112.81,112.81,0
PKO028,20110126,112.94,112.94,112.94,112.94,0
PKO028,20110127,113.21,113.21,113.21,113.21,0
PKO028,20110128,112.16,112.16,112.16,112.16,0
PKO028,20110131,112.03,112.03,112.03,112.03,0
PKO028,20110201,112.24,112.24,112.24,112.24,0
PKO028,20110202,112.76,112.76,112.76,112.76,0
PKO028,20110203,112.62,112.62,112.62,112.62,0
PKO028,20110204,113.05,113.05,113.05,113.05,0
PKO028,20110207,113.46,113.46,113.46,113.46,0
PKO028,20110208,114.73,114.73,114.73,114.73,0
PKO028,20110209,115.83,115.83,115.83,115.83,0
PKO028,20110210,115.25,115.25,115.25,115.25,0
PKO028,20110211,116.12,116.12,116.12,116.12,0
PKO028,20110214,116.20,116.20,116.20,116.20,0
PKO028,20110215,116.46,116.46,116.46,116.46,0
PKO028,20110216,117.41,117.41,117.41,117.41,0
PKO028,20110217,117.38,117.38,117.38,117.38,0
PKO028,20110218,117.60,117.60,117.60,117.60,0
PKO028,20110221,117.30,117.30,117.30,117.30,0
PKO028,20110222,116.02,116.02,116.02,116.02,0
PKO028,20110223,115.52,115.52,115.52,115.52,0
PKO028,20110224,115.63,115.63,115.63,115.63,0
PKO028,20110225,116.20,116.20,116.20,116.20,0
PKO028,20110228,116.33,116.33,116.33,116.33,0
PKO028,20110301,114.55,114.55,114.55,114.55,0
PKO028,20110302,114.89,114.89,114.89,114.89,0
PKO028,20110303,115.62,115.62,115.62,115.62,0
PKO028,20110304,115.08,115.08,115.08,115.08,0
PKO028,20110307,114.38,114.38,114.38,114.38,0
PKO028,20110308,114.81,114.81,114.81,114.81,0
PKO028,20110309,115.01,115.01,115.01,115.01,0
PKO028,20110310,113.69,113.69,113.69,113.69,0
PKO028,20110311,113.89,113.89,113.89,113.89,0
PKO028,20110314,113.36,113.36,113.36,113.36,0
PKO028,20110315,113.18,113.18,113.18,113.18,0
PKO028,20110316,111.51,111.51,111.51,111.51,0
PKO028,20110317,112.70,112.70,112.70,112.70,0
PKO028,20110318,112.59,112.59,112.59,112.59,0
PKO028,20110321,113.63,113.63,113.63,113.63,0
PKO028,20110322,113.11,113.11,113.11,113.11,0
PKO028,20110323,113.64,113.64,113.64,113.64,0
PKO028,20110324,115.02,115.02,115.02,115.02,0
PKO028,20110325,114.62,114.62,114.62,114.62,0
PKO028,20110328,114.79,114.79,114.79,114.79,0
PKO028,20110329,114.69,114.69,114.69,114.69,0
PKO028,20110330,114.83,114.83,114.83,114.83,0
PKO028,20110331,114.60,114.60,114.60,114.60,0
PKO028,20110401,115.30,115.30,115.30,115.30,0
PKO028,20110404,114.87,114.87,114.87,114.87,0
PKO028,20110405,115.08,115.08,115.08,115.08,0
PKO028,20110406,115.08,115.08,115.08,115.08,0
PKO028,20110407,114.80,114.80,114.80,114.80,0
PKO028,20110408,114.25,114.25,114.25,114.25,0
PKO028,20110411,113.84,113.84,113.84,113.84,0
PKO028,20110412,113.17,113.17,113.17,113.17,0
PKO028,20110413,114.14,114.14,114.14,114.14,0
PKO028,20110414,113.99,113.99,113.99,113.99,0
PKO028,20110415,113.84,113.84,113.84,113.84,0
PKO028,20110418,112.84,112.84,112.84,112.84,0
PKO028,20110419,114.44,114.44,114.44,114.44,0
PKO028,20110420,115.28,115.28,115.28,115.28,0
PKO028,20110421,115.78,115.78,115.78,115.78,0
PKO028,20110426,116.18,116.18,116.18,116.18,0
PKO028,20110427,116.84,116.84,116.84,116.84,0
PKO028,20110428,116.41,116.41,116.41,116.41,0
PKO028,20110429,116.40,116.40,116.40,116.40,0
PKO028,20110502,116.20,116.20,116.20,116.20,0
PKO028,20110504,115.43,115.43,115.43,115.43,0
PKO028,20110505,114.41,114.41,114.41,114.41,0
PKO028,20110506,116.09,116.09,116.09,116.09,0
PKO028,20110509,116.05,116.05,116.05,116.05,0
PKO028,20110510,116.82,116.82,116.82,116.82,0
PKO028,20110511,116.16,116.16,116.16,116.16,0
PKO028,20110512,116.59,116.59,116.59,116.59,0
PKO028,20110513,115.41,115.41,115.41,115.41,0
PKO028,20110516,115.67,115.67,115.67,115.67,0
PKO028,20110517,114.98,114.98,114.98,114.98,0
PKO028,20110518,115.12,115.12,115.12,115.12,0
PKO028,20110519,115.21,115.21,115.21,115.21,0
PKO028,20110520,114.29,114.29,114.29,114.29,0
PKO028,20110523,114.21,114.21,114.21,114.21,0
PKO028,20110524,114.27,114.27,114.27,114.27,0
PKO028,20110525,114.35,114.35,114.35,114.35,0
PKO028,20110526,114.62,114.62,114.62,114.62,0
PKO028,20110527,115.36,115.36,115.36,115.36,0
PKO028,20110530,115.27,115.27,115.27,115.27,0
PKO028,20110531,115.63,115.63,115.63,115.63,0
PKO028,20110601,114.60,114.60,114.60,114.60,0
PKO028,20110602,114.69,114.69,114.69,114.69,0
PKO028,20110603,113.99,113.99,113.99,113.99,0
PKO028,20110606,113.44,113.44,113.44,113.44,0
PKO028,20110607,113.33,113.33,113.33,113.33,0
PKO028,20110608,112.45,112.45,112.45,112.45,0
PKO028,20110609,112.80,112.80,112.80,112.80,0
PKO028,20110610,111.96,111.96,111.96,111.96,0
PKO028,20110613,112.45,112.45,112.45,112.45,0
PKO028,20110614,112.99,112.99,112.99,112.99,0
PKO028,20110615,111.70,111.70,111.70,111.70,0
PKO028,20110616,111.80,111.80,111.80,111.80,0
PKO028,20110617,111.84,111.84,111.84,111.84,0
PKO028,20110620,111.51,111.51,111.51,111.51,0
PKO028,20110621,113.22,113.22,113.22,113.22,0
PKO028,20110622,112.69,112.69,112.69,112.69,0
PKO028,20110624,112.02,112.02,112.02,112.02,0
PKO028,20110627,112.27,112.27,112.27,112.27,0
PKO028,20110628,112.89,112.89,112.89,112.89,0
PKO028,20110629,113.84,113.84,113.84,113.84,0
PKO028,20110630,114.13,114.13,114.13,114.13,0
PKO028,20110701,114.60,114.60,114.60,114.60,0
PKO028,20110704,114.72,114.72,114.72,114.72,0
PKO028,20110705,114.77,114.77,114.77,114.77,0
PKO028,20110706,114.60,114.60,114.60,114.60,0
PKO028,20110707,115.94,115.94,115.94,115.94,0
PKO028,20110708,114.81,114.81,114.81,114.81,0
PKO028,20110711,113.75,113.75,113.75,113.75,0
PKO028,20110712,114.04,114.04,114.04,114.04,0
PKO028,20110713,114.81,114.81,114.81,114.81,0
PKO028,20110714,113.56,113.56,113.56,113.56,0
PKO028,20110715,114.76,114.76,114.76,114.76,0
PKO028,20110718,113.62,113.62,113.62,113.62,0
PKO028,20110719,114.32,114.32,114.32,114.32,0
PKO028,20110720,113.73,113.73,113.73,113.73,0
PKO028,20110721,115.04,115.04,115.04,115.04,0
PKO028,20110722,114.93,114.93,114.93,114.93,0
PKO028,20110725,115.49,115.49,115.49,115.49,0
PKO028,20110726,115.32,115.32,115.32,115.32,0
PKO028,20110727,113.52,113.52,113.52,113.52,0
PKO028,20110728,113.96,113.96,113.96,113.96,0
PKO028,20110729,114.09,114.09,114.09,114.09,0
PKO028,20110801,113.30,113.30,113.30,113.30,0
PKO028,20110802,111.62,111.62,111.62,111.62,0
PKO028,20110803,111.06,111.06,111.06,111.06,0
PKO028,20110804,106.90,106.90,106.90,106.90,0
PKO028,20110805,107.10,107.10,107.10,107.10,0
PKO028,20110808,103.09,103.09,103.09,103.09,0
PKO028,20110809,105.16,105.16,105.16,105.16,0
PKO028,20110810,100.48,100.48,100.48,100.48,0
PKO028,20110811,105.22,105.22,105.22,105.22,0
PKO028,20110812,106.37,106.37,106.37,106.37,0
PKO028,20110816,106.88,106.88,106.88,106.88,0
PKO028,20110817,106.19,106.19,106.19,106.19,0
PKO028,20110818,101.42,101.42,101.42,101.42,0
PKO028,20110819,100.41,100.41,100.41,100.41,0
PKO028,20110822,100.60,100.60,100.60,100.60,0
PKO028,20110823,102.21,102.21,102.21,102.21,0
PKO028,20110824,103.14,103.14,103.14,103.14,0
PKO028,20110825,102.14,102.14,102.14,102.14,0
PKO028,20110826,103.52,103.52,103.52,103.52,0
PKO028,20110829,105.38,105.38,105.38,105.38,0
PKO028,20110830,105.89,105.89,105.89,105.89,0
PKO028,20110831,106.82,106.82,106.82,106.82,0
PKO028,20110901,106.35,106.35,106.35,106.35,0
PKO028,20110902,104.43,104.43,104.43,104.43,0
PKO028,20110905,103.05,103.05,103.05,103.05,0
PKO028,20110906,102.08,102.08,102.08,102.08,0
PKO028,20110907,105.41,105.41,105.41,105.41,0
PKO028,20110908,104.59,104.59,104.59,104.59,0
PKO028,20110909,103.98,103.98,103.98,103.98,0
PKO028,20110912,103.22,103.22,103.22,103.22,0
PKO028,20110913,104.21,104.21,104.21,104.21,0
PKO028,20110914,104.78,104.78,104.78,104.78,0
PKO028,20110915,107.90,107.90,107.90,107.90,0
PKO028,20110916,107.63,107.63,107.63,107.63,0
PKO028,20110919,105.64,105.64,105.64,105.64,0
PKO028,20110920,106.57,106.57,106.57,106.57,0
PKO028,20110921,104.50,104.50,104.50,104.50,0
PKO028,20110922,101.10,101.10,101.10,101.10,0
PKO028,20110923,103.14,103.14,103.14,103.14,0
PKO028,20110926,102.53,102.53,102.53,102.53,0
PKO028,20110927,104.31,104.31,104.31,104.31,0
PKO028,20110928,103.20,103.20,103.20,103.20,0
PKO028,20110929,102.63,102.63,102.63,102.63,0
PKO028,20110930,99.92,99.92,99.92,99.92,0
PKO028,20111003,97.83,97.83,97.83,97.83,0
PKO028,20111004,97.96,97.96,97.96,97.96,0
PKO028,20111005,100.56,100.56,100.56,100.56,0
PKO028,20111006,102.65,102.65,102.65,102.65,0
PKO028,20111007,102.87,102.87,102.87,102.87,0
PKO028,20111010,105.30,105.30,105.30,105.30,0
PKO028,20111011,105.93,105.93,105.93,105.93,0
PKO028,20111012,106.39,106.39,106.39,106.39,0
PKO028,20111013,106.10,106.10,106.10,106.10,0
PKO028,20111014,106.99,106.99,106.99,106.99,0
PKO028,20111017,105.35,105.35,105.35,105.35,0
PKO028,20111018,106.22,106.22,106.22,106.22,0
PKO028,20111019,105.29,105.29,105.29,105.29,0
PKO028,20111020,104.44,104.44,104.44,104.44,0
PKO028,20111021,107.53,107.53,107.53,107.53,0
PKO028,20111024,109.37,109.37,109.37,109.37,0
PKO028,20111025,107.93,107.93,107.93,107.93,0
PKO028,20111026,108.66,108.66,108.66,108.66,0
PKO028,20111027,111.94,111.94,111.94,111.94,0
PKO028,20111028,111.57,111.57,111.57,111.57,0
PKO028,20111031,109.77,109.77,109.77,109.77,0
PKO028,20111102,108.76,108.76,108.76,108.76,0
PKO028,20111103,109.77,109.77,109.77,109.77,0
PKO028,20111104,108.27,108.27,108.27,108.27,0
PKO028,20111107,108.70,108.70,108.70,108.70,0
PKO028,20111108,109.40,109.40,109.40,109.40,0
PKO028,20111109,106.35,106.35,106.35,106.35,0
PKO028,20111110,106.66,106.66,106.66,106.66,0
PKO028,20111114,108.34,108.34,108.34,108.34,0
PKO028,20111115,107.64,107.64,107.64,107.64,0
PKO028,20111116,106.66,106.66,106.66,106.66,0
PKO028,20111117,105.29,105.29,105.29,105.29,0
PKO028,20111118,104.58,104.58,104.58,104.58,0
PKO028,20111121,102.34,102.34,102.34,102.34,0
PKO028,20111122,101.69,101.69,101.69,101.69,0
PKO028,20111123,100.32,100.32,100.32,100.32,0
PKO028,20111124,101.28,101.28,101.28,101.28,0
PKO028,20111125,101.48,101.48,101.48,101.48,0
PKO028,20111128,104.26,104.26,104.26,104.26,0
PKO028,20111129,103.84,103.84,103.84,103.84,0
PKO028,20111130,107.32,107.32,107.32,107.32,0
PKO028,20111201,107.04,107.04,107.04,107.04,0
PKO028,20111202,106.65,106.65,106.65,106.65,0
PKO028,20111205,107.58,107.58,107.58,107.58,0
PKO028,20111206,106.88,106.88,106.88,106.88,0
PKO028,20111207,106.46,106.46,106.46,106.46,0
PKO028,20111208,103.82,103.82,103.82,103.82,0
PKO028,20111209,105.36,105.36,105.36,105.36,0
PKO028,20111212,103.99,103.99,103.99,103.99,0
PKO028,20111213,103.13,103.13,103.13,103.13,0
PKO028,20111214,102.01,102.01,102.01,102.01,0
PKO028,20111215,102.48,102.48,102.48,102.48,0
PKO028,20111216,101.56,101.56,101.56,101.56,0
PKO028,20111219,100.97,100.97,100.97,100.97,0
PKO028,20111220,102.89,102.89,102.89,102.89,0
PKO028,20111221,102.14,102.14,102.14,102.14,0
PKO028,20111222,102.86,102.86,102.86,102.86,0
PKO028,20111223,103.21,103.21,103.21,103.21,0
PKO028,20111227,103.09,103.09,103.09,103.09,0
PKO028,20111228,101.99,101.99,101.99,101.99,0
PKO028,20111229,102.90,102.90,102.90,102.90,0
PKO028,20111230,103.23,103.23,103.23,103.23,0
PKO028,20120102,104.20,104.20,104.20,104.20,0
PKO028,20120103,105.14,105.14,105.14,105.14,0
PKO028,20120104,104.53,104.53,104.53,104.53,0
PKO028,20120105,105.30,105.30,105.30,105.30,0
PKO028,20120109,104.88,104.88,104.88,104.88,0
PKO028,20120110,106.50,106.50,106.50,106.50,0
PKO028,20120111,105.13,105.13,105.13,105.13,0
PKO028,20120112,106.74,106.74,106.74,106.74,0
PKO028,20120113,105.02,105.02,105.02,105.02,0
PKO028,20120116,106.10,106.10,106.10,106.10,0
PKO028,20120117,106.17,106.17,106.17,106.17,0
PKO028,20120118,106.71,106.71,106.71,106.71,0
PKO028,20120119,108.00,108.00,108.00,108.00,0
PKO028,20120120,107.51,107.51,107.51,107.51,0
PKO028,20120123,108.16,108.16,108.16,108.16,0
PKO028,20120124,108.53,108.53,108.53,108.53,0
PKO028,20120125,108.91,108.91,108.91,108.91,0
PKO028,20120126,108.90,108.90,108.90,108.90,0
PKO028,20120127,108.97,108.97,108.97,108.97,0
PKO028,20120130,109.24,109.24,109.24,109.24,0
PKO028,20120131,109.43,109.43,109.43,109.43,0
PKO028,20120201,111.43,111.43,111.43,111.43,0
PKO028,20120202,113.14,113.14,113.14,113.14,0
PKO028,20120203,114.62,114.62,114.62,114.62,0
PKO028,20120206,114.97,114.97,114.97,114.97,0
PKO028,20120207,114.75,114.75,114.75,114.75,0
PKO028,20120208,114.96,114.96,114.96,114.96,0
PKO028,20120209,115.27,115.27,115.27,115.27,0
PKO028,20120210,114.23,114.23,114.23,114.23,0
PKO028,20120213,115.13,115.13,115.13,115.13,0
PKO028,20120214,115.44,115.44,115.44,115.44,0
PKO028,20120215,114.85,114.85,114.85,114.85,0
PKO028,20120216,117.39,117.39,117.39,117.39,0
PKO028,20120217,116.93,116.93,116.93,116.93,0
PKO028,20120220,117.22,117.22,117.22,117.22,0
PKO028,20120221,116.77,116.77,116.77,116.77,0
PKO028,20120222,116.21,116.21,116.21,116.21,0
PKO028,20120223,115.98,115.98,115.98,115.98,0
PKO028,20120224,116.06,116.06,116.06,116.06,0
PKO028,20120227,115.44,115.44,115.44,115.44,0
PKO028,20120228,116.13,116.13,116.13,116.13,0
PKO028,20120229,115.38,115.38,115.38,115.38,0
PKO028,20120301,116.12,116.12,116.12,116.12,0
PKO028,20120302,115.70,115.70,115.70,115.70,0
PKO028,20120305,115.17,115.17,115.17,115.17,0
PKO028,20120306,113.27,113.27,113.27,113.27,0
PKO028,20120307,114.37,114.37,114.37,114.37,0
PKO028,20120308,115.70,115.70,115.70,115.70,0
PKO028,20120309,115.60,115.60,115.60,115.60,0
PKO028,20120312,115.78,115.78,115.78,115.78,0
PKO028,20120313,117.03,117.03,117.03,117.03,0
PKO028,20120314,117.24,117.24,117.24,117.24,0
PKO028,20120315,117.50,117.50,117.50,117.50,0
PKO028,20120316,117.75,117.75,117.75,117.75,0
PKO028,20120319,117.71,117.71,117.71,117.71,0
PKO028,20120320,116.84,116.84,116.84,116.84,0
PKO028,20120321,116.80,116.80,116.80,116.80,0
PKO028,20120322,116.57,116.57,116.57,116.57,0
PKO028,20120323,116.58,116.58,116.58,116.58,0
PKO028,20120326,117.60,117.60,117.60,117.60,0
PKO028,20120327,117.24,117.24,117.24,117.24,0
PKO028,20120328,117.43,117.43,117.43,117.43,0
PKO028,20120329,116.87,116.87,116.87,116.87,0
PKO028,20120330,117.59,117.59,117.59,117.59,0
PKO028,20120402,117.89,117.89,117.89,117.89,0
PKO028,20120403,117.00,117.00,117.00,117.00,0
PKO028,20120404,115.65,115.65,115.65,115.65,0
PKO028,20120405,116.09,116.09,116.09,116.09,0
PKO028,20120410,113.89,113.89,113.89,113.89,0
PKO028,20120411,115.12,115.12,115.12,115.12,0
PKO028,20120412,116.08,116.08,116.08,116.08,0
PKO028,20120413,114.97,114.97,114.97,114.97,0
PKO028,20120416,115.95,115.95,115.95,115.95,0
PKO028,20120417,115.96,115.96,115.96,115.96,0
PKO028,20120418,115.39,115.39,115.39,115.39,0
PKO028,20120419,114.69,114.69,114.69,114.69,0
PKO028,20120420,114.49,114.49,114.49,114.49,0
PKO028,20120423,112.62,112.62,112.62,112.62,0
PKO028,20120424,112.96,112.96,112.96,112.96,0
PKO028,20120425,113.74,113.74,113.74,113.74,0
PKO028,20120426,113.56,113.56,113.56,113.56,0
PKO028,20120427,114.23,114.23,114.23,114.23,0
PKO028,20120430,113.82,113.82,113.82,113.82,0
PKO028,20120502,114.49,114.49,114.49,114.49,0
PKO028,20120504,112.93,112.93,112.93,112.93,0
PKO028,20120507,113.67,113.67,113.67,113.67,0
PKO028,20120508,112.35,112.35,112.35,112.35,0
PKO028,20120509,111.48,111.48,111.48,111.48,0
PKO028,20120510,111.94,111.94,111.94,111.94,0
PKO028,20120511,112.07,112.07,112.07,112.07,0
PKO028,20120514,111.62,111.62,111.62,111.62,0
PKO028,20120515,111.16,111.16,111.16,111.16,0
PKO028,20120516,112.36,112.36,112.36,112.36,0
PKO028,20120517,110.85,110.85,110.85,110.85,0
PKO028,20120518,110.36,110.36,110.36,110.36,0
PKO028,20120521,110.38,110.38,110.38,110.38,0
PKO028,20120522,110.52,110.52,110.52,110.52,0
PKO028,20120523,109.52,109.52,109.52,109.52,0
PKO028,20120524,109.57,109.57,109.57,109.57,0
PKO028,20120525,109.51,109.51,109.51,109.51,0
PKO028,20120528,109.80,109.80,109.80,109.80,0
PKO028,20120529,111.31,111.31,111.31,111.31,0
PKO028,20120530,109.71,109.71,109.71,109.71,0
PKO028,20120531,109.20,109.20,109.20,109.20,0
PKO028,20120601,107.85,107.85,107.85,107.85,0
PKO028,20120604,106.67,106.67,106.67,106.67,0
PKO028,20120605,107.55,107.55,107.55,107.55,0
PKO028,20120606,108.78,108.78,108.78,108.78,0
PKO028,20120608,108.51,108.51,108.51,108.51,0
PKO028,20120611,107.29,107.29,107.29,107.29,0
PKO028,20120612,107.95,107.95,107.95,107.95,0
PKO028,20120613,107.91,107.91,107.91,107.91,0
PKO028,20120614,108.03,108.03,108.03,108.03,0
PKO028,20120615,108.74,108.74,108.74,108.74,0
PKO028,20120618,108.32,108.32,108.32,108.32,0
PKO028,20120619,110.58,110.58,110.58,110.58,0
PKO028,20120620,110.33,110.33,110.33,110.33,0
PKO028,20120621,108.42,108.42,108.42,108.42,0
PKO028,20120622,108.69,108.69,108.69,108.69,0
PKO028,20120625,106.97,106.97,106.97,106.97,0
PKO028,20120626,107.23,107.23,107.23,107.23,0
PKO028,20120627,108.51,108.51,108.51,108.51,0
PKO028,20120628,108.48,108.48,108.48,108.48,0
PKO028,20120629,110.17,110.17,110.17,110.17,0
PKO028,20120702,109.33,109.33,109.33,109.33,0
PKO028,20120703,109.62,109.62,109.62,109.62,0
PKO028,20120704,109.56,109.56,109.56,109.56,0
PKO028,20120705,109.66,109.66,109.66,109.66,0
PKO028,20120706,108.31,108.31,108.31,108.31,0
PKO028,20120709,108.28,108.28,108.28,108.28,0
PKO028,20120710,107.60,107.60,107.60,107.60,0
PKO028,20120711,105.91,105.91,105.91,105.91,0
PKO028,20120712,105.76,105.76,105.76,105.76,0
PKO028,20120713,107.01,107.01,107.01,107.01,0
PKO028,20120716,105.99,105.99,105.99,105.99,0
PKO028,20120717,105.71,105.71,105.71,105.71,0
PKO028,20120718,106.97,106.97,106.97,106.97,0
PKO028,20120719,108.22,108.22,108.22,108.22,0
PKO028,20120720,106.87,106.87,106.87,106.87,0
PKO028,20120723,106.01,106.01,106.01,106.01,0
PKO028,20120724,105.77,105.77,105.77,105.77,0
PKO028,20120725,106.61,106.61,106.61,106.61,0
PKO028,20120726,107.97,107.97,107.97,107.97,0
PKO028,20120727,107.41,107.41,107.41,107.41,0
PKO028,20120730,107.34,107.34,107.34,107.34,0
PKO028,20120731,106.42,106.42,106.42,106.42,0
PKO028,20120801,105.98,105.98,105.98,105.98,0
PKO028,20120802,104.60,104.60,104.60,104.60,0
PKO028,20120803,106.90,106.90,106.90,106.90,0
PKO028,20120806,107.19,107.19,107.19,107.19,0
PKO028,20120807,107.88,107.88,107.88,107.88,0
PKO028,20120808,108.94,108.94,108.94,108.94,0
PKO028,20120809,109.23,109.23,109.23,109.23,0
PKO028,20120810,109.57,109.57,109.57,109.57,0
PKO028,20120813,109.44,109.44,109.44,109.44,0
PKO028,20120814,109.28,109.28,109.28,109.28,0
PKO028,20120816,110.68,110.68,110.68,110.68,0
PKO028,20120817,110.23,110.23,110.23,110.23,0
PKO028,20120820,110.07,110.07,110.07,110.07,0
PKO028,20120821,110.01,110.01,110.01,110.01,0
PKO028,20120822,109.92,109.92,109.92,109.92,0
PKO028,20120823,107.66,107.66,107.66,107.66,0
PKO028,20120824,107.84,107.84,107.84,107.84,0
PKO028,20120827,107.60,107.60,107.60,107.60,0
PKO028,20120828,107.25,107.25,107.25,107.25,0
PKO028,20120829,107.82,107.82,107.82,107.82,0
PKO028,20120830,107.30,107.30,107.30,107.30,0
PKO028,20120831,107.45,107.45,107.45,107.45,0
PKO028,20120903,107.96,107.96,107.96,107.96,0
PKO028,20120904,107.12,107.12,107.12,107.12,0
PKO028,20120905,107.33,107.33,107.33,107.33,0
PKO028,20120906,108.58,108.58,108.58,108.58,0
PKO028,20120907,108.82,108.82,108.82,108.82,0
PKO028,20120910,108.36,108.36,108.36,108.36,0
PKO028,20120911,107.51,107.51,107.51,107.51,0
PKO028,20120912,107.58,107.58,107.58,107.58,0
PKO028,20120913,108.04,108.04,108.04,108.04,0
PKO028,20120914,109.03,109.03,109.03,109.03,0
PKO028,20120917,108.39,108.39,108.39,108.39,0
PKO028,20120918,108.66,108.66,108.66,108.66,0
PKO028,20120919,108.97,108.97,108.97,108.97,0
PKO028,20120920,109.13,109.13,109.13,109.13,0
PKO028,20120921,108.52,108.52,108.52,108.52,0
PKO028,20120924,108.70,108.70,108.70,108.70,0
PKO028,20120925,108.00,108.00,108.00,108.00,0
PKO028,20120926,107.15,107.15,107.15,107.15,0
PKO028,20120927,107.83,107.83,107.83,107.83,0
PKO028,20120928,106.56,106.56,106.56,106.56,0
PKO028,20121001,107.02,107.02,107.02,107.02,0
PKO028,20121002,107.42,107.42,107.42,107.42,0
PKO028,20121003,107.08,107.08,107.08,107.08,0
PKO028,20121004,107.28,107.28,107.28,107.28,0
PKO028,20121005,107.53,107.53,107.53,107.53,0
PKO028,20121008,107.14,107.14,107.14,107.14,0
PKO028,20121009,106.44,106.44,106.44,106.44,0
PKO028,20121010,105.96,105.96,105.96,105.96,0
PKO028,20121011,107.36,107.36,107.36,107.36,0
PKO028,20121012,106.91,106.91,106.91,106.91,0
PKO028,20121015,107.21,107.21,107.21,107.21,0
PKO028,20121016,107.91,107.91,107.91,107.91,0
PKO028,20121017,108.02,108.02,108.02,108.02,0
PKO028,20121018,107.81,107.81,107.81,107.81,0
PKO028,20121019,106.71,106.71,106.71,106.71,0
PKO028,20121022,105.96,105.96,105.96,105.96,0
PKO028,20121023,105.20,105.20,105.20,105.20,0
PKO028,20121024,105.37,105.37,105.37,105.37,0
PKO028,20121025,105.44,105.44,105.44,105.44,0
PKO028,20121026,105.70,105.70,105.70,105.70,0
PKO028,20121029,105.55,105.55,105.55,105.55,0
PKO028,20121030,106.28,106.28,106.28,106.28,0
PKO028,20121031,105.75,105.75,105.75,105.75,0
PKO028,20121102,107.44,107.44,107.44,107.44,0
PKO028,20121105,107.87,107.87,107.87,107.87,0
PKO028,20121106,108.17,108.17,108.17,108.17,0
PKO028,20121107,106.85,106.85,106.85,106.85,0
PKO028,20121108,107.42,107.42,107.42,107.42,0
PKO028,20121109,106.20,106.20,106.20,106.20,0
PKO028,20121112,106.95,106.95,106.95,106.95,0
PKO028,20121113,106.63,106.63,106.63,106.63,0
PKO028,20121114,106.45,106.45,106.45,106.45,0
PKO028,20121115,105.89,105.89,105.89,105.89,0
PKO028,20121116,105.82,105.82,105.82,105.82,0
PKO028,20121119,107.84,107.84,107.84,107.84,0
PKO028,20121120,107.98,107.98,107.98,107.98,0
PKO028,20121121,108.12,108.12,108.12,108.12,0
PKO028,20121122,108.16,108.16,108.16,108.16,0
PKO028,20121123,108.93,108.93,108.93,108.93,0
PKO028,20121126,109.24,109.24,109.24,109.24,0
PKO028,20121127,108.89,108.89,108.89,108.89,0
PKO028,20121128,109.26,109.26,109.26,109.26,0
PKO028,20121129,109.42,109.42,109.42,109.42,0
PKO028,20121130,109.96,109.96,109.96,109.96,0
PKO028,20121203,109.62,109.62,109.62,109.62,0
PKO028,20121204,110.05,110.05,110.05,110.05,0
PKO028,20121205,109.87,109.87,109.87,109.87,0
PKO028,20121206,110.71,110.71,110.71,110.71,0
PKO028,20121207,111.24,111.24,111.24,111.24,0
PKO028,20121210,112.03,112.03,112.03,112.03,0
PKO028,20121211,112.80,112.80,112.80,112.80,0
PKO028,20121212,112.53,112.53,112.53,112.53,0
PKO028,20121213,111.83,111.83,111.83,111.83,0
PKO028,20121214,112.00,112.00,112.00,112.00,0
PKO028,20121217,112.10,112.10,112.10,112.10,0
PKO028,20121218,112.27,112.27,112.27,112.27,0
PKO028,20121219,112.04,112.04,112.04,112.04,0
PKO028,20121220,112.01,112.01,112.01,112.01,0
PKO028,20121221,110.84,110.84,110.84,110.84,0
PKO028,20121227,111.04,111.04,111.04,111.04,0
PKO028,20121228,110.73,110.73,110.73,110.73,0
PKO028,20130102,113.29,113.29,113.29,113.29,0
PKO028,20130103,115.36,115.36,115.36,115.36,0
PKO028,20130104,116.68,116.68,116.68,116.68,0
PKO028,20130107,116.35,116.35,116.35,116.35,0
PKO028,20130108,115.65,115.65,115.65,115.65,0
PKO028,20130109,115.95,115.95,115.95,115.95,0
PKO028,20130110,114.57,114.57,114.57,114.57,0
PKO028,20130111,114.40,114.40,114.40,114.40,0
PKO028,20130114,115.47,115.47,115.47,115.47,0
PKO028,20130115,115.58,115.58,115.58,115.58,0
PKO028,20130116,116.71,116.71,116.71,116.71,0
PKO028,20130117,117.17,117.17,117.17,117.17,0
PKO028,20130118,117.20,117.20,117.20,117.20,0
PKO028,20130121,117.44,117.44,117.44,117.44,0
PKO028,20130122,117.67,117.67,117.67,117.67,0
PKO028,20130123,117.24,117.24,117.24,117.24,0
PKO028,20130124,118.82,118.82,118.82,118.82,0
PKO028,20130125,118.83,118.83,118.83,118.83,0
PKO028,20130128,118.34,118.34,118.34,118.34,0
PKO028,20130129,118.92,118.92,118.92,118.92,0
PKO028,20130130,117.30,117.30,117.30,117.30,0
PKO028,20130131,117.14,117.14,117.14,117.14,0
PKO028,20130201,118.02,118.02,118.02,118.02,0
PKO028,20130204,116.82,116.82,116.82,116.82,0
PKO028,20130205,117.78,117.78,117.78,117.78,0
PKO028,20130206,117.62,117.62,117.62,117.62,0
PKO028,20130207,117.55,117.55,117.55,117.55,0
PKO028,20130208,118.04,118.04,118.04,118.04,0
PKO028,20130211,117.86,117.86,117.86,117.86,0
PKO028,20130212,118.59,118.59,118.59,118.59,0
PKO028,20130213,118.66,118.66,118.66,118.66,0
PKO028,20130214,119.43,119.43,119.43,119.43,0
PKO028,20130215,120.07,120.07,120.07,120.07,0
PKO028,20130218,120.11,120.11,120.11,120.11,0
PKO028,20130219,120.50,120.50,120.50,120.50,0
PKO028,20130220,119.37,119.37,119.37,119.37,0
PKO028,20130221,118.99,118.99,118.99,118.99,0
PKO028,20130222,119.06,119.06,119.06,119.06,0
PKO028,20130225,118.63,118.63,118.63,118.63,0
PKO028,20130226,118.54,118.54,118.54,118.54,0
PKO028,20130227,119.17,119.17,119.17,119.17,0
PKO028,20130228,119.78,119.78,119.78,119.78,0
PKO028,20130301,119.55,119.55,119.55,119.55,0
PKO028,20130304,119.64,119.64,119.64,119.64,0
PKO028,20130305,120.98,120.98,120.98,120.98,0
PKO028,20130306,121.91,121.91,121.91,121.91,0
PKO028,20130307,122.42,122.42,122.42,122.42,0
PKO028,20130308,123.14,123.14,123.14,123.14,0
PKO028,20130311,123.57,123.57,123.57,123.57,0
PKO028,20130312,123.80,123.80,123.80,123.80,0
PKO028,20130313,124.12,124.12,124.12,124.12,0
PKO028,20130314,124.17,124.17,124.17,124.17,0
PKO028,20130315,123.88,123.88,123.88,123.88,0
PKO028,20130318,123.83,123.83,123.83,123.83,0
PKO028,20130319,122.68,122.68,122.68,122.68,0
PKO028,20130320,123.08,123.08,123.08,123.08,0
PKO028,20130321,121.89,121.89,121.89,121.89,0
PKO028,20130322,121.69,121.69,121.69,121.69,0
PKO028,20130325,121.05,121.05,121.05,121.05,0
PKO028,20130326,121.87,121.87,121.87,121.87,0
PKO028,20130327,122.00,122.00,122.00,122.00,0
PKO028,20130328,122.27,122.27,122.27,122.27,0
PKO028,20130402,122.37,122.37,122.37,122.37,0
PKO028,20130403,121.84,121.84,121.84,121.84,0
PKO028,20130404,121.55,121.55,121.55,121.55,0
PKO028,20130405,120.77,120.77,120.77,120.77,0
PKO028,20130408,120.58,120.58,120.58,120.58,0
PKO028,20130409,119.31,119.31,119.31,119.31,0
PKO028,20130410,120.33,120.33,120.33,120.33,0
PKO028,20130411,120.86,120.86,120.86,120.86,0
PKO028,20130412,120.64,120.64,120.64,120.64,0
PKO028,20130415,119.27,119.27,119.27,119.27,0
PKO028,20130417,117.43,117.43,117.43,117.43,0
PKO028,20130418,117.28,117.28,117.28,117.28,0
PKO028,20130419,117.85,117.85,117.85,117.85,0
PKO028,20130422,117.99,117.99,117.99,117.99,0
PKO028,20130423,119.91,119.91,119.91,119.91,0
PKO028,20130424,120.99,120.99,120.99,120.99,0
PKO028,20130425,122.12,122.12,122.12,122.12,0
PKO028,20130426,122.36,122.36,122.36,122.36,0
PKO028,20130429,122.78,122.78,122.78,122.78,0
PKO028,20130430,122.78,122.78,122.78,122.78,0
PKO028,20130502,122.43,122.43,122.43,122.43,0
PKO028,20130506,122.65,122.65,122.65,122.65,0
PKO028,20130507,123.59,123.59,123.59,123.59,0
PKO028,20130508,124.00,124.00,124.00,124.00,0
PKO028,20130509,123.68,123.68,123.68,123.68,0
PKO028,20130510,124.79,124.79,124.79,124.79,0
PKO028,20130513,124.86,124.86,124.86,124.86,0
PKO028,20130514,125.45,125.45,125.45,125.45,0
PKO028,20130515,126.27,126.27,126.27,126.27,0
PKO028,20130516,127.31,127.31,127.31,127.31,0
PKO028,20130517,128.11,128.11,128.11,128.11,0
PKO028,20130520,128.53,128.53,128.53,128.53,0
PKO028,20130521,129.25,129.25,129.25,129.25,0
PKO028,20130522,129.14,129.14,129.14,129.14,0
PKO028,20130523,128.37,128.37,128.37,128.37,0
PKO028,20130524,128.44,128.44,128.44,128.44,0
PKO028,20130527,129.08,129.08,129.08,129.08,0
PKO028,20130528,129.63,129.63,129.63,129.63,0
PKO028,20130529,129.37,129.37,129.37,129.37,0
PKO028,20130531,129.61,129.61,129.61,129.61,0
PKO028,20130603,129.30,129.30,129.30,129.30,0
PKO028,20130604,129.58,129.58,129.58,129.58,0
PKO028,20130605,128.43,128.43,128.43,128.43,0
PKO028,20130606,128.40,128.40,128.40,128.40,0
PKO028,20130607,129.08,129.08,129.08,129.08,0
PKO028,20130610,128.59,128.59,128.59,128.59,0
PKO028,20130611,127.12,127.12,127.12,127.12,0
PKO028,20130612,127.18,127.18,127.18,127.18,0
PKO028,20130613,127.06,127.06,127.06,127.06,0
PKO028,20130614,127.40,127.40,127.40,127.40,0
PKO028,20130617,127.89,127.89,127.89,127.89,0
PKO028,20130618,128.08,128.08,128.08,128.08,0
PKO028,20130619,127.65,127.65,127.65,127.65,0
PKO028,20130620,125.29,125.29,125.29,125.29,0
PKO028,20130621,124.48,124.48,124.48,124.48,0
PKO028,20130624,123.36,123.36,123.36,123.36,0
PKO028,20130625,124.73,124.73,124.73,124.73,0
PKO028,20130626,125.51,125.51,125.51,125.51,0
PKO028,20130628,126.35,126.35,126.35,126.35,0
PKO028,20130701,126.94,126.94,126.94,126.94,0
PKO028,20130702,126.20,126.20,126.20,126.20,0
PKO028,20130703,126.09,126.09,126.09,126.09,0
PKO028,20130704,127.54,127.54,127.54,127.54,0
PKO028,20130705,126.73,126.73,126.73,126.73,0
PKO028,20130708,127.33,127.33,127.33,127.33,0
PKO028,20130709,127.99,127.99,127.99,127.99,0
PKO028,20130710,128.32,128.32,128.32,128.32,0
PKO028,20130711,129.19,129.19,129.19,129.19,0
PKO028,20130712,129.06,129.06,129.06,129.06,0
PKO028,20130715,128.96,128.96,128.96,128.96,0
PKO028,20130716,128.30,128.30,128.30,128.30,0
PKO028,20130717,128.42,128.42,128.42,128.42,0
PKO028,20130718,128.62,128.62,128.62,128.62,0
PKO028,20130719,128.33,128.33,128.33,128.33,0
PKO028,20130722,128.08,128.08,128.08,128.08,0
PKO028,20130723,128.32,128.32,128.32,128.32,0
PKO028,20130724,128.92,128.92,128.92,128.92,0
PKO028,20130725,128.98,128.98,128.98,128.98,0
PKO028,20130726,129.02,129.02,129.02,129.02,0
PKO028,20130729,129.26,129.26,129.26,129.26,0
PKO028,20130730,129.49,129.49,129.49,129.49,0
PKO028,20130731,129.44,129.44,129.44,129.44,0
PKO028,20130801,130.04,130.04,130.04,130.04,0
PKO028,20130802,131.30,131.30,131.30,131.30,0
PKO028,20130805,131.17,131.17,131.17,131.17,0
PKO028,20130806,130.29,130.29,130.29,130.29,0
PKO028,20130807,129.22,129.22,129.22,129.22,0
PKO028,20130808,129.73,129.73,129.73,129.73,0
PKO028,20130809,129.77,129.77,129.77,129.77,0
PKO028,20130812,130.48,130.48,130.48,130.48,0
PKO028,20130813,131.49,131.49,131.49,131.49,0
PKO028,20130814,132.65,132.65,132.65,132.65,0
PKO028,20130816,131.51,131.51,131.51,131.51,0
PKO028,20130819,131.31,131.31,131.31,131.31,0
PKO028,20130820,130.92,130.92,130.92,130.92,0
PKO028,20130821,130.79,130.79,130.79,130.79,0
PKO028,20130822,131.05,131.05,131.05,131.05,0
PKO028,20130823,131.04,131.04,131.04,131.04,0
PKO028,20130826,130.67,130.67,130.67,130.67,0
PKO028,20130827,128.96,128.96,128.96,128.96,0
PKO028,20130828,128.64,128.64,128.64,128.64,0
PKO028,20130829,130.33,130.33,130.33,130.33,0
PKO028,20130830,129.66,129.66,129.66,129.66,0
PKO028,20130902,130.18,130.18,130.18,130.18,0
PKO028,20130903,130.45,130.45,130.45,130.45,0
PKO028,20130904,130.77,130.77,130.77,130.77,0
PKO028,20130905,131.37,131.37,131.37,131.37,0
PKO028,20130906,132.20,132.20,132.20,132.20,0
PKO028,20130909,132.55,132.55,132.55,132.55,0
PKO028,20130910,132.91,132.91,132.91,132.91,0
PKO028,20130911,132.87,132.87,132.87,132.87,0
PKO028,20130912,132.51,132.51,132.51,132.51,0
PKO028,20130913,133.14,133.14,133.14,133.14,0
PKO028,20130916,133.41,133.41,133.41,133.41,0
PKO028,20130917,133.64,133.64,133.64,133.64,0
PKO028,20130918,134.43,134.43,134.43,134.43,0
PKO028,20130919,134.37,134.37,134.37,134.37,0
PKO028,20130920,134.04,134.04,134.04,134.04,0
PKO028,20130923,133.20,133.20,133.20,133.20,0
PKO028,20130924,133.23,133.23,133.23,133.23,0
PKO028,20130925,133.23,133.23,133.23,133.23,0
PKO028,20130926,133.23,133.23,133.23,133.23,0
PKO028,20130927,133.19,133.19,133.19,133.19,0
PKO028,20130930,132.60,132.60,132.60,132.60,0
PKO028,20131001,133.42,133.42,133.42,133.42,0
PKO028,20131002,133.21,133.21,133.21,133.21,0
PKO028,20131003,132.72,132.72,132.72,132.72,0
PKO028,20131004,133.25,133.25,133.25,133.25,0
PKO028,20131007,132.74,132.74,132.74,132.74,0
PKO028,20131008,131.64,131.64,131.64,131.64,0
PKO028,20131009,131.27,131.27,131.27,131.27,0
PKO028,20131010,132.95,132.95,132.95,132.95,0
PKO028,20131011,133.36,133.36,133.36,133.36,0
PKO028,20131014,133.33,133.33,133.33,133.33,0
PKO028,20131015,133.43,133.43,133.43,133.43,0
PKO028,20131016,132.12,132.12,132.12,132.12,0
PKO028,20131017,132.48,132.48,132.48,132.48,0
PKO028,20131018,133.69,133.69,133.69,133.69,0
PKO028,20131021,134.08,134.08,134.08,134.08,0
PKO028,20131022,134.37,134.37,134.37,134.37,0
PKO028,20131023,133.78,133.78,133.78,133.78,0
PKO028,20131024,133.93,133.93,133.93,133.93,0
PKO028,20131025,133.34,133.34,133.34,133.34,0
PKO028,20131028,133.33,133.33,133.33,133.33,0
PKO028,20131029,133.24,133.24,133.24,133.24,0
PKO028,20131030,133.97,133.97,133.97,133.97,0
PKO028,20131031,133.84,133.84,133.84,133.84,0
PKO028,20131104,134.06,134.06,134.06,134.06,0
PKO028,20131105,133.73,133.73,133.73,133.73,0
PKO028,20131106,134.07,134.07,134.07,134.07,0
PKO028,20131107,133.59,133.59,133.59,133.59,0
PKO028,20131108,133.86,133.86,133.86,133.86,0
PKO028,20131112,134.32,134.32,134.32,134.32,0
PKO028,20131113,134.25,134.25,134.25,134.25,0
PKO028,20131114,134.62,134.62,134.62,134.62,0
PKO028,20131115,135.25,135.25,135.25,135.25,0
PKO028,20131118,135.29,135.29,135.29,135.29,0
PKO028,20131119,134.84,134.84,134.84,134.84,0
PKO028,20131120,134.46,134.46,134.46,134.46,0
PKO028,20131121,134.65,134.65,134.65,134.65,0
PKO028,20131122,134.78,134.78,134.78,134.78,0
PKO028,20131125,135.29,135.29,135.29,135.29,0
PKO028,20131126,135.41,135.41,135.41,135.41,0
PKO028,20131127,136.18,136.18,136.18,136.18,0
PKO028,20131128,136.33,136.33,136.33,136.33,0
PKO028,20131129,136.55,136.55,136.55,136.55,0
PKO028,20131202,136.10,136.10,136.10,136.10,0
PKO028,20131203,134.85,134.85,134.85,134.85,0
PKO028,20131204,134.44,134.44,134.44,134.44,0
PKO028,20131205,133.99,133.99,133.99,133.99,0
PKO028,20131206,134.05,134.05,134.05,134.05,0
PKO028,20131209,134.40,134.40,134.40,134.40,0
PKO028,20131210,133.85,133.85,133.85,133.85,0
PKO028,20131211,133.12,133.12,133.12,133.12,0
PKO028,20131212,132.21,132.21,132.21,132.21,0
PKO028,20131213,131.93,131.93,131.93,131.93,0
PKO028,20131216,132.46,132.46,132.46,132.46,0
PKO028,20131217,132.16,132.16,132.16,132.16,0
PKO028,20131218,132.78,132.78,132.78,132.78,0
PKO028,20131219,132.86,132.86,132.86,132.86,0
PKO028,20131220,133.53,133.53,133.53,133.53,0
PKO028,20131223,134.03,134.03,134.03,134.03,0
PKO028,20131227,134.61,134.61,134.61,134.61,0
PKO028,20131230,134.51,134.51,134.51,134.51,0
PKO028,20140102,133.99,133.99,133.99,133.99,0
PKO028,20140103,134.07,134.07,134.07,134.07,0
PKO028,20140107,133.23,133.23,133.23,133.23,0
PKO028,20140108,133.06,133.06,133.06,133.06,0
PKO028,20140109,132.00,132.00,132.00,132.00,0
PKO028,20140110,133.35,133.35,133.35,133.35,0
PKO028,20140113,133.02,133.02,133.02,133.02,0
PKO028,20140114,133.06,133.06,133.06,133.06,0
PKO028,20140115,133.79,133.79,133.79,133.79,0
PKO028,20140116,133.47,133.47,133.47,133.47,0
PKO028,20140117,133.49,133.49,133.49,133.49,0
PKO028,20140120,133.83,133.83,133.83,133.83,0
PKO028,20140121,134.23,134.23,134.23,134.23,0
PKO028,20140122,134.44,134.44,134.44,134.44,0
PKO028,20140123,133.45,133.45,133.45,133.45,0
PKO028,20140124,132.08,132.08,132.08,132.08,0
PKO028,20140127,131.25,131.25,131.25,131.25,0
PKO028,20140128,131.55,131.55,131.55,131.55,0
PKO028,20140129,130.99,130.99,130.99,130.99,0
PKO028,20140130,131.19,131.19,131.19,131.19,0
PKO028,20140131,131.71,131.71,131.71,131.71,0
PKO028,20140203,129.91,129.91,129.91,129.91,0
PKO028,20140204,130.73,130.73,130.73,130.73,0
PKO028,20140205,130.92,130.92,130.92,130.92,0
PKO028,20140206,132.86,132.86,132.86,132.86,0
PKO028,20140207,133.77,133.77,133.77,133.77,0
PKO028,20140210,133.98,133.98,133.98,133.98,0
PKO028,20140211,135.57,135.57,135.57,135.57,0
PKO028,20140212,135.75,135.75,135.75,135.75,0
PKO028,20140213,136.44,136.44,136.44,136.44,0
PKO028,20140214,136.93,136.93,136.93,136.93,0
PKO028,20140217,136.98,136.98,136.98,136.98,0
PKO028,20140218,136.80,136.80,136.80,136.80,0
PKO028,20140219,136.90,136.90,136.90,136.90,0
PKO028,20140220,136.90,136.90,136.90,136.90,0
PKO028,20140221,137.14,137.14,137.14,137.14,0
PKO028,20140224,137.63,137.63,137.63,137.63,0
PKO028,20140225,137.61,137.61,137.61,137.61,0
PKO028,20140226,137.72,137.72,137.72,137.72,0
PKO028,20140227,137.51,137.51,137.51,137.51,0
PKO028,20140228,137.67,137.67,137.67,137.67,0
PKO028,20140303,135.41,135.41,135.41,135.41,0
PKO028,20140304,137.41,137.41,137.41,137.41,0
PKO028,20140305,137.41,137.41,137.41,137.41,0
PKO028,20140306,137.99,137.99,137.99,137.99,0
PKO028,20140307,137.40,137.40,137.40,137.40,0
PKO028,20140310,136.44,136.44,136.44,136.44,0
PKO028,20140311,136.17,136.17,136.17,136.17,0
PKO028,20140312,134.72,134.72,134.72,134.72,0
PKO028,20140313,132.79,132.79,132.79,132.79,0
PKO028,20140314,131.86,131.86,131.86,131.86,0
PKO028,20140317,133.92,133.92,133.92,133.92,0
PKO028,20140318,134.96,134.96,134.96,134.96,0
PKO028,20140319,134.77,134.77,134.77,134.77,0
PKO028,20140320,134.86,134.86,134.86,134.86,0
PKO028,20140321,134.91,134.91,134.91,134.91,0
PKO028,20140324,133.97,133.97,133.97,133.97,0
PKO028,20140325,134.96,134.96,134.96,134.96,0
PKO028,20140326,136.22,136.22,136.22,136.22,0
PKO028,20140327,136.34,136.34,136.34,136.34,0
PKO028,20140328,137.42,137.42,137.42,137.42,0
PKO028,20140331,137.68,137.68,137.68,137.68,0
PKO028,20140401,138.41,138.41,138.41,138.41,0
PKO028,20140402,138.56,138.56,138.56,138.56,0
PKO028,20140403,138.17,138.17,138.17,138.17,0
PKO028,20140404,138.00,138.00,138.00,138.00,0
PKO028,20140407,136.60,136.60,136.60,136.60,0
PKO028,20140408,136.22,136.22,136.22,136.22,0
PKO028,20140409,137.47,137.47,137.47,137.47,0
PKO028,20140410,136.90,136.90,136.90,136.90,0
PKO028,20140411,136.04,136.04,136.04,136.04,0
PKO028,20140414,135.64,135.64,135.64,135.64,0
PKO028,20140415,135.00,135.00,135.00,135.00,0
PKO028,20140416,136.06,136.06,136.06,136.06,0
PKO028,20140417,136.51,136.51,136.51,136.51,0
PKO028,20140422,138.04,138.04,138.04,138.04,0
PKO028,20140423,137.90,137.90,137.90,137.90,0
PKO028,20140424,137.96,137.96,137.96,137.96,0
PKO028,20140425,137.21,137.21,137.21,137.21,0
PKO028,20140428,137.14,137.14,137.14,137.14,0
PKO028,20140429,137.90,137.90,137.90,137.90,0
PKO028,20140430,137.93,137.93,137.93,137.93,0
PKO028,20140502,137.91,137.91,137.91,137.91,0
PKO028,20140505,137.51,137.51,137.51,137.51,0
PKO028,20140506,136.78,136.78,136.78,136.78,0
PKO028,20140507,136.31,136.31,136.31,136.31,0
PKO028,20140508,137.23,137.23,137.23,137.23,0
PKO028,20140509,137.09,137.09,137.09,137.09,0
PKO028,20140512,137.94,137.94,137.94,137.94,0
PKO028,20140513,138.00,138.00,138.00,138.00,0
PKO028,20140514,137.62,137.62,137.62,137.62,0
PKO028,20140515,137.14,137.14,137.14,137.14,0
PKO028,20140516,137.47,137.47,137.47,137.47,0
PKO028,20140519,137.95,137.95,137.95,137.95,0
PKO028,20140520,137.90,137.90,137.90,137.90,0
PKO028,20140521,138.20,138.20,138.20,138.20,0
PKO028,20140522,138.86,138.86,138.86,138.86,0
PKO028,20140523,139.29,139.29,139.29,139.29,0
PKO028,20140526,140.29,140.29,140.29,140.29,0
PKO028,20140527,140.17,140.17,140.17,140.17,0
PKO028,20140528,139.87,139.87,139.87,139.87,0
PKO028,20140529,140.36,140.36,140.36,140.36,0
PKO028,20140530,141.01,141.01,141.01,141.01,0
PKO028,20140602,140.94,140.94,140.94,140.94,0
PKO028,20140603,140.79,140.79,140.79,140.79,0
PKO028,20140604,141.07,141.07,141.07,141.07,0
PKO028,20140605,141.35,141.35,141.35,141.35,0
PKO028,20140606,141.69,141.69,141.69,141.69,0
PKO028,20140609,141.75,141.75,141.75,141.75,0
PKO028,20140610,141.72,141.72,141.72,141.72,0
PKO028,20140611,141.22,141.22,141.22,141.22,0
PKO028,20140612,140.80,140.80,140.80,140.80,0
PKO028,20140613,140.07,140.07,140.07,140.07,0
PKO028,20140616,139.77,139.77,139.77,139.77,0
PKO028,20140617,140.22,140.22,140.22,140.22,0
PKO028,20140618,140.24,140.24,140.24,140.24,0
PKO028,20140620,140.13,140.13,140.13,140.13,0
PKO028,20140623,139.40,139.40,139.40,139.40,0
PKO028,20140624,139.06,139.06,139.06,139.06,0
PKO028,20140625,138.22,138.22,138.22,138.22,0
PKO028,20140626,138.44,138.44,138.44,138.44,0
PKO028,20140627,138.37,138.37,138.37,138.37,0
PKO028,20140630,137.94,137.94,137.94,137.94,0
PKO028,20140701,138.80,138.80,138.80,138.80,0
PKO028,20140702,139.06,139.06,139.06,139.06,0
PKO028,20140703,139.82,139.82,139.82,139.82,0
PKO028,20140704,139.40,139.40,139.40,139.40,0
PKO028,20140707,138.48,138.48,138.48,138.48,0
PKO028,20140708,137.35,137.35,137.35,137.35,0
PKO028,20140709,137.68,137.68,137.68,137.68,0
PKO028,20140710,136.99,136.99,136.99,136.99,0
PKO028,20140711,136.84,136.84,136.84,136.84,0
PKO028,20140714,137.49,137.49,137.49,137.49,0
PKO028,20140715,136.36,136.36,136.36,136.36,0
PKO028,20140716,137.32,137.32,137.32,137.32,0
PKO028,20140717,136.68,136.68,136.68,136.68,0
PKO028,20140718,136.83,136.83,136.83,136.83,0
PKO028,20140721,136.32,136.32,136.32,136.32,0
PKO028,20140722,136.80,136.80,136.80,136.80,0
PKO028,20140723,137.27,137.27,137.27,137.27,0
PKO028,20140724,137.66,137.66,137.66,137.66,0
PKO028,20140725,136.34,136.34,136.34,136.34,0
PKO028,20140728,136.20,136.20,136.20,136.20,0
PKO028,20140729,136.09,136.09,136.09,136.09,0
PKO028,20140730,135.65,135.65,135.65,135.65,0
PKO028,20140731,133.33,133.33,133.33,133.33,0
PKO028,20140801,132.00,132.00,132.00,132.00,0
PKO028,20140804,131.71,131.71,131.71,131.71,0
PKO028,20140805,132.19,132.19,132.19,132.19,0
PKO028,20140806,131.31,131.31,131.31,131.31,0
PKO028,20140807,130.00,130.00,130.00,130.00,0
PKO028,20140808,130.22,130.22,130.22,130.22,0
PKO028,20140811,131.70,131.70,131.70,131.70,0
PKO028,20140812,131.49,131.49,131.49,131.49,0
PKO028,20140813,131.95,131.95,131.95,131.95,0
PKO028,20140814,132.78,132.78,132.78,132.78,0
PKO028,20140818,133.62,133.62,133.62,133.62,0
PKO028,20140819,134.61,134.61,134.61,134.61,0
PKO028,20140820,134.29,134.29,134.29,134.29,0
PKO028,20140821,134.80,134.80,134.80,134.80,0
PKO028,20140822,134.39,134.39,134.39,134.39,0
PKO028,20140825,134.77,134.77,134.77,134.77,0
PKO028,20140826,135.69,135.69,135.69,135.69,0
PKO028,20140827,135.97,135.97,135.97,135.97,0
PKO028,20140828,134.68,134.68,134.68,134.68,0
PKO028,20140829,134.47,134.47,134.47,134.47,0
PKO028,20140901,134.66,134.66,134.66,134.66,0
PKO028,20140902,134.92,134.92,134.92,134.92,0
PKO028,20140903,134.37,134.37,134.37,134.37,0
PKO028,20140904,135.44,135.44,135.44,135.44,0
PKO028,20140905,135.64,135.64,135.64,135.64,0
PKO028,20140908,135.24,135.24,135.24,135.24,0
PKO028,20140909,135.13,135.13,135.13,135.13,0
PKO028,20140910,135.03,135.03,135.03,135.03,0
PKO028,20140911,135.17,135.17,135.17,135.17,0
PKO028,20140912,135.12,135.12,135.12,135.12,0
PKO028,20140915,134.88,134.88,134.88,134.88,0
PKO028,20140916,134.91,134.91,134.91,134.91,0
PKO028,20140917,134.72,134.72,134.72,134.72,0
PKO028,20140918,135.10,135.10,135.10,135.10,0
PKO028,20140919,134.35,134.35,134.35,134.35,0
PKO028,20140922,133.42,133.42,133.42,133.42,0
PKO028,20140923,131.87,131.87,131.87,131.87,0
PKO028,20140924,132.09,132.09,132.09,132.09,0
PKO028,20140925,131.15,131.15,131.15,131.15,0
PKO028,20140926,131.38,131.38,131.38,131.38,0
PKO028,20140929,130.73,130.73,130.73,130.73,0
PKO028,20140930,130.23,130.23,130.23,130.23,0
PKO028,20141001,129.10,129.10,129.10,129.10,0
PKO028,20141002,128.41,128.41,128.41,128.41,0
PKO028,20141003,129.14,129.14,129.14,129.14,0
PKO028,20141006,129.30,129.30,129.30,129.30,0
PKO028,20141007,128.22,128.22,128.22,128.22,0
PKO028,20141008,127.83,127.83,127.83,127.83,0
PKO028,20141009,126.88,126.88,126.88,126.88,0
PKO028,20141010,124.95,124.95,124.95,124.95,0
PKO028,20141013,123.83,123.83,123.83,123.83,0
PKO028,20141014,124.30,124.30,124.30,124.30,0
PKO028,20141015,122.84,122.84,122.84,122.84,0
PKO028,20141016,123.00,123.00,123.00,123.00,0
PKO028,20141017,124.92,124.92,124.92,124.92,0
PKO028,20141020,124.85,124.85,124.85,124.85,0
PKO028,20141021,127.05,127.05,127.05,127.05,0
PKO028,20141022,127.40,127.40,127.40,127.40,0
PKO028,20141023,127.81,127.81,127.81,127.81,0
PKO028,20141024,127.56,127.56,127.56,127.56,0
PKO028,20141027,127.12,127.12,127.12,127.12,0
PKO028,20141028,128.53,128.53,128.53,128.53,0
PKO028,20141029,129.12,129.12,129.12,129.12,0
PKO028,20141030,130.42,130.42,130.42,130.42,0
PKO028,20141031,132.43,132.43,132.43,132.43,0
PKO028,20141103,132.46,132.46,132.46,132.46,0
PKO028,20141104,131.51,131.51,131.51,131.51,0
PKO028,20141105,132.12,132.12,132.12,132.12,0
PKO028,20141106,133.59,133.59,133.59,133.59,0
PKO028,20141107,132.83,132.83,132.83,132.83,0
PKO028,20141110,133.33,133.33,133.33,133.33,0
PKO028,20141112,132.05,132.05,132.05,132.05,0
PKO028,20141113,132.39,132.39,132.39,132.39,0
PKO028,20141114,132.69,132.69,132.69,132.69,0
PKO028,20141117,133.28,133.28,133.28,133.28,0
PKO028,20141118,133.87,133.87,133.87,133.87,0
PKO028,20141119,134.19,134.19,134.19,134.19,0
PKO028,20141120,134.75,134.75,134.75,134.75,0
PKO028,20141121,136.47,136.47,136.47,136.47,0
PKO028,20141124,137.38,137.38,137.38,137.38,0
PKO028,20141125,137.48,137.48,137.48,137.48,0
PKO028,20141126,137.62,137.62,137.62,137.62,0
PKO028,20141127,137.71,137.71,137.71,137.71,0
PKO028,20141128,138.47,138.47,138.47,138.47,0
PKO028,20141201,137.30,137.30,137.30,137.30,0
PKO028,20141202,137.33,137.33,137.33,137.33,0
PKO028,20141203,137.71,137.71,137.71,137.71,0
PKO028,20141204,137.56,137.56,137.56,137.56,0
PKO028,20141205,138.94,138.94,138.94,138.94,0
PKO028,20141208,138.18,138.18,138.18,138.18,0
PKO028,20141209,136.72,136.72,136.72,136.72,0
PKO028,20141210,135.76,135.76,135.76,135.76,0
PKO028,20141211,135.88,135.88,135.88,135.88,0
PKO028,20141212,134.01,134.01,134.01,134.01,0
PKO028,20141215,132.81,132.81,132.81,132.81,0
PKO028,20141216,132.80,132.80,132.80,132.80,0
PKO028,20141217,133.68,133.68,133.68,133.68,0
PKO028,20141218,136.65,136.65,136.65,136.65,0
PKO028,20141219,137.21,137.21,137.21,137.21,0
PKO028,20141222,137.57,137.57,137.57,137.57,0
PKO028,20141223,138.37,138.37,138.37,138.37,0
PKO028,20141229,139.06,139.06,139.06,139.06,0
PKO028,20141230,138.43,138.43,138.43,138.43,0
PKO028,20150102,137.63,137.63,137.63,137.63,0
PKO028,20150105,135.17,135.17,135.17,135.17,0
PKO028,20150107,135.18,135.18,135.18,135.18,0
PKO028,20150108,137.99,137.99,137.99,137.99,0
PKO028,20150109,137.24,137.24,137.24,137.24,0
PKO028,20150112,137.83,137.83,137.83,137.83,0
PKO028,20150113,138.87,138.87,138.87,138.87,0
PKO028,20150114,137.64,137.64,137.64,137.64,0
PKO028,20150115,136.07,136.07,136.07,136.07,0
PKO028,20150116,136.06,136.06,136.06,136.06,0
PKO028,20150119,137.19,137.19,137.19,137.19,0
PKO028,20150120,137.31,137.31,137.31,137.31,0
PKO028,20150121,138.25,138.25,138.25,138.25,0
PKO028,20150122,139.57,139.57,139.57,139.57,0
PKO028,20150123,140.80,140.80,140.80,140.80,0
PKO028,20150126,142.17,142.17,142.17,142.17,0
PKO028,20150127,140.54,140.54,140.54,140.54,0
PKO028,20150128,140.68,140.68,140.68,140.68,0
PKO028,20150129,143.17,143.17,143.17,143.17,0
PKO028,20150130,143.15,143.15,143.15,143.15,0
PKO028,20150202,143.35,143.35,143.35,143.35,0
PKO028,20150203,144.85,144.85,144.85,144.85,0
PKO028,20150204,144.60,144.60,144.60,144.60,0
PKO028,20150205,145.56,145.56,145.56,145.56,0
PKO028,20150206,145.29,145.29,145.29,145.29,0
PKO028,20150209,143.41,143.41,143.41,143.41,0
PKO028,20150210,144.98,144.98,144.98,144.98,0
PKO028,20150211,144.86,144.86,144.86,144.86,0
PKO028,20150212,147.03,147.03,147.03,147.03,0
PKO028,20150213,147.16,147.16,147.16,147.16,0
PKO028,20150216,146.82,146.82,146.82,146.82,0
PKO028,20150217,146.79,146.79,146.79,146.79,0
PKO028,20150218,147.91,147.91,147.91,147.91,0
PKO028,20150219,148.52,148.52,148.52,148.52,0
PKO028,20150220,148.72,148.72,148.72,148.72,0
PKO028,20150223,148.86,148.86,148.86,148.86,0
PKO028,20150224,148.91,148.91,148.91,148.91,0
PKO028,20150225,148.53,148.53,148.53,148.53,0
PKO028,20150226,148.82,148.82,148.82,148.82,0
PKO028,20150227,149.13,149.13,149.13,149.13,0
PKO028,20150302,150.20,150.20,150.20,150.20,0
PKO028,20150303,148.86,148.86,148.86,148.86,0
PKO028,20150304,148.89,148.89,148.89,148.89,0
PKO028,20150305,150.07,150.07,150.07,150.07,0
PKO028,20150306,150.40,150.40,150.40,150.40,0
PKO028,20150309,150.11,150.11,150.11,150.11,0
PKO028,20150310,149.37,149.37,149.37,149.37,0
PKO028,20150311,150.90,150.90,150.90,150.90,0
PKO028,20150312,151.06,151.06,151.06,151.06,0
PKO028,20150313,151.39,151.39,151.39,151.39,0
PKO028,20150316,153.13,153.13,153.13,153.13,0
PKO028,20150317,151.75,151.75,151.75,151.75,0
PKO028,20150318,151.68,151.68,151.68,151.68,0
PKO028,20150319,151.95,151.95,151.95,151.95,0
PKO028,20150320,152.70,152.70,152.70,152.70,0
PKO028,20150323,151.60,151.60,151.60,151.60,0
PKO028,20150324,151.76,151.76,151.76,151.76,0
PKO028,20150325,149.95,149.95,149.95,149.95,0
PKO028,20150326,149.60,149.60,149.60,149.60,0
PKO028,20150327,150.20,150.20,150.20,150.20,0
PKO028,20150330,151.96,151.96,151.96,151.96,0
PKO028,20150331,151.08,151.08,151.08,151.08,0
PKO028,20150401,151.00,151.00,151.00,151.00,0
PKO028,20150402,151.68,151.68,151.68,151.68,0
PKO028,20150407,152.72,152.72,152.72,152.72,0
PKO028,20150408,153.09,153.09,153.09,153.09,0
PKO028,20150409,154.34,154.34,154.34,154.34,0
PKO028,20150410,155.03,155.03,155.03,155.03,0
PKO028,20150413,154.89,154.89,154.89,154.89,0
PKO028,20150414,154.01,154.01,154.01,154.01,0
PKO028,20150415,154.53,154.53,154.53,154.53,0
PKO028,20150416,154.23,154.23,154.23,154.23,0
PKO028,20150417,152.17,152.17,152.17,152.17,0
PKO028,20150420,153.04,153.04,153.04,153.04,0
PKO028,20150421,153.53,153.53,153.53,153.53,0
PKO028,20150422,153.34,153.34,153.34,153.34,0
PKO028,20150423,153.10,153.10,153.10,153.10,0
PKO028,20150424,153.33,153.33,153.33,153.33,0
PKO028,20150427,154.05,154.05,154.05,154.05,0
PKO028,20150428,153.38,153.38,153.38,153.38,0
PKO028,20150429,151.18,151.18,151.18,151.18,0
PKO028,20150430,150.24,150.24,150.24,150.24,0
PKO028,20150504,151.56,151.56,151.56,151.56,0
PKO028,20150505,149.24,149.24,149.24,149.24,0
PKO028,20150506,148.68,148.68,148.68,148.68,0
PKO028,20150507,149.28,149.28,149.28,149.28,0
PKO028,20150508,151.17,151.17,151.17,151.17,0
PKO028,20150511,151.62,151.62,151.62,151.62,0
PKO028,20150512,150.97,150.97,150.97,150.97,0
PKO028,20150513,150.53,150.53,150.53,150.53,0
PKO028,20150514,151.14,151.14,151.14,151.14,0
PKO028,20150515,151.58,151.58,151.58,151.58,0
PKO028,20150518,152.22,152.22,152.22,152.22,0
PKO028,20150519,153.30,153.30,153.30,153.30,0
PKO028,20150520,153.84,153.84,153.84,153.84,0
PKO028,20150521,153.89,153.89,153.89,153.89,0
PKO028,20150522,153.87,153.87,153.87,153.87,0
PKO028,20150525,153.77,153.77,153.77,153.77,0
PKO028,20150526,152.91,152.91,152.91,152.91,0
PKO028,20150527,154.04,154.04,154.04,154.04,0
PKO028,20150528,153.77,153.77,153.77,153.77,0
PKO028,20150529,152.27,152.27,152.27,152.27,0
PKO028,20150601,152.97,152.97,152.97,152.97,0
PKO028,20150602,152.83,152.83,152.83,152.83,0
PKO028,20150603,153.41,153.41,153.41,153.41,0
PKO028,20150605,151.25,151.25,151.25,151.25,0
PKO028,20150608,150.59,150.59,150.59,150.59,0
PKO028,20150609,151.56,151.56,151.56,151.56,0
PKO028,20150610,152.57,152.57,152.57,152.57,0
PKO028,20150611,153.49,153.49,153.49,153.49,0
PKO028,20150612,152.35,152.35,152.35,152.35,0
PKO028,20150615,150.86,150.86,150.86,150.86,0
PKO028,20150616,151.79,151.79,151.79,151.79,0
PKO028,20150617,151.35,151.35,151.35,151.35,0
PKO028,20150618,151.91,151.91,151.91,151.91,0
PKO028,20150619,151.83,151.83,151.83,151.83,0
PKO028,20150622,153.92,153.92,153.92,153.92,0
PKO028,20150623,154.94,154.94,154.94,154.94,0
PKO028,20150624,154.44,154.44,154.44,154.44,0
PKO028,20150625,154.89,154.89,154.89,154.89,0
PKO028,20150626,154.94,154.94,154.94,154.94,0
PKO028,20150629,151.69,151.69,151.69,151.69,0
PKO028,20150630,151.18,151.18,151.18,151.18,0
PKO028,20150701,153.27,153.27,153.27,153.27,0
PKO028,20150702,152.24,152.24,152.24,152.24,0
PKO028,20150703,151.80,151.80,151.80,151.80,0
PKO028,20150706,150.51,150.51,150.51,150.51,0
PKO028,20150707,148.99,148.99,148.99,148.99,0
PKO028,20150708,148.24,148.24,148.24,148.24,0
PKO028,20150709,149.51,149.51,149.51,149.51,0
PKO028,20150710,152.70,152.70,152.70,152.70,0
PKO028,20150713,153.97,153.97,153.97,153.97,0
PKO028,20150714,154.10,154.10,154.10,154.10,0
PKO028,20150715,154.81,154.81,154.81,154.81,0
PKO028,20150716,155.94,155.94,155.94,155.94,0
PKO028,20150717,155.62,155.62,155.62,155.62,0
PKO028,20150720,155.85,155.85,155.85,155.85,0
PKO028,20150721,155.43,155.43,155.43,155.43,0
PKO028,20150722,154.92,154.92,154.92,154.92,0
PKO028,20150723,155.37,155.37,155.37,155.37,0
PKO028,20150724,154.35,154.35,154.35,154.35,0
PKO028,20150727,152.43,152.43,152.43,152.43,0
PKO028,20150728,153.15,153.15,153.15,153.15,0
PKO028,20150729,154.00,154.00,154.00,154.00,0
PKO028,20150730,154.21,154.21,154.21,154.21,0
PKO028,20150731,154.57,154.57,154.57,154.57,0
PKO028,20150803,155.34,155.34,155.34,155.34,0
PKO028,20150804,155.89,155.89,155.89,155.89,0
PKO028,20150805,157.49,157.49,157.49,157.49,0
PKO028,20150806,155.95,155.95,155.95,155.95,0
PKO028,20150807,155.99,155.99,155.99,155.99,0
PKO028,20150810,156.99,156.99,156.99,156.99,0
PKO028,20150811,154.22,154.22,154.22,154.22,0
PKO028,20150812,150.92,150.92,150.92,150.92,0
PKO028,20150813,151.69,151.69,151.69,151.69,0
PKO028,20150814,152.04,152.04,152.04,152.04,0
PKO028,20150817,151.90,151.90,151.90,151.90,0
PKO028,20150818,151.53,151.53,151.53,151.53,0
PKO028,20150819,150.14,150.14,150.14,150.14,0
PKO028,20150820,147.48,147.48,147.48,147.48,0
PKO028,20150821,144.89,144.89,144.89,144.89,0
PKO028,20150824,140.43,140.43,140.43,140.43,0
PKO028,20150825,143.90,143.90,143.90,143.90,0
PKO028,20150826,143.80,143.80,143.80,143.80,0
PKO028,20150827,146.07,146.07,146.07,146.07,0
PKO028,20150828,145.56,145.56,145.56,145.56,0
PKO028,20150831,145.01,145.01,145.01,145.01,0
PKO028,20150901,142.58,142.58,142.58,142.58,0
PKO028,20150902,142.96,142.96,142.96,142.96,0
PKO028,20150903,145.36,145.36,145.36,145.36,0
PKO028,20150904,143.48,143.48,143.48,143.48,0
PKO028,20150907,143.49,143.49,143.49,143.49,0
PKO028,20150908,145.29,145.29,145.29,145.29,0
PKO028,20150909,145.63,145.63,145.63,145.63,0
PKO028,20150910,144.86,144.86,144.86,144.86,0
PKO028,20150911,144.43,144.43,144.43,144.43,0
PKO028,20150914,143.98,143.98,143.98,143.98,0
PKO028,20150915,144.84,144.84,144.84,144.84,0
PKO028,20150916,146.82,146.82,146.82,146.82,0
PKO028,20150917,147.52,147.52,147.52,147.52,0
PKO028,20150918,145.76,145.76,145.76,145.76,0
PKO028,20150921,145.84,145.84,145.84,145.84,0
PKO028,20150922,142.64,142.64,142.64,142.64,0
PKO028,20150923,142.51,142.51,142.51,142.51,0
PKO028,20150924,140.71,140.71,140.71,140.71,0
PKO028,20150925,142.85,142.85,142.85,142.85,0
PKO028,20150928,140.59,140.59,140.59,140.59,0
PKO028,20150929,140.03,140.03,140.03,140.03,0
PKO028,20150930,143.24,143.24,143.24,143.24,0
PKO028,20151001,143.06,143.06,143.06,143.06,0
PKO028,20151002,143.62,143.62,143.62,143.62,0
PKO028,20151005,145.63,145.63,145.63,145.63,0
PKO028,20151006,147.52,147.52,147.52,147.52,0
PKO028,20151007,147.82,147.82,147.82,147.82,0
PKO028,20151008,149.05,149.05,149.05,149.05,0
PKO028,20151009,149.75,149.75,149.75,149.75,0
PKO028,20151012,149.87,149.87,149.87,149.87,0
PKO028,20151013,148.76,148.76,148.76,148.76,0
PKO028,20151014,148.01,148.01,148.01,148.01,0
PKO028,20151015,150.82,150.82,150.82,150.82,0
PKO028,20151016,150.68,150.68,150.68,150.68,0
PKO028,20151019,151.02,151.02,151.02,151.02,0
PKO028,20151020,151.18,151.18,151.18,151.18,0
PKO028,20151021,152.09,152.09,152.09,152.09,0
PKO028,20151022,153.41,153.41,153.41,153.41,0
PKO028,20151023,155.74,155.74,155.74,155.74,0
PKO028,20151026,155.61,155.61,155.61,155.61,0
PKO028,20151027,155.13,155.13,155.13,155.13,0
PKO028,20151028,155.96,155.96,155.96,155.96,0
PKO028,20151029,155.92,155.92,155.92,155.92,0
PKO028,20151030,156.66,156.66,156.66,156.66,0
PKO028,20151102,157.32,157.32,157.32,157.32,0
PKO028,20151103,157.54,157.54,157.54,157.54,0
PKO028,20151104,157.68,157.68,157.68,157.68,0
PKO028,20151105,158.31,158.31,158.31,158.31,0
PKO028,20151106,159.00,159.00,159.00,159.00,0
PKO028,20151109,156.99,156.99,156.99,156.99,0
PKO028,20151110,156.32,156.32,156.32,156.32,0
PKO028,20151112,153.92,153.92,153.92,153.92,0
PKO028,20151113,152.59,152.59,152.59,152.59,0
PKO028,20151116,153.20,153.20,153.20,153.20,0
PKO028,20151117,154.54,154.54,154.54,154.54,0
PKO028,20151118,154.45,154.45,154.45,154.45,0
PKO028,20151119,154.34,154.34,154.34,154.34,0
PKO028,20151120,154.95,154.95,154.95,154.95,0
PKO028,20151123,154.96,154.96,154.96,154.96,0
PKO028,20151124,153.46,153.46,153.46,153.46,0
PKO028,20151125,154.98,154.98,154.98,154.98,0
PKO028,20151126,156.00,156.00,156.00,156.00,0
PKO028,20151127,155.48,155.48,155.48,155.48,0
PKO028,20151130,156.24,156.24,156.24,156.24,0
PKO028,20151201,157.26,157.26,157.26,157.26,0
PKO028,20151202,156.98,156.98,156.98,156.98,0
PKO028,20151203,154.43,154.43,154.43,154.43,0
PKO028,20151204,155.18,155.18,155.18,155.18,0
PKO028,20151207,155.81,155.81,155.81,155.81,0
PKO028,20151208,154.32,154.32,154.32,154.32,0
PKO028,20151209,152.97,152.97,152.97,152.97,0
PKO028,20151210,152.82,152.82,152.82,152.82,0
PKO028,20151211,150.42,150.42,150.42,150.42,0
PKO028,20151214,148.23,148.23,148.23,148.23,0
PKO028,20151215,151.02,151.02,151.02,151.02,0
PKO028,20151216,151.37,151.37,151.37,151.37,0
PKO028,20151217,151.84,151.84,151.84,151.84,0
PKO028,20151218,150.65,150.65,150.65,150.65,0
PKO028,20151221,150.27,150.27,150.27,150.27,0
PKO028,20151222,150.70,150.70,150.70,150.70,0
PKO028,20151223,153.06,153.06,153.06,153.06,0
PKO028,20151228,152.22,152.22,152.22,152.22,0
PKO028,20151229,153.54,153.54,153.54,153.54,0
PKO028,20151230,153.05,153.05,153.05,153.05,0
PKO028,20160104,149.89,149.89,149.89,149.89,0
PKO028,20160105,149.94,149.94,149.94,149.94,0
PKO028,20160107,145.05,145.05,145.05,145.05,0
PKO028,20160108,143.86,143.86,143.86,143.86,0
PKO028,20160111,143.72,143.72,143.72,143.72,0
PKO028,20160112,145.75,145.75,145.75,145.75,0
PKO028,20160113,144.29,144.29,144.29,144.29,0
PKO028,20160114,142.75,142.75,142.75,142.75,0
PKO028,20160115,139.86,139.86,139.86,139.86,0
PKO028,20160118,139.70,139.70,139.70,139.70,0
PKO028,20160119,140.92,140.92,140.92,140.92,0
PKO028,20160120,138.69,138.69,138.69,138.69,0
PKO028,20160121,139.70,139.70,139.70,139.70,0
PKO028,20160122,142.40,142.40,142.40,142.40,0
PKO028,20160125,142.89,142.89,142.89,142.89,0
PKO028,20160126,144.29,144.29,144.29,144.29,0
PKO028,20160127,143.92,143.92,143.92,143.92,0
PKO028,20160128,141.56,141.56,141.56,141.56,0
PKO028,20160129,142.91,142.91,142.91,142.91,0
PKO028,20160201,142.86,142.86,142.86,142.86,0
PKO028,20160202,140.92,140.92,140.92,140.92,0
PKO028,20160203,140.35,140.35,140.35,140.35,0
PKO028,20160204,139.86,139.86,139.86,139.86,0
PKO028,20160205,138.82,138.82,138.82,138.82,0
PKO028,20160208,135.08,135.08,135.08,135.08,0
PKO028,20160209,133.79,133.79,133.79,133.79,0
PKO028,20160210,135.38,135.38,135.38,135.38,0
PKO028,20160211,132.87,132.87,132.87,132.87,0
PKO028,20160212,133.70,133.70,133.70,133.70,0
PKO028,20160215,136.38,136.38,136.38,136.38,0
PKO028,20160216,137.33,137.33,137.33,137.33,0
PKO028,20160217,141.02,141.02,141.02,141.02,0
PKO028,20160218,142.13,142.13,142.13,142.13,0
PKO028,20160219,143.09,143.09,143.09,143.09,0
PKO028,20160222,144.85,144.85,144.85,144.85,0
PKO028,20160223,144.32,144.32,144.32,144.32,0
PKO028,20160224,142.96,142.96,142.96,142.96,0
PKO028,20160225,144.87,144.87,144.87,144.87,0
PKO028,20160226,146.76,146.76,146.76,146.76,0
PKO028,20160229,146.72,146.72,146.72,146.72,0
PKO028,20160301,149.73,149.73,149.73,149.73,0
PKO028,20160302,150.08,150.08,150.08,150.08,0
PKO028,20160303,150.27,150.27,150.27,150.27,0
PKO028,20160304,150.99,150.99,150.99,150.99,0
PKO028,20160307,151.13,151.13,151.13,151.13,0
PKO028,20160308,149.27,149.27,149.27,149.27,0
PKO028,20160309,149.67,149.67,149.67,149.67,0
PKO028,20160310,148.30,148.30,148.30,148.30,0
PKO028,20160311,150.55,150.55,150.55,150.55,0
PKO028,20160314,151.18,151.18,151.18,151.18,0
PKO028,20160315,150.16,150.16,150.16,150.16,0
PKO028,20160316,151.01,151.01,151.01,151.01,0
PKO028,20160317,150.89,150.89,150.89,150.89,0
PKO028,20160318,151.40,151.40,151.40,151.40,0
PKO028,20160321,151.28,151.28,151.28,151.28,0
PKO028,20160322,151.34,151.34,151.34,151.34,0
PKO028,20160323,151.10,151.10,151.10,151.10,0
PKO028,20160324,149.67,149.67,149.67,149.67,0
PKO028,20160329,150.82,150.82,150.82,150.82,0
PKO028,20160330,153.12,153.12,153.12,153.12,0
PKO028,20160331,152.55,152.55,152.55,152.55,0
PKO028,20160401,151.33,151.33,151.33,151.33,0
PKO028,20160404,150.80,150.80,150.80,150.80,0
PKO028,20160405,148.06,148.06,148.06,148.06,0
PKO028,20160406,148.39,148.39,148.39,148.39,0
PKO028,20160407,147.47,147.47,147.47,147.47,0
PKO028,20160408,148.11,148.11,148.11,148.11,0
PKO028,20160411,147.97,147.97,147.97,147.97,0
PKO028,20160412,148.59,148.59,148.59,148.59,0
PKO028,20160413,151.48,151.48,151.48,151.48,0
PKO028,20160414,152.09,152.09,152.09,152.09,0
PKO028,20160415,151.47,151.47,151.47,151.47,0
PKO028,20160418,152.41,152.41,152.41,152.41,0
PKO028,20160419,153.76,153.76,153.76,153.76,0
PKO028,20160420,153.84,153.84,153.84,153.84,0
PKO028,20160421,153.21,153.21,153.21,153.21,0
PKO028,20160422,152.62,152.62,152.62,152.62,0
PKO028,20160425,152.37,152.37,152.37,152.37,0
PKO028,20160426,151.88,151.88,151.88,151.88,0
PKO028,20160427,152.51,152.51,152.51,152.51,0
PKO028,20160428,151.38,151.38,151.38,151.38,0
PKO028,20160429,149.04,149.04,149.04,149.04,0
PKO028,20160502,149.76,149.76,149.76,149.76,0
PKO028,20160504,146.88,146.88,146.88,146.88,0
PKO028,20160505,146.59,146.59,146.59,146.59,0
PKO028,20160506,146.93,146.93,146.93,146.93,0
PKO028,20160509,147.22,147.22,147.22,147.22,0
PKO028,20160510,148.55,148.55,148.55,148.55,0
PKO028,20160511,148.22,148.22,148.22,148.22,0
PKO028,20160512,147.79,147.79,147.79,147.79,0
PKO028,20160513,148.33,148.33,148.33,148.33,0
PKO028,20160516,148.84,148.84,148.84,148.84,0
PKO028,20160517,147.34,147.34,147.34,147.34,0
PKO028,20160518,147.68,147.68,147.68,147.68,0
PKO028,20160519,147.35,147.35,147.35,147.35,0
PKO028,20160520,148.75,148.75,148.75,148.75,0
PKO028,20160523,148.65,148.65,148.65,148.65,0
PKO028,20160524,150.78,150.78,150.78,150.78,0
PKO028,20160525,151.65,151.65,151.65,151.65,0
PKO028,20160527,152.83,152.83,152.83,152.83,0
PKO028,20160530,152.94,152.94,152.94,152.94,0
PKO028,20160531,152.73,152.73,152.73,152.73,0
PKO028,20160601,151.78,151.78,151.78,151.78,0
PKO028,20160602,152.47,152.47,152.47,152.47,0
PKO028,20160603,151.53,151.53,151.53,151.53,0
PKO028,20160606,152.13,152.13,152.13,152.13,0
PKO028,20160607,153.72,153.72,153.72,153.72,0
PKO028,20160608,153.09,153.09,153.09,153.09,0
PKO028,20160609,152.36,152.36,152.36,152.36,0
PKO028,20160610,149.97,149.97,149.97,149.97,0
PKO028,20160613,148.50,148.50,148.50,148.50,0
PKO028,20160614,146.49,146.49,146.49,146.49,0
PKO028,20160615,147.94,147.94,147.94,147.94,0
PKO028,20160616,147.10,147.10,147.10,147.10,0
PKO028,20160617,148.61,148.61,148.61,148.61,0
PKO028,20160620,151.66,151.66,151.66,151.66,0
PKO028,20160621,151.68,151.68,151.68,151.68,0
PKO028,20160622,151.77,151.77,151.77,151.77,0
PKO028,20160623,153.77,153.77,153.77,153.77,0
PKO028,20160624,146.02,146.02,146.02,146.02,0
PKO028,20160627,141.45,141.45,141.45,141.45,0
PKO028,20160628,143.94,143.94,143.94,143.94,0
PKO028,20160629,145.68,145.68,145.68,145.68,0
PKO028,20160630,146.66,146.66,146.66,146.66,0
PKO028,20160701,148.00,148.00,148.00,148.00,0
PKO028,20160704,146.91,146.91,146.91,146.91,0
PKO028,20160705,145.12,145.12,145.12,145.12,0
PKO028,20160706,144.61,144.61,144.61,144.61,0
PKO028,20160707,146.06,146.06,146.06,146.06,0
PKO028,20160708,148.13,148.13,148.13,148.13,0
PKO028,20160711,149.91,149.91,149.91,149.91,0
PKO028,20160712,151.86,151.86,151.86,151.86,0
PKO028,20160713,151.48,151.48,151.48,151.48,0
PKO028,20160714,152.29,152.29,152.29,152.29,0
PKO028,20160715,152.08,152.08,152.08,152.08,0
PKO028,20160718,152.82,152.82,152.82,152.82,0
PKO028,20160719,152.54,152.54,152.54,152.54,0
PKO028,20160720,154.88,154.88,154.88,154.88,0
PKO028,20160721,154.64,154.64,154.64,154.64,0
PKO028,20160722,154.22,154.22,154.22,154.22,0
PKO028,20160725,154.78,154.78,154.78,154.78,0
PKO028,20160726,155.40,155.40,155.40,155.40,0
PKO028,20160727,156.46,156.46,156.46,156.46,0
PKO028,20160728,156.79,156.79,156.79,156.79,0
PKO028,20160729,157.77,157.77,157.77,157.77,0
PKO028,20160801,157.37,157.37,157.37,157.37,0
PKO028,20160802,155.32,155.32,155.32,155.32,0
PKO028,20160803,155.26,155.26,155.26,155.26,0
PKO028,20160804,155.57,155.57,155.57,155.57,0
PKO028,20160805,156.93,156.93,156.93,156.93,0
PKO028,20160808,156.86,156.86,156.86,156.86,0
PKO028,20160809,157.94,157.94,157.94,157.94,0
PKO028,20160810,158.28,158.28,158.28,158.28,0
PKO028,20160811,159.33,159.33,159.33,159.33,0
PKO028,20160812,159.23,159.23,159.23,159.23,0
PKO028,20160816,158.27,158.27,158.27,158.27,0
PKO028,20160817,157.79,157.79,157.79,157.79,0
PKO028,20160818,159.06,159.06,159.06,159.06,0
PKO028,20160819,158.84,158.84,158.84,158.84,0
PKO028,20160822,159.25,159.25,159.25,159.25,0
PKO028,20160823,159.98,159.98,159.98,159.98,0
PKO028,20160824,159.64,159.64,159.64,159.64,0
PKO028,20160825,159.21,159.21,159.21,159.21,0
PKO028,20160826,160.25,160.25,160.25,160.25,0
PKO028,20160829,160.65,160.65,160.65,160.65,0
PKO028,20160830,160.88,160.88,160.88,160.88,0
PKO028,20160831,160.27,160.27,160.27,160.27,0
PKO028,20160901,160.22,160.22,160.22,160.22,0
PKO028,20160902,162.02,162.02,162.02,162.02,0
PKO028,20160905,162.16,162.16,162.16,162.16,0
PKO028,20160906,162.44,162.44,162.44,162.44,0
PKO028,20160907,162.73,162.73,162.73,162.73,0
PKO028,20160908,161.43,161.43,161.43,161.43,0
PKO028,20160909,159.98,159.98,159.98,159.98,0
PKO028,20160912,159.16,159.16,159.16,159.16,0
PKO028,20160913,159.13,159.13,159.13,159.13,0
PKO028,20160914,158.46,158.46,158.46,158.46,0
PKO028,20160915,158.88,158.88,158.88,158.88,0
PKO028,20160916,157.87,157.87,157.87,157.87,0
PKO028,20160919,158.64,158.64,158.64,158.64,0
PKO028,20160920,158.75,158.75,158.75,158.75,0
PKO028,20160921,159.18,159.18,159.18,159.18,0
PKO028,20160922,160.73,160.73,160.73,160.73,0
PKO028,20160923,160.14,160.14,160.14,160.14,0
PKO028,20160926,158.25,158.25,158.25,158.25,0
PKO028,20160927,158.62,158.62,158.62,158.62,0
PKO028,20160928,159.83,159.83,159.83,159.83,0
PKO028,20160929,159.64,159.64,159.64,159.64,0
PKO028,20160930,160.28,160.28,160.28,160.28,0
PKO028,20161003,161.09,161.09,161.09,161.09,0
PKO028,20161004,162.20,162.20,162.20,162.20,0
PKO028,20161005,162.49,162.49,162.49,162.49,0
PKO028,20161006,161.82,161.82,161.82,161.82,0
PKO028,20161007,160.94,160.94,160.94,160.94,0
PKO028,20161010,161.83,161.83,161.83,161.83,0
PKO028,20161011,161.37,161.37,161.37,161.37,0
PKO028,20161012,161.06,161.06,161.06,161.06,0
PKO028,20161013,160.18,160.18,160.18,160.18,0
PKO028,20161014,161.60,161.60,161.60,161.60,0
PKO028,20161017,160.88,160.88,160.88,160.88,0
PKO028,20161018,161.88,161.88,161.88,161.88,0
PKO028,20161019,162.87,162.87,162.87,162.87,0
PKO028,20161020,163.10,163.10,163.10,163.10,0
PKO028,20161021,163.15,163.15,163.15,163.15,0
PKO028,20161024,164.05,164.05,164.05,164.05,0
PKO028,20161025,162.64,162.64,162.64,162.64,0
PKO028,20161026,163.68,163.68,163.68,163.68,0
PKO028,20161027,163.38,163.38,163.38,163.38,0
PKO028,20161028,163.08,163.08,163.08,163.08,0
PKO028,20161031,163.05,163.05,163.05,163.05,0
PKO028,20161102,160.68,160.68,160.68,160.68,0
PKO028,20161103,160.59,160.59,160.59,160.59,0
PKO028,20161104,160.59,160.59,160.59,160.59,0
PKO028,20161107,162.23,162.23,162.23,162.23,0
PKO028,20161108,162.77,162.77,162.77,162.77,0
PKO028,20161109,162.54,162.54,162.54,162.54,0
PKO028,20161110,161.79,161.79,161.79,161.79,0
PKO028,20161114,165.26,165.26,165.26,165.26,0
PKO028,20161115,166.42,166.42,166.42,166.42,0
PKO028,20161116,166.58,166.58,166.58,166.58,0
PKO028,20161117,167.19,167.19,167.19,167.19,0
PKO028,20161118,167.24,167.24,167.24,167.24,0
PKO028,20161121,167.93,167.93,167.93,167.93,0
PKO028,20161122,168.79,168.79,168.79,168.79,0
PKO028,20161123,168.65,168.65,168.65,168.65,0
PKO028,20161124,170.07,170.07,170.07,170.07,0
PKO028,20161125,170.01,170.01,170.01,170.01,0
PKO028,20161128,169.03,169.03,169.03,169.03,0
PKO028,20161129,169.58,169.58,169.58,169.58,0
PKO028,20161130,169.32,169.32,169.32,169.32,0
PKO028,20161201,169.01,169.01,169.01,169.01,0
PKO028,20161202,168.80,168.80,168.80,168.80,0
PKO028,20161205,171.00,171.00,171.00,171.00,0
PKO028,20161206,171.17,171.17,171.17,171.17,0
PKO028,20161207,172.32,172.32,172.32,172.32,0
PKO028,20161208,173.53,173.53,173.53,173.53,0
PKO028,20161209,173.68,173.68,173.68,173.68,0
PKO028,20161212,172.76,172.76,172.76,172.76,0
PKO028,20161213,173.61,173.61,173.61,173.61,0
PKO028,20161214,172.85,172.85,172.85,172.85,0
PKO028,20161215,172.94,172.94,172.94,172.94,0
PKO028,20161216,172.56,172.56,172.56,172.56,0
PKO028,20161219,172.39,172.39,172.39,172.39,0
PKO028,20161220,172.78,172.78,172.78,172.78,0
PKO028,20161221,172.84,172.84,172.84,172.84,0
PKO028,20161222,172.21,172.21,172.21,172.21,0
PKO028,20161223,172.27,172.27,172.27,172.27,0
PKO028,20161227,172.35,172.35,172.35,172.35,0
PKO028,20161228,172.56,172.56,172.56,172.56,0
PKO028,20161229,172.33,172.33,172.33,172.33,0
PKO028,20161230,172.23,172.23,172.23,172.23,0
PKO028,20170102,172.97,172.97,172.97,172.97,0
PKO028,20170103,173.36,173.36,173.36,173.36,0
PKO028,20170104,173.28,173.28,173.28,173.28,0
PKO028,20170105,172.59,172.59,172.59,172.59,0
PKO028,20170109,173.10,173.10,173.10,173.10,0
PKO028,20170110,173.93,173.93,173.93,173.93,0
PKO028,20170111,174.54,174.54,174.54,174.54,0
PKO028,20170112,174.75,174.75,174.75,174.75,0
PKO028,20170113,175.78,175.78,175.78,175.78,0
PKO028,20170116,175.66,175.66,175.66,175.66,0
PKO028,20170117,175.10,175.10,175.10,175.10,0
PKO028,20170118,174.73,174.73,174.73,174.73,0
PKO028,20170119,174.71,174.71,174.71,174.71,0
PKO028,20170120,174.48,174.48,174.48,174.48,0
PKO028,20170123,174.19,174.19,174.19,174.19,0
PKO028,20170124,175.01,175.01,175.01,175.01,0
PKO028,20170125,176.28,176.28,176.28,176.28,0
PKO028,20170126,175.55,175.55,175.55,175.55,0
PKO028,20170127,174.87,174.87,174.87,174.87,0
PKO028,20170130,173.52,173.52,173.52,173.52,0
PKO028,20170131,173.44,173.44,173.44,173.44,0
PKO028,20170201,173.43,173.43,173.43,173.43,0
PKO028,20170202,172.91,172.91,172.91,172.91,0
PKO028,20170203,172.09,172.09,172.09,172.09,0
PKO028,20170206,170.74,170.74,170.74,170.74,0
PKO028,20170207,170.55,170.55,170.55,170.55,0
PKO028,20170208,171.04,171.04,171.04,171.04,0
PKO028,20170209,172.40,172.40,172.40,172.40,0
PKO028,20170210,174.37,174.37,174.37,174.37,0
PKO028,20170213,175.16,175.16,175.16,175.16,0
PKO028,20170214,175.53,175.53,175.53,175.53,0
PKO028,20170215,175.55,175.55,175.55,175.55,0
PKO028,20170216,175.10,175.10,175.10,175.10,0
PKO028,20170217,175.01,175.01,175.01,175.01,0
PKO028,20170220,175.32,175.32,175.32,175.32,0
PKO028,20170221,176.32,176.32,176.32,176.32,0
PKO028,20170222,176.90,176.90,176.90,176.90,0
PKO028,20170223,176.15,176.15,176.15,176.15,0
PKO028,20170224,175.57,175.57,175.57,175.57,0
PKO028,20170227,175.63,175.63,175.63,175.63,0
PKO028,20170228,174.56,174.56,174.56,174.56,0
PKO028,20170301,176.88,176.88,176.88,176.88,0
PKO028,20170302,176.62,176.62,176.62,176.62,0
PKO028,20170303,176.11,176.11,176.11,176.11,0
PKO028,20170306,175.66,175.66,175.66,175.66,0
PKO028,20170307,175.32,175.32,175.32,175.32,0
PKO028,20170308,176.07,176.07,176.07,176.07,0
PKO028,20170309,175.92,175.92,175.92,175.92,0
PKO028,20170310,176.75,176.75,176.75,176.75,0
PKO028,20170313,177.57,177.57,177.57,177.57,0
PKO028,20170314,177.40,177.40,177.40,177.40,0
PKO028,20170315,177.86,177.86,177.86,177.86,0
PKO028,20170316,178.57,178.57,178.57,178.57,0
PKO028,20170317,178.44,178.44,178.44,178.44,0
PKO028,20170320,177.71,177.71,177.71,177.71,0
PKO028,20170321,176.18,176.18,176.18,176.18,0
PKO028,20170322,175.27,175.27,175.27,175.27,0
PKO028,20170323,176.85,176.85,176.85,176.85,0
PKO028,20170324,177.56,177.56,177.56,177.56,0
PKO028,20170327,177.08,177.08,177.08,177.08,0
PKO028,20170328,178.61,178.61,178.61,178.61,0
PKO028,20170329,178.81,178.81,178.81,178.81,0
PKO028,20170330,178.80,178.80,178.80,178.80,0
PKO028,20170331,179.06,179.06,179.06,179.06,0
PKO028,20170403,178.40,178.40,178.40,178.40,0
PKO028,20170404,178.07,178.07,178.07,178.07,0
PKO028,20170405,177.53,177.53,177.53,177.53,0
PKO028,20170406,178.05,178.05,178.05,178.05,0
PKO028,20170407,177.88,177.88,177.88,177.88,0
PKO028,20170410,177.89,177.89,177.89,177.89,0
PKO028,20170411,178.00,178.00,178.00,178.00,0
PKO028,20170412,178.81,178.81,178.81,178.81,0
PKO028,20170413,178.30,178.30,178.30,178.30,0
PKO028,20170418,177.24,177.24,177.24,177.24,0
PKO028,20170419,177.67,177.67,177.67,177.67,0
PKO028,20170420,179.26,179.26,179.26,179.26,0
PKO028,20170421,178.15,178.15,178.15,178.15,0
PKO028,20170424,180.36,180.36,180.36,180.36,0
PKO028,20170425,182.24,182.24,182.24,182.24,0
PKO028,20170426,183.49,183.49,183.49,183.49,0
PKO028,20170427,183.66,183.66,183.66,183.66,0
PKO028,20170428,183.42,183.42,183.42,183.42,0
PKO028,20170502,183.92,183.92,183.92,183.92,0
PKO028,20170504,183.92,183.92,183.92,183.92,0
PKO028,20170505,185.07,185.07,185.07,185.07,0
PKO028,20170508,184.52,184.52,184.52,184.52,0
PKO028,20170509,185.15,185.15,185.15,185.15,0
PKO028,20170510,185.79,185.79,185.79,185.79,0
PKO028,20170511,184.81,184.81,184.81,184.81,0
PKO028,20170512,184.30,184.30,184.30,184.30,0
PKO028,20170515,184.12,184.12,184.12,184.12,0
PKO028,20170516,183.17,183.17,183.17,183.17,0
PKO028,20170517,181.07,181.07,181.07,181.07,0
PKO028,20170518,180.87,180.87,180.87,180.87,0
PKO028,20170519,182.01,182.01,182.01,182.01,0
PKO028,20170522,182.03,182.03,182.03,182.03,0
PKO028,20170523,182.16,182.16,182.16,182.16,0
PKO028,20170524,181.83,181.83,181.83,181.83,0
PKO028,20170525,182.58,182.58,182.58,182.58,0
PKO028,20170526,182.88,182.88,182.88,182.88,0
PKO028,20170529,182.62,182.62,182.62,182.62,0
PKO028,20170530,182.84,182.84,182.84,182.84,0
PKO028,20170531,182.36,182.36,182.36,182.36,0
PKO028,20170601,183.97,183.97,183.97,183.97,0
PKO028,20170602,185.49,185.49,185.49,185.49,0
PKO028,20170605,185.11,185.11,185.11,185.11,0
PKO028,20170606,184.35,184.35,184.35,184.35,0
PKO028,20170607,184.60,184.60,184.60,184.60,0
PKO028,20170608,184.22,184.22,184.22,184.22,0
PKO028,20170609,185.30,185.30,185.30,185.30,0
PKO028,20170612,184.90,184.90,184.90,184.90,0
PKO028,20170613,186.19,186.19,186.19,186.19,0
PKO028,20170614,186.53,186.53,186.53,186.53,0
PKO028,20170616,185.20,185.20,185.20,185.20,0
PKO028,20170619,186.51,186.51,186.51,186.51,0
PKO028,20170620,185.55,185.55,185.55,185.55,0
PKO028,20170621,185.82,185.82,185.82,185.82,0
PKO028,20170622,186.12,186.12,186.12,186.12,0
PKO028,20170623,186.20,186.20,186.20,186.20,0
PKO028,20170626,186.71,186.71,186.71,186.71,0
PKO028,20170627,185.95,185.95,185.95,185.95,0
PKO028,20170628,186.18,186.18,186.18,186.18,0
PKO028,20170629,184.61,184.61,184.61,184.61,0
PKO028,20170630,185.67,185.67,185.67,185.67,0
PKO028,20170703,186.89,186.89,186.89,186.89,0
PKO028,20170704,186.74,186.74,186.74,186.74,0
PKO028,20170705,186.68,186.68,186.68,186.68,0
PKO028,20170706,184.85,184.85,184.85,184.85,0
PKO028,20170707,185.52,185.52,185.52,185.52,0
PKO028,20170710,185.73,185.73,185.73,185.73,0
PKO028,20170711,184.97,184.97,184.97,184.97,0
PKO028,20170712,186.34,186.34,186.34,186.34,0
PKO028,20170713,186.95,186.95,186.95,186.95,0
PKO028,20170714,187.45,187.45,187.45,187.45,0
PKO028,20170717,188.18,188.18,188.18,188.18,0
PKO028,20170718,187.21,187.21,187.21,187.21,0
PKO028,20170719,188.01,188.01,188.01,188.01,0
PKO028,20170720,188.85,188.85,188.85,188.85,0
PKO028,20170721,187.48,187.48,187.48,187.48,0
PKO028,20170724,186.24,186.24,186.24,186.24,0
PKO028,20170725,187.49,187.49,187.49,187.49,0
PKO028,20170726,187.57,187.57,187.57,187.57,0
PKO028,20170727,187.73,187.73,187.73,187.73,0
PKO028,20170728,187.17,187.17,187.17,187.17,0
PKO028,20170731,186.43,186.43,186.43,186.43,0
PKO028,20170801,186.89,186.89,186.89,186.89,0
PKO028,20170802,186.80,186.80,186.80,186.80,0
PKO028,20170803,188.04,188.04,188.04,188.04,0
PKO028,20170804,189.63,189.63,189.63,189.63,0
PKO028,20170807,190.15,190.15,190.15,190.15,0
PKO028,20170808,190.34,190.34,190.34,190.34,0
PKO028,20170809,189.78,189.78,189.78,189.78,0
PKO028,20170810,188.69,188.69,188.69,188.69,0
PKO028,20170811,188.31,188.31,188.31,188.31,0
PKO028,20170814,189.26,189.26,189.26,189.26,0
PKO028,20170816,189.26,189.26,189.26,189.26,0
PKO028,20170817,188.05,188.05,188.05,188.05,0
PKO028,20170818,186.88,186.88,186.88,186.88,0
PKO028,20170821,186.23,186.23,186.23,186.23,0
PKO028,20170822,187.38,187.38,187.38,187.38,0
PKO028,20170823,186.79,186.79,186.79,186.79,0
PKO028,20170824,188.28,188.28,188.28,188.28,0
PKO028,20170825,187.94,187.94,187.94,187.94,0
PKO028,20170828,187.13,187.13,187.13,187.13,0
PKO028,20170829,185.41,185.41,185.41,185.41,0
PKO028,20170830,186.48,186.48,186.48,186.48,0
PKO028,20170831,187.66,187.66,187.66,187.66,0
PKO028,20170901,188.92,188.92,188.92,188.92,0
PKO028,20170904,188.33,188.33,188.33,188.33,0
PKO028,20170905,187.87,187.87,187.87,187.87,0
PKO028,20170906,188.32,188.32,188.32,188.32,0
PKO028,20170907,188.67,188.67,188.67,188.67,0
PKO028,20170908,188.27,188.27,188.27,188.27,0
PKO028,20170911,190.07,190.07,190.07,190.07,0
PKO028,20170912,191.08,191.08,191.08,191.08,0
PKO028,20170913,191.38,191.38,191.38,191.38,0
PKO028,20170914,191.92,191.92,191.92,191.92,0
PKO028,20170915,192.17,192.17,192.17,192.17,0
PKO028,20170918,192.00,192.00,192.00,192.00,0
PKO028,20170919,190.92,190.92,190.92,190.92,0
PKO028,20170920,190.06,190.06,190.06,190.06,0
PKO028,20170921,190.60,190.60,190.60,190.60,0
