Name,Date,Open,High,Low,Close,Volume
QRS006,20100528,100.00,100.00,100.00,100.00,0
QRS006,20100531,99.99,99.99,99.99,99.99,0
QRS006,20100601,99.98,99.98,99.98,99.98,0
QRS006,20100602,100.31,100.31,100.31,100.31,0
QRS006,20100604,95.83,95.83,95.83,95.83,0
QRS006,20100607,94.30,94.30,94.30,94.30,0
QRS006,20100608,94.53,94.53,94.53,94.53,0
QRS006,20100609,95.01,95.01,95.01,95.01,0
QRS006,20100610,98.45,98.45,98.45,98.45,0
QRS006,20100611,97.80,97.80,97.80,97.80,0
QRS006,20100614,100.99,100.99,100.99,100.99,0
QRS006,20100615,100.91,100.91,100.91,100.91,0
QRS006,20100616,100.58,100.58,100.58,100.58,0
QRS006,20100617,98.34,98.34,98.34,98.34,0
QRS006,20100618,98.71,98.71,98.71,98.71,0
QRS006,20100621,101.42,101.42,101.42,101.42,0
QRS006,20100622,100.55,100.55,100.55,100.55,0
QRS006,20100623,100.49,100.49,100.49,100.49,0
QRS006,20100624,101.89,101.89,101.89,101.89,0
QRS006,20100625,102.58,102.58,102.58,102.58,0
QRS006,20100628,101.69,101.69,101.69,101.69,0
QRS006,20100629,95.97,95.97,95.97,95.97,0
QRS006,20100630,95.90,95.90,95.90,95.90,0
QRS006,20100701,95.62,95.62,95.62,95.62,0
QRS006,20100702,97.90,97.90,97.90,97.90,0
QRS006,20100705,97.51,97.51,97.51,97.51,0
QRS006,20100706,101.34,101.34,101.34,101.34,0
QRS006,20100707,100.91,100.91,100.91,100.91,0
QRS006,20100708,100.31,100.31,100.31,100.31,0
QRS006,20100709,100.46,100.46,100.46,100.46,0
QRS006,20100712,104.20,104.20,104.20,104.20,0
QRS006,20100713,105.94,105.94,105.94,105.94,0
QRS006,20100714,106.18,106.18,106.18,106.18,0
QRS006,20100715,105.90,105.90,105.90,105.90,0
QRS006,20100716,105.27,105.27,105.27,105.27,0
QRS006,20100719,104.98,104.98,104.98,104.98,0
QRS006,20100720,103.73,103.73,103.73,103.73,0
QRS006,20100721,107.94,107.94,107.94,107.94,0
QRS006,20100722,111.76,111.76,111.76,111.76,0
QRS006,20100723,113.08,113.08,113.08,113.08,0
QRS006,20100726,114.95,114.95,114.95,114.95,0
QRS006,20100727,114.20,114.20,114.20,114.20,0
QRS006,20100728,114.01,114.01,114.01,114.01,0
QRS006,20100729,115.21,115.21,115.21,115.21,0
QRS006,20100730,113.54,113.54,113.54,113.54,0
QRS006,20100802,120.07,120.07,120.07,120.07,0
QRS006,20100803,119.72,119.72,119.72,119.72,0
QRS006,20100804,120.93,120.93,120.93,120.93,0
QRS006,20100805,120.40,120.40,120.40,120.40,0
QRS006,20100806,119.46,119.46,119.46,119.46,0
QRS006,20100809,119.07,119.07,119.07,119.07,0
QRS006,20100810,115.30,115.30,115.30,115.30,0
QRS006,20100811,112.08,112.08,112.08,112.08,0
QRS006,20100812,112.34,112.34,112.34,112.34,0
QRS006,20100813,112.14,112.14,112.14,112.14,0
QRS006,20100816,114.18,114.18,114.18,114.18,0
QRS006,20100817,114.63,114.63,114.63,114.63,0
QRS006,20100818,113.56,113.56,113.56,113.56,0
QRS006,20100819,111.09,111.09,111.09,111.09,0
QRS006,20100820,110.54,110.54,110.54,110.54,0
QRS006,20100823,113.19,113.19,113.19,113.19,0
QRS006,20100824,107.23,107.23,107.23,107.23,0
QRS006,20100825,107.22,107.22,107.22,107.22,0
QRS006,20100826,106.95,106.95,106.95,106.95,0
QRS006,20100827,108.27,108.27,108.27,108.27,0
QRS006,20100830,107.54,107.54,107.54,107.54,0
QRS006,20100831,108.69,108.69,108.69,108.69,0
QRS006,20100901,111.90,111.90,111.90,111.90,0
QRS006,20100902,111.44,111.44,111.44,111.44,0
QRS006,20100903,112.70,112.70,112.70,112.70,0
QRS006,20100906,114.25,114.25,114.25,114.25,0
QRS006,20100907,113.60,113.60,113.60,113.60,0
QRS006,20100908,118.34,118.34,118.34,118.34,0
QRS006,20100909,118.25,118.25,118.25,118.25,0
QRS006,20100910,117.87,117.87,117.87,117.87,0
QRS006,20100913,120.64,120.64,120.64,120.64,0
QRS006,20100914,119.88,119.88,119.88,119.88,0
QRS006,20100915,119.98,119.98,119.98,119.98,0
QRS006,20100916,119.15,119.15,119.15,119.15,0
QRS006,20100917,118.35,118.35,118.35,118.35,0
QRS006,20100920,120.11,120.11,120.11,120.11,0
QRS006,20100921,122.53,122.53,122.53,122.53,0
QRS006,20100922,122.73,122.73,122.73,122.73,0
QRS006,20100923,121.51,121.51,121.51,121.51,0
QRS006,20100924,124.02,124.02,124.02,124.02,0
QRS006,20100927,123.73,123.73,123.73,123.73,0
QRS006,20100928,121.35,121.35,121.35,121.35,0
QRS006,20100929,122.37,122.37,122.37,122.37,0
QRS006,20100930,124.63,124.63,124.63,124.63,0
QRS006,20101001,124.72,124.72,124.72,124.72,0
QRS006,20101004,126.43,126.43,126.43,126.43,0
QRS006,20101005,130.15,130.15,130.15,130.15,0
QRS006,20101006,129.26,129.26,129.26,129.26,0
QRS006,20101007,126.72,126.72,126.72,126.72,0
QRS006,20101008,125.27,125.27,125.27,125.27,0
QRS006,20101011,126.01,126.01,126.01,126.01,0
QRS006,20101012,126.68,126.68,126.68,126.68,0
QRS006,20101013,132.46,132.46,132.46,132.46,0
QRS006,20101014,130.48,130.48,130.48,130.48,0
QRS006,20101015,128.42,128.42,128.42,128.42,0
QRS006,20101018,128.79,128.79,128.79,128.79,0
QRS006,20101019,124.92,124.92,124.92,124.92,0
QRS006,20101020,125.29,125.29,125.29,125.29,0
QRS006,20101021,127.49,127.49,127.49,127.49,0
QRS006,20101022,127.19,127.19,127.19,127.19,0
QRS006,20101025,127.86,127.86,127.86,127.86,0
QRS006,20101026,127.86,127.86,127.86,127.86,0
QRS006,20101027,128.04,128.04,128.04,128.04,0
QRS006,20101028,127.66,127.66,127.66,127.66,0
QRS006,20101029,128.71,128.71,128.71,128.71,0
QRS006,20101102,131.68,131.68,131.68,131.68,0
QRS006,20101103,130.11,130.11,130.11,130.11,0
QRS006,20101104,134.58,134.58,134.58,134.58,0
QRS006,20101105,136.15,136.15,136.15,136.15,0
QRS006,20101108,135.25,135.25,135.25,135.25,0
QRS006,20101109,138.61,138.61,138.61,138.61,0
QRS006,20101110,135.60,135.60,135.60,135.60,0
QRS006,20101112,136.18,136.18,136.18,136.18,0
QRS006,20101115,135.28,135.28,135.28,135.28,0
QRS006,20101116,130.51,130.51,130.51,130.51,0
QRS006,20101117,131.09,131.09,131.09,131.09,0
QRS006,20101118,131.57,131.57,131.57,131.57,0
QRS006,20101119,126.69,126.69,126.69,126.69,0
QRS006,20101122,128.69,128.69,128.69,128.69,0
QRS006,20101123,126.15,126.15,126.15,126.15,0
QRS006,20101124,128.76,128.76,128.76,128.76,0
QRS006,20101125,128.94,128.94,128.94,128.94,0
QRS006,20101126,126.13,126.13,126.13,126.13,0
QRS006,20101129,124.01,124.01,124.01,124.01,0
QRS006,20101130,124.95,124.95,124.95,124.95,0
QRS006,20101201,129.89,129.89,129.89,129.89,0
QRS006,20101202,131.73,131.73,131.73,131.73,0
QRS006,20101203,132.90,132.90,132.90,132.90,0
QRS006,20101206,135.70,135.70,135.70,135.70,0
QRS006,20101207,137.98,137.98,137.98,137.98,0
QRS006,20101208,137.77,137.77,137.77,137.77,0
QRS006,20101209,137.57,137.57,137.57,137.57,0
QRS006,20101210,136.86,136.86,136.86,136.86,0
QRS006,20101213,138.28,138.28,138.28,138.28,0
QRS006,20101214,139.08,139.08,139.08,139.08,0
QRS006,20101215,139.98,139.98,139.98,139.98,0
QRS006,20101216,137.15,137.15,137.15,137.15,0
QRS006,20101217,137.00,137.00,137.00,137.00,0
QRS006,20101220,135.60,135.60,135.60,135.60,0
QRS006,20101221,138.93,138.93,138.93,138.93,0
QRS006,20101222,138.62,138.62,138.62,138.62,0
QRS006,20101223,138.41,138.41,138.41,138.41,0
QRS006,20101227,137.20,137.20,137.20,137.20,0
QRS006,20101228,137.69,137.69,137.69,137.69,0
QRS006,20101229,138.37,138.37,138.37,138.37,0
QRS006,20101230,136.38,136.38,136.38,136.38,0
QRS006,20101231,135.39,135.39,135.39,135.39,0
QRS006,20110103,137.83,137.83,137.83,137.83,0
QRS006,20110104,134.06,134.06,134.06,134.06,0
QRS006,20110105,130.83,130.83,130.83,130.83,0
QRS006,20110107,128.03,128.03,128.03,128.03,0
QRS006,20110110,125.93,125.93,125.93,125.93,0
QRS006,20110111,126.78,126.78,126.78,126.78,0
QRS006,20110112,131.70,131.70,131.70,131.70,0
QRS006,20110113,131.78,131.78,131.78,131.78,0
QRS006,20110114,131.97,131.97,131.97,131.97,0
QRS006,20110117,131.29,131.29,131.29,131.29,0
QRS006,20110118,138.52,138.52,138.52,138.52,0
QRS006,20110119,135.35,135.35,135.35,135.35,0
QRS006,20110120,133.00,133.00,133.00,133.00,0
QRS006,20110121,133.39,133.39,133.39,133.39,0
QRS006,20110124,132.50,132.50,132.50,132.50,0
QRS006,20110125,129.30,129.30,129.30,129.30,0
QRS006,20110126,130.25,130.25,130.25,130.25,0
QRS006,20110127,130.92,130.92,130.92,130.92,0
QRS006,20110128,129.95,129.95,129.95,129.95,0
QRS006,20110131,129.74,129.74,129.74,129.74,0
QRS006,20110201,132.72,132.72,132.72,132.72,0
QRS006,20110202,132.71,132.71,132.71,132.71,0
QRS006,20110203,133.68,133.68,133.68,133.68,0
QRS006,20110204,132.70,132.70,132.70,132.70,0
QRS006,20110207,134.34,134.34,134.34,134.34,0
QRS006,20110208,133.37,133.37,133.37,133.37,0
QRS006,20110209,132.30,132.30,132.30,132.30,0
QRS006,20110210,130.36,130.36,130.36,130.36,0
QRS006,20110211,131.89,131.89,131.89,131.89,0
QRS006,20110214,129.87,129.87,129.87,129.87,0
QRS006,20110215,129.12,129.12,129.12,129.12,0
QRS006,20110216,128.92,128.92,128.92,128.92,0
QRS006,20110217,124.34,124.34,124.34,124.34,0
QRS006,20110218,125.56,125.56,125.56,125.56,0
QRS006,20110221,124.80,124.80,124.80,124.80,0
QRS006,20110222,124.79,124.79,124.79,124.79,0
QRS006,20110223,125.54,125.54,125.54,125.54,0
QRS006,20110224,125.35,125.35,125.35,125.35,0
QRS006,20110225,126.00,126.00,126.00,126.00,0
QRS006,20110228,129.35,129.35,129.35,129.35,0
QRS006,20110301,127.14,127.14,127.14,127.14,0
QRS006,20110302,129.00,129.00,129.00,129.00,0
QRS006,20110303,135.21,135.21,135.21,135.21,0
QRS006,20110304,137.06,137.06,137.06,137.06,0
QRS006,20110307,139.01,139.01,139.01,139.01,0
QRS006,20110308,138.12,138.12,138.12,138.12,0
QRS006,20110309,137.62,137.62,137.62,137.62,0
QRS006,20110310,134.65,134.65,134.65,134.65,0
QRS006,20110311,132.90,132.90,132.90,132.90,0
QRS006,20110314,133.19,133.19,133.19,133.19,0
QRS006,20110315,130.17,130.17,130.17,130.17,0
QRS006,20110316,129.78,129.78,129.78,129.78,0
QRS006,20110317,133.56,133.56,133.56,133.56,0
QRS006,20110318,134.53,134.53,134.53,134.53,0
QRS006,20110321,137.06,137.06,137.06,137.06,0
QRS006,20110322,134.31,134.31,134.31,134.31,0
QRS006,20110323,134.40,134.40,134.40,134.40,0
QRS006,20110324,136.05,136.05,136.05,136.05,0
QRS006,20110325,139.09,139.09,139.09,139.09,0
QRS006,20110328,140.07,140.07,140.07,140.07,0
QRS006,20110329,140.36,140.36,140.36,140.36,0
QRS006,20110330,139.57,139.57,139.57,139.57,0
QRS006,20110331,140.65,140.65,140.65,140.65,0
QRS006,20110401,145.13,145.13,145.13,145.13,0
QRS006,20110404,145.93,145.93,145.93,145.93,0
QRS006,20110405,146.94,146.94,146.94,146.94,0
QRS006,20110406,149.58,149.58,149.58,149.58,0
QRS006,20110407,149.06,149.06,149.06,149.06,0
QRS006,20110408,147.83,147.83,147.83,147.83,0
QRS006,20110411,148.54,148.54,148.54,148.54,0
QRS006,20110412,146.54,146.54,146.54,146.54,0
QRS006,20110413,149.71,149.71,149.71,149.71,0
QRS006,20110414,148.67,148.67,148.67,148.67,0
QRS006,20110415,150.61,150.61,150.61,150.61,0
QRS006,20110418,145.05,145.05,145.05,145.05,0
QRS006,20110419,145.85,145.85,145.85,145.85,0
QRS006,20110420,150.30,150.30,150.30,150.30,0
QRS006,20110421,149.07,149.07,149.07,149.07,0
QRS006,20110426,150.70,150.70,150.70,150.70,0
QRS006,20110427,148.95,148.95,148.95,148.95,0
QRS006,20110428,150.17,150.17,150.17,150.17,0
QRS006,20110429,149.45,149.45,149.45,149.45,0
QRS006,20110502,147.69,147.69,147.69,147.69,0
QRS006,20110504,144.73,144.73,144.73,144.73,0
QRS006,20110505,143.22,143.22,143.22,143.22,0
QRS006,20110506,143.62,143.62,143.62,143.62,0
QRS006,20110509,142.00,142.00,142.00,142.00,0
QRS006,20110510,143.60,143.60,143.60,143.60,0
QRS006,20110511,142.79,142.79,142.79,142.79,0
QRS006,20110512,140.29,140.29,140.29,140.29,0
QRS006,20110513,139.06,139.06,139.06,139.06,0
QRS006,20110516,140.97,140.97,140.97,140.97,0
QRS006,20110517,138.25,138.25,138.25,138.25,0
QRS006,20110518,140.72,140.72,140.72,140.72,0
QRS006,20110519,141.98,141.98,141.98,141.98,0
QRS006,20110520,141.61,141.61,141.61,141.61,0
QRS006,20110523,137.41,137.41,137.41,137.41,0
QRS006,20110524,138.79,138.79,138.79,138.79,0
QRS006,20110525,142.06,142.06,142.06,142.06,0
QRS006,20110526,142.19,142.19,142.19,142.19,0
QRS006,20110527,145.05,145.05,145.05,145.05,0
QRS006,20110530,144.97,144.97,144.97,144.97,0
QRS006,20110531,149.20,149.20,149.20,149.20,0
QRS006,20110601,148.60,148.60,148.60,148.60,0
QRS006,20110602,146.03,146.03,146.03,146.03,0
QRS006,20110603,146.74,146.74,146.74,146.74,0
QRS006,20110606,145.62,145.62,145.62,145.62,0
QRS006,20110607,147.36,147.36,147.36,147.36,0
QRS006,20110608,145.60,145.60,145.60,145.60,0
QRS006,20110609,145.73,145.73,145.73,145.73,0
QRS006,20110610,142.98,142.98,142.98,142.98,0
QRS006,20110613,143.18,143.18,143.18,143.18,0
QRS006,20110614,145.20,145.20,145.20,145.20,0
QRS006,20110615,144.60,144.60,144.60,144.60,0
QRS006,20110616,144.48,144.48,144.48,144.48,0
QRS006,20110617,144.98,144.98,144.98,144.98,0
QRS006,20110620,142.15,142.15,142.15,142.15,0
QRS006,20110621,142.03,142.03,142.03,142.03,0
QRS006,20110622,139.52,139.52,139.52,139.52,0
QRS006,20110624,137.29,137.29,137.29,137.29,0
QRS006,20110627,135.60,135.60,135.60,135.60,0
QRS006,20110628,136.12,136.12,136.12,136.12,0
QRS006,20110629,138.62,138.62,138.62,138.62,0
QRS006,20110630,139.29,139.29,139.29,139.29,0
QRS006,20110701,139.49,139.49,139.49,139.49,0
QRS006,20110704,140.58,140.58,140.58,140.58,0
QRS006,20110705,139.61,139.61,139.61,139.61,0
QRS006,20110706,138.19,138.19,138.19,138.19,0
QRS006,20110707,142.01,142.01,142.01,142.01,0
QRS006,20110708,139.25,139.25,139.25,139.25,0
QRS006,20110711,135.72,135.72,135.72,135.72,0
QRS006,20110712,134.35,134.35,134.35,134.35,0
QRS006,20110713,136.52,136.52,136.52,136.52,0
QRS006,20110714,134.08,134.08,134.08,134.08,0
QRS006,20110715,134.00,134.00,134.00,134.00,0
QRS006,20110718,128.68,128.68,128.68,128.68,0
QRS006,20110719,130.50,130.50,130.50,130.50,0
QRS006,20110720,130.33,130.33,130.33,130.33,0
QRS006,20110721,133.81,133.81,133.81,133.81,0
QRS006,20110722,135.32,135.32,135.32,135.32,0
QRS006,20110725,134.05,134.05,134.05,134.05,0
QRS006,20110726,133.17,133.17,133.17,133.17,0
QRS006,20110727,129.25,129.25,129.25,129.25,0
QRS006,20110728,132.15,132.15,132.15,132.15,0
QRS006,20110729,134.00,134.00,134.00,134.00,0
QRS006,20110801,131.45,131.45,131.45,131.45,0
QRS006,20110802,127.07,127.07,127.07,127.07,0
QRS006,20110803,119.03,119.03,119.03,119.03,0
QRS006,20110804,109.64,109.64,109.64,109.64,0
QRS006,20110805,105.45,105.45,105.45,105.45,0
QRS006,20110808,101.92,101.92,101.92,101.92,0
QRS006,20110809,95.88,95.88,95.88,95.88,0
QRS006,20110810,82.55,82.55,82.55,82.55,0
QRS006,20110811,92.32,92.32,92.32,92.32,0
QRS006,20110812,95.76,95.76,95.76,95.76,0
QRS006,20110816,99.56,99.56,99.56,99.56,0
QRS006,20110817,99.31,99.31,99.31,99.31,0
QRS006,20110818,86.85,86.85,86.85,86.85,0
QRS006,20110819,90.08,90.08,90.08,90.08,0
QRS006,20110822,91.49,91.49,91.49,91.49,0
QRS006,20110823,91.51,91.51,91.51,91.51,0
QRS006,20110824,92.80,92.80,92.80,92.80,0
QRS006,20110825,91.82,91.82,91.82,91.82,0
QRS006,20110826,92.79,92.79,92.79,92.79,0
QRS006,20110829,97.66,97.66,97.66,97.66,0
QRS006,20110830,101.03,101.03,101.03,101.03,0
QRS006,20110831,102.71,102.71,102.71,102.71,0
QRS006,20110901,102.12,102.12,102.12,102.12,0
QRS006,20110902,97.62,97.62,97.62,97.62,0
QRS006,20110905,90.29,90.29,90.29,90.29,0
QRS006,20110906,92.54,92.54,92.54,92.54,0
QRS006,20110907,99.63,99.63,99.63,99.63,0
QRS006,20110908,97.30,97.30,97.30,97.30,0
QRS006,20110909,88.17,88.17,88.17,88.17,0
QRS006,20110912,84.01,84.01,84.01,84.01,0
QRS006,20110913,84.61,84.61,84.61,84.61,0
QRS006,20110914,86.08,86.08,86.08,86.08,0
QRS006,20110915,91.06,91.06,91.06,91.06,0
QRS006,20110916,91.55,91.55,91.55,91.55,0
QRS006,20110919,87.67,87.67,87.67,87.67,0
QRS006,20110920,92.20,92.20,92.20,92.20,0
QRS006,20110921,91.78,91.78,91.78,91.78,0
QRS006,20110922,77.27,77.27,77.27,77.27,0
QRS006,20110923,76.46,76.46,76.46,76.46,0
QRS006,20110926,78.94,78.94,78.94,78.94,0
QRS006,20110927,83.98,83.98,83.98,83.98,0
QRS006,20110928,83.29,83.29,83.29,83.29,0
QRS006,20110929,85.63,85.63,85.63,85.63,0
QRS006,20110930,83.25,83.25,83.25,83.25,0
QRS006,20111003,80.45,80.45,80.45,80.45,0
QRS006,20111004,76.79,76.79,76.79,76.79,0
QRS006,20111005,81.40,81.40,81.40,81.40,0
QRS006,20111006,82.22,82.22,82.22,82.22,0
QRS006,20111007,84.42,84.42,84.42,84.42,0
QRS006,20111010,90.52,90.52,90.52,90.52,0
QRS006,20111011,89.66,89.66,89.66,89.66,0
QRS006,20111012,94.23,94.23,94.23,94.23,0
QRS006,20111013,89.79,89.79,89.79,89.79,0
QRS006,20111014,92.31,92.31,92.31,92.31,0
QRS006,20111017,89.76,89.76,89.76,89.76,0
QRS006,20111018,91.25,91.25,91.25,91.25,0
QRS006,20111019,91.96,91.96,91.96,91.96,0
QRS006,20111020,85.99,85.99,85.99,85.99,0
QRS006,20111021,93.31,93.31,93.31,93.31,0
QRS006,20111024,98.21,98.21,98.21,98.21,0
QRS006,20111025,95.42,95.42,95.42,95.42,0
QRS006,20111026,95.66,95.66,95.66,95.66,0
QRS006,20111027,101.89,101.89,101.89,101.89,0
QRS006,20111028,100.40,100.40,100.40,100.40,0
QRS006,20111031,99.16,99.16,99.16,99.16,0
QRS006,20111102,97.18,97.18,97.18,97.18,0
QRS006,20111103,99.60,99.60,99.60,99.60,0
QRS006,20111104,95.55,95.55,95.55,95.55,0
QRS006,20111107,98.65,98.65,98.65,98.65,0
QRS006,20111108,99.55,99.55,99.55,99.55,0
QRS006,20111109,92.38,92.38,92.38,92.38,0
QRS006,20111110,91.74,91.74,91.74,91.74,0
QRS006,20111114,93.41,93.41,93.41,93.41,0
QRS006,20111115,90.85,90.85,90.85,90.85,0
QRS006,20111116,93.67,93.67,93.67,93.67,0
QRS006,20111117,90.47,90.47,90.47,90.47,0
QRS006,20111118,87.48,87.48,87.48,87.48,0
QRS006,20111121,81.91,81.91,81.91,81.91,0
QRS006,20111122,82.30,82.30,82.30,82.30,0
QRS006,20111123,78.98,78.98,78.98,78.98,0
QRS006,20111124,79.66,79.66,79.66,79.66,0
QRS006,20111125,81.04,81.04,81.04,81.04,0
QRS006,20111128,84.16,84.16,84.16,84.16,0
QRS006,20111129,82.59,82.59,82.59,82.59,0
QRS006,20111130,89.34,89.34,89.34,89.34,0
QRS006,20111201,88.25,88.25,88.25,88.25,0
QRS006,20111202,88.17,88.17,88.17,88.17,0
QRS006,20111205,90.12,90.12,90.12,90.12,0
QRS006,20111206,86.20,86.20,86.20,86.20,0
QRS006,20111207,87.19,87.19,87.19,87.19,0
QRS006,20111208,82.96,82.96,82.96,82.96,0
QRS006,20111209,85.06,85.06,85.06,85.06,0
QRS006,20111212,79.81,79.81,79.81,79.81,0
QRS006,20111213,82.02,82.02,82.02,82.02,0
QRS006,20111214,80.76,80.76,80.76,80.76,0
QRS006,20111215,80.02,80.02,80.02,80.02,0
QRS006,20111216,77.43,77.43,77.43,77.43,0
QRS006,20111219,74.93,74.93,74.93,74.93,0
QRS006,20111220,77.82,77.82,77.82,77.82,0
QRS006,20111221,78.11,78.11,78.11,78.11,0
QRS006,20111222,78.11,78.11,78.11,78.11,0
QRS006,20111223,79.76,79.76,79.76,79.76,0
QRS006,20111227,79.48,79.48,79.48,79.48,0
QRS006,20111228,77.59,77.59,77.59,77.59,0
QRS006,20111229,77.74,77.74,77.74,77.74,0
QRS006,20111230,77.30,77.30,77.30,77.30,0
QRS006,20111231,77.30,77.30,77.30,77.30,0
QRS006,20120102,80.79,80.79,80.79,80.79,0
QRS006,20120103,81.90,81.90,81.90,81.90,0
QRS006,20120104,79.70,79.70,79.70,79.70,0
QRS006,20120105,77.30,77.30,77.30,77.30,0
QRS006,20120109,76.06,76.06,76.06,76.06,0
QRS006,20120110,78.77,78.77,78.77,78.77,0
QRS006,20120111,76.67,76.67,76.67,76.67,0
QRS006,20120112,79.23,79.23,79.23,79.23,0
QRS006,20120113,78.50,78.50,78.50,78.50,0
QRS006,20120116,80.59,80.59,80.59,80.59,0
QRS006,20120117,82.80,82.80,82.80,82.80,0
QRS006,20120118,83.23,83.23,83.23,83.23,0
QRS006,20120119,84.58,84.58,84.58,84.58,0
QRS006,20120120,84.88,84.88,84.88,84.88,0
QRS006,20120123,86.60,86.60,86.60,86.60,0
QRS006,20120124,86.00,86.00,86.00,86.00,0
QRS006,20120125,85.47,85.47,85.47,85.47,0
QRS006,20120126,89.61,89.61,89.61,89.61,0
QRS006,20120127,89.53,89.53,89.53,89.53,0
QRS006,20120130,89.61,89.61,89.61,89.61,0
QRS006,20120131,91.07,91.07,91.07,91.07,0
QRS006,20120201,94.25,94.25,94.25,94.25,0
QRS006,20120202,93.85,93.85,93.85,93.85,0
QRS006,20120203,94.95,94.95,94.95,94.95,0
QRS006,20120206,95.75,95.75,95.75,95.75,0
QRS006,20120207,94.23,94.23,94.23,94.23,0
QRS006,20120208,94.25,94.25,94.25,94.25,0
QRS006,20120209,93.45,93.45,93.45,93.45,0
QRS006,20120210,90.78,90.78,90.78,90.78,0
QRS006,20120213,91.72,91.72,91.72,91.72,0
QRS006,20120214,90.79,90.79,90.79,90.79,0
QRS006,20120215,91.09,91.09,91.09,91.09,0
QRS006,20120216,90.64,90.64,90.64,90.64,0
QRS006,20120217,92.87,92.87,92.87,92.87,0
QRS006,20120220,92.79,92.79,92.79,92.79,0
QRS006,20120221,92.56,92.56,92.56,92.56,0
QRS006,20120222,89.74,89.74,89.74,89.74,0
QRS006,20120223,88.89,88.89,88.89,88.89,0
QRS006,20120224,88.97,88.97,88.97,88.97,0
QRS006,20120227,89.20,89.20,89.20,89.20,0
QRS006,20120228,89.68,89.68,89.68,89.68,0
QRS006,20120229,88.07,88.07,88.07,88.07,0
QRS006,20120301,88.90,88.90,88.90,88.90,0
QRS006,20120302,89.21,89.21,89.21,89.21,0
QRS006,20120305,85.98,85.98,85.98,85.98,0
QRS006,20120306,82.97,82.97,82.97,82.97,0
QRS006,20120307,84.23,84.23,84.23,84.23,0
QRS006,20120308,87.13,87.13,87.13,87.13,0
QRS006,20120309,86.68,86.68,86.68,86.68,0
QRS006,20120312,86.38,86.38,86.38,86.38,0
QRS006,20120313,87.66,87.66,87.66,87.66,0
QRS006,20120314,89.79,89.79,89.79,89.79,0
QRS006,20120315,90.10,90.10,90.10,90.10,0
QRS006,20120316,89.34,89.34,89.34,89.34,0
QRS006,20120319,88.80,88.80,88.80,88.80,0
QRS006,20120320,86.91,86.91,86.91,86.91,0
QRS006,20120321,86.77,86.77,86.77,86.77,0
QRS006,20120322,83.63,83.63,83.63,83.63,0
QRS006,20120323,84.58,84.58,84.58,84.58,0
QRS006,20120326,86.44,86.44,86.44,86.44,0
QRS006,20120327,88.26,88.26,88.26,88.26,0
QRS006,20120328,86.21,86.21,86.21,86.21,0
QRS006,20120329,84.12,84.12,84.12,84.12,0
QRS006,20120330,84.12,84.12,84.12,84.12,0
QRS006,20120402,86.27,86.27,86.27,86.27,0
QRS006,20120403,86.19,86.19,86.19,86.19,0
QRS006,20120404,83.21,83.21,83.21,83.21,0
QRS006,20120405,83.42,83.42,83.42,83.42,0
QRS006,20120410,81.15,81.15,81.15,81.15,0
QRS006,20120411,82.96,82.96,82.96,82.96,0
QRS006,20120412,84.80,84.80,84.80,84.80,0
QRS006,20120413,82.65,82.65,82.65,82.65,0
QRS006,20120416,82.73,82.73,82.73,82.73,0
QRS006,20120417,84.18,84.18,84.18,84.18,0
QRS006,20120418,81.67,81.67,81.67,81.67,0
QRS006,20120419,80.93,80.93,80.93,80.93,0
QRS006,20120420,80.21,80.21,80.21,80.21,0
QRS006,20120423,75.83,75.83,75.83,75.83,0
QRS006,20120424,76.74,76.74,76.74,76.74,0
QRS006,20120425,77.79,77.79,77.79,77.79,0
QRS006,20120426,78.56,78.56,78.56,78.56,0
QRS006,20120427,80.37,80.37,80.37,80.37,0
QRS006,20120430,80.15,80.15,80.15,80.15,0
QRS006,20120502,79.30,79.30,79.30,79.30,0
QRS006,20120504,78.30,78.30,78.30,78.30,0
QRS006,20120507,78.57,78.57,78.57,78.57,0
QRS006,20120508,75.81,75.81,75.81,75.81,0
QRS006,20120509,74.96,74.96,74.96,74.96,0
QRS006,20120510,75.72,75.72,75.72,75.72,0
QRS006,20120511,74.75,74.75,74.75,74.75,0
QRS006,20120514,72.05,72.05,72.05,72.05,0
QRS006,20120515,70.83,70.83,70.83,70.83,0
QRS006,20120516,71.51,71.51,71.51,71.51,0
QRS006,20120517,67.31,67.31,67.31,67.31,0
QRS006,20120518,67.90,67.90,67.90,67.90,0
QRS006,20120521,70.17,70.17,70.17,70.17,0
QRS006,20120522,69.98,69.98,69.98,69.98,0
QRS006,20120523,65.81,65.81,65.81,65.81,0
QRS006,20120524,65.82,65.82,65.82,65.82,0
QRS006,20120525,65.94,65.94,65.94,65.94,0
QRS006,20120528,66.93,66.93,66.93,66.93,0
QRS006,20120529,68.89,68.89,68.89,68.89,0
QRS006,20120530,67.36,67.36,67.36,67.36,0
QRS006,20120531,68.69,68.69,68.69,68.69,0
QRS006,20120601,67.69,67.69,67.69,67.69,0
QRS006,20120604,67.88,67.88,67.88,67.88,0
QRS006,20120605,66.24,66.24,66.24,66.24,0
QRS006,20120606,70.03,70.03,70.03,70.03,0
QRS006,20120608,73.65,73.65,73.65,73.65,0
QRS006,20120611,75.18,75.18,75.18,75.18,0
QRS006,20120612,78.37,78.37,78.37,78.37,0
QRS006,20120613,77.89,77.89,77.89,77.89,0
QRS006,20120614,77.61,77.61,77.61,77.61,0
QRS006,20120615,79.91,79.91,79.91,79.91,0
QRS006,20120618,79.32,79.32,79.32,79.32,0
QRS006,20120619,83.61,83.61,83.61,83.61,0
QRS006,20120620,83.01,83.01,83.01,83.01,0
QRS006,20120621,82.02,82.02,82.02,82.02,0
QRS006,20120622,81.73,81.73,81.73,81.73,0
QRS006,20120625,80.38,80.38,80.38,80.38,0
QRS006,20120626,83.19,83.19,83.19,83.19,0
QRS006,20120627,84.49,84.49,84.49,84.49,0
QRS006,20120628,81.80,81.80,81.80,81.80,0
QRS006,20120629,83.93,83.93,83.93,83.93,0
QRS006,20120702,83.02,83.02,83.02,83.02,0
QRS006,20120703,84.30,84.30,84.30,84.30,0
QRS006,20120704,84.54,84.54,84.54,84.54,0
QRS006,20120705,86.15,86.15,86.15,86.15,0
QRS006,20120706,83.98,83.98,83.98,83.98,0
QRS006,20120709,82.07,82.07,82.07,82.07,0
QRS006,20120710,82.77,82.77,82.77,82.77,0
QRS006,20120711,79.28,79.28,79.28,79.28,0
QRS006,20120712,79.14,79.14,79.14,79.14,0
QRS006,20120713,81.74,81.74,81.74,81.74,0
QRS006,20120716,80.91,80.91,80.91,80.91,0
QRS006,20120717,81.36,81.36,81.36,81.36,0
QRS006,20120718,80.84,80.84,80.84,80.84,0
QRS006,20120719,81.60,81.60,81.60,81.60,0
QRS006,20120720,79.65,79.65,79.65,79.65,0
QRS006,20120723,73.94,73.94,73.94,73.94,0
QRS006,20120724,75.37,75.37,75.37,75.37,0
QRS006,20120725,75.52,75.52,75.52,75.52,0
QRS006,20120726,76.46,76.46,76.46,76.46,0
QRS006,20120727,78.64,78.64,78.64,78.64,0
QRS006,20120730,80.41,80.41,80.41,80.41,0
QRS006,20120731,80.87,80.87,80.87,80.87,0
QRS006,20120801,80.50,80.50,80.50,80.50,0
QRS006,20120802,79.75,79.75,79.75,79.75,0
QRS006,20120803,84.28,84.28,84.28,84.28,0
QRS006,20120806,86.03,86.03,86.03,86.03,0
QRS006,20120807,86.50,86.50,86.50,86.50,0
QRS006,20120808,87.21,87.21,87.21,87.21,0
QRS006,20120809,91.17,91.17,91.17,91.17,0
QRS006,20120810,89.90,89.90,89.90,89.90,0
QRS006,20120813,91.16,91.16,91.16,91.16,0
QRS006,20120814,91.55,91.55,91.55,91.55,0
QRS006,20120816,92.75,92.75,92.75,92.75,0
QRS006,20120817,90.11,90.11,90.11,90.11,0
QRS006,20120820,90.35,90.35,90.35,90.35,0
QRS006,20120821,91.07,91.07,91.07,91.07,0
QRS006,20120822,88.37,88.37,88.37,88.37,0
QRS006,20120823,88.77,88.77,88.77,88.77,0
QRS006,20120824,89.55,89.55,89.55,89.55,0
QRS006,20120827,88.14,88.14,88.14,88.14,0
QRS006,20120828,88.37,88.37,88.37,88.37,0
QRS006,20120829,87.06,87.06,87.06,87.06,0
QRS006,20120830,86.27,86.27,86.27,86.27,0
QRS006,20120831,88.56,88.56,88.56,88.56,0
QRS006,20120903,88.47,88.47,88.47,88.47,0
QRS006,20120904,87.39,87.39,87.39,87.39,0
QRS006,20120905,88.38,88.38,88.38,88.38,0
QRS006,20120906,90.73,90.73,90.73,90.73,0
QRS006,20120907,92.88,92.88,92.88,92.88,0
QRS006,20120910,92.95,92.95,92.95,92.95,0
QRS006,20120911,95.11,95.11,95.11,95.11,0
QRS006,20120912,94.62,94.62,94.62,94.62,0
QRS006,20120913,95.03,95.03,95.03,95.03,0
QRS006,20120914,100.78,100.78,100.78,100.78,0
QRS006,20120917,99.19,99.19,99.19,99.19,0
QRS006,20120918,99.76,99.76,99.76,99.76,0
QRS006,20120919,100.13,100.13,100.13,100.13,0
QRS006,20120920,96.93,96.93,96.93,96.93,0
QRS006,20120921,96.78,96.78,96.78,96.78,0
QRS006,20120924,96.37,96.37,96.37,96.37,0
QRS006,20120925,97.19,97.19,97.19,97.19,0
QRS006,20120926,95.18,95.18,95.18,95.18,0
QRS006,20120927,96.08,96.08,96.08,96.08,0
QRS006,20120928,95.76,95.76,95.76,95.76,0
QRS006,20121001,98.80,98.80,98.80,98.80,0
QRS006,20121002,98.48,98.48,98.48,98.48,0
QRS006,20121003,97.20,97.20,97.20,97.20,0
QRS006,20121004,96.39,96.39,96.39,96.39,0
QRS006,20121005,99.29,99.29,99.29,99.29,0
QRS006,20121008,98.23,98.23,98.23,98.23,0
QRS006,20121009,96.29,96.29,96.29,96.29,0
QRS006,20121010,97.17,97.17,97.17,97.17,0
QRS006,20121011,97.41,97.41,97.41,97.41,0
QRS006,20121012,95.58,95.58,95.58,95.58,0
QRS006,20121015,95.88,95.88,95.88,95.88,0
QRS006,20121016,97.58,97.58,97.58,97.58,0
QRS006,20121017,97.43,97.43,97.43,97.43,0
QRS006,20121018,97.41,97.41,97.41,97.41,0
QRS006,20121019,94.36,94.36,94.36,94.36,0
QRS006,20121022,94.04,94.04,94.04,94.04,0
QRS006,20121023,91.11,91.11,91.11,91.11,0
QRS006,20121024,91.82,91.82,91.82,91.82,0
QRS006,20121025,91.11,91.11,91.11,91.11,0
QRS006,20121026,91.80,91.80,91.80,91.80,0
QRS006,20121029,90.97,90.97,90.97,90.97,0
QRS006,20121030,91.59,91.59,91.59,91.59,0
QRS006,20121031,90.19,90.19,90.19,90.19,0
QRS006,20121102,92.06,92.06,92.06,92.06,0
QRS006,20121105,92.75,92.75,92.75,92.75,0
QRS006,20121106,92.13,92.13,92.13,92.13,0
QRS006,20121107,91.19,91.19,91.19,91.19,0
QRS006,20121108,91.03,91.03,91.03,91.03,0
QRS006,20121109,90.48,90.48,90.48,90.48,0
QRS006,20121112,92.22,92.22,92.22,92.22,0
QRS006,20121113,93.30,93.30,93.30,93.30,0
QRS006,20121114,94.82,94.82,94.82,94.82,0
QRS006,20121115,95.14,95.14,95.14,95.14,0
QRS006,20121116,94.99,94.99,94.99,94.99,0
QRS006,20121119,97.38,97.38,97.38,97.38,0
QRS006,20121120,97.86,97.86,97.86,97.86,0
QRS006,20121121,95.76,95.76,95.76,95.76,0
QRS006,20121122,96.32,96.32,96.32,96.32,0
QRS006,20121123,96.14,96.14,96.14,96.14,0
QRS006,20121126,97.86,97.86,97.86,97.86,0
QRS006,20121127,97.77,97.77,97.77,97.77,0
QRS006,20121128,97.70,97.70,97.70,97.70,0
QRS006,20121129,98.50,98.50,98.50,98.50,0
QRS006,20121130,98.66,98.66,98.66,98.66,0
QRS006,20121203,100.60,100.60,100.60,100.60,0
QRS006,20121204,101.68,101.68,101.68,101.68,0
QRS006,20121205,102.85,102.85,102.85,102.85,0
QRS006,20121206,103.62,103.62,103.62,103.62,0
QRS006,20121207,101.62,101.62,101.62,101.62,0
QRS006,20121210,103.25,103.25,103.25,103.25,0
QRS006,20121211,105.74,105.74,105.74,105.74,0
QRS006,20121212,106.83,106.83,106.83,106.83,0
QRS006,20121213,106.25,106.25,106.25,106.25,0
QRS006,20121214,107.64,107.64,107.64,107.64,0
QRS006,20121217,108.71,108.71,108.71,108.71,0
QRS006,20121218,111.73,111.73,111.73,111.73,0
QRS006,20121219,112.95,112.95,112.95,112.95,0
QRS006,20121220,112.50,112.50,112.50,112.50,0
QRS006,20121221,111.16,111.16,111.16,111.16,0
QRS006,20121227,113.02,113.02,113.02,113.02,0
QRS006,20121228,112.09,112.09,112.09,112.09,0
QRS006,20130102,114.34,114.34,114.34,114.34,0
QRS006,20130103,114.86,114.86,114.86,114.86,0
QRS006,20130104,112.50,112.50,112.50,112.50,0
QRS006,20130107,111.21,111.21,111.21,111.21,0
QRS006,20130108,109.17,109.17,109.17,109.17,0
QRS006,20130109,109.59,109.59,109.59,109.59,0
QRS006,20130110,109.50,109.50,109.50,109.50,0
QRS006,20130111,109.05,109.05,109.05,109.05,0
QRS006,20130114,109.22,109.22,109.22,109.22,0
QRS006,20130115,106.74,106.74,106.74,106.74,0
QRS006,20130116,109.20,109.20,109.20,109.20,0
QRS006,20130117,110.13,110.13,110.13,110.13,0
QRS006,20130118,109.86,109.86,109.86,109.86,0
QRS006,20130121,110.30,110.30,110.30,110.30,0
QRS006,20130122,109.37,109.37,109.37,109.37,0
QRS006,20130123,108.95,108.95,108.95,108.95,0
QRS006,20130124,109.47,109.47,109.47,109.47,0
QRS006,20130125,106.16,106.16,106.16,106.16,0
QRS006,20130128,105.08,105.08,105.08,105.08,0
QRS006,20130129,105.24,105.24,105.24,105.24,0
QRS006,20130130,102.82,102.82,102.82,102.82,0
QRS006,20130131,103.33,103.33,103.33,103.33,0
QRS006,20130201,103.48,103.48,103.48,103.48,0
QRS006,20130204,101.51,101.51,101.51,101.51,0
QRS006,20130205,102.23,102.23,102.23,102.23,0
QRS006,20130206,100.73,100.73,100.73,100.73,0
QRS006,20130207,100.81,100.81,100.81,100.81,0
QRS006,20130208,103.24,103.24,103.24,103.24,0
QRS006,20130211,102.90,102.90,102.90,102.90,0
QRS006,20130212,100.60,100.60,100.60,100.60,0
QRS006,20130213,100.60,100.60,100.60,100.60,0
QRS006,20130214,99.22,99.22,99.22,99.22,0
QRS006,20130215,100.99,100.99,100.99,100.99,0
QRS006,20130218,101.57,101.57,101.57,101.57,0
QRS006,20130219,100.99,100.99,100.99,100.99,0
QRS006,20130220,97.74,97.74,97.74,97.74,0
QRS006,20130221,97.35,97.35,97.35,97.35,0
QRS006,20130222,97.18,97.18,97.18,97.18,0
QRS006,20130225,98.29,98.29,98.29,98.29,0
QRS006,20130226,96.29,96.29,96.29,96.29,0
QRS006,20130227,98.58,98.58,98.58,98.58,0
QRS006,20130228,98.60,98.60,98.60,98.60,0
QRS006,20130301,98.20,98.20,98.20,98.20,0
QRS006,20130304,97.38,97.38,97.38,97.38,0
QRS006,20130305,100.65,100.65,100.65,100.65,0
QRS006,20130306,100.67,100.67,100.67,100.67,0
QRS006,20130307,99.99,99.99,99.99,99.99,0
QRS006,20130308,101.90,101.90,101.90,101.90,0
QRS006,20130311,100.91,100.91,100.91,100.91,0
QRS006,20130312,101.02,101.02,101.02,101.02,0
QRS006,20130313,100.14,100.14,100.14,100.14,0
QRS006,20130314,102.95,102.95,102.95,102.95,0
QRS006,20130315,101.65,101.65,101.65,101.65,0
QRS006,20130318,98.29,98.29,98.29,98.29,0
QRS006,20130319,95.87,95.87,95.87,95.87,0
QRS006,20130320,96.50,96.50,96.50,96.50,0
QRS006,20130321,93.47,93.47,93.47,93.47,0
QRS006,20130322,92.04,92.04,92.04,92.04,0
QRS006,20130325,89.03,89.03,89.03,89.03,0
QRS006,20130326,90.27,90.27,90.27,90.27,0
QRS006,20130327,90.81,90.81,90.81,90.81,0
QRS006,20130328,91.04,91.04,91.04,91.04,0
QRS006,20130402,91.16,91.16,91.16,91.16,0
QRS006,20130403,87.40,87.40,87.40,87.40,0
QRS006,20130404,88.83,88.83,88.83,88.83,0
QRS006,20130405,88.69,88.69,88.69,88.69,0
QRS006,20130408,89.46,89.46,89.46,89.46,0
QRS006,20130409,88.69,88.69,88.69,88.69,0
QRS006,20130410,91.12,91.12,91.12,91.12,0
QRS006,20130411,93.29,93.29,93.29,93.29,0
QRS006,20130412,92.43,92.43,92.43,92.43,0
QRS006,20130415,88.85,88.85,88.85,88.85,0
QRS006,20130417,85.36,85.36,85.36,85.36,0
QRS006,20130418,83.79,83.79,83.79,83.79,0
QRS006,20130419,83.86,83.86,83.86,83.86,0
QRS006,20130422,83.41,83.41,83.41,83.41,0
QRS006,20130423,83.05,83.05,83.05,83.05,0
QRS006,20130424,84.89,84.89,84.89,84.89,0
QRS006,20130425,84.96,84.96,84.96,84.96,0
QRS006,20130426,85.56,85.56,85.56,85.56,0
QRS006,20130429,85.11,85.11,85.11,85.11,0
QRS006,20130430,85.71,85.71,85.71,85.71,0
QRS006,20130502,85.18,85.18,85.18,85.18,0
QRS006,20130506,87.71,87.71,87.71,87.71,0
QRS006,20130507,88.91,88.91,88.91,88.91,0
QRS006,20130508,90.36,90.36,90.36,90.36,0
QRS006,20130509,89.20,89.20,89.20,89.20,0
QRS006,20130510,87.83,87.83,87.83,87.83,0
QRS006,20130513,89.64,89.64,89.64,89.64,0
QRS006,20130514,92.17,92.17,92.17,92.17,0
QRS006,20130515,92.71,92.71,92.71,92.71,0
QRS006,20130516,92.47,92.47,92.47,92.47,0
QRS006,20130517,92.46,92.46,92.46,92.46,0
QRS006,20130520,91.61,91.61,91.61,91.61,0
QRS006,20130521,90.59,90.59,90.59,90.59,0
QRS006,20130522,90.82,90.82,90.82,90.82,0
QRS006,20130523,90.11,90.11,90.11,90.11,0
QRS006,20130524,92.03,92.03,92.03,92.03,0
QRS006,20130527,96.67,96.67,96.67,96.67,0
QRS006,20130528,98.73,98.73,98.73,98.73,0
QRS006,20130529,99.13,99.13,99.13,99.13,0
QRS006,20130531,100.34,100.34,100.34,100.34,0
QRS006,20130603,96.86,96.86,96.86,96.86,0
QRS006,20130604,97.73,97.73,97.73,97.73,0
QRS006,20130605,97.64,97.64,97.64,97.64,0
QRS006,20130606,96.20,96.20,96.20,96.20,0
QRS006,20130607,100.40,100.40,100.40,100.40,0
QRS006,20130610,101.19,101.19,101.19,101.19,0
QRS006,20130611,99.56,99.56,99.56,99.56,0
QRS006,20130612,99.16,99.16,99.16,99.16,0
QRS006,20130613,99.00,99.00,99.00,99.00,0
QRS006,20130614,98.67,98.67,98.67,98.67,0
QRS006,20130617,97.78,97.78,97.78,97.78,0
QRS006,20130618,97.50,97.50,97.50,97.50,0
QRS006,20130619,95.29,95.29,95.29,95.29,0
QRS006,20130620,83.18,83.18,83.18,83.18,0
QRS006,20130621,80.17,80.17,80.17,80.17,0
QRS006,20130624,80.37,80.37,80.37,80.37,0
QRS006,20130625,81.77,81.77,81.77,81.77,0
QRS006,20130626,80.66,80.66,80.66,80.66,0
QRS006,20130627,75.31,75.31,75.31,75.31,0
QRS006,20130628,80.31,80.31,80.31,80.31,0
QRS006,20130701,80.81,80.81,80.81,80.81,0
QRS006,20130702,83.50,83.50,83.50,83.50,0
QRS006,20130703,82.13,82.13,82.13,82.13,0
QRS006,20130704,84.39,84.39,84.39,84.39,0
QRS006,20130705,81.74,81.74,81.74,81.74,0
QRS006,20130708,80.23,80.23,80.23,80.23,0
QRS006,20130709,79.05,79.05,79.05,79.05,0
QRS006,20130710,82.50,82.50,82.50,82.50,0
QRS006,20130711,84.61,84.61,84.61,84.61,0
QRS006,20130712,86.20,86.20,86.20,86.20,0
QRS006,20130715,86.85,86.85,86.85,86.85,0
QRS006,20130716,86.26,86.26,86.26,86.26,0
QRS006,20130717,87.26,87.26,87.26,87.26,0
QRS006,20130718,86.64,86.64,86.64,86.64,0
QRS006,20130719,87.30,87.30,87.30,87.30,0
QRS006,20130722,87.78,87.78,87.78,87.78,0
QRS006,20130723,87.60,87.60,87.60,87.60,0
QRS006,20130724,88.60,88.60,88.60,88.60,0
QRS006,20130725,87.84,87.84,87.84,87.84,0
QRS006,20130726,86.53,86.53,86.53,86.53,0
QRS006,20130729,86.82,86.82,86.82,86.82,0
QRS006,20130730,87.65,87.65,87.65,87.65,0
QRS006,20130731,90.45,90.45,90.45,90.45,0
QRS006,20130801,91.53,91.53,91.53,91.53,0
QRS006,20130802,95.56,95.56,95.56,95.56,0
QRS006,20130805,95.68,95.68,95.68,95.68,0
QRS006,20130806,92.29,92.29,92.29,92.29,0
QRS006,20130807,93.42,93.42,93.42,93.42,0
QRS006,20130808,95.08,95.08,95.08,95.08,0
QRS006,20130809,95.48,95.48,95.48,95.48,0
QRS006,20130812,98.13,98.13,98.13,98.13,0
QRS006,20130813,97.80,97.80,97.80,97.80,0
QRS006,20130814,99.67,99.67,99.67,99.67,0
QRS006,20130816,98.34,98.34,98.34,98.34,0
QRS006,20130819,96.86,96.86,96.86,96.86,0
QRS006,20130820,94.75,94.75,94.75,94.75,0
QRS006,20130821,95.02,95.02,95.02,95.02,0
QRS006,20130822,97.13,97.13,97.13,97.13,0
QRS006,20130823,97.47,97.47,97.47,97.47,0
QRS006,20130826,97.23,97.23,97.23,97.23,0
QRS006,20130827,92.24,92.24,92.24,92.24,0
QRS006,20130828,92.79,92.79,92.79,92.79,0
QRS006,20130829,93.42,93.42,93.42,93.42,0
QRS006,20130830,94.06,94.06,94.06,94.06,0
QRS006,20130902,95.25,95.25,95.25,95.25,0
QRS006,20130903,93.79,93.79,93.79,93.79,0
QRS006,20130904,88.64,88.64,88.64,88.64,0
QRS006,20130905,80.26,80.26,80.26,80.26,0
QRS006,20130906,84.20,84.20,84.20,84.20,0
QRS006,20130909,86.68,86.68,86.68,86.68,0
QRS006,20130910,91.79,91.79,91.79,91.79,0
QRS006,20130911,93.70,93.70,93.70,93.70,0
QRS006,20130912,95.04,95.04,95.04,95.04,0
QRS006,20130913,93.73,93.73,93.73,93.73,0
QRS006,20130916,92.12,92.12,92.12,92.12,0
QRS006,20130917,93.67,93.67,93.67,93.67,0
QRS006,20130918,93.22,93.22,93.22,93.22,0
QRS006,20130919,96.67,96.67,96.67,96.67,0
QRS006,20130920,97.04,97.04,97.04,97.04,0
QRS006,20130923,95.02,95.02,95.02,95.02,0
QRS006,20130924,95.61,95.61,95.61,95.61,0
QRS006,20130925,97.51,97.51,97.51,97.51,0
QRS006,20130926,99.27,99.27,99.27,99.27,0
QRS006,20130927,98.39,98.39,98.39,98.39,0
QRS006,20130930,94.49,94.49,94.49,94.49,0
QRS006,20131001,97.36,97.36,97.36,97.36,0
QRS006,20131002,97.51,97.51,97.51,97.51,0
QRS006,20131003,97.08,97.08,97.08,97.08,0
QRS006,20131004,95.71,95.71,95.71,95.71,0
QRS006,20131007,94.50,94.50,94.50,94.50,0
QRS006,20131008,93.88,93.88,93.88,93.88,0
QRS006,20131009,95.14,95.14,95.14,95.14,0
QRS006,20131010,101.96,101.96,101.96,101.96,0
QRS006,20131011,103.11,103.11,103.11,103.11,0
QRS006,20131014,104.03,104.03,104.03,104.03,0
QRS006,20131015,104.28,104.28,104.28,104.28,0
QRS006,20131016,104.62,104.62,104.62,104.62,0
QRS006,20131017,102.26,102.26,102.26,102.26,0
QRS006,20131018,103.09,103.09,103.09,103.09,0
QRS006,20131021,108.37,108.37,108.37,108.37,0
QRS006,20131022,107.20,107.20,107.20,107.20,0
QRS006,20131023,105.74,105.74,105.74,105.74,0
QRS006,20131024,108.18,108.18,108.18,108.18,0
QRS006,20131025,107.43,107.43,107.43,107.43,0
QRS006,20131028,108.76,108.76,108.76,108.76,0
QRS006,20131029,110.20,110.20,110.20,110.20,0
QRS006,20131030,107.87,107.87,107.87,107.87,0
QRS006,20131031,106.77,106.77,106.77,106.77,0
QRS006,20131104,107.35,107.35,107.35,107.35,0
QRS006,20131105,105.75,105.75,105.75,105.75,0
QRS006,20131106,107.50,107.50,107.50,107.50,0
QRS006,20131107,106.65,106.65,106.65,106.65,0
QRS006,20131108,105.63,105.63,105.63,105.63,0
QRS006,20131112,104.68,104.68,104.68,104.68,0
QRS006,20131113,102.18,102.18,102.18,102.18,0
QRS006,20131114,104.80,104.80,104.80,104.80,0
QRS006,20131115,108.57,108.57,108.57,108.57,0
QRS006,20131118,114.93,114.93,114.93,114.93,0
QRS006,20131119,113.70,113.70,113.70,113.70,0
QRS006,20131120,112.28,112.28,112.28,112.28,0
QRS006,20131121,111.96,111.96,111.96,111.96,0
QRS006,20131122,112.30,112.30,112.30,112.30,0
QRS006,20131125,112.98,112.98,112.98,112.98,0
QRS006,20131126,110.37,110.37,110.37,110.37,0
QRS006,20131127,111.98,111.98,111.98,111.98,0
QRS006,20131128,110.52,110.52,110.52,110.52,0
QRS006,20131129,112.15,112.15,112.15,112.15,0
QRS006,20131202,108.24,108.24,108.24,108.24,0
QRS006,20131203,105.18,105.18,105.18,105.18,0
QRS006,20131204,103.85,103.85,103.85,103.85,0
QRS006,20131205,103.10,103.10,103.10,103.10,0
QRS006,20131206,102.85,102.85,102.85,102.85,0
QRS006,20131209,102.35,102.35,102.35,102.35,0
QRS006,20131210,102.32,102.32,102.32,102.32,0
QRS006,20131211,101.43,101.43,101.43,101.43,0
QRS006,20131212,99.45,99.45,99.45,99.45,0
QRS006,20131213,98.64,98.64,98.64,98.64,0
QRS006,20131216,98.72,98.72,98.72,98.72,0
QRS006,20131217,94.82,94.82,94.82,94.82,0
QRS006,20131218,95.59,95.59,95.59,95.59,0
QRS006,20131219,94.10,94.10,94.10,94.10,0
QRS006,20131220,95.79,95.79,95.79,95.79,0
QRS006,20131223,96.73,96.73,96.73,96.73,0
QRS006,20131227,95.44,95.44,95.44,95.44,0
QRS006,20131230,95.27,95.27,95.27,95.27,0
QRS006,20140102,97.15,97.15,97.15,97.15,0
QRS006,20140103,95.24,95.24,95.24,95.24,0
QRS006,20140107,91.29,91.29,91.29,91.29,0
QRS006,20140108,91.81,91.81,91.81,91.81,0
QRS006,20140109,88.57,88.57,88.57,88.57,0
QRS006,20140110,88.72,88.72,88.72,88.72,0
QRS006,20140113,91.96,91.96,91.96,91.96,0
QRS006,20140114,93.95,93.95,93.95,93.95,0
QRS006,20140115,94.26,94.26,94.26,94.26,0
QRS006,20140116,94.65,94.65,94.65,94.65,0
QRS006,20140117,92.61,92.61,92.61,92.61,0
QRS006,20140120,92.91,92.91,92.91,92.91,0
QRS006,20140121,95.38,95.38,95.38,95.38,0
QRS006,20140122,96.79,96.79,96.79,96.79,0
QRS006,20140123,94.89,94.89,94.89,94.89,0
QRS006,20140124,89.86,89.86,89.86,89.86,0
QRS006,20140127,87.58,87.58,87.58,87.58,0
QRS006,20140128,89.20,89.20,89.20,89.20,0
QRS006,20140129,87.14,87.14,87.14,87.14,0
QRS006,20140130,89.23,89.23,89.23,89.23,0
QRS006,20140131,90.21,90.21,90.21,90.21,0
QRS006,20140203,92.06,92.06,92.06,92.06,0
QRS006,20140204,91.52,91.52,91.52,91.52,0
QRS006,20140205,90.58,90.58,90.58,90.58,0
QRS006,20140206,94.49,94.49,94.49,94.49,0
QRS006,20140207,95.02,95.02,95.02,95.02,0
QRS006,20140210,93.92,93.92,93.92,93.92,0
QRS006,20140211,96.65,96.65,96.65,96.65,0
QRS006,20140212,99.90,99.90,99.90,99.90,0
QRS006,20140213,100.61,100.61,100.61,100.61,0
QRS006,20140214,100.20,100.20,100.20,100.20,0
QRS006,20140217,99.87,99.87,99.87,99.87,0
QRS006,20140218,99.38,99.38,99.38,99.38,0
QRS006,20140219,100.34,100.34,100.34,100.34,0
QRS006,20140220,99.06,99.06,99.06,99.06,0
QRS006,20140221,100.57,100.57,100.57,100.57,0
QRS006,20140224,103.62,103.62,103.62,103.62,0
QRS006,20140225,102.44,102.44,102.44,102.44,0
QRS006,20140226,99.63,99.63,99.63,99.63,0
QRS006,20140227,99.14,99.14,99.14,99.14,0
QRS006,20140228,103.21,103.21,103.21,103.21,0
QRS006,20140303,91.94,91.94,91.94,91.94,0
QRS006,20140304,95.67,95.67,95.67,95.67,0
QRS006,20140305,96.23,96.23,96.23,96.23,0
QRS006,20140306,97.17,97.17,97.17,97.17,0
QRS006,20140307,95.82,95.82,95.82,95.82,0
QRS006,20140310,92.70,92.70,92.70,92.70,0
QRS006,20140311,93.31,93.31,93.31,93.31,0
QRS006,20140312,90.17,90.17,90.17,90.17,0
QRS006,20140313,87.95,87.95,87.95,87.95,0
QRS006,20140314,88.32,88.32,88.32,88.32,0
QRS006,20140317,91.70,91.70,91.70,91.70,0
QRS006,20140318,91.08,91.08,91.08,91.08,0
QRS006,20140319,89.31,89.31,89.31,89.31,0
QRS006,20140320,91.19,91.19,91.19,91.19,0
QRS006,20140321,90.07,90.07,90.07,90.07,0
QRS006,20140324,89.53,89.53,89.53,89.53,0
QRS006,20140325,92.70,92.70,92.70,92.70,0
QRS006,20140326,93.86,93.86,93.86,93.86,0
QRS006,20140327,94.32,94.32,94.32,94.32,0
QRS006,20140328,94.72,94.72,94.72,94.72,0
QRS006,20140331,96.73,96.73,96.73,96.73,0
QRS006,20140401,96.48,96.48,96.48,96.48,0
QRS006,20140402,97.35,97.35,97.35,97.35,0
QRS006,20140403,95.12,95.12,95.12,95.12,0
QRS006,20140404,97.30,97.30,97.30,97.30,0
QRS006,20140407,95.22,95.22,95.22,95.22,0
QRS006,20140408,96.89,96.89,96.89,96.89,0
QRS006,20140409,96.48,96.48,96.48,96.48,0
QRS006,20140410,96.63,96.63,96.63,96.63,0
QRS006,20140411,96.48,96.48,96.48,96.48,0
QRS006,20140414,94.27,94.27,94.27,94.27,0
QRS006,20140415,91.84,91.84,91.84,91.84,0
QRS006,20140416,91.36,91.36,91.36,91.36,0
QRS006,20140417,93.68,93.68,93.68,93.68,0
QRS006,20140422,96.07,96.07,96.07,96.07,0
QRS006,20140423,95.36,95.36,95.36,95.36,0
QRS006,20140424,95.36,95.36,95.36,95.36,0
QRS006,20140425,93.63,93.63,93.63,93.63,0
QRS006,20140428,94.63,94.63,94.63,94.63,0
QRS006,20140429,95.73,95.73,95.73,95.73,0
QRS006,20140430,95.01,95.01,95.01,95.01,0
QRS006,20140502,93.59,93.59,93.59,93.59,0
QRS006,20140505,91.81,91.81,91.81,91.81,0
QRS006,20140506,91.03,91.03,91.03,91.03,0
QRS006,20140507,91.19,91.19,91.19,91.19,0
QRS006,20140508,92.31,92.31,92.31,92.31,0
QRS006,20140509,90.63,90.63,90.63,90.63,0
QRS006,20140512,92.21,92.21,92.21,92.21,0
QRS006,20140513,92.68,92.68,92.68,92.68,0
QRS006,20140514,93.24,93.24,93.24,93.24,0
QRS006,20140515,91.22,91.22,91.22,91.22,0
QRS006,20140516,90.96,90.96,90.96,90.96,0
QRS006,20140519,91.79,91.79,91.79,91.79,0
QRS006,20140520,92.34,92.34,92.34,92.34,0
QRS006,20140521,92.57,92.57,92.57,92.57,0
QRS006,20140522,96.96,96.96,96.96,96.96,0
QRS006,20140523,96.88,96.88,96.88,96.88,0
QRS006,20140526,97.17,97.17,97.17,97.17,0
QRS006,20140527,96.70,96.70,96.70,96.70,0
QRS006,20140528,94.59,94.59,94.59,94.59,0
QRS006,20140529,95.99,95.99,95.99,95.99,0
QRS006,20140530,94.01,94.01,94.01,94.01,0
QRS006,20140602,94.45,94.45,94.45,94.45,0
QRS006,20140603,94.93,94.93,94.93,94.93,0
QRS006,20140604,96.12,96.12,96.12,96.12,0
QRS006,20140605,97.85,97.85,97.85,97.85,0
QRS006,20140606,99.01,99.01,99.01,99.01,0
QRS006,20140609,98.42,98.42,98.42,98.42,0
QRS006,20140610,98.98,98.98,98.98,98.98,0
QRS006,20140611,97.79,97.79,97.79,97.79,0
QRS006,20140612,98.02,98.02,98.02,98.02,0
QRS006,20140613,96.97,96.97,96.97,96.97,0
QRS006,20140616,96.28,96.28,96.28,96.28,0
QRS006,20140617,97.77,97.77,97.77,97.77,0
QRS006,20140618,97.13,97.13,97.13,97.13,0
QRS006,20140620,97.92,97.92,97.92,97.92,0
QRS006,20140623,98.56,98.56,98.56,98.56,0
QRS006,20140624,97.76,97.76,97.76,97.76,0
QRS006,20140625,94.63,94.63,94.63,94.63,0
QRS006,20140626,93.02,93.02,93.02,93.02,0
QRS006,20140627,92.95,92.95,92.95,92.95,0
QRS006,20140630,92.94,92.94,92.94,92.94,0
QRS006,20140701,93.26,93.26,93.26,93.26,0
QRS006,20140702,91.60,91.60,91.60,91.60,0
QRS006,20140703,90.82,90.82,90.82,90.82,0
QRS006,20140704,90.58,90.58,90.58,90.58,0
QRS006,20140707,91.43,91.43,91.43,91.43,0
QRS006,20140708,89.94,89.94,89.94,89.94,0
QRS006,20140709,88.31,88.31,88.31,88.31,0
QRS006,20140710,88.01,88.01,88.01,88.01,0
QRS006,20140711,90.99,90.99,90.99,90.99,0
QRS006,20140714,90.97,90.97,90.97,90.97,0
QRS006,20140715,91.67,91.67,91.67,91.67,0
QRS006,20140716,92.21,92.21,92.21,92.21,0
QRS006,20140717,92.67,92.67,92.67,92.67,0
QRS006,20140718,92.36,92.36,92.36,92.36,0
QRS006,20140721,91.18,91.18,91.18,91.18,0
QRS006,20140722,93.43,93.43,93.43,93.43,0
QRS006,20140723,92.97,92.97,92.97,92.97,0
QRS006,20140724,92.96,92.96,92.96,92.96,0
QRS006,20140725,92.72,92.72,92.72,92.72,0
QRS006,20140728,92.96,92.96,92.96,92.96,0
QRS006,20140729,91.55,91.55,91.55,91.55,0
QRS006,20140730,87.89,87.89,87.89,87.89,0
QRS006,20140731,86.35,86.35,86.35,86.35,0
QRS006,20140801,87.55,87.55,87.55,87.55,0
QRS006,20140804,88.84,88.84,88.84,88.84,0
QRS006,20140805,89.53,89.53,89.53,89.53,0
QRS006,20140806,88.98,88.98,88.98,88.98,0
QRS006,20140807,86.75,86.75,86.75,86.75,0
QRS006,20140808,85.25,85.25,85.25,85.25,0
QRS006,20140811,87.91,87.91,87.91,87.91,0
QRS006,20140812,88.42,88.42,88.42,88.42,0
QRS006,20140813,90.51,90.51,90.51,90.51,0
QRS006,20140814,92.75,92.75,92.75,92.75,0
QRS006,20140818,95.80,95.80,95.80,95.80,0
QRS006,20140819,95.79,95.79,95.79,95.79,0
QRS006,20140820,96.03,96.03,96.03,96.03,0
QRS006,20140821,95.63,95.63,95.63,95.63,0
QRS006,20140822,94.77,94.77,94.77,94.77,0
QRS006,20140825,95.93,95.93,95.93,95.93,0
QRS006,20140826,97.75,97.75,97.75,97.75,0
QRS006,20140827,97.20,97.20,97.20,97.20,0
QRS006,20140828,93.09,93.09,93.09,93.09,0
QRS006,20140829,93.88,93.88,93.88,93.88,0
QRS006,20140901,95.11,95.11,95.11,95.11,0
QRS006,20140902,96.55,96.55,96.55,96.55,0
QRS006,20140903,101.57,101.57,101.57,101.57,0
QRS006,20140904,103.79,103.79,103.79,103.79,0
QRS006,20140905,103.79,103.79,103.79,103.79,0
QRS006,20140908,104.11,104.11,104.11,104.11,0
QRS006,20140909,103.94,103.94,103.94,103.94,0
QRS006,20140910,102.45,102.45,102.45,102.45,0
QRS006,20140911,100.14,100.14,100.14,100.14,0
QRS006,20140912,101.18,101.18,101.18,101.18,0
QRS006,20140915,101.17,101.17,101.17,101.17,0
QRS006,20140916,102.97,102.97,102.97,102.97,0
QRS006,20140917,103.72,103.72,103.72,103.72,0
QRS006,20140918,102.50,102.50,102.50,102.50,0
QRS006,20140919,105.74,105.74,105.74,105.74,0
QRS006,20140922,104.43,104.43,104.43,104.43,0
QRS006,20140923,101.15,101.15,101.15,101.15,0
QRS006,20140924,100.51,100.51,100.51,100.51,0
QRS006,20140925,99.30,99.30,99.30,99.30,0
QRS006,20140926,100.97,100.97,100.97,100.97,0
QRS006,20140929,100.56,100.56,100.56,100.56,0
QRS006,20140930,102.41,102.41,102.41,102.41,0
QRS006,20141001,98.85,98.85,98.85,98.85,0
QRS006,20141002,97.01,97.01,97.01,97.01,0
QRS006,20141003,97.56,97.56,97.56,97.56,0
QRS006,20141006,97.62,97.62,97.62,97.62,0
QRS006,20141007,97.22,97.22,97.22,97.22,0
QRS006,20141008,94.77,94.77,94.77,94.77,0
QRS006,20141009,95.71,95.71,95.71,95.71,0
QRS006,20141010,93.34,93.34,93.34,93.34,0
QRS006,20141013,93.25,93.25,93.25,93.25,0
QRS006,20141014,94.26,94.26,94.26,94.26,0
QRS006,20141015,91.99,91.99,91.99,91.99,0
QRS006,20141016,92.92,92.92,92.92,92.92,0
QRS006,20141017,93.53,93.53,93.53,93.53,0
QRS006,20141020,92.75,92.75,92.75,92.75,0
QRS006,20141021,95.67,95.67,95.67,95.67,0
QRS006,20141022,95.65,95.65,95.65,95.65,0
QRS006,20141023,96.30,96.30,96.30,96.30,0
QRS006,20141024,95.98,95.98,95.98,95.98,0
QRS006,20141027,96.28,96.28,96.28,96.28,0
QRS006,20141028,98.01,98.01,98.01,98.01,0
QRS006,20141029,97.04,97.04,97.04,97.04,0
QRS006,20141030,97.28,97.28,97.28,97.28,0
QRS006,20141031,98.32,98.32,98.32,98.32,0
QRS006,20141103,98.15,98.15,98.15,98.15,0
QRS006,20141104,98.30,98.30,98.30,98.30,0
QRS006,20141105,96.77,96.77,96.77,96.77,0
QRS006,20141106,95.81,95.81,95.81,95.81,0
QRS006,20141107,94.70,94.70,94.70,94.70,0
QRS006,20141110,93.84,93.84,93.84,93.84,0
QRS006,20141112,93.98,93.98,93.98,93.98,0
QRS006,20141113,92.81,92.81,92.81,92.81,0
QRS006,20141114,94.98,94.98,94.98,94.98,0
QRS006,20141117,94.96,94.96,94.96,94.96,0
QRS006,20141118,95.27,95.27,95.27,95.27,0
QRS006,20141119,94.48,94.48,94.48,94.48,0
QRS006,20141120,93.22,93.22,93.22,93.22,0
QRS006,20141121,94.70,94.70,94.70,94.70,0
QRS006,20141124,93.20,93.20,93.20,93.20,0
QRS006,20141125,94.20,94.20,94.20,94.20,0
QRS006,20141126,95.30,95.30,95.30,95.30,0
QRS006,20141127,95.62,95.62,95.62,95.62,0
QRS006,20141128,94.60,94.60,94.60,94.60,0
QRS006,20141201,95.26,95.26,95.26,95.26,0
QRS006,20141202,96.96,96.96,96.96,96.96,0
QRS006,20141203,96.88,96.88,96.88,96.88,0
QRS006,20141204,94.85,94.85,94.85,94.85,0
QRS006,20141205,96.31,96.31,96.31,96.31,0
QRS006,20141208,95.53,95.53,95.53,95.53,0
QRS006,20141209,92.61,92.61,92.61,92.61,0
QRS006,20141210,90.90,90.90,90.90,90.90,0
QRS006,20141211,91.51,91.51,91.51,91.51,0
QRS006,20141212,89.90,89.90,89.90,89.90,0
QRS006,20141215,86.68,86.68,86.68,86.68,0
QRS006,20141216,83.16,83.16,83.16,83.16,0
QRS006,20141217,85.01,85.01,85.01,85.01,0
QRS006,20141218,86.50,86.50,86.50,86.50,0
QRS006,20141219,85.66,85.66,85.66,85.66,0
QRS006,20141222,87.36,87.36,87.36,87.36,0
QRS006,20141223,87.13,87.13,87.13,87.13,0
QRS006,20141229,85.25,85.25,85.25,85.25,0
QRS006,20141230,85.62,85.62,85.62,85.62,0
QRS006,20150102,85.45,85.45,85.45,85.45,0
QRS006,20150105,81.90,81.90,81.90,81.90,0
QRS006,20150107,85.20,85.20,85.20,85.20,0
QRS006,20150108,88.82,88.82,88.82,88.82,0
QRS006,20150109,86.89,86.89,86.89,86.89,0
QRS006,20150112,87.04,87.04,87.04,87.04,0
QRS006,20150113,89.48,89.48,89.48,89.48,0
QRS006,20150114,87.33,87.33,87.33,87.33,0
QRS006,20150115,81.66,81.66,81.66,81.66,0
QRS006,20150116,80.27,80.27,80.27,80.27,0
QRS006,20150119,80.90,80.90,80.90,80.90,0
QRS006,20150120,80.32,80.32,80.32,80.32,0
QRS006,20150121,83.53,83.53,83.53,83.53,0
QRS006,20150122,86.03,86.03,86.03,86.03,0
QRS006,20150123,85.90,85.90,85.90,85.90,0
QRS006,20150126,85.04,85.04,85.04,85.04,0
QRS006,20150127,84.68,84.68,84.68,84.68,0
QRS006,20150128,85.67,85.67,85.67,85.67,0
QRS006,20150129,87.44,87.44,87.44,87.44,0
QRS006,20150130,87.37,87.37,87.37,87.37,0
QRS006,20150202,85.70,85.70,85.70,85.70,0
QRS006,20150203,86.38,86.38,86.38,86.38,0
QRS006,20150204,87.02,87.02,87.02,87.02,0
QRS006,20150205,86.94,86.94,86.94,86.94,0
QRS006,20150206,87.66,87.66,87.66,87.66,0
QRS006,20150209,86.70,86.70,86.70,86.70,0
QRS006,20150210,86.63,86.63,86.63,86.63,0
QRS006,20150211,86.06,86.06,86.06,86.06,0
QRS006,20150212,86.19,86.19,86.19,86.19,0
QRS006,20150213,87.12,87.12,87.12,87.12,0
QRS006,20150216,88.48,88.48,88.48,88.48,0
QRS006,20150217,88.33,88.33,88.33,88.33,0
QRS006,20150218,87.54,87.54,87.54,87.54,0
QRS006,20150219,87.25,87.25,87.25,87.25,0
QRS006,20150220,87.18,87.18,87.18,87.18,0
QRS006,20150223,88.02,88.02,88.02,88.02,0
QRS006,20150224,88.38,88.38,88.38,88.38,0
QRS006,20150225,87.29,87.29,87.29,87.29,0
QRS006,20150226,88.02,88.02,88.02,88.02,0
QRS006,20150227,88.38,88.38,88.38,88.38,0
QRS006,20150302,87.64,87.64,87.64,87.64,0
QRS006,20150303,84.95,84.95,84.95,84.95,0
QRS006,20150304,86.47,86.47,86.47,86.47,0
QRS006,20150305,87.95,87.95,87.95,87.95,0
QRS006,20150306,86.81,86.81,86.81,86.81,0
QRS006,20150309,86.04,86.04,86.04,86.04,0
QRS006,20150310,84.45,84.45,84.45,84.45,0
QRS006,20150311,85.27,85.27,85.27,85.27,0
QRS006,20150312,84.97,84.97,84.97,84.97,0
QRS006,20150313,83.39,83.39,83.39,83.39,0
QRS006,20150316,84.27,84.27,84.27,84.27,0
QRS006,20150317,86.04,86.04,86.04,86.04,0
QRS006,20150318,86.95,86.95,86.95,86.95,0
QRS006,20150319,89.29,89.29,89.29,89.29,0
QRS006,20150320,90.69,90.69,90.69,90.69,0
QRS006,20150323,91.55,91.55,91.55,91.55,0
QRS006,20150324,91.03,91.03,91.03,91.03,0
QRS006,20150325,90.59,90.59,90.59,90.59,0
QRS006,20150326,89.25,89.25,89.25,89.25,0
QRS006,20150327,89.09,89.09,89.09,89.09,0
QRS006,20150330,90.20,90.20,90.20,90.20,0
QRS006,20150331,90.20,90.20,90.20,90.20,0
QRS006,20150401,90.05,90.05,90.05,90.05,0
QRS006,20150402,90.34,90.34,90.34,90.34,0
QRS006,20150407,92.78,92.78,92.78,92.78,0
QRS006,20150408,92.25,92.25,92.25,92.25,0
QRS006,20150409,93.67,93.67,93.67,93.67,0
QRS006,20150410,93.36,93.36,93.36,93.36,0
QRS006,20150413,93.19,93.19,93.19,93.19,0
QRS006,20150414,93.03,93.03,93.03,93.03,0
QRS006,20150415,96.18,96.18,96.18,96.18,0
QRS006,20150416,97.98,97.98,97.98,97.98,0
QRS006,20150417,96.08,96.08,96.08,96.08,0
QRS006,20150420,98.70,98.70,98.70,98.70,0
QRS006,20150421,98.39,98.39,98.39,98.39,0
QRS006,20150422,99.91,99.91,99.91,99.91,0
QRS006,20150423,99.67,99.67,99.67,99.67,0
QRS006,20150424,99.28,99.28,99.28,99.28,0
QRS006,20150427,101.64,101.64,101.64,101.64,0
QRS006,20150428,101.96,101.96,101.96,101.96,0
QRS006,20150429,99.02,99.02,99.02,99.02,0
QRS006,20150430,99.70,99.70,99.70,99.70,0
QRS006,20150504,99.83,99.83,99.83,99.83,0
QRS006,20150505,98.14,98.14,98.14,98.14,0
QRS006,20150506,99.65,99.65,99.65,99.65,0
QRS006,20150507,99.71,99.71,99.71,99.71,0
QRS006,20150508,101.35,101.35,101.35,101.35,0
QRS006,20150511,100.79,100.79,100.79,100.79,0
QRS006,20150512,101.08,101.08,101.08,101.08,0
QRS006,20150513,100.38,100.38,100.38,100.38,0
QRS006,20150514,98.89,98.89,98.89,98.89,0
QRS006,20150515,99.29,99.29,99.29,99.29,0
QRS006,20150518,99.90,99.90,99.90,99.90,0
QRS006,20150519,99.66,99.66,99.66,99.66,0
QRS006,20150520,99.72,99.72,99.72,99.72,0
QRS006,20150521,99.94,99.94,99.94,99.94,0
QRS006,20150522,98.87,98.87,98.87,98.87,0
QRS006,20150525,95.64,95.64,95.64,95.64,0
QRS006,20150526,94.69,94.69,94.69,94.69,0
QRS006,20150527,95.16,95.16,95.16,95.16,0
QRS006,20150528,93.98,93.98,93.98,93.98,0
QRS006,20150529,93.91,93.91,93.91,93.91,0
QRS006,20150601,93.40,93.40,93.40,93.40,0
QRS006,20150602,92.09,92.09,92.09,92.09,0
QRS006,20150603,89.70,89.70,89.70,89.70,0
QRS006,20150605,87.94,87.94,87.94,87.94,0
QRS006,20150608,87.14,87.14,87.14,87.14,0
QRS006,20150609,85.97,85.97,85.97,85.97,0
QRS006,20150610,89.47,89.47,89.47,89.47,0
QRS006,20150611,88.76,88.76,88.76,88.76,0
QRS006,20150612,87.53,87.53,87.53,87.53,0
QRS006,20150615,87.44,87.44,87.44,87.44,0
QRS006,20150616,87.60,87.60,87.60,87.60,0
QRS006,20150617,84.39,84.39,84.39,84.39,0
QRS006,20150618,85.95,85.95,85.95,85.95,0
QRS006,20150619,84.28,84.28,84.28,84.28,0
QRS006,20150622,88.05,88.05,88.05,88.05,0
QRS006,20150623,87.52,87.52,87.52,87.52,0
QRS006,20150624,88.33,88.33,88.33,88.33,0
QRS006,20150625,89.26,89.26,89.26,89.26,0
QRS006,20150626,87.10,87.10,87.10,87.10,0
QRS006,20150629,83.77,83.77,83.77,83.77,0
QRS006,20150630,84.75,84.75,84.75,84.75,0
QRS006,20150701,83.96,83.96,83.96,83.96,0
QRS006,20150702,83.59,83.59,83.59,83.59,0
QRS006,20150703,82.77,82.77,82.77,82.77,0
QRS006,20150706,82.75,82.75,82.75,82.75,0
QRS006,20150707,78.30,78.30,78.30,78.30,0
QRS006,20150708,78.22,78.22,78.22,78.22,0
QRS006,20150709,78.66,78.66,78.66,78.66,0
QRS006,20150710,82.27,82.27,82.27,82.27,0
QRS006,20150713,81.51,81.51,81.51,81.51,0
QRS006,20150714,80.94,80.94,80.94,80.94,0
QRS006,20150715,80.92,80.92,80.92,80.92,0
QRS006,20150716,84.03,84.03,84.03,84.03,0
QRS006,20150717,82.90,82.90,82.90,82.90,0
QRS006,20150720,80.46,80.46,80.46,80.46,0
QRS006,20150721,80.31,80.31,80.31,80.31,0
QRS006,20150722,75.53,75.53,75.53,75.53,0
QRS006,20150723,77.03,77.03,77.03,77.03,0
QRS006,20150724,75.72,75.72,75.72,75.72,0
QRS006,20150727,76.18,76.18,76.18,76.18,0
QRS006,20150728,76.17,76.17,76.17,76.17,0
QRS006,20150729,77.24,77.24,77.24,77.24,0
QRS006,20150730,75.53,75.53,75.53,75.53,0
QRS006,20150731,78.16,78.16,78.16,78.16,0
QRS006,20150803,78.01,78.01,78.01,78.01,0
QRS006,20150804,78.15,78.15,78.15,78.15,0
QRS006,20150805,80.08,80.08,80.08,80.08,0
QRS006,20150806,75.77,75.77,75.77,75.77,0
QRS006,20150807,76.05,76.05,76.05,76.05,0
QRS006,20150810,77.47,77.47,77.47,77.47,0
QRS006,20150811,77.52,77.52,77.52,77.52,0
QRS006,20150812,76.05,76.05,76.05,76.05,0
QRS006,20150813,77.78,77.78,77.78,77.78,0
QRS006,20150814,76.17,76.17,76.17,76.17,0
QRS006,20150817,74.18,74.18,74.18,74.18,0
QRS006,20150818,73.56,73.56,73.56,73.56,0
QRS006,20150819,75.02,75.02,75.02,75.02,0
QRS006,20150820,75.96,75.96,75.96,75.96,0
QRS006,20150821,74.45,74.45,74.45,74.45,0
QRS006,20150824,65.42,65.42,65.42,65.42,0
QRS006,20150825,65.90,65.90,65.90,65.90,0
QRS006,20150826,66.75,66.75,66.75,66.75,0
QRS006,20150827,69.40,69.40,69.40,69.40,0
QRS006,20150828,71.39,71.39,71.39,71.39,0
QRS006,20150831,72.39,72.39,72.39,72.39,0
QRS006,20150901,69.11,69.11,69.11,69.11,0
QRS006,20150902,68.91,68.91,68.91,68.91,0
QRS006,20150903,71.96,71.96,71.96,71.96,0
QRS006,20150904,71.63,71.63,71.63,71.63,0
QRS006,20150907,70.62,70.62,70.62,70.62,0
QRS006,20150908,70.69,70.69,70.69,70.69,0
QRS006,20150909,71.34,71.34,71.34,71.34,0
QRS006,20150910,73.85,73.85,73.85,73.85,0
QRS006,20150911,74.30,74.30,74.30,74.30,0
QRS006,20150914,73.62,73.62,73.62,73.62,0
QRS006,20150915,74.09,74.09,74.09,74.09,0
QRS006,20150916,73.58,73.58,73.58,73.58,0
QRS006,20150917,75.68,75.68,75.68,75.68,0
QRS006,20150918,73.09,73.09,73.09,73.09,0
QRS006,20150921,73.94,73.94,73.94,73.94,0
QRS006,20150922,70.79,70.79,70.79,70.79,0
QRS006,20150923,69.99,69.99,69.99,69.99,0
QRS006,20150924,67.99,67.99,67.99,67.99,0
QRS006,20150925,68.58,68.58,68.58,68.58,0
QRS006,20150928,66.71,66.71,66.71,66.71,0
QRS006,20150929,66.33,66.33,66.33,66.33,0
QRS006,20150930,67.41,67.41,67.41,67.41,0
QRS006,20151001,66.32,66.32,66.32,66.32,0
QRS006,20151002,65.52,65.52,65.52,65.52,0
QRS006,20151005,69.04,69.04,69.04,69.04,0
QRS006,20151006,69.63,69.63,69.63,69.63,0
QRS006,20151007,70.49,70.49,70.49,70.49,0
QRS006,20151008,71.48,71.48,71.48,71.48,0
QRS006,20151009,72.60,72.60,72.60,72.60,0
QRS006,20151012,71.79,71.79,71.79,71.79,0
QRS006,20151013,71.19,71.19,71.19,71.19,0
QRS006,20151014,71.14,71.14,71.14,71.14,0
QRS006,20151015,72.63,72.63,72.63,72.63,0
QRS006,20151016,71.39,71.39,71.39,71.39,0
QRS006,20151019,70.13,70.13,70.13,70.13,0
QRS006,20151020,70.52,70.52,70.52,70.52,0
QRS006,20151021,69.87,69.87,69.87,69.87,0
QRS006,20151022,70.13,70.13,70.13,70.13,0
QRS006,20151023,69.84,69.84,69.84,69.84,0
QRS006,20151026,70.10,70.10,70.10,70.10,0
QRS006,20151027,70.11,70.11,70.11,70.11,0
QRS006,20151028,69.64,69.64,69.64,69.64,0
QRS006,20151029,66.54,66.54,66.54,66.54,0
QRS006,20151030,67.00,67.00,67.00,67.00,0
QRS006,20151102,68.32,68.32,68.32,68.32,0
QRS006,20151103,67.32,67.32,67.32,67.32,0
QRS006,20151104,66.92,66.92,66.92,66.92,0
QRS006,20151105,65.79,65.79,65.79,65.79,0
QRS006,20151106,64.12,64.12,64.12,64.12,0
QRS006,20151109,64.05,64.05,64.05,64.05,0
QRS006,20151110,64.52,64.52,64.52,64.52,0
QRS006,20151112,63.52,63.52,63.52,63.52,0
QRS006,20151113,61.33,61.33,61.33,61.33,0
QRS006,20151116,60.58,60.58,60.58,60.58,0
QRS006,20151117,63.19,63.19,63.19,63.19,0
QRS006,20151118,64.62,64.62,64.62,64.62,0
QRS006,20151119,63.45,63.45,63.45,63.45,0
QRS006,20151120,64.33,64.33,64.33,64.33,0
QRS006,20151123,61.43,61.43,61.43,61.43,0
QRS006,20151124,59.27,59.27,59.27,59.27,0
QRS006,20151125,58.80,58.80,58.80,58.80,0
QRS006,20151126,60.53,60.53,60.53,60.53,0
QRS006,20151127,58.56,58.56,58.56,58.56,0
QRS006,20151130,57.99,57.99,57.99,57.99,0
QRS006,20151201,57.64,57.64,57.64,57.64,0
QRS006,20151202,55.41,55.41,55.41,55.41,0
QRS006,20151203,54.37,54.37,54.37,54.37,0
QRS006,20151204,54.70,54.70,54.70,54.70,0
QRS006,20151207,54.45,54.45,54.45,54.45,0
QRS006,20151208,50.83,50.83,50.83,50.83,0
QRS006,20151209,48.71,48.71,48.71,48.71,0
QRS006,20151210,50.31,50.31,50.31,50.31,0
QRS006,20151211,47.65,47.65,47.65,47.65,0
QRS006,20151214,47.81,47.81,47.81,47.81,0
QRS006,20151215,48.47,48.47,48.47,48.47,0
QRS006,20151216,50.21,50.21,50.21,50.21,0
QRS006,20151217,52.08,52.08,52.08,52.08,0
QRS006,20151218,53.00,53.00,53.00,53.00,0
QRS006,20151221,53.70,53.70,53.70,53.70,0
QRS006,20151222,53.70,53.70,53.70,53.70,0
QRS006,20151223,54.25,54.25,54.25,54.25,0
QRS006,20151228,54.33,54.33,54.33,54.33,0
QRS006,20151229,55.52,55.52,55.52,55.52,0
QRS006,20151230,52.82,52.82,52.82,52.82,0
QRS006,20160104,49.83,49.83,49.83,49.83,0
QRS006,20160105,49.23,49.23,49.23,49.23,0
QRS006,20160107,47.30,47.30,47.30,47.30,0
QRS006,20160108,45.08,45.08,45.08,45.08,0
QRS006,20160111,44.60,44.60,44.60,44.60,0
QRS006,20160112,46.84,46.84,46.84,46.84,0
QRS006,20160113,47.84,47.84,47.84,47.84,0
QRS006,20160114,47.59,47.59,47.59,47.59,0
QRS006,20160115,46.22,46.22,46.22,46.22,0
QRS006,20160118,42.78,42.78,42.78,42.78,0
QRS006,20160119,43.67,43.67,43.67,43.67,0
QRS006,20160120,43.91,43.91,43.91,43.91,0
QRS006,20160121,43.11,43.11,43.11,43.11,0
QRS006,20160122,45.13,45.13,45.13,45.13,0
QRS006,20160125,45.40,45.40,45.40,45.40,0
QRS006,20160126,44.87,44.87,44.87,44.87,0
QRS006,20160127,45.28,45.28,45.28,45.28,0
QRS006,20160128,46.89,46.89,46.89,46.89,0
QRS006,20160129,47.91,47.91,47.91,47.91,0
QRS006,20160201,47.90,47.90,47.90,47.90,0
QRS006,20160202,45.64,45.64,45.64,45.64,0
QRS006,20160203,46.22,46.22,46.22,46.22,0
QRS006,20160204,48.38,48.38,48.38,48.38,0
QRS006,20160205,48.75,48.75,48.75,48.75,0
QRS006,20160208,47.33,47.33,47.33,47.33,0
QRS006,20160209,47.60,47.60,47.60,47.60,0
QRS006,20160210,47.24,47.24,47.24,47.24,0
QRS006,20160211,47.22,47.22,47.22,47.22,0
QRS006,20160212,47.48,47.48,47.48,47.48,0
QRS006,20160215,48.29,48.29,48.29,48.29,0
QRS006,20160216,48.23,48.23,48.23,48.23,0
QRS006,20160217,51.94,51.94,51.94,51.94,0
QRS006,20160218,51.89,51.89,51.89,51.89,0
QRS006,20160219,51.67,51.67,51.67,51.67,0
QRS006,20160222,52.52,52.52,52.52,52.52,0
QRS006,20160223,51.92,51.92,51.92,51.92,0
QRS006,20160224,50.41,50.41,50.41,50.41,0
QRS006,20160225,51.55,51.55,51.55,51.55,0
QRS006,20160226,51.49,51.49,51.49,51.49,0
QRS006,20160229,50.24,50.24,50.24,50.24,0
QRS006,20160301,50.23,50.23,50.23,50.23,0
QRS006,20160302,50.55,50.55,50.55,50.55,0
QRS006,20160303,53.45,53.45,53.45,53.45,0
QRS006,20160304,53.35,53.35,53.35,53.35,0
QRS006,20160307,54.00,54.00,54.00,54.00,0
QRS006,20160308,53.00,53.00,53.00,53.00,0
QRS006,20160309,53.50,53.50,53.50,53.50,0
QRS006,20160310,53.93,53.93,53.93,53.93,0
QRS006,20160311,55.42,55.42,55.42,55.42,0
QRS006,20160314,55.41,55.41,55.41,55.41,0
QRS006,20160315,55.03,55.03,55.03,55.03,0
QRS006,20160316,54.94,54.94,54.94,54.94,0
QRS006,20160317,56.87,56.87,56.87,56.87,0
QRS006,20160318,57.59,57.59,57.59,57.59,0
QRS006,20160321,57.36,57.36,57.36,57.36,0
QRS006,20160322,57.96,57.96,57.96,57.96,0
QRS006,20160323,56.11,56.11,56.11,56.11,0
QRS006,20160324,56.67,56.67,56.67,56.67,0
QRS006,20160329,57.10,57.10,57.10,57.10,0
QRS006,20160330,60.08,60.08,60.08,60.08,0
QRS006,20160331,59.92,59.92,59.92,59.92,0
QRS006,20160401,58.71,58.71,58.71,58.71,0
QRS006,20160404,59.38,59.38,59.38,59.38,0
QRS006,20160405,56.39,56.39,56.39,56.39,0
QRS006,20160406,56.15,56.15,56.15,56.15,0
QRS006,20160407,54.59,54.59,54.59,54.59,0
QRS006,20160408,55.62,55.62,55.62,55.62,0
QRS006,20160411,54.92,54.92,54.92,54.92,0
QRS006,20160412,54.86,54.86,54.86,54.86,0
QRS006,20160413,56.81,56.81,56.81,56.81,0
QRS006,20160414,57.20,57.20,57.20,57.20,0
QRS006,20160415,56.44,56.44,56.44,56.44,0
QRS006,20160418,57.08,57.08,57.08,57.08,0
QRS006,20160419,58.22,58.22,58.22,58.22,0
QRS006,20160420,58.15,58.15,58.15,58.15,0
QRS006,20160421,57.12,57.12,57.12,57.12,0
QRS006,20160422,56.65,56.65,56.65,56.65,0
QRS006,20160425,55.50,55.50,55.50,55.50,0
QRS006,20160426,55.14,55.14,55.14,55.14,0
QRS006,20160427,54.00,54.00,54.00,54.00,0
QRS006,20160428,54.52,54.52,54.52,54.52,0
QRS006,20160429,54.12,54.12,54.12,54.12,0
QRS006,20160502,55.03,55.03,55.03,55.03,0
QRS006,20160504,52.16,52.16,52.16,52.16,0
QRS006,20160505,50.71,50.71,50.71,50.71,0
QRS006,20160506,51.73,51.73,51.73,51.73,0
QRS006,20160509,51.56,51.56,51.56,51.56,0
QRS006,20160510,49.72,49.72,49.72,49.72,0
QRS006,20160511,50.52,50.52,50.52,50.52,0
QRS006,20160512,49.90,49.90,49.90,49.90,0
QRS006,20160513,50.11,50.11,50.11,50.11,0
QRS006,20160516,52.06,52.06,52.06,52.06,0
QRS006,20160517,51.83,51.83,51.83,51.83,0
QRS006,20160518,51.42,51.42,51.42,51.42,0
QRS006,20160519,48.74,48.74,48.74,48.74,0
QRS006,20160520,49.68,49.68,49.68,49.68,0
QRS006,20160523,50.11,50.11,50.11,50.11,0
QRS006,20160524,50.81,50.81,50.81,50.81,0
QRS006,20160525,51.77,51.77,51.77,51.77,0
QRS006,20160527,51.20,51.20,51.20,51.20,0
QRS006,20160530,51.64,51.64,51.64,51.64,0
QRS006,20160531,49.76,49.76,49.76,49.76,0
QRS006,20160601,46.19,46.19,46.19,46.19,0
QRS006,20160602,47.29,47.29,47.29,47.29,0
QRS006,20160603,48.45,48.45,48.45,48.45,0
QRS006,20160606,48.56,48.56,48.56,48.56,0
QRS006,20160607,49.99,49.99,49.99,49.99,0
QRS006,20160608,50.93,50.93,50.93,50.93,0
QRS006,20160609,49.70,49.70,49.70,49.70,0
QRS006,20160610,48.04,48.04,48.04,48.04,0
QRS006,20160613,47.75,47.75,47.75,47.75,0
QRS006,20160614,46.49,46.49,46.49,46.49,0
QRS006,20160615,47.25,47.25,47.25,47.25,0
QRS006,20160616,44.60,44.60,44.60,44.60,0
QRS006,20160617,45.87,45.87,45.87,45.87,0
QRS006,20160620,48.25,48.25,48.25,48.25,0
QRS006,20160621,48.94,48.94,48.94,48.94,0
QRS006,20160622,50.65,50.65,50.65,50.65,0
QRS006,20160623,52.62,52.62,52.62,52.62,0
QRS006,20160624,47.39,47.39,47.39,47.39,0
QRS006,20160627,45.43,45.43,45.43,45.43,0
QRS006,20160628,46.57,46.57,46.57,46.57,0
QRS006,20160629,46.73,46.73,46.73,46.73,0
QRS006,20160630,46.76,46.76,46.76,46.76,0
QRS006,20160701,45.91,45.91,45.91,45.91,0
QRS006,20160704,45.41,45.41,45.41,45.41,0
QRS006,20160705,44.80,44.80,44.80,44.80,0
QRS006,20160706,43.43,43.43,43.43,43.43,0
QRS006,20160707,44.79,44.79,44.79,44.79,0
QRS006,20160708,44.62,44.62,44.62,44.62,0
QRS006,20160711,46.24,46.24,46.24,46.24,0
QRS006,20160712,46.57,46.57,46.57,46.57,0
QRS006,20160713,45.91,45.91,45.91,45.91,0
QRS006,20160714,46.73,46.73,46.73,46.73,0
QRS006,20160715,47.65,47.65,47.65,47.65,0
QRS006,20160718,48.80,48.80,48.80,48.80,0
QRS006,20160719,49.24,49.24,49.24,49.24,0
QRS006,20160720,50.09,50.09,50.09,50.09,0
QRS006,20160721,49.87,49.87,49.87,49.87,0
QRS006,20160722,49.53,49.53,49.53,49.53,0
QRS006,20160725,50.24,50.24,50.24,50.24,0
QRS006,20160726,50.17,50.17,50.17,50.17,0
QRS006,20160727,49.63,49.63,49.63,49.63,0
QRS006,20160728,49.42,49.42,49.42,49.42,0
QRS006,20160729,47.44,47.44,47.44,47.44,0
QRS006,20160801,47.96,47.96,47.96,47.96,0
QRS006,20160802,50.16,50.16,50.16,50.16,0
QRS006,20160803,49.50,49.50,49.50,49.50,0
QRS006,20160804,50.63,50.63,50.63,50.63,0
QRS006,20160805,51.08,51.08,51.08,51.08,0
QRS006,20160808,51.77,51.77,51.77,51.77,0
QRS006,20160809,52.26,52.26,52.26,52.26,0
QRS006,20160810,52.47,52.47,52.47,52.47,0
QRS006,20160811,53.22,53.22,53.22,53.22,0
QRS006,20160812,52.90,52.90,52.90,52.90,0
QRS006,20160816,52.00,52.00,52.00,52.00,0
QRS006,20160817,50.88,50.88,50.88,50.88,0
QRS006,20160818,50.66,50.66,50.66,50.66,0
QRS006,20160819,49.91,49.91,49.91,49.91,0
QRS006,20160822,49.63,49.63,49.63,49.63,0
QRS006,20160823,48.82,48.82,48.82,48.82,0
QRS006,20160824,48.75,48.75,48.75,48.75,0
QRS006,20160825,48.64,48.64,48.64,48.64,0
QRS006,20160826,48.31,48.31,48.31,48.31,0
QRS006,20160829,48.03,48.03,48.03,48.03,0
QRS006,20160830,49.42,49.42,49.42,49.42,0
QRS006,20160831,49.26,49.26,49.26,49.26,0
QRS006,20160901,47.26,47.26,47.26,47.26,0
QRS006,20160902,47.53,47.53,47.53,47.53,0
QRS006,20160905,48.77,48.77,48.77,48.77,0
QRS006,20160906,48.67,48.67,48.67,48.67,0
QRS006,20160907,50.03,50.03,50.03,50.03,0
QRS006,20160908,49.25,49.25,49.25,49.25,0
QRS006,20160909,47.25,47.25,47.25,47.25,0
QRS006,20160912,45.73,45.73,45.73,45.73,0
QRS006,20160913,45.43,45.43,45.43,45.43,0
QRS006,20160914,46.14,46.14,46.14,46.14,0
QRS006,20160915,46.75,46.75,46.75,46.75,0
QRS006,20160916,46.50,46.50,46.50,46.50,0
QRS006,20160919,46.65,46.65,46.65,46.65,0
QRS006,20160920,46.58,46.58,46.58,46.58,0
QRS006,20160921,47.07,47.07,47.07,47.07,0
QRS006,20160922,47.70,47.70,47.70,47.70,0
QRS006,20160923,47.12,47.12,47.12,47.12,0
QRS006,20160926,46.14,46.14,46.14,46.14,0
QRS006,20160927,45.81,45.81,45.81,45.81,0
QRS006,20160928,45.64,45.64,45.64,45.64,0
QRS006,20160929,46.51,46.51,46.51,46.51,0
QRS006,20160930,45.64,45.64,45.64,45.64,0
QRS006,20161003,46.23,46.23,46.23,46.23,0
QRS006,20161004,47.68,47.68,47.68,47.68,0
QRS006,20161005,48.00,48.00,48.00,48.00,0
QRS006,20161006,47.95,47.95,47.95,47.95,0
QRS006,20161007,47.57,47.57,47.57,47.57,0
QRS006,20161010,48.21,48.21,48.21,48.21,0
QRS006,20161011,47.51,47.51,47.51,47.51,0
QRS006,20161012,47.67,47.67,47.67,47.67,0
QRS006,20161013,46.04,46.04,46.04,46.04,0
QRS006,20161014,45.66,45.66,45.66,45.66,0
QRS006,20161017,45.06,45.06,45.06,45.06,0
QRS006,20161018,45.77,45.77,45.77,45.77,0
QRS006,20161019,47.05,47.05,47.05,47.05,0
QRS006,20161020,47.20,47.20,47.20,47.20,0
QRS006,20161021,47.31,47.31,47.31,47.31,0
QRS006,20161024,49.10,49.10,49.10,49.10,0
QRS006,20161025,49.30,49.30,49.30,49.30,0
QRS006,20161026,48.92,48.92,48.92,48.92,0
QRS006,20161027,49.35,49.35,49.35,49.35,0
QRS006,20161028,50.70,50.70,50.70,50.70,0
QRS006,20161031,50.37,50.37,50.37,50.37,0
QRS006,20161102,47.66,47.66,47.66,47.66,0
QRS006,20161103,47.76,47.76,47.76,47.76,0
QRS006,20161104,47.59,47.59,47.59,47.59,0
QRS006,20161107,48.02,48.02,48.02,48.02,0
QRS006,20161108,48.82,48.82,48.82,48.82,0
QRS006,20161109,49.20,49.20,49.20,49.20,0
QRS006,20161110,49.84,49.84,49.84,49.84,0
QRS006,20161114,47.56,47.56,47.56,47.56,0
QRS006,20161115,47.51,47.51,47.51,47.51,0
QRS006,20161116,47.57,47.57,47.57,47.57,0
QRS006,20161117,46.49,46.49,46.49,46.49,0
QRS006,20161118,45.72,45.72,45.72,45.72,0
QRS006,20161121,47.36,47.36,47.36,47.36,0
QRS006,20161122,48.30,48.30,48.30,48.30,0
QRS006,20161123,49.42,49.42,49.42,49.42,0
QRS006,20161124,50.17,50.17,50.17,50.17,0
QRS006,20161125,49.42,49.42,49.42,49.42,0
QRS006,20161128,48.44,48.44,48.44,48.44,0
QRS006,20161129,48.54,48.54,48.54,48.54,0
QRS006,20161130,49.40,49.40,49.40,49.40,0
QRS006,20161201,48.81,48.81,48.81,48.81,0
QRS006,20161202,48.70,48.70,48.70,48.70,0
QRS006,20161205,52.13,52.13,52.13,52.13,0
QRS006,20161206,53.99,53.99,53.99,53.99,0
QRS006,20161207,53.97,53.97,53.97,53.97,0
QRS006,20161208,55.12,55.12,55.12,55.12,0
QRS006,20161209,54.78,54.78,54.78,54.78,0
QRS006,20161212,53.69,53.69,53.69,53.69,0
QRS006,20161213,55.62,55.62,55.62,55.62,0
QRS006,20161214,56.49,56.49,56.49,56.49,0
QRS006,20161215,55.40,55.40,55.40,55.40,0
QRS006,20161216,55.29,55.29,55.29,55.29,0
QRS006,20161219,56.20,56.20,56.20,56.20,0
QRS006,20161220,57.04,57.04,57.04,57.04,0
QRS006,20161221,56.04,56.04,56.04,56.04,0
QRS006,20161222,57.16,57.16,57.16,57.16,0
QRS006,20161223,56.58,56.58,56.58,56.58,0
QRS006,20161227,56.62,56.62,56.62,56.62,0
QRS006,20161228,56.50,56.50,56.50,56.50,0
QRS006,20161229,56.96,56.96,56.96,56.96,0
QRS006,20161230,57.02,57.02,57.02,57.02,0
QRS006,20170102,57.53,57.53,57.53,57.53,0
QRS006,20170103,59.50,59.50,59.50,59.50,0
QRS006,20170104,60.00,60.00,60.00,60.00,0
QRS006,20170105,59.78,59.78,59.78,59.78,0
QRS006,20170109,60.85,60.85,60.85,60.85,0
QRS006,20170110,61.71,61.71,61.71,61.71,0
QRS006,20170111,62.03,62.03,62.03,62.03,0
QRS006,20170112,61.21,61.21,61.21,61.21,0
QRS006,20170113,61.30,61.30,61.30,61.30,0
QRS006,20170116,61.97,61.97,61.97,61.97,0
QRS006,20170117,61.34,61.34,61.34,61.34,0
QRS006,20170118,60.70,60.70,60.70,60.70,0
QRS006,20170119,61.10,61.10,61.10,61.10,0
QRS006,20170120,60.88,60.88,60.88,60.88,0
QRS006,20170123,59.77,59.77,59.77,59.77,0
QRS006,20170124,61.03,61.03,61.03,61.03,0
QRS006,20170125,64.49,64.49,64.49,64.49,0
QRS006,20170126,64.67,64.67,64.67,64.67,0
QRS006,20170127,65.00,65.00,65.00,65.00,0
QRS006,20170130,63.16,63.16,63.16,63.16,0
QRS006,20170131,63.43,63.43,63.43,63.43,0
QRS006,20170201,65.22,65.22,65.22,65.22,0
QRS006,20170202,64.15,64.15,64.15,64.15,0
QRS006,20170203,64.57,64.57,64.57,64.57,0
QRS006,20170206,65.56,65.56,65.56,65.56,0
QRS006,20170207,65.03,65.03,65.03,65.03,0
QRS006,20170208,65.08,65.08,65.08,65.08,0
QRS006,20170209,68.17,68.17,68.17,68.17,0
QRS006,20170210,69.31,69.31,69.31,69.31,0
QRS006,20170213,70.65,70.65,70.65,70.65,0
QRS006,20170214,70.57,70.57,70.57,70.57,0
QRS006,20170215,70.51,70.51,70.51,70.51,0
QRS006,20170216,72.23,72.23,72.23,72.23,0
QRS006,20170217,70.83,70.83,70.83,70.83,0
QRS006,20170220,71.22,71.22,71.22,71.22,0
QRS006,20170221,74.76,74.76,74.76,74.76,0
QRS006,20170222,74.82,74.82,74.82,74.82,0
QRS006,20170223,74.94,74.94,74.94,74.94,0
QRS006,20170224,72.58,72.58,72.58,72.58,0
QRS006,20170227,72.46,72.46,72.46,72.46,0
QRS006,20170228,71.63,71.63,71.63,71.63,0
QRS006,20170301,75.17,75.17,75.17,75.17,0
QRS006,20170302,74.73,74.73,74.73,74.73,0
QRS006,20170303,73.95,73.95,73.95,73.95,0
QRS006,20170306,72.16,72.16,72.16,72.16,0
QRS006,20170307,71.97,71.97,71.97,71.97,0
QRS006,20170308,71.97,71.97,71.97,71.97,0
QRS006,20170309,70.44,70.44,70.44,70.44,0
QRS006,20170310,71.27,71.27,71.27,71.27,0
QRS006,20170313,73.67,73.67,73.67,73.67,0
QRS006,20170314,73.88,73.88,73.88,73.88,0
QRS006,20170315,74.09,74.09,74.09,74.09,0
QRS006,20170316,76.94,76.94,76.94,76.94,0
QRS006,20170317,77.25,77.25,77.25,77.25,0
QRS006,20170320,76.39,76.39,76.39,76.39,0
QRS006,20170321,74.34,74.34,74.34,74.34,0
QRS006,20170322,72.66,72.66,72.66,72.66,0
QRS006,20170323,73.38,73.38,73.38,73.38,0
QRS006,20170324,73.36,73.36,73.36,73.36,0
QRS006,20170327,71.36,71.36,71.36,71.36,0
QRS006,20170328,72.84,72.84,72.84,72.84,0
QRS006,20170329,72.00,72.00,72.00,72.00,0
QRS006,20170330,71.80,71.80,71.80,71.80,0
QRS006,20170331,70.58,70.58,70.58,70.58,0
QRS006,20170403,72.35,72.35,72.35,72.35,0
QRS006,20170404,74.15,74.15,74.15,74.15,0
QRS006,20170405,74.93,74.93,74.93,74.93,0
QRS006,20170406,74.66,74.66,74.66,74.66,0
QRS006,20170407,74.14,74.14,74.14,74.14,0
QRS006,20170410,74.14,74.14,74.14,74.14,0
QRS006,20170411,71.88,71.88,71.88,71.88,0
QRS006,20170412,72.08,72.08,72.08,72.08,0
QRS006,20170413,73.55,73.55,73.55,73.55,0
QRS006,20170418,73.63,73.63,73.63,73.63,0
QRS006,20170419,76.64,76.64,76.64,76.64,0
QRS006,20170420,77.10,77.10,77.10,77.10,0
QRS006,20170421,75.87,75.87,75.87,75.87,0
QRS006,20170424,77.81,77.81,77.81,77.81,0
QRS006,20170425,81.14,81.14,81.14,81.14,0
QRS006,20170426,83.97,83.97,83.97,83.97,0
QRS006,20170427,83.63,83.63,83.63,83.63,0
QRS006,20170428,83.15,83.15,83.15,83.15,0
QRS006,20170502,84.87,84.87,84.87,84.87,0
QRS006,20170504,82.85,82.85,82.85,82.85,0
QRS006,20170505,84.19,84.19,84.19,84.19,0
QRS006,20170508,83.37,83.37,83.37,83.37,0
QRS006,20170509,85.83,85.83,85.83,85.83,0
QRS006,20170510,83.61,83.61,83.61,83.61,0
QRS006,20170511,82.52,82.52,82.52,82.52,0
QRS006,20170512,82.45,82.45,82.45,82.45,0
QRS006,20170515,83.46,83.46,83.46,83.46,0
QRS006,20170516,80.76,80.76,80.76,80.76,0
QRS006,20170517,78.47,78.47,78.47,78.47,0
QRS006,20170518,78.08,78.08,78.08,78.08,0
QRS006,20170519,79.68,79.68,79.68,79.68,0
QRS006,20170522,80.55,80.55,80.55,80.55,0
QRS006,20170523,78.19,78.19,78.19,78.19,0
QRS006,20170524,79.87,79.87,79.87,79.87,0
QRS006,20170525,81.81,81.81,81.81,81.81,0
QRS006,20170526,79.92,79.92,79.92,79.92,0
QRS006,20170529,79.50,79.50,79.50,79.50,0
QRS006,20170530,77.60,77.60,77.60,77.60,0
QRS006,20170531,76.93,76.93,76.93,76.93,0
QRS006,20170601,76.93,76.93,76.93,76.93,0
QRS006,20170602,77.87,77.87,77.87,77.87,0
QRS006,20170605,75.91,75.91,75.91,75.91,0
QRS006,20170606,78.27,78.27,78.27,78.27,0
QRS006,20170607,78.32,78.32,78.32,78.32,0
QRS006,20170608,80.95,80.95,80.95,80.95,0
QRS006,20170609,80.39,80.39,80.39,80.39,0
QRS006,20170612,77.33,77.33,77.33,77.33,0
QRS006,20170613,78.46,78.46,78.46,78.46,0
QRS006,20170614,77.67,77.67,77.67,77.67,0
QRS006,20170616,78.53,78.53,78.53,78.53,0
QRS006,20170619,80.38,80.38,80.38,80.38,0
QRS006,20170620,79.03,79.03,79.03,79.03,0
QRS006,20170621,80.12,80.12,80.12,80.12,0
QRS006,20170622,79.35,79.35,79.35,79.35,0
QRS006,20170623,79.84,79.84,79.84,79.84,0
QRS006,20170626,81.97,81.97,81.97,81.97,0
QRS006,20170627,82.43,82.43,82.43,82.43,0
QRS006,20170628,81.16,81.16,81.16,81.16,0
QRS006,20170629,80.69,80.69,80.69,80.69,0
QRS006,20170630,78.40,78.40,78.40,78.40,0
QRS006,20170703,79.79,79.79,79.79,79.79,0
QRS006,20170704,78.61,78.61,78.61,78.61,0
QRS006,20170705,78.87,78.87,78.87,78.87,0
QRS006,20170706,78.39,78.39,78.39,78.39,0
QRS006,20170707,78.64,78.64,78.64,78.64,0
QRS006,20170710,78.65,78.65,78.65,78.65,0
QRS006,20170711,78.51,78.51,78.51,78.51,0
QRS006,20170712,81.42,81.42,81.42,81.42,0
QRS006,20170713,82.63,82.63,82.63,82.63,0
QRS006,20170714,82.63,82.63,82.63,82.63,0
QRS006,20170717,84.11,84.11,84.11,84.11,0
QRS006,20170718,83.56,83.56,83.56,83.56,0
QRS006,20170719,84.84,84.84,84.84,84.84,0
QRS006,20170720,83.35,83.35,83.35,83.35,0
QRS006,20170721,82.46,82.46,82.46,82.46,0
QRS006,20170724,81.71,81.71,81.71,81.71,0
QRS006,20170726,83.17,83.17,83.17,83.17,0
QRS006,20170727,82.93,82.93,82.93,82.93,0
QRS006,20170728,83.59,83.59,83.59,83.59,0
QRS006,20170731,84.32,84.32,84.32,84.32,0
QRS006,20170801,85.41,85.41,85.41,85.41,0
QRS006,20170802,83.77,83.77,83.77,83.77,0
QRS006,20170803,83.90,83.90,83.90,83.90,0
QRS006,20170804,84.84,84.84,84.84,84.84,0
QRS006,20170807,85.26,85.26,85.26,85.26,0
QRS006,20170808,87.85,87.85,87.85,87.85,0
QRS006,20170809,86.47,86.47,86.47,86.47,0
QRS006,20170810,84.47,84.47,84.47,84.47,0
QRS006,20170811,84.39,84.39,84.39,84.39,0
QRS006,20170814,84.18,84.18,84.18,84.18,0
QRS006,20170816,84.78,84.78,84.78,84.78,0
QRS006,20170817,82.46,82.46,82.46,82.46,0
QRS006,20170818,82.85,82.85,82.85,82.85,0
QRS006,20170821,84.32,84.32,84.32,84.32,0
QRS006,20170822,85.19,85.19,85.19,85.19,0
QRS006,20170823,85.39,85.39,85.39,85.39,0
QRS006,20170824,90.12,90.12,90.12,90.12,0
QRS006,20170825,91.23,91.23,91.23,91.23,0
QRS006,20170828,95.30,95.30,95.30,95.30,0
QRS006,20170829,92.80,92.80,92.80,92.80,0
QRS006,20170830,94.43,94.43,94.43,94.43,0
QRS006,20170831,92.91,92.91,92.91,92.91,0
QRS006,20170901,94.64,94.64,94.64,94.64,0
QRS006,20170904,94.19,94.19,94.19,94.19,0
QRS006,20170905,93.84,93.84,93.84,93.84,0
QRS006,20170906,93.33,93.33,93.33,93.33,0
QRS006,20170907,92.46,92.46,92.46,92.46,0
QRS006,20170908,91.58,91.58,91.58,91.58,0
QRS006,20170911,94.12,94.12,94.12,94.12,0
QRS006,20170912,92.59,92.59,92.59,92.59,0
QRS006,20170913,93.30,93.30,93.30,93.30,0
QRS006,20170914,93.44,93.44,93.44,93.44,0
QRS006,20170915,92.71,92.71,92.71,92.71,0
QRS006,20170918,92.85,92.85,92.85,92.85,0
QRS006,20170919,92.91,92.91,92.91,92.91,0
QRS006,20170920,92.42,92.42,92.42,92.42,0
QRS006,20170921,90.60,90.60,90.60,90.60,0
