Name,Date,Open,High,Low,Close,Volume
QRS010,20120507,100.00,100.00,100.00,100.00,0
QRS010,20120508,100.04,100.04,100.04,100.04,0
QRS010,20120509,98.08,98.08,98.08,98.08,0
QRS010,20120510,98.71,98.71,98.71,98.71,0
QRS010,20120511,96.89,96.89,96.89,96.89,0
QRS010,20120514,94.04,94.04,94.04,94.04,0
QRS010,20120515,92.57,92.57,92.57,92.57,0
QRS010,20120516,92.00,92.00,92.00,92.00,0
QRS010,20120517,96.87,96.87,96.87,96.87,0
QRS010,20120518,99.45,99.45,99.45,99.45,0
QRS010,20120521,99.37,99.37,99.37,99.37,0
QRS010,20120522,95.73,95.73,95.73,95.73,0
QRS010,20120523,95.17,95.17,95.17,95.17,0
QRS010,20120524,95.14,95.14,95.14,95.14,0
QRS010,20120525,97.10,97.10,97.10,97.10,0
QRS010,20120528,97.05,97.05,97.05,97.05,0
QRS010,20120529,94.08,94.08,94.08,94.08,0
QRS010,20120530,95.39,95.39,95.39,95.39,0
QRS010,20120531,94.87,94.87,94.87,94.87,0
QRS010,20120601,104.16,104.16,104.16,104.16,0
QRS010,20120604,103.17,103.17,103.17,103.17,0
QRS010,20120605,103.10,103.10,103.10,103.10,0
QRS010,20120606,102.80,102.80,102.80,102.80,0
QRS010,20120608,99.08,99.08,99.08,99.08,0
QRS010,20120611,99.14,99.14,99.14,99.14,0
QRS010,20120612,101.24,101.24,101.24,101.24,0
QRS010,20120613,102.20,102.20,102.20,102.20,0
QRS010,20120614,102.99,102.99,102.99,102.99,0
QRS010,20120615,103.19,103.19,103.19,103.19,0
QRS010,20120618,102.96,102.96,102.96,102.96,0
QRS010,20120619,101.89,101.89,101.89,101.89,0
QRS010,20120620,100.03,100.03,100.03,100.03,0
QRS010,20120621,94.72,94.72,94.72,94.72,0
QRS010,20120622,95.87,95.87,95.87,95.87,0
QRS010,20120625,97.59,97.59,97.59,97.59,0
QRS010,20120626,95.66,95.66,95.66,95.66,0
QRS010,20120627,96.02,96.02,96.02,96.02,0
QRS010,20120628,93.21,93.21,93.21,93.21,0
QRS010,20120629,99.08,99.08,99.08,99.08,0
QRS010,20120702,98.69,98.69,98.69,98.69,0
QRS010,20120703,101.21,101.21,101.21,101.21,0
QRS010,20120704,101.20,101.20,101.20,101.20,0
QRS010,20120705,99.76,99.76,99.76,99.76,0
QRS010,20120706,97.35,97.35,97.35,97.35,0
QRS010,20120709,98.05,98.05,98.05,98.05,0
QRS010,20120710,94.99,94.99,94.99,94.99,0
QRS010,20120711,96.05,96.05,96.05,96.05,0
QRS010,20120712,95.79,95.79,95.79,95.79,0
QRS010,20120713,98.29,98.29,98.29,98.29,0
QRS010,20120716,98.20,98.20,98.20,98.20,0
QRS010,20120717,96.76,96.76,96.76,96.76,0
QRS010,20120718,95.75,95.75,95.75,95.75,0
QRS010,20120719,96.63,96.63,96.63,96.63,0
QRS010,20120720,97.24,97.24,97.24,97.24,0
QRS010,20120723,96.50,96.50,96.50,96.50,0
QRS010,20120724,97.01,97.01,97.01,97.01,0
QRS010,20120725,100.27,100.27,100.27,100.27,0
QRS010,20120726,101.67,101.67,101.67,101.67,0
QRS010,20120727,101.97,101.97,101.97,101.97,0
QRS010,20120730,101.62,101.62,101.62,101.62,0
QRS010,20120731,100.36,100.36,100.36,100.36,0
QRS010,20120801,98.44,98.44,98.44,98.44,0
QRS010,20120802,97.18,97.18,97.18,97.18,0
QRS010,20120803,98.91,98.91,98.91,98.91,0
QRS010,20120806,99.37,99.37,99.37,99.37,0
QRS010,20120807,99.49,99.49,99.49,99.49,0
QRS010,20120808,99.94,99.94,99.94,99.94,0
QRS010,20120809,100.20,100.20,100.20,100.20,0
QRS010,20120810,100.80,100.80,100.80,100.80,0
QRS010,20120813,99.34,99.34,99.34,99.34,0
QRS010,20120814,98.20,98.20,98.20,98.20,0
QRS010,20120816,100.03,100.03,100.03,100.03,0
QRS010,20120817,99.92,99.92,99.92,99.92,0
QRS010,20120820,100.69,100.69,100.69,100.69,0
QRS010,20120821,102.56,102.56,102.56,102.56,0
QRS010,20120822,106.36,106.36,106.36,106.36,0
QRS010,20120823,109.07,109.07,109.07,109.07,0
QRS010,20120824,109.14,109.14,109.14,109.14,0
QRS010,20120827,108.17,108.17,108.17,108.17,0
QRS010,20120828,108.86,108.86,108.86,108.86,0
QRS010,20120829,108.03,108.03,108.03,108.03,0
QRS010,20120830,108.01,108.01,108.01,108.01,0
QRS010,20120831,112.59,112.59,112.59,112.59,0
QRS010,20120903,112.58,112.58,112.58,112.58,0
QRS010,20120904,112.85,112.85,112.85,112.85,0
QRS010,20120905,112.71,112.71,112.71,112.71,0
QRS010,20120906,113.66,113.66,113.66,113.66,0
QRS010,20120907,118.10,118.10,118.10,118.10,0
QRS010,20120910,116.27,116.27,116.27,116.27,0
QRS010,20120911,116.86,116.86,116.86,116.86,0
QRS010,20120912,116.20,116.20,116.20,116.20,0
QRS010,20120913,120.85,120.85,120.85,120.85,0
QRS010,20120914,121.04,121.04,121.04,121.04,0
QRS010,20120917,119.75,119.75,119.75,119.75,0
QRS010,20120918,121.66,121.66,121.66,121.66,0
QRS010,20120919,121.47,121.47,121.47,121.47,0
QRS010,20120920,121.37,121.37,121.37,121.37,0
QRS010,20120921,122.51,122.51,122.51,122.51,0
QRS010,20120924,121.59,121.59,121.59,121.59,0
QRS010,20120925,120.95,120.95,120.95,120.95,0
QRS010,20120926,119.42,119.42,119.42,119.42,0
QRS010,20120927,123.09,123.09,123.09,123.09,0
QRS010,20120928,122.08,122.08,122.08,122.08,0
QRS010,20121001,122.39,122.39,122.39,122.39,0
QRS010,20121002,122.39,122.39,122.39,122.39,0
QRS010,20121003,122.70,122.70,122.70,122.70,0
QRS010,20121004,124.24,124.24,124.24,124.24,0
QRS010,20121005,122.68,122.68,122.68,122.68,0
QRS010,20121008,121.90,121.90,121.90,121.90,0
QRS010,20121009,120.42,120.42,120.42,120.42,0
QRS010,20121010,120.29,120.29,120.29,120.29,0
QRS010,20121011,121.08,121.08,121.08,121.08,0
QRS010,20121012,119.05,119.05,119.05,119.05,0
QRS010,20121015,116.83,116.83,116.83,116.83,0
QRS010,20121016,118.11,118.11,118.11,118.11,0
QRS010,20121017,118.32,118.32,118.32,118.32,0
QRS010,20121018,117.06,117.06,117.06,117.06,0
QRS010,20121019,114.54,114.54,114.54,114.54,0
QRS010,20121022,115.30,115.30,115.30,115.30,0
QRS010,20121023,112.51,112.51,112.51,112.51,0
QRS010,20121024,111.97,111.97,111.97,111.97,0
QRS010,20121025,112.86,112.86,112.86,112.86,0
QRS010,20121026,112.82,112.82,112.82,112.82,0
QRS010,20121029,112.64,112.64,112.64,112.64,0
QRS010,20121030,112.42,112.42,112.42,112.42,0
QRS010,20121031,113.80,113.80,113.80,113.80,0
QRS010,20121102,108.09,108.09,108.09,108.09,0
QRS010,20121105,109.14,109.14,109.14,109.14,0
QRS010,20121106,113.12,113.12,113.12,113.12,0
QRS010,20121107,113.22,113.22,113.22,113.22,0
QRS010,20121108,115.30,115.30,115.30,115.30,0
QRS010,20121109,115.26,115.26,115.26,115.26,0
QRS010,20121112,114.92,114.92,114.92,114.92,0
QRS010,20121113,114.58,114.58,114.58,114.58,0
QRS010,20121114,114.59,114.59,114.59,114.59,0
QRS010,20121115,113.28,113.28,113.28,113.28,0
QRS010,20121116,113.02,113.02,113.02,113.02,0
QRS010,20121119,115.32,115.32,115.32,115.32,0
QRS010,20121120,114.75,114.75,114.75,114.75,0
QRS010,20121121,114.78,114.78,114.78,114.78,0
QRS010,20121122,114.84,114.84,114.84,114.84,0
QRS010,20121123,117.83,117.83,117.83,117.83,0
QRS010,20121126,117.24,117.24,117.24,117.24,0
QRS010,20121127,116.15,116.15,116.15,116.15,0
QRS010,20121128,113.07,113.07,113.07,113.07,0
QRS010,20121129,113.72,113.72,113.72,113.72,0
QRS010,20121130,112.34,112.34,112.34,112.34,0
QRS010,20121203,112.35,112.35,112.35,112.35,0
QRS010,20121204,110.04,110.04,110.04,110.04,0
QRS010,20121205,109.53,109.53,109.53,109.53,0
QRS010,20121206,110.10,110.10,110.10,110.10,0
QRS010,20121207,111.00,111.00,111.00,111.00,0
QRS010,20121210,112.22,112.22,112.22,112.22,0
QRS010,20121211,111.65,111.65,111.65,111.65,0
QRS010,20121212,111.79,111.79,111.79,111.79,0
QRS010,20121213,109.79,109.79,109.79,109.79,0
QRS010,20121214,109.71,109.71,109.71,109.71,0
QRS010,20121217,109.90,109.90,109.90,109.90,0
QRS010,20121218,106.41,106.41,106.41,106.41,0
QRS010,20121219,105.60,105.60,105.60,105.60,0
QRS010,20121220,103.16,103.16,103.16,103.16,0
QRS010,20121221,104.27,104.27,104.27,104.27,0
QRS010,20121227,105.13,105.13,105.13,105.13,0
QRS010,20121228,103.95,103.95,103.95,103.95,0
QRS010,20130102,107.80,107.80,107.80,107.80,0
QRS010,20130103,105.11,105.11,105.11,105.11,0
QRS010,20130104,104.66,104.66,104.66,104.66,0
QRS010,20130107,103.24,103.24,103.24,103.24,0
QRS010,20130108,104.68,104.68,104.68,104.68,0
QRS010,20130109,104.48,104.48,104.48,104.48,0
QRS010,20130110,106.61,106.61,106.61,106.61,0
QRS010,20130111,104.88,104.88,104.88,104.88,0
QRS010,20130114,105.55,105.55,105.55,105.55,0
QRS010,20130115,107.01,107.01,107.01,107.01,0
QRS010,20130116,107.17,107.17,107.17,107.17,0
QRS010,20130117,108.08,108.08,108.08,108.08,0
QRS010,20130118,107.65,107.65,107.65,107.65,0
QRS010,20130121,108.59,108.59,108.59,108.59,0
QRS010,20130122,108.91,108.91,108.91,108.91,0
QRS010,20130123,108.00,108.00,108.00,108.00,0
QRS010,20130124,105.73,105.73,105.73,105.73,0
QRS010,20130125,104.46,104.46,104.46,104.46,0
QRS010,20130128,103.96,103.96,103.96,103.96,0
QRS010,20130129,104.85,104.85,104.85,104.85,0
QRS010,20130130,106.08,106.08,106.08,106.08,0
QRS010,20130131,104.56,104.56,104.56,104.56,0
QRS010,20130201,104.98,104.98,104.98,104.98,0
QRS010,20130204,105.85,105.85,105.85,105.85,0
QRS010,20130205,105.81,105.81,105.81,105.81,0
QRS010,20130206,106.43,106.43,106.43,106.43,0
QRS010,20130207,105.59,105.59,105.59,105.59,0
QRS010,20130208,105.20,105.20,105.20,105.20,0
QRS010,20130211,102.71,102.71,102.71,102.71,0
QRS010,20130212,103.10,103.10,103.10,103.10,0
QRS010,20130213,101.91,101.91,101.91,101.91,0
QRS010,20130214,100.92,100.92,100.92,100.92,0
QRS010,20130215,97.81,97.81,97.81,97.81,0
QRS010,20130218,97.75,97.75,97.75,97.75,0
QRS010,20130219,97.07,97.07,97.07,97.07,0
QRS010,20130220,92.13,92.13,92.13,92.13,0
QRS010,20130221,93.73,93.73,93.73,93.73,0
QRS010,20130222,94.32,94.32,94.32,94.32,0
QRS010,20130225,95.74,95.74,95.74,95.74,0
QRS010,20130226,98.45,98.45,98.45,98.45,0
QRS010,20130227,96.32,96.32,96.32,96.32,0
QRS010,20130228,94.05,94.05,94.05,94.05,0
QRS010,20130301,93.61,93.61,93.61,93.61,0
QRS010,20130304,93.39,93.39,93.39,93.39,0
QRS010,20130305,93.55,93.55,93.55,93.55,0
QRS010,20130306,94.63,94.63,94.63,94.63,0
QRS010,20130307,93.97,93.97,93.97,93.97,0
QRS010,20130308,93.97,93.97,93.97,93.97,0
QRS010,20130311,94.24,94.24,94.24,94.24,0
QRS010,20130312,95.67,95.67,95.67,95.67,0
QRS010,20130313,95.06,95.06,95.06,95.06,0
QRS010,20130314,95.34,95.34,95.34,95.34,0
QRS010,20130315,95.51,95.51,95.51,95.51,0
QRS010,20130318,97.34,97.34,97.34,97.34,0
QRS010,20130319,98.14,98.14,98.14,98.14,0
QRS010,20130320,97.44,97.44,97.44,97.44,0
QRS010,20130321,98.60,98.60,98.60,98.60,0
QRS010,20130322,97.66,97.66,97.66,97.66,0
QRS010,20130325,97.11,97.11,97.11,97.11,0
QRS010,20130326,96.69,96.69,96.69,96.69,0
QRS010,20130327,97.23,97.23,97.23,97.23,0
QRS010,20130328,96.23,96.23,96.23,96.23,0
QRS010,20130402,93.67,93.67,93.67,93.67,0
QRS010,20130403,91.52,91.52,91.52,91.52,0
QRS010,20130404,91.05,91.05,91.05,91.05,0
QRS010,20130405,94.00,94.00,94.00,94.00,0
QRS010,20130408,92.95,92.95,92.95,92.95,0
QRS010,20130409,94.35,94.35,94.35,94.35,0
QRS010,20130410,91.16,91.16,91.16,91.16,0
QRS010,20130411,91.36,91.36,91.36,91.36,0
QRS010,20130412,82.09,82.09,82.09,82.09,0
QRS010,20130415,66.25,66.25,66.25,66.25,0
QRS010,20130417,69.60,69.60,69.60,69.60,0
QRS010,20130418,71.08,71.08,71.08,71.08,0
QRS010,20130419,72.55,72.55,72.55,72.55,0
QRS010,20130422,75.00,75.00,75.00,75.00,0
QRS010,20130423,73.92,73.92,73.92,73.92,0
QRS010,20130424,75.59,75.59,75.59,75.59,0
QRS010,20130425,79.23,79.23,79.23,79.23,0
QRS010,20130426,78.55,78.55,78.55,78.55,0
QRS010,20130429,80.09,80.09,80.09,80.09,0
QRS010,20130430,80.32,80.32,80.32,80.32,0
QRS010,20130502,79.22,79.22,79.22,79.22,0
QRS010,20130506,79.47,79.47,79.47,79.47,0
QRS010,20130507,77.35,77.35,77.35,77.35,0
QRS010,20130508,79.71,79.71,79.71,79.71,0
QRS010,20130509,77.76,77.76,77.76,77.76,0
QRS010,20130510,77.01,77.01,77.01,77.01,0
QRS010,20130513,75.17,75.17,75.17,75.17,0
QRS010,20130514,74.67,74.67,74.67,74.67,0
QRS010,20130515,71.37,71.37,71.37,71.37,0
QRS010,20130516,70.62,70.62,70.62,70.62,0
QRS010,20130517,67.89,67.89,67.89,67.89,0
QRS010,20130520,71.25,71.25,71.25,71.25,0
QRS010,20130521,69.35,69.35,69.35,69.35,0
QRS010,20130522,68.86,68.86,68.86,68.86,0
QRS010,20130523,71.12,71.12,71.12,71.12,0
QRS010,20130524,70.40,70.40,70.40,70.40,0
QRS010,20130527,71.41,71.41,71.41,71.41,0
QRS010,20130528,69.90,69.90,69.90,69.90,0
QRS010,20130529,71.41,71.41,71.41,71.41,0
QRS010,20130531,70.79,70.79,70.79,70.79,0
QRS010,20130603,73.21,73.21,73.21,73.21,0
QRS010,20130604,71.81,71.81,71.81,71.81,0
QRS010,20130605,72.19,72.19,72.19,72.19,0
QRS010,20130606,73.35,73.35,73.35,73.35,0
QRS010,20130607,70.15,70.15,70.15,70.15,0
QRS010,20130610,70.37,70.37,70.37,70.37,0
QRS010,20130611,69.69,69.69,69.69,69.69,0
QRS010,20130612,70.58,70.58,70.58,70.58,0
QRS010,20130613,70.33,70.33,70.33,70.33,0
QRS010,20130614,70.68,70.68,70.68,70.68,0
QRS010,20130617,70.19,70.19,70.19,70.19,0
QRS010,20130618,68.51,68.51,68.51,68.51,0
QRS010,20130619,66.69,66.69,66.69,66.69,0
QRS010,20130620,60.16,60.16,60.16,60.16,0
QRS010,20130621,61.29,61.29,61.29,61.29,0
QRS010,20130624,59.86,59.86,59.86,59.86,0
QRS010,20130625,59.21,59.21,59.21,59.21,0
QRS010,20130626,54.68,54.68,54.68,54.68,0
QRS010,20130627,52.37,52.37,52.37,52.37,0
QRS010,20130628,55.37,55.37,55.37,55.37,0
QRS010,20130701,56.90,56.90,56.90,56.90,0
QRS010,20130702,55.90,55.90,55.90,55.90,0
QRS010,20130703,56.91,56.91,56.91,56.91,0
QRS010,20130704,56.46,56.46,56.46,56.46,0
QRS010,20130705,54.02,54.02,54.02,54.02,0
QRS010,20130708,55.35,55.35,55.35,55.35,0
QRS010,20130709,56.64,56.64,56.64,56.64,0
QRS010,20130710,57.33,57.33,57.33,57.33,0
QRS010,20130711,59.71,59.71,59.71,59.71,0
QRS010,20130712,59.54,59.54,59.54,59.54,0
QRS010,20130715,59.43,59.43,59.43,59.43,0
QRS010,20130716,60.09,60.09,60.09,60.09,0
QRS010,20130717,58.36,58.36,58.36,58.36,0
QRS010,20130718,59.20,59.20,59.20,59.20,0
QRS010,20130719,60.27,60.27,60.27,60.27,0
QRS010,20130722,63.95,63.95,63.95,63.95,0
QRS010,20130723,64.79,64.79,64.79,64.79,0
QRS010,20130724,62.57,62.57,62.57,62.57,0
QRS010,20130725,63.89,63.89,63.89,63.89,0
QRS010,20130726,63.57,63.57,63.57,63.57,0
QRS010,20130729,63.20,63.20,63.20,63.20,0
QRS010,20130730,62.80,62.80,62.80,62.80,0
QRS010,20130731,62.74,62.74,62.74,62.74,0
QRS010,20130801,61.40,61.40,61.40,61.40,0
QRS010,20130802,61.47,61.47,61.47,61.47,0
QRS010,20130805,60.58,60.58,60.58,60.58,0
QRS010,20130806,58.80,58.80,58.80,58.80,0
QRS010,20130807,59.14,59.14,59.14,59.14,0
QRS010,20130808,61.28,61.28,61.28,61.28,0
QRS010,20130809,61.14,61.14,61.14,61.14,0
QRS010,20130812,63.43,63.43,63.43,63.43,0
QRS010,20130813,61.91,61.91,61.91,61.91,0
QRS010,20130814,63.36,63.36,63.36,63.36,0
QRS010,20130816,67.09,67.09,67.09,67.09,0
QRS010,20130819,66.15,66.15,66.15,66.15,0
QRS010,20130820,66.64,66.64,66.64,66.64,0
QRS010,20130821,66.13,66.13,66.13,66.13,0
QRS010,20130822,67.05,67.05,67.05,67.05,0
QRS010,20130823,69.18,69.18,69.18,69.18,0
QRS010,20130826,69.88,69.88,69.88,69.88,0
QRS010,20130827,71.00,71.00,71.00,71.00,0
QRS010,20130828,71.22,71.22,71.22,71.22,0
QRS010,20130829,70.45,70.45,70.45,70.45,0
QRS010,20130830,69.10,69.10,69.10,69.10,0
QRS010,20130902,68.82,68.82,68.82,68.82,0
QRS010,20130903,71.04,71.04,71.04,71.04,0
QRS010,20130904,68.88,68.88,68.88,68.88,0
QRS010,20130905,66.39,66.39,66.39,66.39,0
QRS010,20130906,68.65,68.65,68.65,68.65,0
QRS010,20130909,68.25,68.25,68.25,68.25,0
QRS010,20130910,65.75,65.75,65.75,65.75,0
QRS010,20130911,65.79,65.79,65.79,65.79,0
QRS010,20130912,61.54,61.54,61.54,61.54,0
QRS010,20130913,61.95,61.95,61.95,61.95,0
QRS010,20130916,60.47,60.47,60.47,60.47,0
QRS010,20130917,60.33,60.33,60.33,60.33,0
QRS010,20130918,65.60,65.60,65.60,65.60,0
QRS010,20130919,65.41,65.41,65.41,65.41,0
QRS010,20130920,61.78,61.78,61.78,61.78,0
QRS010,20130923,61.42,61.42,61.42,61.42,0
QRS010,20130924,61.68,61.68,61.68,61.68,0
QRS010,20130925,62.46,62.46,62.46,62.46,0
QRS010,20130926,61.73,61.73,61.73,61.73,0
QRS010,20130927,62.87,62.87,62.87,62.87,0
QRS010,20130930,61.97,61.97,61.97,61.97,0
QRS010,20131001,58.10,58.10,58.10,58.10,0
QRS010,20131002,60.79,60.79,60.79,60.79,0
QRS010,20131003,60.78,60.78,60.78,60.78,0
QRS010,20131004,60.04,60.04,60.04,60.04,0
QRS010,20131007,61.27,61.27,61.27,61.27,0
QRS010,20131008,61.00,61.00,61.00,61.00,0
QRS010,20131009,59.61,59.61,59.61,59.61,0
QRS010,20131010,57.91,57.91,57.91,57.91,0
QRS010,20131011,56.35,56.35,56.35,56.35,0
QRS010,20131014,56.38,56.38,56.38,56.38,0
QRS010,20131015,57.40,57.40,57.40,57.40,0
QRS010,20131016,57.32,57.32,57.32,57.32,0
QRS010,20131017,60.55,60.55,60.55,60.55,0
QRS010,20131018,60.09,60.09,60.09,60.09,0
QRS010,20131021,60.08,60.08,60.08,60.08,0
QRS010,20131022,62.38,62.38,62.38,62.38,0
QRS010,20131023,61.63,61.63,61.63,61.63,0
QRS010,20131024,62.80,62.80,62.80,62.80,0
QRS010,20131025,63.30,63.30,63.30,63.30,0
QRS010,20131028,63.33,63.33,63.33,63.33,0
QRS010,20131029,62.75,62.75,62.75,62.75,0
QRS010,20131030,62.63,62.63,62.63,62.63,0
QRS010,20131031,60.70,60.70,60.70,60.70,0
QRS010,20131104,60.37,60.37,60.37,60.37,0
QRS010,20131105,60.22,60.22,60.22,60.22,0
QRS010,20131106,60.49,60.49,60.49,60.49,0
QRS010,20131107,59.96,59.96,59.96,59.96,0
QRS010,20131108,59.14,59.14,59.14,59.14,0
QRS010,20131112,58.28,58.28,58.28,58.28,0
QRS010,20131113,58.95,58.95,58.95,58.95,0
QRS010,20131114,58.96,58.96,58.96,58.96,0
QRS010,20131115,59.18,59.18,59.18,59.18,0
QRS010,20131118,58.48,58.48,58.48,58.48,0
QRS010,20131119,58.49,58.49,58.49,58.49,0
QRS010,20131120,57.10,57.10,57.10,57.10,0
QRS010,20131121,57.10,57.10,57.10,57.10,0
QRS010,20131122,57.11,57.11,57.11,57.11,0
QRS010,20131125,57.42,57.42,57.42,57.42,0
QRS010,20131126,56.97,56.97,56.97,56.97,0
QRS010,20131127,56.77,56.77,56.77,56.77,0
QRS010,20131128,57.13,57.13,57.13,57.13,0
QRS010,20131129,57.38,57.38,57.38,57.38,0
QRS010,20131202,55.85,55.85,55.85,55.85,0
QRS010,20131203,56.04,56.04,56.04,56.04,0
QRS010,20131204,56.95,56.95,56.95,56.95,0
QRS010,20131205,56.08,56.08,56.08,56.08,0
QRS010,20131206,56.23,56.23,56.23,56.23,0
QRS010,20131209,56.76,56.76,56.76,56.76,0
QRS010,20131210,57.64,57.64,57.64,57.64,0
QRS010,20131211,57.20,57.20,57.20,57.20,0
QRS010,20131212,56.04,56.04,56.04,56.04,0
QRS010,20131213,56.61,56.61,56.61,56.61,0
QRS010,20131216,56.68,56.68,56.68,56.68,0
QRS010,20131217,56.33,56.33,56.33,56.33,0
QRS010,20131218,55.69,55.69,55.69,55.69,0
QRS010,20131219,54.37,54.37,54.37,54.37,0
QRS010,20131220,54.99,54.99,54.99,54.99,0
QRS010,20131223,54.75,54.75,54.75,54.75,0
QRS010,20131227,55.39,55.39,55.39,55.39,0
QRS010,20131230,54.60,54.60,54.60,54.60,0
QRS010,20140102,55.93,55.93,55.93,55.93,0
QRS010,20140103,56.48,56.48,56.48,56.48,0
QRS010,20140107,56.27,56.27,56.27,56.27,0
QRS010,20140108,55.96,55.96,55.96,55.96,0
QRS010,20140109,56.10,56.10,56.10,56.10,0
QRS010,20140110,56.92,56.92,56.92,56.92,0
QRS010,20140113,57.19,57.19,57.19,57.19,0
QRS010,20140114,56.81,56.81,56.81,56.81,0
QRS010,20140115,56.66,56.66,56.66,56.66,0
QRS010,20140116,56.72,56.72,56.72,56.72,0
QRS010,20140117,57.24,57.24,57.24,57.24,0
QRS010,20140120,57.25,57.25,57.25,57.25,0
QRS010,20140121,56.70,56.70,56.70,56.70,0
QRS010,20140122,56.47,56.47,56.47,56.47,0
QRS010,20140123,57.69,57.69,57.69,57.69,0
QRS010,20140124,57.90,57.90,57.90,57.90,0
QRS010,20140127,57.37,57.37,57.37,57.37,0
QRS010,20140128,57.35,57.35,57.35,57.35,0
QRS010,20140129,57.92,57.92,57.92,57.92,0
QRS010,20140130,56.84,56.84,56.84,56.84,0
QRS010,20140131,56.85,56.85,56.85,56.85,0
QRS010,20140203,57.42,57.42,57.42,57.42,0
QRS010,20140204,57.30,57.30,57.30,57.30,0
QRS010,20140205,57.43,57.43,57.43,57.43,0
QRS010,20140206,57.36,57.36,57.36,57.36,0
QRS010,20140207,57.76,57.76,57.76,57.76,0
QRS010,20140210,58.10,58.10,58.10,58.10,0
QRS010,20140211,58.84,58.84,58.84,58.84,0
QRS010,20140212,58.80,58.80,58.80,58.80,0
QRS010,20140213,59.33,59.33,59.33,59.33,0
QRS010,20140214,60.05,60.05,60.05,60.05,0
QRS010,20140217,60.43,60.43,60.43,60.43,0
QRS010,20140218,60.14,60.14,60.14,60.14,0
QRS010,20140219,59.63,59.63,59.63,59.63,0
QRS010,20140220,60.24,60.24,60.24,60.24,0
QRS010,20140221,60.22,60.22,60.22,60.22,0
QRS010,20140224,60.79,60.79,60.79,60.79,0
QRS010,20140225,60.95,60.95,60.95,60.95,0
QRS010,20140226,60.52,60.52,60.52,60.52,0
QRS010,20140227,60.61,60.61,60.61,60.61,0
QRS010,20140228,60.29,60.29,60.29,60.29,0
QRS010,20140303,61.42,61.42,61.42,61.42,0
QRS010,20140304,60.71,60.71,60.71,60.71,0
QRS010,20140305,60.80,60.80,60.80,60.80,0
QRS010,20140306,61.45,61.45,61.45,61.45,0
QRS010,20140307,60.85,60.85,60.85,60.85,0
QRS010,20140310,60.90,60.90,60.90,60.90,0
QRS010,20140311,61.28,61.28,61.28,61.28,0
QRS010,20140312,62.13,62.13,62.13,62.13,0
QRS010,20140313,62.31,62.31,62.31,62.31,0
QRS010,20140314,62.81,62.81,62.81,62.81,0
QRS010,20140317,62.18,62.18,62.18,62.18,0
QRS010,20140318,61.66,61.66,61.66,61.66,0
QRS010,20140319,60.44,60.44,60.44,60.44,0
QRS010,20140320,60.37,60.37,60.37,60.37,0
QRS010,20140321,60.64,60.64,60.64,60.64,0
QRS010,20140324,59.56,59.56,59.56,59.56,0
QRS010,20140325,59.60,59.60,59.60,59.60,0
QRS010,20140326,59.26,59.26,59.26,59.26,0
QRS010,20140327,58.72,58.72,58.72,58.72,0
QRS010,20140328,58.75,58.75,58.75,58.75,0
QRS010,20140331,58.29,58.29,58.29,58.29,0
QRS010,20140401,58.08,58.08,58.08,58.08,0
QRS010,20140402,58.54,58.54,58.54,58.54,0
QRS010,20140403,58.41,58.41,58.41,58.41,0
QRS010,20140404,59.23,59.23,59.23,59.23,0
QRS010,20140407,58.87,58.87,58.87,58.87,0
QRS010,20140408,59.37,59.37,59.37,59.37,0
QRS010,20140409,59.49,59.49,59.49,59.49,0
QRS010,20140410,59.74,59.74,59.74,59.74,0
QRS010,20140411,59.73,59.73,59.73,59.73,0
QRS010,20140414,60.22,60.22,60.22,60.22,0
QRS010,20140415,59.07,59.07,59.07,59.07,0
QRS010,20140416,59.07,59.07,59.07,59.07,0
QRS010,20140417,58.69,58.69,58.69,58.69,0
QRS010,20140422,58.24,58.24,58.24,58.24,0
QRS010,20140423,58.21,58.21,58.21,58.21,0
QRS010,20140424,58.63,58.63,58.63,58.63,0
QRS010,20140425,59.04,59.04,59.04,59.04,0
QRS010,20140428,58.79,58.79,58.79,58.79,0
QRS010,20140429,58.70,58.70,58.70,58.70,0
QRS010,20140430,58.49,58.49,58.49,58.49,0
QRS010,20140502,58.84,58.84,58.84,58.84,0
QRS010,20140505,59.32,59.32,59.32,59.32,0
QRS010,20140506,59.25,59.25,59.25,59.25,0
QRS010,20140507,58.37,58.37,58.37,58.37,0
QRS010,20140508,58.22,58.22,58.22,58.22,0
QRS010,20140509,58.37,58.37,58.37,58.37,0
QRS010,20140512,58.68,58.68,58.68,58.68,0
QRS010,20140513,58.56,58.56,58.56,58.56,0
QRS010,20140514,59.08,59.08,59.08,59.08,0
QRS010,20140515,58.71,58.71,58.71,58.71,0
QRS010,20140516,58.50,58.50,58.50,58.50,0
QRS010,20140519,58.49,58.49,58.49,58.49,0
QRS010,20140520,58.62,58.62,58.62,58.62,0
QRS010,20140521,58.41,58.41,58.41,58.41,0
QRS010,20140522,58.58,58.58,58.58,58.58,0
QRS010,20140523,58.53,58.53,58.53,58.53,0
QRS010,20140526,58.50,58.50,58.50,58.50,0
QRS010,20140527,57.18,57.18,57.18,57.18,0
QRS010,20140528,56.98,56.98,56.98,56.98,0
QRS010,20140529,56.83,56.83,56.83,56.83,0
QRS010,20140530,56.44,56.44,56.44,56.44,0
QRS010,20140602,56.22,56.22,56.22,56.22,0
QRS010,20140603,56.28,56.28,56.28,56.28,0
QRS010,20140604,56.19,56.19,56.19,56.19,0
QRS010,20140605,56.64,56.64,56.64,56.64,0
QRS010,20140606,56.60,56.60,56.60,56.60,0
QRS010,20140609,56.59,56.59,56.59,56.59,0
QRS010,20140610,56.93,56.93,56.93,56.93,0
QRS010,20140611,56.98,56.98,56.98,56.98,0
QRS010,20140612,57.53,57.53,57.53,57.53,0
QRS010,20140613,57.68,57.68,57.68,57.68,0
QRS010,20140616,57.54,57.54,57.54,57.54,0
QRS010,20140617,57.47,57.47,57.47,57.47,0
QRS010,20140618,57.77,57.77,57.77,57.77,0
QRS010,20140620,59.47,59.47,59.47,59.47,0
QRS010,20140623,59.60,59.60,59.60,59.60,0
QRS010,20140624,59.57,59.57,59.57,59.57,0
QRS010,20140625,59.65,59.65,59.65,59.65,0
QRS010,20140626,59.56,59.56,59.56,59.56,0
QRS010,20140627,59.51,59.51,59.51,59.51,0
QRS010,20140630,59.98,59.98,59.98,59.98,0
QRS010,20140701,59.92,59.92,59.92,59.92,0
QRS010,20140702,59.89,59.89,59.89,59.89,0
QRS010,20140703,59.62,59.62,59.62,59.62,0
QRS010,20140704,59.68,59.68,59.68,59.68,0
QRS010,20140707,59.59,59.59,59.59,59.59,0
QRS010,20140708,59.61,59.61,59.61,59.61,0
QRS010,20140709,59.95,59.95,59.95,59.95,0
QRS010,20140710,60.28,60.28,60.28,60.28,0
QRS010,20140711,60.45,60.45,60.45,60.45,0
QRS010,20140714,59.03,59.03,59.03,59.03,0
QRS010,20140715,58.41,58.41,58.41,58.41,0
QRS010,20140716,58.63,58.63,58.63,58.63,0
QRS010,20140717,59.60,59.60,59.60,59.60,0
QRS010,20140718,59.19,59.19,59.19,59.19,0
QRS010,20140721,59.27,59.27,59.27,59.27,0
QRS010,20140722,59.00,59.00,59.00,59.00,0
QRS010,20140723,58.88,58.88,58.88,58.88,0
QRS010,20140724,58.39,58.39,58.39,58.39,0
QRS010,20140725,59.03,59.03,59.03,59.03,0
QRS010,20140728,58.86,58.86,58.86,58.86,0
QRS010,20140729,58.62,58.62,58.62,58.62,0
QRS010,20140730,58.47,58.47,58.47,58.47,0
QRS010,20140731,57.86,57.86,57.86,57.86,0
QRS010,20140801,58.37,58.37,58.37,58.37,0
QRS010,20140804,58.08,58.08,58.08,58.08,0
QRS010,20140805,58.11,58.11,58.11,58.11,0
QRS010,20140806,58.91,58.91,58.91,58.91,0
QRS010,20140807,59.22,59.22,59.22,59.22,0
QRS010,20140808,59.10,59.10,59.10,59.10,0
QRS010,20140811,59.02,59.02,59.02,59.02,0
QRS010,20140812,59.08,59.08,59.08,59.08,0
QRS010,20140813,59.23,59.23,59.23,59.23,0
QRS010,20140814,59.24,59.24,59.24,59.24,0
QRS010,20140818,58.54,58.54,58.54,58.54,0
QRS010,20140819,58.41,58.41,58.41,58.41,0
QRS010,20140820,58.25,58.25,58.25,58.25,0
QRS010,20140821,57.57,57.57,57.57,57.57,0
QRS010,20140822,57.76,57.76,57.76,57.76,0
QRS010,20140825,57.56,57.56,57.56,57.56,0
QRS010,20140826,57.77,57.77,57.77,57.77,0
QRS010,20140827,57.84,57.84,57.84,57.84,0
QRS010,20140828,58.16,58.16,58.16,58.16,0
QRS010,20140829,58.07,58.07,58.07,58.07,0
QRS010,20140901,58.06,58.06,58.06,58.06,0
QRS010,20140902,57.10,57.10,57.10,57.10,0
QRS010,20140903,57.26,57.26,57.26,57.26,0
QRS010,20140904,56.92,56.92,56.92,56.92,0
QRS010,20140905,57.26,57.26,57.26,57.26,0
QRS010,20140908,56.64,56.64,56.64,56.64,0
QRS010,20140909,56.66,56.66,56.66,56.66,0
QRS010,20140910,56.38,56.38,56.38,56.38,0
QRS010,20140911,55.98,55.98,55.98,55.98,0
QRS010,20140912,55.46,55.46,55.46,55.46,0
QRS010,20140915,55.62,55.62,55.62,55.62,0
QRS010,20140916,55.72,55.72,55.72,55.72,0
QRS010,20140917,55.14,55.14,55.14,55.14,0
QRS010,20140918,55.21,55.21,55.21,55.21,0
QRS010,20140919,54.78,54.78,54.78,54.78,0
QRS010,20140922,54.75,54.75,54.75,54.75,0
QRS010,20140923,55.10,55.10,55.10,55.10,0
QRS010,20140924,54.83,54.83,54.83,54.83,0
QRS010,20140925,55.05,55.05,55.05,55.05,0
QRS010,20140926,54.91,54.91,54.91,54.91,0
QRS010,20140929,54.78,54.78,54.78,54.78,0
QRS010,20140930,54.43,54.43,54.43,54.43,0
QRS010,20141001,54.68,54.68,54.68,54.68,0
QRS010,20141002,54.71,54.71,54.71,54.71,0
QRS010,20141003,53.66,53.66,53.66,53.66,0
QRS010,20141006,54.36,54.36,54.36,54.36,0
QRS010,20141007,54.40,54.40,54.40,54.40,0
QRS010,20141008,54.94,54.94,54.94,54.94,0
QRS010,20141009,55.05,55.05,55.05,55.05,0
QRS010,20141010,55.02,55.02,55.02,55.02,0
QRS010,20141013,55.59,55.59,55.59,55.59,0
QRS010,20141014,55.45,55.45,55.45,55.45,0
QRS010,20141015,55.88,55.88,55.88,55.88,0
QRS010,20141016,55.72,55.72,55.72,55.72,0
QRS010,20141017,55.68,55.68,55.68,55.68,0
QRS010,20141020,56.07,56.07,56.07,56.07,0
QRS010,20141021,56.13,56.13,56.13,56.13,0
QRS010,20141022,55.82,55.82,55.82,55.82,0
QRS010,20141023,55.41,55.41,55.41,55.41,0
QRS010,20141024,55.36,55.36,55.36,55.36,0
QRS010,20141027,55.07,55.07,55.07,55.07,0
QRS010,20141028,55.19,55.19,55.19,55.19,0
QRS010,20141029,54.44,54.44,54.44,54.44,0
QRS010,20141030,53.87,53.87,53.87,53.87,0
QRS010,20141031,52.67,52.67,52.67,52.67,0
QRS010,20141103,52.30,52.30,52.30,52.30,0
QRS010,20141104,52.43,52.43,52.43,52.43,0
QRS010,20141105,51.20,51.20,51.20,51.20,0
QRS010,20141106,51.25,51.25,51.25,51.25,0
QRS010,20141107,52.86,52.86,52.86,52.86,0
QRS010,20141110,51.64,51.64,51.64,51.64,0
QRS010,20141112,52.14,52.14,52.14,52.14,0
QRS010,20141113,52.12,52.12,52.12,52.12,0
QRS010,20141114,53.31,53.31,53.31,53.31,0
QRS010,20141117,53.19,53.19,53.19,53.19,0
QRS010,20141118,53.64,53.64,53.64,53.64,0
QRS010,20141119,52.99,52.99,52.99,52.99,0
QRS010,20141120,53.49,53.49,53.49,53.49,0
QRS010,20141121,53.86,53.86,53.86,53.86,0
QRS010,20141124,53.65,53.65,53.65,53.65,0
QRS010,20141125,53.79,53.79,53.79,53.79,0
QRS010,20141126,53.59,53.59,53.59,53.59,0
QRS010,20141127,53.38,53.38,53.38,53.38,0
QRS010,20141128,52.24,52.24,52.24,52.24,0
QRS010,20141201,54.18,54.18,54.18,54.18,0
QRS010,20141202,53.65,53.65,53.65,53.65,0
QRS010,20141203,54.14,54.14,54.14,54.14,0
QRS010,20141204,53.99,53.99,53.99,53.99,0
QRS010,20141205,53.27,53.27,53.27,53.27,0
QRS010,20141208,53.96,53.96,53.96,53.96,0
QRS010,20141209,55.06,55.06,55.06,55.06,0
QRS010,20141210,54.82,54.82,54.82,54.82,0
QRS010,20141211,54.93,54.93,54.93,54.93,0
QRS010,20141212,54.67,54.67,54.67,54.67,0
QRS010,20141215,53.34,53.34,53.34,53.34,0
QRS010,20141216,53.55,53.55,53.55,53.55,0
QRS010,20141217,53.23,53.23,53.23,53.23,0
QRS010,20141218,53.69,53.69,53.69,53.69,0
QRS010,20141219,53.49,53.49,53.49,53.49,0
QRS010,20141222,52.58,52.58,52.58,52.58,0
QRS010,20141223,52.70,52.70,52.70,52.70,0
QRS010,20141229,52.93,52.93,52.93,52.93,0
QRS010,20141230,53.72,53.72,53.72,53.72,0
QRS010,20150102,53.21,53.21,53.21,53.21,0
QRS010,20150105,54.05,54.05,54.05,54.05,0
QRS010,20150107,54.49,54.49,54.49,54.49,0
QRS010,20150108,54.25,54.25,54.25,54.25,0
QRS010,20150109,54.89,54.89,54.89,54.89,0
QRS010,20150112,55.45,55.45,55.45,55.45,0
QRS010,20150113,55.26,55.26,55.26,55.26,0
QRS010,20150114,55.25,55.25,55.25,55.25,0
QRS010,20150115,56.78,56.78,56.78,56.78,0
QRS010,20150116,57.59,57.59,57.59,57.59,0
QRS010,20150119,57.45,57.45,57.45,57.45,0
QRS010,20150120,58.22,58.22,58.22,58.22,0
QRS010,20150121,58.21,58.21,58.21,58.21,0
QRS010,20150122,58.58,58.58,58.58,58.58,0
QRS010,20150123,58.36,58.36,58.36,58.36,0
QRS010,20150126,57.72,57.72,57.72,57.72,0
QRS010,20150127,58.18,58.18,58.18,58.18,0
QRS010,20150128,57.84,57.84,57.84,57.84,0
QRS010,20150129,56.58,56.58,56.58,56.58,0
QRS010,20150130,57.77,57.77,57.77,57.77,0
QRS010,20150202,57.29,57.29,57.29,57.29,0
QRS010,20150203,56.70,56.70,56.70,56.70,0
QRS010,20150204,57.06,57.06,57.06,57.06,0
QRS010,20150205,56.91,56.91,56.91,56.91,0
QRS010,20150206,55.42,55.42,55.42,55.42,0
QRS010,20150209,55.70,55.70,55.70,55.70,0
QRS010,20150210,55.42,55.42,55.42,55.42,0
QRS010,20150211,54.79,54.79,54.79,54.79,0
QRS010,20150212,54.84,54.84,54.84,54.84,0
QRS010,20150213,55.10,55.10,55.10,55.10,0
QRS010,20150216,55.19,55.19,55.19,55.19,0
QRS010,20150217,54.25,54.25,54.25,54.25,0
QRS010,20150218,54.40,54.40,54.40,54.40,0
QRS010,20150219,54.15,54.15,54.15,54.15,0
QRS010,20150220,53.96,53.96,53.96,53.96,0
QRS010,20150223,53.89,53.89,53.89,53.89,0
QRS010,20150224,53.82,53.82,53.82,53.82,0
QRS010,20150225,54.00,54.00,54.00,54.00,0
QRS010,20150226,54.23,54.23,54.23,54.23,0
QRS010,20150227,54.42,54.42,54.42,54.42,0
QRS010,20150302,54.13,54.13,54.13,54.13,0
QRS010,20150303,53.98,53.98,53.98,53.98,0
QRS010,20150304,53.85,53.85,53.85,53.85,0
QRS010,20150305,53.76,53.76,53.76,53.76,0
QRS010,20150306,52.39,52.39,52.39,52.39,0
QRS010,20150309,52.35,52.35,52.35,52.35,0
QRS010,20150310,52.14,52.14,52.14,52.14,0
QRS010,20150311,51.86,51.86,51.86,51.86,0
QRS010,20150312,51.79,51.79,51.79,51.79,0
QRS010,20150313,52.09,52.09,52.09,52.09,0
QRS010,20150316,51.86,51.86,51.86,51.86,0
QRS010,20150317,51.58,51.58,51.58,51.58,0
QRS010,20150318,52.42,52.42,52.42,52.42,0
QRS010,20150319,52.56,52.56,52.56,52.56,0
QRS010,20150320,53.06,53.06,53.06,53.06,0
QRS010,20150323,53.29,53.29,53.29,53.29,0
QRS010,20150324,53.38,53.38,53.38,53.38,0
QRS010,20150325,53.46,53.46,53.46,53.46,0
QRS010,20150326,53.82,53.82,53.82,53.82,0
QRS010,20150327,53.66,53.66,53.66,53.66,0
QRS010,20150330,53.02,53.02,53.02,53.02,0
QRS010,20150331,52.97,52.97,52.97,52.97,0
QRS010,20150401,53.88,53.88,53.88,53.88,0
QRS010,20150402,53.76,53.76,53.76,53.76,0
QRS010,20150407,54.03,54.03,54.03,54.03,0
QRS010,20150408,53.67,53.67,53.67,53.67,0
QRS010,20150409,53.34,53.34,53.34,53.34,0
QRS010,20150410,54.00,54.00,54.00,54.00,0
QRS010,20150413,53.59,53.59,53.59,53.59,0
QRS010,20150414,53.30,53.30,53.30,53.30,0
QRS010,20150415,53.73,53.73,53.73,53.73,0
QRS010,20150416,53.53,53.53,53.53,53.53,0
QRS010,20150417,53.71,53.71,53.71,53.71,0
QRS010,20150420,53.32,53.32,53.32,53.32,0
QRS010,20150421,53.61,53.61,53.61,53.61,0
QRS010,20150422,52.90,52.90,52.90,52.90,0
QRS010,20150423,53.22,53.22,53.22,53.22,0
QRS010,20150424,52.50,52.50,52.50,52.50,0
QRS010,20150427,53.50,53.50,53.50,53.50,0
QRS010,20150428,53.95,53.95,53.95,53.95,0
QRS010,20150429,53.53,53.53,53.53,53.53,0
QRS010,20150430,52.57,52.57,52.57,52.57,0
QRS010,20150504,52.78,52.78,52.78,52.78,0
QRS010,20150505,52.96,52.96,52.96,52.96,0
QRS010,20150506,52.90,52.90,52.90,52.90,0
QRS010,20150507,52.51,52.51,52.51,52.51,0
QRS010,20150508,52.71,52.71,52.71,52.71,0
QRS010,20150511,52.55,52.55,52.55,52.55,0
QRS010,20150512,52.99,52.99,52.99,52.99,0
QRS010,20150513,53.95,53.95,53.95,53.95,0
QRS010,20150514,54.10,54.10,54.10,54.10,0
QRS010,20150515,54.23,54.23,54.23,54.23,0
QRS010,20150518,54.28,54.28,54.28,54.28,0
QRS010,20150519,53.52,53.52,53.52,53.52,0
QRS010,20150520,53.64,53.64,53.64,53.64,0
QRS010,20150521,53.47,53.47,53.47,53.47,0
QRS010,20150522,53.50,53.50,53.50,53.50,0
QRS010,20150525,53.57,53.57,53.57,53.57,0
QRS010,20150526,52.66,52.66,52.66,52.66,0
QRS010,20150527,52.70,52.70,52.70,52.70,0
QRS010,20150528,52.72,52.72,52.72,52.72,0
QRS010,20150529,52.78,52.78,52.78,52.78,0
QRS010,20150601,52.72,52.72,52.72,52.72,0
QRS010,20150602,52.92,52.92,52.92,52.92,0
QRS010,20150603,52.51,52.51,52.51,52.51,0
QRS010,20150605,51.88,51.88,51.88,51.88,0
QRS010,20150608,51.99,51.99,51.99,51.99,0
QRS010,20150609,52.08,52.08,52.08,52.08,0
QRS010,20150610,52.46,52.46,52.46,52.46,0
QRS010,20150611,52.27,52.27,52.27,52.27,0
QRS010,20150612,52.27,52.27,52.27,52.27,0
QRS010,20150615,52.46,52.46,52.46,52.46,0
QRS010,20150616,52.29,52.29,52.29,52.29,0
QRS010,20150617,52.47,52.47,52.47,52.47,0
QRS010,20150618,53.13,53.13,53.13,53.13,0
QRS010,20150619,53.11,53.11,53.11,53.11,0
QRS010,20150622,52.43,52.43,52.43,52.43,0
QRS010,20150623,52.12,52.12,52.12,52.12,0
QRS010,20150624,51.98,51.98,51.98,51.98,0
QRS010,20150625,51.90,51.90,51.90,51.90,0
QRS010,20150626,51.98,51.98,51.98,51.98,0
QRS010,20150629,52.21,52.21,52.21,52.21,0
QRS010,20150630,51.90,51.90,51.90,51.90,0
QRS010,20150701,51.71,51.71,51.71,51.71,0
QRS010,20150702,51.65,51.65,51.65,51.65,0
QRS010,20150703,51.70,51.70,51.70,51.70,0
QRS010,20150706,51.81,51.81,51.81,51.81,0
QRS010,20150707,51.17,51.17,51.17,51.17,0
QRS010,20150708,51.26,51.26,51.26,51.26,0
QRS010,20150709,51.30,51.30,51.30,51.30,0
QRS010,20150710,51.46,51.46,51.46,51.46,0
QRS010,20150713,51.17,51.17,51.17,51.17,0
QRS010,20150714,51.11,51.11,51.11,51.11,0
QRS010,20150715,50.80,50.80,50.80,50.80,0
QRS010,20150716,50.61,50.61,50.61,50.61,0
QRS010,20150717,50.11,50.11,50.11,50.11,0
QRS010,20150720,48.39,48.39,48.39,48.39,0
QRS010,20150721,48.59,48.59,48.59,48.59,0
QRS010,20150722,48.27,48.27,48.27,48.27,0
QRS010,20150723,48.11,48.11,48.11,48.11,0
QRS010,20150724,48.50,48.50,48.50,48.50,0
QRS010,20150727,48.27,48.27,48.27,48.27,0
QRS010,20150728,48.32,48.32,48.32,48.32,0
QRS010,20150729,48.35,48.35,48.35,48.35,0
QRS010,20150730,48.01,48.01,48.01,48.01,0
QRS010,20150731,48.32,48.32,48.32,48.32,0
QRS010,20150803,47.90,47.90,47.90,47.90,0
QRS010,20150804,47.95,47.95,47.95,47.95,0
QRS010,20150805,47.86,47.86,47.86,47.86,0
QRS010,20150806,48.08,48.08,48.08,48.08,0
QRS010,20150807,48.24,48.24,48.24,48.24,0
QRS010,20150810,48.69,48.69,48.69,48.69,0
QRS010,20150811,48.87,48.87,48.87,48.87,0
QRS010,20150812,49.55,49.55,49.55,49.55,0
QRS010,20150813,49.08,49.08,49.08,49.08,0
QRS010,20150814,49.06,49.06,49.06,49.06,0
QRS010,20150817,49.17,49.17,49.17,49.17,0
QRS010,20150818,49.16,49.16,49.16,49.16,0
QRS010,20150819,49.90,49.90,49.90,49.90,0
QRS010,20150820,50.69,50.69,50.69,50.69,0
QRS010,20150821,51.03,51.03,51.03,51.03,0
QRS010,20150824,50.67,50.67,50.67,50.67,0
QRS010,20150825,49.95,49.95,49.95,49.95,0
QRS010,20150826,49.26,49.26,49.26,49.26,0
QRS010,20150827,49.29,49.29,49.29,49.29,0
QRS010,20150828,49.67,49.67,49.67,49.67,0
QRS010,20150831,49.76,49.76,49.76,49.76,0
QRS010,20150901,49.95,49.95,49.95,49.95,0
QRS010,20150902,49.70,49.70,49.70,49.70,0
QRS010,20150903,49.31,49.31,49.31,49.31,0
QRS010,20150904,49.18,49.18,49.18,49.18,0
QRS010,20150907,49.06,49.06,49.06,49.06,0
QRS010,20150908,49.16,49.16,49.16,49.16,0
QRS010,20150909,48.52,48.52,48.52,48.52,0
QRS010,20150910,48.65,48.65,48.65,48.65,0
QRS010,20150911,48.49,48.49,48.49,48.49,0
QRS010,20150914,48.52,48.52,48.52,48.52,0
QRS010,20150915,48.37,48.37,48.37,48.37,0
QRS010,20150916,48.99,48.99,48.99,48.99,0
QRS010,20150917,49.50,49.50,49.50,49.50,0
QRS010,20150918,49.78,49.78,49.78,49.78,0
QRS010,20150921,49.57,49.57,49.57,49.57,0
QRS010,20150922,49.22,49.22,49.22,49.22,0
QRS010,20150923,49.50,49.50,49.50,49.50,0
QRS010,20150924,50.54,50.54,50.54,50.54,0
QRS010,20150925,50.20,50.20,50.20,50.20,0
QRS010,20150928,49.57,49.57,49.57,49.57,0
QRS010,20150929,49.36,49.36,49.36,49.36,0
QRS010,20150930,48.81,48.81,48.81,48.81,0
QRS010,20151001,48.74,48.74,48.74,48.74,0
QRS010,20151002,49.83,49.83,49.83,49.83,0
QRS010,20151005,49.69,49.69,49.69,49.69,0
QRS010,20151006,50.21,50.21,50.21,50.21,0
QRS010,20151007,50.11,50.11,50.11,50.11,0
QRS010,20151008,49.79,49.79,49.79,49.79,0
QRS010,20151009,50.53,50.53,50.53,50.53,0
QRS010,20151012,50.84,50.84,50.84,50.84,0
QRS010,20151013,51.07,51.07,51.07,51.07,0
QRS010,20151014,51.74,51.74,51.74,51.74,0
QRS010,20151015,51.67,51.67,51.67,51.67,0
QRS010,20151016,51.45,51.45,51.45,51.45,0
QRS010,20151019,51.14,51.14,51.14,51.14,0
QRS010,20151020,51.39,51.39,51.39,51.39,0
QRS010,20151021,51.02,51.02,51.02,51.02,0
QRS010,20151022,51.00,51.00,51.00,51.00,0
QRS010,20151023,50.97,50.97,50.97,50.97,0
QRS010,20151026,50.96,50.96,50.96,50.96,0
QRS010,20151027,51.13,51.13,51.13,51.13,0
QRS010,20151028,50.65,50.65,50.65,50.65,0
QRS010,20151029,50.21,50.21,50.21,50.21,0
QRS010,20151030,50.03,50.03,50.03,50.03,0
QRS010,20151102,49.64,49.64,49.64,49.64,0
QRS010,20151103,48.92,48.92,48.92,48.92,0
QRS010,20151104,48.47,48.47,48.47,48.47,0
QRS010,20151105,48.32,48.32,48.32,48.32,0
QRS010,20151106,47.66,47.66,47.66,47.66,0
QRS010,20151109,47.77,47.77,47.77,47.77,0
QRS010,20151110,47.67,47.67,47.67,47.67,0
QRS010,20151112,47.47,47.47,47.47,47.47,0
QRS010,20151113,47.41,47.41,47.41,47.41,0
QRS010,20151116,47.30,47.30,47.30,47.30,0
QRS010,20151117,46.81,46.81,46.81,46.81,0
QRS010,20151118,46.82,46.82,46.82,46.82,0
QRS010,20151119,47.33,47.33,47.33,47.33,0
QRS010,20151120,47.10,47.10,47.10,47.10,0
QRS010,20151123,46.71,46.71,46.71,46.71,0
QRS010,20151124,47.03,47.03,47.03,47.03,0
QRS010,20151125,46.88,46.88,46.88,46.88,0
QRS010,20151126,46.85,46.85,46.85,46.85,0
QRS010,20151127,46.29,46.29,46.29,46.29,0
QRS010,20151130,46.56,46.56,46.56,46.56,0
QRS010,20151201,46.56,46.56,46.56,46.56,0
QRS010,20151202,46.11,46.11,46.11,46.11,0
QRS010,20151203,46.44,46.44,46.44,46.44,0
QRS010,20151204,47.38,47.38,47.38,47.38,0
QRS010,20151207,46.69,46.69,46.69,46.69,0
QRS010,20151208,46.98,46.98,46.98,46.98,0
QRS010,20151209,46.87,46.87,46.87,46.87,0
QRS010,20151210,46.81,46.81,46.81,46.81,0
QRS010,20151211,47.00,47.00,47.00,47.00,0
QRS010,20151214,46.25,46.25,46.25,46.25,0
QRS010,20151215,46.24,46.24,46.24,46.24,0
QRS010,20151216,46.85,46.85,46.85,46.85,0
QRS010,20151217,45.85,45.85,45.85,45.85,0
QRS010,20151218,46.44,46.44,46.44,46.44,0
QRS010,20151221,46.98,46.98,46.98,46.98,0
QRS010,20151222,46.82,46.82,46.82,46.82,0
QRS010,20151223,46.57,46.57,46.57,46.57,0
QRS010,20151228,46.51,46.51,46.51,46.51,0
QRS010,20151229,46.54,46.54,46.54,46.54,0
QRS010,20151230,46.25,46.25,46.25,46.25,0
QRS010,20160104,46.88,46.88,46.88,46.88,0
QRS010,20160105,47.09,47.09,47.09,47.09,0
QRS010,20160107,48.49,48.49,48.49,48.49,0
QRS010,20160108,48.04,48.04,48.04,48.04,0
QRS010,20160111,47.85,47.85,47.85,47.85,0
QRS010,20160112,47.53,47.53,47.53,47.53,0
QRS010,20160113,47.87,47.87,47.87,47.87,0
QRS010,20160114,47.08,47.08,47.08,47.08,0
QRS010,20160115,47.57,47.57,47.57,47.57,0
QRS010,20160118,47.57,47.57,47.57,47.57,0
QRS010,20160119,47.49,47.49,47.49,47.49,0
QRS010,20160120,48.33,48.33,48.33,48.33,0
QRS010,20160121,48.16,48.16,48.16,48.16,0
QRS010,20160122,48.00,48.00,48.00,48.00,0
QRS010,20160125,48.35,48.35,48.35,48.35,0
QRS010,20160126,49.02,49.02,49.02,49.02,0
QRS010,20160127,49.22,49.22,49.22,49.22,0
QRS010,20160128,48.73,48.73,48.73,48.73,0
QRS010,20160129,48.77,48.77,48.77,48.77,0
QRS010,20160201,49.33,49.33,49.33,49.33,0
QRS010,20160202,49.26,49.26,49.26,49.26,0
QRS010,20160203,49.88,49.88,49.88,49.88,0
QRS010,20160204,50.35,50.35,50.35,50.35,0
QRS010,20160205,51.13,51.13,51.13,51.13,0
QRS010,20160208,52.16,52.16,52.16,52.16,0
QRS010,20160209,51.83,51.83,51.83,51.83,0
QRS010,20160210,52.17,52.17,52.17,52.17,0
QRS010,20160211,54.27,54.27,54.27,54.27,0
QRS010,20160212,53.85,53.85,53.85,53.85,0
QRS010,20160215,52.59,52.59,52.59,52.59,0
QRS010,20160216,52.22,52.22,52.22,52.22,0
QRS010,20160217,52.60,52.60,52.60,52.60,0
QRS010,20160218,53.56,53.56,53.56,53.56,0
QRS010,20160219,53.43,53.43,53.43,53.43,0
QRS010,20160222,52.55,52.55,52.55,52.55,0
QRS010,20160223,53.39,53.39,53.39,53.39,0
QRS010,20160224,53.47,53.47,53.47,53.47,0
QRS010,20160225,53.87,53.87,53.87,53.87,0
QRS010,20160226,53.19,53.19,53.19,53.19,0
QRS010,20160229,53.88,53.88,53.88,53.88,0
QRS010,20160301,53.60,53.60,53.60,53.60,0
QRS010,20160302,53.93,53.93,53.93,53.93,0
QRS010,20160303,55.01,55.01,55.01,55.01,0
QRS010,20160304,54.77,54.77,54.77,54.77,0
QRS010,20160307,55.08,55.08,55.08,55.08,0
QRS010,20160308,54.78,54.78,54.78,54.78,0
QRS010,20160309,54.41,54.41,54.41,54.41,0
QRS010,20160310,55.26,55.26,55.26,55.26,0
QRS010,20160311,54.26,54.26,54.26,54.26,0
QRS010,20160314,53.56,53.56,53.56,53.56,0
QRS010,20160315,53.40,53.40,53.40,53.40,0
QRS010,20160316,54.72,54.72,54.72,54.72,0
QRS010,20160317,54.48,54.48,54.48,54.48,0
QRS010,20160318,54.34,54.34,54.34,54.34,0
QRS010,20160321,53.84,53.84,53.84,53.84,0
QRS010,20160322,54.02,54.02,54.02,54.02,0
QRS010,20160323,52.77,52.77,52.77,52.77,0
QRS010,20160324,52.66,52.66,52.66,52.66,0
QRS010,20160329,53.75,53.75,53.75,53.75,0
QRS010,20160330,52.95,52.95,52.95,52.95,0
QRS010,20160331,53.30,53.30,53.30,53.30,0
QRS010,20160401,52.82,52.82,52.82,52.82,0
QRS010,20160404,52.51,52.51,52.51,52.51,0
QRS010,20160405,53.20,53.20,53.20,53.20,0
QRS010,20160406,52.81,52.81,52.81,52.81,0
QRS010,20160407,53.57,53.57,53.57,53.57,0
QRS010,20160408,53.50,53.50,53.50,53.50,0
QRS010,20160411,54.34,54.34,54.34,54.34,0
QRS010,20160412,54.22,54.22,54.22,54.22,0
QRS010,20160413,53.68,53.68,53.68,53.68,0
QRS010,20160414,53.07,53.07,53.07,53.07,0
QRS010,20160415,53.33,53.33,53.33,53.33,0
QRS010,20160418,53.25,53.25,53.25,53.25,0
QRS010,20160419,54.00,54.00,54.00,54.00,0
QRS010,20160420,53.72,53.72,53.72,53.72,0
QRS010,20160421,53.89,53.89,53.89,53.89,0
QRS010,20160422,53.22,53.22,53.22,53.22,0
QRS010,20160425,53.50,53.50,53.50,53.50,0
QRS010,20160426,53.71,53.71,53.71,53.71,0
QRS010,20160427,53.82,53.82,53.82,53.82,0
QRS010,20160428,54.72,54.72,54.72,54.72,0
QRS010,20160429,55.86,55.86,55.86,55.86,0
QRS010,20160502,55.73,55.73,55.73,55.73,0
QRS010,20160504,55.23,55.23,55.23,55.23,0
QRS010,20160505,55.14,55.14,55.14,55.14,0
QRS010,20160506,55.57,55.57,55.57,55.57,0
QRS010,20160509,54.52,54.52,54.52,54.52,0
QRS010,20160510,54.60,54.60,54.60,54.60,0
QRS010,20160511,55.10,55.10,55.10,55.10,0
QRS010,20160512,54.50,54.50,54.50,54.50,0
QRS010,20160513,54.88,54.88,54.88,54.88,0
QRS010,20160516,54.91,54.91,54.91,54.91,0
QRS010,20160517,55.13,55.13,55.13,55.13,0
QRS010,20160518,54.24,54.24,54.24,54.24,0
QRS010,20160519,54.09,54.09,54.09,54.09,0
QRS010,20160520,53.94,53.94,53.94,53.94,0
QRS010,20160523,53.76,53.76,53.76,53.76,0
QRS010,20160524,52.77,52.77,52.77,52.77,0
QRS010,20160525,52.65,52.65,52.65,52.65,0
QRS010,20160527,52.14,52.14,52.14,52.14,0
QRS010,20160530,51.80,51.80,51.80,51.80,0
QRS010,20160531,52.23,52.23,52.23,52.23,0
QRS010,20160601,52.11,52.11,52.11,52.11,0
QRS010,20160602,52.03,52.03,52.03,52.03,0
QRS010,20160603,53.48,53.48,53.48,53.48,0
QRS010,20160606,53.43,53.43,53.43,53.43,0
QRS010,20160607,53.35,53.35,53.35,53.35,0
QRS010,20160608,54.14,54.14,54.14,54.14,0
QRS010,20160609,54.44,54.44,54.44,54.44,0
QRS010,20160610,54.68,54.68,54.68,54.68,0
QRS010,20160613,55.15,55.15,55.15,55.15,0
QRS010,20160614,55.31,55.31,55.31,55.31,0
QRS010,20160615,55.50,55.50,55.50,55.50,0
QRS010,20160616,54.89,54.89,54.89,54.89,0
QRS010,20160617,55.82,55.82,55.82,55.82,0
QRS010,20160620,55.40,55.40,55.40,55.40,0
QRS010,20160621,54.46,54.46,54.46,54.46,0
QRS010,20160622,54.38,54.38,54.38,54.38,0
QRS010,20160623,53.94,53.94,53.94,53.94,0
QRS010,20160624,56.68,56.68,56.68,56.68,0
QRS010,20160627,57.10,57.10,57.10,57.10,0
QRS010,20160628,56.55,56.55,56.55,56.55,0
QRS010,20160629,56.89,56.89,56.89,56.89,0
QRS010,20160630,56.99,56.99,56.99,56.99,0
QRS010,20160701,57.81,57.81,57.81,57.81,0
QRS010,20160704,58.25,58.25,58.25,58.25,0
QRS010,20160705,58.42,58.42,58.42,58.42,0
QRS010,20160706,58.80,58.80,58.80,58.80,0
QRS010,20160707,58.69,58.69,58.69,58.69,0
QRS010,20160708,58.83,58.83,58.83,58.83,0
QRS010,20160711,58.33,58.33,58.33,58.33,0
QRS010,20160712,57.35,57.35,57.35,57.35,0
QRS010,20160713,57.75,57.75,57.75,57.75,0
QRS010,20160714,57.42,57.42,57.42,57.42,0
QRS010,20160715,57.52,57.52,57.52,57.52,0
QRS010,20160718,57.16,57.16,57.16,57.16,0
QRS010,20160719,57.21,57.21,57.21,57.21,0
QRS010,20160720,56.57,56.57,56.57,56.57,0
QRS010,20160721,57.25,57.25,57.25,57.25,0
QRS010,20160722,56.83,56.83,56.83,56.83,0
QRS010,20160725,56.55,56.55,56.55,56.55,0
QRS010,20160726,56.73,56.73,56.73,56.73,0
QRS010,20160727,57.60,57.60,57.60,57.60,0
QRS010,20160728,57.34,57.34,57.34,57.34,0
QRS010,20160729,57.98,57.98,57.98,57.98,0
QRS010,20160801,58.00,58.00,58.00,58.00,0
QRS010,20160802,58.47,58.47,58.47,58.47,0
QRS010,20160803,58.19,58.19,58.19,58.19,0
QRS010,20160804,58.27,58.27,58.27,58.27,0
QRS010,20160805,57.21,57.21,57.21,57.21,0
QRS010,20160808,57.18,57.18,57.18,57.18,0
QRS010,20160809,57.40,57.40,57.40,57.40,0
QRS010,20160810,57.62,57.62,57.62,57.62,0
QRS010,20160811,57.26,57.26,57.26,57.26,0
QRS010,20160812,57.16,57.16,57.16,57.16,0
QRS010,20160816,57.52,57.52,57.52,57.52,0
QRS010,20160817,57.65,57.65,57.65,57.65,0
QRS010,20160818,57.80,57.80,57.80,57.80,0
QRS010,20160819,57.31,57.31,57.31,57.31,0
QRS010,20160822,57.20,57.20,57.20,57.20,0
QRS010,20160823,57.13,57.13,57.13,57.13,0
QRS010,20160824,56.52,56.52,56.52,56.52,0
QRS010,20160825,56.42,56.42,56.42,56.42,0
QRS010,20160826,56.38,56.38,56.38,56.38,0
QRS010,20160829,56.50,56.50,56.50,56.50,0
QRS010,20160830,55.93,55.93,55.93,55.93,0
QRS010,20160831,55.85,55.85,55.85,55.85,0
QRS010,20160901,56.08,56.08,56.08,56.08,0
QRS010,20160902,56.59,56.59,56.59,56.59,0
QRS010,20160905,56.63,56.63,56.63,56.63,0
QRS010,20160906,57.64,57.64,57.64,57.64,0
QRS010,20160907,57.41,57.41,57.41,57.41,0
QRS010,20160908,57.03,57.03,57.03,57.03,0
QRS010,20160909,56.61,56.61,56.61,56.61,0
QRS010,20160912,56.59,56.59,56.59,56.59,0
QRS010,20160913,56.21,56.21,56.21,56.21,0
QRS010,20160914,56.38,56.38,56.38,56.38,0
QRS010,20160915,55.98,55.98,55.98,55.98,0
QRS010,20160916,55.82,55.82,55.82,55.82,0
QRS010,20160919,55.94,55.94,55.94,55.94,0
QRS010,20160920,55.98,55.98,55.98,55.98,0
QRS010,20160921,56.91,56.91,56.91,56.91,0
QRS010,20160922,56.90,56.90,56.90,56.90,0
QRS010,20160923,56.97,56.97,56.97,56.97,0
QRS010,20160926,56.98,56.98,56.98,56.98,0
QRS010,20160927,56.49,56.49,56.49,56.49,0
QRS010,20160928,56.24,56.24,56.24,56.24,0
QRS010,20160929,56.19,56.19,56.19,56.19,0
QRS010,20160930,56.00,56.00,56.00,56.00,0
QRS010,20161003,55.76,55.76,55.76,55.76,0
QRS010,20161004,53.92,53.92,53.92,53.92,0
QRS010,20161005,53.82,53.82,53.82,53.82,0
QRS010,20161006,53.29,53.29,53.29,53.29,0
QRS010,20161007,53.38,53.38,53.38,53.38,0
QRS010,20161010,53.48,53.48,53.48,53.48,0
QRS010,20161011,53.19,53.19,53.19,53.19,0
QRS010,20161012,53.31,53.31,53.31,53.31,0
QRS010,20161013,53.43,53.43,53.43,53.43,0
QRS010,20161014,53.09,53.09,53.09,53.09,0
QRS010,20161017,53.29,53.29,53.29,53.29,0
QRS010,20161018,53.59,53.59,53.59,53.59,0
QRS010,20161019,53.85,53.85,53.85,53.85,0
QRS010,20161020,53.68,53.68,53.68,53.68,0
QRS010,20161021,53.72,53.72,53.72,53.72,0
QRS010,20161024,53.65,53.65,53.65,53.65,0
QRS010,20161025,54.02,54.02,54.02,54.02,0
QRS010,20161026,53.72,53.72,53.72,53.72,0
QRS010,20161027,53.81,53.81,53.81,53.81,0
QRS010,20161028,54.09,54.09,54.09,54.09,0
QRS010,20161031,54.15,54.15,54.15,54.15,0
QRS010,20161102,54.98,54.98,54.98,54.98,0
QRS010,20161103,55.23,55.23,55.23,55.23,0
QRS010,20161104,55.29,55.29,55.29,55.29,0
QRS010,20161107,54.26,54.26,54.26,54.26,0
QRS010,20161108,53.98,53.98,53.98,53.98,0
QRS010,20161109,54.09,54.09,54.09,54.09,0
QRS010,20161110,53.28,53.28,53.28,53.28,0
QRS010,20161114,51.59,51.59,51.59,51.59,0
QRS010,20161115,51.90,51.90,51.90,51.90,0
QRS010,20161116,51.79,51.79,51.79,51.79,0
QRS010,20161117,51.37,51.37,51.37,51.37,0
QRS010,20161118,50.99,50.99,50.99,50.99,0
QRS010,20161121,51.32,51.32,51.32,51.32,0
QRS010,20161122,51.16,51.16,51.16,51.16,0
QRS010,20161123,50.04,50.04,50.04,50.04,0
QRS010,20161124,49.85,49.85,49.85,49.85,0
QRS010,20161125,49.84,49.84,49.84,49.84,0
QRS010,20161128,50.26,50.26,50.26,50.26,0
QRS010,20161129,50.04,50.04,50.04,50.04,0
QRS010,20161130,49.31,49.31,49.31,49.31,0
QRS010,20161201,49.23,49.23,49.23,49.23,0
QRS010,20161202,49.45,49.45,49.45,49.45,0
QRS010,20161205,49.12,49.12,49.12,49.12,0
QRS010,20161206,49.07,49.07,49.07,49.07,0
QRS010,20161207,49.32,49.32,49.32,49.32,0
QRS010,20161208,49.10,49.10,49.10,49.10,0
QRS010,20161209,48.65,48.65,48.65,48.65,0
QRS010,20161212,48.74,48.74,48.74,48.74,0
QRS010,20161213,48.54,48.54,48.54,48.54,0
QRS010,20161214,47.83,47.83,47.83,47.83,0
QRS010,20161215,47.14,47.14,47.14,47.14,0
QRS010,20161216,47.44,47.44,47.44,47.44,0
QRS010,20161219,47.63,47.63,47.63,47.63,0
QRS010,20161220,47.31,47.31,47.31,47.31,0
QRS010,20161221,47.30,47.30,47.30,47.30,0
QRS010,20161222,47.12,47.12,47.12,47.12,0
QRS010,20161223,47.34,47.34,47.34,47.34,0
QRS010,20161227,47.52,47.52,47.52,47.52,0
QRS010,20161228,47.72,47.72,47.72,47.72,0
QRS010,20161229,48.48,48.48,48.48,48.48,0
QRS010,20161230,48.12,48.12,48.12,48.12,0
QRS010,20170102,48.15,48.15,48.15,48.15,0
QRS010,20170103,48.48,48.48,48.48,48.48,0
QRS010,20170104,48.68,48.68,48.68,48.68,0
QRS010,20170105,49.40,49.40,49.40,49.40,0
QRS010,20170109,49.45,49.45,49.45,49.45,0
QRS010,20170110,49.69,49.69,49.69,49.69,0
QRS010,20170111,49.86,49.86,49.86,49.86,0
QRS010,20170112,50.02,50.02,50.02,50.02,0
QRS010,20170113,50.13,50.13,50.13,50.13,0
QRS010,20170116,50.34,50.34,50.34,50.34,0
QRS010,20170117,50.95,50.95,50.95,50.95,0
QRS010,20170118,50.33,50.33,50.33,50.33,0
QRS010,20170119,50.39,50.39,50.39,50.39,0
QRS010,20170120,50.55,50.55,50.55,50.55,0
QRS010,20170123,50.97,50.97,50.97,50.97,0
QRS010,20170124,50.55,50.55,50.55,50.55,0
QRS010,20170125,50.15,50.15,50.15,50.15,0
QRS010,20170126,49.62,49.62,49.62,49.62,0
QRS010,20170127,49.71,49.71,49.71,49.71,0
QRS010,20170130,49.88,49.88,49.88,49.88,0
QRS010,20170131,50.58,50.58,50.58,50.58,0
QRS010,20170201,50.49,50.49,50.49,50.49,0
QRS010,20170202,50.76,50.76,50.76,50.76,0
QRS010,20170203,50.92,50.92,50.92,50.92,0
QRS010,20170206,51.65,51.65,51.65,51.65,0
QRS010,20170207,51.59,51.59,51.59,51.59,0
QRS010,20170208,52.02,52.02,52.02,52.02,0
QRS010,20170209,51.33,51.33,51.33,51.33,0
QRS010,20170210,51.58,51.58,51.58,51.58,0
QRS010,20170213,51.19,51.19,51.19,51.19,0
QRS010,20170214,51.13,51.13,51.13,51.13,0
QRS010,20170215,51.58,51.58,51.58,51.58,0
QRS010,20170216,51.83,51.83,51.83,51.83,0
QRS010,20170217,51.61,51.61,51.61,51.61,0
QRS010,20170220,51.75,51.75,51.75,51.75,0
QRS010,20170221,51.67,51.67,51.67,51.67,0
QRS010,20170222,51.74,51.74,51.74,51.74,0
QRS010,20170223,52.27,52.27,52.27,52.27,0
QRS010,20170224,52.59,52.59,52.59,52.59,0
QRS010,20170227,52.40,52.40,52.40,52.40,0
QRS010,20170228,52.17,52.17,52.17,52.17,0
QRS010,20170301,52.22,52.22,52.22,52.22,0
QRS010,20170302,51.58,51.58,51.58,51.58,0
QRS010,20170303,51.60,51.60,51.60,51.60,0
QRS010,20170306,51.17,51.17,51.17,51.17,0
QRS010,20170307,50.79,50.79,50.79,50.79,0
QRS010,20170308,50.45,50.45,50.45,50.45,0
QRS010,20170309,50.13,50.13,50.13,50.13,0
QRS010,20170310,50.31,50.31,50.31,50.31,0
QRS010,20170313,50.27,50.27,50.27,50.27,0
QRS010,20170314,50.04,50.04,50.04,50.04,0
QRS010,20170315,50.92,50.92,50.92,50.92,0
QRS010,20170316,51.15,51.15,51.15,51.15,0
QRS010,20170317,51.25,51.25,51.25,51.25,0
QRS010,20170320,51.43,51.43,51.43,51.43,0
QRS010,20170321,51.85,51.85,51.85,51.85,0
QRS010,20170322,52.04,52.04,52.04,52.04,0
QRS010,20170323,51.88,51.88,51.88,51.88,0
QRS010,20170324,51.78,51.78,51.78,51.78,0
QRS010,20170327,52.20,52.20,52.20,52.20,0
QRS010,20170328,52.09,52.09,52.09,52.09,0
QRS010,20170329,52.15,52.15,52.15,52.15,0
QRS010,20170330,51.69,51.69,51.69,51.69,0
QRS010,20170331,51.97,51.97,51.97,51.97,0
QRS010,20170403,52.12,52.12,52.12,52.12,0
QRS010,20170404,52.25,52.25,52.25,52.25,0
QRS010,20170405,52.22,52.22,52.22,52.22,0
QRS010,20170406,52.06,52.06,52.06,52.06,0
QRS010,20170407,52.15,52.15,52.15,52.15,0
QRS010,20170410,52.18,52.18,52.18,52.18,0
QRS010,20170411,53.01,53.01,53.01,53.01,0
QRS010,20170412,53.53,53.53,53.53,53.53,0
QRS010,20170413,53.57,53.57,53.57,53.57,0
QRS010,20170418,53.59,53.59,53.59,53.59,0
QRS010,20170419,53.17,53.17,53.17,53.17,0
QRS010,20170420,53.24,53.24,53.24,53.24,0
QRS010,20170421,53.36,53.36,53.36,53.36,0
QRS010,20170424,52.97,52.97,52.97,52.97,0
QRS010,20170425,52.43,52.43,52.43,52.43,0
QRS010,20170426,52.64,52.64,52.64,52.64,0
QRS010,20170427,52.42,52.42,52.42,52.42,0
QRS010,20170428,52.58,52.58,52.58,52.58,0
QRS010,20170502,52.09,52.09,52.09,52.09,0
QRS010,20170504,50.87,50.87,50.87,50.87,0
QRS010,20170505,50.86,50.86,50.86,50.86,0
QRS010,20170508,50.73,50.73,50.73,50.73,0
QRS010,20170509,50.53,50.53,50.53,50.53,0
QRS010,20170510,50.44,50.44,50.44,50.44,0
QRS010,20170511,50.69,50.69,50.69,50.69,0
QRS010,20170512,50.82,50.82,50.82,50.82,0
QRS010,20170515,50.90,50.90,50.90,50.90,0
QRS010,20170516,51.13,51.13,51.13,51.13,0
QRS010,20170517,52.19,52.19,52.19,52.19,0
QRS010,20170518,51.58,51.58,51.58,51.58,0
QRS010,20170519,51.94,51.94,51.94,51.94,0
QRS010,20170522,52.12,52.12,52.12,52.12,0
QRS010,20170523,51.67,51.67,51.67,51.67,0
QRS010,20170524,52.03,52.03,52.03,52.03,0
QRS010,20170525,51.84,51.84,51.84,51.84,0
QRS010,20170526,52.35,52.35,52.35,52.35,0
QRS010,20170529,52.34,52.34,52.34,52.34,0
QRS010,20170530,52.16,52.16,52.16,52.16,0
QRS010,20170531,52.42,52.42,52.42,52.42,0
QRS010,20170601,52.26,52.26,52.26,52.26,0
QRS010,20170602,52.82,52.82,52.82,52.82,0
QRS010,20170605,52.77,52.77,52.77,52.77,0
QRS010,20170606,53.40,53.40,53.40,53.40,0
QRS010,20170607,53.25,53.25,53.25,53.25,0
QRS010,20170608,52.79,52.79,52.79,52.79,0
QRS010,20170609,52.37,52.37,52.37,52.37,0
QRS010,20170612,52.23,52.23,52.23,52.23,0
QRS010,20170613,52.21,52.21,52.21,52.21,0
QRS010,20170614,52.03,52.03,52.03,52.03,0
QRS010,20170616,51.69,51.69,51.69,51.69,0
QRS010,20170619,51.23,51.23,51.23,51.23,0
QRS010,20170620,51.22,51.22,51.22,51.22,0
QRS010,20170621,51.39,51.39,51.39,51.39,0
QRS010,20170622,51.55,51.55,51.55,51.55,0
QRS010,20170623,51.82,51.82,51.82,51.82,0
QRS010,20170626,51.24,51.24,51.24,51.24,0
QRS010,20170627,51.34,51.34,51.34,51.34,0
QRS010,20170628,51.44,51.44,51.44,51.44,0
QRS010,20170629,51.23,51.23,51.23,51.23,0
QRS010,20170630,51.05,51.05,51.05,51.05,0
QRS010,20170703,50.10,50.10,50.10,50.10,0
QRS010,20170704,50.27,50.27,50.27,50.27,0
QRS010,20170705,50.43,50.43,50.43,50.43,0
QRS010,20170706,50.33,50.33,50.33,50.33,0
QRS010,20170707,49.77,49.77,49.77,49.77,0
QRS010,20170710,49.84,49.84,49.84,49.84,0
QRS010,20170711,49.99,49.99,49.99,49.99,0
QRS010,20170712,50.09,50.09,50.09,50.09,0
QRS010,20170713,49.97,49.97,49.97,49.97,0
QRS010,20170714,50.44,50.44,50.44,50.44,0
QRS010,20170717,50.63,50.63,50.63,50.63,0
QRS010,20170718,50.96,50.96,50.96,50.96,0
QRS010,20170719,50.91,50.91,50.91,50.91,0
QRS010,20170720,51.05,51.05,51.05,51.05,0
QRS010,20170721,51.47,51.47,51.47,51.47,0
QRS010,20170724,51.50,51.50,51.50,51.50,0
QRS010,20170726,51.72,51.72,51.72,51.72,0
QRS010,20170727,51.62,51.62,51.62,51.62,0
QRS010,20170728,52.07,52.07,52.07,52.07,0
QRS010,20170731,52.03,52.03,52.03,52.03,0
QRS010,20170801,51.98,51.98,51.98,51.98,0
QRS010,20170802,51.87,51.87,51.87,51.87,0
QRS010,20170803,51.95,51.95,51.95,51.95,0
QRS010,20170804,51.48,51.48,51.48,51.48,0
QRS010,20170807,51.48,51.48,51.48,51.48,0
QRS010,20170808,51.61,51.61,51.61,51.61,0
QRS010,20170809,52.36,52.36,52.36,52.36,0
QRS010,20170810,52.75,52.75,52.75,52.75,0
QRS010,20170811,52.86,52.86,52.86,52.86,0
QRS010,20170814,52.52,52.52,52.52,52.52,0
QRS010,20170816,52.55,52.55,52.55,52.55,0
QRS010,20170817,52.73,52.73,52.73,52.73,0
QRS010,20170818,52.66,52.66,52.66,52.66,0
QRS010,20170821,52.91,52.91,52.91,52.91,0
QRS010,20170822,52.61,52.61,52.61,52.61,0
QRS010,20170823,52.84,52.84,52.84,52.84,0
QRS010,20170824,52.65,52.65,52.65,52.65,0
QRS010,20170825,52.83,52.83,52.83,52.83,0
QRS010,20170828,53.54,53.54,53.54,53.54,0
QRS010,20170829,53.45,53.45,53.45,53.45,0
QRS010,20170830,53.45,53.45,53.45,53.45,0
QRS010,20170831,53.97,53.97,53.97,53.97,0
QRS010,20170901,54.10,54.10,54.10,54.10,0
QRS010,20170904,54.48,54.48,54.48,54.48,0
QRS010,20170905,54.70,54.70,54.70,54.70,0
QRS010,20170906,54.45,54.45,54.45,54.45,0
QRS010,20170907,55.06,55.06,55.06,55.06,0
QRS010,20170908,54.89,54.89,54.89,54.89,0
QRS010,20170911,54.12,54.12,54.12,54.12,0
QRS010,20170912,54.31,54.31,54.31,54.31,0
QRS010,20170913,53.95,53.95,53.95,53.95,0
QRS010,20170914,54.26,54.26,54.26,54.26,0
QRS010,20170915,53.83,53.83,53.83,53.83,0
QRS010,20170918,53.31,53.31,53.31,53.31,0
QRS010,20170919,53.45,53.45,53.45,53.45,0
QRS010,20170920,53.03,53.03,53.03,53.03,0
QRS010,20170921,52.63,52.63,52.63,52.63,0
