Name,Date,Open,High,Low,Close,Volume
QRS018,20131030,100.00,100.00,100.00,100.00,0
QRS018,20131031,100.01,100.01,100.01,100.01,0
QRS018,20131104,100.01,100.01,100.01,100.01,0
QRS018,20131105,100.00,100.00,100.00,100.00,0
QRS018,20131106,100.01,100.01,100.01,100.01,0
QRS018,20131107,100.10,100.10,100.10,100.10,0
QRS018,20131108,100.16,100.16,100.16,100.16,0
QRS018,20131112,100.19,100.19,100.19,100.19,0
QRS018,20131113,100.19,100.19,100.19,100.19,0
QRS018,20131114,100.24,100.24,100.24,100.24,0
QRS018,20131115,100.74,100.74,100.74,100.74,0
QRS018,20131118,101.25,101.25,101.25,101.25,0
QRS018,20131119,101.77,101.77,101.77,101.77,0
QRS018,20131120,102.46,102.46,102.46,102.46,0
QRS018,20131121,102.45,102.45,102.45,102.45,0
QRS018,20131122,102.45,102.45,102.45,102.45,0
QRS018,20131125,102.78,102.78,102.78,102.78,0
QRS018,20131126,102.54,102.54,102.54,102.54,0
QRS018,20131127,102.52,102.52,102.52,102.52,0
QRS018,20131128,102.60,102.60,102.60,102.60,0
QRS018,20131129,102.72,102.72,102.72,102.72,0
QRS018,20131202,102.72,102.72,102.72,102.72,0
QRS018,20131203,102.57,102.57,102.57,102.57,0
QRS018,20131204,102.50,102.50,102.50,102.50,0
QRS018,20131205,102.34,102.34,102.34,102.34,0
QRS018,20131206,102.40,102.40,102.40,102.40,0
QRS018,20131209,102.40,102.40,102.40,102.40,0
QRS018,20131210,102.42,102.42,102.42,102.42,0
QRS018,20131211,102.43,102.43,102.43,102.43,0
QRS018,20131212,102.37,102.37,102.37,102.37,0
QRS018,20131213,102.28,102.28,102.28,102.28,0
QRS018,20131216,102.31,102.31,102.31,102.31,0
QRS018,20131217,102.15,102.15,102.15,102.15,0
QRS018,20131218,102.09,102.09,102.09,102.09,0
QRS018,20131219,102.05,102.05,102.05,102.05,0
QRS018,20131220,101.98,101.98,101.98,101.98,0
QRS018,20131223,102.42,102.42,102.42,102.42,0
QRS018,20131227,102.55,102.55,102.55,102.55,0
QRS018,20131230,102.46,102.46,102.46,102.46,0
QRS018,20140102,102.54,102.54,102.54,102.54,0
QRS018,20140103,102.48,102.48,102.48,102.48,0
QRS018,20140107,102.29,102.29,102.29,102.29,0
QRS018,20140108,102.10,102.10,102.10,102.10,0
QRS018,20140109,102.02,102.02,102.02,102.02,0
QRS018,20140110,101.97,101.97,101.97,101.97,0
QRS018,20140113,102.03,102.03,102.03,102.03,0
QRS018,20140114,102.02,102.02,102.02,102.02,0
QRS018,20140115,102.11,102.11,102.11,102.11,0
QRS018,20140116,102.16,102.16,102.16,102.16,0
QRS018,20140117,102.16,102.16,102.16,102.16,0
QRS018,20140120,102.27,102.27,102.27,102.27,0
QRS018,20140121,102.39,102.39,102.39,102.39,0
QRS018,20140122,102.44,102.44,102.44,102.44,0
QRS018,20140123,102.44,102.44,102.44,102.44,0
QRS018,20140124,102.49,102.49,102.49,102.49,0
QRS018,20140127,102.37,102.37,102.37,102.37,0
QRS018,20140128,102.58,102.58,102.58,102.58,0
QRS018,20140129,102.56,102.56,102.56,102.56,0
QRS018,20140130,102.63,102.63,102.63,102.63,0
QRS018,20140131,102.60,102.60,102.60,102.60,0
QRS018,20140203,102.85,102.85,102.85,102.85,0
QRS018,20140204,102.75,102.75,102.75,102.75,0
QRS018,20140205,102.79,102.79,102.79,102.79,0
QRS018,20140206,102.97,102.97,102.97,102.97,0
QRS018,20140207,102.97,102.97,102.97,102.97,0
QRS018,20140210,102.97,102.97,102.97,102.97,0
QRS018,20140211,103.07,103.07,103.07,103.07,0
QRS018,20140212,103.20,103.20,103.20,103.20,0
QRS018,20140213,103.14,103.14,103.14,103.14,0
QRS018,20140214,103.23,103.23,103.23,103.23,0
QRS018,20140217,103.47,103.47,103.47,103.47,0
QRS018,20140218,103.48,103.48,103.48,103.48,0
QRS018,20140219,103.45,103.45,103.45,103.45,0
QRS018,20140220,103.38,103.38,103.38,103.38,0
QRS018,20140221,103.38,103.38,103.38,103.38,0
QRS018,20140224,103.41,103.41,103.41,103.41,0
QRS018,20140225,103.34,103.34,103.34,103.34,0
QRS018,20140226,103.24,103.24,103.24,103.24,0
QRS018,20140227,103.38,103.38,103.38,103.38,0
QRS018,20140228,103.81,103.81,103.81,103.81,0
QRS018,20140303,103.00,103.00,103.00,103.00,0
QRS018,20140304,103.43,103.43,103.43,103.43,0
QRS018,20140305,103.50,103.50,103.50,103.50,0
QRS018,20140306,103.49,103.49,103.49,103.49,0
QRS018,20140307,103.31,103.31,103.31,103.31,0
QRS018,20140310,103.14,103.14,103.14,103.14,0
QRS018,20140311,103.03,103.03,103.03,103.03,0
QRS018,20140312,102.87,102.87,102.87,102.87,0
QRS018,20140313,102.72,102.72,102.72,102.72,0
QRS018,20140314,102.37,102.37,102.37,102.37,0
QRS018,20140317,102.66,102.66,102.66,102.66,0
QRS018,20140318,102.70,102.70,102.70,102.70,0
QRS018,20140319,102.80,102.80,102.80,102.80,0
QRS018,20140320,102.78,102.78,102.78,102.78,0
QRS018,20140321,103.08,103.08,103.08,103.08,0
QRS018,20140324,102.99,102.99,102.99,102.99,0
QRS018,20140325,103.22,103.22,103.22,103.22,0
QRS018,20140326,103.38,103.38,103.38,103.38,0
QRS018,20140327,103.33,103.33,103.33,103.33,0
QRS018,20140328,103.37,103.37,103.37,103.37,0
QRS018,20140331,103.48,103.48,103.48,103.48,0
QRS018,20140401,103.45,103.45,103.45,103.45,0
QRS018,20140402,103.40,103.40,103.40,103.40,0
QRS018,20140403,103.26,103.26,103.26,103.26,0
QRS018,20140404,103.21,103.21,103.21,103.21,0
QRS018,20140407,103.16,103.16,103.16,103.16,0
QRS018,20140408,103.27,103.27,103.27,103.27,0
QRS018,20140409,103.31,103.31,103.31,103.31,0
QRS018,20140410,103.52,103.52,103.52,103.52,0
QRS018,20140411,103.35,103.35,103.35,103.35,0
QRS018,20140414,103.28,103.28,103.28,103.28,0
QRS018,20140415,103.14,103.14,103.14,103.14,0
QRS018,20140416,102.97,102.97,102.97,102.97,0
QRS018,20140417,103.02,103.02,103.02,103.02,0
QRS018,20140422,103.06,103.06,103.06,103.06,0
QRS018,20140423,103.08,103.08,103.08,103.08,0
QRS018,20140424,102.99,102.99,102.99,102.99,0
QRS018,20140425,102.95,102.95,102.95,102.95,0
QRS018,20140428,102.86,102.86,102.86,102.86,0
QRS018,20140429,102.78,102.78,102.78,102.78,0
QRS018,20140430,102.91,102.91,102.91,102.91,0
QRS018,20140502,102.85,102.85,102.85,102.85,0
QRS018,20140505,102.64,102.64,102.64,102.64,0
QRS018,20140506,102.66,102.66,102.66,102.66,0
QRS018,20140507,102.32,102.32,102.32,102.32,0
QRS018,20140508,102.33,102.33,102.33,102.33,0
QRS018,20140509,101.93,101.93,101.93,101.93,0
QRS018,20140512,101.53,101.53,101.53,101.53,0
QRS018,20140513,101.23,101.23,101.23,101.23,0
QRS018,20140514,101.67,101.67,101.67,101.67,0
QRS018,20140515,101.74,101.74,101.74,101.74,0
QRS018,20140516,101.68,101.68,101.68,101.68,0
QRS018,20140519,101.67,101.67,101.67,101.67,0
QRS018,20140520,101.49,101.49,101.49,101.49,0
QRS018,20140521,101.61,101.61,101.61,101.61,0
QRS018,20140522,101.62,101.62,101.62,101.62,0
QRS018,20140523,101.65,101.65,101.65,101.65,0
QRS018,20140526,101.79,101.79,101.79,101.79,0
QRS018,20140527,101.84,101.84,101.84,101.84,0
QRS018,20140528,101.92,101.92,101.92,101.92,0
QRS018,20140529,101.94,101.94,101.94,101.94,0
QRS018,20140530,102.02,102.02,102.02,102.02,0
QRS018,20140602,101.91,101.91,101.91,101.91,0
QRS018,20140603,102.05,102.05,102.05,102.05,0
QRS018,20140604,101.94,101.94,101.94,101.94,0
QRS018,20140605,101.95,101.95,101.95,101.95,0
QRS018,20140606,101.92,101.92,101.92,101.92,0
QRS018,20140609,101.97,101.97,101.97,101.97,0
QRS018,20140610,101.97,101.97,101.97,101.97,0
QRS018,20140611,101.89,101.89,101.89,101.89,0
QRS018,20140612,101.86,101.86,101.86,101.86,0
QRS018,20140613,101.68,101.68,101.68,101.68,0
QRS018,20140616,101.66,101.66,101.66,101.66,0
QRS018,20140617,101.73,101.73,101.73,101.73,0
QRS018,20140618,101.81,101.81,101.81,101.81,0
QRS018,20140620,101.88,101.88,101.88,101.88,0
QRS018,20140623,101.90,101.90,101.90,101.90,0
QRS018,20140624,101.95,101.95,101.95,101.95,0
QRS018,20140625,101.91,101.91,101.91,101.91,0
QRS018,20140626,101.93,101.93,101.93,101.93,0
QRS018,20140627,101.73,101.73,101.73,101.73,0
QRS018,20140630,101.83,101.83,101.83,101.83,0
QRS018,20140701,101.76,101.76,101.76,101.76,0
QRS018,20140702,101.64,101.64,101.64,101.64,0
QRS018,20140703,101.63,101.63,101.63,101.63,0
QRS018,20140704,101.63,101.63,101.63,101.63,0
QRS018,20140707,101.63,101.63,101.63,101.63,0
QRS018,20140708,101.47,101.47,101.47,101.47,0
QRS018,20140709,101.48,101.48,101.48,101.48,0
QRS018,20140710,101.36,101.36,101.36,101.36,0
QRS018,20140711,101.39,101.39,101.39,101.39,0
QRS018,20140714,101.41,101.41,101.41,101.41,0
QRS018,20140715,101.16,101.16,101.16,101.16,0
QRS018,20140716,101.04,101.04,101.04,101.04,0
QRS018,20140717,101.05,101.05,101.05,101.05,0
QRS018,20140718,101.05,101.05,101.05,101.05,0
QRS018,20140721,100.92,100.92,100.92,100.92,0
QRS018,20140722,100.96,100.96,100.96,100.96,0
QRS018,20140723,100.90,100.90,100.90,100.90,0
QRS018,20140724,100.74,100.74,100.74,100.74,0
QRS018,20140725,100.60,100.60,100.60,100.60,0
QRS018,20140728,100.47,100.47,100.47,100.47,0
QRS018,20140729,100.65,100.65,100.65,100.65,0
QRS018,20140730,100.49,100.49,100.49,100.49,0
QRS018,20140731,100.59,100.59,100.59,100.59,0
QRS018,20140801,100.60,100.60,100.60,100.60,0
QRS018,20140804,100.68,100.68,100.68,100.68,0
QRS018,20140805,100.60,100.60,100.60,100.60,0
QRS018,20140806,100.26,100.26,100.26,100.26,0
QRS018,20140807,99.77,99.77,99.77,99.77,0
QRS018,20140808,99.58,99.58,99.58,99.58,0
QRS018,20140811,99.80,99.80,99.80,99.80,0
QRS018,20140812,99.68,99.68,99.68,99.68,0
QRS018,20140813,99.61,99.61,99.61,99.61,0
QRS018,20140814,99.47,99.47,99.47,99.47,0
QRS018,20140818,99.63,99.63,99.63,99.63,0
QRS018,20140819,99.57,99.57,99.57,99.57,0
QRS018,20140820,99.66,99.66,99.66,99.66,0
QRS018,20140821,99.78,99.78,99.78,99.78,0
QRS018,20140822,99.79,99.79,99.79,99.79,0
QRS018,20140825,100.02,100.02,100.02,100.02,0
QRS018,20140826,100.14,100.14,100.14,100.14,0
QRS018,20140827,100.24,100.24,100.24,100.24,0
QRS018,20140828,100.24,100.24,100.24,100.24,0
QRS018,20140829,100.28,100.28,100.28,100.28,0
QRS018,20140901,100.22,100.22,100.22,100.22,0
QRS018,20140902,100.17,100.17,100.17,100.17,0
QRS018,20140903,100.20,100.20,100.20,100.20,0
QRS018,20140904,100.52,100.52,100.52,100.52,0
QRS018,20140905,100.42,100.42,100.42,100.42,0
QRS018,20140908,100.58,100.58,100.58,100.58,0
QRS018,20140909,100.55,100.55,100.55,100.55,0
QRS018,20140910,100.59,100.59,100.59,100.59,0
QRS018,20140911,100.69,100.69,100.69,100.69,0
QRS018,20140912,100.86,100.86,100.86,100.86,0
QRS018,20140915,100.98,100.98,100.98,100.98,0
QRS018,20140916,100.86,100.86,100.86,100.86,0
QRS018,20140917,100.94,100.94,100.94,100.94,0
QRS018,20140918,101.13,101.13,101.13,101.13,0
QRS018,20140919,101.00,101.00,101.00,101.00,0
QRS018,20140922,101.22,101.22,101.22,101.22,0
QRS018,20140923,101.09,101.09,101.09,101.09,0
QRS018,20140924,101.21,101.21,101.21,101.21,0
QRS018,20140925,101.19,101.19,101.19,101.19,0
QRS018,20140926,101.09,101.09,101.09,101.09,0
QRS018,20140929,101.10,101.10,101.10,101.10,0
QRS018,20140930,101.01,101.01,101.01,101.01,0
QRS018,20141001,101.11,101.11,101.11,101.11,0
QRS018,20141002,101.24,101.24,101.24,101.24,0
QRS018,20141003,101.17,101.17,101.17,101.17,0
QRS018,20141006,101.36,101.36,101.36,101.36,0
QRS018,20141007,101.21,101.21,101.21,101.21,0
QRS018,20141008,101.07,101.07,101.07,101.07,0
QRS018,20141009,101.13,101.13,101.13,101.13,0
QRS018,20141010,100.92,100.92,100.92,100.92,0
QRS018,20141013,100.86,100.86,100.86,100.86,0
QRS018,20141014,100.80,100.80,100.80,100.80,0
QRS018,20141015,100.91,100.91,100.91,100.91,0
QRS018,20141016,100.72,100.72,100.72,100.72,0
QRS018,20141017,100.79,100.79,100.79,100.79,0
QRS018,20141020,101.04,101.04,101.04,101.04,0
QRS018,20141021,100.80,100.80,100.80,100.80,0
QRS018,20141022,100.85,100.85,100.85,100.85,0
QRS018,20141023,100.84,100.84,100.84,100.84,0
QRS018,20141024,100.87,100.87,100.87,100.87,0
QRS018,20141027,100.78,100.78,100.78,100.78,0
QRS018,20141028,100.84,100.84,100.84,100.84,0
QRS018,20141029,100.84,100.84,100.84,100.84,0
QRS018,20141030,100.74,100.74,100.74,100.74,0
QRS018,20141031,100.86,100.86,100.86,100.86,0
QRS018,20141103,100.94,100.94,100.94,100.94,0
QRS018,20141104,101.05,101.05,101.05,101.05,0
QRS018,20141105,101.13,101.13,101.13,101.13,0
QRS018,20141106,100.95,100.95,100.95,100.95,0
QRS018,20141107,100.81,100.81,100.81,100.81,0
QRS018,20141110,100.82,100.82,100.82,100.82,0
QRS018,20141112,100.88,100.88,100.88,100.88,0
QRS018,20141113,100.78,100.78,100.78,100.78,0
QRS018,20141114,100.72,100.72,100.72,100.72,0
QRS018,20141117,101.18,101.18,101.18,101.18,0
QRS018,20141118,101.55,101.55,101.55,101.55,0
QRS018,20141119,101.43,101.43,101.43,101.43,0
QRS018,20141120,101.24,101.24,101.24,101.24,0
QRS018,20141121,101.46,101.46,101.46,101.46,0
QRS018,20141124,101.54,101.54,101.54,101.54,0
QRS018,20141125,101.45,101.45,101.45,101.45,0
QRS018,20141126,101.42,101.42,101.42,101.42,0
QRS018,20141127,101.74,101.74,101.74,101.74,0
QRS018,20141128,101.77,101.77,101.77,101.77,0
QRS018,20141201,101.43,101.43,101.43,101.43,0
QRS018,20141202,101.36,101.36,101.36,101.36,0
QRS018,20141203,101.62,101.62,101.62,101.62,0
QRS018,20141204,101.73,101.73,101.73,101.73,0
QRS018,20141205,101.70,101.70,101.70,101.70,0
QRS018,20141208,101.56,101.56,101.56,101.56,0
QRS018,20141209,101.53,101.53,101.53,101.53,0
QRS018,20141210,101.60,101.60,101.60,101.60,0
QRS018,20141211,101.75,101.75,101.75,101.75,0
QRS018,20141212,101.96,101.96,101.96,101.96,0
QRS018,20141215,102.02,102.02,102.02,102.02,0
QRS018,20141216,101.92,101.92,101.92,101.92,0
QRS018,20141217,101.76,101.76,101.76,101.76,0
QRS018,20141218,101.60,101.60,101.60,101.60,0
QRS018,20141219,101.53,101.53,101.53,101.53,0
QRS018,20141222,101.46,101.46,101.46,101.46,0
QRS018,20141223,101.53,101.53,101.53,101.53,0
QRS018,20141229,101.92,101.92,101.92,101.92,0
QRS018,20141230,101.64,101.64,101.64,101.64,0
QRS018,20150102,102.00,102.00,102.00,102.00,0
QRS018,20150105,102.23,102.23,102.23,102.23,0
QRS018,20150107,102.24,102.24,102.24,102.24,0
QRS018,20150108,102.44,102.44,102.44,102.44,0
QRS018,20150109,102.96,102.96,102.96,102.96,0
QRS018,20150112,103.01,103.01,103.01,103.01,0
QRS018,20150113,103.19,103.19,103.19,103.19,0
QRS018,20150114,102.87,102.87,102.87,102.87,0
QRS018,20150115,103.13,103.13,103.13,103.13,0
QRS018,20150116,103.16,103.16,103.16,103.16,0
QRS018,20150119,103.21,103.21,103.21,103.21,0
QRS018,20150120,103.02,103.02,103.02,103.02,0
QRS018,20150121,103.16,103.16,103.16,103.16,0
QRS018,20150122,103.35,103.35,103.35,103.35,0
QRS018,20150123,103.76,103.76,103.76,103.76,0
QRS018,20150126,103.76,103.76,103.76,103.76,0
QRS018,20150127,103.88,103.88,103.88,103.88,0
QRS018,20150128,103.77,103.77,103.77,103.77,0
QRS018,20150129,103.93,103.93,103.93,103.93,0
QRS018,20150130,104.07,104.07,104.07,104.07,0
QRS018,20150202,104.18,104.18,104.18,104.18,0
QRS018,20150203,104.18,104.18,104.18,104.18,0
QRS018,20150204,104.34,104.34,104.34,104.34,0
QRS018,20150205,104.20,104.20,104.20,104.20,0
QRS018,20150206,104.48,104.48,104.48,104.48,0
QRS018,20150209,104.48,104.48,104.48,104.48,0
QRS018,20150210,104.70,104.70,104.70,104.70,0
QRS018,20150211,104.72,104.72,104.72,104.72,0
QRS018,20150212,105.02,105.02,105.02,105.02,0
QRS018,20150213,105.28,105.28,105.28,105.28,0
QRS018,20150216,105.58,105.58,105.58,105.58,0
QRS018,20150217,105.60,105.60,105.60,105.60,0
QRS018,20150218,105.83,105.83,105.83,105.83,0
QRS018,20150219,105.79,105.79,105.79,105.79,0
QRS018,20150220,105.76,105.76,105.76,105.76,0
QRS018,20150223,106.04,106.04,106.04,106.04,0
QRS018,20150224,106.23,106.23,106.23,106.23,0
QRS018,20150225,107.16,107.16,107.16,107.16,0
QRS018,20150226,108.44,108.44,108.44,108.44,0
QRS018,20150227,108.89,108.89,108.89,108.89,0
QRS018,20150302,110.30,110.30,110.30,110.30,0
QRS018,20150303,110.68,110.68,110.68,110.68,0
QRS018,20150304,110.83,110.83,110.83,110.83,0
QRS018,20150305,110.77,110.77,110.77,110.77,0
QRS018,20150306,111.07,111.07,111.07,111.07,0
QRS018,20150309,110.95,110.95,110.95,110.95,0
QRS018,20150310,111.06,111.06,111.06,111.06,0
QRS018,20150311,110.91,110.91,110.91,110.91,0
QRS018,20150312,111.40,111.40,111.40,111.40,0
QRS018,20150313,111.55,111.55,111.55,111.55,0
QRS018,20150316,112.03,112.03,112.03,112.03,0
QRS018,20150317,112.01,112.01,112.01,112.01,0
QRS018,20150318,112.16,112.16,112.16,112.16,0
QRS018,20150319,112.34,112.34,112.34,112.34,0
QRS018,20150320,112.26,112.26,112.26,112.26,0
QRS018,20150323,112.25,112.25,112.25,112.25,0
QRS018,20150324,112.21,112.21,112.21,112.21,0
QRS018,20150325,112.03,112.03,112.03,112.03,0
QRS018,20150326,111.73,111.73,111.73,111.73,0
QRS018,20150327,112.39,112.39,112.39,112.39,0
QRS018,20150330,112.48,112.48,112.48,112.48,0
QRS018,20150331,112.43,112.43,112.43,112.43,0
QRS018,20150401,112.49,112.49,112.49,112.49,0
QRS018,20150402,112.80,112.80,112.80,112.80,0
QRS018,20150407,112.57,112.57,112.57,112.57,0
QRS018,20150408,112.74,112.74,112.74,112.74,0
QRS018,20150409,112.54,112.54,112.54,112.54,0
QRS018,20150410,113.15,113.15,113.15,113.15,0
QRS018,20150413,113.12,113.12,113.12,113.12,0
QRS018,20150414,113.57,113.57,113.57,113.57,0
QRS018,20150415,113.60,113.60,113.60,113.60,0
QRS018,20150416,113.76,113.76,113.76,113.76,0
QRS018,20150417,113.33,113.33,113.33,113.33,0
QRS018,20150420,113.25,113.25,113.25,113.25,0
QRS018,20150421,113.36,113.36,113.36,113.36,0
QRS018,20150422,113.34,113.34,113.34,113.34,0
QRS018,20150423,113.46,113.46,113.46,113.46,0
QRS018,20150424,113.84,113.84,113.84,113.84,0
QRS018,20150427,113.70,113.70,113.70,113.70,0
QRS018,20150428,113.73,113.73,113.73,113.73,0
QRS018,20150429,114.31,114.31,114.31,114.31,0
QRS018,20150430,114.14,114.14,114.14,114.14,0
QRS018,20150504,114.39,114.39,114.39,114.39,0
QRS018,20150505,114.71,114.71,114.71,114.71,0
QRS018,20150506,114.59,114.59,114.59,114.59,0
QRS018,20150507,114.81,114.81,114.81,114.81,0
QRS018,20150508,115.04,115.04,115.04,115.04,0
QRS018,20150511,115.09,115.09,115.09,115.09,0
QRS018,20150512,115.09,115.09,115.09,115.09,0
QRS018,20150513,115.24,115.24,115.24,115.24,0
QRS018,20150514,115.32,115.32,115.32,115.32,0
QRS018,20150515,115.83,115.83,115.83,115.83,0
QRS018,20150518,115.82,115.82,115.82,115.82,0
QRS018,20150519,115.84,115.84,115.84,115.84,0
QRS018,20150520,115.84,115.84,115.84,115.84,0
QRS018,20150521,115.85,115.85,115.85,115.85,0
QRS018,20150522,115.85,115.85,115.85,115.85,0
QRS018,20150525,115.87,115.87,115.87,115.87,0
QRS018,20150526,115.93,115.93,115.93,115.93,0
QRS018,20150527,116.07,116.07,116.07,116.07,0
QRS018,20150528,116.52,116.52,116.52,116.52,0
QRS018,20150529,116.45,116.45,116.45,116.45,0
QRS018,20150601,116.74,116.74,116.74,116.74,0
QRS018,20150602,116.43,116.43,116.43,116.43,0
QRS018,20150603,116.81,116.81,116.81,116.81,0
QRS018,20150605,116.60,116.60,116.60,116.60,0
QRS018,20150608,116.53,116.53,116.53,116.53,0
QRS018,20150609,116.40,116.40,116.40,116.40,0
QRS018,20150610,116.55,116.55,116.55,116.55,0
QRS018,20150611,116.48,116.48,116.48,116.48,0
QRS018,20150612,116.51,116.51,116.51,116.51,0
QRS018,20150615,116.29,116.29,116.29,116.29,0
QRS018,20150616,116.24,116.24,116.24,116.24,0
QRS018,20150617,116.19,116.19,116.19,116.19,0
QRS018,20150618,116.09,116.09,116.09,116.09,0
QRS018,20150619,116.00,116.00,116.00,116.00,0
QRS018,20150622,115.98,115.98,115.98,115.98,0
QRS018,20150623,116.14,116.14,116.14,116.14,0
QRS018,20150624,116.06,116.06,116.06,116.06,0
QRS018,20150625,115.94,115.94,115.94,115.94,0
QRS018,20150626,115.93,115.93,115.93,115.93,0
QRS018,20150629,115.34,115.34,115.34,115.34,0
QRS018,20150630,115.14,115.14,115.14,115.14,0
QRS018,20150701,115.32,115.32,115.32,115.32,0
QRS018,20150702,115.33,115.33,115.33,115.33,0
QRS018,20150703,115.20,115.20,115.20,115.20,0
QRS018,20150706,115.18,115.18,115.18,115.18,0
QRS018,20150707,114.84,114.84,114.84,114.84,0
QRS018,20150708,114.44,114.44,114.44,114.44,0
QRS018,20150709,114.39,114.39,114.39,114.39,0
QRS018,20150710,114.47,114.47,114.47,114.47,0
QRS018,20150713,114.66,114.66,114.66,114.66,0
QRS018,20150714,114.85,114.85,114.85,114.85,0
QRS018,20150715,115.18,115.18,115.18,115.18,0
QRS018,20150716,115.79,115.79,115.79,115.79,0
QRS018,20150717,115.83,115.83,115.83,115.83,0
QRS018,20150720,115.71,115.71,115.71,115.71,0
QRS018,20150721,115.44,115.44,115.44,115.44,0
QRS018,20150722,115.23,115.23,115.23,115.23,0
QRS018,20150723,115.48,115.48,115.48,115.48,0
QRS018,20150724,115.32,115.32,115.32,115.32,0
QRS018,20150727,115.36,115.36,115.36,115.36,0
QRS018,20150728,115.64,115.64,115.64,115.64,0
QRS018,20150729,115.89,115.89,115.89,115.89,0
QRS018,20150730,115.73,115.73,115.73,115.73,0
QRS018,20150731,116.32,116.32,116.32,116.32,0
QRS018,20150803,116.33,116.33,116.33,116.33,0
QRS018,20150804,116.42,116.42,116.42,116.42,0
QRS018,20150805,117.14,117.14,117.14,117.14,0
QRS018,20150806,116.69,116.69,116.69,116.69,0
QRS018,20150807,116.97,116.97,116.97,116.97,0
QRS018,20150810,117.19,117.19,117.19,117.19,0
QRS018,20150811,117.15,117.15,117.15,117.15,0
QRS018,20150812,117.04,117.04,117.04,117.04,0
QRS018,20150813,117.50,117.50,117.50,117.50,0
QRS018,20150814,117.55,117.55,117.55,117.55,0
QRS018,20150817,117.25,117.25,117.25,117.25,0
QRS018,20150818,117.10,117.10,117.10,117.10,0
QRS018,20150819,117.24,117.24,117.24,117.24,0
QRS018,20150820,117.16,117.16,117.16,117.16,0
QRS018,20150821,116.71,116.71,116.71,116.71,0
QRS018,20150824,113.45,113.45,113.45,113.45,0
QRS018,20150825,113.63,113.63,113.63,113.63,0
QRS018,20150826,114.18,114.18,114.18,114.18,0
QRS018,20150827,114.70,114.70,114.70,114.70,0
QRS018,20150828,115.05,115.05,115.05,115.05,0
QRS018,20150831,115.29,115.29,115.29,115.29,0
QRS018,20150901,114.67,114.67,114.67,114.67,0
QRS018,20150902,114.64,114.64,114.64,114.64,0
QRS018,20150903,114.85,114.85,114.85,114.85,0
QRS018,20150904,114.76,114.76,114.76,114.76,0
QRS018,20150907,114.67,114.67,114.67,114.67,0
QRS018,20150908,114.61,114.61,114.61,114.61,0
QRS018,20150909,114.91,114.91,114.91,114.91,0
QRS018,20150910,115.11,115.11,115.11,115.11,0
QRS018,20150911,115.21,115.21,115.21,115.21,0
QRS018,20150914,115.26,115.26,115.26,115.26,0
QRS018,20150915,115.21,115.21,115.21,115.21,0
QRS018,20150916,115.06,115.06,115.06,115.06,0
QRS018,20150917,115.71,115.71,115.71,115.71,0
QRS018,20150918,115.73,115.73,115.73,115.73,0
QRS018,20150921,115.59,115.59,115.59,115.59,0
QRS018,20150922,115.22,115.22,115.22,115.22,0
QRS018,20150923,115.17,115.17,115.17,115.17,0
QRS018,20150924,114.89,114.89,114.89,114.89,0
QRS018,20150925,115.16,115.16,115.16,115.16,0
QRS018,20150928,114.87,114.87,114.87,114.87,0
QRS018,20150929,114.68,114.68,114.68,114.68,0
QRS018,20150930,115.06,115.06,115.06,115.06,0
QRS018,20151001,114.71,114.71,114.71,114.71,0
QRS018,20151002,114.71,114.71,114.71,114.71,0
QRS018,20151005,114.72,114.72,114.72,114.72,0
QRS018,20151006,115.29,115.29,115.29,115.29,0
QRS018,20151007,115.35,115.35,115.35,115.35,0
QRS018,20151008,115.46,115.46,115.46,115.46,0
QRS018,20151009,115.71,115.71,115.71,115.71,0
QRS018,20151012,115.56,115.56,115.56,115.56,0
QRS018,20151013,115.52,115.52,115.52,115.52,0
QRS018,20151014,115.39,115.39,115.39,115.39,0
QRS018,20151015,115.49,115.49,115.49,115.49,0
QRS018,20151016,115.52,115.52,115.52,115.52,0
QRS018,20151019,115.47,115.47,115.47,115.47,0
QRS018,20151020,115.63,115.63,115.63,115.63,0
QRS018,20151021,115.56,115.56,115.56,115.56,0
QRS018,20151022,115.85,115.85,115.85,115.85,0
QRS018,20151023,115.96,115.96,115.96,115.96,0
QRS018,20151026,115.94,115.94,115.94,115.94,0
QRS018,20151027,115.98,115.98,115.98,115.98,0
QRS018,20151028,116.09,116.09,116.09,116.09,0
QRS018,20151029,115.66,115.66,115.66,115.66,0
QRS018,20151030,115.77,115.77,115.77,115.77,0
QRS018,20151102,115.96,115.96,115.96,115.96,0
QRS018,20151103,115.78,115.78,115.78,115.78,0
QRS018,20151104,115.79,115.79,115.79,115.79,0
QRS018,20151105,115.88,115.88,115.88,115.88,0
QRS018,20151106,115.60,115.60,115.60,115.60,0
QRS018,20151109,115.29,115.29,115.29,115.29,0
QRS018,20151110,115.32,115.32,115.32,115.32,0
QRS018,20151112,115.13,115.13,115.13,115.13,0
QRS018,20151113,114.74,114.74,114.74,114.74,0
QRS018,20151116,114.34,114.34,114.34,114.34,0
QRS018,20151117,114.74,114.74,114.74,114.74,0
QRS018,20151118,114.59,114.59,114.59,114.59,0
QRS018,20151119,114.52,114.52,114.52,114.52,0
QRS018,20151120,114.81,114.81,114.81,114.81,0
QRS018,20151123,114.30,114.30,114.30,114.30,0
QRS018,20151124,114.22,114.22,114.22,114.22,0
QRS018,20151125,114.35,114.35,114.35,114.35,0
QRS018,20151126,114.64,114.64,114.64,114.64,0
QRS018,20151127,114.30,114.30,114.30,114.30,0
QRS018,20151130,114.74,114.74,114.74,114.74,0
QRS018,20151201,114.67,114.67,114.67,114.67,0
QRS018,20151202,114.39,114.39,114.39,114.39,0
QRS018,20151203,114.23,114.23,114.23,114.23,0
QRS018,20151204,113.81,113.81,113.81,113.81,0
QRS018,20151207,113.83,113.83,113.83,113.83,0
QRS018,20151208,113.16,113.16,113.16,113.16,0
QRS018,20151209,112.48,112.48,112.48,112.48,0
QRS018,20151210,112.80,112.80,112.80,112.80,0
QRS018,20151211,112.34,112.34,112.34,112.34,0
QRS018,20151214,111.65,111.65,111.65,111.65,0
QRS018,20151215,112.07,112.07,112.07,112.07,0
QRS018,20151216,112.04,112.04,112.04,112.04,0
QRS018,20151217,112.53,112.53,112.53,112.53,0
QRS018,20151218,112.58,112.58,112.58,112.58,0
QRS018,20151221,112.61,112.61,112.61,112.61,0
QRS018,20151222,112.83,112.83,112.83,112.83,0
QRS018,20151223,113.07,113.07,113.07,113.07,0
QRS018,20151228,113.23,113.23,113.23,113.23,0
QRS018,20151229,113.90,113.90,113.90,113.90,0
QRS018,20151230,114.25,114.25,114.25,114.25,0
QRS018,20160104,113.48,113.48,113.48,113.48,0
QRS018,20160105,113.49,113.49,113.49,113.49,0
QRS018,20160107,112.68,112.68,112.68,112.68,0
QRS018,20160108,112.59,112.59,112.59,112.59,0
QRS018,20160111,112.13,112.13,112.13,112.13,0
QRS018,20160112,112.38,112.38,112.38,112.38,0
QRS018,20160113,112.30,112.30,112.30,112.30,0
QRS018,20160114,112.29,112.29,112.29,112.29,0
QRS018,20160115,112.03,112.03,112.03,112.03,0
QRS018,20160118,110.85,110.85,110.85,110.85,0
QRS018,20160119,111.19,111.19,111.19,111.19,0
QRS018,20160120,110.55,110.55,110.55,110.55,0
QRS018,20160121,110.37,110.37,110.37,110.37,0
QRS018,20160122,110.89,110.89,110.89,110.89,0
QRS018,20160125,110.96,110.96,110.96,110.96,0
QRS018,20160126,110.83,110.83,110.83,110.83,0
QRS018,20160127,110.60,110.60,110.60,110.60,0
QRS018,20160128,111.02,111.02,111.02,111.02,0
QRS018,20160129,111.24,111.24,111.24,111.24,0
QRS018,20160201,111.34,111.34,111.34,111.34,0
QRS018,20160202,111.07,111.07,111.07,111.07,0
QRS018,20160203,111.00,111.00,111.00,111.00,0
QRS018,20160204,111.41,111.41,111.41,111.41,0
QRS018,20160205,111.34,111.34,111.34,111.34,0
QRS018,20160208,111.24,111.24,111.24,111.24,0
QRS018,20160209,111.16,111.16,111.16,111.16,0
QRS018,20160210,111.29,111.29,111.29,111.29,0
QRS018,20160211,111.26,111.26,111.26,111.26,0
QRS018,20160212,111.66,111.66,111.66,111.66,0
QRS018,20160215,112.24,112.24,112.24,112.24,0
QRS018,20160216,112.16,112.16,112.16,112.16,0
QRS018,20160217,112.47,112.47,112.47,112.47,0
QRS018,20160218,112.68,112.68,112.68,112.68,0
QRS018,20160219,112.74,112.74,112.74,112.74,0
QRS018,20160222,113.21,113.21,113.21,113.21,0
QRS018,20160223,113.21,113.21,113.21,113.21,0
QRS018,20160224,112.82,112.82,112.82,112.82,0
QRS018,20160225,113.01,113.01,113.01,113.01,0
QRS018,20160226,113.38,113.38,113.38,113.38,0
QRS018,20160229,113.46,113.46,113.46,113.46,0
QRS018,20160301,113.22,113.22,113.22,113.22,0
QRS018,20160302,113.52,113.52,113.52,113.52,0
QRS018,20160303,113.61,113.61,113.61,113.61,0
QRS018,20160304,113.56,113.56,113.56,113.56,0
QRS018,20160307,113.63,113.63,113.63,113.63,0
QRS018,20160308,113.78,113.78,113.78,113.78,0
QRS018,20160309,113.80,113.80,113.80,113.80,0
QRS018,20160310,113.99,113.99,113.99,113.99,0
QRS018,20160311,114.19,114.19,114.19,114.19,0
QRS018,20160314,114.13,114.13,114.13,114.13,0
QRS018,20160315,114.09,114.09,114.09,114.09,0
QRS018,20160316,114.01,114.01,114.01,114.01,0
QRS018,20160317,114.05,114.05,114.05,114.05,0
QRS018,20160318,114.70,114.70,114.70,114.70,0
QRS018,20160321,114.63,114.63,114.63,114.63,0
QRS018,20160322,114.53,114.53,114.53,114.53,0
QRS018,20160323,114.60,114.60,114.60,114.60,0
QRS018,20160324,114.64,114.64,114.64,114.64,0
QRS018,20160329,114.84,114.84,114.84,114.84,0
QRS018,20160330,115.01,115.01,115.01,115.01,0
QRS018,20160331,115.08,115.08,115.08,115.08,0
QRS018,20160401,115.33,115.33,115.33,115.33,0
QRS018,20160404,115.68,115.68,115.68,115.68,0
QRS018,20160405,115.80,115.80,115.80,115.80,0
QRS018,20160406,115.75,115.75,115.75,115.75,0
QRS018,20160407,115.83,115.83,115.83,115.83,0
QRS018,20160408,115.82,115.82,115.82,115.82,0
QRS018,20160411,115.79,115.79,115.79,115.79,0
QRS018,20160412,115.77,115.77,115.77,115.77,0
QRS018,20160413,115.83,115.83,115.83,115.83,0
QRS018,20160414,115.89,115.89,115.89,115.89,0
QRS018,20160415,115.99,115.99,115.99,115.99,0
QRS018,20160418,115.96,115.96,115.96,115.96,0
QRS018,20160419,115.95,115.95,115.95,115.95,0
QRS018,20160420,115.88,115.88,115.88,115.88,0
QRS018,20160421,116.08,116.08,116.08,116.08,0
QRS018,20160422,116.38,116.38,116.38,116.38,0
QRS018,20160425,116.64,116.64,116.64,116.64,0
QRS018,20160426,116.72,116.72,116.72,116.72,0
QRS018,20160427,116.94,116.94,116.94,116.94,0
QRS018,20160428,116.93,116.93,116.93,116.93,0
QRS018,20160429,117.19,117.19,117.19,117.19,0
QRS018,20160502,117.38,117.38,117.38,117.38,0
QRS018,20160504,117.44,117.44,117.44,117.44,0
QRS018,20160505,117.34,117.34,117.34,117.34,0
QRS018,20160506,117.18,117.18,117.18,117.18,0
QRS018,20160509,117.15,117.15,117.15,117.15,0
QRS018,20160510,117.22,117.22,117.22,117.22,0
QRS018,20160511,117.26,117.26,117.26,117.26,0
QRS018,20160512,117.58,117.58,117.58,117.58,0
QRS018,20160513,117.61,117.61,117.61,117.61,0
QRS018,20160516,117.44,117.44,117.44,117.44,0
QRS018,20160517,117.28,117.28,117.28,117.28,0
QRS018,20160518,116.82,116.82,116.82,116.82,0
QRS018,20160519,116.45,116.45,116.45,116.45,0
QRS018,20160520,116.61,116.61,116.61,116.61,0
QRS018,20160523,116.61,116.61,116.61,116.61,0
QRS018,20160524,116.61,116.61,116.61,116.61,0
QRS018,20160525,116.76,116.76,116.76,116.76,0
QRS018,20160527,116.88,116.88,116.88,116.88,0
QRS018,20160530,116.89,116.89,116.89,116.89,0
QRS018,20160531,116.67,116.67,116.67,116.67,0
QRS018,20160601,115.86,115.86,115.86,115.86,0
QRS018,20160602,115.69,115.69,115.69,115.69,0
QRS018,20160603,115.69,115.69,115.69,115.69,0
QRS018,20160606,115.71,115.71,115.71,115.71,0
QRS018,20160607,115.97,115.97,115.97,115.97,0
QRS018,20160608,115.80,115.80,115.80,115.80,0
QRS018,20160609,115.54,115.54,115.54,115.54,0
QRS018,20160610,115.44,115.44,115.44,115.44,0
QRS018,20160613,115.17,115.17,115.17,115.17,0
QRS018,20160614,114.87,114.87,114.87,114.87,0
QRS018,20160615,114.95,114.95,114.95,114.95,0
QRS018,20160616,114.31,114.31,114.31,114.31,0
QRS018,20160617,114.58,114.58,114.58,114.58,0
QRS018,20160620,114.62,114.62,114.62,114.62,0
QRS018,20160621,114.96,114.96,114.96,114.96,0
QRS018,20160622,114.86,114.86,114.86,114.86,0
QRS018,20160623,115.20,115.20,115.20,115.20,0
QRS018,20160624,114.44,114.44,114.44,114.44,0
QRS018,20160627,114.10,114.10,114.10,114.10,0
QRS018,20160628,114.31,114.31,114.31,114.31,0
QRS018,20160629,115.06,115.06,115.06,115.06,0
QRS018,20160630,115.43,115.43,115.43,115.43,0
QRS018,20160701,115.39,115.39,115.39,115.39,0
QRS018,20160704,115.18,115.18,115.18,115.18,0
QRS018,20160705,115.17,115.17,115.17,115.17,0
QRS018,20160706,114.80,114.80,114.80,114.80,0
QRS018,20160707,115.08,115.08,115.08,115.08,0
QRS018,20160708,115.09,115.09,115.09,115.09,0
QRS018,20160711,115.38,115.38,115.38,115.38,0
QRS018,20160712,115.76,115.76,115.76,115.76,0
QRS018,20160713,115.71,115.71,115.71,115.71,0
QRS018,20160714,116.26,116.26,116.26,116.26,0
QRS018,20160715,116.66,116.66,116.66,116.66,0
QRS018,20160718,116.87,116.87,116.87,116.87,0
QRS018,20160719,117.00,117.00,117.00,117.00,0
QRS018,20160720,117.36,117.36,117.36,117.36,0
QRS018,20160721,117.48,117.48,117.48,117.48,0
QRS018,20160722,117.45,117.45,117.45,117.45,0
QRS018,20160725,117.60,117.60,117.60,117.60,0
QRS018,20160726,117.83,117.83,117.83,117.83,0
QRS018,20160727,117.64,117.64,117.64,117.64,0
QRS018,20160728,117.66,117.66,117.66,117.66,0
QRS018,20160729,117.36,117.36,117.36,117.36,0
QRS018,20160801,117.26,117.26,117.26,117.26,0
QRS018,20160802,117.61,117.61,117.61,117.61,0
QRS018,20160803,117.30,117.30,117.30,117.30,0
QRS018,20160804,117.47,117.47,117.47,117.47,0
QRS018,20160805,117.59,117.59,117.59,117.59,0
QRS018,20160808,117.71,117.71,117.71,117.71,0
QRS018,20160809,117.71,117.71,117.71,117.71,0
QRS018,20160810,117.75,117.75,117.75,117.75,0
QRS018,20160811,117.78,117.78,117.78,117.78,0
QRS018,20160812,117.80,117.80,117.80,117.80,0
QRS018,20160816,118.11,118.11,118.11,118.11,0
QRS018,20160817,117.95,117.95,117.95,117.95,0
QRS018,20160818,117.77,117.77,117.77,117.77,0
QRS018,20160819,117.69,117.69,117.69,117.69,0
QRS018,20160822,117.65,117.65,117.65,117.65,0
QRS018,20160823,117.71,117.71,117.71,117.71,0
QRS018,20160824,117.85,117.85,117.85,117.85,0
QRS018,20160825,117.83,117.83,117.83,117.83,0
QRS018,20160826,117.87,117.87,117.87,117.87,0
QRS018,20160829,118.04,118.04,118.04,118.04,0
QRS018,20160830,118.04,118.04,118.04,118.04,0
QRS018,20160831,118.52,118.52,118.52,118.52,0
QRS018,20160901,117.98,117.98,117.98,117.98,0
QRS018,20160902,118.04,118.04,118.04,118.04,0
QRS018,20160905,117.94,117.94,117.94,117.94,0
QRS018,20160906,117.81,117.81,117.81,117.81,0
QRS018,20160907,117.92,117.92,117.92,117.92,0
QRS018,20160908,117.86,117.86,117.86,117.86,0
QRS018,20160909,117.74,117.74,117.74,117.74,0
QRS018,20160912,117.57,117.57,117.57,117.57,0
QRS018,20160913,117.52,117.52,117.52,117.52,0
QRS018,20160914,117.55,117.55,117.55,117.55,0
QRS018,20160915,117.55,117.55,117.55,117.55,0
QRS018,20160916,117.48,117.48,117.48,117.48,0
QRS018,20160919,117.51,117.51,117.51,117.51,0
QRS018,20160920,117.59,117.59,117.59,117.59,0
QRS018,20160921,117.66,117.66,117.66,117.66,0
QRS018,20160922,117.73,117.73,117.73,117.73,0
QRS018,20160923,117.79,117.79,117.79,117.79,0
QRS018,20160926,117.59,117.59,117.59,117.59,0
QRS018,20160927,117.50,117.50,117.50,117.50,0
QRS018,20160928,117.55,117.55,117.55,117.55,0
QRS018,20160929,117.82,117.82,117.82,117.82,0
QRS018,20160930,117.64,117.64,117.64,117.64,0
QRS018,20161003,117.91,117.91,117.91,117.91,0
QRS018,20161004,118.33,118.33,118.33,118.33,0
QRS018,20161005,118.50,118.50,118.50,118.50,0
QRS018,20161006,118.52,118.52,118.52,118.52,0
QRS018,20161007,118.62,118.62,118.62,118.62,0
QRS018,20161010,119.09,119.09,119.09,119.09,0
QRS018,20161011,118.86,118.86,118.86,118.86,0
QRS018,20161012,118.65,118.65,118.65,118.65,0
QRS018,20161013,118.55,118.55,118.55,118.55,0
QRS018,20161014,118.43,118.43,118.43,118.43,0
QRS018,20161017,118.51,118.51,118.51,118.51,0
QRS018,20161018,118.49,118.49,118.49,118.49,0
QRS018,20161019,118.47,118.47,118.47,118.47,0
QRS018,20161020,118.56,118.56,118.56,118.56,0
QRS018,20161021,118.69,118.69,118.69,118.69,0
QRS018,20161024,118.66,118.66,118.66,118.66,0
QRS018,20161025,118.53,118.53,118.53,118.53,0
QRS018,20161026,118.62,118.62,118.62,118.62,0
QRS018,20161027,118.88,118.88,118.88,118.88,0
QRS018,20161028,119.08,119.08,119.08,119.08,0
QRS018,20161031,118.98,118.98,118.98,118.98,0
QRS018,20161102,118.72,118.72,118.72,118.72,0
QRS018,20161103,118.32,118.32,118.32,118.32,0
QRS018,20161104,118.37,118.37,118.37,118.37,0
QRS018,20161107,118.47,118.47,118.47,118.47,0
QRS018,20161108,118.45,118.45,118.45,118.45,0
QRS018,20161109,118.44,118.44,118.44,118.44,0
QRS018,20161110,118.29,118.29,118.29,118.29,0
QRS018,20161114,118.13,118.13,118.13,118.13,0
QRS018,20161115,117.99,117.99,117.99,117.99,0
QRS018,20161116,117.93,117.93,117.93,117.93,0
QRS018,20161117,117.95,117.95,117.95,117.95,0
QRS018,20161118,117.95,117.95,117.95,117.95,0
QRS018,20161121,117.99,117.99,117.99,117.99,0
QRS018,20161122,118.56,118.56,118.56,118.56,0
QRS018,20161123,118.56,118.56,118.56,118.56,0
QRS018,20161124,118.24,118.24,118.24,118.24,0
QRS018,20161125,118.57,118.57,118.57,118.57,0
QRS018,20161128,118.35,118.35,118.35,118.35,0
QRS018,20161129,118.41,118.41,118.41,118.41,0
QRS018,20161130,118.36,118.36,118.36,118.36,0
QRS018,20161201,118.19,118.19,118.19,118.19,0
QRS018,20161202,118.27,118.27,118.27,118.27,0
QRS018,20161205,118.22,118.22,118.22,118.22,0
QRS018,20161206,118.22,118.22,118.22,118.22,0
QRS018,20161207,118.23,118.23,118.23,118.23,0
QRS018,20161208,118.50,118.50,118.50,118.50,0
QRS018,20161209,118.36,118.36,118.36,118.36,0
QRS018,20161212,118.36,118.36,118.36,118.36,0
QRS018,20161213,118.36,118.36,118.36,118.36,0
QRS018,20161214,118.12,118.12,118.12,118.12,0
QRS018,20161215,118.47,118.47,118.47,118.47,0
QRS018,20161216,118.54,118.54,118.54,118.54,0
QRS018,20161219,118.52,118.52,118.52,118.52,0
QRS018,20161220,118.69,118.69,118.69,118.69,0
QRS018,20161221,118.75,118.75,118.75,118.75,0
QRS018,20161222,118.74,118.74,118.74,118.74,0
QRS018,20161223,118.89,118.89,118.89,118.89,0
QRS018,20161227,118.72,118.72,118.72,118.72,0
QRS018,20161228,118.86,118.86,118.86,118.86,0
QRS018,20161229,119.35,119.35,119.35,119.35,0
QRS018,20161230,119.46,119.46,119.46,119.46,0
QRS018,20170102,119.59,119.59,119.59,119.59,0
QRS018,20170103,119.81,119.81,119.81,119.81,0
QRS018,20170104,119.93,119.93,119.93,119.93,0
QRS018,20170105,119.89,119.89,119.89,119.89,0
QRS018,20170109,119.70,119.70,119.70,119.70,0
QRS018,20170110,119.63,119.63,119.63,119.63,0
QRS018,20170111,119.46,119.46,119.46,119.46,0
QRS018,20170112,119.70,119.70,119.70,119.70,0
QRS018,20170113,119.69,119.69,119.69,119.69,0
QRS018,20170116,119.73,119.73,119.73,119.73,0
QRS018,20170117,119.78,119.78,119.78,119.78,0
QRS018,20170118,119.83,119.83,119.83,119.83,0
QRS018,20170119,119.73,119.73,119.73,119.73,0
QRS018,20170120,119.98,119.98,119.98,119.98,0
QRS018,20170123,119.92,119.92,119.92,119.92,0
QRS018,20170124,120.25,120.25,120.25,120.25,0
QRS018,20170125,119.95,119.95,119.95,119.95,0
QRS018,20170126,120.06,120.06,120.06,120.06,0
QRS018,20170127,119.83,119.83,119.83,119.83,0
QRS018,20170130,120.43,120.43,120.43,120.43,0
QRS018,20170131,120.36,120.36,120.36,120.36,0
QRS018,20170201,120.29,120.29,120.29,120.29,0
QRS018,20170202,120.31,120.31,120.31,120.31,0
QRS018,20170203,120.16,120.16,120.16,120.16,0
QRS018,20170206,120.13,120.13,120.13,120.13,0
QRS018,20170207,120.11,120.11,120.11,120.11,0
QRS018,20170208,120.10,120.10,120.10,120.10,0
QRS018,20170209,119.97,119.97,119.97,119.97,0
QRS018,20170210,119.77,119.77,119.77,119.77,0
QRS018,20170213,119.63,119.63,119.63,119.63,0
QRS018,20170214,119.76,119.76,119.76,119.76,0
QRS018,20170215,119.48,119.48,119.48,119.48,0
QRS018,20170216,118.99,118.99,118.99,118.99,0
QRS018,20170217,119.07,119.07,119.07,119.07,0
QRS018,20170220,119.02,119.02,119.02,119.02,0
QRS018,20170221,117.99,117.99,117.99,117.99,0
QRS018,20170222,118.61,118.61,118.61,118.61,0
QRS018,20170223,119.00,119.00,119.00,119.00,0
QRS018,20170224,119.29,119.29,119.29,119.29,0
QRS018,20170227,119.36,119.36,119.36,119.36,0
QRS018,20170228,120.02,120.02,120.02,120.02,0
QRS018,20170301,119.48,119.48,119.48,119.48,0
QRS018,20170302,119.57,119.57,119.57,119.57,0
QRS018,20170303,119.87,119.87,119.87,119.87,0
QRS018,20170306,120.27,120.27,120.27,120.27,0
QRS018,20170307,120.06,120.06,120.06,120.06,0
QRS018,20170308,119.93,119.93,119.93,119.93,0
QRS018,20170309,119.82,119.82,119.82,119.82,0
QRS018,20170310,119.82,119.82,119.82,119.82,0
QRS018,20170313,119.48,119.48,119.48,119.48,0
QRS018,20170314,119.39,119.39,119.39,119.39,0
QRS018,20170315,119.56,119.56,119.56,119.56,0
QRS018,20170316,119.57,119.57,119.57,119.57,0
QRS018,20170317,119.86,119.86,119.86,119.86,0
QRS018,20170320,119.73,119.73,119.73,119.73,0
QRS018,20170321,119.37,119.37,119.37,119.37,0
QRS018,20170322,119.38,119.38,119.38,119.38,0
QRS018,20170323,119.46,119.46,119.46,119.46,0
QRS018,20170324,119.62,119.62,119.62,119.62,0
QRS018,20170327,119.86,119.86,119.86,119.86,0
QRS018,20170328,119.61,119.61,119.61,119.61,0
QRS018,20170329,119.46,119.46,119.46,119.46,0
QRS018,20170330,119.69,119.69,119.69,119.69,0
QRS018,20170331,119.74,119.74,119.74,119.74,0
QRS018,20170403,119.73,119.73,119.73,119.73,0
QRS018,20170404,119.96,119.96,119.96,119.96,0
QRS018,20170405,120.26,120.26,120.26,120.26,0
QRS018,20170406,120.36,120.36,120.36,120.36,0
QRS018,20170407,120.31,120.31,120.31,120.31,0
QRS018,20170410,120.38,120.38,120.38,120.38,0
QRS018,20170411,120.63,120.63,120.63,120.63,0
QRS018,20170412,120.42,120.42,120.42,120.42,0
QRS018,20170413,120.34,120.34,120.34,120.34,0
QRS018,20170418,120.14,120.14,120.14,120.14,0
QRS018,20170419,119.93,119.93,119.93,119.93,0
QRS018,20170420,119.90,119.90,119.90,119.90,0
QRS018,20170421,119.86,119.86,119.86,119.86,0
QRS018,20170424,119.92,119.92,119.92,119.92,0
QRS018,20170425,119.80,119.80,119.80,119.80,0
QRS018,20170426,119.47,119.47,119.47,119.47,0
QRS018,20170427,119.78,119.78,119.78,119.78,0
QRS018,20170428,120.23,120.23,120.23,120.23,0
QRS018,20170502,119.98,119.98,119.98,119.98,0
QRS018,20170504,120.03,120.03,120.03,120.03,0
QRS018,20170505,120.14,120.14,120.14,120.14,0
QRS018,20170508,120.18,120.18,120.18,120.18,0
QRS018,20170509,119.97,119.97,119.97,119.97,0
QRS018,20170510,120.22,120.22,120.22,120.22,0
QRS018,20170511,120.53,120.53,120.53,120.53,0
QRS018,20170512,120.66,120.66,120.66,120.66,0
QRS018,20170515,120.66,120.66,120.66,120.66,0
QRS018,20170516,120.37,120.37,120.37,120.37,0
QRS018,20170517,120.32,120.32,120.32,120.32,0
QRS018,20170518,120.24,120.24,120.24,120.24,0
QRS018,20170519,120.34,120.34,120.34,120.34,0
QRS018,20170522,120.18,120.18,120.18,120.18,0
QRS018,20170523,120.28,120.28,120.28,120.28,0
QRS018,20170524,120.17,120.17,120.17,120.17,0
QRS018,20170525,119.91,119.91,119.91,119.91,0
QRS018,20170526,120.28,120.28,120.28,120.28,0
QRS018,20170529,120.49,120.49,120.49,120.49,0
QRS018,20170530,120.69,120.69,120.69,120.69,0
QRS018,20170531,120.76,120.76,120.76,120.76,0
QRS018,20170601,120.42,120.42,120.42,120.42,0
QRS018,20170602,120.46,120.46,120.46,120.46,0
QRS018,20170605,120.69,120.69,120.69,120.69,0
QRS018,20170606,120.34,120.34,120.34,120.34,0
QRS018,20170607,120.34,120.34,120.34,120.34,0
QRS018,20170608,120.46,120.46,120.46,120.46,0
QRS018,20170609,120.47,120.47,120.47,120.47,0
QRS018,20170612,120.38,120.38,120.38,120.38,0
QRS018,20170613,120.34,120.34,120.34,120.34,0
QRS018,20170614,120.27,120.27,120.27,120.27,0
QRS018,20170619,120.18,120.18,120.18,120.18,0
QRS018,20170620,120.28,120.28,120.28,120.28,0
QRS018,20170621,120.04,120.04,120.04,120.04,0
QRS018,20170622,119.92,119.92,119.92,119.92,0
QRS018,20170623,119.73,119.73,119.73,119.73,0
QRS018,20170626,119.84,119.84,119.84,119.84,0
QRS018,20170627,119.69,119.69,119.69,119.69,0
QRS018,20170628,119.93,119.93,119.93,119.93,0
QRS018,20170629,120.06,120.06,120.06,120.06,0
QRS018,20170630,120.23,120.23,120.23,120.23,0
QRS018,20170703,120.42,120.42,120.42,120.42,0
QRS018,20170704,120.39,120.39,120.39,120.39,0
QRS018,20170705,120.38,120.38,120.38,120.38,0
QRS018,20170706,120.48,120.48,120.48,120.48,0
QRS018,20170707,120.41,120.41,120.41,120.41,0
QRS018,20170710,120.21,120.21,120.21,120.21,0
QRS018,20170711,120.13,120.13,120.13,120.13,0
QRS018,20170712,120.07,120.07,120.07,120.07,0
QRS018,20170713,119.89,119.89,119.89,119.89,0
QRS018,20170714,119.83,119.83,119.83,119.83,0
QRS018,20170717,119.76,119.76,119.76,119.76,0
QRS018,20170718,119.71,119.71,119.71,119.71,0
QRS018,20170719,119.67,119.67,119.67,119.67,0
QRS018,20170720,119.72,119.72,119.72,119.72,0
QRS018,20170721,119.71,119.71,119.71,119.71,0
QRS018,20170724,119.61,119.61,119.61,119.61,0
QRS018,20170726,119.58,119.58,119.58,119.58,0
QRS018,20170727,119.82,119.82,119.82,119.82,0
QRS018,20170728,119.75,119.75,119.75,119.75,0
QRS018,20170731,119.68,119.68,119.68,119.68,0
QRS018,20170801,119.61,119.61,119.61,119.61,0
QRS018,20170802,119.65,119.65,119.65,119.65,0
QRS018,20170803,119.50,119.50,119.50,119.50,0
QRS018,20170804,119.49,119.49,119.49,119.49,0
QRS018,20170807,119.34,119.34,119.34,119.34,0
QRS018,20170808,119.02,119.02,119.02,119.02,0
QRS018,20170809,119.01,119.01,119.01,119.01,0
QRS018,20170810,119.48,119.48,119.48,119.48,0
QRS018,20170811,119.45,119.45,119.45,119.45,0
QRS018,20170814,119.50,119.50,119.50,119.50,0
QRS018,20170816,119.18,119.18,119.18,119.18,0
QRS018,20170817,119.29,119.29,119.29,119.29,0
QRS018,20170818,119.10,119.10,119.10,119.10,0
QRS018,20170821,119.16,119.16,119.16,119.16,0
QRS018,20170822,118.46,118.46,118.46,118.46,0
QRS018,20170823,118.39,118.39,118.39,118.39,0
QRS018,20170824,118.20,118.20,118.20,118.20,0
QRS018,20170825,117.94,117.94,117.94,117.94,0
QRS018,20170828,117.45,117.45,117.45,117.45,0
QRS018,20170829,117.60,117.60,117.60,117.60,0
QRS018,20170830,118.05,118.05,118.05,118.05,0
QRS018,20170831,117.69,117.69,117.69,117.69,0
QRS018,20170901,117.40,117.40,117.40,117.40,0
QRS018,20170904,117.51,117.51,117.51,117.51,0
QRS018,20170905,117.45,117.45,117.45,117.45,0
QRS018,20170906,117.67,117.67,117.67,117.67,0
QRS018,20170907,117.99,117.99,117.99,117.99,0
QRS018,20170908,117.92,117.92,117.92,117.92,0
QRS018,20170911,117.67,117.67,117.67,117.67,0
QRS018,20170912,117.75,117.75,117.75,117.75,0
QRS018,20170913,117.43,117.43,117.43,117.43,0
QRS018,20170914,117.46,117.46,117.46,117.46,0
QRS018,20170915,117.81,117.81,117.81,117.81,0
QRS018,20170918,117.91,117.91,117.91,117.91,0
QRS018,20170919,118.05,118.05,118.05,118.05,0
QRS018,20170920,117.87,117.87,117.87,117.87,0
QRS018,20170921,118.13,118.13,118.13,118.13,0
