Name,Date,Open,High,Low,Close,Volume
SEB017,20091102,100.00,100.00,100.00,100.00,0
SEB017,20091103,99.99,99.99,99.99,99.99,0
SEB017,20091104,99.98,99.98,99.98,99.98,0
SEB017,20091105,99.97,99.97,99.97,99.97,0
SEB017,20091106,101.23,101.23,101.23,101.23,0
SEB017,20091109,101.33,101.33,101.33,101.33,0
SEB017,20091110,102.44,102.44,102.44,102.44,0
SEB017,20091112,103.03,103.03,103.03,103.03,0
SEB017,20091113,103.00,103.00,103.00,103.00,0
SEB017,20091116,102.98,102.98,102.98,102.98,0
SEB017,20091117,104.07,104.07,104.07,104.07,0
SEB017,20091118,105.78,105.78,105.78,105.78,0
SEB017,20091119,105.25,105.25,105.25,105.25,0
SEB017,20091120,105.19,105.19,105.19,105.19,0
SEB017,20091123,106.44,106.44,106.44,106.44,0
SEB017,20091124,106.44,106.44,106.44,106.44,0
SEB017,20091125,107.06,107.06,107.06,107.06,0
SEB017,20091126,107.74,107.74,107.74,107.74,0
SEB017,20091127,107.84,107.84,107.84,107.84,0
SEB017,20091130,107.74,107.74,107.74,107.74,0
SEB017,20091201,107.70,107.70,107.70,107.70,0
SEB017,20091202,108.06,108.06,108.06,108.06,0
SEB017,20091203,108.49,108.49,108.49,108.49,0
SEB017,20091204,108.29,108.29,108.29,108.29,0
SEB017,20091207,108.81,108.81,108.81,108.81,0
SEB017,20091208,109.67,109.67,109.67,109.67,0
SEB017,20091209,108.60,108.60,108.60,108.60,0
SEB017,20091210,108.08,108.08,108.08,108.08,0
SEB017,20091211,108.21,108.21,108.21,108.21,0
SEB017,20091214,108.40,108.40,108.40,108.40,0
SEB017,20091215,108.78,108.78,108.78,108.78,0
SEB017,20091216,109.71,109.71,109.71,109.71,0
SEB017,20091217,109.12,109.12,109.12,109.12,0
SEB017,20091218,109.12,109.12,109.12,109.12,0
SEB017,20091221,108.99,108.99,108.99,108.99,0
SEB017,20091222,109.78,109.78,109.78,109.78,0
SEB017,20091223,109.58,109.58,109.58,109.58,0
SEB017,20091228,110.37,110.37,110.37,110.37,0
SEB017,20091229,110.32,110.32,110.32,110.32,0
SEB017,20091230,110.76,110.76,110.76,110.76,0
SEB017,20091231,110.53,110.53,110.53,110.53,0
SEB017,20100104,111.16,111.16,111.16,111.16,0
SEB017,20100105,112.16,112.16,112.16,112.16,0
SEB017,20100106,111.85,111.85,111.85,111.85,0
SEB017,20100107,111.46,111.46,111.46,111.46,0
SEB017,20100108,111.90,111.90,111.90,111.90,0
SEB017,20100111,111.91,111.91,111.91,111.91,0
SEB017,20100112,111.61,111.61,111.61,111.61,0
SEB017,20100113,111.66,111.66,111.66,111.66,0
SEB017,20100114,111.91,111.91,111.91,111.91,0
SEB017,20100115,111.37,111.37,111.37,111.37,0
SEB017,20100118,111.58,111.58,111.58,111.58,0
SEB017,20100119,111.73,111.73,111.73,111.73,0
SEB017,20100120,112.82,112.82,112.82,112.82,0
SEB017,20100121,111.86,111.86,111.86,111.86,0
SEB017,20100122,110.78,110.78,110.78,110.78,0
SEB017,20100125,111.05,111.05,111.05,111.05,0
SEB017,20100126,110.88,110.88,110.88,110.88,0
SEB017,20100127,110.83,110.83,110.83,110.83,0
SEB017,20100128,110.93,110.93,110.93,110.93,0
SEB017,20100129,109.94,109.94,109.94,109.94,0
SEB017,20100201,109.86,109.86,109.86,109.86,0
SEB017,20100202,111.22,111.22,111.22,111.22,0
SEB017,20100203,111.63,111.63,111.63,111.63,0
SEB017,20100204,111.99,111.99,111.99,111.99,0
SEB017,20100205,112.26,112.26,112.26,112.26,0
SEB017,20100208,112.55,112.55,112.55,112.55,0
SEB017,20100209,112.34,112.34,112.34,112.34,0
SEB017,20100210,112.26,112.26,112.26,112.26,0
SEB017,20100211,112.25,112.25,112.25,112.25,0
SEB017,20100212,112.11,112.11,112.11,112.11,0
SEB017,20100215,112.15,112.15,112.15,112.15,0
SEB017,20100216,112.61,112.61,112.61,112.61,0
SEB017,20100217,112.47,112.47,112.47,112.47,0
SEB017,20100218,112.63,112.63,112.63,112.63,0
SEB017,20100219,112.72,112.72,112.72,112.72,0
SEB017,20100222,112.56,112.56,112.56,112.56,0
SEB017,20100223,112.58,112.58,112.58,112.58,0
SEB017,20100224,112.75,112.75,112.75,112.75,0
SEB017,20100225,112.87,112.87,112.87,112.87,0
SEB017,20100226,112.77,112.77,112.77,112.77,0
SEB017,20100301,112.61,112.61,112.61,112.61,0
SEB017,20100302,112.62,112.62,112.62,112.62,0
SEB017,20100303,112.65,112.65,112.65,112.65,0
SEB017,20100304,112.60,112.60,112.60,112.60,0
SEB017,20100305,112.50,112.50,112.50,112.50,0
SEB017,20100308,112.68,112.68,112.68,112.68,0
SEB017,20100309,112.72,112.72,112.72,112.72,0
SEB017,20100310,112.74,112.74,112.74,112.74,0
SEB017,20100311,113.08,113.08,113.08,113.08,0
SEB017,20100312,113.03,113.03,113.03,113.03,0
SEB017,20100315,113.05,113.05,113.05,113.05,0
SEB017,20100316,113.06,113.06,113.06,113.06,0
SEB017,20100317,112.98,112.98,112.98,112.98,0
SEB017,20100318,113.26,113.26,113.26,113.26,0
SEB017,20100319,113.34,113.34,113.34,113.34,0
SEB017,20100322,113.62,113.62,113.62,113.62,0
SEB017,20100323,113.55,113.55,113.55,113.55,0
SEB017,20100324,113.51,113.51,113.51,113.51,0
SEB017,20100325,113.56,113.56,113.56,113.56,0
SEB017,20100326,113.98,113.98,113.98,113.98,0
SEB017,20100329,114.08,114.08,114.08,114.08,0
SEB017,20100330,114.02,114.02,114.02,114.02,0
SEB017,20100331,113.97,113.97,113.97,113.97,0
SEB017,20100401,113.91,113.91,113.91,113.91,0
SEB017,20100406,114.79,114.79,114.79,114.79,0
SEB017,20100407,114.90,114.90,114.90,114.90,0
SEB017,20100408,114.97,114.97,114.97,114.97,0
SEB017,20100409,115.74,115.74,115.74,115.74,0
SEB017,20100412,115.74,115.74,115.74,115.74,0
SEB017,20100413,115.81,115.81,115.81,115.81,0
SEB017,20100414,115.72,115.72,115.72,115.72,0
SEB017,20100415,115.73,115.73,115.73,115.73,0
SEB017,20100416,115.76,115.76,115.76,115.76,0
SEB017,20100419,115.90,115.90,115.90,115.90,0
SEB017,20100420,116.22,116.22,116.22,116.22,0
SEB017,20100421,116.18,116.18,116.18,116.18,0
SEB017,20100422,116.18,116.18,116.18,116.18,0
SEB017,20100423,116.89,116.89,116.89,116.89,0
SEB017,20100426,118.92,118.92,118.92,118.92,0
SEB017,20100427,119.00,119.00,119.00,119.00,0
SEB017,20100428,116.81,116.81,116.81,116.81,0
SEB017,20100429,116.61,116.61,116.61,116.61,0
SEB017,20100430,116.52,116.52,116.52,116.52,0
SEB017,20100504,116.65,116.65,116.65,116.65,0
SEB017,20100505,117.03,117.03,117.03,117.03,0
SEB017,20100506,116.78,116.78,116.78,116.78,0
SEB017,20100507,115.76,115.76,115.76,115.76,0
SEB017,20100510,117.22,117.22,117.22,117.22,0
SEB017,20100511,118.77,118.77,118.77,118.77,0
SEB017,20100512,121.70,121.70,121.70,121.70,0
SEB017,20100513,124.39,124.39,124.39,124.39,0
SEB017,20100514,122.53,122.53,122.53,122.53,0
SEB017,20100517,121.81,121.81,121.81,121.81,0
SEB017,20100518,122.48,122.48,122.48,122.48,0
SEB017,20100519,120.69,120.69,120.69,120.69,0
SEB017,20100520,119.11,119.11,119.11,119.11,0
SEB017,20100521,116.74,116.74,116.74,116.74,0
SEB017,20100524,117.09,117.09,117.09,117.09,0
SEB017,20100525,116.79,116.79,116.79,116.79,0
SEB017,20100526,117.91,117.91,117.91,117.91,0
SEB017,20100527,118.62,118.62,118.62,118.62,0
SEB017,20100528,118.39,118.39,118.39,118.39,0
SEB017,20100531,118.83,118.83,118.83,118.83,0
SEB017,20100601,119.25,119.25,119.25,119.25,0
SEB017,20100602,119.03,119.03,119.03,119.03,0
SEB017,20100604,120.15,120.15,120.15,120.15,0
SEB017,20100607,118.31,118.31,118.31,118.31,0
SEB017,20100608,116.81,116.81,116.81,116.81,0
SEB017,20100609,117.20,117.20,117.20,117.20,0
SEB017,20100610,117.46,117.46,117.46,117.46,0
SEB017,20100611,119.03,119.03,119.03,119.03,0
SEB017,20100614,120.01,120.01,120.01,120.01,0
SEB017,20100615,120.17,120.17,120.17,120.17,0
SEB017,20100616,121.35,121.35,121.35,121.35,0
SEB017,20100617,121.37,121.37,121.37,121.37,0
SEB017,20100618,120.65,120.65,120.65,120.65,0
SEB017,20100621,122.23,122.23,122.23,122.23,0
SEB017,20100622,121.14,121.14,121.14,121.14,0
SEB017,20100623,120.62,120.62,120.62,120.62,0
SEB017,20100624,120.25,120.25,120.25,120.25,0
SEB017,20100625,120.41,120.41,120.41,120.41,0
SEB017,20100628,120.53,120.53,120.53,120.53,0
SEB017,20100629,120.06,120.06,120.06,120.06,0
SEB017,20100630,120.20,120.20,120.20,120.20,0
SEB017,20100701,119.88,119.88,119.88,119.88,0
SEB017,20100702,119.69,119.69,119.69,119.69,0
SEB017,20100705,118.79,118.79,118.79,118.79,0
SEB017,20100706,119.60,119.60,119.60,119.60,0
SEB017,20100707,119.34,119.34,119.34,119.34,0
SEB017,20100708,121.82,121.82,121.82,121.82,0
SEB017,20100709,122.25,122.25,122.25,122.25,0
SEB017,20100712,122.35,122.35,122.35,122.35,0
SEB017,20100713,122.51,122.51,122.51,122.51,0
SEB017,20100714,122.64,122.64,122.64,122.64,0
SEB017,20100715,122.72,122.72,122.72,122.72,0
SEB017,20100716,122.68,122.68,122.68,122.68,0
SEB017,20100719,122.62,122.62,122.62,122.62,0
SEB017,20100720,122.53,122.53,122.53,122.53,0
SEB017,20100721,122.65,122.65,122.65,122.65,0
SEB017,20100722,122.73,122.73,122.73,122.73,0
SEB017,20100723,122.77,122.77,122.77,122.77,0
SEB017,20100726,122.63,122.63,122.63,122.63,0
SEB017,20100727,122.47,122.47,122.47,122.47,0
SEB017,20100728,122.47,122.47,122.47,122.47,0
SEB017,20100729,122.48,122.48,122.48,122.48,0
SEB017,20100730,122.31,122.31,122.31,122.31,0
SEB017,20100802,122.42,122.42,122.42,122.42,0
SEB017,20100803,123.00,123.00,123.00,123.00,0
SEB017,20100804,122.89,122.89,122.89,122.89,0
SEB017,20100805,123.57,123.57,123.57,123.57,0
SEB017,20100806,123.24,123.24,123.24,123.24,0
SEB017,20100809,122.97,122.97,122.97,122.97,0
SEB017,20100810,122.35,122.35,122.35,122.35,0
SEB017,20100811,121.36,121.36,121.36,121.36,0
SEB017,20100812,120.87,120.87,120.87,120.87,0
SEB017,20100813,121.11,121.11,121.11,121.11,0
SEB017,20100816,120.97,120.97,120.97,120.97,0
SEB017,20100817,121.32,121.32,121.32,121.32,0
SEB017,20100818,121.67,121.67,121.67,121.67,0
SEB017,20100819,121.54,121.54,121.54,121.54,0
SEB017,20100820,121.05,121.05,121.05,121.05,0
SEB017,20100823,121.38,121.38,121.38,121.38,0
SEB017,20100824,120.79,120.79,120.79,120.79,0
SEB017,20100825,120.33,120.33,120.33,120.33,0
SEB017,20100826,120.44,120.44,120.44,120.44,0
SEB017,20100827,120.35,120.35,120.35,120.35,0
SEB017,20100830,120.93,120.93,120.93,120.93,0
SEB017,20100831,120.03,120.03,120.03,120.03,0
SEB017,20100901,121.41,121.41,121.41,121.41,0
SEB017,20100902,122.47,122.47,122.47,122.47,0
SEB017,20100903,122.50,122.50,122.50,122.50,0
SEB017,20100906,123.21,123.21,123.21,123.21,0
SEB017,20100907,123.29,123.29,123.29,123.29,0
SEB017,20100908,123.02,123.02,123.02,123.02,0
SEB017,20100909,124.11,124.11,124.11,124.11,0
SEB017,20100910,124.42,124.42,124.42,124.42,0
SEB017,20100913,125.42,125.42,125.42,125.42,0
SEB017,20100914,125.60,125.60,125.60,125.60,0
SEB017,20100915,125.54,125.54,125.54,125.54,0
SEB017,20100916,125.65,125.65,125.65,125.65,0
SEB017,20100917,125.69,125.69,125.69,125.69,0
SEB017,20100920,125.42,125.42,125.42,125.42,0
SEB017,20100921,126.27,126.27,126.27,126.27,0
SEB017,20100922,125.34,125.34,125.34,125.34,0
SEB017,20100923,125.09,125.09,125.09,125.09,0
SEB017,20100924,124.93,124.93,124.93,124.93,0
SEB017,20100927,125.84,125.84,125.84,125.84,0
SEB017,20100928,125.43,125.43,125.43,125.43,0
SEB017,20100929,125.12,125.12,125.12,125.12,0
SEB017,20100930,125.09,125.09,125.09,125.09,0
SEB017,20101001,124.99,124.99,124.99,124.99,0
SEB017,20101004,124.17,124.17,124.17,124.17,0
SEB017,20101005,124.57,124.57,124.57,124.57,0
SEB017,20101006,126.09,126.09,126.09,126.09,0
SEB017,20101007,125.86,125.86,125.86,125.86,0
SEB017,20101008,125.38,125.38,125.38,125.38,0
SEB017,20101011,125.70,125.70,125.70,125.70,0
SEB017,20101012,125.57,125.57,125.57,125.57,0
SEB017,20101013,126.22,126.22,126.22,126.22,0
SEB017,20101014,126.47,126.47,126.47,126.47,0
SEB017,20101015,126.28,126.28,126.28,126.28,0
SEB017,20101018,126.14,126.14,126.14,126.14,0
SEB017,20101019,126.63,126.63,126.63,126.63,0
SEB017,20101020,126.48,126.48,126.48,126.48,0
SEB017,20101021,127.14,127.14,127.14,127.14,0
SEB017,20101022,126.76,126.76,126.76,126.76,0
SEB017,20101025,126.97,126.97,126.97,126.97,0
SEB017,20101026,126.79,126.79,126.79,126.79,0
SEB017,20101027,127.05,127.05,127.05,127.05,0
SEB017,20101028,126.53,126.53,126.53,126.53,0
SEB017,20101029,126.18,126.18,126.18,126.18,0
SEB017,20101102,126.94,126.94,126.94,126.94,0
SEB017,20101103,127.17,127.17,127.17,127.17,0
SEB017,20101104,127.90,127.90,127.90,127.90,0
SEB017,20101105,128.13,128.13,128.13,128.13,0
SEB017,20101108,128.32,128.32,128.32,128.32,0
SEB017,20101109,128.71,128.71,128.71,128.71,0
SEB017,20101110,128.87,128.87,128.87,128.87,0
SEB017,20101112,128.54,128.54,128.54,128.54,0
SEB017,20101115,128.44,128.44,128.44,128.44,0
SEB017,20101116,127.94,127.94,127.94,127.94,0
SEB017,20101117,127.07,127.07,127.07,127.07,0
SEB017,20101118,127.58,127.58,127.58,127.58,0
SEB017,20101119,127.62,127.62,127.62,127.62,0
SEB017,20101122,127.69,127.69,127.69,127.69,0
SEB017,20101123,127.02,127.02,127.02,127.02,0
SEB017,20101124,126.50,126.50,126.50,126.50,0
SEB017,20101125,127.19,127.19,127.19,127.19,0
SEB017,20101126,126.74,126.74,126.74,126.74,0
SEB017,20101129,126.81,126.81,126.81,126.81,0
SEB017,20101130,126.61,126.61,126.61,126.61,0
SEB017,20101201,126.89,126.89,126.89,126.89,0
SEB017,20101202,128.05,128.05,128.05,128.05,0
SEB017,20101203,128.60,128.60,128.60,128.60,0
SEB017,20101206,128.38,128.38,128.38,128.38,0
SEB017,20101207,129.70,129.70,129.70,129.70,0
SEB017,20101208,129.55,129.55,129.55,129.55,0
SEB017,20101209,129.31,129.31,129.31,129.31,0
SEB017,20101210,129.45,129.45,129.45,129.45,0
SEB017,20101213,129.66,129.66,129.66,129.66,0
SEB017,20101214,129.34,129.34,129.34,129.34,0
SEB017,20101215,129.01,129.01,129.01,129.01,0
SEB017,20101216,129.22,129.22,129.22,129.22,0
SEB017,20101217,128.94,128.94,128.94,128.94,0
SEB017,20101220,129.00,129.00,129.00,129.00,0
SEB017,20101221,129.17,129.17,129.17,129.17,0
SEB017,20101222,129.58,129.58,129.58,129.58,0
SEB017,20101223,129.55,129.55,129.55,129.55,0
SEB017,20101227,129.10,129.10,129.10,129.10,0
SEB017,20101228,129.11,129.11,129.11,129.11,0
SEB017,20101229,129.26,129.26,129.26,129.26,0
SEB017,20101230,129.19,129.19,129.19,129.19,0
SEB017,20101231,128.99,128.99,128.99,128.99,0
SEB017,20110103,129.53,129.53,129.53,129.53,0
SEB017,20110104,129.64,129.64,129.64,129.64,0
SEB017,20110105,128.79,128.79,128.79,128.79,0
SEB017,20110107,129.16,129.16,129.16,129.16,0
SEB017,20110110,128.41,128.41,128.41,128.41,0
SEB017,20110111,128.50,128.50,128.50,128.50,0
SEB017,20110112,129.69,129.69,129.69,129.69,0
SEB017,20110113,130.25,130.25,130.25,130.25,0
SEB017,20110114,130.21,130.21,130.21,130.21,0
SEB017,20110117,130.19,130.19,130.19,130.19,0
SEB017,20110118,131.26,131.26,131.26,131.26,0
SEB017,20110119,131.88,131.88,131.88,131.88,0
SEB017,20110120,130.68,130.68,130.68,130.68,0
SEB017,20110121,130.66,130.66,130.66,130.66,0
SEB017,20110124,129.93,129.93,129.93,129.93,0
SEB017,20110125,129.96,129.96,129.96,129.96,0
SEB017,20110126,130.45,130.45,130.45,130.45,0
SEB017,20110127,130.33,130.33,130.33,130.33,0
SEB017,20110128,130.33,130.33,130.33,130.33,0
SEB017,20110131,129.56,129.56,129.56,129.56,0
SEB017,20110201,130.18,130.18,130.18,130.18,0
SEB017,20110202,130.27,130.27,130.27,130.27,0
SEB017,20110203,130.19,130.19,130.19,130.19,0
SEB017,20110204,130.18,130.18,130.18,130.18,0
SEB017,20110207,130.24,130.24,130.24,130.24,0
SEB017,20110208,130.38,130.38,130.38,130.38,0
SEB017,20110209,129.89,129.89,129.89,129.89,0
SEB017,20110210,129.19,129.19,129.19,129.19,0
SEB017,20110211,128.86,128.86,128.86,128.86,0
SEB017,20110214,129.41,129.41,129.41,129.41,0
SEB017,20110215,129.53,129.53,129.53,129.53,0
SEB017,20110216,128.84,128.84,128.84,128.84,0
SEB017,20110217,129.19,129.19,129.19,129.19,0
SEB017,20110218,128.27,128.27,128.27,128.27,0
SEB017,20110221,128.41,128.41,128.41,128.41,0
SEB017,20110222,128.30,128.30,128.30,128.30,0
SEB017,20110223,128.26,128.26,128.26,128.26,0
SEB017,20110224,128.36,128.36,128.36,128.36,0
SEB017,20110225,129.09,129.09,129.09,129.09,0
SEB017,20110228,129.74,129.74,129.74,129.74,0
SEB017,20110301,131.12,131.12,131.12,131.12,0
SEB017,20110302,130.87,130.87,130.87,130.87,0
SEB017,20110303,132.19,132.19,132.19,132.19,0
SEB017,20110304,133.03,133.03,133.03,133.03,0
SEB017,20110307,134.05,134.05,134.05,134.05,0
SEB017,20110308,133.84,133.84,133.84,133.84,0
SEB017,20110309,133.58,133.58,133.58,133.58,0
SEB017,20110310,133.02,133.02,133.02,133.02,0
SEB017,20110311,131.66,131.66,131.66,131.66,0
SEB017,20110314,132.57,132.57,132.57,132.57,0
SEB017,20110315,130.05,130.05,130.05,130.05,0
SEB017,20110316,131.03,131.03,131.03,131.03,0
SEB017,20110317,130.31,130.31,130.31,130.31,0
SEB017,20110318,131.76,131.76,131.76,131.76,0
SEB017,20110321,132.39,132.39,132.39,132.39,0
SEB017,20110322,132.28,132.28,132.28,132.28,0
SEB017,20110323,132.46,132.46,132.46,132.46,0
SEB017,20110324,133.08,133.08,133.08,133.08,0
SEB017,20110325,133.12,133.12,133.12,133.12,0
SEB017,20110328,133.42,133.42,133.42,133.42,0
SEB017,20110329,133.29,133.29,133.29,133.29,0
SEB017,20110330,133.66,133.66,133.66,133.66,0
SEB017,20110331,133.37,133.37,133.37,133.37,0
SEB017,20110401,133.90,133.90,133.90,133.90,0
SEB017,20110404,134.67,134.67,134.67,134.67,0
SEB017,20110405,134.86,134.86,134.86,134.86,0
SEB017,20110406,135.16,135.16,135.16,135.16,0
SEB017,20110407,134.89,134.89,134.89,134.89,0
SEB017,20110408,135.53,135.53,135.53,135.53,0
SEB017,20110411,134.95,134.95,134.95,134.95,0
SEB017,20110412,134.63,134.63,134.63,134.63,0
SEB017,20110413,134.61,134.61,134.61,134.61,0
SEB017,20110414,134.66,134.66,134.66,134.66,0
SEB017,20110415,134.84,134.84,134.84,134.84,0
SEB017,20110418,134.79,134.79,134.79,134.79,0
SEB017,20110419,134.08,134.08,134.08,134.08,0
SEB017,20110420,134.97,134.97,134.97,134.97,0
SEB017,20110421,134.86,134.86,134.86,134.86,0
SEB017,20110426,134.59,134.59,134.59,134.59,0
SEB017,20110427,134.75,134.75,134.75,134.75,0
SEB017,20110428,134.91,134.91,134.91,134.91,0
SEB017,20110429,134.91,134.91,134.91,134.91,0
SEB017,20110502,134.70,134.70,134.70,134.70,0
SEB017,20110504,133.58,133.58,133.58,133.58,0
SEB017,20110505,132.91,132.91,132.91,132.91,0
SEB017,20110506,132.83,132.83,132.83,132.83,0
SEB017,20110509,133.22,133.22,133.22,133.22,0
SEB017,20110510,132.91,132.91,132.91,132.91,0
SEB017,20110511,132.86,132.86,132.86,132.86,0
SEB017,20110512,132.26,132.26,132.26,132.26,0
SEB017,20110513,132.23,132.23,132.23,132.23,0
SEB017,20110516,132.98,132.98,132.98,132.98,0
SEB017,20110517,132.94,132.94,132.94,132.94,0
SEB017,20110518,133.03,133.03,133.03,133.03,0
SEB017,20110519,133.30,133.30,133.30,133.30,0
SEB017,20110520,133.44,133.44,133.44,133.44,0
SEB017,20110523,133.56,133.56,133.56,133.56,0
SEB017,20110524,133.98,133.98,133.98,133.98,0
SEB017,20110525,134.95,134.95,134.95,134.95,0
SEB017,20110526,135.52,135.52,135.52,135.52,0
SEB017,20110527,135.63,135.63,135.63,135.63,0
SEB017,20110530,135.82,135.82,135.82,135.82,0
SEB017,20110531,135.76,135.76,135.76,135.76,0
SEB017,20110601,136.02,136.02,136.02,136.02,0
SEB017,20110602,136.62,136.62,136.62,136.62,0
SEB017,20110603,136.64,136.64,136.64,136.64,0
SEB017,20110606,136.06,136.06,136.06,136.06,0
SEB017,20110607,136.34,136.34,136.34,136.34,0
SEB017,20110608,136.02,136.02,136.02,136.02,0
SEB017,20110609,135.47,135.47,135.47,135.47,0
SEB017,20110610,135.72,135.72,135.72,135.72,0
SEB017,20110613,135.01,135.01,135.01,135.01,0
SEB017,20110614,135.40,135.40,135.40,135.40,0
SEB017,20110615,135.22,135.22,135.22,135.22,0
SEB017,20110616,134.54,134.54,134.54,134.54,0
SEB017,20110617,134.82,134.82,134.82,134.82,0
SEB017,20110620,134.52,134.52,134.52,134.52,0
SEB017,20110621,134.61,134.61,134.61,134.61,0
SEB017,20110622,135.07,135.07,135.07,135.07,0
SEB017,20110624,134.79,134.79,134.79,134.79,0
SEB017,20110627,133.89,133.89,133.89,133.89,0
SEB017,20110628,133.63,133.63,133.63,133.63,0
SEB017,20110629,134.60,134.60,134.60,134.60,0
SEB017,20110630,134.99,134.99,134.99,134.99,0
SEB017,20110701,135.25,135.25,135.25,135.25,0
SEB017,20110704,135.47,135.47,135.47,135.47,0
SEB017,20110705,135.46,135.46,135.46,135.46,0
SEB017,20110706,135.23,135.23,135.23,135.23,0
SEB017,20110707,135.11,135.11,135.11,135.11,0
SEB017,20110708,135.95,135.95,135.95,135.95,0
SEB017,20110711,134.83,134.83,134.83,134.83,0
SEB017,20110712,133.44,133.44,133.44,133.44,0
SEB017,20110713,134.25,134.25,134.25,134.25,0
SEB017,20110714,134.32,134.32,134.32,134.32,0
SEB017,20110715,134.65,134.65,134.65,134.65,0
SEB017,20110718,134.44,134.44,134.44,134.44,0
SEB017,20110719,133.92,133.92,133.92,133.92,0
SEB017,20110720,133.87,133.87,133.87,133.87,0
SEB017,20110721,133.13,133.13,133.13,133.13,0
SEB017,20110722,134.40,134.40,134.40,134.40,0
SEB017,20110725,134.40,134.40,134.40,134.40,0
SEB017,20110726,134.14,134.14,134.14,134.14,0
SEB017,20110727,134.26,134.26,134.26,134.26,0
SEB017,20110728,133.36,133.36,133.36,133.36,0
SEB017,20110729,133.61,133.61,133.61,133.61,0
SEB017,20110801,134.54,134.54,134.54,134.54,0
SEB017,20110802,133.15,133.15,133.15,133.15,0
SEB017,20110803,131.33,131.33,131.33,131.33,0
SEB017,20110804,128.45,128.45,128.45,128.45,0
SEB017,20110805,125.24,125.24,125.24,125.24,0
SEB017,20110808,124.70,124.70,124.70,124.70,0
SEB017,20110809,118.15,118.15,118.15,118.15,0
SEB017,20110810,120.48,120.48,120.48,120.48,0
SEB017,20110811,114.69,114.69,114.69,114.69,0
SEB017,20110812,121.56,121.56,121.56,121.56,0
SEB017,20110816,121.74,121.74,121.74,121.74,0
SEB017,20110817,123.27,123.27,123.27,123.27,0
SEB017,20110818,120.77,120.77,120.77,120.77,0
SEB017,20110819,118.39,118.39,118.39,118.39,0
SEB017,20110822,120.07,120.07,120.07,120.07,0
SEB017,20110823,121.42,121.42,121.42,121.42,0
SEB017,20110824,120.76,120.76,120.76,120.76,0
SEB017,20110825,120.89,120.89,120.89,120.89,0
SEB017,20110826,120.79,120.79,120.79,120.79,0
SEB017,20110829,121.15,121.15,121.15,121.15,0
SEB017,20110830,121.92,121.92,121.92,121.92,0
SEB017,20110831,121.30,121.30,121.30,121.30,0
SEB017,20110901,120.91,120.91,120.91,120.91,0
SEB017,20110902,120.43,120.43,120.43,120.43,0
SEB017,20110905,120.08,120.08,120.08,120.08,0
SEB017,20110906,119.96,119.96,119.96,119.96,0
SEB017,20110907,119.74,119.74,119.74,119.74,0
SEB017,20110908,119.19,119.19,119.19,119.19,0
SEB017,20110909,120.22,120.22,120.22,120.22,0
SEB017,20110912,120.85,120.85,120.85,120.85,0
SEB017,20110913,120.46,120.46,120.46,120.46,0
SEB017,20110914,119.46,119.46,119.46,119.46,0
SEB017,20110915,118.88,118.88,118.88,118.88,0
SEB017,20110916,118.03,118.03,118.03,118.03,0
SEB017,20110919,119.15,119.15,119.15,119.15,0
SEB017,20110920,119.16,119.16,119.16,119.16,0
SEB017,20110921,119.30,119.30,119.30,119.30,0
SEB017,20110922,121.46,121.46,121.46,121.46,0
SEB017,20110923,123.84,123.84,123.84,123.84,0
SEB017,20110926,122.73,122.73,122.73,122.73,0
SEB017,20110927,121.17,121.17,121.17,121.17,0
SEB017,20110928,119.92,119.92,119.92,119.92,0
SEB017,20110929,120.89,120.89,120.89,120.89,0
SEB017,20110930,120.85,120.85,120.85,120.85,0
SEB017,20111003,122.18,122.18,122.18,122.18,0
SEB017,20111004,124.17,124.17,124.17,124.17,0
SEB017,20111005,122.47,122.47,122.47,122.47,0
SEB017,20111006,120.17,120.17,120.17,120.17,0
SEB017,20111007,118.69,118.69,118.69,118.69,0
SEB017,20111010,118.13,118.13,118.13,118.13,0
SEB017,20111011,115.88,115.88,115.88,115.88,0
SEB017,20111012,115.46,115.46,115.46,115.46,0
SEB017,20111013,114.59,114.59,114.59,114.59,0
SEB017,20111014,114.76,114.76,114.76,114.76,0
SEB017,20111017,114.90,114.90,114.90,114.90,0
SEB017,20111018,114.28,114.28,114.28,114.28,0
SEB017,20111019,114.57,114.57,114.57,114.57,0
SEB017,20111020,114.35,114.35,114.35,114.35,0
SEB017,20111021,114.12,114.12,114.12,114.12,0
SEB017,20111024,114.95,114.95,114.95,114.95,0
SEB017,20111025,115.43,115.43,115.43,115.43,0
SEB017,20111026,114.81,114.81,114.81,114.81,0
SEB017,20111027,115.12,115.12,115.12,115.12,0
SEB017,20111028,115.28,115.28,115.28,115.28,0
SEB017,20111031,114.66,114.66,114.66,114.66,0
SEB017,20111102,114.10,114.10,114.10,114.10,0
SEB017,20111103,115.21,115.21,115.21,115.21,0
SEB017,20111104,115.58,115.58,115.58,115.58,0
SEB017,20111107,114.94,114.94,114.94,114.94,0
SEB017,20111108,115.73,115.73,115.73,115.73,0
SEB017,20111109,114.34,114.34,114.34,114.34,0
SEB017,20111110,113.58,113.58,113.58,113.58,0
SEB017,20111114,114.05,114.05,114.05,114.05,0
SEB017,20111115,113.11,113.11,113.11,113.11,0
SEB017,20111116,113.46,113.46,113.46,113.46,0
SEB017,20111117,113.09,113.09,113.09,113.09,0
SEB017,20111118,112.83,112.83,112.83,112.83,0
SEB017,20111121,112.27,112.27,112.27,112.27,0
SEB017,20111122,112.33,112.33,112.33,112.33,0
SEB017,20111123,110.86,110.86,110.86,110.86,0
SEB017,20111124,110.94,110.94,110.94,110.94,0
SEB017,20111125,111.94,111.94,111.94,111.94,0
SEB017,20111128,113.23,113.23,113.23,113.23,0
SEB017,20111129,113.43,113.43,113.43,113.43,0
SEB017,20111130,113.31,113.31,113.31,113.31,0
SEB017,20111201,115.12,115.12,115.12,115.12,0
SEB017,20111202,115.48,115.48,115.48,115.48,0
SEB017,20111205,115.08,115.08,115.08,115.08,0
SEB017,20111206,115.20,115.20,115.20,115.20,0
SEB017,20111207,113.62,113.62,113.62,113.62,0
SEB017,20111208,114.08,114.08,114.08,114.08,0
SEB017,20111209,112.78,112.78,112.78,112.78,0
SEB017,20111212,112.10,112.10,112.10,112.10,0
SEB017,20111213,112.28,112.28,112.28,112.28,0
SEB017,20111214,111.92,111.92,111.92,111.92,0
SEB017,20111215,111.43,111.43,111.43,111.43,0
SEB017,20111216,110.71,110.71,110.71,110.71,0
SEB017,20111219,109.25,109.25,109.25,109.25,0
SEB017,20111220,108.40,108.40,108.40,108.40,0
SEB017,20111221,109.74,109.74,109.74,109.74,0
SEB017,20111222,109.57,109.57,109.57,109.57,0
SEB017,20111223,109.84,109.84,109.84,109.84,0
SEB017,20111227,110.20,110.20,110.20,110.20,0
SEB017,20111228,109.79,109.79,109.79,109.79,0
SEB017,20111229,108.71,108.71,108.71,108.71,0
SEB017,20111230,109.59,109.59,109.59,109.59,0
SEB017,20120102,109.75,109.75,109.75,109.75,0
SEB017,20120103,110.75,110.75,110.75,110.75,0
SEB017,20120104,110.64,110.64,110.64,110.64,0
SEB017,20120105,109.45,109.45,109.45,109.45,0
SEB017,20120109,109.50,109.50,109.50,109.50,0
SEB017,20120110,109.85,109.85,109.85,109.85,0
SEB017,20120111,109.71,109.71,109.71,109.71,0
SEB017,20120112,110.16,110.16,110.16,110.16,0
SEB017,20120113,110.60,110.60,110.60,110.60,0
SEB017,20120116,110.10,110.10,110.10,110.10,0
SEB017,20120117,111.87,111.87,111.87,111.87,0
SEB017,20120118,111.87,111.87,111.87,111.87,0
SEB017,20120119,111.42,111.42,111.42,111.42,0
SEB017,20120120,112.21,112.21,112.21,112.21,0
SEB017,20120123,112.78,112.78,112.78,112.78,0
SEB017,20120124,112.64,112.64,112.64,112.64,0
SEB017,20120125,112.38,112.38,112.38,112.38,0
SEB017,20120126,113.61,113.61,113.61,113.61,0
SEB017,20120127,114.64,114.64,114.64,114.64,0
SEB017,20120130,113.79,113.79,113.79,113.79,0
SEB017,20120131,114.85,114.85,114.85,114.85,0
SEB017,20120201,115.52,115.52,115.52,115.52,0
SEB017,20120202,116.29,116.29,116.29,116.29,0
SEB017,20120203,116.72,116.72,116.72,116.72,0
SEB017,20120206,116.72,116.72,116.72,116.72,0
SEB017,20120207,117.15,117.15,117.15,117.15,0
SEB017,20120208,116.91,116.91,116.91,116.91,0
SEB017,20120209,116.73,116.73,116.73,116.73,0
SEB017,20120210,115.64,115.64,115.64,115.64,0
SEB017,20120213,115.73,115.73,115.73,115.73,0
SEB017,20120214,116.06,116.06,116.06,116.06,0
SEB017,20120215,115.55,115.55,115.55,115.55,0
SEB017,20120216,115.18,115.18,115.18,115.18,0
SEB017,20120217,115.97,115.97,115.97,115.97,0
SEB017,20120220,116.77,116.77,116.77,116.77,0
SEB017,20120221,116.12,116.12,116.12,116.12,0
SEB017,20120222,115.52,115.52,115.52,115.52,0
SEB017,20120223,115.43,115.43,115.43,115.43,0
SEB017,20120224,115.26,115.26,115.26,115.26,0
SEB017,20120227,114.56,114.56,114.56,114.56,0
SEB017,20120228,115.26,115.26,115.26,115.26,0
SEB017,20120229,115.59,115.59,115.59,115.59,0
SEB017,20120301,114.80,114.80,114.80,114.80,0
SEB017,20120302,115.18,115.18,115.18,115.18,0
SEB017,20120305,114.70,114.70,114.70,114.70,0
SEB017,20120306,112.87,112.87,112.87,112.87,0
SEB017,20120307,112.44,112.44,112.44,112.44,0
SEB017,20120308,113.95,113.95,113.95,113.95,0
SEB017,20120309,114.43,114.43,114.43,114.43,0
SEB017,20120312,114.30,114.30,114.30,114.30,0
SEB017,20120313,114.63,114.63,114.63,114.63,0
SEB017,20120314,116.55,116.55,116.55,116.55,0
SEB017,20120315,116.14,116.14,116.14,116.14,0
SEB017,20120316,116.43,116.43,116.43,116.43,0
SEB017,20120319,116.13,116.13,116.13,116.13,0
SEB017,20120320,115.00,115.00,115.00,115.00,0
SEB017,20120321,114.89,114.89,114.89,114.89,0
SEB017,20120322,113.42,113.42,113.42,113.42,0
SEB017,20120323,112.83,112.83,112.83,112.83,0
SEB017,20120326,113.71,113.71,113.71,113.71,0
SEB017,20120327,114.99,114.99,114.99,114.99,0
SEB017,20120328,114.22,114.22,114.22,114.22,0
SEB017,20120329,113.00,113.00,113.00,113.00,0
SEB017,20120330,113.63,113.63,113.63,113.63,0
SEB017,20120402,113.52,113.52,113.52,113.52,0
SEB017,20120403,113.59,113.59,113.59,113.59,0
SEB017,20120404,112.68,112.68,112.68,112.68,0
SEB017,20120405,111.72,111.72,111.72,111.72,0
SEB017,20120410,111.43,111.43,111.43,111.43,0
SEB017,20120411,110.92,110.92,110.92,110.92,0
SEB017,20120412,111.24,111.24,111.24,111.24,0
SEB017,20120413,111.83,111.83,111.83,111.83,0
SEB017,20120416,111.22,111.22,111.22,111.22,0
SEB017,20120417,111.05,111.05,111.05,111.05,0
SEB017,20120418,111.02,111.02,111.02,111.02,0
SEB017,20120419,111.17,111.17,111.17,111.17,0
SEB017,20120420,110.45,110.45,110.45,110.45,0
SEB017,20120423,109.69,109.69,109.69,109.69,0
SEB017,20120424,109.59,109.59,109.59,109.59,0
SEB017,20120425,110.01,110.01,110.01,110.01,0
SEB017,20120426,110.36,110.36,110.36,110.36,0
SEB017,20120427,110.64,110.64,110.64,110.64,0
SEB017,20120430,110.72,110.72,110.72,110.72,0
SEB017,20120502,110.88,110.88,110.88,110.88,0
SEB017,20120504,110.13,110.13,110.13,110.13,0
SEB017,20120507,109.30,109.30,109.30,109.30,0
SEB017,20120508,109.38,109.38,109.38,109.38,0
SEB017,20120509,108.70,108.70,108.70,108.70,0
SEB017,20120510,108.91,108.91,108.91,108.91,0
SEB017,20120511,108.74,108.74,108.74,108.74,0
SEB017,20120514,108.44,108.44,108.44,108.44,0
SEB017,20120515,108.40,108.40,108.40,108.40,0
SEB017,20120516,107.73,107.73,107.73,107.73,0
SEB017,20120517,107.86,107.86,107.86,107.86,0
SEB017,20120518,107.22,107.22,107.22,107.22,0
SEB017,20120521,107.80,107.80,107.80,107.80,0
SEB017,20120522,108.12,108.12,108.12,108.12,0
SEB017,20120523,107.20,107.20,107.20,107.20,0
SEB017,20120524,106.87,106.87,106.87,106.87,0
SEB017,20120525,107.11,107.11,107.11,107.11,0
SEB017,20120528,107.23,107.23,107.23,107.23,0
SEB017,20120529,107.14,107.14,107.14,107.14,0
SEB017,20120530,107.21,107.21,107.21,107.21,0
SEB017,20120531,107.32,107.32,107.32,107.32,0
SEB017,20120601,107.21,107.21,107.21,107.21,0
SEB017,20120604,106.79,106.79,106.79,106.79,0
SEB017,20120605,106.64,106.64,106.64,106.64,0
SEB017,20120606,106.69,106.69,106.69,106.69,0
SEB017,20120608,107.06,107.06,107.06,107.06,0
SEB017,20120611,107.62,107.62,107.62,107.62,0
SEB017,20120612,107.66,107.66,107.66,107.66,0
SEB017,20120613,107.81,107.81,107.81,107.81,0
SEB017,20120614,107.71,107.71,107.71,107.71,0
SEB017,20120615,107.69,107.69,107.69,107.69,0
SEB017,20120618,107.72,107.72,107.72,107.72,0
SEB017,20120619,107.79,107.79,107.79,107.79,0
SEB017,20120620,108.44,108.44,108.44,108.44,0
SEB017,20120621,108.35,108.35,108.35,108.35,0
SEB017,20120622,108.34,108.34,108.34,108.34,0
SEB017,20120625,108.28,108.28,108.28,108.28,0
SEB017,20120626,108.20,108.20,108.20,108.20,0
SEB017,20120627,108.24,108.24,108.24,108.24,0
SEB017,20120628,108.17,108.17,108.17,108.17,0
SEB017,20120629,108.47,108.47,108.47,108.47,0
SEB017,20120702,107.67,107.67,107.67,107.67,0
SEB017,20120703,107.56,107.56,107.56,107.56,0
SEB017,20120704,107.54,107.54,107.54,107.54,0
SEB017,20120705,107.79,107.79,107.79,107.79,0
SEB017,20120706,107.63,107.63,107.63,107.63,0
SEB017,20120709,107.16,107.16,107.16,107.16,0
SEB017,20120710,107.07,107.07,107.07,107.07,0
SEB017,20120711,107.04,107.04,107.04,107.04,0
SEB017,20120712,106.93,106.93,106.93,106.93,0
SEB017,20120713,106.65,106.65,106.65,106.65,0
SEB017,20120716,106.78,106.78,106.78,106.78,0
SEB017,20120717,106.74,106.74,106.74,106.74,0
SEB017,20120718,106.66,106.66,106.66,106.66,0
SEB017,20120719,107.13,107.13,107.13,107.13,0
SEB017,20120720,107.51,107.51,107.51,107.51,0
SEB017,20120723,105.62,105.62,105.62,105.62,0
SEB017,20120724,105.39,105.39,105.39,105.39,0
SEB017,20120725,105.64,105.64,105.64,105.64,0
SEB017,20120726,105.35,105.35,105.35,105.35,0
SEB017,20120727,105.79,105.79,105.79,105.79,0
SEB017,20120730,106.07,106.07,106.07,106.07,0
SEB017,20120731,106.41,106.41,106.41,106.41,0
SEB017,20120801,106.05,106.05,106.05,106.05,0
SEB017,20120802,106.22,106.22,106.22,106.22,0
SEB017,20120803,105.78,105.78,105.78,105.78,0
SEB017,20120806,106.74,106.74,106.74,106.74,0
SEB017,20120807,106.45,106.45,106.45,106.45,0
SEB017,20120808,106.55,106.55,106.55,106.55,0
SEB017,20120809,107.01,107.01,107.01,107.01,0
SEB017,20120810,106.89,106.89,106.89,106.89,0
SEB017,20120813,107.46,107.46,107.46,107.46,0
SEB017,20120814,107.07,107.07,107.07,107.07,0
SEB017,20120816,107.69,107.69,107.69,107.69,0
SEB017,20120817,107.56,107.56,107.56,107.56,0
SEB017,20120820,107.32,107.32,107.32,107.32,0
SEB017,20120821,107.65,107.65,107.65,107.65,0
SEB017,20120822,107.41,107.41,107.41,107.41,0
SEB017,20120823,107.55,107.55,107.55,107.55,0
SEB017,20120824,107.27,107.27,107.27,107.27,0
SEB017,20120827,107.36,107.36,107.36,107.36,0
SEB017,20120828,107.49,107.49,107.49,107.49,0
SEB017,20120829,107.07,107.07,107.07,107.07,0
SEB017,20120830,107.00,107.00,107.00,107.00,0
SEB017,20120831,107.22,107.22,107.22,107.22,0
SEB017,20120903,107.67,107.67,107.67,107.67,0
SEB017,20120904,107.51,107.51,107.51,107.51,0
SEB017,20120905,107.40,107.40,107.40,107.40,0
SEB017,20120906,107.72,107.72,107.72,107.72,0
SEB017,20120907,108.28,108.28,108.28,108.28,0
SEB017,20120910,108.15,108.15,108.15,108.15,0
SEB017,20120911,108.16,108.16,108.16,108.16,0
SEB017,20120912,108.09,108.09,108.09,108.09,0
SEB017,20120913,107.79,107.79,107.79,107.79,0
SEB017,20120914,108.53,108.53,108.53,108.53,0
SEB017,20120917,108.20,108.20,108.20,108.20,0
SEB017,20120918,107.65,107.65,107.65,107.65,0
SEB017,20120919,107.70,107.70,107.70,107.70,0
SEB017,20120920,107.41,107.41,107.41,107.41,0
SEB017,20120921,107.80,107.80,107.80,107.80,0
SEB017,20120924,107.02,107.02,107.02,107.02,0
SEB017,20120925,107.13,107.13,107.13,107.13,0
SEB017,20120926,107.09,107.09,107.09,107.09,0
SEB017,20120927,106.76,106.76,106.76,106.76,0
SEB017,20120928,106.87,106.87,106.87,106.87,0
SEB017,20121001,106.13,106.13,106.13,106.13,0
SEB017,20121002,106.87,106.87,106.87,106.87,0
SEB017,20121003,106.58,106.58,106.58,106.58,0
SEB017,20121004,105.60,105.60,105.60,105.60,0
SEB017,20121005,106.25,106.25,106.25,106.25,0
SEB017,20121008,106.36,106.36,106.36,106.36,0
SEB017,20121009,106.15,106.15,106.15,106.15,0
SEB017,20121010,106.06,106.06,106.06,106.06,0
SEB017,20121011,107.05,107.05,107.05,107.05,0
SEB017,20121012,106.87,106.87,106.87,106.87,0
SEB017,20121015,106.85,106.85,106.85,106.85,0
SEB017,20121016,107.23,107.23,107.23,107.23,0
SEB017,20121017,107.26,107.26,107.26,107.26,0
SEB017,20121018,107.77,107.77,107.77,107.77,0
SEB017,20121019,107.50,107.50,107.50,107.50,0
SEB017,20121022,107.08,107.08,107.08,107.08,0
SEB017,20121023,106.80,106.80,106.80,106.80,0
SEB017,20121024,106.18,106.18,106.18,106.18,0
SEB017,20121025,105.97,105.97,105.97,105.97,0
SEB017,20121026,105.86,105.86,105.86,105.86,0
SEB017,20121029,105.52,105.52,105.52,105.52,0
SEB017,20121030,105.90,105.90,105.90,105.90,0
SEB017,20121031,105.86,105.86,105.86,105.86,0
SEB017,20121102,105.55,105.55,105.55,105.55,0
SEB017,20121105,106.14,106.14,106.14,106.14,0
SEB017,20121106,106.01,106.01,106.01,106.01,0
SEB017,20121107,106.07,106.07,106.07,106.07,0
SEB017,20121108,105.49,105.49,105.49,105.49,0
SEB017,20121109,106.36,106.36,106.36,106.36,0
SEB017,20121112,106.34,106.34,106.34,106.34,0
SEB017,20121113,106.23,106.23,106.23,106.23,0
SEB017,20121114,106.80,106.80,106.80,106.80,0
SEB017,20121115,107.07,107.07,107.07,107.07,0
SEB017,20121116,107.31,107.31,107.31,107.31,0
SEB017,20121119,107.19,107.19,107.19,107.19,0
SEB017,20121120,106.82,106.82,106.82,106.82,0
SEB017,20121121,106.10,106.10,106.10,106.10,0
SEB017,20121122,105.54,105.54,105.54,105.54,0
SEB017,20121123,105.44,105.44,105.44,105.44,0
SEB017,20121126,105.70,105.70,105.70,105.70,0
SEB017,20121127,106.23,106.23,106.23,106.23,0
SEB017,20121128,105.60,105.60,105.60,105.60,0
SEB017,20121129,106.20,106.20,106.20,106.20,0
SEB017,20121130,106.00,106.00,106.00,106.00,0
SEB017,20121203,106.57,106.57,106.57,106.57,0
SEB017,20121204,107.42,107.42,107.42,107.42,0
SEB017,20121205,107.70,107.70,107.70,107.70,0
SEB017,20121206,105.25,105.25,105.25,105.25,0
SEB017,20121207,105.30,105.30,105.30,105.30,0
SEB017,20121210,105.20,105.20,105.20,105.20,0
SEB017,20121211,106.28,106.28,106.28,106.28,0
SEB017,20121212,106.18,106.18,106.18,106.18,0
SEB017,20121213,106.58,106.58,106.58,106.58,0
SEB017,20121214,106.48,106.48,106.48,106.48,0
SEB017,20121217,106.26,106.26,106.26,106.26,0
SEB017,20121218,106.84,106.84,106.84,106.84,0
SEB017,20121219,106.88,106.88,106.88,106.88,0
SEB017,20121220,107.07,107.07,107.07,107.07,0
SEB017,20121221,106.31,106.31,106.31,106.31,0
SEB017,20121227,107.50,107.50,107.50,107.50,0
SEB017,20121228,106.64,106.64,106.64,106.64,0
SEB017,20130102,107.81,107.81,107.81,107.81,0
SEB017,20130103,107.75,107.75,107.75,107.75,0
SEB017,20130104,108.22,108.22,108.22,108.22,0
SEB017,20130107,107.49,107.49,107.49,107.49,0
SEB017,20130108,107.89,107.89,107.89,107.89,0
SEB017,20130109,106.84,106.84,106.84,106.84,0
SEB017,20130110,107.70,107.70,107.70,107.70,0
SEB017,20130111,107.17,107.17,107.17,107.17,0
SEB017,20130114,107.73,107.73,107.73,107.73,0
SEB017,20130115,107.43,107.43,107.43,107.43,0
SEB017,20130116,107.00,107.00,107.00,107.00,0
SEB017,20130117,108.47,108.47,108.47,108.47,0
SEB017,20130118,108.63,108.63,108.63,108.63,0
SEB017,20130121,108.85,108.85,108.85,108.85,0
SEB017,20130122,108.62,108.62,108.62,108.62,0
SEB017,20130123,108.33,108.33,108.33,108.33,0
SEB017,20130124,108.44,108.44,108.44,108.44,0
SEB017,20130125,108.24,108.24,108.24,108.24,0
SEB017,20130128,106.34,106.34,106.34,106.34,0
SEB017,20130129,105.57,105.57,105.57,105.57,0
SEB017,20130130,105.59,105.59,105.59,105.59,0
SEB017,20130131,104.07,104.07,104.07,104.07,0
SEB017,20130201,104.26,104.26,104.26,104.26,0
SEB017,20130204,104.50,104.50,104.50,104.50,0
SEB017,20130205,104.01,104.01,104.01,104.01,0
SEB017,20130206,103.73,103.73,103.73,103.73,0
SEB017,20130207,103.64,103.64,103.64,103.64,0
SEB017,20130208,103.10,103.10,103.10,103.10,0
SEB017,20130211,103.96,103.96,103.96,103.96,0
SEB017,20130212,102.90,102.90,102.90,102.90,0
SEB017,20130213,103.37,103.37,103.37,103.37,0
SEB017,20130214,102.01,102.01,102.01,102.01,0
SEB017,20130215,102.50,102.50,102.50,102.50,0
SEB017,20130218,102.86,102.86,102.86,102.86,0
SEB017,20130219,103.40,103.40,103.40,103.40,0
SEB017,20130220,102.41,102.41,102.41,102.41,0
SEB017,20130221,100.93,100.93,100.93,100.93,0
SEB017,20130222,100.82,100.82,100.82,100.82,0
SEB017,20130225,101.03,101.03,101.03,101.03,0
SEB017,20130226,100.54,100.54,100.54,100.54,0
SEB017,20130227,101.32,101.32,101.32,101.32,0
SEB017,20130228,101.96,101.96,101.96,101.96,0
SEB017,20130301,101.99,101.99,101.99,101.99,0
SEB017,20130304,102.15,102.15,102.15,102.15,0
SEB017,20130305,102.76,102.76,102.76,102.76,0
SEB017,20130306,103.81,103.81,103.81,103.81,0
SEB017,20130307,103.69,103.69,103.69,103.69,0
SEB017,20130308,103.73,103.73,103.73,103.73,0
SEB017,20130311,104.40,104.40,104.40,104.40,0
SEB017,20130312,104.24,104.24,104.24,104.24,0
SEB017,20130313,102.52,102.52,102.52,102.52,0
SEB017,20130314,102.59,102.59,102.59,102.59,0
SEB017,20130315,103.63,103.63,103.63,103.63,0
SEB017,20130318,101.71,101.71,101.71,101.71,0
SEB017,20130319,101.22,101.22,101.22,101.22,0
SEB017,20130320,101.32,101.32,101.32,101.32,0
SEB017,20130321,100.61,100.61,100.61,100.61,0
SEB017,20130322,99.38,99.38,99.38,99.38,0
SEB017,20130325,99.90,99.90,99.90,99.90,0
SEB017,20130326,99.07,99.07,99.07,99.07,0
SEB017,20130327,99.26,99.26,99.26,99.26,0
SEB017,20130328,99.97,99.97,99.97,99.97,0
SEB017,20130402,100.24,100.24,100.24,100.24,0
SEB017,20130403,99.77,99.77,99.77,99.77,0
SEB017,20130404,98.87,98.87,98.87,98.87,0
SEB017,20130405,98.61,98.61,98.61,98.61,0
SEB017,20130408,99.43,99.43,99.43,99.43,0
SEB017,20130409,99.36,99.36,99.36,99.36,0
SEB017,20130410,99.99,99.99,99.99,99.99,0
SEB017,20130411,99.80,99.80,99.80,99.80,0
SEB017,20130412,100.20,100.20,100.20,100.20,0
SEB017,20130415,98.87,98.87,98.87,98.87,0
SEB017,20130417,98.20,98.20,98.20,98.20,0
SEB017,20130418,97.62,97.62,97.62,97.62,0
SEB017,20130419,96.40,96.40,96.40,96.40,0
SEB017,20130422,97.08,97.08,97.08,97.08,0
SEB017,20130423,96.67,96.67,96.67,96.67,0
SEB017,20130424,96.62,96.62,96.62,96.62,0
SEB017,20130425,97.37,97.37,97.37,97.37,0
SEB017,20130426,97.31,97.31,97.31,97.31,0
SEB017,20130429,97.48,97.48,97.48,97.48,0
SEB017,20130430,96.77,96.77,96.77,96.77,0
SEB017,20130502,99.00,99.00,99.00,99.00,0
SEB017,20130506,99.45,99.45,99.45,99.45,0
SEB017,20130507,100.66,100.66,100.66,100.66,0
SEB017,20130508,101.10,101.10,101.10,101.10,0
SEB017,20130509,101.22,101.22,101.22,101.22,0
SEB017,20130510,100.08,100.08,100.08,100.08,0
SEB017,20130513,100.26,100.26,100.26,100.26,0
SEB017,20130514,101.38,101.38,101.38,101.38,0
SEB017,20130515,103.05,103.05,103.05,103.05,0
SEB017,20130516,103.41,103.41,103.41,103.41,0
SEB017,20130517,103.31,103.31,103.31,103.31,0
SEB017,20130520,103.22,103.22,103.22,103.22,0
SEB017,20130521,102.01,102.01,102.01,102.01,0
SEB017,20130522,102.15,102.15,102.15,102.15,0
SEB017,20130523,101.07,101.07,101.07,101.07,0
SEB017,20130524,101.64,101.64,101.64,101.64,0
SEB017,20130527,102.26,102.26,102.26,102.26,0
SEB017,20130528,104.12,104.12,104.12,104.12,0
SEB017,20130529,102.98,102.98,102.98,102.98,0
SEB017,20130531,102.36,102.36,102.36,102.36,0
SEB017,20130603,100.85,100.85,100.85,100.85,0
SEB017,20130604,100.56,100.56,100.56,100.56,0
SEB017,20130605,101.21,101.21,101.21,101.21,0
SEB017,20130606,100.20,100.20,100.20,100.20,0
SEB017,20130607,99.53,99.53,99.53,99.53,0
SEB017,20130610,101.18,101.18,101.18,101.18,0
SEB017,20130611,100.29,100.29,100.29,100.29,0
SEB017,20130612,100.46,100.46,100.46,100.46,0
SEB017,20130613,100.44,100.44,100.44,100.44,0
SEB017,20130614,101.11,101.11,101.11,101.11,0
SEB017,20130617,101.44,101.44,101.44,101.44,0
SEB017,20130618,100.59,100.59,100.59,100.59,0
SEB017,20130619,100.52,100.52,100.52,100.52,0
SEB017,20130620,97.73,97.73,97.73,97.73,0
SEB017,20130621,96.41,96.41,96.41,96.41,0
SEB017,20130624,95.00,95.00,95.00,95.00,0
SEB017,20130625,91.83,91.83,91.83,91.83,0
SEB017,20130626,91.86,91.86,91.86,91.86,0
SEB017,20130627,93.24,93.24,93.24,93.24,0
SEB017,20130628,93.88,93.88,93.88,93.88,0
SEB017,20130701,93.33,93.33,93.33,93.33,0
SEB017,20130702,93.14,93.14,93.14,93.14,0
SEB017,20130703,92.48,92.48,92.48,92.48,0
SEB017,20130704,92.68,92.68,92.68,92.68,0
SEB017,20130705,93.79,93.79,93.79,93.79,0
SEB017,20130708,91.72,91.72,91.72,91.72,0
SEB017,20130709,91.20,91.20,91.20,91.20,0
SEB017,20130710,90.90,90.90,90.90,90.90,0
SEB017,20130711,92.62,92.62,92.62,92.62,0
SEB017,20130712,93.40,93.40,93.40,93.40,0
SEB017,20130715,94.66,94.66,94.66,94.66,0
SEB017,20130716,95.49,95.49,95.49,95.49,0
SEB017,20130717,95.17,95.17,95.17,95.17,0
SEB017,20130718,95.97,95.97,95.97,95.97,0
SEB017,20130719,95.63,95.63,95.63,95.63,0
SEB017,20130722,95.44,95.44,95.44,95.44,0
SEB017,20130723,95.65,95.65,95.65,95.65,0
SEB017,20130724,94.96,94.96,94.96,94.96,0
SEB017,20130725,93.87,93.87,93.87,93.87,0
SEB017,20130726,93.87,93.87,93.87,93.87,0
SEB017,20130729,93.24,93.24,93.24,93.24,0
SEB017,20130730,94.22,94.22,94.22,94.22,0
SEB017,20130731,94.43,94.43,94.43,94.43,0
SEB017,20130801,94.52,94.52,94.52,94.52,0
SEB017,20130802,94.44,94.44,94.44,94.44,0
SEB017,20130805,95.38,95.38,95.38,95.38,0
SEB017,20130806,94.60,94.60,94.60,94.60,0
SEB017,20130807,93.91,93.91,93.91,93.91,0
SEB017,20130808,94.29,94.29,94.29,94.29,0
SEB017,20130809,94.13,94.13,94.13,94.13,0
SEB017,20130812,95.01,95.01,95.01,95.01,0
SEB017,20130813,96.47,96.47,96.47,96.47,0
SEB017,20130814,96.70,96.70,96.70,96.70,0
SEB017,20130816,95.10,95.10,95.10,95.10,0
SEB017,20130819,94.22,94.22,94.22,94.22,0
SEB017,20130820,93.52,93.52,93.52,93.52,0
SEB017,20130821,92.97,92.97,92.97,92.97,0
SEB017,20130822,91.90,91.90,91.90,91.90,0
SEB017,20130823,92.43,92.43,92.43,92.43,0
SEB017,20130826,92.23,92.23,92.23,92.23,0
SEB017,20130827,91.45,91.45,91.45,91.45,0
SEB017,20130828,90.19,90.19,90.19,90.19,0
SEB017,20130829,91.28,91.28,91.28,91.28,0
SEB017,20130830,90.87,90.87,90.87,90.87,0
SEB017,20130902,92.34,92.34,92.34,92.34,0
SEB017,20130903,91.90,91.90,91.90,91.90,0
SEB017,20130904,91.36,91.36,91.36,91.36,0
SEB017,20130905,90.36,90.36,90.36,90.36,0
SEB017,20130906,91.37,91.37,91.37,91.37,0
SEB017,20130909,92.82,92.82,92.82,92.82,0
SEB017,20130910,94.33,94.33,94.33,94.33,0
SEB017,20130911,94.95,94.95,94.95,94.95,0
SEB017,20130912,94.69,94.69,94.69,94.69,0
SEB017,20130913,95.49,95.49,95.49,95.49,0
SEB017,20130916,96.15,96.15,96.15,96.15,0
SEB017,20130917,96.33,96.33,96.33,96.33,0
SEB017,20130918,96.92,96.92,96.92,96.92,0
SEB017,20130919,98.57,98.57,98.57,98.57,0
SEB017,20130920,98.40,98.40,98.40,98.40,0
SEB017,20130923,98.27,98.27,98.27,98.27,0
SEB017,20130924,98.08,98.08,98.08,98.08,0
SEB017,20130925,97.96,97.96,97.96,97.96,0
SEB017,20130926,98.09,98.09,98.09,98.09,0
SEB017,20130927,98.22,98.22,98.22,98.22,0
SEB017,20130930,97.18,97.18,97.18,97.18,0
SEB017,20131001,96.80,96.80,96.80,96.80,0
SEB017,20131002,97.39,97.39,97.39,97.39,0
SEB017,20131003,97.71,97.71,97.71,97.71,0
SEB017,20131004,97.26,97.26,97.26,97.26,0
SEB017,20131007,96.19,96.19,96.19,96.19,0
SEB017,20131008,96.32,96.32,96.32,96.32,0
SEB017,20131009,96.44,96.44,96.44,96.44,0
SEB017,20131010,98.07,98.07,98.07,98.07,0
SEB017,20131011,100.65,100.65,100.65,100.65,0
SEB017,20131014,100.62,100.62,100.62,100.62,0
SEB017,20131015,102.06,102.06,102.06,102.06,0
SEB017,20131016,101.20,101.20,101.20,101.20,0
SEB017,20131017,100.98,100.98,100.98,100.98,0
SEB017,20131018,100.57,100.57,100.57,100.57,0
SEB017,20131021,102.37,102.37,102.37,102.37,0
SEB017,20131022,102.47,102.47,102.47,102.47,0
SEB017,20131023,102.08,102.08,102.08,102.08,0
SEB017,20131024,102.57,102.57,102.57,102.57,0
SEB017,20131025,102.88,102.88,102.88,102.88,0
SEB017,20131028,103.69,103.69,103.69,103.69,0
SEB017,20131029,104.36,104.36,104.36,104.36,0
SEB017,20131030,104.79,104.79,104.79,104.79,0
SEB017,20131031,103.11,103.11,103.11,103.11,0
SEB017,20131104,102.72,102.72,102.72,102.72,0
SEB017,20131105,103.34,103.34,103.34,103.34,0
SEB017,20131106,102.43,102.43,102.43,102.43,0
SEB017,20131107,102.82,102.82,102.82,102.82,0
SEB017,20131108,101.95,101.95,101.95,101.95,0
SEB017,20131112,101.85,101.85,101.85,101.85,0
SEB017,20131113,100.43,100.43,100.43,100.43,0
SEB017,20131114,101.22,101.22,101.22,101.22,0
SEB017,20131115,102.85,102.85,102.85,102.85,0
SEB017,20131118,104.06,104.06,104.06,104.06,0
SEB017,20131119,105.15,105.15,105.15,105.15,0
SEB017,20131120,104.21,104.21,104.21,104.21,0
SEB017,20131121,103.92,103.92,103.92,103.92,0
SEB017,20131122,104.37,104.37,104.37,104.37,0
SEB017,20131125,105.72,105.72,105.72,105.72,0
SEB017,20131126,104.86,104.86,104.86,104.86,0
SEB017,20131127,104.21,104.21,104.21,104.21,0
SEB017,20131128,104.20,104.20,104.20,104.20,0
SEB017,20131129,104.21,104.21,104.21,104.21,0
SEB017,20131202,104.16,104.16,104.16,104.16,0
SEB017,20131203,101.37,101.37,101.37,101.37,0
SEB017,20131204,101.01,101.01,101.01,101.01,0
SEB017,20131205,100.18,100.18,100.18,100.18,0
SEB017,20131206,99.73,99.73,99.73,99.73,0
SEB017,20131209,100.93,100.93,100.93,100.93,0
SEB017,20131210,100.52,100.52,100.52,100.52,0
SEB017,20131211,100.49,100.49,100.49,100.49,0
SEB017,20131212,98.67,98.67,98.67,98.67,0
SEB017,20131213,98.65,98.65,98.65,98.65,0
SEB017,20131216,98.56,98.56,98.56,98.56,0
SEB017,20131217,97.80,97.80,97.80,97.80,0
SEB017,20131218,96.44,96.44,96.44,96.44,0
SEB017,20131219,97.26,97.26,97.26,97.26,0
SEB017,20131220,96.64,96.64,96.64,96.64,0
SEB017,20131223,97.41,97.41,97.41,97.41,0
SEB017,20131227,95.44,95.44,95.44,95.44,0
SEB017,20131230,95.78,95.78,95.78,95.78,0
SEB017,20140102,95.24,95.24,95.24,95.24,0
SEB017,20140103,95.06,95.06,95.06,95.06,0
SEB017,20140107,92.87,92.87,92.87,92.87,0
SEB017,20140108,92.43,92.43,92.43,92.43,0
SEB017,20140109,92.77,92.77,92.77,92.77,0
SEB017,20140110,90.98,90.98,90.98,90.98,0
SEB017,20140113,93.44,93.44,93.44,93.44,0
SEB017,20140114,93.20,93.20,93.20,93.20,0
SEB017,20140115,94.80,94.80,94.80,94.80,0
SEB017,20140116,95.02,95.02,95.02,95.02,0
SEB017,20140117,94.57,94.57,94.57,94.57,0
SEB017,20140120,93.94,93.94,93.94,93.94,0
SEB017,20140121,95.77,95.77,95.77,95.77,0
SEB017,20140122,96.70,96.70,96.70,96.70,0
SEB017,20140123,96.76,96.76,96.76,96.76,0
SEB017,20140124,93.81,93.81,93.81,93.81,0
SEB017,20140127,91.19,91.19,91.19,91.19,0
SEB017,20140128,92.21,92.21,92.21,92.21,0
SEB017,20140129,92.19,92.19,92.19,92.19,0
SEB017,20140130,89.93,89.93,89.93,89.93,0
SEB017,20140131,92.00,92.00,92.00,92.00,0
SEB017,20140203,93.20,93.20,93.20,93.20,0
SEB017,20140204,92.30,92.30,92.30,92.30,0
SEB017,20140205,93.22,93.22,93.22,93.22,0
SEB017,20140206,94.97,94.97,94.97,94.97,0
SEB017,20140207,95.81,95.81,95.81,95.81,0
SEB017,20140210,95.70,95.70,95.70,95.70,0
SEB017,20140211,96.82,96.82,96.82,96.82,0
SEB017,20140212,98.44,98.44,98.44,98.44,0
SEB017,20140213,98.09,98.09,98.09,98.09,0
SEB017,20140214,98.59,98.59,98.59,98.59,0
SEB017,20140217,99.57,99.57,99.57,99.57,0
SEB017,20140218,99.07,99.07,99.07,99.07,0
SEB017,20140219,98.15,98.15,98.15,98.15,0
SEB017,20140220,97.93,97.93,97.93,97.93,0
SEB017,20140221,99.01,99.01,99.01,99.01,0
SEB017,20140224,99.96,99.96,99.96,99.96,0
SEB017,20140225,100.17,100.17,100.17,100.17,0
SEB017,20140226,99.25,99.25,99.25,99.25,0
SEB017,20140227,97.19,97.19,97.19,97.19,0
SEB017,20140228,98.77,98.77,98.77,98.77,0
SEB017,20140303,95.45,95.45,95.45,95.45,0
SEB017,20140304,96.72,96.72,96.72,96.72,0
SEB017,20140305,97.75,97.75,97.75,97.75,0
SEB017,20140306,97.75,97.75,97.75,97.75,0
SEB017,20140307,97.72,97.72,97.72,97.72,0
SEB017,20140310,95.61,95.61,95.61,95.61,0
SEB017,20140311,94.94,94.94,94.94,94.94,0
SEB017,20140312,93.72,93.72,93.72,93.72,0
SEB017,20140313,93.53,93.53,93.53,93.53,0
SEB017,20140314,90.63,90.63,90.63,90.63,0
SEB017,20140317,92.92,92.92,92.92,92.92,0
SEB017,20140318,93.71,93.71,93.71,93.71,0
SEB017,20140319,93.91,93.91,93.91,93.91,0
SEB017,20140320,93.29,93.29,93.29,93.29,0
SEB017,20140321,94.50,94.50,94.50,94.50,0
SEB017,20140324,93.37,93.37,93.37,93.37,0
SEB017,20140325,94.38,94.38,94.38,94.38,0
SEB017,20140326,96.73,96.73,96.73,96.73,0
SEB017,20140327,96.66,96.66,96.66,96.66,0
SEB017,20140328,97.10,97.10,97.10,97.10,0
SEB017,20140331,98.14,98.14,98.14,98.14,0
SEB017,20140401,98.80,98.80,98.80,98.80,0
SEB017,20140402,98.41,98.41,98.41,98.41,0
SEB017,20140403,98.45,98.45,98.45,98.45,0
SEB017,20140404,97.68,97.68,97.68,97.68,0
SEB017,20140407,98.58,98.58,98.58,98.58,0
SEB017,20140408,98.39,98.39,98.39,98.39,0
SEB017,20140409,99.29,99.29,99.29,99.29,0
SEB017,20140410,99.20,99.20,99.20,99.20,0
SEB017,20140411,97.99,97.99,97.99,97.99,0
SEB017,20140414,97.12,97.12,97.12,97.12,0
SEB017,20140415,96.89,96.89,96.89,96.89,0
SEB017,20140416,95.59,95.59,95.59,95.59,0
SEB017,20140417,96.12,96.12,96.12,96.12,0
SEB017,20140422,97.46,97.46,97.46,97.46,0
SEB017,20140423,97.66,97.66,97.66,97.66,0
SEB017,20140424,98.58,98.58,98.58,98.58,0
SEB017,20140425,96.91,96.91,96.91,96.91,0
SEB017,20140428,97.11,97.11,97.11,97.11,0
SEB017,20140429,97.63,97.63,97.63,97.63,0
SEB017,20140430,98.01,98.01,98.01,98.01,0
SEB017,20140502,97.51,97.51,97.51,97.51,0
SEB017,20140505,96.48,96.48,96.48,96.48,0
SEB017,20140506,96.70,96.70,96.70,96.70,0
SEB017,20140507,94.89,94.89,94.89,94.89,0
SEB017,20140508,96.43,96.43,96.43,96.43,0
SEB017,20140509,96.18,96.18,96.18,96.18,0
SEB017,20140512,96.09,96.09,96.09,96.09,0
SEB017,20140513,97.15,97.15,97.15,97.15,0
SEB017,20140514,97.74,97.74,97.74,97.74,0
SEB017,20140515,97.83,97.83,97.83,97.83,0
SEB017,20140516,95.47,95.47,95.47,95.47,0
SEB017,20140519,95.83,95.83,95.83,95.83,0
SEB017,20140520,96.28,96.28,96.28,96.28,0
SEB017,20140521,97.06,97.06,97.06,97.06,0
SEB017,20140522,98.48,98.48,98.48,98.48,0
SEB017,20140523,100.67,100.67,100.67,100.67,0
SEB017,20140526,100.66,100.66,100.66,100.66,0
SEB017,20140527,100.28,100.28,100.28,100.28,0
SEB017,20140528,100.08,100.08,100.08,100.08,0
SEB017,20140529,99.62,99.62,99.62,99.62,0
SEB017,20140530,100.21,100.21,100.21,100.21,0
SEB017,20140602,99.26,99.26,99.26,99.26,0
SEB017,20140603,99.72,99.72,99.72,99.72,0
SEB017,20140604,98.74,98.74,98.74,98.74,0
SEB017,20140605,100.82,100.82,100.82,100.82,0
SEB017,20140606,101.37,101.37,101.37,101.37,0
SEB017,20140609,102.39,102.39,102.39,102.39,0
SEB017,20140610,102.24,102.24,102.24,102.24,0
SEB017,20140611,101.96,101.96,101.96,101.96,0
SEB017,20140612,101.12,101.12,101.12,101.12,0
SEB017,20140613,100.79,100.79,100.79,100.79,0
SEB017,20140616,99.49,99.49,99.49,99.49,0
SEB017,20140617,100.30,100.30,100.30,100.30,0
SEB017,20140618,100.56,100.56,100.56,100.56,0
SEB017,20140620,100.77,100.77,100.77,100.77,0
SEB017,20140623,100.73,100.73,100.73,100.73,0
SEB017,20140624,101.48,101.48,101.48,101.48,0
SEB017,20140625,99.85,99.85,99.85,99.85,0
SEB017,20140626,98.86,98.86,98.86,98.86,0
SEB017,20140627,98.23,98.23,98.23,98.23,0
SEB017,20140630,98.43,98.43,98.43,98.43,0
SEB017,20140701,97.36,97.36,97.36,97.36,0
SEB017,20140702,95.76,95.76,95.76,95.76,0
SEB017,20140703,95.12,95.12,95.12,95.12,0
SEB017,20140704,95.62,95.62,95.62,95.62,0
SEB017,20140707,96.03,96.03,96.03,96.03,0
SEB017,20140708,96.59,96.59,96.59,96.59,0
SEB017,20140709,95.59,95.59,95.59,95.59,0
SEB017,20140710,94.20,94.20,94.20,94.20,0
SEB017,20140711,95.58,95.58,95.58,95.58,0
SEB017,20140714,96.71,96.71,96.71,96.71,0
SEB017,20140715,96.99,96.99,96.99,96.99,0
SEB017,20140716,98.11,98.11,98.11,98.11,0
SEB017,20140717,97.28,97.28,97.28,97.28,0
SEB017,20140718,97.30,97.30,97.30,97.30,0
SEB017,20140721,97.41,97.41,97.41,97.41,0
SEB017,20140722,98.09,98.09,98.09,98.09,0
SEB017,20140723,98.31,98.31,98.31,98.31,0
SEB017,20140724,98.43,98.43,98.43,98.43,0
SEB017,20140725,98.49,98.49,98.49,98.49,0
SEB017,20140728,98.87,98.87,98.87,98.87,0
SEB017,20140729,98.56,98.56,98.56,98.56,0
SEB017,20140730,97.15,97.15,97.15,97.15,0
SEB017,20140731,95.46,95.46,95.46,95.46,0
SEB017,20140801,93.00,93.00,93.00,93.00,0
SEB017,20140804,95.70,95.70,95.70,95.70,0
SEB017,20140805,96.72,96.72,96.72,96.72,0
SEB017,20140806,94.82,94.82,94.82,94.82,0
SEB017,20140807,94.03,94.03,94.03,94.03,0
SEB017,20140808,92.43,92.43,92.43,92.43,0
SEB017,20140811,93.71,93.71,93.71,93.71,0
SEB017,20140812,94.03,94.03,94.03,94.03,0
SEB017,20140813,94.31,94.31,94.31,94.31,0
SEB017,20140814,95.24,95.24,95.24,95.24,0
SEB017,20140818,96.50,96.50,96.50,96.50,0
SEB017,20140819,98.24,98.24,98.24,98.24,0
SEB017,20140820,98.36,98.36,98.36,98.36,0
SEB017,20140821,98.54,98.54,98.54,98.54,0
SEB017,20140822,97.94,97.94,97.94,97.94,0
SEB017,20140825,98.49,98.49,98.49,98.49,0
SEB017,20140826,99.32,99.32,99.32,99.32,0
SEB017,20140827,100.54,100.54,100.54,100.54,0
SEB017,20140828,98.51,98.51,98.51,98.51,0
SEB017,20140829,98.39,98.39,98.39,98.39,0
SEB017,20140901,98.36,98.36,98.36,98.36,0
SEB017,20140902,99.16,99.16,99.16,99.16,0
SEB017,20140903,102.07,102.07,102.07,102.07,0
SEB017,20140904,103.06,103.06,103.06,103.06,0
SEB017,20140905,103.58,103.58,103.58,103.58,0
SEB017,20140908,104.22,104.22,104.22,104.22,0
SEB017,20140909,103.96,103.96,103.96,103.96,0
SEB017,20140910,102.97,102.97,102.97,102.97,0
SEB017,20140911,102.32,102.32,102.32,102.32,0
SEB017,20140912,101.48,101.48,101.48,101.48,0
SEB017,20140915,100.80,100.80,100.80,100.80,0
SEB017,20140916,101.74,101.74,101.74,101.74,0
SEB017,20140917,103.48,103.48,103.48,103.48,0
SEB017,20140918,103.21,103.21,103.21,103.21,0
SEB017,20140919,103.32,103.32,103.32,103.32,0
SEB017,20140922,103.88,103.88,103.88,103.88,0
SEB017,20140923,102.45,102.45,102.45,102.45,0
SEB017,20140924,102.00,102.00,102.00,102.00,0
SEB017,20140925,102.19,102.19,102.19,102.19,0
SEB017,20140926,100.72,100.72,100.72,100.72,0
SEB017,20140929,101.82,101.82,101.82,101.82,0
SEB017,20140930,101.65,101.65,101.65,101.65,0
SEB017,20141001,100.93,100.93,100.93,100.93,0
SEB017,20141002,98.78,98.78,98.78,98.78,0
SEB017,20141003,99.30,99.30,99.30,99.30,0
SEB017,20141006,99.52,99.52,99.52,99.52,0
SEB017,20141007,98.78,98.78,98.78,98.78,0
SEB017,20141008,97.08,97.08,97.08,97.08,0
SEB017,20141009,98.49,98.49,98.49,98.49,0
SEB017,20141010,96.52,96.52,96.52,96.52,0
SEB017,20141013,96.85,96.85,96.85,96.85,0
SEB017,20141014,95.89,95.89,95.89,95.89,0
SEB017,20141015,97.42,97.42,97.42,97.42,0
SEB017,20141016,94.99,94.99,94.99,94.99,0
SEB017,20141017,96.72,96.72,96.72,96.72,0
SEB017,20141020,97.28,97.28,97.28,97.28,0
SEB017,20141021,97.55,97.55,97.55,97.55,0
SEB017,20141022,99.38,99.38,99.38,99.38,0
SEB017,20141023,100.04,100.04,100.04,100.04,0
SEB017,20141024,100.25,100.25,100.25,100.25,0
SEB017,20141027,99.56,99.56,99.56,99.56,0
SEB017,20141028,100.33,100.33,100.33,100.33,0
SEB017,20141029,101.12,101.12,101.12,101.12,0
SEB017,20141030,100.00,100.00,100.00,100.00,0
SEB017,20141031,102.09,102.09,102.09,102.09,0
SEB017,20141103,101.74,101.74,101.74,101.74,0
SEB017,20141104,102.03,102.03,102.03,102.03,0
SEB017,20141105,101.42,101.42,101.42,101.42,0
SEB017,20141106,100.16,100.16,100.16,100.16,0
SEB017,20141107,99.29,99.29,99.29,99.29,0
SEB017,20141110,98.38,98.38,98.38,98.38,0
SEB017,20141112,98.80,98.80,98.80,98.80,0
SEB017,20141113,99.14,99.14,99.14,99.14,0
SEB017,20141114,98.21,98.21,98.21,98.21,0
SEB017,20141117,99.55,99.55,99.55,99.55,0
SEB017,20141118,99.74,99.74,99.74,99.74,0
SEB017,20141119,99.69,99.69,99.69,99.69,0
SEB017,20141120,98.94,98.94,98.94,98.94,0
SEB017,20141121,100.17,100.17,100.17,100.17,0
SEB017,20141124,99.69,99.69,99.69,99.69,0
SEB017,20141125,98.49,98.49,98.49,98.49,0
SEB017,20141126,99.17,99.17,99.17,99.17,0
SEB017,20141127,99.82,99.82,99.82,99.82,0
SEB017,20141128,100.16,100.16,100.16,100.16,0
SEB017,20141201,99.65,99.65,99.65,99.65,0
SEB017,20141202,99.88,99.88,99.88,99.88,0
SEB017,20141203,101.14,101.14,101.14,101.14,0
SEB017,20141204,101.86,101.86,101.86,101.86,0
SEB017,20141205,101.31,101.31,101.31,101.31,0
SEB017,20141208,100.65,100.65,100.65,100.65,0
SEB017,20141209,99.58,99.58,99.58,99.58,0
SEB017,20141210,98.79,98.79,98.79,98.79,0
SEB017,20141211,98.19,98.19,98.19,98.19,0
SEB017,20141212,97.39,97.39,97.39,97.39,0
SEB017,20141215,96.52,96.52,96.52,96.52,0
SEB017,20141216,93.30,93.30,93.30,93.30,0
SEB017,20141217,91.54,91.54,91.54,91.54,0
SEB017,20141218,94.76,94.76,94.76,94.76,0
SEB017,20141219,95.06,95.06,95.06,95.06,0
SEB017,20141222,95.23,95.23,95.23,95.23,0
SEB017,20141223,95.72,95.72,95.72,95.72,0
SEB017,20141229,94.34,94.34,94.34,94.34,0
SEB017,20141230,94.53,94.53,94.53,94.53,0
SEB017,20150102,93.63,93.63,93.63,93.63,0
SEB017,20150105,93.54,93.54,93.54,93.54,0
SEB017,20150107,93.63,93.63,93.63,93.63,0
SEB017,20150108,96.56,96.56,96.56,96.56,0
SEB017,20150109,97.18,97.18,97.18,97.18,0
SEB017,20150112,97.15,97.15,97.15,97.15,0
SEB017,20150113,97.81,97.81,97.81,97.81,0
SEB017,20150114,96.99,96.99,96.99,96.99,0
SEB017,20150115,94.18,94.18,94.18,94.18,0
SEB017,20150116,91.65,91.65,91.65,91.65,0
SEB017,20150119,92.22,92.22,92.22,92.22,0
SEB017,20150120,93.64,93.64,93.64,93.64,0
SEB017,20150121,94.10,94.10,94.10,94.10,0
SEB017,20150122,95.04,95.04,95.04,95.04,0
SEB017,20150123,96.88,96.88,96.88,96.88,0
SEB017,20150126,95.20,95.20,95.20,95.20,0
SEB017,20150127,96.78,96.78,96.78,96.78,0
SEB017,20150128,95.81,95.81,95.81,95.81,0
SEB017,20150129,96.42,96.42,96.42,96.42,0
SEB017,20150130,96.39,96.39,96.39,96.39,0
SEB017,20150202,96.50,96.50,96.50,96.50,0
SEB017,20150203,96.21,96.21,96.21,96.21,0
SEB017,20150204,94.70,94.70,94.70,94.70,0
SEB017,20150205,94.56,94.56,94.56,94.56,0
SEB017,20150206,94.98,94.98,94.98,94.98,0
SEB017,20150209,93.58,93.58,93.58,93.58,0
SEB017,20150210,94.06,94.06,94.06,94.06,0
SEB017,20150211,93.25,93.25,93.25,93.25,0
SEB017,20150212,93.80,93.80,93.80,93.80,0
SEB017,20150213,94.13,94.13,94.13,94.13,0
SEB017,20150216,95.09,95.09,95.09,95.09,0
SEB017,20150217,95.24,95.24,95.24,95.24,0
SEB017,20150218,94.50,94.50,94.50,94.50,0
SEB017,20150219,94.79,94.79,94.79,94.79,0
SEB017,20150220,94.76,94.76,94.76,94.76,0
SEB017,20150223,94.66,94.66,94.66,94.66,0
SEB017,20150224,94.77,94.77,94.77,94.77,0
SEB017,20150225,95.40,95.40,95.40,95.40,0
SEB017,20150226,94.89,94.89,94.89,94.89,0
SEB017,20150227,93.99,93.99,93.99,93.99,0
SEB017,20150302,94.47,94.47,94.47,94.47,0
SEB017,20150303,93.95,93.95,93.95,93.95,0
SEB017,20150304,92.36,92.36,92.36,92.36,0
SEB017,20150305,92.78,92.78,92.78,92.78,0
SEB017,20150306,93.21,93.21,93.21,93.21,0
SEB017,20150309,92.80,92.80,92.80,92.80,0
SEB017,20150310,91.00,91.00,91.00,91.00,0
SEB017,20150311,91.05,91.05,91.05,91.05,0
SEB017,20150312,91.42,91.42,91.42,91.42,0
SEB017,20150313,90.52,90.52,90.52,90.52,0
SEB017,20150316,90.50,90.50,90.50,90.50,0
SEB017,20150317,91.59,91.59,91.59,91.59,0
SEB017,20150318,92.45,92.45,92.45,92.45,0
SEB017,20150319,94.65,94.65,94.65,94.65,0
SEB017,20150320,94.82,94.82,94.82,94.82,0
SEB017,20150323,95.71,95.71,95.71,95.71,0
SEB017,20150324,95.51,95.51,95.51,95.51,0
SEB017,20150325,95.14,95.14,95.14,95.14,0
SEB017,20150326,93.12,93.12,93.12,93.12,0
SEB017,20150327,93.14,93.14,93.14,93.14,0
SEB017,20150330,94.26,94.26,94.26,94.26,0
SEB017,20150331,93.49,93.49,93.49,93.49,0
SEB017,20150401,93.75,93.75,93.75,93.75,0
SEB017,20150402,93.71,93.71,93.71,93.71,0
SEB017,20150407,95.36,95.36,95.36,95.36,0
SEB017,20150408,95.71,95.71,95.71,95.71,0
SEB017,20150409,95.86,95.86,95.86,95.86,0
SEB017,20150410,96.87,96.87,96.87,96.87,0
SEB017,20150413,96.31,96.31,96.31,96.31,0
SEB017,20150414,95.35,95.35,95.35,95.35,0
SEB017,20150415,97.34,97.34,97.34,97.34,0
SEB017,20150416,97.89,97.89,97.89,97.89,0
SEB017,20150417,99.47,99.47,99.47,99.47,0
SEB017,20150420,98.60,98.60,98.60,98.60,0
SEB017,20150421,99.80,99.80,99.80,99.80,0
SEB017,20150422,100.08,100.08,100.08,100.08,0
SEB017,20150423,100.30,100.30,100.30,100.30,0
SEB017,20150424,100.64,100.64,100.64,100.64,0
SEB017,20150427,102.20,102.20,102.20,102.20,0
SEB017,20150428,102.12,102.12,102.12,102.12,0
SEB017,20150429,102.19,102.19,102.19,102.19,0
SEB017,20150430,102.27,102.27,102.27,102.27,0
SEB017,20150504,102.52,102.52,102.52,102.52,0
SEB017,20150505,102.34,102.34,102.34,102.34,0
SEB017,20150506,101.59,101.59,101.59,101.59,0
SEB017,20150507,101.40,101.40,101.40,101.40,0
SEB017,20150508,103.28,103.28,103.28,103.28,0
SEB017,20150511,103.89,103.89,103.89,103.89,0
SEB017,20150512,102.74,102.74,102.74,102.74,0
SEB017,20150513,103.78,103.78,103.78,103.78,0
SEB017,20150514,103.64,103.64,103.64,103.64,0
SEB017,20150515,103.96,103.96,103.96,103.96,0
SEB017,20150518,104.33,104.33,104.33,104.33,0
SEB017,20150519,105.27,105.27,105.27,105.27,0
SEB017,20150520,104.69,104.69,104.69,104.69,0
SEB017,20150521,104.77,104.77,104.77,104.77,0
SEB017,20150522,104.07,104.07,104.07,104.07,0
SEB017,20150525,102.82,102.82,102.82,102.82,0
SEB017,20150526,102.46,102.46,102.46,102.46,0
SEB017,20150527,101.55,101.55,101.55,101.55,0
SEB017,20150528,101.66,101.66,101.66,101.66,0
SEB017,20150529,101.60,101.60,101.60,101.60,0
SEB017,20150601,101.32,101.32,101.32,101.32,0
SEB017,20150602,100.35,100.35,100.35,100.35,0
SEB017,20150603,100.35,100.35,100.35,100.35,0
SEB017,20150605,99.64,99.64,99.64,99.64,0
SEB017,20150608,97.55,97.55,97.55,97.55,0
SEB017,20150609,97.36,97.36,97.36,97.36,0
SEB017,20150610,98.41,98.41,98.41,98.41,0
SEB017,20150611,98.96,98.96,98.96,98.96,0
SEB017,20150612,99.34,99.34,99.34,99.34,0
SEB017,20150615,98.39,98.39,98.39,98.39,0
SEB017,20150616,97.53,97.53,97.53,97.53,0
SEB017,20150617,98.67,98.67,98.67,98.67,0
SEB017,20150618,97.19,97.19,97.19,97.19,0
SEB017,20150619,98.64,98.64,98.64,98.64,0
SEB017,20150622,99.48,99.48,99.48,99.48,0
SEB017,20150623,100.57,100.57,100.57,100.57,0
SEB017,20150624,100.13,100.13,100.13,100.13,0
SEB017,20150625,101.27,101.27,101.27,101.27,0
SEB017,20150626,100.28,100.28,100.28,100.28,0
SEB017,20150629,98.59,98.59,98.59,98.59,0
SEB017,20150630,98.16,98.16,98.16,98.16,0
SEB017,20150701,99.28,99.28,99.28,99.28,0
SEB017,20150702,97.34,97.34,97.34,97.34,0
SEB017,20150703,97.49,97.49,97.49,97.49,0
SEB017,20150706,96.59,96.59,96.59,96.59,0
SEB017,20150707,97.11,97.11,97.11,97.11,0
SEB017,20150708,94.47,94.47,94.47,94.47,0
SEB017,20150709,95.33,95.33,95.33,95.33,0
SEB017,20150710,97.28,97.28,97.28,97.28,0
SEB017,20150713,98.01,98.01,98.01,98.01,0
SEB017,20150714,97.43,97.43,97.43,97.43,0
SEB017,20150715,97.15,97.15,97.15,97.15,0
SEB017,20150716,98.32,98.32,98.32,98.32,0
SEB017,20150717,98.28,98.28,98.28,98.28,0
SEB017,20150720,97.16,97.16,97.16,97.16,0
SEB017,20150721,96.08,96.08,96.08,96.08,0
SEB017,20150722,94.14,94.14,94.14,94.14,0
SEB017,20150723,93.17,93.17,93.17,93.17,0
SEB017,20150724,92.71,92.71,92.71,92.71,0
SEB017,20150727,91.71,91.71,91.71,91.71,0
SEB017,20150728,92.84,92.84,92.84,92.84,0
SEB017,20150729,93.78,93.78,93.78,93.78,0
SEB017,20150730,92.48,92.48,92.48,92.48,0
SEB017,20150731,92.55,92.55,92.55,92.55,0
SEB017,20150803,93.89,93.89,93.89,93.89,0
SEB017,20150804,93.56,93.56,93.56,93.56,0
SEB017,20150805,94.10,94.10,94.10,94.10,0
SEB017,20150806,92.60,92.60,92.60,92.60,0
SEB017,20150807,92.65,92.65,92.65,92.65,0
SEB017,20150810,92.23,92.23,92.23,92.23,0
SEB017,20150811,93.20,93.20,93.20,93.20,0
SEB017,20150812,91.55,91.55,91.55,91.55,0
SEB017,20150813,91.83,91.83,91.83,91.83,0
SEB017,20150814,91.20,91.20,91.20,91.20,0
SEB017,20150817,90.46,90.46,90.46,90.46,0
SEB017,20150818,89.90,89.90,89.90,89.90,0
SEB017,20150819,89.52,89.52,89.52,89.52,0
SEB017,20150820,88.94,88.94,88.94,88.94,0
SEB017,20150821,88.86,88.86,88.86,88.86,0
SEB017,20150824,85.14,85.14,85.14,85.14,0
SEB017,20150825,84.25,84.25,84.25,84.25,0
SEB017,20150826,83.92,83.92,83.92,83.92,0
SEB017,20150827,87.12,87.12,87.12,87.12,0
SEB017,20150828,87.68,87.68,87.68,87.68,0
SEB017,20150831,88.06,88.06,88.06,88.06,0
SEB017,20150901,86.78,86.78,86.78,86.78,0
SEB017,20150902,86.44,86.44,86.44,86.44,0
SEB017,20150903,87.31,87.31,87.31,87.31,0
SEB017,20150904,87.53,87.53,87.53,87.53,0
SEB017,20150907,86.91,86.91,86.91,86.91,0
SEB017,20150908,87.43,87.43,87.43,87.43,0
SEB017,20150909,88.67,88.67,88.67,88.67,0
SEB017,20150910,87.93,87.93,87.93,87.93,0
SEB017,20150911,88.48,88.48,88.48,88.48,0
SEB017,20150914,87.66,87.66,87.66,87.66,0
SEB017,20150915,87.84,87.84,87.84,87.84,0
SEB017,20150916,88.67,88.67,88.67,88.67,0
SEB017,20150917,89.64,89.64,89.64,89.64,0
SEB017,20150918,89.42,89.42,89.42,89.42,0
SEB017,20150921,88.56,88.56,88.56,88.56,0
SEB017,20150922,88.15,88.15,88.15,88.15,0
SEB017,20150923,86.93,86.93,86.93,86.93,0
SEB017,20150924,85.81,85.81,85.81,85.81,0
SEB017,20150925,85.74,85.74,85.74,85.74,0
SEB017,20150928,84.40,84.40,84.40,84.40,0
SEB017,20150929,83.58,83.58,83.58,83.58,0
SEB017,20150930,84.57,84.57,84.57,84.57,0
SEB017,20151001,85.39,85.39,85.39,85.39,0
SEB017,20151002,84.50,84.50,84.50,84.50,0
SEB017,20151005,86.20,86.20,86.20,86.20,0
SEB017,20151006,87.06,87.06,87.06,87.06,0
SEB017,20151007,88.16,88.16,88.16,88.16,0
SEB017,20151008,88.23,88.23,88.23,88.23,0
SEB017,20151009,90.26,90.26,90.26,90.26,0
SEB017,20151012,90.12,90.12,90.12,90.12,0
SEB017,20151013,88.92,88.92,88.92,88.92,0
SEB017,20151014,88.89,88.89,88.89,88.89,0
SEB017,20151015,90.32,90.32,90.32,90.32,0
SEB017,20151016,90.46,90.46,90.46,90.46,0
SEB017,20151019,90.30,90.30,90.30,90.30,0
SEB017,20151020,89.81,89.81,89.81,89.81,0
SEB017,20151021,89.99,89.99,89.99,89.99,0
SEB017,20151022,89.82,89.82,89.82,89.82,0
SEB017,20151023,91.54,91.54,91.54,91.54,0
SEB017,20151026,91.71,91.71,91.71,91.71,0
SEB017,20151027,90.92,90.92,90.92,90.92,0
SEB017,20151028,90.78,90.78,90.78,90.78,0
SEB017,20151029,89.85,89.85,89.85,89.85,0
SEB017,20151030,88.71,88.71,88.71,88.71,0
SEB017,20151102,91.38,91.38,91.38,91.38,0
SEB017,20151103,91.28,91.28,91.28,91.28,0
SEB017,20151104,91.91,91.91,91.91,91.91,0
SEB017,20151105,90.59,90.59,90.59,90.59,0
SEB017,20151106,90.11,90.11,90.11,90.11,0
SEB017,20151109,89.01,89.01,89.01,89.01,0
SEB017,20151110,88.28,88.28,88.28,88.28,0
SEB017,20151112,89.13,89.13,89.13,89.13,0
SEB017,20151113,87.43,87.43,87.43,87.43,0
SEB017,20151116,86.06,86.06,86.06,86.06,0
SEB017,20151117,87.40,87.40,87.40,87.40,0
SEB017,20151118,87.34,87.34,87.34,87.34,0
SEB017,20151119,88.75,88.75,88.75,88.75,0
SEB017,20151120,88.46,88.46,88.46,88.46,0
SEB017,20151123,86.99,86.99,86.99,86.99,0
SEB017,20151124,85.23,85.23,85.23,85.23,0
SEB017,20151125,85.01,85.01,85.01,85.01,0
SEB017,20151126,85.03,85.03,85.03,85.03,0
SEB017,20151127,84.87,84.87,84.87,84.87,0
SEB017,20151130,84.38,84.38,84.38,84.38,0
SEB017,20151201,84.60,84.60,84.60,84.60,0
SEB017,20151202,83.66,83.66,83.66,83.66,0
SEB017,20151203,82.74,82.74,82.74,82.74,0
SEB017,20151204,78.77,78.77,78.77,78.77,0
SEB017,20151207,80.73,80.73,80.73,80.73,0
SEB017,20151208,78.16,78.16,78.16,78.16,0
SEB017,20151209,75.76,75.76,75.76,75.76,0
SEB017,20151210,77.68,77.68,77.68,77.68,0
SEB017,20151211,75.58,75.58,75.58,75.58,0
SEB017,20151214,74.43,74.43,74.43,74.43,0
SEB017,20151215,74.48,74.48,74.48,74.48,0
SEB017,20151216,76.45,76.45,76.45,76.45,0
SEB017,20151217,78.86,78.86,78.86,78.86,0
SEB017,20151218,78.48,78.48,78.48,78.48,0
SEB017,20151221,80.12,80.12,80.12,80.12,0
SEB017,20151222,79.32,79.32,79.32,79.32,0
SEB017,20151223,80.40,80.40,80.40,80.40,0
SEB017,20151228,80.18,80.18,80.18,80.18,0
SEB017,20151229,81.03,81.03,81.03,81.03,0
SEB017,20151230,80.65,80.65,80.65,80.65,0
SEB017,20160104,76.23,76.23,76.23,76.23,0
SEB017,20160105,75.21,75.21,75.21,75.21,0
SEB017,20160107,73.85,73.85,73.85,73.85,0
SEB017,20160108,73.77,73.77,73.77,73.77,0
SEB017,20160111,73.58,73.58,73.58,73.58,0
SEB017,20160112,74.45,74.45,74.45,74.45,0
SEB017,20160113,75.55,75.55,75.55,75.55,0
SEB017,20160114,74.98,74.98,74.98,74.98,0
SEB017,20160115,75.15,75.15,75.15,75.15,0
SEB017,20160118,73.68,73.68,73.68,73.68,0
SEB017,20160119,73.60,73.60,73.60,73.60,0
SEB017,20160120,72.34,72.34,72.34,72.34,0
SEB017,20160121,73.03,73.03,73.03,73.03,0
SEB017,20160122,74.47,74.47,74.47,74.47,0
SEB017,20160125,75.39,75.39,75.39,75.39,0
SEB017,20160126,74.79,74.79,74.79,74.79,0
SEB017,20160127,75.32,75.32,75.32,75.32,0
SEB017,20160128,76.43,76.43,76.43,76.43,0
SEB017,20160129,76.36,76.36,76.36,76.36,0
SEB017,20160201,75.96,75.96,75.96,75.96,0
SEB017,20160202,75.24,75.24,75.24,75.24,0
SEB017,20160203,73.83,73.83,73.83,73.83,0
SEB017,20160204,75.27,75.27,75.27,75.27,0
SEB017,20160205,76.03,76.03,76.03,76.03,0
SEB017,20160208,73.75,73.75,73.75,73.75,0
SEB017,20160209,73.87,73.87,73.87,73.87,0
SEB017,20160210,75.61,75.61,75.61,75.61,0
SEB017,20160211,73.43,73.43,73.43,73.43,0
SEB017,20160212,75.43,75.43,75.43,75.43,0
SEB017,20160215,76.22,76.22,76.22,76.22,0
SEB017,20160216,75.33,75.33,75.33,75.33,0
SEB017,20160217,77.80,77.80,77.80,77.80,0
SEB017,20160218,79.94,79.94,79.94,79.94,0
SEB017,20160219,78.50,78.50,78.50,78.50,0
SEB017,20160222,80.20,80.20,80.20,80.20,0
SEB017,20160223,79.38,79.38,79.38,79.38,0
SEB017,20160224,77.71,77.71,77.71,77.71,0
SEB017,20160225,78.19,78.19,78.19,78.19,0
SEB017,20160226,79.35,79.35,79.35,79.35,0
SEB017,20160229,78.10,78.10,78.10,78.10,0
SEB017,20160301,78.47,78.47,78.47,78.47,0
SEB017,20160302,78.65,78.65,78.65,78.65,0
SEB017,20160303,80.26,80.26,80.26,80.26,0
SEB017,20160304,81.85,81.85,81.85,81.85,0
SEB017,20160307,82.23,82.23,82.23,82.23,0
SEB017,20160308,82.13,82.13,82.13,82.13,0
SEB017,20160309,81.65,81.65,81.65,81.65,0
SEB017,20160310,82.60,82.60,82.60,82.60,0
SEB017,20160311,83.09,83.09,83.09,83.09,0
SEB017,20160314,83.51,83.51,83.51,83.51,0
SEB017,20160315,84.10,84.10,84.10,84.10,0
SEB017,20160316,83.28,83.28,83.28,83.28,0
SEB017,20160317,83.43,83.43,83.43,83.43,0
SEB017,20160318,84.43,84.43,84.43,84.43,0
SEB017,20160321,85.21,85.21,85.21,85.21,0
SEB017,20160322,84.57,84.57,84.57,84.57,0
SEB017,20160323,85.71,85.71,85.71,85.71,0
SEB017,20160324,84.55,84.55,84.55,84.55,0
SEB017,20160329,85.24,85.24,85.24,85.24,0
SEB017,20160330,85.72,85.72,85.72,85.72,0
SEB017,20160331,85.38,85.38,85.38,85.38,0
SEB017,20160401,84.98,84.98,84.98,84.98,0
SEB017,20160404,84.93,84.93,84.93,84.93,0
SEB017,20160405,84.10,84.10,84.10,84.10,0
SEB017,20160406,84.25,84.25,84.25,84.25,0
SEB017,20160407,83.87,83.87,83.87,83.87,0
SEB017,20160408,83.69,83.69,83.69,83.69,0
SEB017,20160411,83.94,83.94,83.94,83.94,0
SEB017,20160412,83.79,83.79,83.79,83.79,0
SEB017,20160413,83.80,83.80,83.80,83.80,0
SEB017,20160414,84.48,84.48,84.48,84.48,0
SEB017,20160415,84.76,84.76,84.76,84.76,0
SEB017,20160418,84.61,84.61,84.61,84.61,0
SEB017,20160419,86.90,86.90,86.90,86.90,0
SEB017,20160420,86.74,86.74,86.74,86.74,0
SEB017,20160421,87.00,87.00,87.00,87.00,0
SEB017,20160422,86.76,86.76,86.76,86.76,0
SEB017,20160423,86.89,86.89,86.89,86.89,0
SEB017,20160425,86.89,86.89,86.89,86.89,0
SEB017,20160426,88.10,88.10,88.10,88.10,0
SEB017,20160427,87.59,87.59,87.59,87.59,0
SEB017,20160428,87.18,87.18,87.18,87.18,0
SEB017,20160429,87.57,87.57,87.57,87.57,0
SEB017,20160502,87.53,87.53,87.53,87.53,0
SEB017,20160504,85.65,85.65,85.65,85.65,0
SEB017,20160505,84.85,84.85,84.85,84.85,0
SEB017,20160506,84.47,84.47,84.47,84.47,0
SEB017,20160509,85.92,85.92,85.92,85.92,0
SEB017,20160510,85.49,85.49,85.49,85.49,0
SEB017,20160511,84.80,84.80,84.80,84.80,0
SEB017,20160512,85.29,85.29,85.29,85.29,0
SEB017,20160513,84.14,84.14,84.14,84.14,0
SEB017,20160516,84.15,84.15,84.15,84.15,0
SEB017,20160517,84.25,84.25,84.25,84.25,0
SEB017,20160518,83.77,83.77,83.77,83.77,0
SEB017,20160519,83.59,83.59,83.59,83.59,0
SEB017,20160520,83.18,83.18,83.18,83.18,0
SEB017,20160523,83.01,83.01,83.01,83.01,0
SEB017,20160524,83.18,83.18,83.18,83.18,0
SEB017,20160525,84.77,84.77,84.77,84.77,0
SEB017,20160527,84.64,84.64,84.64,84.64,0
SEB017,20160530,84.18,84.18,84.18,84.18,0
SEB017,20160531,84.44,84.44,84.44,84.44,0
SEB017,20160601,83.07,83.07,83.07,83.07,0
SEB017,20160602,82.95,82.95,82.95,82.95,0
SEB017,20160603,83.39,83.39,83.39,83.39,0
SEB017,20160606,83.21,83.21,83.21,83.21,0
SEB017,20160607,83.29,83.29,83.29,83.29,0
SEB017,20160608,83.27,83.27,83.27,83.27,0
SEB017,20160609,83.05,83.05,83.05,83.05,0
SEB017,20160610,83.25,83.25,83.25,83.25,0
SEB017,20160613,83.20,83.20,83.20,83.20,0
SEB017,20160614,83.47,83.47,83.47,83.47,0
SEB017,20160615,83.79,83.79,83.79,83.79,0
SEB017,20160616,84.13,84.13,84.13,84.13,0
SEB017,20160617,83.92,83.92,83.92,83.92,0
SEB017,20160620,84.04,84.04,84.04,84.04,0
SEB017,20160621,84.54,84.54,84.54,84.54,0
SEB017,20160622,84.99,84.99,84.99,84.99,0
SEB017,20160623,85.90,85.90,85.90,85.90,0
SEB017,20160624,83.81,83.81,83.81,83.81,0
SEB017,20160627,85.91,85.91,85.91,85.91,0
SEB017,20160628,85.32,85.32,85.32,85.32,0
SEB017,20160629,85.73,85.73,85.73,85.73,0
SEB017,20160630,86.30,86.30,86.30,86.30,0
SEB017,20160701,85.17,85.17,85.17,85.17,0
SEB017,20160704,85.31,85.31,85.31,85.31,0
SEB017,20160705,84.80,84.80,84.80,84.80,0
SEB017,20160706,83.66,83.66,83.66,83.66,0
SEB017,20160707,83.94,83.94,83.94,83.94,0
SEB017,20160708,83.97,83.97,83.97,83.97,0
SEB017,20160711,84.48,84.48,84.48,84.48,0
SEB017,20160712,85.09,85.09,85.09,85.09,0
SEB017,20160713,85.11,85.11,85.11,85.11,0
SEB017,20160714,85.31,85.31,85.31,85.31,0
SEB017,20160715,85.82,85.82,85.82,85.82,0
SEB017,20160718,85.48,85.48,85.48,85.48,0
SEB017,20160719,84.92,84.92,84.92,84.92,0
SEB017,20160720,84.94,84.94,84.94,84.94,0
SEB017,20160721,84.21,84.21,84.21,84.21,0
SEB017,20160722,83.88,83.88,83.88,83.88,0
SEB017,20160725,85.12,85.12,85.12,85.12,0
SEB017,20160726,85.02,85.02,85.02,85.02,0
SEB017,20160727,84.94,84.94,84.94,84.94,0
SEB017,20160728,85.21,85.21,85.21,85.21,0
SEB017,20160729,84.93,84.93,84.93,84.93,0
SEB017,20160801,84.81,84.81,84.81,84.81,0
SEB017,20160802,85.32,85.32,85.32,85.32,0
SEB017,20160803,84.60,84.60,84.60,84.60,0
SEB017,20160804,84.68,84.68,84.68,84.68,0
SEB017,20160805,85.41,85.41,85.41,85.41,0
SEB017,20160808,86.48,86.48,86.48,86.48,0
SEB017,20160809,86.97,86.97,86.97,86.97,0
SEB017,20160810,87.30,87.30,87.30,87.30,0
SEB017,20160811,87.26,87.26,87.26,87.26,0
SEB017,20160812,87.97,87.97,87.97,87.97,0
SEB017,20160816,87.47,87.47,87.47,87.47,0
SEB017,20160817,86.99,86.99,86.99,86.99,0
SEB017,20160818,86.76,86.76,86.76,86.76,0
SEB017,20160819,85.99,85.99,85.99,85.99,0
SEB017,20160822,86.02,86.02,86.02,86.02,0
SEB017,20160823,85.89,85.89,85.89,85.89,0
SEB017,20160824,85.26,85.26,85.26,85.26,0
SEB017,20160825,85.50,85.50,85.50,85.50,0
SEB017,20160826,85.81,85.81,85.81,85.81,0
SEB017,20160829,85.58,85.58,85.58,85.58,0
SEB017,20160830,86.21,86.21,86.21,86.21,0
SEB017,20160831,86.44,86.44,86.44,86.44,0
SEB017,20160901,85.85,85.85,85.85,85.85,0
SEB017,20160902,85.17,85.17,85.17,85.17,0
SEB017,20160905,86.40,86.40,86.40,86.40,0
SEB017,20160906,86.44,86.44,86.44,86.44,0
SEB017,20160907,87.37,87.37,87.37,87.37,0
SEB017,20160908,87.26,87.26,87.26,87.26,0
SEB017,20160909,85.83,85.83,85.83,85.83,0
SEB017,20160912,83.52,83.52,83.52,83.52,0
SEB017,20160913,83.94,83.94,83.94,83.94,0
SEB017,20160914,83.92,83.92,83.92,83.92,0
SEB017,20160915,83.91,83.91,83.91,83.91,0
SEB017,20160916,83.94,83.94,83.94,83.94,0
SEB017,20160919,84.18,84.18,84.18,84.18,0
SEB017,20160920,83.78,83.78,83.78,83.78,0
SEB017,20160921,84.13,84.13,84.13,84.13,0
SEB017,20160922,84.59,84.59,84.59,84.59,0
SEB017,20160923,84.67,84.67,84.67,84.67,0
SEB017,20160926,83.07,83.07,83.07,83.07,0
SEB017,20160927,83.37,83.37,83.37,83.37,0
SEB017,20160928,83.30,83.30,83.30,83.30,0
SEB017,20160929,83.04,83.04,83.04,83.04,0
SEB017,20160930,83.62,83.62,83.62,83.62,0
SEB017,20161003,83.63,83.63,83.63,83.63,0
SEB017,20161004,83.21,83.21,83.21,83.21,0
SEB017,20161005,83.04,83.04,83.04,83.04,0
SEB017,20161006,83.13,83.13,83.13,83.13,0
SEB017,20161007,83.15,83.15,83.15,83.15,0
SEB017,20161010,83.13,83.13,83.13,83.13,0
SEB017,20161011,82.89,82.89,82.89,82.89,0
SEB017,20161012,83.01,83.01,83.01,83.01,0
SEB017,20161013,83.18,83.18,83.18,83.18,0
SEB017,20161014,82.98,82.98,82.98,82.98,0
SEB017,20161017,82.80,82.80,82.80,82.80,0
SEB017,20161018,83.04,83.04,83.04,83.04,0
SEB017,20161019,83.30,83.30,83.30,83.30,0
SEB017,20161020,84.23,84.23,84.23,84.23,0
SEB017,20161021,84.28,84.28,84.28,84.28,0
SEB017,20161024,85.06,85.06,85.06,85.06,0
SEB017,20161025,85.80,85.80,85.80,85.80,0
SEB017,20161026,85.20,85.20,85.20,85.20,0
SEB017,20161027,85.71,85.71,85.71,85.71,0
SEB017,20161028,85.25,85.25,85.25,85.25,0
SEB017,20161031,85.84,85.84,85.84,85.84,0
SEB017,20161102,84.45,84.45,84.45,84.45,0
SEB017,20161103,84.18,84.18,84.18,84.18,0
SEB017,20161104,83.51,83.51,83.51,83.51,0
SEB017,20161107,83.93,83.93,83.93,83.93,0
SEB017,20161108,83.74,83.74,83.74,83.74,0
SEB017,20161109,83.24,83.24,83.24,83.24,0
SEB017,20161110,85.41,85.41,85.41,85.41,0
SEB017,20161114,83.57,83.57,83.57,83.57,0
SEB017,20161115,83.14,83.14,83.14,83.14,0
SEB017,20161116,82.99,82.99,82.99,82.99,0
SEB017,20161117,82.65,82.65,82.65,82.65,0
SEB017,20161118,81.88,81.88,81.88,81.88,0
SEB017,20161121,81.99,81.99,81.99,81.99,0
SEB017,20161122,82.61,82.61,82.61,82.61,0
SEB017,20161123,82.61,82.61,82.61,82.61,0
SEB017,20161124,83.02,83.02,83.02,83.02,0
SEB017,20161125,82.59,82.59,82.59,82.59,0
SEB017,20161128,82.53,82.53,82.53,82.53,0
SEB017,20161129,82.54,82.54,82.54,82.54,0
SEB017,20161130,83.25,83.25,83.25,83.25,0
SEB017,20161201,82.29,82.29,82.29,82.29,0
SEB017,20161202,82.05,82.05,82.05,82.05,0
SEB017,20161205,83.27,83.27,83.27,83.27,0
SEB017,20161206,84.97,84.97,84.97,84.97,0
SEB017,20161207,85.77,85.77,85.77,85.77,0
SEB017,20161208,86.73,86.73,86.73,86.73,0
SEB017,20161209,86.73,86.73,86.73,86.73,0
SEB017,20161212,86.09,86.09,86.09,86.09,0
SEB017,20161213,87.22,87.22,87.22,87.22,0
SEB017,20161214,87.67,87.67,87.67,87.67,0
SEB017,20161215,87.43,87.43,87.43,87.43,0
SEB017,20161216,87.47,87.47,87.47,87.47,0
SEB017,20161219,87.58,87.58,87.58,87.58,0
SEB017,20161220,88.08,88.08,88.08,88.08,0
SEB017,20161221,88.46,88.46,88.46,88.46,0
SEB017,20161222,87.53,87.53,87.53,87.53,0
SEB017,20161223,87.88,87.88,87.88,87.88,0
SEB017,20161227,87.63,87.63,87.63,87.63,0
SEB017,20161228,87.85,87.85,87.85,87.85,0
SEB017,20161229,87.52,87.52,87.52,87.52,0
SEB017,20161230,87.65,87.65,87.65,87.65,0
SEB017,20170102,87.72,87.72,87.72,87.72,0
SEB017,20170103,87.58,87.58,87.58,87.58,0
SEB017,20170104,87.91,87.91,87.91,87.91,0
SEB017,20170105,88.34,88.34,88.34,88.34,0
SEB017,20170109,88.08,88.08,88.08,88.08,0
SEB017,20170110,89.00,89.00,89.00,89.00,0
SEB017,20170111,88.85,88.85,88.85,88.85,0
SEB017,20170112,89.56,89.56,89.56,89.56,0
SEB017,20170113,89.49,89.49,89.49,89.49,0
SEB017,20170116,90.05,90.05,90.05,90.05,0
SEB017,20170117,89.83,89.83,89.83,89.83,0
SEB017,20170118,90.21,90.21,90.21,90.21,0
SEB017,20170119,89.88,89.88,89.88,89.88,0
SEB017,20170120,89.94,89.94,89.94,89.94,0
SEB017,20170123,89.98,89.98,89.98,89.98,0
SEB017,20170124,90.12,90.12,90.12,90.12,0
SEB017,20170125,91.32,91.32,91.32,91.32,0
SEB017,20170126,92.62,92.62,92.62,92.62,0
SEB017,20170127,92.43,92.43,92.43,92.43,0
SEB017,20170130,92.88,92.88,92.88,92.88,0
SEB017,20170131,93.23,93.23,93.23,93.23,0
SEB017,20170201,93.61,93.61,93.61,93.61,0
SEB017,20170202,93.64,93.64,93.64,93.64,0
SEB017,20170203,93.36,93.36,93.36,93.36,0
SEB017,20170206,94.79,94.79,94.79,94.79,0
SEB017,20170207,94.15,94.15,94.15,94.15,0
SEB017,20170208,93.94,93.94,93.94,93.94,0
SEB017,20170209,95.35,95.35,95.35,95.35,0
SEB017,20170210,96.99,96.99,96.99,96.99,0
SEB017,20170213,98.31,98.31,98.31,98.31,0
SEB017,20170214,98.35,98.35,98.35,98.35,0
SEB017,20170215,97.99,97.99,97.99,97.99,0
SEB017,20170216,98.89,98.89,98.89,98.89,0
SEB017,20170217,99.32,99.32,99.32,99.32,0
SEB017,20170220,99.08,99.08,99.08,99.08,0
SEB017,20170221,100.44,100.44,100.44,100.44,0
SEB017,20170222,101.32,101.32,101.32,101.32,0
SEB017,20170223,101.40,101.40,101.40,101.40,0
SEB017,20170224,100.74,100.74,100.74,100.74,0
SEB017,20170227,99.85,99.85,99.85,99.85,0
SEB017,20170228,99.53,99.53,99.53,99.53,0
SEB017,20170301,101.38,101.38,101.38,101.38,0
SEB017,20170302,101.73,101.73,101.73,101.73,0
SEB017,20170303,101.96,101.96,101.96,101.96,0
SEB017,20170306,101.71,101.71,101.71,101.71,0
SEB017,20170307,100.88,100.88,100.88,100.88,0
SEB017,20170308,100.62,100.62,100.62,100.62,0
SEB017,20170309,99.66,99.66,99.66,99.66,0
SEB017,20170310,100.75,100.75,100.75,100.75,0
SEB017,20170313,100.96,100.96,100.96,100.96,0
SEB017,20170314,101.39,101.39,101.39,101.39,0
SEB017,20170315,101.63,101.63,101.63,101.63,0
SEB017,20170316,103.04,103.04,103.04,103.04,0
SEB017,20170317,103.58,103.58,103.58,103.58,0
SEB017,20170320,102.67,102.67,102.67,102.67,0
SEB017,20170321,103.27,103.27,103.27,103.27,0
SEB017,20170322,100.63,100.63,100.63,100.63,0
SEB017,20170323,101.87,101.87,101.87,101.87,0
SEB017,20170324,101.49,101.49,101.49,101.49,0
SEB017,20170327,100.77,100.77,100.77,100.77,0
SEB017,20170328,100.98,100.98,100.98,100.98,0
SEB017,20170329,101.38,101.38,101.38,101.38,0
SEB017,20170330,100.52,100.52,100.52,100.52,0
SEB017,20170331,100.05,100.05,100.05,100.05,0
SEB017,20170403,100.06,100.06,100.06,100.06,0
SEB017,20170404,101.13,101.13,101.13,101.13,0
SEB017,20170405,101.41,101.41,101.41,101.41,0
SEB017,20170406,101.14,101.14,101.14,101.14,0
SEB017,20170407,101.19,101.19,101.19,101.19,0
SEB017,20170410,101.54,101.54,101.54,101.54,0
SEB017,20170411,101.84,101.84,101.84,101.84,0
SEB017,20170412,101.05,101.05,101.05,101.05,0
SEB017,20170413,101.08,101.08,101.08,101.08,0
SEB017,20170418,101.28,101.28,101.28,101.28,0
SEB017,20170419,101.82,101.82,101.82,101.82,0
SEB017,20170420,102.99,102.99,102.99,102.99,0
SEB017,20170421,103.07,103.07,103.07,103.07,0
SEB017,20170424,103.25,103.25,103.25,103.25,0
SEB017,20170425,103.92,103.92,103.92,103.92,0
SEB017,20170426,104.49,104.49,104.49,104.49,0
SEB017,20170427,105.12,105.12,105.12,105.12,0
SEB017,20170428,105.17,105.17,105.17,105.17,0
SEB017,20170502,105.48,105.48,105.48,105.48,0
SEB017,20170504,105.50,105.50,105.50,105.50,0
SEB017,20170505,104.70,104.70,104.70,104.70,0
SEB017,20170508,104.56,104.56,104.56,104.56,0
SEB017,20170509,104.75,104.75,104.75,104.75,0
SEB017,20170510,105.10,105.10,105.10,105.10,0
SEB017,20170511,105.33,105.33,105.33,105.33,0
SEB017,20170512,104.65,104.65,104.65,104.65,0
SEB017,20170515,104.74,104.74,104.74,104.74,0
SEB017,20170516,103.54,103.54,103.54,103.54,0
SEB017,20170517,103.39,103.39,103.39,103.39,0
SEB017,20170518,102.17,102.17,102.17,102.17,0
SEB017,20170519,102.90,102.90,102.90,102.90,0
SEB017,20170522,103.34,103.34,103.34,103.34,0
SEB017,20170523,103.25,103.25,103.25,103.25,0
SEB017,20170524,103.05,103.05,103.05,103.05,0
SEB017,20170525,104.07,104.07,104.07,104.07,0
SEB017,20170526,103.75,103.75,103.75,103.75,0
SEB017,20170529,103.46,103.46,103.46,103.46,0
SEB017,20170530,102.94,102.94,102.94,102.94,0
SEB017,20170531,102.89,102.89,102.89,102.89,0
SEB017,20170601,102.34,102.34,102.34,102.34,0
SEB017,20170602,103.14,103.14,103.14,103.14,0
SEB017,20170605,103.08,103.08,103.08,103.08,0
SEB017,20170606,103.09,103.09,103.09,103.09,0
SEB017,20170607,104.28,104.28,104.28,104.28,0
SEB017,20170608,104.44,104.44,104.44,104.44,0
SEB017,20170609,105.15,105.15,105.15,105.15,0
SEB017,20170612,103.98,103.98,103.98,103.98,0
SEB017,20170613,103.33,103.33,103.33,103.33,0
SEB017,20170614,103.94,103.94,103.94,103.94,0
SEB017,20170616,104.01,104.01,104.01,104.01,0
SEB017,20170619,104.62,104.62,104.62,104.62,0
SEB017,20170620,104.20,104.20,104.20,104.20,0
SEB017,20170621,103.91,103.91,103.91,103.91,0
SEB017,20170622,104.79,104.79,104.79,104.79,0
SEB017,20170623,104.73,104.73,104.73,104.73,0
SEB017,20170626,105.07,105.07,105.07,105.07,0
SEB017,20170627,105.54,105.54,105.54,105.54,0
SEB017,20170628,105.29,105.29,105.29,105.29,0
SEB017,20170629,104.99,104.99,104.99,104.99,0
SEB017,20170630,104.93,104.93,104.93,104.93,0
SEB017,20170703,104.58,104.58,104.58,104.58,0
SEB017,20170704,104.69,104.69,104.69,104.69,0
SEB017,20170705,104.71,104.71,104.71,104.71,0
SEB017,20170706,104.88,104.88,104.88,104.88,0
SEB017,20170707,104.16,104.16,104.16,104.16,0
SEB017,20170710,104.62,104.62,104.62,104.62,0
SEB017,20170711,105.21,105.21,105.21,105.21,0
SEB017,20170712,105.73,105.73,105.73,105.73,0
SEB017,20170713,106.73,106.73,106.73,106.73,0
SEB017,20170714,106.99,106.99,106.99,106.99,0
SEB017,20170717,107.97,107.97,107.97,107.97,0
SEB017,20170718,108.36,108.36,108.36,108.36,0
SEB017,20170719,108.21,108.21,108.21,108.21,0
SEB017,20170720,108.35,108.35,108.35,108.35,0
SEB017,20170721,108.02,108.02,108.02,108.02,0
SEB017,20170724,106.88,106.88,106.88,106.88,0
SEB017,20170725,106.86,106.86,106.86,106.86,0
SEB017,20170726,107.56,107.56,107.56,107.56,0
SEB017,20170727,107.44,107.44,107.44,107.44,0
SEB017,20170728,106.97,106.97,106.97,106.97,0
SEB017,20170731,108.43,108.43,108.43,108.43,0
SEB017,20170801,107.82,107.82,107.82,107.82,0
SEB017,20170802,108.68,108.68,108.68,108.68,0
SEB017,20170803,107.86,107.86,107.86,107.86,0
SEB017,20170804,108.21,108.21,108.21,108.21,0
SEB017,20170807,108.48,108.48,108.48,108.48,0
SEB017,20170808,108.86,108.86,108.86,108.86,0
SEB017,20170809,108.51,108.51,108.51,108.51,0
SEB017,20170810,108.44,108.44,108.44,108.44,0
SEB017,20170811,107.61,107.61,107.61,107.61,0
SEB017,20170814,108.07,108.07,108.07,108.07,0
SEB017,20170816,109.21,109.21,109.21,109.21,0
SEB017,20170817,108.66,108.66,108.66,108.66,0
SEB017,20170818,108.13,108.13,108.13,108.13,0
SEB017,20170821,108.64,108.64,108.64,108.64,0
SEB017,20170822,108.97,108.97,108.97,108.97,0
SEB017,20170823,109.19,109.19,109.19,109.19,0
SEB017,20170824,110.04,110.04,110.04,110.04,0
SEB017,20170825,111.57,111.57,111.57,111.57,0
SEB017,20170828,111.77,111.77,111.77,111.77,0
SEB017,20170829,112.30,112.30,112.30,112.30,0
SEB017,20170830,112.28,112.28,112.28,112.28,0
SEB017,20170831,112.53,112.53,112.53,112.53,0
SEB017,20170901,112.13,112.13,112.13,112.13,0
SEB017,20170904,112.47,112.47,112.47,112.47,0
SEB017,20170905,112.59,112.59,112.59,112.59,0
SEB017,20170906,111.67,111.67,111.67,111.67,0
SEB017,20170907,111.16,111.16,111.16,111.16,0
SEB017,20170908,110.46,110.46,110.46,110.46,0
SEB017,20170911,111.74,111.74,111.74,111.74,0
SEB017,20170912,111.92,111.92,111.92,111.92,0
SEB017,20170913,111.51,111.51,111.51,111.51,0
SEB017,20170914,111.00,111.00,111.00,111.00,0
SEB017,20170915,111.17,111.17,111.17,111.17,0
SEB017,20170918,111.65,111.65,111.65,111.65,0
SEB017,20170919,111.42,111.42,111.42,111.42,0
SEB017,20170920,110.81,110.81,110.81,110.81,0
SEB017,20170921,110.43,110.43,110.43,110.43,0
SEB017,20170922,109.64,109.64,109.64,109.64,0
