Name,Date,Open,High,Low,Close,Volume
SUP001,20051213,1002.12,1002.12,1002.12,1002.12,0
SUP001,20051214,1002.21,1002.21,1002.21,1002.21,0
SUP001,20051221,1002.99,1002.99,1002.99,1002.99,0
SUP001,20051228,1003.26,1003.26,1003.26,1003.26,0
SUP001,20060103,1009.21,1009.21,1009.21,1009.21,0
SUP001,20060104,1004.46,1004.46,1004.46,1004.46,0
SUP001,20060111,991.49,991.49,991.49,991.49,0
SUP001,20060118,1032.72,1032.72,1032.72,1032.72,0
SUP001,20060125,1004.80,1004.80,1004.80,1004.80,0
SUP001,20060201,1044.95,1044.95,1044.95,1044.95,0
SUP001,20060202,1049.90,1049.90,1049.90,1049.90,0
SUP001,20060208,1025.04,1025.04,1025.04,1025.04,0
SUP001,20060215,1015.78,1015.78,1015.78,1015.78,0
SUP001,20060222,1029.63,1029.63,1029.63,1029.63,0
SUP001,20060301,1009.54,1009.54,1009.54,1009.54,0
SUP001,20060302,1007.87,1007.87,1007.87,1007.87,0
SUP001,20060308,1028.59,1028.59,1028.59,1028.59,0
SUP001,20060315,1022.37,1022.37,1022.37,1022.37,0
SUP001,20060322,1032.81,1032.81,1032.81,1032.81,0
SUP001,20060329,1055.64,1055.64,1055.64,1055.64,0
SUP001,20060404,1066.52,1066.52,1066.52,1066.52,0
SUP001,20060405,1087.83,1087.83,1087.83,1087.83,0
SUP001,20060412,1090.60,1090.60,1090.60,1090.60,0
SUP001,20060419,1105.90,1105.90,1105.90,1105.90,0
SUP001,20060426,1109.45,1109.45,1109.45,1109.45,0
SUP001,20060504,1121.90,1121.90,1121.90,1121.90,0
SUP001,20060510,1148.32,1148.32,1148.32,1148.32,0
SUP001,20060517,1084.55,1084.55,1084.55,1084.55,0
SUP001,20060524,1073.32,1073.32,1073.32,1073.32,0
SUP001,20060531,1075.99,1075.99,1075.99,1075.99,0
SUP001,20060602,1067.65,1067.65,1067.65,1067.65,0
SUP001,20060607,1062.70,1062.70,1062.70,1062.70,0
SUP001,20060614,1053.84,1053.84,1053.84,1053.84,0
SUP001,20060621,1081.34,1081.34,1081.34,1081.34,0
SUP001,20060628,1104.69,1104.69,1104.69,1104.69,0
SUP001,20060704,1060.09,1060.09,1060.09,1060.09,0
SUP001,20060705,1062.47,1062.47,1062.47,1062.47,0
SUP001,20060712,1061.63,1061.63,1061.63,1061.63,0
SUP001,20060719,1045.06,1045.06,1045.06,1045.06,0
SUP001,20060726,977.39,977.39,977.39,977.39,0
SUP001,20060802,957.92,957.92,957.92,957.92,0
SUP001,20060809,937.05,937.05,937.05,937.05,0
SUP001,20060816,944.91,944.91,944.91,944.91,0
SUP001,20060823,923.60,923.60,923.60,923.60,0
SUP001,20060830,939.88,939.88,939.88,939.88,0
SUP001,20060904,940.11,940.11,940.11,940.11,0
SUP001,20060906,944.50,944.50,944.50,944.50,0
SUP001,20060913,958.93,958.93,958.93,958.93,0
SUP001,20060920,985.81,985.81,985.81,985.81,0
SUP001,20060927,995.84,995.84,995.84,995.84,0
SUP001,20061003,994.17,994.17,994.17,994.17,0
SUP001,20061004,1026.90,1026.90,1026.90,1026.90,0
SUP001,20061011,1032.14,1032.14,1032.14,1032.14,0
SUP001,20061018,1029.00,1029.00,1029.00,1029.00,0
SUP001,20061025,1063.91,1063.91,1063.91,1063.91,0
SUP001,20061102,1036.03,1036.03,1036.03,1036.03,0
SUP001,20061103,1036.85,1036.85,1036.85,1036.85,0
SUP001,20061108,1062.08,1062.08,1062.08,1062.08,0
SUP001,20061115,1027.91,1027.91,1027.91,1027.91,0
SUP001,20061122,1020.53,1020.53,1020.53,1020.53,0
SUP001,20061129,1011.81,1011.81,1011.81,1011.81,0
SUP001,20061204,1022.64,1022.64,1022.64,1022.64,0
SUP001,20061206,1033.74,1033.74,1033.74,1033.74,0
SUP001,20061213,1047.16,1047.16,1047.16,1047.16,0
SUP001,20061220,1053.39,1053.39,1053.39,1053.39,0
SUP001,20061227,1071.27,1071.27,1071.27,1071.27,0
SUP001,20070103,1139.68,1139.68,1139.68,1139.68,0
SUP001,20070110,1112.24,1112.24,1112.24,1112.24,0
SUP001,20070117,1204.97,1204.97,1204.97,1204.97,0
SUP001,20070124,1191.07,1191.07,1191.07,1191.07,0
SUP001,20070131,1173.95,1173.95,1173.95,1173.95,0
SUP001,20070202,1158.35,1158.35,1158.35,1158.35,0
SUP001,20070207,1158.31,1158.31,1158.31,1158.31,0
SUP001,20070214,1183.26,1183.26,1183.26,1183.26,0
SUP001,20070221,1177.22,1177.22,1177.22,1177.22,0
SUP001,20070228,1102.16,1102.16,1102.16,1102.16,0
SUP001,20070302,1065.06,1065.06,1065.06,1065.06,0
SUP001,20070307,979.48,979.48,979.48,979.48,0
SUP001,20070314,1004.55,1004.55,1004.55,1004.55,0
SUP001,20070321,1044.85,1044.85,1044.85,1044.85,0
SUP001,20070328,1012.01,1012.01,1012.01,1012.01,0
SUP001,20070403,1005.31,1005.31,1005.31,1005.31,0
SUP001,20070404,1023.09,1023.09,1023.09,1023.09,0
SUP001,20070411,1040.94,1040.94,1040.94,1040.94,0
SUP001,20070418,1092.22,1092.22,1092.22,1092.22,0
SUP001,20070425,1073.58,1073.58,1073.58,1073.58,0
SUP001,20070502,1073.61,1073.61,1073.61,1073.61,0
SUP001,20070504,1073.10,1073.10,1073.10,1073.10,0
SUP001,20070509,1101.91,1101.91,1101.91,1101.91,0
SUP001,20070516,1102.65,1102.65,1102.65,1102.65,0
SUP001,20070523,1107.69,1107.69,1107.69,1107.69,0
SUP001,20070530,1117.58,1117.58,1117.58,1117.58,0
SUP001,20070604,1129.54,1129.54,1129.54,1129.54,0
SUP001,20070606,1150.41,1150.41,1150.41,1150.41,0
SUP001,20070613,1139.19,1139.19,1139.19,1139.19,0
SUP001,20070620,1144.28,1144.28,1144.28,1144.28,0
SUP001,20070627,1143.03,1143.03,1143.03,1143.03,0
SUP001,20070703,1155.98,1155.98,1155.98,1155.98,0
SUP001,20070704,1165.91,1165.91,1165.91,1165.91,0
SUP001,20070711,1187.35,1187.35,1187.35,1187.35,0
SUP001,20070718,1225.07,1225.07,1225.07,1225.07,0
SUP001,20070725,1198.54,1198.54,1198.54,1198.54,0
SUP001,20070801,1055.33,1055.33,1055.33,1055.33,0
SUP001,20070802,1052.99,1052.99,1052.99,1052.99,0
SUP001,20070808,1009.70,1009.70,1009.70,1009.70,0
SUP001,20070816,962.36,962.36,962.36,962.36,0
SUP001,20070822,952.44,952.44,952.44,952.44,0
SUP001,20070829,950.93,950.93,950.93,950.93,0
SUP001,20070904,954.25,954.25,954.25,954.25,0
SUP001,20070905,953.91,953.91,953.91,953.91,0
SUP001,20070912,961.15,961.15,961.15,961.15,0
SUP001,20070919,969.82,969.82,969.82,969.82,0
SUP001,20070926,977.04,977.04,977.04,977.04,0
SUP001,20071002,1008.39,1008.39,1008.39,1008.39,0
SUP001,20071003,966.92,966.92,966.92,966.92,0
SUP001,20071010,998.99,998.99,998.99,998.99,0
SUP001,20071017,1012.25,1012.25,1012.25,1012.25,0
SUP001,20071024,988.55,988.55,988.55,988.55,0
SUP001,20071031,1055.89,1055.89,1055.89,1055.89,0
SUP001,20071101,1056.01,1056.01,1056.01,1056.01,0
SUP001,20071105,1095.89,1095.89,1095.89,1095.89,0
SUP001,20071106,1096.04,1096.04,1096.04,1096.04,0
SUP001,20071107,1120.85,1120.85,1120.85,1120.85,0
SUP001,20071108,1121.03,1121.03,1121.03,1121.03,0
SUP001,20071114,1022.61,1022.61,1022.61,1022.61,0
SUP001,20071115,1022.84,1022.84,1022.84,1022.84,0
SUP001,20071121,1073.85,1073.85,1073.85,1073.85,0
SUP001,20071122,1074.13,1074.13,1074.13,1074.13,0
SUP001,20071128,1052.25,1052.25,1052.25,1052.25,0
SUP001,20071129,1052.58,1052.58,1052.58,1052.58,0
SUP001,20071204,1030.97,1030.97,1030.97,1030.97,0
SUP001,20071205,1031.35,1031.35,1031.35,1031.35,0
SUP001,20071206,1053.98,1053.98,1053.98,1053.98,0
SUP001,20071212,1048.88,1048.88,1048.88,1048.88,0
SUP001,20071213,1049.33,1049.33,1049.33,1049.33,0
SUP001,20071219,1048.90,1048.90,1048.90,1048.90,0
SUP001,20071220,1049.41,1049.41,1049.41,1049.41,0
SUP001,20071227,1088.53,1088.53,1088.53,1088.53,0
SUP001,20071228,1088.53,1088.53,1088.53,1088.53,0
SUP001,20080102,1068.53,1068.53,1068.53,1068.53,0
SUP001,20080103,1069.11,1069.11,1069.11,1069.11,0
SUP001,20080104,1073.29,1073.29,1073.29,1073.29,0
SUP001,20080109,1065.36,1065.36,1065.36,1065.36,0
SUP001,20080110,1065.91,1065.91,1065.91,1065.91,0
SUP001,20080116,1062.14,1062.14,1062.14,1062.14,0
SUP001,20080117,1062.63,1062.63,1062.63,1062.63,0
SUP001,20080123,1033.43,1033.43,1033.43,1033.43,0
SUP001,20080124,1033.87,1033.87,1033.87,1033.87,0
SUP001,20080130,1024.71,1024.71,1024.71,1024.71,0
SUP001,20080131,1025.10,1025.10,1025.10,1025.10,0
SUP001,20080204,1022.19,1022.19,1022.19,1022.19,0
SUP001,20080205,1022.55,1022.55,1022.55,1022.55,0
SUP001,20080206,994.92,994.92,994.92,994.92,0
SUP001,20080207,995.28,995.28,995.28,995.28,0
SUP001,20080213,1040.78,1040.78,1040.78,1040.78,0
SUP001,20080214,1041.09,1041.09,1041.09,1041.09,0
SUP001,20080220,1088.71,1088.71,1088.71,1088.71,0
SUP001,20080221,1088.97,1088.97,1088.97,1088.97,0
SUP001,20080227,1124.48,1124.48,1124.48,1124.48,0
SUP001,20080228,1124.69,1124.69,1124.69,1124.69,0
SUP001,20080304,1159.95,1159.95,1159.95,1159.95,0
SUP001,20080305,1160.12,1160.12,1160.12,1160.12,0
SUP001,20080306,1143.51,1143.51,1143.51,1143.51,0
SUP001,20080312,1193.22,1193.22,1193.22,1193.22,0
SUP001,20080313,1193.33,1193.33,1193.33,1193.33,0
SUP001,20080319,1251.76,1251.76,1251.76,1251.76,0
SUP001,20080320,1251.82,1251.82,1251.82,1251.82,0
SUP001,20080326,1164.70,1164.70,1164.70,1164.70,0
SUP001,20080327,1164.71,1164.71,1164.71,1164.71,0
SUP001,20080402,1115.62,1115.62,1115.62,1115.62,0
SUP001,20080403,1115.58,1115.58,1115.58,1115.58,0
SUP001,20080409,1144.01,1144.01,1144.01,1144.01,0
SUP001,20080410,1143.90,1143.90,1143.90,1143.90,0
SUP001,20080416,1159.86,1159.86,1159.86,1159.86,0
SUP001,20080417,1159.70,1159.70,1159.70,1159.70,0
SUP001,20080423,1172.18,1172.18,1172.18,1172.18,0
SUP001,20080424,1171.96,1171.96,1171.96,1171.96,0
SUP001,20080430,1127.72,1127.72,1127.72,1127.72,0
SUP001,20080501,1127.45,1127.45,1127.45,1127.45,0
SUP001,20080505,1121.51,1121.51,1121.51,1121.51,0
SUP001,20080506,1121.23,1121.23,1121.23,1121.23,0
SUP001,20080507,1135.87,1135.87,1135.87,1135.87,0
SUP001,20080508,1135.87,1135.87,1135.87,1135.87,0
SUP001,20080514,1151.48,1151.48,1151.48,1151.48,0
SUP001,20080515,1151.48,1151.48,1151.48,1151.48,0
SUP001,20080521,1181.92,1181.92,1181.92,1181.92,0
SUP001,20080522,1181.92,1181.92,1181.92,1181.92,0
SUP001,20080528,1191.87,1191.87,1191.87,1191.87,0
SUP001,20080529,1191.87,1191.87,1191.87,1191.87,0
SUP001,20080604,1150.30,1150.30,1150.30,1150.30,0
SUP001,20080605,1150.30,1150.30,1150.30,1150.30,0
SUP001,20080611,1179.63,1179.63,1179.63,1179.63,0
SUP001,20080612,1179.63,1179.63,1179.63,1179.63,0
SUP001,20080618,1206.62,1206.62,1206.62,1206.62,0
SUP001,20080619,1206.62,1206.62,1206.62,1206.62,0
SUP001,20080625,1220.55,1220.55,1220.55,1220.55,0
SUP001,20080626,1220.55,1220.55,1220.55,1220.55,0
SUP001,20080702,1280.94,1280.94,1280.94,1280.94,0
SUP001,20080703,1280.94,1280.94,1280.94,1280.94,0
SUP001,20080709,1208.08,1208.08,1208.08,1208.08,0
SUP001,20080710,1208.08,1208.08,1208.08,1208.08,0
SUP001,20080716,1262.37,1262.37,1262.37,1262.37,0
SUP001,20080717,1262.37,1262.37,1262.37,1262.37,0
SUP001,20080723,1154.45,1154.45,1154.45,1154.45,0
SUP001,20080724,1154.45,1154.45,1154.45,1154.45,0
SUP001,20080730,1096.33,1096.33,1096.33,1096.33,0
SUP001,20080731,1096.33,1096.33,1096.33,1096.33,0
SUP001,20080806,1053.05,1053.05,1053.05,1053.05,0
SUP001,20080807,1053.05,1053.05,1053.05,1053.05,0
SUP001,20080813,996.02,996.02,996.02,996.02,0
SUP001,20080814,996.02,996.02,996.02,996.02,0
SUP001,20080820,1032.05,1032.05,1032.05,1032.05,0
SUP001,20080821,1032.05,1032.05,1032.05,1032.05,0
SUP001,20080827,1041.50,1041.50,1041.50,1041.50,0
SUP001,20080828,1041.50,1041.50,1041.50,1041.50,0
SUP001,20080903,1046.67,1046.67,1046.67,1046.67,0
SUP001,20080904,1046.67,1046.67,1046.67,1046.67,0
SUP001,20080910,1094.15,1094.15,1094.15,1094.15,0
SUP001,20080911,1094.15,1094.15,1094.15,1094.15,0
SUP001,20080917,1130.91,1130.91,1130.91,1130.91,0
SUP001,20080918,1130.91,1130.91,1130.91,1130.91,0
SUP001,20080924,1066.33,1066.33,1066.33,1066.33,0
SUP001,20080925,1066.33,1066.33,1066.33,1066.33,0
SUP001,20081001,1106.33,1106.33,1106.33,1106.33,0
SUP001,20081002,1106.33,1106.33,1106.33,1106.33,0
SUP001,20081008,1219.08,1219.08,1219.08,1219.08,0
SUP001,20081009,1219.08,1219.08,1219.08,1219.08,0
SUP001,20081015,1255.20,1255.20,1255.20,1255.20,0
SUP001,20081016,1255.20,1255.20,1255.20,1255.20,0
SUP001,20081022,1270.57,1270.57,1270.57,1270.57,0
SUP001,20081023,1270.57,1270.57,1270.57,1270.57,0
SUP001,20081029,1297.53,1297.53,1297.53,1297.53,0
SUP001,20081030,1297.53,1297.53,1297.53,1297.53,0
SUP001,20081105,1230.60,1230.60,1230.60,1230.60,0
SUP001,20081106,1230.60,1230.60,1230.60,1230.60,0
SUP001,20081112,1300.96,1300.96,1300.96,1300.96,0
SUP001,20081113,1300.96,1300.96,1300.96,1300.96,0
SUP001,20081119,1298.51,1298.51,1298.51,1298.51,0
SUP001,20081120,1298.51,1298.51,1298.51,1298.51,0
SUP001,20081126,1316.73,1316.73,1316.73,1316.73,0
SUP001,20081127,1316.73,1316.73,1316.73,1316.73,0
SUP001,20081203,1325.89,1325.89,1325.89,1325.89,0
SUP001,20081205,1325.89,1325.89,1325.89,1325.89,0
SUP001,20081210,1357.17,1357.17,1357.17,1357.17,0
SUP001,20081211,1357.17,1357.17,1357.17,1357.17,0
SUP001,20081217,1411.19,1411.19,1411.19,1411.19,0
SUP001,20081218,1411.19,1411.19,1411.19,1411.19,0
SUP001,20081224,1405.72,1405.72,1405.72,1405.72,0
SUP001,20081225,1405.72,1405.72,1405.72,1405.72,0
SUP001,20081231,1403.47,1403.47,1403.47,1403.47,0
SUP001,20090101,1403.47,1403.47,1403.47,1403.47,0
SUP001,20090107,1381.58,1381.58,1381.58,1381.58,0
SUP001,20090108,1381.58,1381.58,1381.58,1381.58,0
SUP001,20090114,1406.95,1406.95,1406.95,1406.95,0
SUP001,20090115,1406.95,1406.95,1406.95,1406.95,0
SUP001,20090121,1426.47,1426.47,1426.47,1426.47,0
SUP001,20090122,1426.47,1426.47,1426.47,1426.47,0
SUP001,20090128,1425.49,1425.49,1425.49,1425.49,0
SUP001,20090129,1425.49,1425.49,1425.49,1425.49,0
SUP001,20090204,1435.07,1435.07,1435.07,1435.07,0
SUP001,20090205,1435.07,1435.07,1435.07,1435.07,0
SUP001,20090211,1403.81,1403.81,1403.81,1403.81,0
SUP001,20090212,1403.81,1403.81,1403.81,1403.81,0
SUP001,20090218,1464.87,1464.87,1464.87,1464.87,0
SUP001,20090219,1464.87,1464.87,1464.87,1464.87,0
SUP001,20090225,1451.21,1451.21,1451.21,1451.21,0
SUP001,20090304,1456.84,1456.84,1456.84,1456.84,0
SUP001,20090311,1433.90,1433.90,1433.90,1433.90,0
SUP001,20090318,1411.89,1411.89,1411.89,1411.89,0
SUP001,20090325,1373.95,1373.95,1373.95,1373.95,0
SUP001,20090401,1397.19,1397.19,1397.19,1397.19,0
SUP001,20090408,1315.54,1315.54,1315.54,1315.54,0
SUP001,20090415,1299.38,1299.38,1299.38,1299.38,0
SUP001,20090422,1320.30,1320.30,1320.30,1320.30,0
SUP001,20090429,1332.97,1332.97,1332.97,1332.97,0
SUP001,20090506,1227.36,1227.36,1227.36,1227.36,0
SUP001,20090513,1164.74,1164.74,1164.74,1164.74,0
SUP001,20090520,1186.89,1186.89,1186.89,1186.89,0
SUP001,20090527,1167.15,1167.15,1167.15,1167.15,0
SUP001,20090603,1124.09,1124.09,1124.09,1124.09,0
SUP001,20090610,1112.77,1112.77,1112.77,1112.77,0
SUP001,20090617,1078.22,1078.22,1078.22,1078.22,0
SUP001,20090624,1093.31,1093.31,1093.31,1093.31,0
SUP001,20090701,1083.14,1083.14,1083.14,1083.14,0
SUP001,20090708,1153.83,1153.83,1153.83,1153.83,0
SUP001,20090715,1133.59,1133.59,1133.59,1133.59,0
SUP001,20090722,1018.27,1018.27,1018.27,1018.27,0
SUP001,20090729,977.00,977.00,977.00,977.00,0
SUP001,20090805,939.69,939.69,939.69,939.69,0
SUP001,20090812,943.25,943.25,943.25,943.25,0
SUP001,20090819,965.65,965.65,965.65,965.65,0
SUP001,20090826,973.42,973.42,973.42,973.42,0
SUP001,20090902,1023.97,1023.97,1023.97,1023.97,0
SUP001,20090909,1027.05,1027.05,1027.05,1027.05,0
SUP001,20090916,1023.68,1023.68,1023.68,1023.68,0
SUP001,20090923,1021.13,1021.13,1021.13,1021.13,0
SUP001,20090930,1048.15,1048.15,1048.15,1048.15,0
SUP001,20091007,1074.61,1074.61,1074.61,1074.61,0
SUP001,20091014,1047.47,1047.47,1047.47,1047.47,0
SUP001,20091021,1005.88,1005.88,1005.88,1005.88,0
SUP001,20091028,952.83,952.83,952.83,952.83,0
SUP001,20091104,955.78,955.78,955.78,955.78,0
SUP001,20091112,1007.01,1007.01,1007.01,1007.01,0
SUP001,20091118,1046.50,1046.50,1046.50,1046.50,0
SUP001,20091125,1059.36,1059.36,1059.36,1059.36,0
SUP001,20091202,1103.33,1103.33,1103.33,1103.33,0
SUP001,20091209,990.32,990.32,990.32,990.32,0
SUP001,20091216,961.82,961.82,961.82,961.82,0
SUP001,20091223,951.53,951.53,951.53,951.53,0
SUP001,20091230,960.50,960.50,960.50,960.50,0
SUP001,20100106,1003.84,1003.84,1003.84,1003.84,0
SUP001,20100113,1001.40,1001.40,1001.40,1001.40,0
SUP001,20100120,983.00,983.00,983.00,983.00,0
SUP001,20100127,881.86,881.86,881.86,881.86,0
SUP001,20100203,855.16,855.16,855.16,855.16,0
SUP001,20100210,828.02,828.02,828.02,828.02,0
SUP001,20100217,849.24,849.24,849.24,849.24,0
SUP001,20100224,846.74,846.74,846.74,846.74,0
SUP001,20100303,885.02,885.02,885.02,885.02,0
SUP001,20100310,910.91,910.91,910.91,910.91,0
SUP001,20100317,922.27,922.27,922.27,922.27,0
SUP001,20100324,925.52,925.52,925.52,925.52,0
SUP001,20100331,946.88,946.88,946.88,946.88,0
SUP001,20100407,1003.66,1003.66,1003.66,1003.66,0
SUP001,20100414,1001.95,1001.95,1001.95,1001.95,0
SUP001,20100421,996.13,996.13,996.13,996.13,0
SUP001,20100428,974.03,974.03,974.03,974.03,0
SUP001,20100505,947.83,947.83,947.83,947.83,0
SUP001,20100512,887.34,887.34,887.34,887.34,0
SUP001,20100519,866.11,866.11,866.11,866.11,0
SUP001,20100526,869.76,869.76,869.76,869.76,0
SUP001,20100602,866.48,866.48,866.48,866.48,0
SUP001,20100609,877.34,877.34,877.34,877.34,0
SUP001,20100616,854.43,854.43,854.43,854.43,0
SUP001,20100623,854.25,854.25,854.25,854.25,0
SUP001,20100630,872.84,872.84,872.84,872.84,0
SUP001,20100701,872.84,872.84,872.84,872.84,0
SUP001,20100702,872.84,872.84,872.84,872.84,0
SUP001,20100707,854.14,854.14,854.14,854.14,0
SUP001,20100714,833.71,833.71,833.71,833.71,0
SUP001,20100721,828.46,828.46,828.46,828.46,0
SUP001,20100728,820.35,820.35,820.35,820.35,0
SUP001,20100804,863.72,863.72,863.72,863.72,0
SUP001,20100811,852.73,852.73,852.73,852.73,0
SUP001,20100818,847.84,847.84,847.84,847.84,0
SUP001,20100825,853.90,853.90,853.90,853.90,0
SUP001,20100901,862.50,862.50,862.50,862.50,0
SUP001,20100908,860.06,860.06,860.06,860.06,0
SUP001,20100915,849.26,849.26,849.26,849.26,0
SUP001,20100922,855.34,855.34,855.34,855.34,0
SUP001,20100929,886.23,886.23,886.23,886.23,0
SUP001,20101006,911.42,911.42,911.42,911.42,0
SUP001,20101013,934.14,934.14,934.14,934.14,0
SUP001,20101020,912.36,912.36,912.36,912.36,0
SUP001,20101027,936.44,936.44,936.44,936.44,0
SUP001,20101103,949.22,949.22,949.22,949.22,0
SUP001,20101110,984.40,984.40,984.40,984.40,0
SUP001,20101117,899.90,899.90,899.90,899.90,0
SUP001,20101124,890.83,890.83,890.83,890.83,0
SUP001,20101201,904.88,904.88,904.88,904.88,0
SUP001,20101208,935.84,935.84,935.84,935.84,0
SUP001,20101215,931.31,931.31,931.31,931.31,0
SUP001,20101222,956.54,956.54,956.54,956.54,0
SUP001,20101229,976.01,976.01,976.01,976.01,0
SUP001,20110105,956.57,956.57,956.57,956.57,0
SUP001,20110112,961.36,961.36,961.36,961.36,0
SUP001,20110119,954.81,954.81,954.81,954.81,0
SUP001,20110126,921.76,921.76,921.76,921.76,0
SUP001,20110202,962.42,962.42,962.42,962.42,0
SUP001,20110209,953.53,953.53,953.53,953.53,0
SUP001,20110216,946.47,946.47,946.47,946.47,0
SUP001,20110223,959.09,959.09,959.09,959.09,0
SUP001,20110302,996.48,996.48,996.48,996.48,0
SUP001,20110309,987.42,987.42,987.42,987.42,0
SUP001,20110316,976.08,976.08,976.08,976.08,0
SUP001,20110323,984.40,984.40,984.40,984.40,0
SUP001,20110330,971.03,971.03,971.03,971.03,0
SUP001,20110406,992.07,992.07,992.07,992.07,0
SUP001,20110413,995.43,995.43,995.43,995.43,0
SUP001,20110420,1002.78,1002.78,1002.78,1002.78,0
SUP001,20110427,1047.07,1047.07,1047.07,1047.07,0
SUP001,20110504,1064.52,1064.52,1064.52,1064.52,0
SUP001,20110511,1015.23,1015.23,1015.23,1015.23,0
SUP001,20110518,986.66,986.66,986.66,986.66,0
SUP001,20110525,977.87,977.87,977.87,977.87,0
SUP001,20110601,984.95,984.95,984.95,984.95,0
SUP001,20110608,980.53,980.53,980.53,980.53,0
SUP001,20110615,970.71,970.71,970.71,970.71,0
SUP001,20110622,976.92,976.92,976.92,976.92,0
SUP001,20110629,966.93,966.93,966.93,966.93,0
SUP001,20110706,967.60,967.60,967.60,967.60,0
SUP001,20110713,996.25,996.25,996.25,996.25,0
SUP001,20110720,996.90,996.90,996.90,996.90,0
SUP001,20110727,1016.89,1016.89,1016.89,1016.89,0
SUP001,20110803,1017.75,1017.75,1017.75,1017.75,0
SUP001,20110810,1025.61,1025.61,1025.61,1025.61,0
SUP001,20110817,1024.27,1024.27,1024.27,1024.27,0
SUP001,20110824,1040.28,1040.28,1040.28,1040.28,0
SUP001,20110831,1040.84,1040.84,1040.84,1040.84,0
SUP001,20110907,1026.69,1026.69,1026.69,1026.69,0
SUP001,20110914,1003.89,1003.89,1003.89,1003.89,0
SUP001,20110921,992.60,992.60,992.60,992.60,0
SUP001,20110928,971.59,971.59,971.59,971.59,0
SUP001,20111005,1010.23,1010.23,1010.23,1010.23,0
SUP001,20111012,970.72,970.72,970.72,970.72,0
SUP001,20111019,962.00,962.00,962.00,962.00,0
SUP001,20111026,955.29,955.29,955.29,955.29,0
SUP001,20111102,926.03,926.03,926.03,926.03,0
SUP001,20111130,818.39,818.39,818.39,818.39,0
SUP001,20111207,813.49,813.49,813.49,813.49,0
SUP001,20111214,801.88,801.88,801.88,801.88,0
SUP001,20111221,787.13,787.13,787.13,787.13,0
SUP001,20111228,778.74,778.74,778.74,778.74,0
SUP001,20120104,775.44,775.44,775.44,775.44,0
SUP001,20120111,775.72,775.72,775.72,775.72,0
SUP001,20120118,776.63,776.63,776.63,776.63,0
SUP001,20120125,764.77,764.77,764.77,764.77,0
SUP001,20120201,790.21,790.21,790.21,790.21,0
SUP001,20120208,799.09,799.09,799.09,799.09,0
SUP001,20120215,781.94,781.94,781.94,781.94,0
SUP001,20120222,792.49,792.49,792.49,792.49,0
SUP001,20120229,809.23,809.23,809.23,809.23,0
SUP001,20120307,783.22,783.22,783.22,783.22,0
SUP001,20120314,779.66,779.66,779.66,779.66,0
SUP001,20120321,756.31,756.31,756.31,756.31,0
SUP001,20120328,748.68,748.68,748.68,748.68,0
SUP001,20120404,738.41,738.41,738.41,738.41,0
SUP001,20120411,750.16,750.16,750.16,750.16,0
SUP001,20120418,730.78,730.78,730.78,730.78,0
SUP001,20120425,741.07,741.07,741.07,741.07,0
SUP001,20120502,735.76,735.76,735.76,735.76,0
SUP001,20120509,764.39,764.39,764.39,764.39,0
SUP001,20120516,795.12,795.12,795.12,795.12,0
SUP001,20120523,800.72,800.72,800.72,800.72,0
SUP001,20120530,818.73,818.73,818.73,818.73,0
SUP001,20120606,826.51,826.51,826.51,826.51,0
SUP001,20120611,831.92,831.92,831.92,831.92,0
SUP001,20120612,821.73,821.73,821.73,821.73,0
SUP001,20120613,814.13,814.13,814.13,814.13,0
SUP001,20120614,811.42,811.42,811.42,811.42,0
SUP001,20120615,815.35,815.35,815.35,815.35,0
SUP001,20120618,810.86,810.86,810.86,810.86,0
SUP001,20120619,804.51,804.51,804.51,804.51,0
SUP001,20120620,791.75,791.75,791.75,791.75,0
SUP001,20120621,784.93,784.93,784.93,784.93,0
SUP001,20120622,805.28,805.28,805.28,805.28,0
SUP001,20120625,809.56,809.56,809.56,809.56,0
SUP001,20120626,811.77,811.77,811.77,811.77,0
SUP001,20120627,809.42,809.42,809.42,809.42,0
SUP001,20120628,803.40,803.40,803.40,803.40,0
SUP001,20120629,812.79,812.79,812.79,812.79,0
SUP001,20120703,776.64,776.64,776.64,776.64,0
SUP001,20120704,765.93,765.93,765.93,765.93,0
SUP001,20120705,767.12,767.12,767.12,767.12,0
SUP001,20120706,778.94,778.94,778.94,778.94,0
SUP001,20120709,790.46,790.46,790.46,790.46,0
SUP001,20120710,792.18,792.18,792.18,792.18,0
SUP001,20120711,798.03,798.03,798.03,798.03,0
SUP001,20120712,799.52,799.52,799.52,799.52,0
SUP001,20120713,812.45,812.45,812.45,812.45,0
SUP001,20120716,803.82,803.82,803.82,803.82,0
SUP001,20120717,807.19,807.19,807.19,807.19,0
SUP001,20120718,800.87,800.87,800.87,800.87,0
SUP001,20120719,811.63,811.63,811.63,811.63,0
SUP001,20120720,808.64,808.64,808.64,808.64,0
SUP001,20120723,819.50,819.50,819.50,819.50,0
SUP001,20120724,822.51,822.51,822.51,822.51,0
SUP001,20120725,825.88,825.88,825.88,825.88,0
SUP001,20120726,822.19,822.19,822.19,822.19,0
SUP001,20120727,804.32,804.32,804.32,804.32,0
SUP001,20120730,789.32,789.32,789.32,789.32,0
SUP001,20120731,798.02,798.02,798.02,798.02,0
SUP001,20120801,794.97,794.97,794.97,794.97,0
SUP001,20120802,792.73,792.73,792.73,792.73,0
SUP001,20120803,797.90,797.90,797.90,797.90,0
SUP001,20120806,791.55,791.55,791.55,791.55,0
SUP001,20120807,788.77,788.77,788.77,788.77,0
SUP001,20120808,779.49,779.49,779.49,779.49,0
SUP001,20120809,779.76,779.76,779.76,779.76,0
SUP001,20120810,782.11,782.11,782.11,782.11,0
SUP001,20120813,785.53,785.53,785.53,785.53,0
SUP001,20120814,781.12,781.12,781.12,781.12,0
SUP001,20120816,776.82,776.82,776.82,776.82,0
SUP001,20120817,777.52,777.52,777.52,777.52,0
SUP001,20120820,777.62,777.62,777.62,777.62,0
SUP001,20120821,776.20,776.20,776.20,776.20,0
SUP001,20120822,776.55,776.55,776.55,776.55,0
SUP001,20120823,774.98,774.98,774.98,774.98,0
SUP001,20120824,776.79,776.79,776.79,776.79,0
SUP001,20120827,777.48,777.48,777.48,777.48,0
SUP001,20120828,775.53,775.53,775.53,775.53,0
SUP001,20120829,770.78,770.78,770.78,770.78,0
SUP001,20120830,766.96,766.96,766.96,766.96,0
SUP001,20120831,760.05,760.05,760.05,760.05,0
SUP001,20120903,774.79,774.79,774.79,774.79,0
SUP001,20120904,778.16,778.16,778.16,778.16,0
SUP001,20120905,772.74,772.74,772.74,772.74,0
SUP001,20120906,771.53,771.53,771.53,771.53,0
SUP001,20120907,786.12,786.12,786.12,786.12,0
SUP001,20120910,793.24,793.24,793.24,793.24,0
SUP001,20120911,785.24,785.24,785.24,785.24,0
SUP001,20120912,785.94,785.94,785.94,785.94,0
SUP001,20120913,781.12,781.12,781.12,781.12,0
SUP001,20120914,795.85,795.85,795.85,795.85,0
SUP001,20120917,802.60,802.60,802.60,802.60,0
SUP001,20120918,789.99,789.99,789.99,789.99,0
SUP001,20120919,784.09,784.09,784.09,784.09,0
SUP001,20120920,776.27,776.27,776.27,776.27,0
SUP001,20120921,771.89,771.89,771.89,771.89,0
SUP001,20120924,774.31,774.31,774.31,774.31,0
SUP001,20120925,764.29,764.29,764.29,764.29,0
SUP001,20120926,760.45,760.45,760.45,760.45,0
SUP001,20120927,735.14,735.14,735.14,735.14,0
SUP001,20120928,758.23,758.23,758.23,758.23,0
SUP001,20121001,747.90,747.90,747.90,747.90,0
SUP001,20121002,754.01,754.01,754.01,754.01,0
SUP001,20121003,751.72,751.72,751.72,751.72,0
SUP001,20121004,748.91,748.91,748.91,748.91,0
SUP001,20121005,757.83,757.83,757.83,757.83,0
SUP001,20121008,758.93,758.93,758.93,758.93,0
SUP001,20121009,753.13,753.13,753.13,753.13,0
SUP001,20121010,744.57,744.57,744.57,744.57,0
SUP001,20121011,743.41,743.41,743.41,743.41,0
SUP001,20121012,750.31,750.31,750.31,750.31,0
SUP001,20121015,744.49,744.49,744.49,744.49,0
SUP001,20121016,739.17,739.17,739.17,739.17,0
SUP001,20121017,743.61,743.61,743.61,743.61,0
SUP001,20121018,750.78,750.78,750.78,750.78,0
SUP001,20121019,744.10,744.10,744.10,744.10,0
SUP001,20121022,726.49,726.49,726.49,726.49,0
SUP001,20121023,728.16,728.16,728.16,728.16,0
SUP001,20121024,713.89,713.89,713.89,713.89,0
SUP001,20121025,713.10,713.10,713.10,713.10,0
SUP001,20121026,716.70,716.70,716.70,716.70,0
SUP001,20121029,710.53,710.53,710.53,710.53,0
SUP001,20121030,713.06,713.06,713.06,713.06,0
SUP001,20121031,712.00,712.00,712.00,712.00,0
SUP001,20121102,713.69,713.69,713.69,713.69,0
SUP001,20121105,727.64,727.64,727.64,727.64,0
SUP001,20121106,722.53,722.53,722.53,722.53,0
SUP001,20121107,702.31,702.31,702.31,702.31,0
SUP001,20121108,714.09,714.09,714.09,714.09,0
SUP001,20121109,703.43,703.43,703.43,703.43,0
SUP001,20121112,703.73,703.73,703.73,703.73,0
SUP001,20121113,695.83,695.83,695.83,695.83,0
SUP001,20121114,687.27,687.27,687.27,687.27,0
SUP001,20121115,683.53,683.53,683.53,683.53,0
SUP001,20121116,691.43,691.43,691.43,691.43,0
SUP001,20121119,687.79,687.79,687.79,687.79,0
SUP001,20121120,673.80,673.80,673.80,673.80,0
SUP001,20121121,670.61,670.61,670.61,670.61,0
SUP001,20121122,667.71,667.71,667.71,667.71,0
SUP001,20121123,669.38,669.38,669.38,669.38,0
SUP001,20121126,661.45,661.45,661.45,661.45,0
SUP001,20121127,667.37,667.37,667.37,667.37,0
SUP001,20121128,666.33,666.33,666.33,666.33,0
SUP001,20121129,670.99,670.99,670.99,670.99,0
SUP001,20121130,674.91,674.91,674.91,674.91,0
SUP001,20121203,676.57,676.57,676.57,676.57,0
SUP001,20121204,671.29,671.29,671.29,671.29,0
SUP001,20121205,665.96,665.96,665.96,665.96,0
SUP001,20121206,671.37,671.37,671.37,671.37,0
SUP001,20121207,676.10,676.10,676.10,676.10,0
SUP001,20121210,678.54,678.54,678.54,678.54,0
SUP001,20121211,686.67,686.67,686.67,686.67,0
SUP001,20121212,690.80,690.80,690.80,690.80,0
SUP001,20121213,695.59,695.59,695.59,695.59,0
SUP001,20121214,690.50,690.50,690.50,690.50,0
SUP001,20121217,692.38,692.38,692.38,692.38,0
SUP001,20121218,688.62,688.62,688.62,688.62,0
SUP001,20121219,692.38,692.38,692.38,692.38,0
SUP001,20121220,694.59,694.59,694.59,694.59,0
SUP001,20121221,676.20,676.20,676.20,676.20,0
SUP001,20121227,676.28,676.28,676.28,676.28,0
SUP001,20121228,687.20,687.20,687.20,687.20,0
SUP001,20130102,690.32,690.32,690.32,690.32,0
SUP001,20130103,713.05,713.05,713.05,713.05,0
SUP001,20130104,713.03,713.03,713.03,713.03,0
SUP001,20130107,712.06,712.06,712.06,712.06,0
SUP001,20130108,710.96,710.96,710.96,710.96,0
SUP001,20130109,705.88,705.88,705.88,705.88,0
SUP001,20130110,714.68,714.68,714.68,714.68,0
SUP001,20130111,714.82,714.82,714.82,714.82,0
SUP001,20130114,706.16,706.16,706.16,706.16,0
SUP001,20130115,706.26,706.26,706.26,706.26,0
SUP001,20130116,697.27,697.27,697.27,697.27,0
SUP001,20130117,695.76,695.76,695.76,695.76,0
SUP001,20130118,699.69,699.69,699.69,699.69,0
SUP001,20130121,701.82,701.82,701.82,701.82,0
SUP001,20130122,702.69,702.69,702.69,702.69,0
SUP001,20130123,707.05,707.05,707.05,707.05,0
SUP001,20130124,704.66,704.66,704.66,704.66,0
SUP001,20130125,711.10,711.10,711.10,711.10,0
SUP001,20130128,712.60,712.60,712.60,712.60,0
SUP001,20130129,714.14,714.14,714.14,714.14,0
SUP001,20130130,719.35,719.35,719.35,719.35,0
SUP001,20130131,716.68,716.68,716.68,716.68,0
SUP001,20130201,717.63,717.63,717.63,717.63,0
SUP001,20130204,726.86,726.86,726.86,726.86,0
SUP001,20130205,712.71,712.71,712.71,712.71,0
SUP001,20130206,713.39,713.39,713.39,713.39,0
SUP001,20130207,712.99,712.99,712.99,712.99,0
SUP001,20130208,706.18,706.18,706.18,706.18,0
SUP001,20130211,715.51,715.51,715.51,715.51,0
SUP001,20130212,712.86,712.86,712.86,712.86,0
SUP001,20130213,719.73,719.73,719.73,719.73,0
SUP001,20130214,716.15,716.15,716.15,716.15,0
SUP001,20130215,723.79,723.79,723.79,723.79,0
SUP001,20130218,728.78,728.78,728.78,728.78,0
SUP001,20130219,728.45,728.45,728.45,728.45,0
SUP001,20130220,728.05,728.05,728.05,728.05,0
SUP001,20130221,725.73,725.73,725.73,725.73,0
SUP001,20130222,722.42,722.42,722.42,722.42,0
SUP001,20130225,725.30,725.30,725.30,725.30,0
SUP001,20130226,714.83,714.83,714.83,714.83,0
SUP001,20130227,704.99,704.99,704.99,704.99,0
SUP001,20130228,713.33,713.33,713.33,713.33,0
SUP001,20130301,725.91,725.91,725.91,725.91,0
SUP001,20130304,742.74,742.74,742.74,742.74,0
SUP001,20130305,744.43,744.43,744.43,744.43,0
SUP001,20130306,734.05,734.05,734.05,734.05,0
SUP001,20130307,741.34,741.34,741.34,741.34,0
SUP001,20130308,724.19,724.19,724.19,724.19,0
SUP001,20130311,725.62,725.62,725.62,725.62,0
SUP001,20130312,728.49,728.49,728.49,728.49,0
SUP001,20130313,725.13,725.13,725.13,725.13,0
SUP001,20130314,731.42,731.42,731.42,731.42,0
SUP001,20130315,732.53,732.53,732.53,732.53,0
SUP001,20130318,736.79,736.79,736.79,736.79,0
SUP001,20130319,743.33,743.33,743.33,743.33,0
SUP001,20130320,749.84,749.84,749.84,749.84,0
SUP001,20130321,745.59,745.59,745.59,745.59,0
SUP001,20130322,745.80,745.80,745.80,745.80,0
SUP001,20130325,744.07,744.07,744.07,744.07,0
SUP001,20130326,740.34,740.34,740.34,740.34,0
SUP001,20130327,747.54,747.54,747.54,747.54,0
SUP001,20130328,750.43,750.43,750.43,750.43,0
SUP001,20130402,741.93,741.93,741.93,741.93,0
SUP001,20130403,737.45,737.45,737.45,737.45,0
SUP001,20130404,746.47,746.47,746.47,746.47,0
SUP001,20130405,753.95,753.95,753.95,753.95,0
SUP001,20130408,764.09,764.09,764.09,764.09,0
SUP001,20130409,755.65,755.65,755.65,755.65,0
SUP001,20130410,740.77,740.77,740.77,740.77,0
SUP001,20130411,752.40,752.40,752.40,752.40,0
SUP001,20130412,756.98,756.98,756.98,756.98,0
SUP001,20130415,817.92,817.92,817.92,817.92,0
SUP001,20130417,808.31,808.31,808.31,808.31,0
SUP001,20130418,820.06,820.06,820.06,820.06,0
SUP001,20130419,824.61,824.61,824.61,824.61,0
SUP001,20130422,825.39,825.39,825.39,825.39,0
SUP001,20130423,818.51,818.51,818.51,818.51,0
SUP001,20130424,821.32,821.32,821.32,821.32,0
SUP001,20130425,811.69,811.69,811.69,811.69,0
SUP001,20130426,800.48,800.48,800.48,800.48,0
SUP001,20130429,810.64,810.64,810.64,810.64,0
SUP001,20130430,818.71,818.71,818.71,818.71,0
SUP001,20130502,814.35,814.35,814.35,814.35,0
SUP001,20130506,798.27,798.27,798.27,798.27,0
SUP001,20130507,793.28,793.28,793.28,793.28,0
SUP001,20130508,790.24,790.24,790.24,790.24,0
SUP001,20130509,790.15,790.15,790.15,790.15,0
SUP001,20130510,792.82,792.82,792.82,792.82,0
SUP001,20130513,778.55,778.55,778.55,778.55,0
SUP001,20130514,776.67,776.67,776.67,776.67,0
SUP001,20130515,774.36,774.36,774.36,774.36,0
SUP001,20130516,773.72,773.72,773.72,773.72,0
SUP001,20130517,779.11,779.11,779.11,779.11,0
SUP001,20130520,779.92,779.92,779.92,779.92,0
SUP001,20130521,778.21,778.21,778.21,778.21,0
SUP001,20130522,777.95,777.95,777.95,777.95,0
SUP001,20130523,779.48,779.48,779.48,779.48,0
SUP001,20130524,776.15,776.15,776.15,776.15,0
SUP001,20130527,771.35,771.35,771.35,771.35,0
SUP001,20130528,774.36,774.36,774.36,774.36,0
SUP001,20130529,783.78,783.78,783.78,783.78,0
SUP001,20130531,781.33,781.33,781.33,781.33,0
SUP001,20130603,760.18,760.18,760.18,760.18,0
SUP001,20130604,767.83,767.83,767.83,767.83,0
SUP001,20130605,767.24,767.24,767.24,767.24,0
SUP001,20130606,750.88,750.88,750.88,750.88,0
SUP001,20130607,756.79,756.79,756.79,756.79,0
SUP001,20130610,774.42,774.42,774.42,774.42,0
SUP001,20130611,777.12,777.12,777.12,777.12,0
SUP001,20130612,775.37,775.37,775.37,775.37,0
SUP001,20130613,775.07,775.07,775.07,775.07,0
SUP001,20130614,779.32,779.32,779.32,779.32,0
SUP001,20130617,779.26,779.26,779.26,779.26,0
SUP001,20130618,782.44,782.44,782.44,782.44,0
SUP001,20130619,786.91,786.91,786.91,786.91,0
SUP001,20130620,775.24,775.24,775.24,775.24,0
SUP001,20130621,779.42,779.42,779.42,779.42,0
SUP001,20130624,766.05,766.05,766.05,766.05,0
SUP001,20130625,751.73,751.73,751.73,751.73,0
SUP001,20130626,748.52,748.52,748.52,748.52,0
SUP001,20130628,768.47,768.47,768.47,768.47,0
SUP001,20130702,761.10,761.10,761.10,761.10,0
SUP001,20130703,754.99,754.99,754.99,754.99,0
SUP001,20130704,762.43,762.43,762.43,762.43,0
SUP001,20130705,767.42,767.42,767.42,767.42,0
SUP001,20130708,761.87,761.87,761.87,761.87,0
SUP001,20130709,764.82,764.82,764.82,764.82,0
SUP001,20130710,764.57,764.57,764.57,764.57,0
SUP001,20130711,767.70,767.70,767.70,767.70,0
SUP001,20130712,766.84,766.84,766.84,766.84,0
SUP001,20130715,770.37,770.37,770.37,770.37,0
SUP001,20130716,768.36,768.36,768.36,768.36,0
SUP001,20130717,766.29,766.29,766.29,766.29,0
SUP001,20130718,764.23,764.23,764.23,764.23,0
SUP001,20130719,765.78,765.78,765.78,765.78,0
SUP001,20130722,763.36,763.36,763.36,763.36,0
SUP001,20130723,762.71,762.71,762.71,762.71,0
SUP001,20130724,763.93,763.93,763.93,763.93,0
SUP001,20130725,757.41,757.41,757.41,757.41,0
SUP001,20130726,753.67,753.67,753.67,753.67,0
SUP001,20130729,758.68,758.68,758.68,758.68,0
SUP001,20130730,755.38,755.38,755.38,755.38,0
SUP001,20130731,753.90,753.90,753.90,753.90,0
SUP001,20130801,755.32,755.32,755.32,755.32,0
SUP001,20130802,760.12,760.12,760.12,760.12,0
SUP001,20130805,752.10,752.10,752.10,752.10,0
SUP001,20130806,751.33,751.33,751.33,751.33,0
SUP001,20130807,748.44,748.44,748.44,748.44,0
SUP001,20130808,744.81,744.81,744.81,744.81,0
SUP001,20130809,749.57,749.57,749.57,749.57,0
SUP001,20130812,749.45,749.45,749.45,749.45,0
SUP001,20130813,754.09,754.09,754.09,754.09,0
SUP001,20130814,759.39,759.39,759.39,759.39,0
SUP001,20130816,759.10,759.10,759.10,759.10,0
SUP001,20130819,762.37,762.37,762.37,762.37,0
SUP001,20130820,763.07,763.07,763.07,763.07,0
SUP001,20130821,757.58,757.58,757.58,757.58,0
SUP001,20130822,754.67,754.67,754.67,754.67,0
SUP001,20130823,758.65,758.65,758.65,758.65,0
SUP001,20130826,763.94,763.94,763.94,763.94,0
SUP001,20130827,765.39,765.39,765.39,765.39,0
SUP001,20130828,770.82,770.82,770.82,770.82,0
SUP001,20130829,769.68,769.68,769.68,769.68,0
SUP001,20130830,769.77,769.77,769.77,769.77,0
SUP001,20130902,764.56,764.56,764.56,764.56,0
SUP001,20130903,770.72,770.72,770.72,770.72,0
SUP001,20130904,773.92,773.92,773.92,773.92,0
SUP001,20130905,777.12,777.12,777.12,777.12,0
SUP001,20130906,776.77,776.77,776.77,776.77,0
SUP001,20130909,781.33,781.33,781.33,781.33,0
SUP001,20130910,779.11,779.11,779.11,779.11,0
SUP001,20130911,778.00,778.00,778.00,778.00,0
SUP001,20130912,777.13,777.13,777.13,777.13,0
SUP001,20130913,776.30,776.30,776.30,776.30,0
SUP001,20130916,772.29,772.29,772.29,772.29,0
SUP001,20130917,772.95,772.95,772.95,772.95,0
SUP001,20130918,769.96,769.96,769.96,769.96,0
SUP001,20130919,770.15,770.15,770.15,770.15,0
SUP001,20130920,772.88,772.88,772.88,772.88,0
SUP001,20130923,772.85,772.85,772.85,772.85,0
SUP001,20130924,770.12,770.12,770.12,770.12,0
SUP001,20130925,770.36,770.36,770.36,770.36,0
SUP001,20130926,768.14,768.14,768.14,768.14,0
SUP001,20130927,773.12,773.12,773.12,773.12,0
SUP001,20130930,771.05,771.05,771.05,771.05,0
SUP001,20131001,762.97,762.97,762.97,762.97,0
SUP001,20131002,768.32,768.32,768.32,768.32,0
SUP001,20131003,766.47,766.47,766.47,766.47,0
SUP001,20131004,770.01,770.01,770.01,770.01,0
SUP001,20131007,769.15,769.15,769.15,769.15,0
SUP001,20131008,763.83,763.83,763.83,763.83,0
SUP001,20131009,760.71,760.71,760.71,760.71,0
SUP001,20131010,755.88,755.88,755.88,755.88,0
SUP001,20131011,758.74,758.74,758.74,758.74,0
SUP001,20131014,766.45,766.45,766.45,766.45,0
SUP001,20131015,761.76,761.76,761.76,761.76,0
SUP001,20131016,759.94,759.94,759.94,759.94,0
SUP001,20131017,760.55,760.55,760.55,760.55,0
SUP001,20131018,773.92,773.92,773.92,773.92,0
SUP001,20131021,780.28,780.28,780.28,780.28,0
SUP001,20131022,778.07,778.07,778.07,778.07,0
SUP001,20131023,786.77,786.77,786.77,786.77,0
SUP001,20131024,781.77,781.77,781.77,781.77,0
SUP001,20131025,787.48,787.48,787.48,787.48,0
SUP001,20131028,785.31,785.31,785.31,785.31,0
SUP001,20131029,785.91,785.91,785.91,785.91,0
SUP001,20131030,786.63,786.63,786.63,786.63,0
SUP001,20131031,790.48,790.48,790.48,790.48,0
SUP001,20131104,761.92,761.92,761.92,761.92,0
SUP001,20131105,764.12,764.12,764.12,764.12,0
SUP001,20131106,752.93,752.93,752.93,752.93,0
SUP001,20131107,759.90,759.90,759.90,759.90,0
SUP001,20131108,756.99,756.99,756.99,756.99,0
SUP001,20131112,752.05,752.05,752.05,752.05,0
SUP001,20131113,755.05,755.05,755.05,755.05,0
SUP001,20131114,761.99,761.99,761.99,761.99,0
SUP001,20131115,766.73,766.73,766.73,766.73,0
SUP001,20131118,769.20,769.20,769.20,769.20,0
SUP001,20131119,774.50,774.50,774.50,774.50,0
SUP001,20131120,770.30,770.30,770.30,770.30,0
SUP001,20131121,767.40,767.40,767.40,767.40,0
SUP001,20131122,774.23,774.23,774.23,774.23,0
SUP001,20131125,772.92,772.92,772.92,772.92,0
SUP001,20131126,774.29,774.29,774.29,774.29,0
SUP001,20131127,773.52,773.52,773.52,773.52,0
SUP001,20131128,772.22,772.22,772.22,772.22,0
SUP001,20131129,771.52,771.52,771.52,771.52,0
SUP001,20131202,772.59,772.59,772.59,772.59,0
SUP001,20131203,774.41,774.41,774.41,774.41,0
SUP001,20131204,764.87,764.87,764.87,764.87,0
SUP001,20131205,776.07,776.07,776.07,776.07,0
SUP001,20131206,779.43,779.43,779.43,779.43,0
SUP001,20131209,791.58,791.58,791.58,791.58,0
SUP001,20131210,792.76,792.76,792.76,792.76,0
SUP001,20131211,782.08,782.08,782.08,782.08,0
SUP001,20131212,779.00,779.00,779.00,779.00,0
SUP001,20131213,781.82,781.82,781.82,781.82,0
SUP001,20131216,777.56,777.56,777.56,777.56,0
SUP001,20131217,782.36,782.36,782.36,782.36,0
SUP001,20131218,775.29,775.29,775.29,775.29,0
SUP001,20131219,789.57,789.57,789.57,789.57,0
SUP001,20131220,796.24,796.24,796.24,796.24,0
SUP001,20131223,797.25,797.25,797.25,797.25,0
SUP001,20131227,798.22,798.22,798.22,798.22,0
SUP001,20131230,805.43,805.43,805.43,805.43,0
SUP001,20140102,805.70,805.70,805.70,805.70,0
SUP001,20140103,793.29,793.29,793.29,793.29,0
SUP001,20140107,788.32,788.32,788.32,788.32,0
SUP001,20140108,796.45,796.45,796.45,796.45,0
SUP001,20140109,800.96,800.96,800.96,800.96,0
SUP001,20140110,797.65,797.65,797.65,797.65,0
SUP001,20140113,799.58,799.58,799.58,799.58,0
SUP001,20140114,796.42,796.42,796.42,796.42,0
SUP001,20140115,800.86,800.86,800.86,800.86,0
SUP001,20140116,803.42,803.42,803.42,803.42,0
SUP001,20140117,803.77,803.77,803.77,803.77,0
SUP001,20140120,802.81,802.81,802.81,802.81,0
SUP001,20140121,801.07,801.07,801.07,801.07,0
SUP001,20140122,803.18,803.18,803.18,803.18,0
SUP001,20140123,803.55,803.55,803.55,803.55,0
SUP001,20140124,810.03,810.03,810.03,810.03,0
SUP001,20140127,803.41,803.41,803.41,803.41,0
SUP001,20140128,799.91,799.91,799.91,799.91,0
SUP001,20140129,797.36,797.36,797.36,797.36,0
SUP001,20140130,802.77,802.77,802.77,802.77,0
SUP001,20140131,802.18,802.18,802.18,802.18,0
SUP001,20140203,807.46,807.46,807.46,807.46,0
SUP001,20140204,804.76,804.76,804.76,804.76,0
SUP001,20140205,802.87,802.87,802.87,802.87,0
SUP001,20140206,801.65,801.65,801.65,801.65,0
SUP001,20140207,806.57,806.57,806.57,806.57,0
SUP001,20140210,814.83,814.83,814.83,814.83,0
SUP001,20140211,812.91,812.91,812.91,812.91,0
SUP001,20140212,806.65,806.65,806.65,806.65,0
SUP001,20140213,799.52,799.52,799.52,799.52,0
SUP001,20140214,812.25,812.25,812.25,812.25,0
SUP001,20140217,809.04,809.04,809.04,809.04,0
SUP001,20140218,806.93,806.93,806.93,806.93,0
SUP001,20140219,815.34,815.34,815.34,815.34,0
SUP001,20140220,819.22,819.22,819.22,819.22,0
SUP001,20140221,819.72,819.72,819.72,819.72,0
SUP001,20140224,819.18,819.18,819.18,819.18,0
SUP001,20140225,816.84,816.84,816.84,816.84,0
SUP001,20140226,816.58,816.58,816.58,816.58,0
SUP001,20140227,820.47,820.47,820.47,820.47,0
SUP001,20140228,829.27,829.27,829.27,829.27,0
SUP001,20140303,814.55,814.55,814.55,814.55,0
SUP001,20140304,821.97,821.97,821.97,821.97,0
SUP001,20140305,806.08,806.08,806.08,806.08,0
SUP001,20140306,800.45,800.45,800.45,800.45,0
SUP001,20140307,809.29,809.29,809.29,809.29,0
SUP001,20140310,811.36,811.36,811.36,811.36,0
SUP001,20140311,806.23,806.23,806.23,806.23,0
SUP001,20140312,803.87,803.87,803.87,803.87,0
SUP001,20140313,803.20,803.20,803.20,803.20,0
SUP001,20140314,801.79,801.79,801.79,801.79,0
SUP001,20140317,797.58,797.58,797.58,797.58,0
SUP001,20140318,800.80,800.80,800.80,800.80,0
SUP001,20140319,810.84,810.84,810.84,810.84,0
SUP001,20140320,806.13,806.13,806.13,806.13,0
SUP001,20140321,805.64,805.64,805.64,805.64,0
SUP001,20140324,803.98,803.98,803.98,803.98,0
SUP001,20140325,802.66,802.66,802.66,802.66,0
SUP001,20140326,801.34,801.34,801.34,801.34,0
SUP001,20140327,794.20,794.20,794.20,794.20,0
SUP001,20140328,793.44,793.44,793.44,793.44,0
SUP001,20140331,785.86,785.86,785.86,785.86,0
SUP001,20140401,786.84,786.84,786.84,786.84,0
SUP001,20140402,792.09,792.09,792.09,792.09,0
SUP001,20140403,795.85,795.85,795.85,795.85,0
SUP001,20140404,789.47,789.47,789.47,789.47,0
SUP001,20140407,776.30,776.30,776.30,776.30,0
SUP001,20140408,776.91,776.91,776.91,776.91,0
SUP001,20140409,774.01,774.01,774.01,774.01,0
SUP001,20140410,775.22,775.22,775.22,775.22,0
SUP001,20140411,769.08,769.08,769.08,769.08,0
SUP001,20140414,767.06,767.06,767.06,767.06,0
SUP001,20140415,765.16,765.16,765.16,765.16,0
SUP001,20140416,771.12,771.12,771.12,771.12,0
SUP001,20140417,771.14,771.14,771.14,771.14,0
SUP001,20140422,769.12,769.12,769.12,769.12,0
SUP001,20140423,770.49,770.49,770.49,770.49,0
SUP001,20140424,766.89,766.89,766.89,766.89,0
SUP001,20140425,764.26,764.26,764.26,764.26,0
SUP001,20140428,761.20,761.20,761.20,761.20,0
SUP001,20140429,759.49,759.49,759.49,759.49,0
SUP001,20140430,763.26,763.26,763.26,763.26,0
SUP001,20140502,761.72,761.72,761.72,761.72,0
SUP001,20140505,752.72,752.72,752.72,752.72,0
SUP001,20140506,747.97,747.97,747.97,747.97,0
SUP001,20140507,745.21,745.21,745.21,745.21,0
SUP001,20140508,747.93,747.93,747.93,747.93,0
SUP001,20140509,745.40,745.40,745.40,745.40,0
SUP001,20140512,745.27,745.27,745.27,745.27,0
SUP001,20140513,751.88,751.88,751.88,751.88,0
SUP001,20140514,751.92,751.92,751.92,751.92,0
SUP001,20140515,746.36,746.36,746.36,746.36,0
SUP001,20140516,734.87,734.87,734.87,734.87,0
SUP001,20140519,734.71,734.71,734.71,734.71,0
SUP001,20140520,732.09,732.09,732.09,732.09,0
SUP001,20140521,730.55,730.55,730.55,730.55,0
SUP001,20140522,732.79,732.79,732.79,732.79,0
SUP001,20140523,732.76,732.76,732.76,732.76,0
SUP001,20140526,734.80,734.80,734.80,734.80,0
SUP001,20140527,733.83,733.83,733.83,733.83,0
SUP001,20140528,742.14,742.14,742.14,742.14,0
SUP001,20140529,743.14,743.14,743.14,743.14,0
SUP001,20140530,748.51,748.51,748.51,748.51,0
SUP001,20140602,759.65,759.65,759.65,759.65,0
SUP001,20140603,758.22,758.22,758.22,758.22,0
SUP001,20140604,748.99,748.99,748.99,748.99,0
SUP001,20140605,746.35,746.35,746.35,746.35,0
SUP001,20140606,752.60,752.60,752.60,752.60,0
SUP001,20140609,753.29,753.29,753.29,753.29,0
SUP001,20140610,758.29,758.29,758.29,758.29,0
SUP001,20140611,756.33,756.33,756.33,756.33,0
SUP001,20140612,755.02,755.02,755.02,755.02,0
SUP001,20140613,758.10,758.10,758.10,758.10,0
SUP001,20140616,755.44,755.44,755.44,755.44,0
SUP001,20140617,756.00,756.00,756.00,756.00,0
SUP001,20140618,758.60,758.60,758.60,758.60,0
SUP001,20140620,759.95,759.95,759.95,759.95,0
SUP001,20140623,759.68,759.68,759.68,759.68,0
SUP001,20140624,758.95,758.95,758.95,758.95,0
SUP001,20140625,754.27,754.27,754.27,754.27,0
SUP001,20140626,753.47,753.47,753.47,753.47,0
SUP001,20140627,752.51,752.51,752.51,752.51,0
SUP001,20140630,753.83,753.83,753.83,753.83,0
SUP001,20140701,753.34,753.34,753.34,753.34,0
SUP001,20140702,755.17,755.17,755.17,755.17,0
SUP001,20140703,749.65,749.65,749.65,749.65,0
SUP001,20140704,753.46,753.46,753.46,753.46,0
SUP001,20140707,754.43,754.43,754.43,754.43,0
SUP001,20140708,748.28,748.28,748.28,748.28,0
SUP001,20140709,746.60,746.60,746.60,746.60,0
SUP001,20140710,751.30,751.30,751.30,751.30,0
SUP001,20140711,751.90,751.90,751.90,751.90,0
SUP001,20140714,752.65,752.65,752.65,752.65,0
SUP001,20140715,747.50,747.50,747.50,747.50,0
SUP001,20140716,744.27,744.27,744.27,744.27,0
SUP001,20140717,741.81,741.81,741.81,741.81,0
SUP001,20140718,744.53,744.53,744.53,744.53,0
SUP001,20140721,741.61,741.61,741.61,741.61,0
SUP001,20140722,741.27,741.27,741.27,741.27,0
SUP001,20140723,743.78,743.78,743.78,743.78,0
SUP001,20140724,745.87,745.87,745.87,745.87,0
SUP001,20140725,743.26,743.26,743.26,743.26,0
SUP001,20140728,744.08,744.08,744.08,744.08,0
SUP001,20140729,743.90,743.90,743.90,743.90,0
SUP001,20140730,745.36,745.36,745.36,745.36,0
SUP001,20140731,744.00,744.00,744.00,744.00,0
SUP001,20140801,740.17,740.17,740.17,740.17,0
SUP001,20140804,740.57,740.57,740.57,740.57,0
SUP001,20140805,740.67,740.67,740.67,740.67,0
SUP001,20140806,737.46,737.46,737.46,737.46,0
SUP001,20140807,734.86,734.86,734.86,734.86,0
SUP001,20140808,736.97,736.97,736.97,736.97,0
SUP001,20140811,739.33,739.33,739.33,739.33,0
SUP001,20140812,742.03,742.03,742.03,742.03,0
SUP001,20140813,740.26,740.26,740.26,740.26,0
SUP001,20140814,748.94,748.94,748.94,748.94,0
SUP001,20140818,749.63,749.63,749.63,749.63,0
SUP001,20140819,749.22,749.22,749.22,749.22,0
SUP001,20140820,754.44,754.44,754.44,754.44,0
SUP001,20140821,755.48,755.48,755.48,755.48,0
SUP001,20140822,759.28,759.28,759.28,759.28,0
SUP001,20140825,757.95,757.95,757.95,757.95,0
SUP001,20140826,760.20,760.20,760.20,760.20,0
SUP001,20140827,759.06,759.06,759.06,759.06,0
SUP001,20140828,761.24,761.24,761.24,761.24,0
SUP001,20140829,762.47,762.47,762.47,762.47,0
SUP001,20140901,762.39,762.39,762.39,762.39,0
SUP001,20140902,764.37,764.37,764.37,764.37,0
SUP001,20140903,763.52,763.52,763.52,763.52,0
SUP001,20140904,763.32,763.32,763.32,763.32,0
SUP001,20140905,758.57,758.57,758.57,758.57,0
SUP001,20140908,768.80,768.80,768.80,768.80,0
SUP001,20140909,764.95,764.95,764.95,764.95,0
SUP001,20140910,761.15,761.15,761.15,761.15,0
SUP001,20140911,763.36,763.36,763.36,763.36,0
SUP001,20140912,764.78,764.78,764.78,764.78,0
SUP001,20140915,757.68,757.68,757.68,757.68,0
SUP001,20140916,757.00,757.00,757.00,757.00,0
SUP001,20140917,762.37,762.37,762.37,762.37,0
SUP001,20140918,764.18,764.18,764.18,764.18,0
SUP001,20140919,767.51,767.51,767.51,767.51,0
SUP001,20140922,774.49,774.49,774.49,774.49,0
SUP001,20140923,770.87,770.87,770.87,770.87,0
SUP001,20140924,771.48,771.48,771.48,771.48,0
SUP001,20140925,774.71,774.71,774.71,774.71,0
SUP001,20140926,766.97,766.97,766.97,766.97,0
SUP001,20140929,767.38,767.38,767.38,767.38,0
SUP001,20140930,766.82,766.82,766.82,766.82,0
SUP001,20141001,765.72,765.72,765.72,765.72,0
SUP001,20141002,758.95,758.95,758.95,758.95,0
SUP001,20141003,750.86,750.86,750.86,750.86,0
SUP001,20141006,750.98,750.98,750.98,750.98,0
SUP001,20141007,755.24,755.24,755.24,755.24,0
SUP001,20141008,752.18,752.18,752.18,752.18,0
SUP001,20141009,756.00,756.00,756.00,756.00,0
SUP001,20141010,757.28,757.28,757.28,757.28,0
SUP001,20141013,750.15,750.15,750.15,750.15,0
SUP001,20141014,747.09,747.09,747.09,747.09,0
SUP001,20141015,751.05,751.05,751.05,751.05,0
SUP001,20141016,738.82,738.82,738.82,738.82,0
SUP001,20141017,731.45,731.45,731.45,731.45,0
SUP001,20141020,734.60,734.60,734.60,734.60,0
SUP001,20141021,742.06,742.06,742.06,742.06,0
SUP001,20141022,739.63,739.63,739.63,739.63,0
SUP001,20141023,742.23,742.23,742.23,742.23,0
SUP001,20141024,738.62,738.62,738.62,738.62,0
SUP001,20141027,731.60,731.60,731.60,731.60,0
SUP001,20141028,737.04,737.04,737.04,737.04,0
SUP001,20141029,727.61,727.61,727.61,727.61,0
SUP001,20141030,716.66,716.66,716.66,716.66,0
SUP001,20141031,716.34,716.34,716.34,716.34,0
SUP001,20141103,697.83,697.83,697.83,697.83,0
SUP001,20141104,695.02,695.02,695.02,695.02,0
SUP001,20141105,699.96,699.96,699.96,699.96,0
SUP001,20141106,699.66,699.66,699.66,699.66,0
SUP001,20141107,699.92,699.92,699.92,699.92,0
SUP001,20141110,704.22,704.22,704.22,704.22,0
SUP001,20141112,702.85,702.85,702.85,702.85,0
SUP001,20141113,699.94,699.94,699.94,699.94,0
SUP001,20141114,701.23,701.23,701.23,701.23,0
SUP001,20141117,699.03,699.03,699.03,699.03,0
SUP001,20141118,702.93,702.93,702.93,702.93,0
SUP001,20141119,700.88,700.88,700.88,700.88,0
SUP001,20141120,702.32,702.32,702.32,702.32,0
SUP001,20141121,702.53,702.53,702.53,702.53,0
SUP001,20141124,704.85,704.85,704.85,704.85,0
SUP001,20141125,705.90,705.90,705.90,705.90,0
SUP001,20141126,710.59,710.59,710.59,710.59,0
SUP001,20141127,713.39,713.39,713.39,713.39,0
SUP001,20141128,718.40,718.40,718.40,718.40,0
SUP001,20141201,722.84,722.84,722.84,722.84,0
SUP001,20141202,708.75,708.75,708.75,708.75,0
SUP001,20141203,710.20,710.20,710.20,710.20,0
SUP001,20141204,713.04,713.04,713.04,713.04,0
SUP001,20141205,709.94,709.94,709.94,709.94,0
SUP001,20141208,710.58,710.58,710.58,710.58,0
SUP001,20141209,713.43,713.43,713.43,713.43,0
SUP001,20141210,719.24,719.24,719.24,719.24,0
SUP001,20141211,713.25,713.25,713.25,713.25,0
SUP001,20141212,710.98,710.98,710.98,710.98,0
SUP001,20141215,702.57,702.57,702.57,702.57,0
SUP001,20141216,693.40,693.40,693.40,693.40,0
SUP001,20141217,686.90,686.90,686.90,686.90,0
SUP001,20141218,690.64,690.64,690.64,690.64,0
SUP001,20141219,703.17,703.17,703.17,703.17,0
SUP001,20141222,709.57,709.57,709.57,709.57,0
SUP001,20141223,713.56,713.56,713.56,713.56,0
SUP001,20141229,709.78,709.78,709.78,709.78,0
SUP001,20141230,713.52,713.52,713.52,713.52,0
SUP001,20150102,704.48,704.48,704.48,704.48,0
SUP001,20150105,698.62,698.62,698.62,698.62,0
SUP001,20150107,694.86,694.86,694.86,694.86,0
SUP001,20150108,698.78,698.78,698.78,698.78,0
SUP001,20150109,701.10,701.10,701.10,701.10,0
SUP001,20150112,703.24,703.24,703.24,703.24,0
SUP001,20150113,705.18,705.18,705.18,705.18,0
SUP001,20150114,705.06,705.06,705.06,705.06,0
SUP001,20150115,702.31,702.31,702.31,702.31,0
SUP001,20150116,698.33,698.33,698.33,698.33,0
SUP001,20150119,700.23,700.23,700.23,700.23,0
SUP001,20150120,700.52,700.52,700.52,700.52,0
SUP001,20150121,704.89,704.89,704.89,704.89,0
SUP001,20150122,709.15,709.15,709.15,709.15,0
SUP001,20150123,722.67,722.67,722.67,722.67,0
SUP001,20150126,729.41,729.41,729.41,729.41,0
SUP001,20150127,727.69,727.69,727.69,727.69,0
SUP001,20150128,727.69,727.69,727.69,727.69,0
SUP001,20150129,730.67,730.67,730.67,730.67,0
SUP001,20150130,728.22,728.22,728.22,728.22,0
SUP001,20150202,730.91,730.91,730.91,730.91,0
SUP001,20150203,728.62,728.62,728.62,728.62,0
SUP001,20150204,726.05,726.05,726.05,726.05,0
SUP001,20150205,728.84,728.84,728.84,728.84,0
SUP001,20150206,724.11,724.11,724.11,724.11,0
SUP001,20150209,712.73,712.73,712.73,712.73,0
SUP001,20150210,710.71,710.71,710.71,710.71,0
SUP001,20150211,707.75,707.75,707.75,707.75,0
SUP001,20150212,708.14,708.14,708.14,708.14,0
SUP001,20150213,712.27,712.27,712.27,712.27,0
SUP001,20150216,712.43,712.43,712.43,712.43,0
SUP001,20150217,714.28,714.28,714.28,714.28,0
SUP001,20150218,703.10,703.10,703.10,703.10,0
SUP001,20150219,713.12,713.12,713.12,713.12,0
SUP001,20150220,710.54,710.54,710.54,710.54,0
SUP001,20150223,710.13,710.13,710.13,710.13,0
SUP001,20150224,715.52,715.52,715.52,715.52,0
SUP001,20150225,719.48,719.48,719.48,719.48,0
SUP001,20150226,725.30,725.30,725.30,725.30,0
SUP001,20150227,728.32,728.32,728.32,728.32,0
SUP001,20150302,725.05,725.05,725.05,725.05,0
SUP001,20150303,722.26,722.26,722.26,722.26,0
SUP001,20150304,715.60,715.60,715.60,715.60,0
SUP001,20150305,715.29,715.29,715.29,715.29,0
SUP001,20150306,716.05,716.05,716.05,716.05,0
SUP001,20150309,706.91,706.91,706.91,706.91,0
SUP001,20150310,707.65,707.65,707.65,707.65,0
SUP001,20150311,697.09,697.09,697.09,697.09,0
SUP001,20150312,700.62,700.62,700.62,700.62,0
SUP001,20150313,705.95,705.95,705.95,705.95,0
SUP001,20150316,703.93,703.93,703.93,703.93,0
SUP001,20150317,709.31,709.31,709.31,709.31,0
SUP001,20150318,709.83,709.83,709.83,709.83,0
SUP001,20150319,712.90,712.90,712.90,712.90,0
SUP001,20150320,716.17,716.17,716.17,716.17,0
SUP001,20150323,716.68,716.68,716.68,716.68,0
SUP001,20150324,712.35,712.35,712.35,712.35,0
SUP001,20150325,714.32,714.32,714.32,714.32,0
SUP001,20150326,707.74,707.74,707.74,707.74,0
SUP001,20150327,700.07,700.07,700.07,700.07,0
SUP001,20150330,704.21,704.21,704.21,704.21,0
SUP001,20150331,709.22,709.22,709.22,709.22,0
SUP001,20150401,708.23,708.23,708.23,708.23,0
SUP001,20150402,709.40,709.40,709.40,709.40,0
SUP001,20150407,710.57,710.57,710.57,710.57,0
SUP001,20150408,717.52,717.52,717.52,717.52,0
SUP001,20150409,723.14,723.14,723.14,723.14,0
SUP001,20150410,724.60,724.60,724.60,724.60,0
SUP001,20150413,726.29,726.29,726.29,726.29,0
SUP001,20150414,728.24,728.24,728.24,728.24,0
SUP001,20150415,730.23,730.23,730.23,730.23,0
SUP001,20150416,733.62,733.62,733.62,733.62,0
SUP001,20150417,733.22,733.22,733.22,733.22,0
SUP001,20150420,727.59,727.59,727.59,727.59,0
SUP001,20150421,725.79,725.79,725.79,725.79,0
SUP001,20150422,729.18,729.18,729.18,729.18,0
SUP001,20150423,721.85,721.85,721.85,721.85,0
SUP001,20150424,721.16,721.16,721.16,721.16,0
SUP001,20150427,724.47,724.47,724.47,724.47,0
SUP001,20150428,716.53,716.53,716.53,716.53,0
SUP001,20150429,712.69,712.69,712.69,712.69,0
SUP001,20150430,681.27,681.27,681.27,681.27,0
SUP001,20150504,664.68,664.68,664.68,664.68,0
SUP001,20150505,659.43,659.43,659.43,659.43,0
SUP001,20150506,636.33,636.33,636.33,636.33,0
SUP001,20150507,611.48,611.48,611.48,611.48,0
SUP001,20150508,606.45,606.45,606.45,606.45,0
SUP001,20150511,626.85,626.85,626.85,626.85,0
SUP001,20150512,625.87,625.87,625.87,625.87,0
SUP001,20150513,619.07,619.07,619.07,619.07,0
SUP001,20150514,619.05,619.05,619.05,619.05,0
SUP001,20150515,624.07,624.07,624.07,624.07,0
SUP001,20150518,635.56,635.56,635.56,635.56,0
SUP001,20150519,636.48,636.48,636.48,636.48,0
SUP001,20150520,634.78,634.78,634.78,634.78,0
SUP001,20150521,639.06,639.06,639.06,639.06,0
SUP001,20150522,645.02,645.02,645.02,645.02,0
SUP001,20150525,645.02,645.02,645.02,645.02,0
SUP001,20150526,648.48,648.48,648.48,648.48,0
SUP001,20150527,646.12,646.12,646.12,646.12,0
SUP001,20150528,654.99,654.99,654.99,654.99,0
SUP001,20150529,654.05,654.05,654.05,654.05,0
SUP001,20150601,651.76,651.76,651.76,651.76,0
SUP001,20150602,648.99,648.99,648.99,648.99,0
SUP001,20150603,629.94,629.94,629.94,629.94,0
SUP001,20150605,630.22,630.22,630.22,630.22,0
SUP001,20150608,625.50,625.50,625.50,625.50,0
SUP001,20150609,619.40,619.40,619.40,619.40,0
SUP001,20150610,605.60,605.60,605.60,605.60,0
SUP001,20150611,601.45,601.45,601.45,601.45,0
SUP001,20150612,621.61,621.61,621.61,621.61,0
SUP001,20150615,617.13,617.13,617.13,617.13,0
SUP001,20150616,610.40,610.40,610.40,610.40,0
SUP001,20150617,608.81,608.81,608.81,608.81,0
SUP001,20150618,606.38,606.38,606.38,606.38,0
SUP001,20150622,609.46,609.46,609.46,609.46,0
SUP001,20150623,609.51,609.51,609.51,609.51,0
SUP001,20150624,612.95,612.95,612.95,612.95,0
SUP001,20150625,616.15,616.15,616.15,616.15,0
SUP001,20150626,610.64,610.64,610.64,610.64,0
SUP001,20150629,607.13,607.13,607.13,607.13,0
SUP001,20150630,594.11,594.11,594.11,594.11,0
SUP001,20150701,594.08,594.08,594.08,594.08,0
SUP001,20150702,595.59,595.59,595.59,595.59,0
SUP001,20150703,594.71,594.71,594.71,594.71,0
SUP001,20150706,595.87,595.87,595.87,595.87,0
SUP001,20150707,596.11,596.11,596.11,596.11,0
SUP001,20150708,601.34,601.34,601.34,601.34,0
SUP001,20150709,588.55,588.55,588.55,588.55,0
SUP001,20150710,592.98,592.98,592.98,592.98,0
SUP001,20150713,595.19,595.19,595.19,595.19,0
SUP001,20150714,599.67,599.67,599.67,599.67,0
SUP001,20150715,604.70,604.70,604.70,604.70,0
SUP001,20150716,608.89,608.89,608.89,608.89,0
SUP001,20150717,610.57,610.57,610.57,610.57,0
SUP001,20150720,615.89,615.89,615.89,615.89,0
SUP001,20150721,618.22,618.22,618.22,618.22,0
SUP001,20150722,618.85,618.85,618.85,618.85,0
SUP001,20150723,616.15,616.15,616.15,616.15,0
SUP001,20150724,617.50,617.50,617.50,617.50,0
SUP001,20150727,612.99,612.99,612.99,612.99,0
SUP001,20150728,607.78,607.78,607.78,607.78,0
SUP001,20150729,614.12,614.12,614.12,614.12,0
SUP001,20150730,617.47,617.47,617.47,617.47,0
SUP001,20150731,620.47,620.47,620.47,620.47,0
SUP001,20150803,620.41,620.41,620.41,620.41,0
SUP001,20150804,622.02,622.02,622.02,622.02,0
SUP001,20150805,621.06,621.06,621.06,621.06,0
SUP001,20150806,622.16,622.16,622.16,622.16,0
SUP001,20150807,618.66,618.66,618.66,618.66,0
SUP001,20150810,622.49,622.49,622.49,622.49,0
SUP001,20150811,627.44,627.44,627.44,627.44,0
SUP001,20150812,629.83,629.83,629.83,629.83,0
SUP001,20150813,622.97,622.97,622.97,622.97,0
SUP001,20150814,626.52,626.52,626.52,626.52,0
SUP001,20150817,622.84,622.84,622.84,622.84,0
SUP001,20150818,624.72,624.72,624.72,624.72,0
SUP001,20150819,621.23,621.23,621.23,621.23,0
SUP001,20150820,613.88,613.88,613.88,613.88,0
SUP001,20150821,608.48,608.48,608.48,608.48,0
SUP001,20150824,597.10,597.10,597.10,597.10,0
SUP001,20150825,591.40,591.40,591.40,591.40,0
SUP001,20150826,574.79,574.79,574.79,574.79,0
SUP001,20150827,583.67,583.67,583.67,583.67,0
SUP001,20150828,584.89,584.89,584.89,584.89,0
SUP001,20150831,581.88,581.88,581.88,581.88,0
SUP001,20150901,575.30,575.30,575.30,575.30,0
SUP001,20150902,580.02,580.02,580.02,580.02,0
SUP001,20150903,581.23,581.23,581.23,581.23,0
SUP001,20150904,576.48,576.48,576.48,576.48,0
SUP001,20150907,582.38,582.38,582.38,582.38,0
SUP001,20150908,582.59,582.59,582.59,582.59,0
SUP001,20150909,586.87,586.87,586.87,586.87,0
SUP001,20150910,589.62,589.62,589.62,589.62,0
SUP001,20150911,588.07,588.07,588.07,588.07,0
SUP001,20150914,588.90,588.90,588.90,588.90,0
SUP001,20150915,586.34,586.34,586.34,586.34,0
SUP001,20150916,585.79,585.79,585.79,585.79,0
SUP001,20150917,586.32,586.32,586.32,586.32,0
SUP001,20150918,584.52,584.52,584.52,584.52,0
SUP001,20150921,583.30,583.30,583.30,583.30,0
SUP001,20150922,586.62,586.62,586.62,586.62,0
SUP001,20150923,579.64,579.64,579.64,579.64,0
SUP001,20150924,578.41,578.41,578.41,578.41,0
SUP001,20150925,566.90,566.90,566.90,566.90,0
SUP001,20150928,566.66,566.66,566.66,566.66,0
SUP001,20150929,548.33,548.33,548.33,548.33,0
SUP001,20150930,547.11,547.11,547.11,547.11,0
SUP001,20151001,561.59,561.59,561.59,561.59,0
SUP001,20151002,567.33,567.33,567.33,567.33,0
SUP001,20151005,576.08,576.08,576.08,576.08,0
SUP001,20151006,574.34,574.34,574.34,574.34,0
SUP001,20151007,564.92,564.92,564.92,564.92,0
SUP001,20151008,561.18,561.18,561.18,561.18,0
SUP001,20151009,558.46,558.46,558.46,558.46,0
SUP001,20151012,554.35,554.35,554.35,554.35,0
SUP001,20151013,557.77,557.77,557.77,557.77,0
SUP001,20151014,559.91,559.91,559.91,559.91,0
SUP001,20151015,558.70,558.70,558.70,558.70,0
SUP001,20151016,566.41,566.41,566.41,566.41,0
SUP001,20151019,569.31,569.31,569.31,569.31,0
SUP001,20151020,574.79,574.79,574.79,574.79,0
SUP001,20151021,570.26,570.26,570.26,570.26,0
SUP001,20151022,571.27,571.27,571.27,571.27,0
SUP001,20151023,582.80,582.80,582.80,582.80,0
SUP001,20151026,593.34,593.34,593.34,593.34,0
SUP001,20151027,595.90,595.90,595.90,595.90,0
SUP001,20151028,599.13,599.13,599.13,599.13,0
SUP001,20151029,598.97,598.97,598.97,598.97,0
SUP001,20151030,596.77,596.77,596.77,596.77,0
SUP001,20151102,592.66,592.66,592.66,592.66,0
SUP001,20151103,590.23,590.23,590.23,590.23,0
SUP001,20151104,583.25,583.25,583.25,583.25,0
SUP001,20151105,592.67,592.67,592.67,592.67,0
SUP001,20151106,595.03,595.03,595.03,595.03,0
SUP001,20151109,599.16,599.16,599.16,599.16,0
SUP001,20151110,600.73,600.73,600.73,600.73,0
SUP001,20151112,613.65,613.65,613.65,613.65,0
SUP001,20151113,611.01,611.01,611.01,611.01,0
SUP001,20151116,606.34,606.34,606.34,606.34,0
SUP001,20151117,626.09,626.09,626.09,626.09,0
SUP001,20151118,636.21,636.21,636.21,636.21,0
SUP001,20151119,647.77,647.77,647.77,647.77,0
SUP001,20151120,655.16,655.16,655.16,655.16,0
SUP001,20151123,662.17,662.17,662.17,662.17,0
SUP001,20151124,654.28,654.28,654.28,654.28,0
SUP001,20151125,647.97,647.97,647.97,647.97,0
SUP001,20151126,656.15,656.15,656.15,656.15,0
SUP001,20151127,655.60,655.60,655.60,655.60,0
SUP001,20151130,666.04,666.04,666.04,666.04,0
SUP001,20151201,666.15,666.15,666.15,666.15,0
SUP001,20151202,670.86,670.86,670.86,670.86,0
SUP001,20151203,670.90,670.90,670.90,670.90,0
SUP001,20151204,648.42,648.42,648.42,648.42,0
SUP001,20151207,641.25,641.25,641.25,641.25,0
SUP001,20151208,660.23,660.23,660.23,660.23,0
SUP001,20151209,653.11,653.11,653.11,653.11,0
SUP001,20151210,657.69,657.69,657.69,657.69,0
SUP001,20151211,660.80,660.80,660.80,660.80,0
SUP001,20151214,662.68,662.68,662.68,662.68,0
SUP001,20151215,668.01,668.01,668.01,668.01,0
SUP001,20151216,660.50,660.50,660.50,660.50,0
SUP001,20151217,654.02,654.02,654.02,654.02,0
SUP001,20151218,657.66,657.66,657.66,657.66,0
SUP001,20151221,651.52,651.52,651.52,651.52,0
SUP001,20151222,643.16,643.16,643.16,643.16,0
SUP001,20151223,644.75,644.75,644.75,644.75,0
SUP001,20151228,639.46,639.46,639.46,639.46,0
SUP001,20151229,637.04,637.04,637.04,637.04,0
SUP001,20151230,626.54,626.54,626.54,626.54,0
SUP001,20160104,631.00,631.00,631.00,631.00,0
SUP001,20160105,633.49,633.49,633.49,633.49,0
SUP001,20160107,630.08,630.08,630.08,630.08,0
SUP001,20160108,624.11,624.11,624.11,624.11,0
SUP001,20160111,616.27,616.27,616.27,616.27,0
SUP001,20160112,626.71,626.71,626.71,626.71,0
SUP001,20160113,628.14,628.14,628.14,628.14,0
SUP001,20160114,633.65,633.65,633.65,633.65,0
SUP001,20160115,632.84,632.84,632.84,632.84,0
SUP001,20160118,635.94,635.94,635.94,635.94,0
SUP001,20160119,632.52,632.52,632.52,632.52,0
SUP001,20160120,635.73,635.73,635.73,635.73,0
SUP001,20160121,631.87,631.87,631.87,631.87,0
SUP001,20160122,625.66,625.66,625.66,625.66,0
SUP001,20160125,633.44,633.44,633.44,633.44,0
SUP001,20160126,634.16,634.16,634.16,634.16,0
SUP001,20160127,628.99,628.99,628.99,628.99,0
SUP001,20160128,622.00,622.00,622.00,622.00,0
SUP001,20160129,622.64,622.64,622.64,622.64,0
SUP001,20160201,628.54,628.54,628.54,628.54,0
SUP001,20160202,638.54,638.54,638.54,638.54,0
SUP001,20160203,643.48,643.48,643.48,643.48,0
SUP001,20160204,641.53,641.53,641.53,641.53,0
SUP001,20160205,636.22,636.22,636.22,636.22,0
SUP001,20160208,636.15,636.15,636.15,636.15,0
SUP001,20160209,643.45,643.45,643.45,643.45,0
SUP001,20160210,647.97,647.97,647.97,647.97,0
SUP001,20160211,649.48,649.48,649.48,649.48,0
SUP001,20160212,656.27,656.27,656.27,656.27,0
SUP001,20160215,640.98,640.98,640.98,640.98,0
SUP001,20160216,647.09,647.09,647.09,647.09,0
SUP001,20160217,643.01,643.01,643.01,643.01,0
SUP001,20160218,635.82,635.82,635.82,635.82,0
SUP001,20160219,639.99,639.99,639.99,639.99,0
SUP001,20160222,635.29,635.29,635.29,635.29,0
SUP001,20160223,632.99,632.99,632.99,632.99,0
SUP001,20160224,640.24,640.24,640.24,640.24,0
SUP001,20160225,645.73,645.73,645.73,645.73,0
SUP001,20160226,649.12,649.12,649.12,649.12,0
SUP001,20160229,643.36,643.36,643.36,643.36,0
SUP001,20160301,644.87,644.87,644.87,644.87,0
SUP001,20160302,639.15,639.15,639.15,639.15,0
SUP001,20160303,634.51,634.51,634.51,634.51,0
SUP001,20160304,637.34,637.34,637.34,637.34,0
SUP001,20160307,631.98,631.98,631.98,631.98,0
SUP001,20160308,629.92,629.92,629.92,629.92,0
SUP001,20160309,633.35,633.35,633.35,633.35,0
SUP001,20160310,631.35,631.35,631.35,631.35,0
SUP001,20160311,626.05,626.05,626.05,626.05,0
SUP001,20160314,635.66,635.66,635.66,635.66,0
SUP001,20160315,636.76,636.76,636.76,636.76,0
SUP001,20160316,635.34,635.34,635.34,635.34,0
SUP001,20160317,639.95,639.95,639.95,639.95,0
SUP001,20160318,650.09,650.09,650.09,650.09,0
SUP001,20160321,648.53,648.53,648.53,648.53,0
SUP001,20160322,649.41,649.41,649.41,649.41,0
SUP001,20160323,645.94,645.94,645.94,645.94,0
SUP001,20160324,644.41,644.41,644.41,644.41,0
SUP001,20160329,639.77,639.77,639.77,639.77,0
SUP001,20160330,646.36,646.36,646.36,646.36,0
SUP001,20160331,654.93,654.93,654.93,654.93,0
SUP001,20160401,650.41,650.41,650.41,650.41,0
SUP001,20160404,642.29,642.29,642.29,642.29,0
SUP001,20160405,646.19,646.19,646.19,646.19,0
SUP001,20160406,645.70,645.70,645.70,645.70,0
SUP001,20160407,651.84,651.84,651.84,651.84,0
SUP001,20160408,650.71,650.71,650.71,650.71,0
SUP001,20160411,647.17,647.17,647.17,647.17,0
SUP001,20160412,646.97,646.97,646.97,646.97,0
SUP001,20160413,644.75,644.75,644.75,644.75,0
SUP001,20160414,647.42,647.42,647.42,647.42,0
SUP001,20160415,639.80,639.80,639.80,639.80,0
SUP001,20160418,645.61,645.61,645.61,645.61,0
SUP001,20160419,644.24,644.24,644.24,644.24,0
SUP001,20160420,642.56,642.56,642.56,642.56,0
SUP001,20160421,636.76,636.76,636.76,636.76,0
SUP001,20160422,631.23,631.23,631.23,631.23,0
SUP001,20160425,626.47,626.47,626.47,626.47,0
SUP001,20160426,622.47,622.47,622.47,622.47,0
SUP001,20160427,616.97,616.97,616.97,616.97,0
SUP001,20160428,632.82,632.82,632.82,632.82,0
SUP001,20160429,634.12,634.12,634.12,634.12,0
SUP001,20160502,624.63,624.63,624.63,624.63,0
SUP001,20160504,613.75,613.75,613.75,613.75,0
SUP001,20160505,613.75,613.75,613.75,613.75,0
SUP001,20160506,597.82,597.82,597.82,597.82,0
SUP001,20160509,600.96,600.96,600.96,600.96,0
SUP001,20160510,607.19,607.19,607.19,607.19,0
SUP001,20160511,618.44,618.44,618.44,618.44,0
SUP001,20160512,615.03,615.03,615.03,615.03,0
SUP001,20160513,605.73,605.73,605.73,605.73,0
SUP001,20160516,604.54,604.54,604.54,604.54,0
SUP001,20160517,608.32,608.32,608.32,608.32,0
SUP001,20160518,608.91,608.91,608.91,608.91,0
SUP001,20160519,603.97,603.97,603.97,603.97,0
SUP001,20160520,602.48,602.48,602.48,602.48,0
SUP001,20160523,602.81,602.81,602.81,602.81,0
SUP001,20160524,602.87,602.87,602.87,602.87,0
SUP001,20160525,599.68,599.68,599.68,599.68,0
SUP001,20160527,602.89,602.89,602.89,602.89,0
SUP001,20160530,604.49,604.49,604.49,604.49,0
SUP001,20160531,600.95,600.95,600.95,600.95,0
SUP001,20160601,602.06,602.06,602.06,602.06,0
SUP001,20160602,601.64,601.64,601.64,601.64,0
SUP001,20160603,603.65,603.65,603.65,603.65,0
SUP001,20160606,597.29,597.29,597.29,597.29,0
SUP001,20160607,597.62,597.62,597.62,597.62,0
SUP001,20160608,597.40,597.40,597.40,597.40,0
SUP001,20160609,595.31,595.31,595.31,595.31,0
SUP001,20160610,594.88,594.88,594.88,594.88,0
SUP001,20160613,591.00,591.00,591.00,591.00,0
SUP001,20160614,579.72,579.72,579.72,579.72,0
SUP001,20160615,572.92,572.92,572.92,572.92,0
SUP001,20160616,575.72,575.72,575.72,575.72,0
SUP001,20160617,573.73,573.73,573.73,573.73,0
SUP001,20160620,571.75,571.75,571.75,571.75,0
SUP001,20160621,573.54,573.54,573.54,573.54,0
SUP001,20160622,571.95,571.95,571.95,571.95,0
SUP001,20160623,571.63,571.63,571.63,571.63,0
SUP001,20160624,571.78,571.78,571.78,571.78,0
SUP001,20160627,583.78,583.78,583.78,583.78,0
SUP001,20160628,583.69,583.69,583.69,583.69,0
SUP001,20160629,582.10,582.10,582.10,582.10,0
SUP001,20160630,582.05,582.05,582.05,582.05,0
SUP001,20160701,581.55,581.55,581.55,581.55,0
SUP001,20160704,582.67,582.67,582.67,582.67,0
SUP001,20160705,581.70,581.70,581.70,581.70,0
SUP001,20160706,583.24,583.24,583.24,583.24,0
SUP001,20160707,583.55,583.55,583.55,583.55,0
SUP001,20160708,583.70,583.70,583.70,583.70,0
SUP001,20160711,583.01,583.01,583.01,583.01,0
SUP001,20160712,584.54,584.54,584.54,584.54,0
SUP001,20160713,584.71,584.71,584.71,584.71,0
SUP001,20160714,586.66,586.66,586.66,586.66,0
SUP001,20160715,584.68,584.68,584.68,584.68,0
SUP001,20160718,581.64,581.64,581.64,581.64,0
SUP001,20160719,581.58,581.58,581.58,581.58,0
SUP001,20160720,582.34,582.34,582.34,582.34,0
SUP001,20160721,582.47,582.47,582.47,582.47,0
SUP001,20160722,579.55,579.55,579.55,579.55,0
SUP001,20160725,582.10,582.10,582.10,582.10,0
SUP001,20160726,583.33,583.33,583.33,583.33,0
SUP001,20160727,584.34,584.34,584.34,584.34,0
SUP001,20160728,590.59,590.59,590.59,590.59,0
SUP001,20160729,589.05,589.05,589.05,589.05,0
SUP001,20160801,590.13,590.13,590.13,590.13,0
SUP001,20160802,591.31,591.31,591.31,591.31,0
SUP001,20160803,582.91,582.91,582.91,582.91,0
SUP001,20160804,578.99,578.99,578.99,578.99,0
SUP001,20160805,582.40,582.40,582.40,582.40,0
SUP001,20160808,588.98,588.98,588.98,588.98,0
SUP001,20160809,590.06,590.06,590.06,590.06,0
SUP001,20160810,590.64,590.64,590.64,590.64,0
SUP001,20160811,591.12,591.12,591.12,591.12,0
SUP001,20160812,589.88,589.88,589.88,589.88,0
SUP001,20160816,590.03,590.03,590.03,590.03,0
SUP001,20160817,588.90,588.90,588.90,588.90,0
SUP001,20160818,588.26,588.26,588.26,588.26,0
SUP001,20160819,589.11,589.11,589.11,589.11,0
SUP001,20160822,586.32,586.32,586.32,586.32,0
SUP001,20160823,586.40,586.40,586.40,586.40,0
SUP001,20160824,588.26,588.26,588.26,588.26,0
SUP001,20160825,586.17,586.17,586.17,586.17,0
SUP001,20160826,585.94,585.94,585.94,585.94,0
SUP001,20160829,586.02,586.02,586.02,586.02,0
SUP001,20160830,584.75,584.75,584.75,584.75,0
SUP001,20160831,585.42,585.42,585.42,585.42,0
SUP001,20160901,584.64,584.64,584.64,584.64,0
SUP001,20160902,585.04,585.04,585.04,585.04,0
SUP001,20160905,585.01,585.01,585.01,585.01,0
SUP001,20160906,585.64,585.64,585.64,585.64,0
SUP001,20160907,587.47,587.47,587.47,587.47,0
SUP001,20160908,587.42,587.42,587.42,587.42,0
SUP001,20160909,587.63,587.63,587.63,587.63,0
SUP001,20160912,587.63,587.63,587.63,587.63,0
SUP001,20160913,586.06,586.06,586.06,586.06,0
SUP001,20160914,585.41,585.41,585.41,585.41,0
SUP001,20160915,584.22,584.22,584.22,584.22,0
SUP001,20160916,583.31,583.31,583.31,583.31,0
SUP001,20160919,581.95,581.95,581.95,581.95,0
SUP001,20160920,581.51,581.51,581.51,581.51,0
SUP001,20160921,581.52,581.52,581.52,581.52,0
SUP001,20160922,580.89,580.89,580.89,580.89,0
SUP001,20160923,583.26,583.26,583.26,583.26,0
SUP001,20160926,583.47,583.47,583.47,583.47,0
SUP001,20160927,582.05,582.05,582.05,582.05,0
SUP001,20160928,582.12,582.12,582.12,582.12,0
SUP001,20160929,582.48,582.48,582.48,582.48,0
SUP001,20160930,582.64,582.64,582.64,582.64,0
SUP001,20161003,580.72,580.72,580.72,580.72,0
SUP001,20161004,579.49,579.49,579.49,579.49,0
SUP001,20161005,578.74,578.74,578.74,578.74,0
SUP001,20161006,575.73,575.73,575.73,575.73,0
SUP001,20161007,573.92,573.92,573.92,573.92,0
SUP001,20161010,571.45,571.45,571.45,571.45,0
SUP001,20161011,570.53,570.53,570.53,570.53,0
SUP001,20161012,569.47,569.47,569.47,569.47,0
SUP001,20161013,568.69,568.69,568.69,568.69,0
SUP001,20161014,569.08,569.08,569.08,569.08,0
SUP001,20161017,567.88,567.88,567.88,567.88,0
SUP001,20161018,568.01,568.01,568.01,568.01,0
SUP001,20161019,568.73,568.73,568.73,568.73,0
SUP001,20161020,568.82,568.82,568.82,568.82,0
SUP001,20161021,570.26,570.26,570.26,570.26,0
SUP001,20161024,569.86,569.86,569.86,569.86,0
SUP001,20161025,568.67,568.67,568.67,568.67,0
SUP001,20161026,568.74,568.74,568.74,568.74,0
SUP001,20161027,567.95,567.95,567.95,567.95,0
SUP001,20161028,564.75,564.75,564.75,564.75,0
SUP001,20161031,564.54,564.54,564.54,564.54,0
SUP001,20161102,564.72,564.72,564.72,564.72,0
SUP001,20161103,563.78,563.78,563.78,563.78,0
SUP001,20161104,562.12,562.12,562.12,562.12,0
SUP001,20161107,562.31,562.31,562.31,562.31,0
SUP001,20161108,565.76,565.76,565.76,565.76,0
SUP001,20161109,566.85,566.85,566.85,566.85,0
SUP001,20161110,558.56,558.56,558.56,558.56,0
SUP001,20161114,561.20,561.20,561.20,561.20,0
SUP001,20161115,561.32,561.32,561.32,561.32,0
SUP001,20161116,561.77,561.77,561.77,561.77,0
SUP001,20161117,562.61,562.61,562.61,562.61,0
SUP001,20161118,563.50,563.50,563.50,563.50,0
SUP001,20161121,562.47,562.47,562.47,562.47,0
SUP001,20161122,561.14,561.14,561.14,561.14,0
SUP001,20161123,561.48,561.48,561.48,561.48,0
SUP001,20161124,560.71,560.71,560.71,560.71,0
SUP001,20161125,559.68,559.68,559.68,559.68,0
SUP001,20161128,560.74,560.74,560.74,560.74,0
SUP001,20161129,561.62,561.62,561.62,561.62,0
SUP001,20161130,562.82,562.82,562.82,562.82,0
SUP001,20161201,560.67,560.67,560.67,560.67,0
SUP001,20161202,560.87,560.87,560.87,560.87,0
SUP001,20161205,562.27,562.27,562.27,562.27,0
SUP001,20161206,562.78,562.78,562.78,562.78,0
SUP001,20161207,560.83,560.83,560.83,560.83,0
SUP001,20161208,564.12,564.12,564.12,564.12,0
SUP001,20161209,565.34,565.34,565.34,565.34,0
SUP001,20161212,564.62,564.62,564.62,564.62,0
SUP001,20161213,563.11,563.11,563.11,563.11,0
SUP001,20161214,564.13,564.13,564.13,564.13,0
SUP001,20161215,562.72,562.72,562.72,562.72,0
SUP001,20161216,562.53,562.53,562.53,562.53,0
SUP001,20161219,562.02,562.02,562.02,562.02,0
SUP001,20161220,562.03,562.03,562.03,562.03,0
SUP001,20161221,562.39,562.39,562.39,562.39,0
SUP001,20161222,560.97,560.97,560.97,560.97,0
SUP001,20161223,559.03,559.03,559.03,559.03,0
SUP001,20161227,559.18,559.18,559.18,559.18,0
SUP001,20161228,560.46,560.46,560.46,560.46,0
SUP001,20161229,558.58,558.58,558.58,558.58,0
SUP001,20161230,554.32,554.32,554.32,554.32,0
SUP001,20170102,552.25,552.25,552.25,552.25,0
SUP001,20170103,553.35,553.35,553.35,553.35,0
SUP001,20170104,558.42,558.42,558.42,558.42,0
SUP001,20170105,564.47,564.47,564.47,564.47,0
SUP001,20170109,563.09,563.09,563.09,563.09,0
SUP001,20170110,560.91,560.91,560.91,560.91,0
SUP001,20170111,560.44,560.44,560.44,560.44,0
SUP001,20170112,561.76,561.76,561.76,561.76,0
SUP001,20170113,559.69,559.69,559.69,559.69,0
SUP001,20170116,561.08,561.08,561.08,561.08,0
SUP001,20170117,561.95,561.95,561.95,561.95,0
SUP001,20170118,559.66,559.66,559.66,559.66,0
SUP001,20170119,558.97,558.97,558.97,558.97,0
SUP001,20170120,556.60,556.60,556.60,556.60,0
SUP001,20170123,556.46,556.46,556.46,556.46,0
SUP001,20170124,555.26,555.26,555.26,555.26,0
SUP001,20170125,555.82,555.82,555.82,555.82,0
SUP001,20170126,557.48,557.48,557.48,557.48,0
SUP001,20170127,559.53,559.53,559.53,559.53,0
SUP001,20170130,559.25,559.25,559.25,559.25,0
SUP001,20170131,555.47,555.47,555.47,555.47,0
SUP001,20170201,555.17,555.17,555.17,555.17,0
SUP001,20170202,557.48,557.48,557.48,557.48,0
SUP001,20170203,557.15,557.15,557.15,557.15,0
SUP001,20170206,557.63,557.63,557.63,557.63,0
SUP001,20170207,557.68,557.68,557.68,557.68,0
SUP001,20170208,558.07,558.07,558.07,558.07,0
SUP001,20170209,559.16,559.16,559.16,559.16,0
SUP001,20170210,560.75,560.75,560.75,560.75,0
SUP001,20170213,561.98,561.98,561.98,561.98,0
SUP001,20170214,562.90,562.90,562.90,562.90,0
SUP001,20170215,563.32,563.32,563.32,563.32,0
SUP001,20170216,565.54,565.54,565.54,565.54,0
SUP001,20170217,566.06,566.06,566.06,566.06,0
SUP001,20170220,566.60,566.60,566.60,566.60,0
SUP001,20170221,566.56,566.56,566.56,566.56,0
SUP001,20170222,567.50,567.50,567.50,567.50,0
SUP001,20170223,569.57,569.57,569.57,569.57,0
SUP001,20170224,567.58,567.58,567.58,567.58,0
SUP001,20170227,566.66,566.66,566.66,566.66,0
SUP001,20170228,562.87,562.87,562.87,562.87,0
SUP001,20170301,560.92,560.92,560.92,560.92,0
SUP001,20170302,562.36,562.36,562.36,562.36,0
SUP001,20170303,561.40,561.40,561.40,561.40,0
SUP001,20170306,554.54,554.54,554.54,554.54,0
SUP001,20170307,556.27,556.27,556.27,556.27,0
SUP001,20170308,561.86,561.86,561.86,561.86,0
SUP001,20170309,559.80,559.80,559.80,559.80,0
SUP001,20170310,556.68,556.68,556.68,556.68,0
SUP001,20170313,556.83,556.83,556.83,556.83,0
SUP001,20170314,560.28,560.28,560.28,560.28,0
SUP001,20170315,559.95,559.95,559.95,559.95,0
SUP001,20170316,565.17,565.17,565.17,565.17,0
SUP001,20170317,568.36,568.36,568.36,568.36,0
SUP001,20170320,568.12,568.12,568.12,568.12,0
SUP001,20170321,567.72,567.72,567.72,567.72,0
SUP001,20170322,566.92,566.92,566.92,566.92,0
SUP001,20170323,565.54,565.54,565.54,565.54,0
SUP001,20170324,567.39,567.39,567.39,567.39,0
SUP001,20170327,566.72,566.72,566.72,566.72,0
SUP001,20170328,566.39,566.39,566.39,566.39,0
SUP001,20170329,564.40,564.40,564.40,564.40,0
SUP001,20170330,565.09,565.09,565.09,565.09,0
SUP001,20170331,563.15,563.15,563.15,563.15,0
SUP001,20170403,563.48,563.48,563.48,563.48,0
SUP001,20170404,565.69,565.69,565.69,565.69,0
SUP001,20170405,566.91,566.91,566.91,566.91,0
SUP001,20170406,566.60,566.60,566.60,566.60,0
SUP001,20170407,565.37,565.37,565.37,565.37,0
SUP001,20170410,563.62,563.62,563.62,563.62,0
SUP001,20170411,561.58,561.58,561.58,561.58,0
SUP001,20170412,564.20,564.20,564.20,564.20,0
SUP001,20170413,564.61,564.61,564.61,564.61,0
SUP001,20170418,568.05,568.05,568.05,568.05,0
SUP001,20170419,564.02,564.02,564.02,564.02,0
SUP001,20170420,563.47,563.47,563.47,563.47,0
SUP001,20170421,561.57,561.57,561.57,561.57,0
SUP001,20170424,561.41,561.41,561.41,561.41,0
SUP001,20170425,554.27,554.27,554.27,554.27,0
SUP001,20170426,552.34,552.34,552.34,552.34,0
SUP001,20170427,556.42,556.42,556.42,556.42,0
SUP001,20170428,554.51,554.51,554.51,554.51,0
SUP001,20170502,553.44,553.44,553.44,553.44,0
SUP001,20170504,556.41,556.41,556.41,556.41,0
SUP001,20170505,555.12,555.12,555.12,555.12,0
SUP001,20170508,554.75,554.75,554.75,554.75,0
SUP001,20170509,554.17,554.17,554.17,554.17,0
SUP001,20170510,552.74,552.74,552.74,552.74,0
SUP001,20170511,550.36,550.36,550.36,550.36,0
SUP001,20170512,550.72,550.72,550.72,550.72,0
SUP001,20170515,556.66,556.66,556.66,556.66,0
SUP001,20170516,558.95,558.95,558.95,558.95,0
SUP001,20170517,560.45,560.45,560.45,560.45,0
SUP001,20170518,555.40,555.40,555.40,555.40,0
SUP001,20170519,551.41,551.41,551.41,551.41,0
SUP001,20170522,560.28,560.28,560.28,560.28,0
SUP001,20170523,562.36,562.36,562.36,562.36,0
SUP001,20170524,564.13,564.13,564.13,564.13,0
SUP001,20170525,564.25,564.25,564.25,564.25,0
SUP001,20170526,563.85,563.85,563.85,563.85,0
SUP001,20170529,568.97,568.97,568.97,568.97,0
SUP001,20170530,568.86,568.86,568.86,568.86,0
SUP001,20170531,568.09,568.09,568.09,568.09,0
SUP001,20170601,567.93,567.93,567.93,567.93,0
SUP001,20170602,567.85,567.85,567.85,567.85,0
SUP001,20170605,569.64,569.64,569.64,569.64,0
SUP001,20170606,575.39,575.39,575.39,575.39,0
SUP001,20170607,574.06,574.06,574.06,574.06,0
SUP001,20170608,572.37,572.37,572.37,572.37,0
SUP001,20170609,572.77,572.77,572.77,572.77,0
SUP001,20170612,571.00,571.00,571.00,571.00,0
SUP001,20170613,567.49,567.49,567.49,567.49,0
SUP001,20170614,570.58,570.58,570.58,570.58,0
SUP001,20170616,563.06,563.06,563.06,563.06,0
SUP001,20170619,564.50,564.50,564.50,564.50,0
SUP001,20170620,569.73,569.73,569.73,569.73,0
SUP001,20170621,570.17,570.17,570.17,570.17,0
SUP001,20170622,570.27,570.27,570.27,570.27,0
SUP001,20170623,570.47,570.47,570.47,570.47,0
SUP001,20170626,568.93,568.93,568.93,568.93,0
SUP001,20170627,568.88,568.88,568.88,568.88,0
SUP001,20170628,571.02,571.02,571.02,571.02,0
SUP001,20170629,568.73,568.73,568.73,568.73,0
SUP001,20170630,569.89,569.89,569.89,569.89,0
SUP001,20170703,569.20,569.20,569.20,569.20,0
SUP001,20170704,570.12,570.12,570.12,570.12,0
SUP001,20170705,569.80,569.80,569.80,569.80,0
SUP001,20170706,570.36,570.36,570.36,570.36,0
SUP001,20170707,569.59,569.59,569.59,569.59,0
SUP001,20170710,569.27,569.27,569.27,569.27,0
SUP001,20170711,569.81,569.81,569.81,569.81,0
SUP001,20170712,573.07,573.07,573.07,573.07,0
SUP001,20170713,571.52,571.52,571.52,571.52,0
SUP001,20170714,571.92,571.92,571.92,571.92,0
SUP001,20170717,574.61,574.61,574.61,574.61,0
SUP001,20170718,574.16,574.16,574.16,574.16,0
SUP001,20170719,573.49,573.49,573.49,573.49,0
SUP001,20170720,575.58,575.58,575.58,575.58,0
SUP001,20170721,575.38,575.38,575.38,575.38,0
SUP001,20170724,574.43,574.43,574.43,574.43,0
SUP001,20170725,574.09,574.09,574.09,574.09,0
SUP001,20170726,574.16,574.16,574.16,574.16,0
SUP001,20170727,582.49,582.49,582.49,582.49,0
SUP001,20170728,578.25,578.25,578.25,578.25,0
SUP001,20170731,571.95,571.95,571.95,571.95,0
SUP001,20170801,574.01,574.01,574.01,574.01,0
SUP001,20170802,575.00,575.00,575.00,575.00,0
SUP001,20170803,574.91,574.91,574.91,574.91,0
SUP001,20170804,572.89,572.89,572.89,572.89,0
SUP001,20170807,574.72,574.72,574.72,574.72,0
SUP001,20170808,574.77,574.77,574.77,574.77,0
SUP001,20170809,574.42,574.42,574.42,574.42,0
SUP001,20170810,570.46,570.46,570.46,570.46,0
SUP001,20170811,564.81,564.81,564.81,564.81,0
SUP001,20170814,558.91,558.91,558.91,558.91,0
SUP001,20170816,563.92,563.92,563.92,563.92,0
SUP001,20170817,569.34,569.34,569.34,569.34,0
SUP001,20170818,560.27,560.27,560.27,560.27,0
SUP001,20170821,559.88,559.88,559.88,559.88,0
SUP001,20170822,558.41,558.41,558.41,558.41,0
SUP001,20170823,562.45,562.45,562.45,562.45,0
SUP001,20170824,561.89,561.89,561.89,561.89,0
SUP001,20170825,561.57,561.57,561.57,561.57,0
SUP001,20170828,562.06,562.06,562.06,562.06,0
SUP001,20170829,563.17,563.17,563.17,563.17,0
SUP001,20170830,559.52,559.52,559.52,559.52,0
SUP001,20170831,559.89,559.89,559.89,559.89,0
SUP001,20170901,561.05,561.05,561.05,561.05,0
SUP001,20170904,559.45,559.45,559.45,559.45,0
SUP001,20170905,557.74,557.74,557.74,557.74,0
SUP001,20170906,561.45,561.45,561.45,561.45,0
SUP001,20170907,559.94,559.94,559.94,559.94,0
SUP001,20170908,560.91,560.91,560.91,560.91,0
SUP001,20170911,563.03,563.03,563.03,563.03,0
SUP001,20170912,561.32,561.32,561.32,561.32,0
SUP001,20170913,564.07,564.07,564.07,564.07,0
SUP001,20170914,560.88,560.88,560.88,560.88,0
SUP001,20170915,563.20,563.20,563.20,563.20,0
SUP001,20170918,560.14,560.14,560.14,560.14,0
SUP001,20170919,560.67,560.67,560.67,560.67,0
SUP001,20170920,560.95,560.95,560.95,560.95,0
SUP001,20170921,556.08,556.08,556.08,556.08,0
