Name,Date,Open,High,Low,Close,Volume
SUP007,20071024,1000.81,1000.81,1000.81,1000.81,0
SUP007,20071031,1001.68,1001.68,1001.68,1001.68,0
SUP007,20071105,1002.27,1002.27,1002.27,1002.27,0
SUP007,20071107,1002.50,1002.50,1002.50,1002.50,0
SUP007,20071114,1003.29,1003.29,1003.29,1003.29,0
SUP007,20071121,1004.09,1004.09,1004.09,1004.09,0
SUP007,20071128,1004.95,1004.95,1004.95,1004.95,0
SUP007,20071204,1005.65,1005.65,1005.65,1005.65,0
SUP007,20071205,1005.76,1005.76,1005.76,1005.76,0
SUP007,20071212,1006.35,1006.35,1006.35,1006.35,0
SUP007,20071219,1006.90,1006.90,1006.90,1006.90,0
SUP007,20071227,1007.61,1007.61,1007.61,1007.61,0
SUP007,20080102,1008.24,1008.24,1008.24,1008.24,0
SUP007,20080103,1008.36,1008.36,1008.36,1008.36,0
SUP007,20080109,1009.10,1009.10,1009.10,1009.10,0
SUP007,20080116,1009.93,1009.93,1009.93,1009.93,0
SUP007,20080123,1010.76,1010.76,1010.76,1010.76,0
SUP007,20080130,1011.56,1011.56,1011.56,1011.56,0
SUP007,20080204,1012.13,1012.13,1012.13,1012.13,0
SUP007,20080206,1012.39,1012.39,1012.39,1012.39,0
SUP007,20080213,1013.27,1013.27,1013.27,1013.27,0
SUP007,20080220,1014.16,1014.16,1014.16,1014.16,0
SUP007,20080227,1015.06,1015.06,1015.06,1015.06,0
SUP007,20080304,1015.78,1015.78,1015.78,1015.78,0
SUP007,20080305,1015.92,1015.92,1015.92,1015.92,0
SUP007,20080312,1016.87,1016.87,1016.87,1016.87,0
SUP007,20080319,1017.81,1017.81,1017.81,1017.81,0
SUP007,20080326,1018.72,1018.72,1018.72,1018.72,0
SUP007,20080402,1019.55,1019.55,1019.55,1019.55,0
SUP007,20080409,1020.56,1020.56,1020.56,1020.56,0
SUP007,20080416,1021.55,1021.55,1021.55,1021.55,0
SUP007,20080423,1022.56,1022.56,1022.56,1022.56,0
SUP007,20080430,1023.62,1023.62,1023.62,1023.62,0
SUP007,20080505,1024.35,1024.35,1024.35,1024.35,0
SUP007,20080507,1024.64,1024.64,1024.64,1024.64,0
SUP007,20080514,1025.62,1025.62,1025.62,1025.62,0
SUP007,20080521,1026.60,1026.60,1026.60,1026.60,0
SUP007,20080528,1027.56,1027.56,1027.56,1027.56,0
SUP007,20080604,1028.01,1028.01,1028.01,1028.01,0
SUP007,20080611,1029.04,1029.04,1029.04,1029.04,0
SUP007,20080618,1030.02,1030.02,1030.02,1030.02,0
SUP007,20080625,1031.02,1031.02,1031.02,1031.02,0
SUP007,20080702,1031.92,1031.92,1031.92,1031.92,0
SUP007,20080709,1032.93,1032.93,1032.93,1032.93,0
SUP007,20080716,1033.94,1033.94,1033.94,1033.94,0
SUP007,20080723,1034.99,1034.99,1034.99,1034.99,0
SUP007,20080730,1035.95,1035.95,1035.95,1035.95,0
SUP007,20080806,1036.97,1036.97,1036.97,1036.97,0
SUP007,20080813,1037.84,1037.84,1037.84,1037.84,0
SUP007,20080820,1043.38,1043.38,1043.38,1043.38,0
SUP007,20080827,1046.03,1046.03,1046.03,1046.03,0
SUP007,20080903,1052.22,1052.22,1052.22,1052.22,0
SUP007,20080910,1063.10,1063.10,1063.10,1063.10,0
SUP007,20080917,1051.25,1051.25,1051.25,1051.25,0
SUP007,20080924,1045.11,1045.11,1045.11,1045.11,0
SUP007,20081001,1054.50,1054.50,1054.50,1054.50,0
SUP007,20081008,1055.73,1055.73,1055.73,1055.73,0
SUP007,20081015,1054.34,1054.34,1054.34,1054.34,0
SUP007,20081022,1049.92,1049.92,1049.92,1049.92,0
SUP007,20081029,1041.44,1041.44,1041.44,1041.44,0
SUP007,20081105,1040.36,1040.36,1040.36,1040.36,0
SUP007,20081112,1044.70,1044.70,1044.70,1044.70,0
SUP007,20081119,1048.44,1048.44,1048.44,1048.44,0
SUP007,20081126,1051.25,1051.25,1051.25,1051.25,0
SUP007,20081203,1056.01,1056.01,1056.01,1056.01,0
SUP007,20081210,1058.31,1058.31,1058.31,1058.31,0
SUP007,20081217,1055.31,1055.31,1055.31,1055.31,0
SUP007,20081224,1056.39,1056.39,1056.39,1056.39,0
SUP007,20081231,1059.01,1059.01,1059.01,1059.01,0
SUP007,20090107,1059.78,1059.78,1059.78,1059.78,0
SUP007,20090114,1062.11,1062.11,1062.11,1062.11,0
SUP007,20090121,1063.84,1063.84,1063.84,1063.84,0
SUP007,20090128,1062.07,1062.07,1062.07,1062.07,0
SUP007,20090204,1064.78,1064.78,1064.78,1064.78,0
SUP007,20090211,1066.57,1066.57,1066.57,1066.57,0
SUP007,20090218,1062.10,1062.10,1062.10,1062.10,0
SUP007,20090225,1062.95,1062.95,1062.95,1062.95,0
SUP007,20090304,1063.36,1063.36,1063.36,1063.36,0
SUP007,20090311,1062.69,1062.69,1062.69,1062.69,0
SUP007,20090318,1065.79,1065.79,1065.79,1065.79,0
SUP007,20090325,1070.43,1070.43,1070.43,1070.43,0
SUP007,20090401,1070.73,1070.73,1070.73,1070.73,0
SUP007,20090408,1073.48,1073.48,1073.48,1073.48,0
SUP007,20090415,1074.63,1074.63,1074.63,1074.63,0
SUP007,20090422,1079.53,1079.53,1079.53,1079.53,0
SUP007,20090429,1082.31,1082.31,1082.31,1082.31,0
SUP007,20090506,1084.13,1084.13,1084.13,1084.13,0
SUP007,20090513,1084.26,1084.26,1084.26,1084.26,0
SUP007,20090520,1087.05,1087.05,1087.05,1087.05,0
SUP007,20090527,1087.49,1087.49,1087.49,1087.49,0
SUP007,20090603,1091.19,1091.19,1091.19,1091.19,0
SUP007,20090610,1093.13,1093.13,1093.13,1093.13,0
SUP007,20090617,1094.14,1094.14,1094.14,1094.14,0
SUP007,20090624,1096.42,1096.42,1096.42,1096.42,0
SUP007,20090701,1099.64,1099.64,1099.64,1099.64,0
SUP007,20090708,1104.01,1104.01,1104.01,1104.01,0
SUP007,20090715,1103.22,1103.22,1103.22,1103.22,0
SUP007,20090722,1107.12,1107.12,1107.12,1107.12,0
SUP007,20090729,1108.20,1108.20,1108.20,1108.20,0
SUP007,20090805,1110.24,1110.24,1110.24,1110.24,0
SUP007,20090812,1111.36,1111.36,1111.36,1111.36,0
SUP007,20090819,1112.49,1112.49,1112.49,1112.49,0
SUP007,20090826,1113.30,1113.30,1113.30,1113.30,0
SUP007,20090902,1115.90,1115.90,1115.90,1115.90,0
SUP007,20090909,1118.01,1118.01,1118.01,1118.01,0
SUP007,20090916,1117.41,1117.41,1117.41,1117.41,0
SUP007,20090923,1120.09,1120.09,1120.09,1120.09,0
SUP007,20090930,1120.89,1120.89,1120.89,1120.89,0
SUP007,20091007,1122.13,1122.13,1122.13,1122.13,0
SUP007,20091014,1122.18,1122.18,1122.18,1122.18,0
SUP007,20091021,1124.57,1124.57,1124.57,1124.57,0
SUP007,20091028,1125.15,1125.15,1125.15,1125.15,0
SUP007,20091104,1125.81,1125.81,1125.81,1125.81,0
SUP007,20091112,1127.37,1127.37,1127.37,1127.37,0
SUP007,20091118,1128.08,1128.08,1128.08,1128.08,0
SUP007,20091125,1129.89,1129.89,1129.89,1129.89,0
SUP007,20091202,1133.11,1133.11,1133.11,1133.11,0
SUP007,20091209,1133.93,1133.93,1133.93,1133.93,0
SUP007,20091216,1135.27,1135.27,1135.27,1135.27,0
SUP007,20091223,1137.25,1137.25,1137.25,1137.25,0
SUP007,20091230,1138.32,1138.32,1138.32,1138.32,0
SUP007,20100106,1139.65,1139.65,1139.65,1139.65,0
SUP007,20100113,1145.42,1145.42,1145.42,1145.42,0
SUP007,20100120,1147.87,1147.87,1147.87,1147.87,0
SUP007,20100127,1148.42,1148.42,1148.42,1148.42,0
SUP007,20100203,1150.38,1150.38,1150.38,1150.38,0
SUP007,20100210,1150.24,1150.24,1150.24,1150.24,0
SUP007,20100217,1152.11,1152.11,1152.11,1152.11,0
SUP007,20100224,1153.98,1153.98,1153.98,1153.98,0
SUP007,20100303,1155.51,1155.51,1155.51,1155.51,0
SUP007,20100310,1157.27,1157.27,1157.27,1157.27,0
SUP007,20100317,1161.61,1161.61,1161.61,1161.61,0
SUP007,20100324,1163.88,1163.88,1163.88,1163.88,0
SUP007,20100331,1165.96,1165.96,1165.96,1165.96,0
SUP007,20100407,1167.86,1167.86,1167.86,1167.86,0
SUP007,20100414,1169.31,1169.31,1169.31,1169.31,0
SUP007,20100421,1171.69,1171.69,1171.69,1171.69,0
SUP007,20100428,1170.13,1170.13,1170.13,1170.13,0
SUP007,20100505,1167.95,1167.95,1167.95,1167.95,0
SUP007,20100512,1172.78,1172.78,1172.78,1172.78,0
SUP007,20100519,1172.48,1172.48,1172.48,1172.48,0
SUP007,20100526,1169.13,1169.13,1169.13,1169.13,0
SUP007,20100602,1172.11,1172.11,1172.11,1172.11,0
SUP007,20100609,1171.55,1171.55,1171.55,1171.55,0
SUP007,20100616,1173.76,1173.76,1173.76,1173.76,0
SUP007,20100623,1172.26,1172.26,1172.26,1172.26,0
SUP007,20100630,1173.04,1173.04,1173.04,1173.04,0
SUP007,20100707,1176.66,1176.66,1176.66,1176.66,0
SUP007,20100714,1176.95,1176.95,1176.95,1176.95,0
SUP007,20100721,1176.80,1176.80,1176.80,1176.80,0
SUP007,20100728,1177.71,1177.71,1177.71,1177.71,0
SUP007,20100804,1177.80,1177.80,1177.80,1177.80,0
SUP007,20100811,1179.02,1179.02,1179.02,1179.02,0
SUP007,20100818,1180.07,1180.07,1180.07,1180.07,0
SUP007,20100825,1181.82,1181.82,1181.82,1181.82,0
SUP007,20100901,1182.80,1182.80,1182.80,1182.80,0
SUP007,20100908,1183.65,1183.65,1183.65,1183.65,0
SUP007,20100915,1184.67,1184.67,1184.67,1184.67,0
SUP007,20100922,1185.73,1185.73,1185.73,1185.73,0
SUP007,20100929,1187.13,1187.13,1187.13,1187.13,0
SUP007,20101006,1188.87,1188.87,1188.87,1188.87,0
SUP007,20101013,1191.45,1191.45,1191.45,1191.45,0
SUP007,20101020,1191.50,1191.50,1191.50,1191.50,0
SUP007,20101027,1192.19,1192.19,1192.19,1192.19,0
SUP007,20101103,1193.61,1193.61,1193.61,1193.61,0
SUP007,20101110,1195.74,1195.74,1195.74,1195.74,0
SUP007,20101117,1200.94,1200.94,1200.94,1200.94,0
SUP007,20101124,1201.48,1201.48,1201.48,1201.48,0
SUP007,20101201,1201.69,1201.69,1201.69,1201.69,0
SUP007,20101208,1202.89,1202.89,1202.89,1202.89,0
SUP007,20101215,1203.72,1203.72,1203.72,1203.72,0
SUP007,20101222,1205.31,1205.31,1205.31,1205.31,0
SUP007,20101229,1206.00,1206.00,1206.00,1206.00,0
SUP007,20110105,1206.42,1206.42,1206.42,1206.42,0
SUP007,20110112,1206.74,1206.74,1206.74,1206.74,0
SUP007,20110119,1207.97,1207.97,1207.97,1207.97,0
SUP007,20110126,1209.15,1209.15,1209.15,1209.15,0
SUP007,20110202,1210.21,1210.21,1210.21,1210.21,0
SUP007,20110209,1211.57,1211.57,1211.57,1211.57,0
SUP007,20110216,1212.51,1212.51,1212.51,1212.51,0
SUP007,20110223,1213.72,1213.72,1213.72,1213.72,0
SUP007,20110302,1214.65,1214.65,1214.65,1214.65,0
SUP007,20110309,1215.78,1215.78,1215.78,1215.78,0
SUP007,20110316,1216.74,1216.74,1216.74,1216.74,0
SUP007,20110323,1216.65,1216.65,1216.65,1216.65,0
SUP007,20110330,1217.76,1217.76,1217.76,1217.76,0
SUP007,20110406,1219.71,1219.71,1219.71,1219.71,0
SUP007,20110413,1220.69,1220.69,1220.69,1220.69,0
SUP007,20110420,1222.04,1222.04,1222.04,1222.04,0
SUP007,20110427,1223.00,1223.00,1223.00,1223.00,0
SUP007,20110504,1224.26,1224.26,1224.26,1224.26,0
SUP007,20110511,1225.77,1225.77,1225.77,1225.77,0
SUP007,20110518,1227.10,1227.10,1227.10,1227.10,0
SUP007,20110525,1228.02,1228.02,1228.02,1228.02,0
SUP007,20110601,1229.33,1229.33,1229.33,1229.33,0
SUP007,20110608,1231.28,1231.28,1231.28,1231.28,0
SUP007,20110615,1232.77,1232.77,1232.77,1232.77,0
SUP007,20110622,1234.67,1234.67,1234.67,1234.67,0
SUP007,20110629,1235.66,1235.66,1235.66,1235.66,0
SUP007,20110706,1237.50,1237.50,1237.50,1237.50,0
SUP007,20110713,1238.02,1238.02,1238.02,1238.02,0
SUP007,20110720,1239.23,1239.23,1239.23,1239.23,0
SUP007,20110727,1240.80,1240.80,1240.80,1240.80,0
SUP007,20110803,1242.63,1242.63,1242.63,1242.63,0
SUP007,20110810,1241.99,1241.99,1241.99,1241.99,0
SUP007,20110817,1240.36,1240.36,1240.36,1240.36,0
SUP007,20110824,1240.76,1240.76,1240.76,1240.76,0
SUP007,20110831,1242.62,1242.62,1242.62,1242.62,0
SUP007,20110907,1244.06,1244.06,1244.06,1244.06,0
SUP007,20110914,1244.53,1244.53,1244.53,1244.53,0
SUP007,20110921,1245.43,1245.43,1245.43,1245.43,0
SUP007,20110928,1245.53,1245.53,1245.53,1245.53,0
SUP007,20111005,1245.61,1245.61,1245.61,1245.61,0
SUP007,20111012,1248.15,1248.15,1248.15,1248.15,0
SUP007,20111019,1249.27,1249.27,1249.27,1249.27,0
SUP007,20111026,1250.92,1250.92,1250.92,1250.92,0
SUP007,20111102,1251.82,1251.82,1251.82,1251.82,0
SUP007,20111109,1253.92,1253.92,1253.92,1253.92,0
SUP007,20111116,1253.42,1253.42,1253.42,1253.42,0
SUP007,20111123,1253.83,1253.83,1253.83,1253.83,0
SUP007,20111130,1252.28,1252.28,1252.28,1252.28,0
SUP007,20111207,1256.51,1256.51,1256.51,1256.51,0
SUP007,20111214,1256.23,1256.23,1256.23,1256.23,0
SUP007,20111221,1258.92,1258.92,1258.92,1258.92,0
SUP007,20111228,1260.28,1260.28,1260.28,1260.28,0
SUP007,20120104,1261.82,1261.82,1261.82,1261.82,0
SUP007,20120111,1263.50,1263.50,1263.50,1263.50,0
SUP007,20120118,1265.12,1265.12,1265.12,1265.12,0
SUP007,20120125,1266.85,1266.85,1266.85,1266.85,0
SUP007,20120201,1269.16,1269.16,1269.16,1269.16,0
SUP007,20120208,1271.15,1271.15,1271.15,1271.15,0
SUP007,20120215,1272.58,1272.58,1272.58,1272.58,0
SUP007,20120222,1273.97,1273.97,1273.97,1273.97,0
SUP007,20120229,1275.52,1275.52,1275.52,1275.52,0
SUP007,20120307,1277.45,1277.45,1277.45,1277.45,0
SUP007,20120314,1280.03,1280.03,1280.03,1280.03,0
SUP007,20120321,1281.39,1281.39,1281.39,1281.39,0
SUP007,20120328,1282.74,1282.74,1282.74,1282.74,0
SUP007,20120404,1284.08,1284.08,1284.08,1284.08,0
SUP007,20120411,1285.57,1285.57,1285.57,1285.57,0
SUP007,20120418,1283.05,1283.05,1283.05,1283.05,0
SUP007,20120425,1284.82,1284.82,1284.82,1284.82,0
SUP007,20120502,1286.17,1286.17,1286.17,1286.17,0
SUP007,20120509,1287.97,1287.97,1287.97,1287.97,0
SUP007,20120516,1288.46,1288.46,1288.46,1288.46,0
SUP007,20120523,1288.51,1288.51,1288.51,1288.51,0
SUP007,20120530,1289.88,1289.88,1289.88,1289.88,0
SUP007,20120606,1291.24,1291.24,1291.24,1291.24,0
SUP007,20120611,1292.58,1292.58,1292.58,1292.58,0
SUP007,20120612,1292.76,1292.76,1292.76,1292.76,0
SUP007,20120613,1292.89,1292.89,1292.89,1292.89,0
SUP007,20120614,1293.02,1293.02,1293.02,1293.02,0
SUP007,20120615,1293.15,1293.15,1293.15,1293.15,0
SUP007,20120618,1293.68,1293.68,1293.68,1293.68,0
SUP007,20120619,1294.34,1294.34,1294.34,1294.34,0
SUP007,20120620,1294.47,1294.47,1294.47,1294.47,0
SUP007,20120621,1294.91,1294.91,1294.91,1294.91,0
SUP007,20120622,1295.65,1295.65,1295.65,1295.65,0
SUP007,20120625,1296.16,1296.16,1296.16,1296.16,0
SUP007,20120626,1296.68,1296.68,1296.68,1296.68,0
SUP007,20120627,1296.82,1296.82,1296.82,1296.82,0
SUP007,20120628,1296.94,1296.94,1296.94,1296.94,0
SUP007,20120629,1296.72,1296.72,1296.72,1296.72,0
SUP007,20120703,1298.66,1298.66,1298.66,1298.66,0
SUP007,20120704,1299.55,1299.55,1299.55,1299.55,0
SUP007,20120705,1300.21,1300.21,1300.21,1300.21,0
SUP007,20120706,1300.43,1300.43,1300.43,1300.43,0
SUP007,20120709,1301.06,1301.06,1301.06,1301.06,0
SUP007,20120710,1301.84,1301.84,1301.84,1301.84,0
SUP007,20120711,1302.51,1302.51,1302.51,1302.51,0
SUP007,20120712,1303.00,1303.00,1303.00,1303.00,0
SUP007,20120713,1303.80,1303.80,1303.80,1303.80,0
SUP007,20120716,1304.68,1304.68,1304.68,1304.68,0
SUP007,20120717,1305.42,1305.42,1305.42,1305.42,0
SUP007,20120718,1305.66,1305.66,1305.66,1305.66,0
SUP007,20120719,1306.42,1306.42,1306.42,1306.42,0
SUP007,20120720,1307.42,1307.42,1307.42,1307.42,0
SUP007,20120723,1307.35,1307.35,1307.35,1307.35,0
SUP007,20120724,1306.52,1306.52,1306.52,1306.52,0
SUP007,20120725,1305.66,1305.66,1305.66,1305.66,0
SUP007,20120726,1305.84,1305.84,1305.84,1305.84,0
SUP007,20120727,1305.87,1305.87,1305.87,1305.87,0
SUP007,20120730,1306.26,1306.26,1306.26,1306.26,0
SUP007,20120731,1306.98,1306.98,1306.98,1306.98,0
SUP007,20120801,1307.48,1307.48,1307.48,1307.48,0
SUP007,20120802,1307.93,1307.93,1307.93,1307.93,0
SUP007,20120803,1308.62,1308.62,1308.62,1308.62,0
SUP007,20120806,1309.42,1309.42,1309.42,1309.42,0
SUP007,20120807,1309.65,1309.65,1309.65,1309.65,0
SUP007,20120808,1309.57,1309.57,1309.57,1309.57,0
SUP007,20120809,1310.19,1310.19,1310.19,1310.19,0
SUP007,20120810,1310.27,1310.27,1310.27,1310.27,0
SUP007,20120813,1310.60,1310.60,1310.60,1310.60,0
SUP007,20120814,1311.12,1311.12,1311.12,1311.12,0
SUP007,20120816,1311.40,1311.40,1311.40,1311.40,0
SUP007,20120817,1312.00,1312.00,1312.00,1312.00,0
SUP007,20120820,1313.15,1313.15,1313.15,1313.15,0
SUP007,20120821,1312.74,1312.74,1312.74,1312.74,0
SUP007,20120822,1313.09,1313.09,1313.09,1313.09,0
SUP007,20120823,1313.49,1313.49,1313.49,1313.49,0
SUP007,20120824,1313.71,1313.71,1313.71,1313.71,0
SUP007,20120827,1314.23,1314.23,1314.23,1314.23,0
SUP007,20120828,1314.46,1314.46,1314.46,1314.46,0
SUP007,20120829,1314.51,1314.51,1314.51,1314.51,0
SUP007,20120830,1314.56,1314.56,1314.56,1314.56,0
SUP007,20120831,1314.30,1314.30,1314.30,1314.30,0
SUP007,20120903,1312.24,1312.24,1312.24,1312.24,0
SUP007,20120904,1312.73,1312.73,1312.73,1312.73,0
SUP007,20120905,1312.99,1312.99,1312.99,1312.99,0
SUP007,20120906,1312.63,1312.63,1312.63,1312.63,0
SUP007,20120907,1313.11,1313.11,1313.11,1313.11,0
SUP007,20120910,1313.43,1313.43,1313.43,1313.43,0
SUP007,20120911,1313.66,1313.66,1313.66,1313.66,0
SUP007,20120912,1313.14,1313.14,1313.14,1313.14,0
SUP007,20120913,1313.17,1313.17,1313.17,1313.17,0
SUP007,20120914,1313.33,1313.33,1313.33,1313.33,0
SUP007,20120917,1313.84,1313.84,1313.84,1313.84,0
SUP007,20120918,1313.94,1313.94,1313.94,1313.94,0
SUP007,20120919,1314.26,1314.26,1314.26,1314.26,0
SUP007,20120920,1314.78,1314.78,1314.78,1314.78,0
SUP007,20120921,1314.91,1314.91,1314.91,1314.91,0
SUP007,20120924,1315.20,1315.20,1315.20,1315.20,0
SUP007,20120925,1315.61,1315.61,1315.61,1315.61,0
SUP007,20120926,1315.90,1315.90,1315.90,1315.90,0
SUP007,20120927,1316.53,1316.53,1316.53,1316.53,0
SUP007,20120928,1316.73,1316.73,1316.73,1316.73,0
SUP007,20121001,1315.72,1315.72,1315.72,1315.72,0
SUP007,20121002,1316.39,1316.39,1316.39,1316.39,0
SUP007,20121003,1317.47,1317.47,1317.47,1317.47,0
SUP007,20121004,1318.61,1318.61,1318.61,1318.61,0
SUP007,20121005,1319.31,1319.31,1319.31,1319.31,0
SUP007,20121008,1320.10,1320.10,1320.10,1320.10,0
SUP007,20121009,1320.81,1320.81,1320.81,1320.81,0
SUP007,20121010,1321.19,1321.19,1321.19,1321.19,0
SUP007,20121011,1322.39,1322.39,1322.39,1322.39,0
SUP007,20121012,1323.44,1323.44,1323.44,1323.44,0
SUP007,20121015,1324.41,1324.41,1324.41,1324.41,0
SUP007,20121016,1323.57,1323.57,1323.57,1323.57,0
SUP007,20121017,1323.46,1323.46,1323.46,1323.46,0
SUP007,20121018,1323.88,1323.88,1323.88,1323.88,0
SUP007,20121019,1324.48,1324.48,1324.48,1324.48,0
SUP007,20121022,1326.17,1326.17,1326.17,1326.17,0
SUP007,20121023,1326.47,1326.47,1326.47,1326.47,0
SUP007,20121024,1326.66,1326.66,1326.66,1326.66,0
SUP007,20121025,1326.68,1326.68,1326.68,1326.68,0
SUP007,20121026,1326.48,1326.48,1326.48,1326.48,0
SUP007,20121029,1327.01,1327.01,1327.01,1327.01,0
SUP007,20121030,1327.10,1327.10,1327.10,1327.10,0
SUP007,20121031,1327.33,1327.33,1327.33,1327.33,0
SUP007,20121102,1328.02,1328.02,1328.02,1328.02,0
SUP007,20121105,1329.28,1329.28,1329.28,1329.28,0
SUP007,20121106,1330.30,1330.30,1330.30,1330.30,0
SUP007,20121107,1332.14,1332.14,1332.14,1332.14,0
SUP007,20121108,1332.89,1332.89,1332.89,1332.89,0
SUP007,20121109,1332.82,1332.82,1332.82,1332.82,0
SUP007,20121112,1333.71,1333.71,1333.71,1333.71,0
SUP007,20121113,1333.89,1333.89,1333.89,1333.89,0
SUP007,20121114,1334.05,1334.05,1334.05,1334.05,0
SUP007,20121115,1333.71,1333.71,1333.71,1333.71,0
SUP007,20121116,1333.75,1333.75,1333.75,1333.75,0
SUP007,20121119,1334.11,1334.11,1334.11,1334.11,0
SUP007,20121120,1334.40,1334.40,1334.40,1334.40,0
SUP007,20121121,1334.77,1334.77,1334.77,1334.77,0
SUP007,20121122,1335.67,1335.67,1335.67,1335.67,0
SUP007,20121123,1336.04,1336.04,1336.04,1336.04,0
SUP007,20121126,1336.91,1336.91,1336.91,1336.91,0
SUP007,20121127,1337.14,1337.14,1337.14,1337.14,0
SUP007,20121128,1337.29,1337.29,1337.29,1337.29,0
SUP007,20121129,1338.02,1338.02,1338.02,1338.02,0
SUP007,20121130,1338.46,1338.46,1338.46,1338.46,0
SUP007,20121203,1338.93,1338.93,1338.93,1338.93,0
SUP007,20121204,1339.23,1339.23,1339.23,1339.23,0
SUP007,20121205,1339.47,1339.47,1339.47,1339.47,0
SUP007,20121206,1340.10,1340.10,1340.10,1340.10,0
SUP007,20121207,1341.01,1341.01,1341.01,1341.01,0
SUP007,20121210,1342.05,1342.05,1342.05,1342.05,0
SUP007,20121211,1342.52,1342.52,1342.52,1342.52,0
SUP007,20121212,1343.93,1343.93,1343.93,1343.93,0
SUP007,20121213,1343.99,1343.99,1343.99,1343.99,0
SUP007,20121214,1343.72,1343.72,1343.72,1343.72,0
SUP007,20121217,1344.11,1344.11,1344.11,1344.11,0
SUP007,20121218,1344.51,1344.51,1344.51,1344.51,0
SUP007,20121219,1344.93,1344.93,1344.93,1344.93,0
SUP007,20121220,1345.27,1345.27,1345.27,1345.27,0
SUP007,20121221,1346.77,1346.77,1346.77,1346.77,0
SUP007,20121227,1347.27,1347.27,1347.27,1347.27,0
SUP007,20121228,1348.06,1348.06,1348.06,1348.06,0
SUP007,20130102,1348.71,1348.71,1348.71,1348.71,0
SUP007,20130103,1349.30,1349.30,1349.30,1349.30,0
SUP007,20130104,1349.12,1349.12,1349.12,1349.12,0
SUP007,20130107,1349.56,1349.56,1349.56,1349.56,0
SUP007,20130108,1349.73,1349.73,1349.73,1349.73,0
SUP007,20130109,1350.58,1350.58,1350.58,1350.58,0
SUP007,20130110,1350.86,1350.86,1350.86,1350.86,0
SUP007,20130111,1350.58,1350.58,1350.58,1350.58,0
SUP007,20130114,1350.29,1350.29,1350.29,1350.29,0
SUP007,20130115,1350.69,1350.69,1350.69,1350.69,0
SUP007,20130116,1350.51,1350.51,1350.51,1350.51,0
SUP007,20130117,1350.54,1350.54,1350.54,1350.54,0
SUP007,20130118,1350.93,1350.93,1350.93,1350.93,0
SUP007,20130121,1351.62,1351.62,1351.62,1351.62,0
SUP007,20130122,1351.87,1351.87,1351.87,1351.87,0
SUP007,20130123,1352.06,1352.06,1352.06,1352.06,0
SUP007,20130124,1353.19,1353.19,1353.19,1353.19,0
SUP007,20130125,1353.08,1353.08,1353.08,1353.08,0
SUP007,20130128,1353.45,1353.45,1353.45,1353.45,0
SUP007,20130129,1353.54,1353.54,1353.54,1353.54,0
SUP007,20130130,1353.26,1353.26,1353.26,1353.26,0
SUP007,20130131,1353.48,1353.48,1353.48,1353.48,0
SUP007,20130201,1353.53,1353.53,1353.53,1353.53,0
SUP007,20130204,1353.71,1353.71,1353.71,1353.71,0
SUP007,20130205,1354.02,1354.02,1354.02,1354.02,0
SUP007,20130206,1354.29,1354.29,1354.29,1354.29,0
SUP007,20130207,1354.51,1354.51,1354.51,1354.51,0
SUP007,20130208,1354.73,1354.73,1354.73,1354.73,0
SUP007,20130211,1355.17,1355.17,1355.17,1355.17,0
SUP007,20130212,1355.42,1355.42,1355.42,1355.42,0
SUP007,20130213,1355.46,1355.46,1355.46,1355.46,0
SUP007,20130214,1355.60,1355.60,1355.60,1355.60,0
SUP007,20130215,1355.69,1355.69,1355.69,1355.69,0
SUP007,20130218,1355.97,1355.97,1355.97,1355.97,0
SUP007,20130219,1356.25,1356.25,1356.25,1356.25,0
SUP007,20130220,1356.29,1356.29,1356.29,1356.29,0
SUP007,20130221,1356.81,1356.81,1356.81,1356.81,0
SUP007,20130222,1356.93,1356.93,1356.93,1356.93,0
SUP007,20130225,1357.14,1357.14,1357.14,1357.14,0
SUP007,20130226,1357.39,1357.39,1357.39,1357.39,0
SUP007,20130227,1357.66,1357.66,1357.66,1357.66,0
SUP007,20130228,1357.94,1357.94,1357.94,1357.94,0
SUP007,20130301,1357.32,1357.32,1357.32,1357.32,0
SUP007,20130304,1357.54,1357.54,1357.54,1357.54,0
SUP007,20130305,1358.25,1358.25,1358.25,1358.25,0
SUP007,20130306,1358.54,1358.54,1358.54,1358.54,0
SUP007,20130307,1359.72,1359.72,1359.72,1359.72,0
SUP007,20130308,1359.54,1359.54,1359.54,1359.54,0
SUP007,20130311,1360.16,1360.16,1360.16,1360.16,0
SUP007,20130312,1360.55,1360.55,1360.55,1360.55,0
SUP007,20130313,1360.68,1360.68,1360.68,1360.68,0
SUP007,20130314,1360.89,1360.89,1360.89,1360.89,0
SUP007,20130315,1361.09,1361.09,1361.09,1361.09,0
SUP007,20130318,1361.72,1361.72,1361.72,1361.72,0
SUP007,20130319,1361.76,1361.76,1361.76,1361.76,0
SUP007,20130320,1361.75,1361.75,1361.75,1361.75,0
SUP007,20130321,1361.60,1361.60,1361.60,1361.60,0
SUP007,20130322,1361.73,1361.73,1361.73,1361.73,0
SUP007,20130325,1361.00,1361.00,1361.00,1361.00,0
SUP007,20130326,1361.48,1361.48,1361.48,1361.48,0
SUP007,20130327,1361.85,1361.85,1361.85,1361.85,0
SUP007,20130328,1361.61,1361.61,1361.61,1361.61,0
SUP007,20130402,1362.16,1362.16,1362.16,1362.16,0
SUP007,20130403,1362.66,1362.66,1362.66,1362.66,0
SUP007,20130404,1363.10,1363.10,1363.10,1363.10,0
SUP007,20130405,1363.93,1363.93,1363.93,1363.93,0
SUP007,20130408,1364.80,1364.80,1364.80,1364.80,0
SUP007,20130409,1365.59,1365.59,1365.59,1365.59,0
SUP007,20130410,1365.89,1365.89,1365.89,1365.89,0
SUP007,20130411,1366.51,1366.51,1366.51,1366.51,0
SUP007,20130412,1367.21,1367.21,1367.21,1367.21,0
SUP007,20130415,1367.51,1367.51,1367.51,1367.51,0
SUP007,20130417,1367.65,1367.65,1367.65,1367.65,0
SUP007,20130418,1368.35,1368.35,1368.35,1368.35,0
SUP007,20130419,1368.50,1368.50,1368.50,1368.50,0
SUP007,20130422,1369.32,1369.32,1369.32,1369.32,0
SUP007,20130423,1370.12,1370.12,1370.12,1370.12,0
SUP007,20130424,1370.04,1370.04,1370.04,1370.04,0
SUP007,20130425,1370.58,1370.58,1370.58,1370.58,0
SUP007,20130426,1371.40,1371.40,1371.40,1371.40,0
SUP007,20130429,1372.36,1372.36,1372.36,1372.36,0
SUP007,20130430,1373.66,1373.66,1373.66,1373.66,0
SUP007,20130502,1375.12,1375.12,1375.12,1375.12,0
SUP007,20130506,1376.20,1376.20,1376.20,1376.20,0
SUP007,20130507,1376.44,1376.44,1376.44,1376.44,0
SUP007,20130508,1377.15,1377.15,1377.15,1377.15,0
SUP007,20130509,1377.52,1377.52,1377.52,1377.52,0
SUP007,20130510,1379.06,1379.06,1379.06,1379.06,0
SUP007,20130513,1379.45,1379.45,1379.45,1379.45,0
SUP007,20130514,1379.16,1379.16,1379.16,1379.16,0
SUP007,20130515,1378.94,1378.94,1378.94,1378.94,0
SUP007,20130516,1378.67,1378.67,1378.67,1378.67,0
SUP007,20130517,1379.02,1379.02,1379.02,1379.02,0
SUP007,20130520,1379.21,1379.21,1379.21,1379.21,0
SUP007,20130521,1379.45,1379.45,1379.45,1379.45,0
SUP007,20130522,1379.57,1379.57,1379.57,1379.57,0
SUP007,20130523,1379.37,1379.37,1379.37,1379.37,0
SUP007,20130524,1378.47,1378.47,1378.47,1378.47,0
SUP007,20130527,1378.67,1378.67,1378.67,1378.67,0
SUP007,20130528,1378.82,1378.82,1378.82,1378.82,0
SUP007,20130529,1378.77,1378.77,1378.77,1378.77,0
SUP007,20130531,1378.28,1378.28,1378.28,1378.28,0
SUP007,20130603,1378.25,1378.25,1378.25,1378.25,0
SUP007,20130604,1378.38,1378.38,1378.38,1378.38,0
SUP007,20130605,1378.61,1378.61,1378.61,1378.61,0
SUP007,20130606,1378.08,1378.08,1378.08,1378.08,0
SUP007,20130607,1377.48,1377.48,1377.48,1377.48,0
SUP007,20130610,1377.74,1377.74,1377.74,1377.74,0
SUP007,20130611,1376.79,1376.79,1376.79,1376.79,0
SUP007,20130612,1376.17,1376.17,1376.17,1376.17,0
SUP007,20130613,1376.35,1376.35,1376.35,1376.35,0
SUP007,20130614,1377.41,1377.41,1377.41,1377.41,0
SUP007,20130617,1377.39,1377.39,1377.39,1377.39,0
SUP007,20130618,1376.71,1376.71,1376.71,1376.71,0
SUP007,20130619,1377.21,1377.21,1377.21,1377.21,0
SUP007,20130620,1373.75,1373.75,1373.75,1373.75,0
SUP007,20130621,1371.33,1371.33,1371.33,1371.33,0
SUP007,20130624,1370.05,1370.05,1370.05,1370.05,0
SUP007,20130625,1368.27,1368.27,1368.27,1368.27,0
SUP007,20130626,1367.61,1367.61,1367.61,1367.61,0
SUP007,20130628,1369.75,1369.75,1369.75,1369.75,0
SUP007,20130702,1370.35,1370.35,1370.35,1370.35,0
SUP007,20130703,1370.83,1370.83,1370.83,1370.83,0
SUP007,20130704,1371.23,1371.23,1371.23,1371.23,0
SUP007,20130705,1373.58,1373.58,1373.58,1373.58,0
SUP007,20130708,1373.92,1373.92,1373.92,1373.92,0
SUP007,20130709,1374.30,1374.30,1374.30,1374.30,0
SUP007,20130710,1375.50,1375.50,1375.50,1375.50,0
SUP007,20130711,1375.56,1375.56,1375.56,1375.56,0
SUP007,20130712,1375.96,1375.96,1375.96,1375.96,0
SUP007,20130715,1375.81,1375.81,1375.81,1375.81,0
SUP007,20130716,1375.79,1375.79,1375.79,1375.79,0
SUP007,20130717,1375.48,1375.48,1375.48,1375.48,0
SUP007,20130718,1376.04,1376.04,1376.04,1376.04,0
SUP007,20130719,1376.28,1376.28,1376.28,1376.28,0
SUP007,20130722,1377.33,1377.33,1377.33,1377.33,0
SUP007,20130723,1377.79,1377.79,1377.79,1377.79,0
SUP007,20130724,1378.58,1378.58,1378.58,1378.58,0
SUP007,20130725,1379.00,1379.00,1379.00,1379.00,0
SUP007,20130726,1378.84,1378.84,1378.84,1378.84,0
SUP007,20130729,1379.34,1379.34,1379.34,1379.34,0
SUP007,20130730,1379.71,1379.71,1379.71,1379.71,0
SUP007,20130731,1380.00,1380.00,1380.00,1380.00,0
SUP007,20130801,1381.07,1381.07,1381.07,1381.07,0
SUP007,20130802,1381.14,1381.14,1381.14,1381.14,0
SUP007,20130805,1381.99,1381.99,1381.99,1381.99,0
SUP007,20130806,1382.31,1382.31,1382.31,1382.31,0
SUP007,20130807,1382.80,1382.80,1382.80,1382.80,0
SUP007,20130808,1382.24,1382.24,1382.24,1382.24,0
SUP007,20130809,1383.73,1383.73,1383.73,1383.73,0
SUP007,20130812,1384.19,1384.19,1384.19,1384.19,0
SUP007,20130813,1385.03,1385.03,1385.03,1385.03,0
SUP007,20130814,1385.59,1385.59,1385.59,1385.59,0
SUP007,20130816,1386.28,1386.28,1386.28,1386.28,0
SUP007,20130819,1386.04,1386.04,1386.04,1386.04,0
SUP007,20130820,1386.48,1386.48,1386.48,1386.48,0
SUP007,20130821,1386.20,1386.20,1386.20,1386.20,0
SUP007,20130822,1386.18,1386.18,1386.18,1386.18,0
SUP007,20130823,1386.44,1386.44,1386.44,1386.44,0
SUP007,20130826,1386.98,1386.98,1386.98,1386.98,0
SUP007,20130827,1386.85,1386.85,1386.85,1386.85,0
SUP007,20130828,1386.61,1386.61,1386.61,1386.61,0
SUP007,20130829,1386.46,1386.46,1386.46,1386.46,0
SUP007,20130830,1386.73,1386.73,1386.73,1386.73,0
SUP007,20130902,1387.06,1387.06,1387.06,1387.06,0
SUP007,20130903,1387.56,1387.56,1387.56,1387.56,0
SUP007,20130904,1388.16,1388.16,1388.16,1388.16,0
SUP007,20130905,1387.85,1387.85,1387.85,1387.85,0
SUP007,20130906,1386.80,1386.80,1386.80,1386.80,0
SUP007,20130909,1387.30,1387.30,1387.30,1387.30,0
SUP007,20130910,1387.96,1387.96,1387.96,1387.96,0
SUP007,20130911,1388.87,1388.87,1388.87,1388.87,0
SUP007,20130912,1389.31,1389.31,1389.31,1389.31,0
SUP007,20130913,1389.26,1389.26,1389.26,1389.26,0
SUP007,20130916,1389.49,1389.49,1389.49,1389.49,0
SUP007,20130917,1390.03,1390.03,1390.03,1390.03,0
SUP007,20130918,1389.96,1389.96,1389.96,1389.96,0
SUP007,20130919,1390.71,1390.71,1390.71,1390.71,0
SUP007,20130920,1391.68,1391.68,1391.68,1391.68,0
SUP007,20130923,1391.37,1391.37,1391.37,1391.37,0
SUP007,20130924,1391.63,1391.63,1391.63,1391.63,0
SUP007,20130925,1390.64,1390.64,1390.64,1390.64,0
SUP007,20130926,1391.55,1391.55,1391.55,1391.55,0
SUP007,20130927,1390.74,1390.74,1390.74,1390.74,0
SUP007,20130930,1392.05,1392.05,1392.05,1392.05,0
SUP007,20131001,1391.84,1391.84,1391.84,1391.84,0
SUP007,20131002,1392.30,1392.30,1392.30,1392.30,0
SUP007,20131003,1392.65,1392.65,1392.65,1392.65,0
SUP007,20131004,1392.29,1392.29,1392.29,1392.29,0
SUP007,20131007,1394.29,1394.29,1394.29,1394.29,0
SUP007,20131008,1394.52,1394.52,1394.52,1394.52,0
SUP007,20131009,1394.49,1394.49,1394.49,1394.49,0
SUP007,20131010,1395.29,1395.29,1395.29,1395.29,0
SUP007,20131011,1395.63,1395.63,1395.63,1395.63,0
SUP007,20131014,1396.49,1396.49,1396.49,1396.49,0
SUP007,20131015,1396.94,1396.94,1396.94,1396.94,0
SUP007,20131016,1397.67,1397.67,1397.67,1397.67,0
SUP007,20131017,1397.88,1397.88,1397.88,1397.88,0
SUP007,20131018,1398.61,1398.61,1398.61,1398.61,0
SUP007,20131021,1399.40,1399.40,1399.40,1399.40,0
SUP007,20131022,1399.26,1399.26,1399.26,1399.26,0
SUP007,20131023,1399.51,1399.51,1399.51,1399.51,0
SUP007,20131024,1399.80,1399.80,1399.80,1399.80,0
SUP007,20131025,1400.12,1400.12,1400.12,1400.12,0
SUP007,20131028,1400.25,1400.25,1400.25,1400.25,0
SUP007,20131029,1400.30,1400.30,1400.30,1400.30,0
SUP007,20131030,1400.15,1400.15,1400.15,1400.15,0
SUP007,20131031,1400.83,1400.83,1400.83,1400.83,0
SUP007,20131104,1401.37,1401.37,1401.37,1401.37,0
SUP007,20131105,1402.08,1402.08,1402.08,1402.08,0
SUP007,20131106,1402.24,1402.24,1402.24,1402.24,0
SUP007,20131107,1402.20,1402.20,1402.20,1402.20,0
SUP007,20131108,1402.90,1402.90,1402.90,1402.90,0
SUP007,20131112,1403.29,1403.29,1403.29,1403.29,0
SUP007,20131113,1402.96,1402.96,1402.96,1402.96,0
SUP007,20131114,1402.55,1402.55,1402.55,1402.55,0
SUP007,20131115,1402.95,1402.95,1402.95,1402.95,0
SUP007,20131118,1402.85,1402.85,1402.85,1402.85,0
SUP007,20131119,1403.16,1403.16,1403.16,1403.16,0
SUP007,20131120,1403.10,1403.10,1403.10,1403.10,0
SUP007,20131121,1403.30,1403.30,1403.30,1403.30,0
SUP007,20131122,1403.58,1403.58,1403.58,1403.58,0
SUP007,20131125,1404.13,1404.13,1404.13,1404.13,0
SUP007,20131126,1404.34,1404.34,1404.34,1404.34,0
SUP007,20131127,1404.38,1404.38,1404.38,1404.38,0
SUP007,20131128,1404.47,1404.47,1404.47,1404.47,0
SUP007,20131129,1405.35,1405.35,1405.35,1405.35,0
SUP007,20131202,1405.92,1405.92,1405.92,1405.92,0
SUP007,20131203,1406.01,1406.01,1406.01,1406.01,0
SUP007,20131204,1406.33,1406.33,1406.33,1406.33,0
SUP007,20131205,1407.01,1407.01,1407.01,1407.01,0
SUP007,20131206,1406.81,1406.81,1406.81,1406.81,0
SUP007,20131209,1407.46,1407.46,1407.46,1407.46,0
SUP007,20131210,1408.06,1408.06,1408.06,1408.06,0
SUP007,20131211,1408.38,1408.38,1408.38,1408.38,0
SUP007,20131212,1408.49,1408.49,1408.49,1408.49,0
SUP007,20131213,1408.41,1408.41,1408.41,1408.41,0
SUP007,20131216,1408.58,1408.58,1408.58,1408.58,0
SUP007,20131217,1408.88,1408.88,1408.88,1408.88,0
SUP007,20131218,1408.99,1408.99,1408.99,1408.99,0
SUP007,20131219,1409.72,1409.72,1409.72,1409.72,0
SUP007,20131220,1410.78,1410.78,1410.78,1410.78,0
SUP007,20131223,1411.67,1411.67,1411.67,1411.67,0
SUP007,20131227,1412.49,1412.49,1412.49,1412.49,0
SUP007,20131230,1413.21,1413.21,1413.21,1413.21,0
SUP007,20140102,1413.33,1413.33,1413.33,1413.33,0
SUP007,20140103,1413.74,1413.74,1413.74,1413.74,0
SUP007,20140107,1414.90,1414.90,1414.90,1414.90,0
SUP007,20140108,1415.37,1415.37,1415.37,1415.37,0
SUP007,20140109,1415.81,1415.81,1415.81,1415.81,0
SUP007,20140110,1416.09,1416.09,1416.09,1416.09,0
SUP007,20140113,1416.47,1416.47,1416.47,1416.47,0
SUP007,20140114,1416.79,1416.79,1416.79,1416.79,0
SUP007,20140115,1416.91,1416.91,1416.91,1416.91,0
SUP007,20140116,1417.21,1417.21,1417.21,1417.21,0
SUP007,20140117,1418.19,1418.19,1418.19,1418.19,0
SUP007,20140120,1417.87,1417.87,1417.87,1417.87,0
SUP007,20140121,1417.88,1417.88,1417.88,1417.88,0
SUP007,20140122,1418.13,1418.13,1418.13,1418.13,0
SUP007,20140123,1418.13,1418.13,1418.13,1418.13,0
SUP007,20140124,1417.65,1417.65,1417.65,1417.65,0
SUP007,20140127,1416.01,1416.01,1416.01,1416.01,0
SUP007,20140128,1416.43,1416.43,1416.43,1416.43,0
SUP007,20140129,1415.51,1415.51,1415.51,1415.51,0
SUP007,20140130,1415.11,1415.11,1415.11,1415.11,0
SUP007,20140131,1414.85,1414.85,1414.85,1414.85,0
SUP007,20140203,1414.64,1414.64,1414.64,1414.64,0
SUP007,20140204,1414.94,1414.94,1414.94,1414.94,0
SUP007,20140205,1415.11,1415.11,1415.11,1415.11,0
SUP007,20140206,1416.06,1416.06,1416.06,1416.06,0
SUP007,20140207,1416.39,1416.39,1416.39,1416.39,0
SUP007,20140210,1417.70,1417.70,1417.70,1417.70,0
SUP007,20140211,1418.21,1418.21,1418.21,1418.21,0
SUP007,20140212,1418.64,1418.64,1418.64,1418.64,0
SUP007,20140213,1418.63,1418.63,1418.63,1418.63,0
SUP007,20140214,1418.73,1418.73,1418.73,1418.73,0
SUP007,20140217,1419.62,1419.62,1419.62,1419.62,0
SUP007,20140218,1419.68,1419.68,1419.68,1419.68,0
SUP007,20140219,1419.89,1419.89,1419.89,1419.89,0
SUP007,20140220,1420.37,1420.37,1420.37,1420.37,0
SUP007,20140221,1420.62,1420.62,1420.62,1420.62,0
SUP007,20140224,1421.42,1421.42,1421.42,1421.42,0
SUP007,20140225,1421.81,1421.81,1421.81,1421.81,0
SUP007,20140226,1422.16,1422.16,1422.16,1422.16,0
SUP007,20140227,1422.54,1422.54,1422.54,1422.54,0
SUP007,20140228,1422.84,1422.84,1422.84,1422.84,0
SUP007,20140303,1423.87,1423.87,1423.87,1423.87,0
SUP007,20140304,1423.44,1423.44,1423.44,1423.44,0
SUP007,20140305,1424.44,1424.44,1424.44,1424.44,0
SUP007,20140306,1425.44,1425.44,1425.44,1425.44,0
SUP007,20140307,1425.51,1425.51,1425.51,1425.51,0
SUP007,20140310,1425.86,1425.86,1425.86,1425.86,0
SUP007,20140311,1426.15,1426.15,1426.15,1426.15,0
SUP007,20140312,1425.82,1425.82,1425.82,1425.82,0
SUP007,20140313,1425.33,1425.33,1425.33,1425.33,0
SUP007,20140314,1425.22,1425.22,1425.22,1425.22,0
SUP007,20140317,1425.20,1425.20,1425.20,1425.20,0
SUP007,20140318,1425.69,1425.69,1425.69,1425.69,0
SUP007,20140319,1426.38,1426.38,1426.38,1426.38,0
SUP007,20140320,1426.69,1426.69,1426.69,1426.69,0
SUP007,20140321,1426.80,1426.80,1426.80,1426.80,0
SUP007,20140324,1427.16,1427.16,1427.16,1427.16,0
SUP007,20140325,1427.45,1427.45,1427.45,1427.45,0
SUP007,20140326,1427.45,1427.45,1427.45,1427.45,0
SUP007,20140327,1427.54,1427.54,1427.54,1427.54,0
SUP007,20140328,1428.00,1428.00,1428.00,1428.00,0
SUP007,20140331,1428.26,1428.26,1428.26,1428.26,0
SUP007,20140401,1428.91,1428.91,1428.91,1428.91,0
SUP007,20140402,1429.52,1429.52,1429.52,1429.52,0
SUP007,20140403,1430.05,1430.05,1430.05,1430.05,0
SUP007,20140404,1430.29,1430.29,1430.29,1430.29,0
SUP007,20140407,1431.23,1431.23,1431.23,1431.23,0
SUP007,20140408,1431.62,1431.62,1431.62,1431.62,0
SUP007,20140409,1431.75,1431.75,1431.75,1431.75,0
SUP007,20140410,1432.30,1432.30,1432.30,1432.30,0
SUP007,20140411,1432.45,1432.45,1432.45,1432.45,0
SUP007,20140414,1432.83,1432.83,1432.83,1432.83,0
SUP007,20140415,1432.52,1432.52,1432.52,1432.52,0
SUP007,20140416,1432.47,1432.47,1432.47,1432.47,0
SUP007,20140417,1432.65,1432.65,1432.65,1432.65,0
SUP007,20140422,1433.52,1433.52,1433.52,1433.52,0
SUP007,20140423,1434.22,1434.22,1434.22,1434.22,0
SUP007,20140424,1434.76,1434.76,1434.76,1434.76,0
SUP007,20140425,1434.87,1434.87,1434.87,1434.87,0
SUP007,20140428,1435.23,1435.23,1435.23,1435.23,0
SUP007,20140429,1435.15,1435.15,1435.15,1435.15,0
SUP007,20140430,1435.38,1435.38,1435.38,1435.38,0
SUP007,20140502,1436.11,1436.11,1436.11,1436.11,0
SUP007,20140505,1436.78,1436.78,1436.78,1436.78,0
SUP007,20140506,1436.88,1436.88,1436.88,1436.88,0
SUP007,20140507,1437.40,1437.40,1437.40,1437.40,0
SUP007,20140508,1438.20,1438.20,1438.20,1438.20,0
SUP007,20140509,1439.22,1439.22,1439.22,1439.22,0
SUP007,20140512,1439.88,1439.88,1439.88,1439.88,0
SUP007,20140513,1440.49,1440.49,1440.49,1440.49,0
SUP007,20140514,1441.23,1441.23,1441.23,1441.23,0
SUP007,20140515,1441.15,1441.15,1441.15,1441.15,0
SUP007,20140516,1441.17,1441.17,1441.17,1441.17,0
SUP007,20140519,1441.40,1441.40,1441.40,1441.40,0
SUP007,20140520,1441.46,1441.46,1441.46,1441.46,0
SUP007,20140521,1441.30,1441.30,1441.30,1441.30,0
SUP007,20140522,1441.46,1441.46,1441.46,1441.46,0
SUP007,20140523,1441.55,1441.55,1441.55,1441.55,0
SUP007,20140526,1442.02,1442.02,1442.02,1442.02,0
SUP007,20140527,1442.26,1442.26,1442.26,1442.26,0
SUP007,20140528,1442.59,1442.59,1442.59,1442.59,0
SUP007,20140529,1443.30,1443.30,1443.30,1443.30,0
SUP007,20140530,1443.89,1443.89,1443.89,1443.89,0
SUP007,20140602,1444.47,1444.47,1444.47,1444.47,0
SUP007,20140603,1444.73,1444.73,1444.73,1444.73,0
SUP007,20140604,1445.06,1445.06,1445.06,1445.06,0
SUP007,20140605,1445.55,1445.55,1445.55,1445.55,0
SUP007,20140606,1446.06,1446.06,1446.06,1446.06,0
SUP007,20140609,1446.74,1446.74,1446.74,1446.74,0
SUP007,20140610,1448.14,1448.14,1448.14,1448.14,0
SUP007,20140611,1448.05,1448.05,1448.05,1448.05,0
SUP007,20140612,1448.18,1448.18,1448.18,1448.18,0
SUP007,20140613,1448.43,1448.43,1448.43,1448.43,0
SUP007,20140616,1448.27,1448.27,1448.27,1448.27,0
SUP007,20140617,1448.68,1448.68,1448.68,1448.68,0
SUP007,20140618,1448.68,1448.68,1448.68,1448.68,0
SUP007,20140620,1449.24,1449.24,1449.24,1449.24,0
SUP007,20140623,1449.17,1449.17,1449.17,1449.17,0
SUP007,20140624,1449.56,1449.56,1449.56,1449.56,0
SUP007,20140625,1449.76,1449.76,1449.76,1449.76,0
SUP007,20140626,1450.06,1450.06,1450.06,1450.06,0
SUP007,20140627,1449.87,1449.87,1449.87,1449.87,0
SUP007,20140630,1449.85,1449.85,1449.85,1449.85,0
SUP007,20140701,1449.89,1449.89,1449.89,1449.89,0
SUP007,20140702,1450.23,1450.23,1450.23,1450.23,0
SUP007,20140703,1450.53,1450.53,1450.53,1450.53,0
SUP007,20140704,1450.96,1450.96,1450.96,1450.96,0
SUP007,20140707,1451.44,1451.44,1451.44,1451.44,0
SUP007,20140708,1451.82,1451.82,1451.82,1451.82,0
SUP007,20140709,1451.82,1451.82,1451.82,1451.82,0
SUP007,20140710,1451.49,1451.49,1451.49,1451.49,0
SUP007,20140711,1450.90,1450.90,1450.90,1450.90,0
SUP007,20140714,1451.32,1451.32,1451.32,1451.32,0
SUP007,20140715,1451.10,1451.10,1451.10,1451.10,0
SUP007,20140716,1451.21,1451.21,1451.21,1451.21,0
SUP007,20140717,1451.62,1451.62,1451.62,1451.62,0
SUP007,20140718,1451.62,1451.62,1451.62,1451.62,0
SUP007,20140721,1451.61,1451.61,1451.61,1451.61,0
SUP007,20140722,1451.54,1451.54,1451.54,1451.54,0
SUP007,20140723,1451.80,1451.80,1451.80,1451.80,0
SUP007,20140724,1452.49,1452.49,1452.49,1452.49,0
SUP007,20140725,1452.71,1452.71,1452.71,1452.71,0
SUP007,20140728,1453.01,1453.01,1453.01,1453.01,0
SUP007,20140729,1452.83,1452.83,1452.83,1452.83,0
SUP007,20140730,1453.13,1453.13,1453.13,1453.13,0
SUP007,20140731,1452.99,1452.99,1452.99,1452.99,0
SUP007,20140801,1452.00,1452.00,1452.00,1452.00,0
SUP007,20140804,1451.24,1451.24,1451.24,1451.24,0
SUP007,20140805,1451.47,1451.47,1451.47,1451.47,0
SUP007,20140806,1450.73,1450.73,1450.73,1450.73,0
SUP007,20140807,1450.11,1450.11,1450.11,1450.11,0
SUP007,20140808,1449.99,1449.99,1449.99,1449.99,0
SUP007,20140811,1449.81,1449.81,1449.81,1449.81,0
SUP007,20140812,1450.50,1450.50,1450.50,1450.50,0
SUP007,20140813,1451.56,1451.56,1451.56,1451.56,0
SUP007,20140814,1452.51,1452.51,1452.51,1452.51,0
SUP007,20140818,1454.15,1454.15,1454.15,1454.15,0
SUP007,20140819,1455.10,1455.10,1455.10,1455.10,0
SUP007,20140820,1455.97,1455.97,1455.97,1455.97,0
SUP007,20140821,1456.42,1456.42,1456.42,1456.42,0
SUP007,20140822,1457.10,1457.10,1457.10,1457.10,0
SUP007,20140825,1457.26,1457.26,1457.26,1457.26,0
SUP007,20140826,1457.68,1457.68,1457.68,1457.68,0
SUP007,20140827,1458.21,1458.21,1458.21,1458.21,0
SUP007,20140828,1457.99,1457.99,1457.99,1457.99,0
SUP007,20140829,1457.86,1457.86,1457.86,1457.86,0
SUP007,20140901,1458.39,1458.39,1458.39,1458.39,0
SUP007,20140902,1457.91,1457.91,1457.91,1457.91,0
SUP007,20140903,1458.11,1458.11,1458.11,1458.11,0
SUP007,20140904,1458.49,1458.49,1458.49,1458.49,0
SUP007,20140905,1458.51,1458.51,1458.51,1458.51,0
SUP007,20140908,1459.10,1459.10,1459.10,1459.10,0
SUP007,20140909,1458.97,1458.97,1458.97,1458.97,0
SUP007,20140910,1458.29,1458.29,1458.29,1458.29,0
SUP007,20140911,1458.52,1458.52,1458.52,1458.52,0
SUP007,20140912,1458.55,1458.55,1458.55,1458.55,0
SUP007,20140915,1459.05,1459.05,1459.05,1459.05,0
SUP007,20140916,1458.91,1458.91,1458.91,1458.91,0
SUP007,20140917,1458.72,1458.72,1458.72,1458.72,0
SUP007,20140918,1459.83,1459.83,1459.83,1459.83,0
SUP007,20140919,1460.00,1460.00,1460.00,1460.00,0
SUP007,20140922,1460.31,1460.31,1460.31,1460.31,0
SUP007,20140923,1460.44,1460.44,1460.44,1460.44,0
SUP007,20140924,1460.20,1460.20,1460.20,1460.20,0
SUP007,20140925,1460.21,1460.21,1460.21,1460.21,0
SUP007,20140926,1459.89,1459.89,1459.89,1459.89,0
SUP007,20140929,1459.33,1459.33,1459.33,1459.33,0
SUP007,20140930,1458.16,1458.16,1458.16,1458.16,0
SUP007,20141001,1458.46,1458.46,1458.46,1458.46,0
SUP007,20141002,1459.02,1459.02,1459.02,1459.02,0
SUP007,20141003,1459.03,1459.03,1459.03,1459.03,0
SUP007,20141006,1459.89,1459.89,1459.89,1459.89,0
SUP007,20141007,1460.52,1460.52,1460.52,1460.52,0
SUP007,20141008,1460.51,1460.51,1460.51,1460.51,0
SUP007,20141009,1460.27,1460.27,1460.27,1460.27,0
SUP007,20141010,1460.41,1460.41,1460.41,1460.41,0
SUP007,20141013,1459.63,1459.63,1459.63,1459.63,0
SUP007,20141014,1458.98,1458.98,1458.98,1458.98,0
SUP007,20141015,1458.42,1458.42,1458.42,1458.42,0
SUP007,20141016,1457.45,1457.45,1457.45,1457.45,0
SUP007,20141017,1456.41,1456.41,1456.41,1456.41,0
SUP007,20141020,1458.51,1458.51,1458.51,1458.51,0
SUP007,20141021,1458.97,1458.97,1458.97,1458.97,0
SUP007,20141022,1459.99,1459.99,1459.99,1459.99,0
SUP007,20141023,1460.69,1460.69,1460.69,1460.69,0
SUP007,20141024,1461.15,1461.15,1461.15,1461.15,0
SUP007,20141027,1461.43,1461.43,1461.43,1461.43,0
SUP007,20141028,1461.67,1461.67,1461.67,1461.67,0
SUP007,20141029,1461.92,1461.92,1461.92,1461.92,0
SUP007,20141030,1461.74,1461.74,1461.74,1461.74,0
SUP007,20141031,1461.56,1461.56,1461.56,1461.56,0
SUP007,20141103,1462.62,1462.62,1462.62,1462.62,0
SUP007,20141104,1462.47,1462.47,1462.47,1462.47,0
SUP007,20141105,1462.01,1462.01,1462.01,1462.01,0
SUP007,20141106,1462.92,1462.92,1462.92,1462.92,0
SUP007,20141107,1462.80,1462.80,1462.80,1462.80,0
SUP007,20141110,1463.78,1463.78,1463.78,1463.78,0
SUP007,20141112,1464.37,1464.37,1464.37,1464.37,0
SUP007,20141113,1464.62,1464.62,1464.62,1464.62,0
SUP007,20141114,1464.59,1464.59,1464.59,1464.59,0
SUP007,20141117,1463.65,1463.65,1463.65,1463.65,0
SUP007,20141118,1463.48,1463.48,1463.48,1463.48,0
SUP007,20141119,1464.20,1464.20,1464.20,1464.20,0
SUP007,20141120,1464.42,1464.42,1464.42,1464.42,0
SUP007,20141121,1464.13,1464.13,1464.13,1464.13,0
SUP007,20141124,1465.01,1465.01,1465.01,1465.01,0
SUP007,20141125,1465.57,1465.57,1465.57,1465.57,0
SUP007,20141126,1466.28,1466.28,1466.28,1466.28,0
SUP007,20141127,1466.57,1466.57,1466.57,1466.57,0
SUP007,20141128,1467.06,1467.06,1467.06,1467.06,0
SUP007,20141201,1467.67,1467.67,1467.67,1467.67,0
SUP007,20141202,1467.32,1467.32,1467.32,1467.32,0
SUP007,20141203,1467.05,1467.05,1467.05,1467.05,0
SUP007,20141204,1467.39,1467.39,1467.39,1467.39,0
SUP007,20141205,1467.71,1467.71,1467.71,1467.71,0
SUP007,20141208,1467.95,1467.95,1467.95,1467.95,0
SUP007,20141209,1467.94,1467.94,1467.94,1467.94,0
SUP007,20141210,1466.87,1466.87,1466.87,1466.87,0
SUP007,20141211,1466.13,1466.13,1466.13,1466.13,0
SUP007,20141212,1465.53,1465.53,1465.53,1465.53,0
SUP007,20141215,1464.94,1464.94,1464.94,1464.94,0
SUP007,20141216,1464.47,1464.47,1464.47,1464.47,0
SUP007,20141217,1462.63,1462.63,1462.63,1462.63,0
SUP007,20141218,1462.98,1462.98,1462.98,1462.98,0
SUP007,20141219,1463.84,1463.84,1463.84,1463.84,0
SUP007,20141222,1464.20,1464.20,1464.20,1464.20,0
SUP007,20141223,1464.31,1464.31,1464.31,1464.31,0
SUP007,20141229,1465.03,1465.03,1465.03,1465.03,0
SUP007,20141230,1465.19,1465.19,1465.19,1465.19,0
SUP007,20150102,1465.40,1465.40,1465.40,1465.40,0
SUP007,20150105,1466.34,1466.34,1466.34,1466.34,0
SUP007,20150107,1465.71,1465.71,1465.71,1465.71,0
SUP007,20150108,1466.18,1466.18,1466.18,1466.18,0
SUP007,20150109,1466.72,1466.72,1466.72,1466.72,0
SUP007,20150112,1467.50,1467.50,1467.50,1467.50,0
SUP007,20150113,1467.62,1467.62,1467.62,1467.62,0
SUP007,20150114,1467.74,1467.74,1467.74,1467.74,0
SUP007,20150115,1467.74,1467.74,1467.74,1467.74,0
SUP007,20150116,1467.70,1467.70,1467.70,1467.70,0
SUP007,20150119,1467.90,1467.90,1467.90,1467.90,0
SUP007,20150120,1467.95,1467.95,1467.95,1467.95,0
SUP007,20150121,1468.94,1468.94,1468.94,1468.94,0
SUP007,20150122,1468.95,1468.95,1468.95,1468.95,0
SUP007,20150123,1470.46,1470.46,1470.46,1470.46,0
SUP007,20150126,1472.08,1472.08,1472.08,1472.08,0
SUP007,20150127,1472.45,1472.45,1472.45,1472.45,0
SUP007,20150128,1472.50,1472.50,1472.50,1472.50,0
SUP007,20150129,1473.02,1473.02,1473.02,1473.02,0
SUP007,20150130,1473.00,1473.00,1473.00,1473.00,0
SUP007,20150202,1473.69,1473.69,1473.69,1473.69,0
SUP007,20150203,1473.86,1473.86,1473.86,1473.86,0
SUP007,20150204,1474.74,1474.74,1474.74,1474.74,0
SUP007,20150205,1475.63,1475.63,1475.63,1475.63,0
SUP007,20150206,1475.88,1475.88,1475.88,1475.88,0
SUP007,20150209,1476.45,1476.45,1476.45,1476.45,0
SUP007,20150210,1476.28,1476.28,1476.28,1476.28,0
SUP007,20150211,1476.45,1476.45,1476.45,1476.45,0
SUP007,20150212,1476.77,1476.77,1476.77,1476.77,0
SUP007,20150213,1477.41,1477.41,1477.41,1477.41,0
SUP007,20150216,1478.51,1478.51,1478.51,1478.51,0
SUP007,20150217,1478.57,1478.57,1478.57,1478.57,0
SUP007,20150218,1478.72,1478.72,1478.72,1478.72,0
SUP007,20150219,1479.47,1479.47,1479.47,1479.47,0
SUP007,20150220,1479.64,1479.64,1479.64,1479.64,0
SUP007,20150223,1480.28,1480.28,1480.28,1480.28,0
SUP007,20150224,1480.65,1480.65,1480.65,1480.65,0
SUP007,20150225,1481.36,1481.36,1481.36,1481.36,0
SUP007,20150226,1481.85,1481.85,1481.85,1481.85,0
SUP007,20150227,1482.75,1482.75,1482.75,1482.75,0
SUP007,20150302,1484.09,1484.09,1484.09,1484.09,0
SUP007,20150303,1484.65,1484.65,1484.65,1484.65,0
SUP007,20150304,1484.74,1484.74,1484.74,1484.74,0
SUP007,20150305,1484.87,1484.87,1484.87,1484.87,0
SUP007,20150306,1485.61,1485.61,1485.61,1485.61,0
SUP007,20150309,1485.62,1485.62,1485.62,1485.62,0
SUP007,20150310,1485.21,1485.21,1485.21,1485.21,0
SUP007,20150311,1484.67,1484.67,1484.67,1484.67,0
SUP007,20150312,1485.77,1485.77,1485.77,1485.77,0
SUP007,20150313,1486.04,1486.04,1486.04,1486.04,0
SUP007,20150316,1486.50,1486.50,1486.50,1486.50,0
SUP007,20150317,1486.29,1486.29,1486.29,1486.29,0
SUP007,20150318,1486.04,1486.04,1486.04,1486.04,0
SUP007,20150319,1486.36,1486.36,1486.36,1486.36,0
SUP007,20150320,1486.54,1486.54,1486.54,1486.54,0
SUP007,20150323,1487.33,1487.33,1487.33,1487.33,0
SUP007,20150324,1487.66,1487.66,1487.66,1487.66,0
SUP007,20150325,1487.68,1487.68,1487.68,1487.68,0
SUP007,20150326,1487.48,1487.48,1487.48,1487.48,0
SUP007,20150327,1487.46,1487.46,1487.46,1487.46,0
SUP007,20150330,1488.21,1488.21,1488.21,1488.21,0
SUP007,20150331,1488.73,1488.73,1488.73,1488.73,0
SUP007,20150401,1488.86,1488.86,1488.86,1488.86,0
SUP007,20150402,1489.74,1489.74,1489.74,1489.74,0
SUP007,20150407,1490.34,1490.34,1490.34,1490.34,0
SUP007,20150408,1491.63,1491.63,1491.63,1491.63,0
SUP007,20150409,1491.56,1491.56,1491.56,1491.56,0
SUP007,20150410,1492.07,1492.07,1492.07,1492.07,0
SUP007,20150413,1492.54,1492.54,1492.54,1492.54,0
SUP007,20150414,1492.83,1492.83,1492.83,1492.83,0
SUP007,20150415,1492.54,1492.54,1492.54,1492.54,0
SUP007,20150416,1492.72,1492.72,1492.72,1492.72,0
SUP007,20150417,1492.49,1492.49,1492.49,1492.49,0
SUP007,20150420,1492.47,1492.47,1492.47,1492.47,0
SUP007,20150421,1492.67,1492.67,1492.67,1492.67,0
SUP007,20150422,1492.94,1492.94,1492.94,1492.94,0
SUP007,20150423,1493.19,1493.19,1493.19,1493.19,0
SUP007,20150424,1493.29,1493.29,1493.29,1493.29,0
SUP007,20150427,1493.70,1493.70,1493.70,1493.70,0
SUP007,20150428,1493.93,1493.93,1493.93,1493.93,0
SUP007,20150429,1494.57,1494.57,1494.57,1494.57,0
SUP007,20150430,1494.80,1494.80,1494.80,1494.80,0
SUP007,20150504,1495.70,1495.70,1495.70,1495.70,0
SUP007,20150505,1496.55,1496.55,1496.55,1496.55,0
SUP007,20150506,1497.01,1497.01,1497.01,1497.01,0
SUP007,20150507,1496.65,1496.65,1496.65,1496.65,0
SUP007,20150508,1496.30,1496.30,1496.30,1496.30,0
SUP007,20150511,1496.82,1496.82,1496.82,1496.82,0
SUP007,20150512,1497.14,1497.14,1497.14,1497.14,0
SUP007,20150513,1497.49,1497.49,1497.49,1497.49,0
SUP007,20150514,1497.59,1497.59,1497.59,1497.59,0
SUP007,20150515,1497.62,1497.62,1497.62,1497.62,0
SUP007,20150518,1497.93,1497.93,1497.93,1497.93,0
SUP007,20150519,1498.01,1498.01,1498.01,1498.01,0
SUP007,20150520,1498.18,1498.18,1498.18,1498.18,0
SUP007,20150521,1498.38,1498.38,1498.38,1498.38,0
SUP007,20150522,1498.44,1498.44,1498.44,1498.44,0
SUP007,20150525,1498.52,1498.52,1498.52,1498.52,0
SUP007,20150526,1498.75,1498.75,1498.75,1498.75,0
SUP007,20150527,1498.44,1498.44,1498.44,1498.44,0
SUP007,20150528,1498.76,1498.76,1498.76,1498.76,0
SUP007,20150529,1498.81,1498.81,1498.81,1498.81,0
SUP007,20150601,1499.08,1499.08,1499.08,1499.08,0
SUP007,20150602,1499.25,1499.25,1499.25,1499.25,0
SUP007,20150603,1499.75,1499.75,1499.75,1499.75,0
SUP007,20150605,1499.46,1499.46,1499.46,1499.46,0
SUP007,20150608,1500.15,1500.15,1500.15,1500.15,0
SUP007,20150609,1500.27,1500.27,1500.27,1500.27,0
SUP007,20150610,1500.06,1500.06,1500.06,1500.06,0
SUP007,20150611,1500.19,1500.19,1500.19,1500.19,0
SUP007,20150612,1499.90,1499.90,1499.90,1499.90,0
SUP007,20150615,1499.97,1499.97,1499.97,1499.97,0
SUP007,20150616,1499.34,1499.34,1499.34,1499.34,0
SUP007,20150617,1498.92,1498.92,1498.92,1498.92,0
SUP007,20150618,1499.19,1499.19,1499.19,1499.19,0
SUP007,20150622,1499.99,1499.99,1499.99,1499.99,0
SUP007,20150623,1500.00,1500.00,1500.00,1500.00,0
SUP007,20150624,1500.85,1500.85,1500.85,1500.85,0
SUP007,20150625,1500.91,1500.91,1500.91,1500.91,0
SUP007,20150626,1501.29,1501.29,1501.29,1501.29,0
SUP007,20150629,1501.15,1501.15,1501.15,1501.15,0
SUP007,20150630,1500.08,1500.08,1500.08,1500.08,0
SUP007,20150701,1499.88,1499.88,1499.88,1499.88,0
SUP007,20150702,1500.49,1500.49,1500.49,1500.49,0
SUP007,20150703,1500.65,1500.65,1500.65,1500.65,0
SUP007,20150706,1501.16,1501.16,1501.16,1501.16,0
SUP007,20150707,1500.71,1500.71,1500.71,1500.71,0
SUP007,20150708,1500.44,1500.44,1500.44,1500.44,0
SUP007,20150709,1500.26,1500.26,1500.26,1500.26,0
SUP007,20150710,1500.80,1500.80,1500.80,1500.80,0
SUP007,20150713,1501.49,1501.49,1501.49,1501.49,0
SUP007,20150714,1501.88,1501.88,1501.88,1501.88,0
SUP007,20150715,1501.85,1501.85,1501.85,1501.85,0
SUP007,20150716,1502.38,1502.38,1502.38,1502.38,0
SUP007,20150717,1502.43,1502.43,1502.43,1502.43,0
SUP007,20150720,1502.83,1502.83,1502.83,1502.83,0
SUP007,20150721,1502.94,1502.94,1502.94,1502.94,0
SUP007,20150722,1502.83,1502.83,1502.83,1502.83,0
SUP007,20150723,1503.00,1503.00,1503.00,1503.00,0
SUP007,20150724,1502.87,1502.87,1502.87,1502.87,0
SUP007,20150727,1503.13,1503.13,1503.13,1503.13,0
SUP007,20150728,1502.64,1502.64,1502.64,1502.64,0
SUP007,20150729,1502.68,1502.68,1502.68,1502.68,0
SUP007,20150730,1503.01,1503.01,1503.01,1503.01,0
SUP007,20150731,1503.15,1503.15,1503.15,1503.15,0
SUP007,20150803,1504.03,1504.03,1504.03,1504.03,0
SUP007,20150804,1503.85,1503.85,1503.85,1503.85,0
SUP007,20150805,1504.12,1504.12,1504.12,1504.12,0
SUP007,20150806,1504.24,1504.24,1504.24,1504.24,0
SUP007,20150807,1504.67,1504.67,1504.67,1504.67,0
SUP007,20150810,1504.81,1504.81,1504.81,1504.81,0
SUP007,20150811,1504.84,1504.84,1504.84,1504.84,0
SUP007,20150812,1504.28,1504.28,1504.28,1504.28,0
SUP007,20150813,1504.06,1504.06,1504.06,1504.06,0
SUP007,20150814,1504.45,1504.45,1504.45,1504.45,0
SUP007,20150817,1504.66,1504.66,1504.66,1504.66,0
SUP007,20150818,1504.70,1504.70,1504.70,1504.70,0
SUP007,20150819,1504.72,1504.72,1504.72,1504.72,0
SUP007,20150820,1504.76,1504.76,1504.76,1504.76,0
SUP007,20150821,1504.55,1504.55,1504.55,1504.55,0
SUP007,20150824,1504.38,1504.38,1504.38,1504.38,0
SUP007,20150825,1504.27,1504.27,1504.27,1504.27,0
SUP007,20150826,1504.45,1504.45,1504.45,1504.45,0
SUP007,20150827,1504.55,1504.55,1504.55,1504.55,0
SUP007,20150828,1504.84,1504.84,1504.84,1504.84,0
SUP007,20150831,1505.07,1505.07,1505.07,1505.07,0
SUP007,20150901,1504.77,1504.77,1504.77,1504.77,0
SUP007,20150902,1504.83,1504.83,1504.83,1504.83,0
SUP007,20150903,1504.82,1504.82,1504.82,1504.82,0
SUP007,20150904,1504.94,1504.94,1504.94,1504.94,0
SUP007,20150907,1505.40,1505.40,1505.40,1505.40,0
SUP007,20150908,1505.50,1505.50,1505.50,1505.50,0
SUP007,20150909,1505.46,1505.46,1505.46,1505.46,0
SUP007,20150910,1505.54,1505.54,1505.54,1505.54,0
SUP007,20150911,1505.26,1505.26,1505.26,1505.26,0
SUP007,20150914,1505.49,1505.49,1505.49,1505.49,0
SUP007,20150915,1505.64,1505.64,1505.64,1505.64,0
SUP007,20150916,1505.68,1505.68,1505.68,1505.68,0
SUP007,20150917,1505.75,1505.75,1505.75,1505.75,0
SUP007,20150918,1505.96,1505.96,1505.96,1505.96,0
SUP007,20150921,1506.11,1506.11,1506.11,1506.11,0
SUP007,20150922,1506.19,1506.19,1506.19,1506.19,0
SUP007,20150923,1506.29,1506.29,1506.29,1506.29,0
SUP007,20150924,1506.46,1506.46,1506.46,1506.46,0
SUP007,20150925,1506.45,1506.45,1506.45,1506.45,0
SUP007,20150928,1506.65,1506.65,1506.65,1506.65,0
SUP007,20150929,1506.62,1506.62,1506.62,1506.62,0
SUP007,20150930,1506.58,1506.58,1506.58,1506.58,0
SUP007,20151001,1506.78,1506.78,1506.78,1506.78,0
SUP007,20151002,1506.91,1506.91,1506.91,1506.91,0
SUP007,20151005,1507.47,1507.47,1507.47,1507.47,0
SUP007,20151006,1507.66,1507.66,1507.66,1507.66,0
SUP007,20151007,1507.78,1507.78,1507.78,1507.78,0
SUP007,20151008,1508.05,1508.05,1508.05,1508.05,0
SUP007,20151009,1508.10,1508.10,1508.10,1508.10,0
SUP007,20151012,1508.43,1508.43,1508.43,1508.43,0
SUP007,20151013,1508.53,1508.53,1508.53,1508.53,0
SUP007,20151014,1508.50,1508.50,1508.50,1508.50,0
SUP007,20151015,1508.63,1508.63,1508.63,1508.63,0
SUP007,20151016,1508.67,1508.67,1508.67,1508.67,0
SUP007,20151019,1508.91,1508.91,1508.91,1508.91,0
SUP007,20151020,1509.09,1509.09,1509.09,1509.09,0
SUP007,20151021,1509.20,1509.20,1509.20,1509.20,0
SUP007,20151022,1509.28,1509.28,1509.28,1509.28,0
SUP007,20151023,1509.40,1509.40,1509.40,1509.40,0
SUP007,20151026,1509.71,1509.71,1509.71,1509.71,0
SUP007,20151027,1509.91,1509.91,1509.91,1509.91,0
SUP007,20151028,1510.09,1510.09,1510.09,1510.09,0
SUP007,20151029,1510.30,1510.30,1510.30,1510.30,0
SUP007,20151030,1510.36,1510.36,1510.36,1510.36,0
SUP007,20151102,1510.56,1510.56,1510.56,1510.56,0
SUP007,20151103,1510.70,1510.70,1510.70,1510.70,0
SUP007,20151104,1510.82,1510.82,1510.82,1510.82,0
SUP007,20151105,1511.06,1511.06,1511.06,1511.06,0
SUP007,20151106,1511.19,1511.19,1511.19,1511.19,0
SUP007,20151109,1511.38,1511.38,1511.38,1511.38,0
SUP007,20151110,1511.41,1511.41,1511.41,1511.41,0
SUP007,20151112,1511.52,1511.52,1511.52,1511.52,0
SUP007,20151113,1511.74,1511.74,1511.74,1511.74,0
SUP007,20151116,1512.17,1512.17,1512.17,1512.17,0
SUP007,20151117,1512.20,1512.20,1512.20,1512.20,0
SUP007,20151118,1512.23,1512.23,1512.23,1512.23,0
SUP007,20151119,1512.39,1512.39,1512.39,1512.39,0
SUP007,20151120,1512.52,1512.52,1512.52,1512.52,0
SUP007,20151123,1512.79,1512.79,1512.79,1512.79,0
SUP007,20151124,1512.89,1512.89,1512.89,1512.89,0
SUP007,20151125,1512.91,1512.91,1512.91,1512.91,0
SUP007,20151126,1513.05,1513.05,1513.05,1513.05,0
SUP007,20151127,1513.14,1513.14,1513.14,1513.14,0
SUP007,20151130,1513.24,1513.24,1513.24,1513.24,0
SUP007,20151201,1513.30,1513.30,1513.30,1513.30,0
SUP007,20151202,1513.44,1513.44,1513.44,1513.44,0
SUP007,20151203,1513.66,1513.66,1513.66,1513.66,0
SUP007,20151204,1513.60,1513.60,1513.60,1513.60,0
SUP007,20151207,1513.89,1513.89,1513.89,1513.89,0
SUP007,20151208,1513.94,1513.94,1513.94,1513.94,0
SUP007,20151209,1513.87,1513.87,1513.87,1513.87,0
SUP007,20151210,1513.92,1513.92,1513.92,1513.92,0
SUP007,20151211,1513.92,1513.92,1513.92,1513.92,0
SUP007,20151214,1513.93,1513.93,1513.93,1513.93,0
SUP007,20151215,1513.79,1513.79,1513.79,1513.79,0
SUP007,20151216,1513.84,1513.84,1513.84,1513.84,0
SUP007,20151217,1514.00,1514.00,1514.00,1514.00,0
SUP007,20151218,1514.11,1514.11,1514.11,1514.11,0
SUP007,20151221,1514.44,1514.44,1514.44,1514.44,0
SUP007,20151222,1514.53,1514.53,1514.53,1514.53,0
SUP007,20151223,1514.59,1514.59,1514.59,1514.59,0
SUP007,20151228,1515.03,1515.03,1515.03,1515.03,0
SUP007,20151229,1515.20,1515.20,1515.20,1515.20,0
SUP007,20151230,1515.46,1515.46,1515.46,1515.46,0
SUP007,20160104,1515.82,1515.82,1515.82,1515.82,0
SUP007,20160105,1516.18,1516.18,1516.18,1516.18,0
SUP007,20160107,1516.69,1516.69,1516.69,1516.69,0
SUP007,20160108,1516.85,1516.85,1516.85,1516.85,0
SUP007,20160111,1517.18,1517.18,1517.18,1517.18,0
SUP007,20160112,1517.23,1517.23,1517.23,1517.23,0
SUP007,20160113,1517.06,1517.06,1517.06,1517.06,0
SUP007,20160114,1517.01,1517.01,1517.01,1517.01,0
SUP007,20160115,1516.88,1516.88,1516.88,1516.88,0
SUP007,20160118,1516.71,1516.71,1516.71,1516.71,0
SUP007,20160119,1516.78,1516.78,1516.78,1516.78,0
SUP007,20160120,1516.75,1516.75,1516.75,1516.75,0
SUP007,20160121,1516.65,1516.65,1516.65,1516.65,0
SUP007,20160122,1516.81,1516.81,1516.81,1516.81,0
SUP007,20160125,1517.14,1517.14,1517.14,1517.14,0
SUP007,20160126,1517.09,1517.09,1517.09,1517.09,0
SUP007,20160127,1517.06,1517.06,1517.06,1517.06,0
SUP007,20160128,1517.25,1517.25,1517.25,1517.25,0
SUP007,20160129,1517.38,1517.38,1517.38,1517.38,0
SUP007,20160201,1517.41,1517.41,1517.41,1517.41,0
SUP007,20160202,1517.17,1517.17,1517.17,1517.17,0
SUP007,20160203,1517.17,1517.17,1517.17,1517.17,0
SUP007,20160204,1517.16,1517.16,1517.16,1517.16,0
SUP007,20160205,1517.42,1517.42,1517.42,1517.42,0
SUP007,20160208,1517.69,1517.69,1517.69,1517.69,0
SUP007,20160209,1517.62,1517.62,1517.62,1517.62,0
SUP007,20160210,1517.73,1517.73,1517.73,1517.73,0
SUP007,20160211,1517.71,1517.71,1517.71,1517.71,0
SUP007,20160212,1517.61,1517.61,1517.61,1517.61,0
SUP007,20160215,1517.63,1517.63,1517.63,1517.63,0
SUP007,20160216,1517.77,1517.77,1517.77,1517.77,0
SUP007,20160217,1517.77,1517.77,1517.77,1517.77,0
SUP007,20160218,1517.96,1517.96,1517.96,1517.96,0
SUP007,20160219,1518.10,1518.10,1518.10,1518.10,0
SUP007,20160222,1518.02,1518.02,1518.02,1518.02,0
SUP007,20160223,1518.12,1518.12,1518.12,1518.12,0
SUP007,20160224,1518.35,1518.35,1518.35,1518.35,0
SUP007,20160225,1518.47,1518.47,1518.47,1518.47,0
SUP007,20160226,1518.34,1518.34,1518.34,1518.34,0
SUP007,20160229,1518.25,1518.25,1518.25,1518.25,0
SUP007,20160301,1517.92,1517.92,1517.92,1517.92,0
SUP007,20160302,1518.17,1518.17,1518.17,1518.17,0
SUP007,20160303,1518.09,1518.09,1518.09,1518.09,0
SUP007,20160304,1518.18,1518.18,1518.18,1518.18,0
SUP007,20160307,1518.53,1518.53,1518.53,1518.53,0
SUP007,20160308,1518.80,1518.80,1518.80,1518.80,0
SUP007,20160309,1518.75,1518.75,1518.75,1518.75,0
SUP007,20160310,1518.80,1518.80,1518.80,1518.80,0
SUP007,20160311,1519.21,1519.21,1519.21,1519.21,0
SUP007,20160314,1518.83,1518.83,1518.83,1518.83,0
SUP007,20160315,1518.94,1518.94,1518.94,1518.94,0
SUP007,20160316,1519.21,1519.21,1519.21,1519.21,0
SUP007,20160317,1519.34,1519.34,1519.34,1519.34,0
SUP007,20160318,1518.88,1518.88,1518.88,1518.88,0
SUP007,20160321,1519.10,1519.10,1519.10,1519.10,0
SUP007,20160322,1519.11,1519.11,1519.11,1519.11,0
SUP007,20160323,1519.15,1519.15,1519.15,1519.15,0
SUP007,20160324,1519.47,1519.47,1519.47,1519.47,0
SUP007,20160329,1519.67,1519.67,1519.67,1519.67,0
SUP007,20160330,1519.70,1519.70,1519.70,1519.70,0
SUP007,20160331,1520.09,1520.09,1520.09,1520.09,0
SUP007,20160401,1519.42,1519.42,1519.42,1519.42,0
SUP007,20160404,1519.67,1519.67,1519.67,1519.67,0
SUP007,20160405,1519.94,1519.94,1519.94,1519.94,0
SUP007,20160406,1520.01,1520.01,1520.01,1520.01,0
SUP007,20160407,1520.19,1520.19,1520.19,1520.19,0
SUP007,20160408,1520.55,1520.55,1520.55,1520.55,0
SUP007,20160411,1520.66,1520.66,1520.66,1520.66,0
SUP007,20160412,1520.78,1520.78,1520.78,1520.78,0
SUP007,20160413,1520.84,1520.84,1520.84,1520.84,0
SUP007,20160414,1521.32,1521.32,1521.32,1521.32,0
SUP007,20160415,1521.50,1521.50,1521.50,1521.50,0
SUP007,20160418,1521.65,1521.65,1521.65,1521.65,0
SUP007,20160419,1521.75,1521.75,1521.75,1521.75,0
SUP007,20160420,1521.92,1521.92,1521.92,1521.92,0
SUP007,20160421,1521.75,1521.75,1521.75,1521.75,0
SUP007,20160422,1522.58,1522.58,1522.58,1522.58,0
SUP007,20160425,1523.92,1523.92,1523.92,1523.92,0
SUP007,20160426,1524.19,1524.19,1524.19,1524.19,0
SUP007,20160427,1524.23,1524.23,1524.23,1524.23,0
SUP007,20160428,1524.46,1524.46,1524.46,1524.46,0
SUP007,20160429,1524.73,1524.73,1524.73,1524.73,0
SUP007,20160502,1524.25,1524.25,1524.25,1524.25,0
SUP007,20160504,1524.72,1524.72,1524.72,1524.72,0
SUP007,20160505,1524.90,1524.90,1524.90,1524.90,0
SUP007,20160506,1525.42,1525.42,1525.42,1525.42,0
SUP007,20160509,1525.37,1525.37,1525.37,1525.37,0
SUP007,20160510,1525.84,1525.84,1525.84,1525.84,0
SUP007,20160511,1525.78,1525.78,1525.78,1525.78,0
SUP007,20160512,1526.06,1526.06,1526.06,1526.06,0
SUP007,20160513,1525.58,1525.58,1525.58,1525.58,0
SUP007,20160516,1525.31,1525.31,1525.31,1525.31,0
SUP007,20160517,1525.24,1525.24,1525.24,1525.24,0
SUP007,20160518,1526.23,1526.23,1526.23,1526.23,0
SUP007,20160519,1526.31,1526.31,1526.31,1526.31,0
SUP007,20160520,1526.87,1526.87,1526.87,1526.87,0
SUP007,20160523,1527.44,1527.44,1527.44,1527.44,0
SUP007,20160524,1527.92,1527.92,1527.92,1527.92,0
SUP007,20160525,1527.48,1527.48,1527.48,1527.48,0
SUP007,20160527,1527.39,1527.39,1527.39,1527.39,0
SUP007,20160530,1527.41,1527.41,1527.41,1527.41,0
SUP007,20160531,1527.26,1527.26,1527.26,1527.26,0
SUP007,20160601,1527.63,1527.63,1527.63,1527.63,0
SUP007,20160602,1527.86,1527.86,1527.86,1527.86,0
SUP007,20160603,1527.89,1527.89,1527.89,1527.89,0
SUP007,20160606,1528.13,1528.13,1528.13,1528.13,0
SUP007,20160607,1527.56,1527.56,1527.56,1527.56,0
SUP007,20160608,1527.51,1527.51,1527.51,1527.51,0
SUP007,20160609,1527.65,1527.65,1527.65,1527.65,0
SUP007,20160610,1528.11,1528.11,1528.11,1528.11,0
SUP007,20160613,1528.88,1528.88,1528.88,1528.88,0
SUP007,20160614,1529.74,1529.74,1529.74,1529.74,0
SUP007,20160615,1529.38,1529.38,1529.38,1529.38,0
SUP007,20160616,1529.89,1529.89,1529.89,1529.89,0
SUP007,20160617,1529.87,1529.87,1529.87,1529.87,0
SUP007,20160620,1529.48,1529.48,1529.48,1529.48,0
SUP007,20160621,1529.46,1529.46,1529.46,1529.46,0
SUP007,20160622,1529.67,1529.67,1529.67,1529.67,0
SUP007,20160623,1529.87,1529.87,1529.87,1529.87,0
SUP007,20160624,1530.69,1530.69,1530.69,1530.69,0
SUP007,20160627,1531.25,1531.25,1531.25,1531.25,0
SUP007,20160628,1530.73,1530.73,1530.73,1530.73,0
SUP007,20160629,1530.82,1530.82,1530.82,1530.82,0
SUP007,20160630,1531.46,1531.46,1531.46,1531.46,0
SUP007,20160701,1530.99,1530.99,1530.99,1530.99,0
SUP007,20160704,1531.94,1531.94,1531.94,1531.94,0
SUP007,20160705,1532.48,1532.48,1532.48,1532.48,0
SUP007,20160706,1532.69,1532.69,1532.69,1532.69,0
SUP007,20160707,1532.61,1532.61,1532.61,1532.61,0
SUP007,20160708,1532.35,1532.35,1532.35,1532.35,0
SUP007,20160711,1532.43,1532.43,1532.43,1532.43,0
SUP007,20160712,1532.89,1532.89,1532.89,1532.89,0
SUP007,20160713,1532.52,1532.52,1532.52,1532.52,0
SUP007,20160714,1533.04,1533.04,1533.04,1533.04,0
SUP007,20160715,1533.42,1533.42,1533.42,1533.42,0
SUP007,20160718,1533.61,1533.61,1533.61,1533.61,0
SUP007,20160719,1533.46,1533.46,1533.46,1533.46,0
SUP007,20160720,1533.36,1533.36,1533.36,1533.36,0
SUP007,20160721,1533.38,1533.38,1533.38,1533.38,0
SUP007,20160722,1533.31,1533.31,1533.31,1533.31,0
SUP007,20160725,1533.69,1533.69,1533.69,1533.69,0
SUP007,20160726,1534.13,1534.13,1534.13,1534.13,0
SUP007,20160727,1534.07,1534.07,1534.07,1534.07,0
SUP007,20160728,1534.46,1534.46,1534.46,1534.46,0
SUP007,20160729,1534.16,1534.16,1534.16,1534.16,0
SUP007,20160801,1532.74,1532.74,1532.74,1532.74,0
SUP007,20160802,1532.73,1532.73,1532.73,1532.73,0
SUP007,20160803,1532.32,1532.32,1532.32,1532.32,0
SUP007,20160804,1532.38,1532.38,1532.38,1532.38,0
SUP007,20160805,1532.45,1532.45,1532.45,1532.45,0
SUP007,20160808,1532.45,1532.45,1532.45,1532.45,0
SUP007,20160809,1532.20,1532.20,1532.20,1532.20,0
SUP007,20160810,1532.31,1532.31,1532.31,1532.31,0
SUP007,20160811,1532.88,1532.88,1532.88,1532.88,0
SUP007,20160812,1533.52,1533.52,1533.52,1533.52,0
SUP007,20160816,1534.54,1534.54,1534.54,1534.54,0
SUP007,20160817,1535.09,1535.09,1535.09,1535.09,0
SUP007,20160818,1535.50,1535.50,1535.50,1535.50,0
SUP007,20160819,1536.45,1536.45,1536.45,1536.45,0
SUP007,20160822,1536.94,1536.94,1536.94,1536.94,0
SUP007,20160823,1537.29,1537.29,1537.29,1537.29,0
SUP007,20160824,1537.33,1537.33,1537.33,1537.33,0
SUP007,20160825,1537.69,1537.69,1537.69,1537.69,0
SUP007,20160826,1538.32,1538.32,1538.32,1538.32,0
SUP007,20160829,1539.22,1539.22,1539.22,1539.22,0
SUP007,20160830,1539.25,1539.25,1539.25,1539.25,0
SUP007,20160831,1539.96,1539.96,1539.96,1539.96,0
SUP007,20160901,1540.08,1540.08,1540.08,1540.08,0
SUP007,20160902,1540.68,1540.68,1540.68,1540.68,0
SUP007,20160905,1539.96,1539.96,1539.96,1539.96,0
SUP007,20160906,1539.85,1539.85,1539.85,1539.85,0
SUP007,20160907,1540.10,1540.10,1540.10,1540.10,0
SUP007,20160908,1540.02,1540.02,1540.02,1540.02,0
SUP007,20160909,1540.50,1540.50,1540.50,1540.50,0
SUP007,20160912,1541.06,1541.06,1541.06,1541.06,0
SUP007,20160913,1541.49,1541.49,1541.49,1541.49,0
SUP007,20160914,1540.97,1540.97,1540.97,1540.97,0
SUP007,20160915,1540.56,1540.56,1540.56,1540.56,0
SUP007,20160916,1540.37,1540.37,1540.37,1540.37,0
SUP007,20160919,1540.05,1540.05,1540.05,1540.05,0
SUP007,20160920,1539.90,1539.90,1539.90,1539.90,0
SUP007,20160921,1539.72,1539.72,1539.72,1539.72,0
SUP007,20160922,1539.59,1539.59,1539.59,1539.59,0
SUP007,20160923,1540.24,1540.24,1540.24,1540.24,0
SUP007,20160926,1540.78,1540.78,1540.78,1540.78,0
SUP007,20160927,1540.19,1540.19,1540.19,1540.19,0
SUP007,20160928,1539.65,1539.65,1539.65,1539.65,0
SUP007,20160929,1540.03,1540.03,1540.03,1540.03,0
SUP007,20160930,1540.33,1540.33,1540.33,1540.33,0
SUP007,20161003,1540.42,1540.42,1540.42,1540.42,0
SUP007,20161004,1540.76,1540.76,1540.76,1540.76,0
SUP007,20161005,1541.03,1541.03,1541.03,1541.03,0
SUP007,20161006,1541.38,1541.38,1541.38,1541.38,0
SUP007,20161007,1541.11,1541.11,1541.11,1541.11,0
SUP007,20161010,1541.82,1541.82,1541.82,1541.82,0
SUP007,20161011,1541.66,1541.66,1541.66,1541.66,0
SUP007,20161012,1542.27,1542.27,1542.27,1542.27,0
SUP007,20161013,1543.02,1543.02,1543.02,1543.02,0
SUP007,20161014,1542.99,1542.99,1542.99,1542.99,0
SUP007,20161017,1543.40,1543.40,1543.40,1543.40,0
SUP007,20161018,1543.71,1543.71,1543.71,1543.71,0
SUP007,20161019,1543.94,1543.94,1543.94,1543.94,0
SUP007,20161020,1544.22,1544.22,1544.22,1544.22,0
SUP007,20161021,1544.57,1544.57,1544.57,1544.57,0
SUP007,20161024,1544.85,1544.85,1544.85,1544.85,0
SUP007,20161025,1544.42,1544.42,1544.42,1544.42,0
SUP007,20161026,1544.77,1544.77,1544.77,1544.77,0
SUP007,20161027,1545.27,1545.27,1545.27,1545.27,0
SUP007,20161028,1544.85,1544.85,1544.85,1544.85,0
SUP007,20161031,1545.08,1545.08,1545.08,1545.08,0
SUP007,20161102,1543.33,1543.33,1543.33,1543.33,0
SUP007,20161103,1542.71,1542.71,1542.71,1542.71,0
SUP007,20161104,1542.26,1542.26,1542.26,1542.26,0
SUP007,20161107,1543.62,1543.62,1543.62,1543.62,0
SUP007,20161108,1544.60,1544.60,1544.60,1544.60,0
SUP007,20161109,1544.71,1544.71,1544.71,1544.71,0
SUP007,20161110,1544.44,1544.44,1544.44,1544.44,0
SUP007,20161114,1544.23,1544.23,1544.23,1544.23,0
SUP007,20161115,1544.79,1544.79,1544.79,1544.79,0
SUP007,20161116,1545.34,1545.34,1545.34,1545.34,0
SUP007,20161117,1545.11,1545.11,1545.11,1545.11,0
SUP007,20161118,1544.76,1544.76,1544.76,1544.76,0
SUP007,20161121,1544.46,1544.46,1544.46,1544.46,0
SUP007,20161122,1543.58,1543.58,1543.58,1543.58,0
SUP007,20161123,1543.35,1543.35,1543.35,1543.35,0
SUP007,20161124,1542.69,1542.69,1542.69,1542.69,0
SUP007,20161125,1542.75,1542.75,1542.75,1542.75,0
SUP007,20161128,1542.77,1542.77,1542.77,1542.77,0
SUP007,20161129,1543.08,1543.08,1543.08,1543.08,0
SUP007,20161130,1543.37,1543.37,1543.37,1543.37,0
SUP007,20161201,1543.75,1543.75,1543.75,1543.75,0
SUP007,20161202,1543.55,1543.55,1543.55,1543.55,0
SUP007,20161205,1544.45,1544.45,1544.45,1544.45,0
SUP007,20161206,1546.23,1546.23,1546.23,1546.23,0
SUP007,20161207,1544.96,1544.96,1544.96,1544.96,0
SUP007,20161208,1546.17,1546.17,1546.17,1546.17,0
SUP007,20161209,1544.33,1544.33,1544.33,1544.33,0
SUP007,20161212,1543.71,1543.71,1543.71,1543.71,0
SUP007,20161213,1544.25,1544.25,1544.25,1544.25,0
SUP007,20161214,1543.61,1543.61,1543.61,1543.61,0
SUP007,20161215,1544.07,1544.07,1544.07,1544.07,0
SUP007,20161216,1543.17,1543.17,1543.17,1543.17,0
SUP007,20161219,1541.71,1541.71,1541.71,1541.71,0
SUP007,20161220,1542.12,1542.12,1542.12,1542.12,0
SUP007,20161221,1543.02,1543.02,1543.02,1543.02,0
SUP007,20161222,1542.61,1542.61,1542.61,1542.61,0
SUP007,20161223,1541.54,1541.54,1541.54,1541.54,0
SUP007,20161227,1541.42,1541.42,1541.42,1541.42,0
SUP007,20161228,1542.19,1542.19,1542.19,1542.19,0
SUP007,20161229,1541.75,1541.75,1541.75,1541.75,0
SUP007,20161230,1542.63,1542.63,1542.63,1542.63,0
SUP007,20170102,1541.40,1541.40,1541.40,1541.40,0
SUP007,20170103,1540.33,1540.33,1540.33,1540.33,0
SUP007,20170104,1540.55,1540.55,1540.55,1540.55,0
SUP007,20170105,1541.19,1541.19,1541.19,1541.19,0
SUP007,20170109,1542.49,1542.49,1542.49,1542.49,0
SUP007,20170110,1542.95,1542.95,1542.95,1542.95,0
SUP007,20170111,1543.72,1543.72,1543.72,1543.72,0
SUP007,20170112,1543.29,1543.29,1543.29,1543.29,0
SUP007,20170113,1543.17,1543.17,1543.17,1543.17,0
SUP007,20170116,1543.55,1543.55,1543.55,1543.55,0
SUP007,20170117,1543.39,1543.39,1543.39,1543.39,0
SUP007,20170118,1543.77,1543.77,1543.77,1543.77,0
SUP007,20170119,1543.78,1543.78,1543.78,1543.78,0
SUP007,20170120,1544.84,1544.84,1544.84,1544.84,0
SUP007,20170123,1544.96,1544.96,1544.96,1544.96,0
SUP007,20170124,1547.02,1547.02,1547.02,1547.02,0
SUP007,20170125,1548.28,1548.28,1548.28,1548.28,0
SUP007,20170126,1548.63,1548.63,1548.63,1548.63,0
SUP007,20170127,1548.25,1548.25,1548.25,1548.25,0
SUP007,20170130,1548.27,1548.27,1548.27,1548.27,0
SUP007,20170131,1548.79,1548.79,1548.79,1548.79,0
SUP007,20170201,1540.62,1540.62,1540.62,1540.62,0
SUP007,20170202,1541.35,1541.35,1541.35,1541.35,0
SUP007,20170203,1542.28,1542.28,1542.28,1542.28,0
SUP007,20170206,1542.24,1542.24,1542.24,1542.24,0
SUP007,20170207,1542.63,1542.63,1542.63,1542.63,0
SUP007,20170208,1542.38,1542.38,1542.38,1542.38,0
SUP007,20170209,1542.66,1542.66,1542.66,1542.66,0
SUP007,20170210,1542.98,1542.98,1542.98,1542.98,0
SUP007,20170213,1544.08,1544.08,1544.08,1544.08,0
SUP007,20170214,1544.95,1544.95,1544.95,1544.95,0
SUP007,20170215,1544.63,1544.63,1544.63,1544.63,0
SUP007,20170216,1546.08,1546.08,1546.08,1546.08,0
SUP007,20170217,1546.51,1546.51,1546.51,1546.51,0
SUP007,20170220,1546.59,1546.59,1546.59,1546.59,0
SUP007,20170221,1545.94,1545.94,1545.94,1545.94,0
SUP007,20170222,1545.20,1545.20,1545.20,1545.20,0
SUP007,20170223,1546.32,1546.32,1546.32,1546.32,0
SUP007,20170224,1544.31,1544.31,1544.31,1544.31,0
SUP007,20170227,1545.65,1545.65,1545.65,1545.65,0
SUP007,20170228,1546.43,1546.43,1546.43,1546.43,0
SUP007,20170301,1549.20,1549.20,1549.20,1549.20,0
SUP007,20170302,1549.13,1549.13,1549.13,1549.13,0
SUP007,20170303,1551.58,1551.58,1551.58,1551.58,0
SUP007,20170306,1553.19,1553.19,1553.19,1553.19,0
SUP007,20170307,1553.21,1553.21,1553.21,1553.21,0
SUP007,20170308,1550.93,1550.93,1550.93,1550.93,0
SUP007,20170309,1553.55,1553.55,1553.55,1553.55,0
SUP007,20170310,1554.99,1554.99,1554.99,1554.99,0
SUP007,20170313,1555.32,1555.32,1555.32,1555.32,0
SUP007,20170314,1554.37,1554.37,1554.37,1554.37,0
SUP007,20170315,1554.73,1554.73,1554.73,1554.73,0
SUP007,20170316,1555.24,1555.24,1555.24,1555.24,0
SUP007,20170317,1555.33,1555.33,1555.33,1555.33,0
SUP007,20170320,1555.18,1555.18,1555.18,1555.18,0
SUP007,20170321,1556.39,1556.39,1556.39,1556.39,0
SUP007,20170322,1556.18,1556.18,1556.18,1556.18,0
SUP007,20170323,1557.66,1557.66,1557.66,1557.66,0
SUP007,20170324,1558.24,1558.24,1558.24,1558.24,0
SUP007,20170327,1559.02,1559.02,1559.02,1559.02,0
SUP007,20170328,1558.65,1558.65,1558.65,1558.65,0
SUP007,20170329,1560.12,1560.12,1560.12,1560.12,0
SUP007,20170330,1560.36,1560.36,1560.36,1560.36,0
SUP007,20170331,1560.37,1560.37,1560.37,1560.37,0
SUP007,20170403,1556.49,1556.49,1556.49,1556.49,0
SUP007,20170404,1556.48,1556.48,1556.48,1556.48,0
SUP007,20170405,1556.46,1556.46,1556.46,1556.46,0
SUP007,20170406,1556.65,1556.65,1556.65,1556.65,0
SUP007,20170407,1556.41,1556.41,1556.41,1556.41,0
SUP007,20170410,1556.53,1556.53,1556.53,1556.53,0
SUP007,20170411,1556.58,1556.58,1556.58,1556.58,0
SUP007,20170412,1556.86,1556.86,1556.86,1556.86,0
SUP007,20170413,1556.91,1556.91,1556.91,1556.91,0
SUP007,20170418,1557.39,1557.39,1557.39,1557.39,0
SUP007,20170419,1558.22,1558.22,1558.22,1558.22,0
SUP007,20170420,1558.69,1558.69,1558.69,1558.69,0
SUP007,20170421,1559.53,1559.53,1559.53,1559.53,0
SUP007,20170424,1562.00,1562.00,1562.00,1562.00,0
SUP007,20170425,1562.86,1562.86,1562.86,1562.86,0
SUP007,20170426,1562.91,1562.91,1562.91,1562.91,0
SUP007,20170427,1562.52,1562.52,1562.52,1562.52,0
SUP007,20170428,1563.67,1563.67,1563.67,1563.67,0
SUP007,20170502,1564.45,1564.45,1564.45,1564.45,0
SUP007,20170504,1565.63,1565.63,1565.63,1565.63,0
SUP007,20170505,1566.25,1566.25,1566.25,1566.25,0
SUP007,20170508,1566.63,1566.63,1566.63,1566.63,0
SUP007,20170509,1566.12,1566.12,1566.12,1566.12,0
SUP007,20170510,1566.26,1566.26,1566.26,1566.26,0
SUP007,20170511,1566.69,1566.69,1566.69,1566.69,0
SUP007,20170512,1566.53,1566.53,1566.53,1566.53,0
SUP007,20170515,1567.47,1567.47,1567.47,1567.47,0
SUP007,20170516,1568.42,1568.42,1568.42,1568.42,0
SUP007,20170517,1568.83,1568.83,1568.83,1568.83,0
SUP007,20170518,1568.32,1568.32,1568.32,1568.32,0
SUP007,20170519,1568.22,1568.22,1568.22,1568.22,0
SUP007,20170522,1568.77,1568.77,1568.77,1568.77,0
SUP007,20170523,1568.74,1568.74,1568.74,1568.74,0
SUP007,20170524,1569.29,1569.29,1569.29,1569.29,0
SUP007,20170525,1569.48,1569.48,1569.48,1569.48,0
SUP007,20170526,1569.77,1569.77,1569.77,1569.77,0
SUP007,20170529,1569.84,1569.84,1569.84,1569.84,0
SUP007,20170530,1569.80,1569.80,1569.80,1569.80,0
SUP007,20170531,1569.37,1569.37,1569.37,1569.37,0
SUP007,20170601,1570.04,1570.04,1570.04,1570.04,0
SUP007,20170602,1570.03,1570.03,1570.03,1570.03,0
SUP007,20170605,1570.25,1570.25,1570.25,1570.25,0
SUP007,20170606,1570.40,1570.40,1570.40,1570.40,0
SUP007,20170607,1571.11,1571.11,1571.11,1571.11,0
SUP007,20170608,1570.99,1570.99,1570.99,1570.99,0
SUP007,20170609,1571.16,1571.16,1571.16,1571.16,0
SUP007,20170612,1571.68,1571.68,1571.68,1571.68,0
SUP007,20170613,1571.90,1571.90,1571.90,1571.90,0
SUP007,20170614,1572.24,1572.24,1572.24,1572.24,0
SUP007,20170616,1572.50,1572.50,1572.50,1572.50,0
SUP007,20170619,1572.69,1572.69,1572.69,1572.69,0
SUP007,20170620,1572.57,1572.57,1572.57,1572.57,0
SUP007,20170621,1572.96,1572.96,1572.96,1572.96,0
SUP007,20170622,1573.42,1573.42,1573.42,1573.42,0
SUP007,20170623,1573.36,1573.36,1573.36,1573.36,0
SUP007,20170626,1573.90,1573.90,1573.90,1573.90,0
SUP007,20170627,1575.03,1575.03,1575.03,1575.03,0
SUP007,20170628,1575.03,1575.03,1575.03,1575.03,0
SUP007,20170629,1574.94,1574.94,1574.94,1574.94,0
SUP007,20170630,1575.69,1575.69,1575.69,1575.69,0
SUP007,20170703,1576.67,1576.67,1576.67,1576.67,0
SUP007,20170704,1577.14,1577.14,1577.14,1577.14,0
SUP007,20170705,1577.32,1577.32,1577.32,1577.32,0
SUP007,20170706,1577.57,1577.57,1577.57,1577.57,0
SUP007,20170707,1577.84,1577.84,1577.84,1577.84,0
SUP007,20170710,1577.71,1577.71,1577.71,1577.71,0
SUP007,20170711,1577.92,1577.92,1577.92,1577.92,0
SUP007,20170712,1578.06,1578.06,1578.06,1578.06,0
SUP007,20170713,1578.20,1578.20,1578.20,1578.20,0
SUP007,20170714,1578.41,1578.41,1578.41,1578.41,0
SUP007,20170717,1578.62,1578.62,1578.62,1578.62,0
SUP007,20170718,1578.83,1578.83,1578.83,1578.83,0
SUP007,20170719,1578.59,1578.59,1578.59,1578.59,0
SUP007,20170720,1578.75,1578.75,1578.75,1578.75,0
SUP007,20170721,1578.32,1578.32,1578.32,1578.32,0
SUP007,20170724,1578.78,1578.78,1578.78,1578.78,0
SUP007,20170725,1579.59,1579.59,1579.59,1579.59,0
SUP007,20170726,1579.84,1579.84,1579.84,1579.84,0
SUP007,20170727,1580.35,1580.35,1580.35,1580.35,0
SUP007,20170728,1580.36,1580.36,1580.36,1580.36,0
SUP007,20170731,1580.65,1580.65,1580.65,1580.65,0
SUP007,20170801,1580.84,1580.84,1580.84,1580.84,0
SUP007,20170802,1580.72,1580.72,1580.72,1580.72,0
SUP007,20170803,1580.81,1580.81,1580.81,1580.81,0
SUP007,20170804,1580.95,1580.95,1580.95,1580.95,0
SUP007,20170807,1581.00,1581.00,1581.00,1581.00,0
SUP007,20170808,1581.07,1581.07,1581.07,1581.07,0
SUP007,20170809,1581.56,1581.56,1581.56,1581.56,0
SUP007,20170810,1581.14,1581.14,1581.14,1581.14,0
SUP007,20170811,1580.10,1580.10,1580.10,1580.10,0
SUP007,20170814,1579.97,1579.97,1579.97,1579.97,0
SUP007,20170816,1580.57,1580.57,1580.57,1580.57,0
SUP007,20170817,1581.62,1581.62,1581.62,1581.62,0
SUP007,20170818,1582.00,1582.00,1582.00,1582.00,0
SUP007,20170821,1582.07,1582.07,1582.07,1582.07,0
SUP007,20170822,1581.96,1581.96,1581.96,1581.96,0
SUP007,20170823,1581.86,1581.86,1581.86,1581.86,0
SUP007,20170824,1581.80,1581.80,1581.80,1581.80,0
SUP007,20170825,1582.14,1582.14,1582.14,1582.14,0
SUP007,20170828,1582.69,1582.69,1582.69,1582.69,0
SUP007,20170829,1582.87,1582.87,1582.87,1582.87,0
SUP007,20170830,1582.85,1582.85,1582.85,1582.85,0
SUP007,20170831,1583.23,1583.23,1583.23,1583.23,0
SUP007,20170901,1583.47,1583.47,1583.47,1583.47,0
SUP007,20170904,1583.62,1583.62,1583.62,1583.62,0
SUP007,20170905,1584.05,1584.05,1584.05,1584.05,0
SUP007,20170906,1584.48,1584.48,1584.48,1584.48,0
SUP007,20170907,1585.28,1585.28,1585.28,1585.28,0
SUP007,20170908,1585.43,1585.43,1585.43,1585.43,0
SUP007,20170911,1585.99,1585.99,1585.99,1585.99,0
SUP007,20170912,1585.92,1585.92,1585.92,1585.92,0
SUP007,20170913,1585.86,1585.86,1585.86,1585.86,0
SUP007,20170914,1585.94,1585.94,1585.94,1585.94,0
SUP007,20170915,1586.26,1586.26,1586.26,1586.26,0
SUP007,20170918,1586.56,1586.56,1586.56,1586.56,0
SUP007,20170919,1586.90,1586.90,1586.90,1586.90,0
SUP007,20170920,1587.39,1587.39,1587.39,1587.39,0
SUP007,20170921,1587.79,1587.79,1587.79,1587.79,0
