Name,Date,Open,High,Low,Close,Volume
SUP010,20131211,100.13,100.13,100.13,100.13,0
SUP010,20131212,100.13,100.13,100.13,100.13,0
SUP010,20131213,100.13,100.13,100.13,100.13,0
SUP010,20131216,100.14,100.14,100.14,100.14,0
SUP010,20131217,100.14,100.14,100.14,100.14,0
SUP010,20131218,100.14,100.14,100.14,100.14,0
SUP010,20131219,100.14,100.14,100.14,100.14,0
SUP010,20131220,100.17,100.17,100.17,100.17,0
SUP010,20131223,100.18,100.18,100.18,100.18,0
SUP010,20131227,100.18,100.18,100.18,100.18,0
SUP010,20131230,100.18,100.18,100.18,100.18,0
SUP010,20140102,100.17,100.17,100.17,100.17,0
SUP010,20140103,100.18,100.18,100.18,100.18,0
SUP010,20140107,100.17,100.17,100.17,100.17,0
SUP010,20140108,100.17,100.17,100.17,100.17,0
SUP010,20140109,100.18,100.18,100.18,100.18,0
SUP010,20140110,100.20,100.20,100.20,100.20,0
SUP010,20140113,100.21,100.21,100.21,100.21,0
SUP010,20140114,100.21,100.21,100.21,100.21,0
SUP010,20140115,100.20,100.20,100.20,100.20,0
SUP010,20140116,100.21,100.21,100.21,100.21,0
SUP010,20140117,100.28,100.28,100.28,100.28,0
SUP010,20140120,100.28,100.28,100.28,100.28,0
SUP010,20140121,100.17,100.17,100.17,100.17,0
SUP010,20140122,100.19,100.19,100.19,100.19,0
SUP010,20140123,100.25,100.25,100.25,100.25,0
SUP010,20140124,100.04,100.04,100.04,100.04,0
SUP010,20140127,99.74,99.74,99.74,99.74,0
SUP010,20140128,99.88,99.88,99.88,99.88,0
SUP010,20140129,99.49,99.49,99.49,99.49,0
SUP010,20140130,99.36,99.36,99.36,99.36,0
SUP010,20140131,99.04,99.04,99.04,99.04,0
SUP010,20140203,99.19,99.19,99.19,99.19,0
SUP010,20140204,99.47,99.47,99.47,99.47,0
SUP010,20140205,99.52,99.52,99.52,99.52,0
SUP010,20140206,99.71,99.71,99.71,99.71,0
SUP010,20140207,99.86,99.86,99.86,99.86,0
SUP010,20140210,99.96,99.96,99.96,99.96,0
SUP010,20140211,99.82,99.82,99.82,99.82,0
SUP010,20140212,99.78,99.78,99.78,99.78,0
SUP010,20140213,99.76,99.76,99.76,99.76,0
SUP010,20140214,99.90,99.90,99.90,99.90,0
SUP010,20140217,99.98,99.98,99.98,99.98,0
SUP010,20140218,100.01,100.01,100.01,100.01,0
SUP010,20140219,99.89,99.89,99.89,99.89,0
SUP010,20140220,99.95,99.95,99.95,99.95,0
SUP010,20140221,100.19,100.19,100.19,100.19,0
SUP010,20140224,100.32,100.32,100.32,100.32,0
SUP010,20140225,100.36,100.36,100.36,100.36,0
SUP010,20140226,100.35,100.35,100.35,100.35,0
SUP010,20140227,100.49,100.49,100.49,100.49,0
SUP010,20140228,100.50,100.50,100.50,100.50,0
SUP010,20140303,100.42,100.42,100.42,100.42,0
SUP010,20140304,100.55,100.55,100.55,100.55,0
SUP010,20140305,101.02,101.02,101.02,101.02,0
SUP010,20140306,101.03,101.03,101.03,101.03,0
SUP010,20140307,100.96,100.96,100.96,100.96,0
SUP010,20140310,101.00,101.00,101.00,101.00,0
SUP010,20140311,100.96,100.96,100.96,100.96,0
SUP010,20140312,100.90,100.90,100.90,100.90,0
SUP010,20140313,100.85,100.85,100.85,100.85,0
SUP010,20140314,100.83,100.83,100.83,100.83,0
SUP010,20140317,100.88,100.88,100.88,100.88,0
SUP010,20140318,100.99,100.99,100.99,100.99,0
SUP010,20140319,100.98,100.98,100.98,100.98,0
SUP010,20140320,100.84,100.84,100.84,100.84,0
SUP010,20140321,100.90,100.90,100.90,100.90,0
SUP010,20140324,100.98,100.98,100.98,100.98,0
SUP010,20140325,100.99,100.99,100.99,100.99,0
SUP010,20140326,101.05,101.05,101.05,101.05,0
SUP010,20140327,101.06,101.06,101.06,101.06,0
SUP010,20140328,101.11,101.11,101.11,101.11,0
SUP010,20140331,101.12,101.12,101.12,101.12,0
SUP010,20140401,101.20,101.20,101.20,101.20,0
SUP010,20140402,101.19,101.19,101.19,101.19,0
SUP010,20140403,101.29,101.29,101.29,101.29,0
SUP010,20140404,101.49,101.49,101.49,101.49,0
SUP010,20140407,101.57,101.57,101.57,101.57,0
SUP010,20140408,101.61,101.61,101.61,101.61,0
SUP010,20140409,101.58,101.58,101.58,101.58,0
SUP010,20140410,101.72,101.72,101.72,101.72,0
SUP010,20140411,101.71,101.71,101.71,101.71,0
SUP010,20140414,101.69,101.69,101.69,101.69,0
SUP010,20140415,101.63,101.63,101.63,101.63,0
SUP010,20140416,101.57,101.57,101.57,101.57,0
SUP010,20140417,101.53,101.53,101.53,101.53,0
SUP010,20140422,101.56,101.56,101.56,101.56,0
SUP010,20140423,101.60,101.60,101.60,101.60,0
SUP010,20140424,101.66,101.66,101.66,101.66,0
SUP010,20140425,101.73,101.73,101.73,101.73,0
SUP010,20140428,101.76,101.76,101.76,101.76,0
SUP010,20140429,101.76,101.76,101.76,101.76,0
SUP010,20140430,101.94,101.94,101.94,101.94,0
SUP010,20140502,101.98,101.98,101.98,101.98,0
SUP010,20140505,102.05,102.05,102.05,102.05,0
SUP010,20140506,102.01,102.01,102.01,102.01,0
SUP010,20140507,102.15,102.15,102.15,102.15,0
SUP010,20140508,102.30,102.30,102.30,102.30,0
SUP010,20140509,102.34,102.34,102.34,102.34,0
SUP010,20140512,102.36,102.36,102.36,102.36,0
SUP010,20140513,102.54,102.54,102.54,102.54,0
SUP010,20140514,102.70,102.70,102.70,102.70,0
SUP010,20140515,102.75,102.75,102.75,102.75,0
SUP010,20140516,102.63,102.63,102.63,102.63,0
SUP010,20140519,102.60,102.60,102.60,102.60,0
SUP010,20140520,102.50,102.50,102.50,102.50,0
SUP010,20140521,102.60,102.60,102.60,102.60,0
SUP010,20140522,102.78,102.78,102.78,102.78,0
SUP010,20140523,102.78,102.78,102.78,102.78,0
SUP010,20140526,102.86,102.86,102.86,102.86,0
SUP010,20140527,102.87,102.87,102.87,102.87,0
SUP010,20140528,102.98,102.98,102.98,102.98,0
SUP010,20140529,103.06,103.06,103.06,103.06,0
SUP010,20140530,103.05,103.05,103.05,103.05,0
SUP010,20140602,103.15,103.15,103.15,103.15,0
SUP010,20140603,103.11,103.11,103.11,103.11,0
SUP010,20140604,103.18,103.18,103.18,103.18,0
SUP010,20140605,103.32,103.32,103.32,103.32,0
SUP010,20140606,103.60,103.60,103.60,103.60,0
SUP010,20140609,103.64,103.64,103.64,103.64,0
SUP010,20140610,103.68,103.68,103.68,103.68,0
SUP010,20140611,103.52,103.52,103.52,103.52,0
SUP010,20140612,103.60,103.60,103.60,103.60,0
SUP010,20140613,103.69,103.69,103.69,103.69,0
SUP010,20140616,103.53,103.53,103.53,103.53,0
SUP010,20140617,103.60,103.60,103.60,103.60,0
SUP010,20140618,103.60,103.60,103.60,103.60,0
SUP010,20140620,103.45,103.45,103.45,103.45,0
SUP010,20140623,103.50,103.50,103.50,103.50,0
SUP010,20140624,103.77,103.77,103.77,103.77,0
SUP010,20140625,103.85,103.85,103.85,103.85,0
SUP010,20140626,103.84,103.84,103.84,103.84,0
SUP010,20140627,103.84,103.84,103.84,103.84,0
SUP010,20140630,103.76,103.76,103.76,103.76,0
SUP010,20140701,103.74,103.74,103.74,103.74,0
SUP010,20140702,103.80,103.80,103.80,103.80,0
SUP010,20140703,103.72,103.72,103.72,103.72,0
SUP010,20140704,103.89,103.89,103.89,103.89,0
SUP010,20140707,103.92,103.92,103.92,103.92,0
SUP010,20140708,104.01,104.01,104.01,104.01,0
SUP010,20140709,103.94,103.94,103.94,103.94,0
SUP010,20140710,103.86,103.86,103.86,103.86,0
SUP010,20140711,103.75,103.75,103.75,103.75,0
SUP010,20140714,103.80,103.80,103.80,103.80,0
SUP010,20140715,103.65,103.65,103.65,103.65,0
SUP010,20140716,103.78,103.78,103.78,103.78,0
SUP010,20140717,103.85,103.85,103.85,103.85,0
SUP010,20140718,103.87,103.87,103.87,103.87,0
SUP010,20140721,103.80,103.80,103.80,103.80,0
SUP010,20140722,103.90,103.90,103.90,103.90,0
SUP010,20140723,104.09,104.09,104.09,104.09,0
SUP010,20140724,104.11,104.11,104.11,104.11,0
SUP010,20140725,104.15,104.15,104.15,104.15,0
SUP010,20140728,104.19,104.19,104.19,104.19,0
SUP010,20140729,104.21,104.21,104.21,104.21,0
SUP010,20140730,104.18,104.18,104.18,104.18,0
SUP010,20140731,103.77,103.77,103.77,103.77,0
SUP010,20140801,103.58,103.58,103.58,103.58,0
SUP010,20140804,103.73,103.73,103.73,103.73,0
SUP010,20140805,103.39,103.39,103.39,103.39,0
SUP010,20140806,103.32,103.32,103.32,103.32,0
SUP010,20140807,103.37,103.37,103.37,103.37,0
SUP010,20140808,103.36,103.36,103.36,103.36,0
SUP010,20140811,103.44,103.44,103.44,103.44,0
SUP010,20140812,103.45,103.45,103.45,103.45,0
SUP010,20140813,103.63,103.63,103.63,103.63,0
SUP010,20140814,103.89,103.89,103.89,103.89,0
SUP010,20140818,104.16,104.16,104.16,104.16,0
SUP010,20140819,104.30,104.30,104.30,104.30,0
SUP010,20140820,104.30,104.30,104.30,104.30,0
SUP010,20140821,104.34,104.34,104.34,104.34,0
SUP010,20140822,104.42,104.42,104.42,104.42,0
SUP010,20140825,104.39,104.39,104.39,104.39,0
SUP010,20140826,104.50,104.50,104.50,104.50,0
SUP010,20140827,104.57,104.57,104.57,104.57,0
SUP010,20140828,104.44,104.44,104.44,104.44,0
SUP010,20140829,104.37,104.37,104.37,104.37,0
SUP010,20140901,104.41,104.41,104.41,104.41,0
SUP010,20140902,104.40,104.40,104.40,104.40,0
SUP010,20140903,104.62,104.62,104.62,104.62,0
SUP010,20140904,104.58,104.58,104.58,104.58,0
SUP010,20140905,104.64,104.64,104.64,104.64,0
SUP010,20140908,104.85,104.85,104.85,104.85,0
SUP010,20140909,104.59,104.59,104.59,104.59,0
SUP010,20140910,104.50,104.50,104.50,104.50,0
SUP010,20140911,104.47,104.47,104.47,104.47,0
SUP010,20140912,104.38,104.38,104.38,104.38,0
SUP010,20140915,104.43,104.43,104.43,104.43,0
SUP010,20140916,104.42,104.42,104.42,104.42,0
SUP010,20140917,104.39,104.39,104.39,104.39,0
SUP010,20140918,104.48,104.48,104.48,104.48,0
SUP010,20140919,104.51,104.51,104.51,104.51,0
SUP010,20140922,104.63,104.63,104.63,104.63,0
SUP010,20140923,104.68,104.68,104.68,104.68,0
SUP010,20140924,104.72,104.72,104.72,104.72,0
SUP010,20140925,104.74,104.74,104.74,104.74,0
SUP010,20140926,104.55,104.55,104.55,104.55,0
SUP010,20140929,104.40,104.40,104.40,104.40,0
SUP010,20140930,104.21,104.21,104.21,104.21,0
SUP010,20141001,104.31,104.31,104.31,104.31,0
SUP010,20141002,104.34,104.34,104.34,104.34,0
SUP010,20141003,104.36,104.36,104.36,104.36,0
SUP010,20141006,104.51,104.51,104.51,104.51,0
SUP010,20141007,104.64,104.64,104.64,104.64,0
SUP010,20141008,104.73,104.73,104.73,104.73,0
SUP010,20141009,104.88,104.88,104.88,104.88,0
SUP010,20141010,104.82,104.82,104.82,104.82,0
SUP010,20141013,104.70,104.70,104.70,104.70,0
SUP010,20141014,104.77,104.77,104.77,104.77,0
SUP010,20141015,104.66,104.66,104.66,104.66,0
SUP010,20141016,104.24,104.24,104.24,104.24,0
SUP010,20141017,104.21,104.21,104.21,104.21,0
SUP010,20141020,104.60,104.60,104.60,104.60,0
SUP010,20141021,104.63,104.63,104.63,104.63,0
SUP010,20141022,104.84,104.84,104.84,104.84,0
SUP010,20141023,104.96,104.96,104.96,104.96,0
SUP010,20141024,104.99,104.99,104.99,104.99,0
SUP010,20141027,104.99,104.99,104.99,104.99,0
SUP010,20141028,105.05,105.05,105.05,105.05,0
SUP010,20141029,105.11,105.11,105.11,105.11,0
SUP010,20141030,104.99,104.99,104.99,104.99,0
SUP010,20141031,105.03,105.03,105.03,105.03,0
SUP010,20141103,105.09,105.09,105.09,105.09,0
SUP010,20141104,105.08,105.08,105.08,105.08,0
SUP010,20141105,104.86,104.86,104.86,104.86,0
SUP010,20141106,104.94,104.94,104.94,104.94,0
SUP010,20141107,104.96,104.96,104.96,104.96,0
SUP010,20141110,105.11,105.11,105.11,105.11,0
SUP010,20141112,105.23,105.23,105.23,105.23,0
SUP010,20141113,105.29,105.29,105.29,105.29,0
SUP010,20141114,105.12,105.12,105.12,105.12,0
SUP010,20141117,104.96,104.96,104.96,104.96,0
SUP010,20141118,104.97,104.97,104.97,104.97,0
SUP010,20141119,105.00,105.00,105.00,105.00,0
SUP010,20141120,105.03,105.03,105.03,105.03,0
SUP010,20141121,105.04,105.04,105.04,105.04,0
SUP010,20141124,105.11,105.11,105.11,105.11,0
SUP010,20141125,105.25,105.25,105.25,105.25,0
SUP010,20141126,105.40,105.40,105.40,105.40,0
SUP010,20141127,105.41,105.41,105.41,105.41,0
SUP010,20141128,105.45,105.45,105.45,105.45,0
SUP010,20141201,105.47,105.47,105.47,105.47,0
SUP010,20141202,105.26,105.26,105.26,105.26,0
SUP010,20141203,105.16,105.16,105.16,105.16,0
SUP010,20141204,105.19,105.19,105.19,105.19,0
SUP010,20141205,105.10,105.10,105.10,105.10,0
SUP010,20141208,105.12,105.12,105.12,105.12,0
SUP010,20141209,105.11,105.11,105.11,105.11,0
SUP010,20141210,104.91,104.91,104.91,104.91,0
SUP010,20141211,104.82,104.82,104.82,104.82,0
SUP010,20141212,104.73,104.73,104.73,104.73,0
SUP010,20141215,104.55,104.55,104.55,104.55,0
SUP010,20141216,104.50,104.50,104.50,104.50,0
SUP010,20141217,104.20,104.20,104.20,104.20,0
SUP010,20141218,104.27,104.27,104.27,104.27,0
SUP010,20141219,104.50,104.50,104.50,104.50,0
SUP010,20141222,104.58,104.58,104.58,104.58,0
SUP010,20141223,104.63,104.63,104.63,104.63,0
SUP010,20141229,104.68,104.68,104.68,104.68,0
SUP010,20141230,104.70,104.70,104.70,104.70,0
SUP010,20150102,104.71,104.71,104.71,104.71,0
SUP010,20150105,104.81,104.81,104.81,104.81,0
SUP010,20150107,104.62,104.62,104.62,104.62,0
SUP010,20150108,104.66,104.66,104.66,104.66,0
SUP010,20150109,104.77,104.77,104.77,104.77,0
SUP010,20150112,104.89,104.89,104.89,104.89,0
SUP010,20150113,104.85,104.85,104.85,104.85,0
SUP010,20150114,104.94,104.94,104.94,104.94,0
SUP010,20150115,104.87,104.87,104.87,104.87,0
SUP010,20150116,104.88,104.88,104.88,104.88,0
SUP010,20150119,104.87,104.87,104.87,104.87,0
SUP010,20150120,104.88,104.88,104.88,104.88,0
SUP010,20150121,105.02,105.02,105.02,105.02,0
SUP010,20150122,104.98,104.98,104.98,104.98,0
SUP010,20150123,105.26,105.26,105.26,105.26,0
SUP010,20150126,105.44,105.44,105.44,105.44,0
SUP010,20150127,105.55,105.55,105.55,105.55,0
SUP010,20150128,105.42,105.42,105.42,105.42,0
SUP010,20150129,105.45,105.45,105.45,105.45,0
SUP010,20150130,105.43,105.43,105.43,105.43,0
SUP010,20150202,105.40,105.40,105.40,105.40,0
SUP010,20150203,105.39,105.39,105.39,105.39,0
SUP010,20150204,105.53,105.53,105.53,105.53,0
SUP010,20150205,105.58,105.58,105.58,105.58,0
SUP010,20150206,105.56,105.56,105.56,105.56,0
SUP010,20150209,105.61,105.61,105.61,105.61,0
SUP010,20150210,105.56,105.56,105.56,105.56,0
SUP010,20150211,105.57,105.57,105.57,105.57,0
SUP010,20150212,105.62,105.62,105.62,105.62,0
SUP010,20150213,105.70,105.70,105.70,105.70,0
SUP010,20150216,105.89,105.89,105.89,105.89,0
SUP010,20150217,105.79,105.79,105.79,105.79,0
SUP010,20150218,105.78,105.78,105.78,105.78,0
SUP010,20150219,105.87,105.87,105.87,105.87,0
SUP010,20150220,105.89,105.89,105.89,105.89,0
SUP010,20150223,105.96,105.96,105.96,105.96,0
SUP010,20150224,105.99,105.99,105.99,105.99,0
SUP010,20150225,106.12,106.12,106.12,106.12,0
SUP010,20150226,106.22,106.22,106.22,106.22,0
SUP010,20150227,106.34,106.34,106.34,106.34,0
SUP010,20150302,106.45,106.45,106.45,106.45,0
SUP010,20150303,106.50,106.50,106.50,106.50,0
SUP010,20150304,106.51,106.51,106.51,106.51,0
SUP010,20150305,106.49,106.49,106.49,106.49,0
SUP010,20150306,106.49,106.49,106.49,106.49,0
SUP010,20150309,106.47,106.47,106.47,106.47,0
SUP010,20150310,106.43,106.43,106.43,106.43,0
SUP010,20150311,106.33,106.33,106.33,106.33,0
SUP010,20150312,106.46,106.46,106.46,106.46,0
SUP010,20150313,106.47,106.47,106.47,106.47,0
SUP010,20150316,106.48,106.48,106.48,106.48,0
SUP010,20150317,106.38,106.38,106.38,106.38,0
SUP010,20150318,106.22,106.22,106.22,106.22,0
SUP010,20150319,106.29,106.29,106.29,106.29,0
SUP010,20150320,106.35,106.35,106.35,106.35,0
SUP010,20150323,106.42,106.42,106.42,106.42,0
SUP010,20150324,106.45,106.45,106.45,106.45,0
SUP010,20150325,106.46,106.46,106.46,106.46,0
SUP010,20150326,106.35,106.35,106.35,106.35,0
SUP010,20150327,106.35,106.35,106.35,106.35,0
SUP010,20150330,106.45,106.45,106.45,106.45,0
SUP010,20150331,106.50,106.50,106.50,106.50,0
SUP010,20150401,106.56,106.56,106.56,106.56,0
SUP010,20150402,106.61,106.61,106.61,106.61,0
SUP010,20150407,106.61,106.61,106.61,106.61,0
SUP010,20150408,106.81,106.81,106.81,106.81,0
SUP010,20150409,106.84,106.84,106.84,106.84,0
SUP010,20150410,106.91,106.91,106.91,106.91,0
SUP010,20150413,106.95,106.95,106.95,106.95,0
SUP010,20150414,107.01,107.01,107.01,107.01,0
SUP010,20150415,106.94,106.94,106.94,106.94,0
SUP010,20150416,106.97,106.97,106.97,106.97,0
SUP010,20150417,106.89,106.89,106.89,106.89,0
SUP010,20150420,106.85,106.85,106.85,106.85,0
SUP010,20150421,106.83,106.83,106.83,106.83,0
SUP010,20150422,106.86,106.86,106.86,106.86,0
SUP010,20150423,106.85,106.85,106.85,106.85,0
SUP010,20150424,106.88,106.88,106.88,106.88,0
SUP010,20150427,106.90,106.90,106.90,106.90,0
SUP010,20150428,106.90,106.90,106.90,106.90,0
SUP010,20150429,106.94,106.94,106.94,106.94,0
SUP010,20150430,106.92,106.92,106.92,106.92,0
SUP010,20150504,106.95,106.95,106.95,106.95,0
SUP010,20150505,106.97,106.97,106.97,106.97,0
SUP010,20150506,107.02,107.02,107.02,107.02,0
SUP010,20150507,106.83,106.83,106.83,106.83,0
SUP010,20150508,106.87,106.87,106.87,106.87,0
SUP010,20150511,106.90,106.90,106.90,106.90,0
SUP010,20150512,106.81,106.81,106.81,106.81,0
SUP010,20150513,106.91,106.91,106.91,106.91,0
SUP010,20150514,106.90,106.90,106.90,106.90,0
SUP010,20150515,106.90,106.90,106.90,106.90,0
SUP010,20150518,106.88,106.88,106.88,106.88,0
SUP010,20150519,106.93,106.93,106.93,106.93,0
SUP010,20150520,106.91,106.91,106.91,106.91,0
SUP010,20150521,106.88,106.88,106.88,106.88,0
SUP010,20150522,106.85,106.85,106.85,106.85,0
SUP010,20150525,106.75,106.75,106.75,106.75,0
SUP010,20150526,106.71,106.71,106.71,106.71,0
SUP010,20150527,106.63,106.63,106.63,106.63,0
SUP010,20150528,106.70,106.70,106.70,106.70,0
SUP010,20150529,106.69,106.69,106.69,106.69,0
SUP010,20150601,106.66,106.66,106.66,106.66,0
SUP010,20150602,106.64,106.64,106.64,106.64,0
SUP010,20150603,106.66,106.66,106.66,106.66,0
SUP010,20150605,106.45,106.45,106.45,106.45,0
SUP010,20150608,106.52,106.52,106.52,106.52,0
SUP010,20150609,106.51,106.51,106.51,106.51,0
SUP010,20150610,106.39,106.39,106.39,106.39,0
SUP010,20150611,106.41,106.41,106.41,106.41,0
SUP010,20150612,106.35,106.35,106.35,106.35,0
SUP010,20150615,106.26,106.26,106.26,106.26,0
SUP010,20150616,106.10,106.10,106.10,106.10,0
SUP010,20150617,105.98,105.98,105.98,105.98,0
SUP010,20150618,106.04,106.04,106.04,106.04,0
SUP010,20150622,106.14,106.14,106.14,106.14,0
SUP010,20150623,106.12,106.12,106.12,106.12,0
SUP010,20150624,106.25,106.25,106.25,106.25,0
SUP010,20150625,106.23,106.23,106.23,106.23,0
SUP010,20150626,106.30,106.30,106.30,106.30,0
SUP010,20150629,106.16,106.16,106.16,106.16,0
SUP010,20150630,105.93,105.93,105.93,105.93,0
SUP010,20150701,105.89,105.89,105.89,105.89,0
SUP010,20150702,105.98,105.98,105.98,105.98,0
SUP010,20150703,105.99,105.99,105.99,105.99,0
SUP010,20150706,105.99,105.99,105.99,105.99,0
SUP010,20150707,105.93,105.93,105.93,105.93,0
SUP010,20150708,105.91,105.91,105.91,105.91,0
SUP010,20150709,105.86,105.86,105.86,105.86,0
SUP010,20150710,105.91,105.91,105.91,105.91,0
SUP010,20150713,105.92,105.92,105.92,105.92,0
SUP010,20150714,106.00,106.00,106.00,106.00,0
SUP010,20150715,106.02,106.02,106.02,106.02,0
SUP010,20150716,106.08,106.08,106.08,106.08,0
SUP010,20150717,106.12,106.12,106.12,106.12,0
SUP010,20150720,106.14,106.14,106.14,106.14,0
SUP010,20150721,106.13,106.13,106.13,106.13,0
SUP010,20150722,106.09,106.09,106.09,106.09,0
SUP010,20150723,106.07,106.07,106.07,106.07,0
SUP010,20150724,106.04,106.04,106.04,106.04,0
SUP010,20150727,106.06,106.06,106.06,106.06,0
SUP010,20150728,105.94,105.94,105.94,105.94,0
SUP010,20150729,105.94,105.94,105.94,105.94,0
SUP010,20150730,105.94,105.94,105.94,105.94,0
SUP010,20150731,105.95,105.95,105.95,105.95,0
SUP010,20150803,105.94,105.94,105.94,105.94,0
SUP010,20150804,105.92,105.92,105.92,105.92,0
SUP010,20150805,105.88,105.88,105.88,105.88,0
SUP010,20150806,105.85,105.85,105.85,105.85,0
SUP010,20150807,105.90,105.90,105.90,105.90,0
SUP010,20150810,105.86,105.86,105.86,105.86,0
SUP010,20150811,105.89,105.89,105.89,105.89,0
SUP010,20150812,105.84,105.84,105.84,105.84,0
SUP010,20150813,105.76,105.76,105.76,105.76,0
SUP010,20150814,105.82,105.82,105.82,105.82,0
SUP010,20150817,105.79,105.79,105.79,105.79,0
SUP010,20150818,105.76,105.76,105.76,105.76,0
SUP010,20150819,105.76,105.76,105.76,105.76,0
SUP010,20150820,105.75,105.75,105.75,105.75,0
SUP010,20150821,105.72,105.72,105.72,105.72,0
SUP010,20150824,105.59,105.59,105.59,105.59,0
SUP010,20150825,105.67,105.67,105.67,105.67,0
SUP010,20150826,105.57,105.57,105.57,105.57,0
SUP010,20150827,105.67,105.67,105.67,105.67,0
SUP010,20150828,105.70,105.70,105.70,105.70,0
SUP010,20150831,105.69,105.69,105.69,105.69,0
SUP010,20150901,105.64,105.64,105.64,105.64,0
SUP010,20150902,105.61,105.61,105.61,105.61,0
SUP010,20150903,105.58,105.58,105.58,105.58,0
SUP010,20150904,105.62,105.62,105.62,105.62,0
SUP010,20150907,105.61,105.61,105.61,105.61,0
SUP010,20150908,105.61,105.61,105.61,105.61,0
SUP010,20150909,105.58,105.58,105.58,105.58,0
SUP010,20150910,105.57,105.57,105.57,105.57,0
SUP010,20150911,105.49,105.49,105.49,105.49,0
SUP010,20150914,105.50,105.50,105.50,105.50,0
SUP010,20150915,105.52,105.52,105.52,105.52,0
SUP010,20150916,105.49,105.49,105.49,105.49,0
SUP010,20150917,105.53,105.53,105.53,105.53,0
SUP010,20150918,105.59,105.59,105.59,105.59,0
SUP010,20150921,105.57,105.57,105.57,105.57,0
SUP010,20150922,105.56,105.56,105.56,105.56,0
SUP010,20150923,105.54,105.54,105.54,105.54,0
SUP010,20150924,105.52,105.52,105.52,105.52,0
SUP010,20150925,105.45,105.45,105.45,105.45,0
SUP010,20150928,105.50,105.50,105.50,105.50,0
SUP010,20150929,105.45,105.45,105.45,105.45,0
SUP010,20150930,105.46,105.46,105.46,105.46,0
SUP010,20151001,105.49,105.49,105.49,105.49,0
SUP010,20151002,105.56,105.56,105.56,105.56,0
SUP010,20151005,105.61,105.61,105.61,105.61,0
SUP010,20151006,105.57,105.57,105.57,105.57,0
SUP010,20151007,105.55,105.55,105.55,105.55,0
SUP010,20151008,105.57,105.57,105.57,105.57,0
SUP010,20151009,105.55,105.55,105.55,105.55,0
SUP010,20151012,105.51,105.51,105.51,105.51,0
SUP010,20151013,105.49,105.49,105.49,105.49,0
SUP010,20151014,105.50,105.50,105.50,105.50,0
SUP010,20151015,105.54,105.54,105.54,105.54,0
SUP010,20151016,105.52,105.52,105.52,105.52,0
SUP010,20151019,105.49,105.49,105.49,105.49,0
SUP010,20151020,105.49,105.49,105.49,105.49,0
SUP010,20151021,105.49,105.49,105.49,105.49,0
SUP010,20151022,105.57,105.57,105.57,105.57,0
SUP010,20151023,105.63,105.63,105.63,105.63,0
SUP010,20151026,105.70,105.70,105.70,105.70,0
SUP010,20151027,105.75,105.75,105.75,105.75,0
SUP010,20151028,105.80,105.80,105.80,105.80,0
SUP010,20151029,105.76,105.76,105.76,105.76,0
SUP010,20151030,105.78,105.78,105.78,105.78,0
SUP010,20151102,105.75,105.75,105.75,105.75,0
SUP010,20151103,105.75,105.75,105.75,105.75,0
SUP010,20151104,105.70,105.70,105.70,105.70,0
SUP010,20151105,105.66,105.66,105.66,105.66,0
SUP010,20151106,105.55,105.55,105.55,105.55,0
SUP010,20151109,105.47,105.47,105.47,105.47,0
SUP010,20151110,105.53,105.53,105.53,105.53,0
SUP010,20151112,105.65,105.65,105.65,105.65,0
SUP010,20151113,105.67,105.67,105.67,105.67,0
SUP010,20151116,105.68,105.68,105.68,105.68,0
SUP010,20151117,105.62,105.62,105.62,105.62,0
SUP010,20151118,105.58,105.58,105.58,105.58,0
SUP010,20151119,105.60,105.60,105.60,105.60,0
SUP010,20151120,105.63,105.63,105.63,105.63,0
SUP010,20151123,105.59,105.59,105.59,105.59,0
SUP010,20151124,105.63,105.63,105.63,105.63,0
SUP010,20151125,105.63,105.63,105.63,105.63,0
SUP010,20151126,105.67,105.67,105.67,105.67,0
SUP010,20151127,105.65,105.65,105.65,105.65,0
SUP010,20151130,105.60,105.60,105.60,105.60,0
SUP010,20151201,105.60,105.60,105.60,105.60,0
SUP010,20151202,105.61,105.61,105.61,105.61,0
SUP010,20151203,105.62,105.62,105.62,105.62,0
SUP010,20151204,105.50,105.50,105.50,105.50,0
SUP010,20151207,105.53,105.53,105.53,105.53,0
SUP010,20151208,105.46,105.46,105.46,105.46,0
SUP010,20151209,105.40,105.40,105.40,105.40,0
SUP010,20151210,105.31,105.31,105.31,105.31,0
SUP010,20151211,105.15,105.15,105.15,105.15,0
SUP010,20151214,105.03,105.03,105.03,105.03,0
SUP010,20151215,105.06,105.06,105.06,105.06,0
SUP010,20151216,104.97,104.97,104.97,104.97,0
SUP010,20151217,105.07,105.07,105.07,105.07,0
SUP010,20151218,105.11,105.11,105.11,105.11,0
SUP010,20151221,105.10,105.10,105.10,105.10,0
SUP010,20151222,105.03,105.03,105.03,105.03,0
SUP010,20151223,105.04,105.04,105.04,105.04,0
SUP010,20151228,105.03,105.03,105.03,105.03,0
SUP010,20151229,105.14,105.14,105.14,105.14,0
SUP010,20151230,105.23,105.23,105.23,105.23,0
SUP010,20160104,105.29,105.29,105.29,105.29,0
SUP010,20160105,105.41,105.41,105.41,105.41,0
SUP010,20160107,105.48,105.48,105.48,105.48,0
SUP010,20160108,105.48,105.48,105.48,105.48,0
SUP010,20160111,105.58,105.58,105.58,105.58,0
SUP010,20160112,105.65,105.65,105.65,105.65,0
SUP010,20160113,105.68,105.68,105.68,105.68,0
SUP010,20160114,105.58,105.58,105.58,105.58,0
SUP010,20160115,105.54,105.54,105.54,105.54,0
SUP010,20160118,105.54,105.54,105.54,105.54,0
SUP010,20160119,105.49,105.49,105.49,105.49,0
SUP010,20160120,105.46,105.46,105.46,105.46,0
SUP010,20160121,105.53,105.53,105.53,105.53,0
SUP010,20160122,105.46,105.46,105.46,105.46,0
SUP010,20160125,105.50,105.50,105.50,105.50,0
SUP010,20160126,105.53,105.53,105.53,105.53,0
SUP010,20160127,105.54,105.54,105.54,105.54,0
SUP010,20160128,105.55,105.55,105.55,105.55,0
SUP010,20160129,105.56,105.56,105.56,105.56,0
SUP010,20160201,105.54,105.54,105.54,105.54,0
SUP010,20160202,105.58,105.58,105.58,105.58,0
SUP010,20160203,105.57,105.57,105.57,105.57,0
SUP010,20160204,105.58,105.58,105.58,105.58,0
SUP010,20160205,105.58,105.58,105.58,105.58,0
SUP010,20160208,105.54,105.54,105.54,105.54,0
SUP010,20160209,105.49,105.49,105.49,105.49,0
SUP010,20160210,105.48,105.48,105.48,105.48,0
SUP010,20160211,105.47,105.47,105.47,105.47,0
SUP010,20160212,105.44,105.44,105.44,105.44,0
SUP010,20160215,105.38,105.38,105.38,105.38,0
SUP010,20160216,105.39,105.39,105.39,105.39,0
SUP010,20160217,105.35,105.35,105.35,105.35,0
SUP010,20160218,105.40,105.40,105.40,105.40,0
SUP010,20160219,105.34,105.34,105.34,105.34,0
SUP010,20160222,105.21,105.21,105.21,105.21,0
SUP010,20160223,105.22,105.22,105.22,105.22,0
SUP010,20160224,105.28,105.28,105.28,105.28,0
SUP010,20160225,105.31,105.31,105.31,105.31,0
SUP010,20160226,105.21,105.21,105.21,105.21,0
SUP010,20160229,105.22,105.22,105.22,105.22,0
SUP010,20160301,105.13,105.13,105.13,105.13,0
SUP010,20160302,105.11,105.11,105.11,105.11,0
SUP010,20160303,105.07,105.07,105.07,105.07,0
SUP010,20160304,105.13,105.13,105.13,105.13,0
SUP010,20160307,105.14,105.14,105.14,105.14,0
SUP010,20160308,105.19,105.19,105.19,105.19,0
SUP010,20160309,105.13,105.13,105.13,105.13,0
SUP010,20160310,105.09,105.09,105.09,105.09,0
SUP010,20160311,105.16,105.16,105.16,105.16,0
SUP010,20160314,105.00,105.00,105.00,105.00,0
SUP010,20160315,104.99,104.99,104.99,104.99,0
SUP010,20160316,105.03,105.03,105.03,105.03,0
SUP010,20160317,105.05,105.05,105.05,105.05,0
SUP010,20160318,104.91,104.91,104.91,104.91,0
SUP010,20160321,104.87,104.87,104.87,104.87,0
SUP010,20160322,104.87,104.87,104.87,104.87,0
SUP010,20160323,104.85,104.85,104.85,104.85,0
SUP010,20160324,104.87,104.87,104.87,104.87,0
SUP010,20160329,104.87,104.87,104.87,104.87,0
SUP010,20160330,104.85,104.85,104.85,104.85,0
SUP010,20160331,104.87,104.87,104.87,104.87,0
SUP010,20160401,104.86,104.86,104.86,104.86,0
SUP010,20160404,104.83,104.83,104.83,104.83,0
SUP010,20160405,104.82,104.82,104.82,104.82,0
SUP010,20160406,104.80,104.80,104.80,104.80,0
SUP010,20160407,104.77,104.77,104.77,104.77,0
SUP010,20160408,104.78,104.78,104.78,104.78,0
SUP010,20160411,104.76,104.76,104.76,104.76,0
SUP010,20160412,104.75,104.75,104.75,104.75,0
SUP010,20160413,104.74,104.74,104.74,104.74,0
SUP010,20160414,104.79,104.79,104.79,104.79,0
SUP010,20160415,104.78,104.78,104.78,104.78,0
SUP010,20160418,104.76,104.76,104.76,104.76,0
SUP010,20160419,104.78,104.78,104.78,104.78,0
SUP010,20160420,104.82,104.82,104.82,104.82,0
SUP010,20160421,104.76,104.76,104.76,104.76,0
SUP010,20160422,104.89,104.89,104.89,104.89,0
SUP010,20160425,105.12,105.12,105.12,105.12,0
SUP010,20160426,105.16,105.16,105.16,105.16,0
SUP010,20160427,105.13,105.13,105.13,105.13,0
SUP010,20160428,105.15,105.15,105.15,105.15,0
SUP010,20160429,105.18,105.18,105.18,105.18,0
SUP010,20160502,105.06,105.06,105.06,105.06,0
SUP010,20160504,105.08,105.08,105.08,105.08,0
SUP010,20160505,105.04,105.04,105.04,105.04,0
SUP010,20160506,105.15,105.15,105.15,105.15,0
SUP010,20160509,105.11,105.11,105.11,105.11,0
SUP010,20160510,105.19,105.19,105.19,105.19,0
SUP010,20160511,105.18,105.18,105.18,105.18,0
SUP010,20160512,105.18,105.18,105.18,105.18,0
SUP010,20160513,105.10,105.10,105.10,105.10,0
SUP010,20160516,105.00,105.00,105.00,105.00,0
SUP010,20160517,104.94,104.94,104.94,104.94,0
SUP010,20160518,105.05,105.05,105.05,105.05,0
SUP010,20160519,105.02,105.02,105.02,105.02,0
SUP010,20160520,105.04,105.04,105.04,105.04,0
SUP010,20160523,105.06,105.06,105.06,105.06,0
SUP010,20160524,105.13,105.13,105.13,105.13,0
SUP010,20160525,105.03,105.03,105.03,105.03,0
SUP010,20160527,104.99,104.99,104.99,104.99,0
SUP010,20160530,104.92,104.92,104.92,104.92,0
SUP010,20160531,104.86,104.86,104.86,104.86,0
SUP010,20160601,104.86,104.86,104.86,104.86,0
SUP010,20160602,104.85,104.85,104.85,104.85,0
SUP010,20160603,104.81,104.81,104.81,104.81,0
SUP010,20160606,104.76,104.76,104.76,104.76,0
SUP010,20160607,104.64,104.64,104.64,104.64,0
SUP010,20160608,104.63,104.63,104.63,104.63,0
SUP010,20160609,104.60,104.60,104.60,104.60,0
SUP010,20160610,104.65,104.65,104.65,104.65,0
SUP010,20160613,104.70,104.70,104.70,104.70,0
SUP010,20160614,104.74,104.74,104.74,104.74,0
SUP010,20160615,104.64,104.64,104.64,104.64,0
SUP010,20160616,104.75,104.75,104.75,104.75,0
SUP010,20160617,104.76,104.76,104.76,104.76,0
SUP010,20160620,104.71,104.71,104.71,104.71,0
SUP010,20160621,104.71,104.71,104.71,104.71,0
SUP010,20160622,104.71,104.71,104.71,104.71,0
SUP010,20160623,104.72,104.72,104.72,104.72,0
SUP010,20160624,104.83,104.83,104.83,104.83,0
SUP010,20160627,104.85,104.85,104.85,104.85,0
SUP010,20160628,104.79,104.79,104.79,104.79,0
SUP010,20160629,104.83,104.83,104.83,104.83,0
SUP010,20160630,104.89,104.89,104.89,104.89,0
SUP010,20160701,104.79,104.79,104.79,104.79,0
SUP010,20160704,104.91,104.91,104.91,104.91,0
SUP010,20160705,104.98,104.98,104.98,104.98,0
SUP010,20160706,105.07,105.07,105.07,105.07,0
SUP010,20160707,104.99,104.99,104.99,104.99,0
SUP010,20160708,104.93,104.93,104.93,104.93,0
SUP010,20160711,104.95,104.95,104.95,104.95,0
SUP010,20160712,105.00,105.00,105.00,105.00,0
SUP010,20160713,104.93,104.93,104.93,104.93,0
SUP010,20160714,104.95,104.95,104.95,104.95,0
SUP010,20160715,104.95,104.95,104.95,104.95,0
SUP010,20160718,104.92,104.92,104.92,104.92,0
SUP010,20160719,104.86,104.86,104.86,104.86,0
SUP010,20160720,104.84,104.84,104.84,104.84,0
SUP010,20160721,104.84,104.84,104.84,104.84,0
SUP010,20160722,104.83,104.83,104.83,104.83,0
SUP010,20160725,104.86,104.86,104.86,104.86,0
SUP010,20160726,104.88,104.88,104.88,104.88,0
SUP010,20160727,104.93,104.93,104.93,104.93,0
SUP010,20160728,104.36,104.36,104.36,104.36,0
SUP010,20160729,104.34,104.34,104.34,104.34,0
SUP010,20160801,104.34,104.34,104.34,104.34,0
SUP010,20160802,104.48,104.48,104.48,104.48,0
SUP010,20160803,104.38,104.38,104.38,104.38,0
SUP010,20160804,104.38,104.38,104.38,104.38,0
SUP010,20160805,104.45,104.45,104.45,104.45,0
SUP010,20160808,104.47,104.47,104.47,104.47,0
SUP010,20160809,104.40,104.40,104.40,104.40,0
SUP010,20160810,104.40,104.40,104.40,104.40,0
SUP010,20160811,104.51,104.51,104.51,104.51,0
SUP010,20160812,104.54,104.54,104.54,104.54,0
SUP010,20160816,104.82,104.82,104.82,104.82,0
SUP010,20160817,104.93,104.93,104.93,104.93,0
SUP010,20160818,104.92,104.92,104.92,104.92,0
SUP010,20160819,105.02,105.02,105.02,105.02,0
SUP010,20160822,105.16,105.16,105.16,105.16,0
SUP010,20160823,105.26,105.26,105.26,105.26,0
SUP010,20160824,105.26,105.26,105.26,105.26,0
SUP010,20160825,105.30,105.30,105.30,105.30,0
SUP010,20160826,105.39,105.39,105.39,105.39,0
SUP010,20160829,105.43,105.43,105.43,105.43,0
SUP010,20160830,105.53,105.53,105.53,105.53,0
SUP010,20160831,105.61,105.61,105.61,105.61,0
SUP010,20160901,105.62,105.62,105.62,105.62,0
SUP010,20160902,105.66,105.66,105.66,105.66,0
SUP010,20160905,105.50,105.50,105.50,105.50,0
SUP010,20160906,105.40,105.40,105.40,105.40,0
SUP010,20160907,105.42,105.42,105.42,105.42,0
SUP010,20160908,105.36,105.36,105.36,105.36,0
SUP010,20160909,105.33,105.33,105.33,105.33,0
SUP010,20160912,105.21,105.21,105.21,105.21,0
SUP010,20160913,105.29,105.29,105.29,105.29,0
SUP010,20160914,105.15,105.15,105.15,105.15,0
SUP010,20160915,105.08,105.08,105.08,105.08,0
SUP010,20160916,105.00,105.00,105.00,105.00,0
SUP010,20160919,104.96,104.96,104.96,104.96,0
SUP010,20160920,104.94,104.94,104.94,104.94,0
SUP010,20160921,104.96,104.96,104.96,104.96,0
SUP010,20160922,104.92,104.92,104.92,104.92,0
SUP010,20160923,105.01,105.01,105.01,105.01,0
SUP010,20160926,104.99,104.99,104.99,104.99,0
SUP010,20160927,104.84,104.84,104.84,104.84,0
SUP010,20160928,104.78,104.78,104.78,104.78,0
SUP010,20160929,104.77,104.77,104.77,104.77,0
SUP010,20160930,104.80,104.80,104.80,104.80,0
SUP010,20161003,104.66,104.66,104.66,104.66,0
SUP010,20161004,104.69,104.69,104.69,104.69,0
SUP010,20161005,104.69,104.69,104.69,104.69,0
SUP010,20161006,104.73,104.73,104.73,104.73,0
SUP010,20161007,104.63,104.63,104.63,104.63,0
SUP010,20161010,104.63,104.63,104.63,104.63,0
SUP010,20161011,104.60,104.60,104.60,104.60,0
SUP010,20161012,104.66,104.66,104.66,104.66,0
SUP010,20161013,104.89,104.89,104.89,104.89,0
SUP010,20161014,104.92,104.92,104.92,104.92,0
SUP010,20161017,104.86,104.86,104.86,104.86,0
SUP010,20161018,104.84,104.84,104.84,104.84,0
SUP010,20161019,104.87,104.87,104.87,104.87,0
SUP010,20161020,105.19,105.19,105.19,105.19,0
SUP010,20161021,105.16,105.16,105.16,105.16,0
SUP010,20161024,105.29,105.29,105.29,105.29,0
SUP010,20161025,105.15,105.15,105.15,105.15,0
SUP010,20161026,105.25,105.25,105.25,105.25,0
SUP010,20161027,105.30,105.30,105.30,105.30,0
SUP010,20161028,105.15,105.15,105.15,105.15,0
SUP010,20161031,105.15,105.15,105.15,105.15,0
SUP010,20161102,105.01,105.01,105.01,105.01,0
SUP010,20161103,105.03,105.03,105.03,105.03,0
SUP010,20161104,104.96,104.96,104.96,104.96,0
SUP010,20161107,105.04,105.04,105.04,105.04,0
SUP010,20161108,105.08,105.08,105.08,105.08,0
SUP010,20161109,105.04,105.04,105.04,105.04,0
SUP010,20161110,105.04,105.04,105.04,105.04,0
SUP010,20161114,104.89,104.89,104.89,104.89,0
SUP010,20161115,104.82,104.82,104.82,104.82,0
SUP010,20161116,104.90,104.90,104.90,104.90,0
SUP010,20161117,104.85,104.85,104.85,104.85,0
SUP010,20161118,104.81,104.81,104.81,104.81,0
SUP010,20161121,104.75,104.75,104.75,104.75,0
SUP010,20161122,104.65,104.65,104.65,104.65,0
SUP010,20161123,104.71,104.71,104.71,104.71,0
SUP010,20161124,104.65,104.65,104.65,104.65,0
SUP010,20161125,104.58,104.58,104.58,104.58,0
SUP010,20161128,104.54,104.54,104.54,104.54,0
SUP010,20161129,104.66,104.66,104.66,104.66,0
SUP010,20161130,104.67,104.67,104.67,104.67,0
SUP010,20161201,104.87,104.87,104.87,104.87,0
SUP010,20161202,104.80,104.80,104.80,104.80,0
SUP010,20161205,104.91,104.91,104.91,104.91,0
SUP010,20161206,105.05,105.05,105.05,105.05,0
SUP010,20161207,104.83,104.83,104.83,104.83,0
SUP010,20161208,104.98,104.98,104.98,104.98,0
SUP010,20161209,104.97,104.97,104.97,104.97,0
SUP010,20161212,105.10,105.10,105.10,105.10,0
SUP010,20161213,105.04,105.04,105.04,105.04,0
SUP010,20161214,105.00,105.00,105.00,105.00,0
SUP010,20161215,105.10,105.10,105.10,105.10,0
SUP010,20161216,104.96,104.96,104.96,104.96,0
SUP010,20161219,104.89,104.89,104.89,104.89,0
SUP010,20161220,104.93,104.93,104.93,104.93,0
SUP010,20161221,104.97,104.97,104.97,104.97,0
SUP010,20161222,104.96,104.96,104.96,104.96,0
SUP010,20161223,104.94,104.94,104.94,104.94,0
SUP010,20161227,104.91,104.91,104.91,104.91,0
SUP010,20161228,104.97,104.97,104.97,104.97,0
SUP010,20161229,104.92,104.92,104.92,104.92,0
SUP010,20161230,104.85,104.85,104.85,104.85,0
SUP010,20170102,104.67,104.67,104.67,104.67,0
SUP010,20170103,104.64,104.64,104.64,104.64,0
SUP010,20170104,104.59,104.59,104.59,104.59,0
SUP010,20170105,104.55,104.55,104.55,104.55,0
SUP010,20170109,104.60,104.60,104.60,104.60,0
SUP010,20170110,104.60,104.60,104.60,104.60,0
SUP010,20170111,104.66,104.66,104.66,104.66,0
SUP010,20170112,104.66,104.66,104.66,104.66,0
SUP010,20170113,104.71,104.71,104.71,104.71,0
SUP010,20170116,104.67,104.67,104.67,104.67,0
SUP010,20170117,104.68,104.68,104.68,104.68,0
SUP010,20170118,104.71,104.71,104.71,104.71,0
SUP010,20170119,104.74,104.74,104.74,104.74,0
SUP010,20170120,104.78,104.78,104.78,104.78,0
SUP010,20170123,104.72,104.72,104.72,104.72,0
SUP010,20170124,104.83,104.83,104.83,104.83,0
SUP010,20170125,104.94,104.94,104.94,104.94,0
SUP010,20170126,104.92,104.92,104.92,104.92,0
SUP010,20170127,104.86,104.86,104.86,104.86,0
SUP010,20170130,104.83,104.83,104.83,104.83,0
SUP010,20170131,104.84,104.84,104.84,104.84,0
SUP010,20170201,103.64,103.64,103.64,103.64,0
SUP010,20170202,103.56,103.56,103.56,103.56,0
SUP010,20170203,103.63,103.63,103.63,103.63,0
SUP010,20170206,103.57,103.57,103.57,103.57,0
SUP010,20170207,103.56,103.56,103.56,103.56,0
SUP010,20170208,103.49,103.49,103.49,103.49,0
SUP010,20170209,103.54,103.54,103.54,103.54,0
SUP010,20170210,103.56,103.56,103.56,103.56,0
SUP010,20170213,103.58,103.58,103.58,103.58,0
SUP010,20170214,103.59,103.59,103.59,103.59,0
SUP010,20170215,103.66,103.66,103.66,103.66,0
SUP010,20170216,103.62,103.62,103.62,103.62,0
SUP010,20170217,103.61,103.61,103.61,103.61,0
SUP010,20170220,103.61,103.61,103.61,103.61,0
SUP010,20170221,103.65,103.65,103.65,103.65,0
SUP010,20170222,103.66,103.66,103.66,103.66,0
SUP010,20170223,103.65,103.65,103.65,103.65,0
SUP010,20170224,103.72,103.72,103.72,103.72,0
SUP010,20170227,103.81,103.81,103.81,103.81,0
SUP010,20170228,103.86,103.86,103.86,103.86,0
SUP010,20170301,103.66,103.66,103.66,103.66,0
SUP010,20170302,103.73,103.73,103.73,103.73,0
SUP010,20170303,103.83,103.83,103.83,103.83,0
SUP010,20170306,103.85,103.85,103.85,103.85,0
SUP010,20170307,103.82,103.82,103.82,103.82,0
SUP010,20170308,103.83,103.83,103.83,103.83,0
SUP010,20170309,103.86,103.86,103.86,103.86,0
SUP010,20170310,103.99,103.99,103.99,103.99,0
SUP010,20170313,103.90,103.90,103.90,103.90,0
SUP010,20170314,103.84,103.84,103.84,103.84,0
SUP010,20170315,103.81,103.81,103.81,103.81,0
SUP010,20170316,104.11,104.11,104.11,104.11,0
SUP010,20170317,104.26,104.26,104.26,104.26,0
SUP010,20170320,104.45,104.45,104.45,104.45,0
SUP010,20170321,104.46,104.46,104.46,104.46,0
SUP010,20170322,104.50,104.50,104.50,104.50,0
SUP010,20170323,104.56,104.56,104.56,104.56,0
SUP010,20170324,104.64,104.64,104.64,104.64,0
SUP010,20170327,104.67,104.67,104.67,104.67,0
SUP010,20170328,104.54,104.54,104.54,104.54,0
SUP010,20170329,104.46,104.46,104.46,104.46,0
SUP010,20170330,104.48,104.48,104.48,104.48,0
SUP010,20170331,104.53,104.53,104.53,104.53,0
SUP010,20170403,104.70,104.70,104.70,104.70,0
SUP010,20170404,104.67,104.67,104.67,104.67,0
SUP010,20170405,104.68,104.68,104.68,104.68,0
SUP010,20170406,104.71,104.71,104.71,104.71,0
SUP010,20170407,104.68,104.68,104.68,104.68,0
SUP010,20170410,104.66,104.66,104.66,104.66,0
SUP010,20170411,104.64,104.64,104.64,104.64,0
SUP010,20170412,104.69,104.69,104.69,104.69,0
SUP010,20170413,104.67,104.67,104.67,104.67,0
SUP010,20170418,104.71,104.71,104.71,104.71,0
SUP010,20170419,104.80,104.80,104.80,104.80,0
SUP010,20170420,104.80,104.80,104.80,104.80,0
SUP010,20170421,104.80,104.80,104.80,104.80,0
SUP010,20170424,105.05,105.05,105.05,105.05,0
SUP010,20170425,105.10,105.10,105.10,105.10,0
SUP010,20170426,105.08,105.08,105.08,105.08,0
SUP010,20170427,105.00,105.00,105.00,105.00,0
SUP010,20170428,105.02,105.02,105.02,105.02,0
SUP010,20170502,105.05,105.05,105.05,105.05,0
SUP010,20170504,105.22,105.22,105.22,105.22,0
SUP010,20170505,105.31,105.31,105.31,105.31,0
SUP010,20170508,105.35,105.35,105.35,105.35,0
SUP010,20170509,105.44,105.44,105.44,105.44,0
SUP010,20170510,105.48,105.48,105.48,105.48,0
SUP010,20170511,105.57,105.57,105.57,105.57,0
SUP010,20170512,105.62,105.62,105.62,105.62,0
SUP010,20170515,105.70,105.70,105.70,105.70,0
SUP010,20170516,105.79,105.79,105.79,105.79,0
SUP010,20170517,105.78,105.78,105.78,105.78,0
SUP010,20170518,105.75,105.75,105.75,105.75,0
SUP010,20170519,105.77,105.77,105.77,105.77,0
SUP010,20170522,105.83,105.83,105.83,105.83,0
SUP010,20170523,105.87,105.87,105.87,105.87,0
SUP010,20170524,105.91,105.91,105.91,105.91,0
SUP010,20170525,105.90,105.90,105.90,105.90,0
SUP010,20170526,105.92,105.92,105.92,105.92,0
SUP010,20170529,105.93,105.93,105.93,105.93,0
SUP010,20170530,105.94,105.94,105.94,105.94,0
SUP010,20170531,105.99,105.99,105.99,105.99,0
SUP010,20170601,106.00,106.00,106.00,106.00,0
SUP010,20170602,106.04,106.04,106.04,106.04,0
SUP010,20170605,106.11,106.11,106.11,106.11,0
SUP010,20170606,106.09,106.09,106.09,106.09,0
SUP010,20170607,106.06,106.06,106.06,106.06,0
SUP010,20170608,106.06,106.06,106.06,106.06,0
SUP010,20170609,105.91,105.91,105.91,105.91,0
SUP010,20170612,105.86,105.86,105.86,105.86,0
SUP010,20170613,105.89,105.89,105.89,105.89,0
SUP010,20170614,105.70,105.70,105.70,105.70,0
SUP010,20170616,105.90,105.90,105.90,105.90,0
SUP010,20170619,105.90,105.90,105.90,105.90,0
SUP010,20170620,105.87,105.87,105.87,105.87,0
SUP010,20170621,105.82,105.82,105.82,105.82,0
SUP010,20170622,105.80,105.80,105.80,105.80,0
SUP010,20170623,105.74,105.74,105.74,105.74,0
SUP010,20170626,105.81,105.81,105.81,105.81,0
SUP010,20170627,105.91,105.91,105.91,105.91,0
SUP010,20170628,105.90,105.90,105.90,105.90,0
SUP010,20170629,105.95,105.95,105.95,105.95,0
SUP010,20170630,105.96,105.96,105.96,105.96,0
SUP010,20170703,106.06,106.06,106.06,106.06,0
SUP010,20170704,106.22,106.22,106.22,106.22,0
SUP010,20170705,106.08,106.08,106.08,106.08,0
SUP010,20170706,106.15,106.15,106.15,106.15,0
SUP010,20170707,106.13,106.13,106.13,106.13,0
SUP010,20170710,106.15,106.15,106.15,106.15,0
SUP010,20170711,106.22,106.22,106.22,106.22,0
SUP010,20170712,106.20,106.20,106.20,106.20,0
SUP010,20170713,106.23,106.23,106.23,106.23,0
SUP010,20170714,106.26,106.26,106.26,106.26,0
SUP010,20170717,106.31,106.31,106.31,106.31,0
SUP010,20170718,106.35,106.35,106.35,106.35,0
SUP010,20170719,106.30,106.30,106.30,106.30,0
SUP010,20170720,106.30,106.30,106.30,106.30,0
SUP010,20170721,106.22,106.22,106.22,106.22,0
SUP010,20170724,106.26,106.26,106.26,106.26,0
SUP010,20170725,106.32,106.32,106.32,106.32,0
SUP010,20170726,106.27,106.27,106.27,106.27,0
SUP010,20170727,106.26,106.26,106.26,106.26,0
SUP010,20170728,106.26,106.26,106.26,106.26,0
SUP010,20170731,106.20,106.20,106.20,106.20,0
SUP010,20170801,106.17,106.17,106.17,106.17,0
SUP010,20170802,106.18,106.18,106.18,106.18,0
SUP010,20170803,106.23,106.23,106.23,106.23,0
SUP010,20170804,106.18,106.18,106.18,106.18,0
SUP010,20170807,106.19,106.19,106.19,106.19,0
SUP010,20170808,106.22,106.22,106.22,106.22,0
SUP010,20170809,106.11,106.11,106.11,106.11,0
SUP010,20170810,105.94,105.94,105.94,105.94,0
SUP010,20170811,105.77,105.77,105.77,105.77,0
SUP010,20170814,105.81,105.81,105.81,105.81,0
SUP010,20170816,105.94,105.94,105.94,105.94,0
SUP010,20170817,106.09,106.09,106.09,106.09,0
SUP010,20170818,106.15,106.15,106.15,106.15,0
SUP010,20170821,106.23,106.23,106.23,106.23,0
SUP010,20170822,106.18,106.18,106.18,106.18,0
SUP010,20170823,106.13,106.13,106.13,106.13,0
SUP010,20170824,106.17,106.17,106.17,106.17,0
SUP010,20170825,106.16,106.16,106.16,106.16,0
SUP010,20170828,106.17,106.17,106.17,106.17,0
SUP010,20170829,106.16,106.16,106.16,106.16,0
SUP010,20170830,106.15,106.15,106.15,106.15,0
SUP010,20170831,106.17,106.17,106.17,106.17,0
SUP010,20170901,106.23,106.23,106.23,106.23,0
SUP010,20170904,106.27,106.27,106.27,106.27,0
SUP010,20170905,106.43,106.43,106.43,106.43,0
SUP010,20170906,106.60,106.60,106.60,106.60,0
SUP010,20170907,106.76,106.76,106.76,106.76,0
SUP010,20170908,106.76,106.76,106.76,106.76,0
SUP010,20170911,106.76,106.76,106.76,106.76,0
SUP010,20170912,106.75,106.75,106.75,106.75,0
SUP010,20170913,106.73,106.73,106.73,106.73,0
SUP010,20170914,106.75,106.75,106.75,106.75,0
SUP010,20170915,106.78,106.78,106.78,106.78,0
SUP010,20170918,106.81,106.81,106.81,106.81,0
SUP010,20170919,106.70,106.70,106.70,106.70,0
SUP010,20170920,106.65,106.65,106.65,106.65,0
SUP010,20170921,106.61,106.61,106.61,106.61,0
