Name,Date,Open,High,Low,Close,Volume
UI_027,20120111,100.01,100.01,100.01,100.01,0
UI_027,20120112,100.02,100.02,100.02,100.02,0
UI_027,20120113,100.03,100.03,100.03,100.03,0
UI_027,20120116,100.07,100.07,100.07,100.07,0
UI_027,20120117,100.08,100.08,100.08,100.08,0
UI_027,20120118,100.09,100.09,100.09,100.09,0
UI_027,20120119,100.10,100.10,100.10,100.10,0
UI_027,20120120,100.11,100.11,100.11,100.11,0
UI_027,20120123,100.14,100.14,100.14,100.14,0
UI_027,20120124,100.15,100.15,100.15,100.15,0
UI_027,20120125,100.16,100.16,100.16,100.16,0
UI_027,20120126,100.17,100.17,100.17,100.17,0
UI_027,20120127,100.19,100.19,100.19,100.19,0
UI_027,20120130,100.22,100.22,100.22,100.22,0
UI_027,20120131,100.23,100.23,100.23,100.23,0
UI_027,20120201,100.25,100.25,100.25,100.25,0
UI_027,20120202,100.26,100.26,100.26,100.26,0
UI_027,20120203,100.27,100.27,100.27,100.27,0
UI_027,20120206,100.31,100.31,100.31,100.31,0
UI_027,20120207,100.32,100.32,100.32,100.32,0
UI_027,20120208,100.33,100.33,100.33,100.33,0
UI_027,20120209,100.34,100.34,100.34,100.34,0
UI_027,20120210,100.36,100.36,100.36,100.36,0
UI_027,20120213,100.39,100.39,100.39,100.39,0
UI_027,20120214,100.41,100.41,100.41,100.41,0
UI_027,20120215,100.42,100.42,100.42,100.42,0
UI_027,20120216,100.43,100.43,100.43,100.43,0
UI_027,20120217,100.44,100.44,100.44,100.44,0
UI_027,20120220,100.48,100.48,100.48,100.48,0
UI_027,20120221,100.49,100.49,100.49,100.49,0
UI_027,20120222,100.51,100.51,100.51,100.51,0
UI_027,20120223,100.52,100.52,100.52,100.52,0
UI_027,20120224,100.53,100.53,100.53,100.53,0
UI_027,20120227,100.57,100.57,100.57,100.57,0
UI_027,20120228,100.59,100.59,100.59,100.59,0
UI_027,20120229,100.60,100.60,100.60,100.60,0
UI_027,20120301,100.61,100.61,100.61,100.61,0
UI_027,20120302,100.63,100.63,100.63,100.63,0
UI_027,20120305,100.67,100.67,100.67,100.67,0
UI_027,20120306,100.78,100.78,100.78,100.78,0
UI_027,20120307,100.79,100.79,100.79,100.79,0
UI_027,20120308,100.80,100.80,100.80,100.80,0
UI_027,20120309,100.81,100.81,100.81,100.81,0
UI_027,20120312,100.85,100.85,100.85,100.85,0
UI_027,20120313,100.86,100.86,100.86,100.86,0
UI_027,20120314,100.88,100.88,100.88,100.88,0
UI_027,20120315,100.89,100.89,100.89,100.89,0
UI_027,20120316,100.90,100.90,100.90,100.90,0
UI_027,20120319,100.94,100.94,100.94,100.94,0
UI_027,20120320,100.96,100.96,100.96,100.96,0
UI_027,20120321,100.97,100.97,100.97,100.97,0
UI_027,20120322,100.98,100.98,100.98,100.98,0
UI_027,20120323,101.00,101.00,101.00,101.00,0
UI_027,20120326,101.04,101.04,101.04,101.04,0
UI_027,20120327,101.05,101.05,101.05,101.05,0
UI_027,20120328,101.06,101.06,101.06,101.06,0
UI_027,20120329,101.08,101.08,101.08,101.08,0
UI_027,20120330,101.09,101.09,101.09,101.09,0
UI_027,20120402,101.13,101.13,101.13,101.13,0
UI_027,20120403,101.15,101.15,101.15,101.15,0
UI_027,20120404,101.16,101.16,101.16,101.16,0
UI_027,20120405,101.17,101.17,101.17,101.17,0
UI_027,20120410,101.24,101.24,101.24,101.24,0
UI_027,20120411,101.25,101.25,101.25,101.25,0
UI_027,20120412,101.27,101.27,101.27,101.27,0
UI_027,20120413,101.28,101.28,101.28,101.28,0
UI_027,20120416,101.32,101.32,101.32,101.32,0
UI_027,20120417,101.33,101.33,101.33,101.33,0
UI_027,20120418,101.35,101.35,101.35,101.35,0
UI_027,20120419,101.36,101.36,101.36,101.36,0
UI_027,20120420,101.37,101.37,101.37,101.37,0
UI_027,20120423,101.41,101.41,101.41,101.41,0
UI_027,20120424,101.42,101.42,101.42,101.42,0
UI_027,20120425,101.44,101.44,101.44,101.44,0
UI_027,20120426,101.45,101.45,101.45,101.45,0
UI_027,20120427,101.46,101.46,101.46,101.46,0
UI_027,20120430,101.50,101.50,101.50,101.50,0
UI_027,20120502,101.52,101.52,101.52,101.52,0
UI_027,20120504,101.55,101.55,101.55,101.55,0
UI_027,20120507,101.59,101.59,101.59,101.59,0
UI_027,20120508,101.60,101.60,101.60,101.60,0
UI_027,20120509,101.61,101.61,101.61,101.61,0
UI_027,20120510,101.63,101.63,101.63,101.63,0
UI_027,20120511,101.64,101.64,101.64,101.64,0
UI_027,20120514,101.68,101.68,101.68,101.68,0
UI_027,20120515,101.69,101.69,101.69,101.69,0
UI_027,20120516,101.70,101.70,101.70,101.70,0
UI_027,20120517,101.72,101.72,101.72,101.72,0
UI_027,20120518,101.73,101.73,101.73,101.73,0
UI_027,20120521,101.76,101.76,101.76,101.76,0
UI_027,20120522,101.77,101.77,101.77,101.77,0
UI_027,20120523,101.78,101.78,101.78,101.78,0
UI_027,20120524,101.79,101.79,101.79,101.79,0
UI_027,20120525,101.81,101.81,101.81,101.81,0
UI_027,20120528,101.85,101.85,101.85,101.85,0
UI_027,20120529,101.86,101.86,101.86,101.86,0
UI_027,20120530,101.87,101.87,101.87,101.87,0
UI_027,20120531,101.89,101.89,101.89,101.89,0
UI_027,20120601,101.90,101.90,101.90,101.90,0
UI_027,20120604,101.94,101.94,101.94,101.94,0
UI_027,20120605,101.95,101.95,101.95,101.95,0
UI_027,20120606,101.96,101.96,101.96,101.96,0
UI_027,20120608,101.99,101.99,101.99,101.99,0
UI_027,20120611,102.03,102.03,102.03,102.03,0
UI_027,20120612,102.05,102.05,102.05,102.05,0
UI_027,20120613,102.06,102.06,102.06,102.06,0
UI_027,20120614,102.07,102.07,102.07,102.07,0
UI_027,20120615,102.09,102.09,102.09,102.09,0
UI_027,20120618,102.13,102.13,102.13,102.13,0
UI_027,20120619,102.14,102.14,102.14,102.14,0
UI_027,20120620,102.16,102.16,102.16,102.16,0
UI_027,20120621,102.17,102.17,102.17,102.17,0
UI_027,20120622,102.18,102.18,102.18,102.18,0
UI_027,20120625,102.20,102.20,102.20,102.20,0
UI_027,20120626,102.22,102.22,102.22,102.22,0
UI_027,20120627,102.23,102.23,102.23,102.23,0
UI_027,20120628,102.24,102.24,102.24,102.24,0
UI_027,20120629,102.26,102.26,102.26,102.26,0
UI_027,20120702,102.30,102.30,102.30,102.30,0
UI_027,20120703,102.32,102.32,102.32,102.32,0
UI_027,20120704,102.33,102.33,102.33,102.33,0
UI_027,20120705,102.35,102.35,102.35,102.35,0
UI_027,20120706,102.36,102.36,102.36,102.36,0
UI_027,20120709,102.40,102.40,102.40,102.40,0
UI_027,20120710,102.42,102.42,102.42,102.42,0
UI_027,20120711,102.43,102.43,102.43,102.43,0
UI_027,20120712,102.45,102.45,102.45,102.45,0
UI_027,20120713,102.46,102.46,102.46,102.46,0
UI_027,20120716,102.51,102.51,102.51,102.51,0
UI_027,20120717,102.52,102.52,102.52,102.52,0
UI_027,20120718,102.54,102.54,102.54,102.54,0
UI_027,20120719,102.56,102.56,102.56,102.56,0
UI_027,20120720,102.57,102.57,102.57,102.57,0
UI_027,20120723,102.62,102.62,102.62,102.62,0
UI_027,20120724,102.64,102.64,102.64,102.64,0
UI_027,20120725,102.65,102.65,102.65,102.65,0
UI_027,20120726,102.66,102.66,102.66,102.66,0
UI_027,20120727,102.67,102.67,102.67,102.67,0
UI_027,20120730,102.70,102.70,102.70,102.70,0
UI_027,20120731,102.72,102.72,102.72,102.72,0
UI_027,20120801,102.73,102.73,102.73,102.73,0
UI_027,20120802,102.75,102.75,102.75,102.75,0
UI_027,20120803,102.76,102.76,102.76,102.76,0
UI_027,20120806,102.81,102.81,102.81,102.81,0
UI_027,20120807,102.87,102.87,102.87,102.87,0
UI_027,20120808,102.89,102.89,102.89,102.89,0
UI_027,20120809,102.89,102.89,102.89,102.89,0
UI_027,20120810,102.90,102.90,102.90,102.90,0
UI_027,20120813,102.91,102.91,102.91,102.91,0
UI_027,20120814,102.92,102.92,102.92,102.92,0
UI_027,20120816,102.93,102.93,102.93,102.93,0
UI_027,20120817,102.94,102.94,102.94,102.94,0
UI_027,20120820,102.99,102.99,102.99,102.99,0
UI_027,20120821,103.00,103.00,103.00,103.00,0
UI_027,20120822,103.02,103.02,103.02,103.02,0
UI_027,20120823,103.03,103.03,103.03,103.03,0
UI_027,20120824,103.05,103.05,103.05,103.05,0
UI_027,20120827,103.09,103.09,103.09,103.09,0
UI_027,20120828,103.11,103.11,103.11,103.11,0
UI_027,20120829,103.12,103.12,103.12,103.12,0
UI_027,20120830,103.14,103.14,103.14,103.14,0
UI_027,20120831,103.15,103.15,103.15,103.15,0
UI_027,20120903,103.19,103.19,103.19,103.19,0
UI_027,20120904,103.21,103.21,103.21,103.21,0
UI_027,20120905,103.22,103.22,103.22,103.22,0
UI_027,20120906,103.24,103.24,103.24,103.24,0
UI_027,20120907,103.25,103.25,103.25,103.25,0
UI_027,20120910,103.30,103.30,103.30,103.30,0
UI_027,20120911,103.31,103.31,103.31,103.31,0
UI_027,20120912,103.32,103.32,103.32,103.32,0
UI_027,20120913,103.37,103.37,103.37,103.37,0
UI_027,20120914,103.38,103.38,103.38,103.38,0
UI_027,20120917,103.43,103.43,103.43,103.43,0
UI_027,20120918,103.44,103.44,103.44,103.44,0
UI_027,20120919,103.46,103.46,103.46,103.46,0
UI_027,20120920,103.47,103.47,103.47,103.47,0
UI_027,20120921,103.49,103.49,103.49,103.49,0
UI_027,20120924,103.54,103.54,103.54,103.54,0
UI_027,20120925,103.57,103.57,103.57,103.57,0
UI_027,20120926,103.59,103.59,103.59,103.59,0
UI_027,20120927,103.64,103.64,103.64,103.64,0
UI_027,20120928,103.65,103.65,103.65,103.65,0
UI_027,20121001,103.70,103.70,103.70,103.70,0
UI_027,20121002,103.72,103.72,103.72,103.72,0
UI_027,20121003,103.74,103.74,103.74,103.74,0
UI_027,20121004,103.75,103.75,103.75,103.75,0
UI_027,20121005,103.78,103.78,103.78,103.78,0
UI_027,20121008,103.83,103.83,103.83,103.83,0
UI_027,20121009,103.85,103.85,103.85,103.85,0
UI_027,20121010,103.87,103.87,103.87,103.87,0
UI_027,20121011,103.89,103.89,103.89,103.89,0
UI_027,20121012,103.91,103.91,103.91,103.91,0
UI_027,20121015,103.96,103.96,103.96,103.96,0
UI_027,20121016,103.98,103.98,103.98,103.98,0
UI_027,20121017,104.00,104.00,104.00,104.00,0
UI_027,20121018,104.04,104.04,104.04,104.04,0
UI_027,20121019,104.06,104.06,104.06,104.06,0
UI_027,20121022,104.13,104.13,104.13,104.13,0
UI_027,20121023,104.18,104.18,104.18,104.18,0
UI_027,20121024,104.20,104.20,104.20,104.20,0
UI_027,20121025,104.21,104.21,104.21,104.21,0
UI_027,20121026,104.23,104.23,104.23,104.23,0
UI_027,20121029,104.28,104.28,104.28,104.28,0
UI_027,20121030,104.30,104.30,104.30,104.30,0
UI_027,20121031,104.32,104.32,104.32,104.32,0
UI_027,20121102,104.35,104.35,104.35,104.35,0
UI_027,20121105,104.40,104.40,104.40,104.40,0
UI_027,20121106,104.42,104.42,104.42,104.42,0
UI_027,20121107,104.43,104.43,104.43,104.43,0
UI_027,20121108,104.45,104.45,104.45,104.45,0
UI_027,20121109,104.47,104.47,104.47,104.47,0
UI_027,20121112,104.52,104.52,104.52,104.52,0
UI_027,20121113,104.54,104.54,104.54,104.54,0
UI_027,20121114,104.56,104.56,104.56,104.56,0
UI_027,20121115,104.58,104.58,104.58,104.58,0
UI_027,20121116,104.60,104.60,104.60,104.60,0
UI_027,20121119,104.66,104.66,104.66,104.66,0
UI_027,20121120,104.67,104.67,104.67,104.67,0
UI_027,20121121,104.69,104.69,104.69,104.69,0
UI_027,20121122,104.71,104.71,104.71,104.71,0
UI_027,20121123,104.73,104.73,104.73,104.73,0
UI_027,20121126,104.78,104.78,104.78,104.78,0
UI_027,20121127,104.80,104.80,104.80,104.80,0
UI_027,20121128,104.87,104.87,104.87,104.87,0
UI_027,20121129,104.98,104.98,104.98,104.98,0
UI_027,20121130,105.04,105.04,105.04,105.04,0
UI_027,20121203,105.10,105.10,105.10,105.10,0
UI_027,20121204,105.11,105.11,105.11,105.11,0
UI_027,20121205,105.22,105.22,105.22,105.22,0
UI_027,20121206,105.24,105.24,105.24,105.24,0
UI_027,20121207,105.26,105.26,105.26,105.26,0
UI_027,20121210,105.27,105.27,105.27,105.27,0
UI_027,20121211,105.29,105.29,105.29,105.29,0
UI_027,20121212,105.31,105.31,105.31,105.31,0
UI_027,20121213,105.33,105.33,105.33,105.33,0
UI_027,20121214,105.35,105.35,105.35,105.35,0
UI_027,20121217,105.40,105.40,105.40,105.40,0
UI_027,20121218,105.42,105.42,105.42,105.42,0
UI_027,20121219,105.44,105.44,105.44,105.44,0
UI_027,20121220,105.45,105.45,105.45,105.45,0
UI_027,20121221,105.47,105.47,105.47,105.47,0
UI_027,20121227,105.57,105.57,105.57,105.57,0
UI_027,20121228,105.59,105.59,105.59,105.59,0
UI_027,20130103,105.69,105.69,105.69,105.69,0
UI_027,20130104,105.70,105.70,105.70,105.70,0
UI_027,20130107,105.75,105.75,105.75,105.75,0
UI_027,20130108,105.76,105.76,105.76,105.76,0
UI_027,20130109,105.78,105.78,105.78,105.78,0
UI_027,20130110,105.80,105.80,105.80,105.80,0
UI_027,20130111,105.81,105.81,105.81,105.81,0
UI_027,20130114,105.86,105.86,105.86,105.86,0
UI_027,20130115,105.87,105.87,105.87,105.87,0
UI_027,20130116,105.89,105.89,105.89,105.89,0
UI_027,20130117,105.90,105.90,105.90,105.90,0
UI_027,20130118,105.91,105.91,105.91,105.91,0
UI_027,20130121,105.95,105.95,105.95,105.95,0
UI_027,20130122,105.96,105.96,105.96,105.96,0
UI_027,20130123,105.98,105.98,105.98,105.98,0
UI_027,20130124,105.99,105.99,105.99,105.99,0
UI_027,20130125,106.00,106.00,106.00,106.00,0
UI_027,20130128,106.05,106.05,106.05,106.05,0
UI_027,20130129,106.06,106.06,106.06,106.06,0
UI_027,20130130,106.08,106.08,106.08,106.08,0
UI_027,20130131,106.09,106.09,106.09,106.09,0
UI_027,20130201,106.10,106.10,106.10,106.10,0
UI_027,20130204,106.15,106.15,106.15,106.15,0
UI_027,20130205,106.16,106.16,106.16,106.16,0
UI_027,20130206,106.17,106.17,106.17,106.17,0
UI_027,20130207,106.18,106.18,106.18,106.18,0
UI_027,20130208,106.20,106.20,106.20,106.20,0
UI_027,20130211,106.24,106.24,106.24,106.24,0
UI_027,20130212,106.25,106.25,106.25,106.25,0
UI_027,20130213,106.26,106.26,106.26,106.26,0
UI_027,20130214,106.28,106.28,106.28,106.28,0
UI_027,20130215,106.29,106.29,106.29,106.29,0
UI_027,20130218,106.33,106.33,106.33,106.33,0
UI_027,20130219,106.35,106.35,106.35,106.35,0
UI_027,20130220,106.36,106.36,106.36,106.36,0
UI_027,20130221,106.37,106.37,106.37,106.37,0
UI_027,20130222,106.39,106.39,106.39,106.39,0
UI_027,20130225,106.43,106.43,106.43,106.43,0
UI_027,20130226,106.44,106.44,106.44,106.44,0
UI_027,20130227,106.46,106.46,106.46,106.46,0
UI_027,20130228,106.47,106.47,106.47,106.47,0
UI_027,20130301,106.49,106.49,106.49,106.49,0
UI_027,20130304,106.53,106.53,106.53,106.53,0
UI_027,20130305,106.54,106.54,106.54,106.54,0
UI_027,20130306,106.55,106.55,106.55,106.55,0
UI_027,20130307,106.57,106.57,106.57,106.57,0
UI_027,20130308,106.58,106.58,106.58,106.58,0
UI_027,20130311,106.62,106.62,106.62,106.62,0
UI_027,20130312,106.64,106.64,106.64,106.64,0
UI_027,20130313,106.65,106.65,106.65,106.65,0
UI_027,20130314,106.66,106.66,106.66,106.66,0
UI_027,20130315,106.67,106.67,106.67,106.67,0
UI_027,20130318,106.71,106.71,106.71,106.71,0
UI_027,20130319,106.72,106.72,106.72,106.72,0
UI_027,20130320,106.74,106.74,106.74,106.74,0
UI_027,20130321,106.75,106.75,106.75,106.75,0
UI_027,20130322,106.76,106.76,106.76,106.76,0
UI_027,20130325,106.80,106.80,106.80,106.80,0
UI_027,20130326,106.81,106.81,106.81,106.81,0
UI_027,20130327,106.82,106.82,106.82,106.82,0
UI_027,20130328,106.83,106.83,106.83,106.83,0
UI_027,20130402,106.90,106.90,106.90,106.90,0
UI_027,20130403,106.91,106.91,106.91,106.91,0
UI_027,20130404,106.92,106.92,106.92,106.92,0
UI_027,20130405,106.94,106.94,106.94,106.94,0
UI_027,20130408,106.97,106.97,106.97,106.97,0
UI_027,20130409,106.99,106.99,106.99,106.99,0
UI_027,20130410,107.00,107.00,107.00,107.00,0
UI_027,20130411,107.01,107.01,107.01,107.01,0
UI_027,20130412,107.02,107.02,107.02,107.02,0
UI_027,20130415,107.06,107.06,107.06,107.06,0
UI_027,20130417,107.09,107.09,107.09,107.09,0
UI_027,20130418,107.10,107.10,107.10,107.10,0
UI_027,20130419,107.11,107.11,107.11,107.11,0
UI_027,20130422,107.15,107.15,107.15,107.15,0
UI_027,20130423,107.16,107.16,107.16,107.16,0
UI_027,20130424,107.17,107.17,107.17,107.17,0
UI_027,20130425,107.18,107.18,107.18,107.18,0
UI_027,20130426,107.19,107.19,107.19,107.19,0
UI_027,20130429,107.23,107.23,107.23,107.23,0
UI_027,20130430,107.24,107.24,107.24,107.24,0
UI_027,20130502,107.26,107.26,107.26,107.26,0
UI_027,20130506,107.30,107.30,107.30,107.30,0
UI_027,20130507,107.31,107.31,107.31,107.31,0
UI_027,20130508,107.33,107.33,107.33,107.33,0
UI_027,20130509,107.34,107.34,107.34,107.34,0
UI_027,20130510,107.40,107.40,107.40,107.40,0
UI_027,20130513,107.43,107.43,107.43,107.43,0
UI_027,20130514,107.45,107.45,107.45,107.45,0
UI_027,20130515,107.46,107.46,107.46,107.46,0
UI_027,20130516,107.47,107.47,107.47,107.47,0
UI_027,20130517,107.48,107.48,107.48,107.48,0
UI_027,20130520,107.51,107.51,107.51,107.51,0
UI_027,20130521,107.52,107.52,107.52,107.52,0
UI_027,20130522,107.54,107.54,107.54,107.54,0
UI_027,20130523,107.55,107.55,107.55,107.55,0
UI_027,20130524,107.56,107.56,107.56,107.56,0
UI_027,20130527,107.59,107.59,107.59,107.59,0
UI_027,20130528,107.60,107.60,107.60,107.60,0
UI_027,20130529,107.61,107.61,107.61,107.61,0
UI_027,20130531,107.63,107.63,107.63,107.63,0
UI_027,20130603,107.66,107.66,107.66,107.66,0
UI_027,20130604,107.67,107.67,107.67,107.67,0
UI_027,20130605,107.68,107.68,107.68,107.68,0
UI_027,20130606,107.69,107.69,107.69,107.69,0
UI_027,20130607,107.71,107.71,107.71,107.71,0
UI_027,20130610,107.74,107.74,107.74,107.74,0
UI_027,20130611,107.75,107.75,107.75,107.75,0
UI_027,20130612,107.76,107.76,107.76,107.76,0
UI_027,20130613,107.77,107.77,107.77,107.77,0
UI_027,20130614,107.78,107.78,107.78,107.78,0
UI_027,20130617,107.81,107.81,107.81,107.81,0
UI_027,20130618,107.82,107.82,107.82,107.82,0
UI_027,20130619,107.83,107.83,107.83,107.83,0
UI_027,20130620,107.84,107.84,107.84,107.84,0
UI_027,20130621,107.85,107.85,107.85,107.85,0
UI_027,20130624,107.87,107.87,107.87,107.87,0
UI_027,20130625,107.88,107.88,107.88,107.88,0
UI_027,20130626,107.89,107.89,107.89,107.89,0
UI_027,20130627,107.90,107.90,107.90,107.90,0
UI_027,20130701,107.93,107.93,107.93,107.93,0
UI_027,20130702,107.94,107.94,107.94,107.94,0
UI_027,20130703,107.95,107.95,107.95,107.95,0
UI_027,20130704,107.96,107.96,107.96,107.96,0
UI_027,20130705,107.97,107.97,107.97,107.97,0
UI_027,20130708,107.99,107.99,107.99,107.99,0
UI_027,20130709,108.00,108.00,108.00,108.00,0
UI_027,20130710,108.01,108.01,108.01,108.01,0
UI_027,20130711,108.02,108.02,108.02,108.02,0
UI_027,20130712,108.03,108.03,108.03,108.03,0
UI_027,20130715,108.06,108.06,108.06,108.06,0
UI_027,20130716,108.07,108.07,108.07,108.07,0
UI_027,20130717,108.08,108.08,108.08,108.08,0
UI_027,20130718,108.08,108.08,108.08,108.08,0
UI_027,20130719,108.09,108.09,108.09,108.09,0
UI_027,20130722,108.12,108.12,108.12,108.12,0
UI_027,20130723,108.13,108.13,108.13,108.13,0
UI_027,20130724,108.14,108.14,108.14,108.14,0
UI_027,20130725,108.15,108.15,108.15,108.15,0
UI_027,20130726,108.16,108.16,108.16,108.16,0
UI_027,20130729,108.19,108.19,108.19,108.19,0
UI_027,20130730,108.19,108.19,108.19,108.19,0
UI_027,20130731,108.20,108.20,108.20,108.20,0
UI_027,20130801,108.21,108.21,108.21,108.21,0
UI_027,20130802,108.22,108.22,108.22,108.22,0
UI_027,20130805,108.25,108.25,108.25,108.25,0
UI_027,20130806,108.26,108.26,108.26,108.26,0
UI_027,20130807,108.27,108.27,108.27,108.27,0
UI_027,20130808,108.27,108.27,108.27,108.27,0
UI_027,20130809,108.28,108.28,108.28,108.28,0
UI_027,20130812,108.31,108.31,108.31,108.31,0
UI_027,20130813,108.32,108.32,108.32,108.32,0
UI_027,20130814,108.33,108.33,108.33,108.33,0
UI_027,20130816,108.34,108.34,108.34,108.34,0
UI_027,20130819,108.37,108.37,108.37,108.37,0
UI_027,20130820,108.37,108.37,108.37,108.37,0
UI_027,20130821,108.38,108.38,108.38,108.38,0
UI_027,20130822,108.39,108.39,108.39,108.39,0
UI_027,20130823,108.40,108.40,108.40,108.40,0
UI_027,20130826,108.43,108.43,108.43,108.43,0
UI_027,20130827,108.43,108.43,108.43,108.43,0
UI_027,20130828,108.44,108.44,108.44,108.44,0
UI_027,20130829,108.45,108.45,108.45,108.45,0
UI_027,20130830,108.46,108.46,108.46,108.46,0
UI_027,20130902,108.49,108.49,108.49,108.49,0
UI_027,20130903,108.49,108.49,108.49,108.49,0
UI_027,20130904,108.50,108.50,108.50,108.50,0
UI_027,20130905,108.51,108.51,108.51,108.51,0
UI_027,20130906,108.52,108.52,108.52,108.52,0
UI_027,20130909,108.55,108.55,108.55,108.55,0
UI_027,20130910,108.56,108.56,108.56,108.56,0
UI_027,20130911,108.56,108.56,108.56,108.56,0
UI_027,20130912,108.57,108.57,108.57,108.57,0
UI_027,20130913,108.58,108.58,108.58,108.58,0
UI_027,20130916,108.61,108.61,108.61,108.61,0
UI_027,20130917,108.61,108.61,108.61,108.61,0
UI_027,20130918,108.62,108.62,108.62,108.62,0
UI_027,20130919,108.63,108.63,108.63,108.63,0
UI_027,20130920,108.64,108.64,108.64,108.64,0
UI_027,20130923,108.66,108.66,108.66,108.66,0
UI_027,20130924,108.67,108.67,108.67,108.67,0
UI_027,20130925,108.68,108.68,108.68,108.68,0
UI_027,20130926,108.69,108.69,108.69,108.69,0
UI_027,20130927,108.70,108.70,108.70,108.70,0
UI_027,20130930,108.72,108.72,108.72,108.72,0
UI_027,20131001,108.73,108.73,108.73,108.73,0
UI_027,20131002,108.74,108.74,108.74,108.74,0
UI_027,20131003,108.75,108.75,108.75,108.75,0
UI_027,20131004,108.76,108.76,108.76,108.76,0
UI_027,20131007,108.78,108.78,108.78,108.78,0
UI_027,20131008,108.79,108.79,108.79,108.79,0
UI_027,20131009,108.80,108.80,108.80,108.80,0
UI_027,20131010,108.81,108.81,108.81,108.81,0
UI_027,20131011,108.82,108.82,108.82,108.82,0
UI_027,20131014,108.84,108.84,108.84,108.84,0
UI_027,20131015,108.85,108.85,108.85,108.85,0
UI_027,20131016,108.86,108.86,108.86,108.86,0
UI_027,20131017,108.87,108.87,108.87,108.87,0
UI_027,20131018,108.88,108.88,108.88,108.88,0
UI_027,20131021,108.90,108.90,108.90,108.90,0
UI_027,20131022,108.91,108.91,108.91,108.91,0
UI_027,20131023,108.92,108.92,108.92,108.92,0
UI_027,20131024,108.93,108.93,108.93,108.93,0
UI_027,20131025,108.94,108.94,108.94,108.94,0
UI_027,20131028,108.96,108.96,108.96,108.96,0
UI_027,20131029,108.97,108.97,108.97,108.97,0
UI_027,20131030,108.98,108.98,108.98,108.98,0
UI_027,20131031,108.99,108.99,108.99,108.99,0
UI_027,20131104,109.02,109.02,109.02,109.02,0
UI_027,20131105,109.03,109.03,109.03,109.03,0
UI_027,20131106,109.04,109.04,109.04,109.04,0
UI_027,20131107,109.05,109.05,109.05,109.05,0
UI_027,20131108,109.06,109.06,109.06,109.06,0
UI_027,20131112,109.09,109.09,109.09,109.09,0
UI_027,20131113,109.10,109.10,109.10,109.10,0
UI_027,20131114,109.11,109.11,109.11,109.11,0
UI_027,20131115,109.12,109.12,109.12,109.12,0
UI_027,20131118,109.14,109.14,109.14,109.14,0
UI_027,20131119,109.15,109.15,109.15,109.15,0
UI_027,20131120,109.16,109.16,109.16,109.16,0
UI_027,20131121,109.17,109.17,109.17,109.17,0
UI_027,20131122,109.18,109.18,109.18,109.18,0
UI_027,20131125,109.20,109.20,109.20,109.20,0
UI_027,20131126,109.21,109.21,109.21,109.21,0
UI_027,20131127,109.22,109.22,109.22,109.22,0
UI_027,20131128,109.23,109.23,109.23,109.23,0
UI_027,20131129,109.24,109.24,109.24,109.24,0
UI_027,20131202,109.26,109.26,109.26,109.26,0
UI_027,20131203,109.27,109.27,109.27,109.27,0
UI_027,20131204,109.28,109.28,109.28,109.28,0
UI_027,20131205,109.29,109.29,109.29,109.29,0
UI_027,20131206,109.30,109.30,109.30,109.30,0
UI_027,20131209,109.32,109.32,109.32,109.32,0
UI_027,20131210,109.33,109.33,109.33,109.33,0
UI_027,20131211,109.34,109.34,109.34,109.34,0
UI_027,20131212,109.35,109.35,109.35,109.35,0
UI_027,20131213,109.36,109.36,109.36,109.36,0
UI_027,20131216,109.38,109.38,109.38,109.38,0
UI_027,20131217,109.39,109.39,109.39,109.39,0
UI_027,20131218,109.40,109.40,109.40,109.40,0
UI_027,20131219,109.41,109.41,109.41,109.41,0
UI_027,20131220,109.42,109.42,109.42,109.42,0
UI_027,20131223,109.44,109.44,109.44,109.44,0
UI_027,20131227,109.47,109.47,109.47,109.47,0
UI_027,20131230,109.50,109.50,109.50,109.50,0
UI_027,20140103,109.53,109.53,109.53,109.53,0
UI_027,20140107,109.57,109.57,109.57,109.57,0
UI_027,20140108,109.58,109.58,109.58,109.58,0
UI_027,20140109,109.58,109.58,109.58,109.58,0
UI_027,20140110,109.59,109.59,109.59,109.59,0
UI_027,20140113,109.62,109.62,109.62,109.62,0
UI_027,20140114,109.62,109.62,109.62,109.62,0
UI_027,20140115,109.63,109.63,109.63,109.63,0
UI_027,20140116,109.64,109.64,109.64,109.64,0
UI_027,20140117,109.65,109.65,109.65,109.65,0
UI_027,20140120,109.68,109.68,109.68,109.68,0
UI_027,20140121,109.68,109.68,109.68,109.68,0
UI_027,20140122,109.69,109.69,109.69,109.69,0
UI_027,20140123,109.70,109.70,109.70,109.70,0
UI_027,20140124,109.71,109.71,109.71,109.71,0
UI_027,20140127,109.73,109.73,109.73,109.73,0
UI_027,20140128,109.74,109.74,109.74,109.74,0
UI_027,20140129,109.75,109.75,109.75,109.75,0
UI_027,20140130,109.76,109.76,109.76,109.76,0
UI_027,20140131,109.77,109.77,109.77,109.77,0
UI_027,20140203,109.80,109.80,109.80,109.80,0
UI_027,20140204,109.80,109.80,109.80,109.80,0
UI_027,20140205,109.81,109.81,109.81,109.81,0
UI_027,20140206,109.82,109.82,109.82,109.82,0
UI_027,20140207,109.83,109.83,109.83,109.83,0
UI_027,20140210,109.86,109.86,109.86,109.86,0
UI_027,20140211,109.86,109.86,109.86,109.86,0
UI_027,20140212,109.87,109.87,109.87,109.87,0
UI_027,20140213,109.88,109.88,109.88,109.88,0
UI_027,20140214,109.89,109.89,109.89,109.89,0
UI_027,20140217,109.92,109.92,109.92,109.92,0
UI_027,20140218,109.93,109.93,109.93,109.93,0
UI_027,20140219,109.93,109.93,109.93,109.93,0
UI_027,20140220,109.94,109.94,109.94,109.94,0
UI_027,20140221,109.95,109.95,109.95,109.95,0
UI_027,20140224,109.98,109.98,109.98,109.98,0
UI_027,20140225,109.99,109.99,109.99,109.99,0
UI_027,20140226,110.00,110.00,110.00,110.00,0
UI_027,20140227,110.00,110.00,110.00,110.00,0
UI_027,20140228,110.01,110.01,110.01,110.01,0
UI_027,20140303,110.04,110.04,110.04,110.04,0
UI_027,20140304,110.05,110.05,110.05,110.05,0
UI_027,20140305,110.06,110.06,110.06,110.06,0
UI_027,20140306,110.07,110.07,110.07,110.07,0
UI_027,20140307,110.08,110.08,110.08,110.08,0
UI_027,20140310,110.10,110.10,110.10,110.10,0
UI_027,20140311,110.11,110.11,110.11,110.11,0
UI_027,20140312,110.12,110.12,110.12,110.12,0
UI_027,20140313,110.13,110.13,110.13,110.13,0
UI_027,20140314,110.14,110.14,110.14,110.14,0
UI_027,20140317,110.17,110.17,110.17,110.17,0
UI_027,20140318,110.17,110.17,110.17,110.17,0
UI_027,20140319,110.18,110.18,110.18,110.18,0
UI_027,20140320,110.19,110.19,110.19,110.19,0
UI_027,20140321,110.20,110.20,110.20,110.20,0
UI_027,20140324,110.23,110.23,110.23,110.23,0
UI_027,20140325,110.24,110.24,110.24,110.24,0
UI_027,20140326,110.25,110.25,110.25,110.25,0
UI_027,20140327,110.26,110.26,110.26,110.26,0
UI_027,20140328,110.26,110.26,110.26,110.26,0
UI_027,20140331,110.29,110.29,110.29,110.29,0
UI_027,20140401,110.30,110.30,110.30,110.30,0
UI_027,20140402,110.31,110.31,110.31,110.31,0
UI_027,20140403,110.32,110.32,110.32,110.32,0
UI_027,20140404,110.33,110.33,110.33,110.33,0
UI_027,20140407,110.36,110.36,110.36,110.36,0
UI_027,20140408,110.36,110.36,110.36,110.36,0
UI_027,20140409,110.37,110.37,110.37,110.37,0
UI_027,20140410,110.38,110.38,110.38,110.38,0
UI_027,20140411,110.39,110.39,110.39,110.39,0
UI_027,20140414,110.42,110.42,110.42,110.42,0
UI_027,20140415,110.43,110.43,110.43,110.43,0
UI_027,20140416,110.44,110.44,110.44,110.44,0
UI_027,20140417,110.45,110.45,110.45,110.45,0
UI_027,20140422,110.49,110.49,110.49,110.49,0
UI_027,20140423,110.50,110.50,110.50,110.50,0
UI_027,20140424,110.51,110.51,110.51,110.51,0
UI_027,20140425,110.52,110.52,110.52,110.52,0
UI_027,20140428,110.55,110.55,110.55,110.55,0
UI_027,20140429,110.55,110.55,110.55,110.55,0
UI_027,20140430,110.56,110.56,110.56,110.56,0
UI_027,20140502,110.58,110.58,110.58,110.58,0
UI_027,20140505,110.61,110.61,110.61,110.61,0
UI_027,20140506,110.62,110.62,110.62,110.62,0
UI_027,20140507,110.63,110.63,110.63,110.63,0
UI_027,20140508,110.64,110.64,110.64,110.64,0
UI_027,20140509,110.65,110.65,110.65,110.65,0
UI_027,20140512,110.67,110.67,110.67,110.67,0
UI_027,20140513,110.68,110.68,110.68,110.68,0
UI_027,20140514,110.69,110.69,110.69,110.69,0
UI_027,20140515,110.70,110.70,110.70,110.70,0
UI_027,20140516,110.71,110.71,110.71,110.71,0
UI_027,20140519,110.74,110.74,110.74,110.74,0
UI_027,20140520,110.75,110.75,110.75,110.75,0
UI_027,20140521,110.76,110.76,110.76,110.76,0
UI_027,20140522,110.76,110.76,110.76,110.76,0
UI_027,20140523,110.77,110.77,110.77,110.77,0
UI_027,20140526,110.80,110.80,110.80,110.80,0
UI_027,20140527,110.81,110.81,110.81,110.81,0
UI_027,20140528,110.82,110.82,110.82,110.82,0
UI_027,20140529,110.83,110.83,110.83,110.83,0
UI_027,20140530,110.84,110.84,110.84,110.84,0
UI_027,20140602,110.87,110.87,110.87,110.87,0
UI_027,20140603,110.88,110.88,110.88,110.88,0
UI_027,20140604,110.89,110.89,110.89,110.89,0
UI_027,20140605,110.90,110.90,110.90,110.90,0
UI_027,20140606,110.91,110.91,110.91,110.91,0
UI_027,20140610,110.94,110.94,110.94,110.94,0
UI_027,20140611,110.95,110.95,110.95,110.95,0
UI_027,20140612,110.96,110.96,110.96,110.96,0
UI_027,20140613,110.98,110.98,110.98,110.98,0
UI_027,20140616,111.00,111.00,111.00,111.00,0
UI_027,20140617,111.01,111.01,111.01,111.01,0
UI_027,20140618,111.02,111.02,111.02,111.02,0
UI_027,20140620,111.04,111.04,111.04,111.04,0
UI_027,20140623,111.07,111.07,111.07,111.07,0
UI_027,20140624,111.08,111.08,111.08,111.08,0
UI_027,20140625,111.09,111.09,111.09,111.09,0
UI_027,20140626,111.10,111.10,111.10,111.10,0
UI_027,20140627,111.11,111.11,111.11,111.11,0
UI_027,20140630,111.14,111.14,111.14,111.14,0
UI_027,20140701,111.15,111.15,111.15,111.15,0
UI_027,20140702,111.16,111.16,111.16,111.16,0
UI_027,20140703,111.17,111.17,111.17,111.17,0
UI_027,20140704,111.18,111.18,111.18,111.18,0
UI_027,20140707,111.21,111.21,111.21,111.21,0
UI_027,20140708,111.22,111.22,111.22,111.22,0
UI_027,20140709,111.23,111.23,111.23,111.23,0
UI_027,20140710,111.24,111.24,111.24,111.24,0
UI_027,20140711,111.25,111.25,111.25,111.25,0
UI_027,20140714,111.28,111.28,111.28,111.28,0
UI_027,20140715,111.29,111.29,111.29,111.29,0
UI_027,20140716,111.30,111.30,111.30,111.30,0
UI_027,20140717,111.31,111.31,111.31,111.31,0
UI_027,20140718,111.32,111.32,111.32,111.32,0
UI_027,20140721,111.35,111.35,111.35,111.35,0
UI_027,20140722,111.36,111.36,111.36,111.36,0
UI_027,20140723,111.37,111.37,111.37,111.37,0
UI_027,20140724,111.38,111.38,111.38,111.38,0
UI_027,20140725,111.39,111.39,111.39,111.39,0
UI_027,20140728,111.42,111.42,111.42,111.42,0
UI_027,20140729,111.43,111.43,111.43,111.43,0
UI_027,20140730,111.44,111.44,111.44,111.44,0
UI_027,20140731,111.45,111.45,111.45,111.45,0
UI_027,20140801,111.46,111.46,111.46,111.46,0
UI_027,20140804,111.49,111.49,111.49,111.49,0
UI_027,20140805,111.50,111.50,111.50,111.50,0
UI_027,20140806,111.51,111.51,111.51,111.51,0
UI_027,20140807,111.52,111.52,111.52,111.52,0
UI_027,20140808,111.53,111.53,111.53,111.53,0
UI_027,20140811,111.58,111.58,111.58,111.58,0
UI_027,20140812,111.59,111.59,111.59,111.59,0
UI_027,20140813,111.60,111.60,111.60,111.60,0
UI_027,20140814,111.61,111.61,111.61,111.61,0
UI_027,20140818,111.65,111.65,111.65,111.65,0
UI_027,20140819,111.66,111.66,111.66,111.66,0
UI_027,20140820,111.67,111.67,111.67,111.67,0
UI_027,20140821,111.68,111.68,111.68,111.68,0
UI_027,20140822,111.69,111.69,111.69,111.69,0
UI_027,20140825,111.72,111.72,111.72,111.72,0
UI_027,20140826,111.73,111.73,111.73,111.73,0
UI_027,20140827,111.74,111.74,111.74,111.74,0
UI_027,20140828,111.75,111.75,111.75,111.75,0
UI_027,20140829,111.76,111.76,111.76,111.76,0
UI_027,20140901,111.80,111.80,111.80,111.80,0
UI_027,20140903,111.81,111.81,111.81,111.81,0
UI_027,20140904,111.82,111.82,111.82,111.82,0
UI_027,20140905,111.83,111.83,111.83,111.83,0
UI_027,20140908,111.86,111.86,111.86,111.86,0
UI_027,20140909,111.88,111.88,111.88,111.88,0
UI_027,20140910,111.89,111.89,111.89,111.89,0
UI_027,20140911,111.90,111.90,111.90,111.90,0
UI_027,20140912,111.91,111.91,111.91,111.91,0
UI_027,20140915,111.93,111.93,111.93,111.93,0
UI_027,20140916,111.94,111.94,111.94,111.94,0
UI_027,20140917,111.95,111.95,111.95,111.95,0
UI_027,20140918,111.96,111.96,111.96,111.96,0
UI_027,20140919,111.97,111.97,111.97,111.97,0
UI_027,20140922,112.00,112.00,112.00,112.00,0
UI_027,20140923,112.01,112.01,112.01,112.01,0
UI_027,20140924,112.02,112.02,112.02,112.02,0
UI_027,20140925,112.03,112.03,112.03,112.03,0
UI_027,20140926,112.05,112.05,112.05,112.05,0
UI_027,20140929,112.08,112.08,112.08,112.08,0
UI_027,20140930,112.09,112.09,112.09,112.09,0
UI_027,20141001,112.10,112.10,112.10,112.10,0
UI_027,20141002,112.10,112.10,112.10,112.10,0
UI_027,20141003,112.11,112.11,112.11,112.11,0
UI_027,20141006,112.14,112.14,112.14,112.14,0
UI_027,20141007,112.15,112.15,112.15,112.15,0
UI_027,20141008,112.16,112.16,112.16,112.16,0
UI_027,20141009,112.17,112.17,112.17,112.17,0
UI_027,20141010,112.18,112.18,112.18,112.18,0
UI_027,20141013,112.21,112.21,112.21,112.21,0
UI_027,20141014,112.22,112.22,112.22,112.22,0
UI_027,20141015,112.23,112.23,112.23,112.23,0
UI_027,20141016,112.24,112.24,112.24,112.24,0
UI_027,20141017,112.25,112.25,112.25,112.25,0
UI_027,20141020,112.28,112.28,112.28,112.28,0
UI_027,20141021,112.28,112.28,112.28,112.28,0
UI_027,20141022,112.29,112.29,112.29,112.29,0
UI_027,20141023,112.30,112.30,112.30,112.30,0
UI_027,20141024,112.31,112.31,112.31,112.31,0
UI_027,20141027,112.34,112.34,112.34,112.34,0
UI_027,20141028,112.35,112.35,112.35,112.35,0
UI_027,20141029,112.36,112.36,112.36,112.36,0
UI_027,20141030,112.37,112.37,112.37,112.37,0
UI_027,20141031,112.38,112.38,112.38,112.38,0
UI_027,20141103,112.40,112.40,112.40,112.40,0
UI_027,20141104,112.41,112.41,112.41,112.41,0
UI_027,20141105,112.42,112.42,112.42,112.42,0
UI_027,20141106,112.43,112.43,112.43,112.43,0
UI_027,20141107,112.44,112.44,112.44,112.44,0
UI_027,20141110,112.46,112.46,112.46,112.46,0
UI_027,20141112,112.48,112.48,112.48,112.48,0
UI_027,20141113,112.49,112.49,112.49,112.49,0
UI_027,20141114,112.50,112.50,112.50,112.50,0
UI_027,20141117,112.53,112.53,112.53,112.53,0
UI_027,20141118,112.54,112.54,112.54,112.54,0
UI_027,20141119,112.55,112.55,112.55,112.55,0
UI_027,20141120,112.55,112.55,112.55,112.55,0
UI_027,20141121,112.57,112.57,112.57,112.57,0
UI_027,20141124,112.60,112.60,112.60,112.60,0
UI_027,20141125,112.61,112.61,112.61,112.61,0
UI_027,20141126,112.62,112.62,112.62,112.62,0
UI_027,20141127,112.62,112.62,112.62,112.62,0
UI_027,20141128,112.63,112.63,112.63,112.63,0
UI_027,20141201,112.67,112.67,112.67,112.67,0
UI_027,20141202,112.68,112.68,112.68,112.68,0
UI_027,20141203,112.69,112.69,112.69,112.69,0
UI_027,20141204,112.70,112.70,112.70,112.70,0
UI_027,20141205,112.71,112.71,112.71,112.71,0
UI_027,20141208,112.73,112.73,112.73,112.73,0
UI_027,20141209,112.74,112.74,112.74,112.74,0
UI_027,20141210,112.76,112.76,112.76,112.76,0
UI_027,20141211,112.78,112.78,112.78,112.78,0
UI_027,20141212,112.78,112.78,112.78,112.78,0
UI_027,20141215,112.82,112.82,112.82,112.82,0
UI_027,20141216,112.83,112.83,112.83,112.83,0
UI_027,20141217,112.84,112.84,112.84,112.84,0
UI_027,20141218,112.85,112.85,112.85,112.85,0
UI_027,20141219,112.86,112.86,112.86,112.86,0
UI_027,20141222,112.89,112.89,112.89,112.89,0
UI_027,20141223,112.90,112.90,112.90,112.90,0
UI_027,20141229,112.95,112.95,112.95,112.95,0
UI_027,20141230,112.95,112.95,112.95,112.95,0
UI_027,20150102,112.98,112.98,112.98,112.98,0
UI_027,20150105,113.01,113.01,113.01,113.01,0
UI_027,20150107,113.02,113.02,113.02,113.02,0
UI_027,20150108,113.03,113.03,113.03,113.03,0
UI_027,20150109,113.04,113.04,113.04,113.04,0
UI_027,20150112,113.06,113.06,113.06,113.06,0
UI_027,20150113,113.07,113.07,113.07,113.07,0
UI_027,20150114,113.08,113.08,113.08,113.08,0
UI_027,20150115,113.09,113.09,113.09,113.09,0
UI_027,20150116,113.10,113.10,113.10,113.10,0
UI_027,20150119,113.12,113.12,113.12,113.12,0
UI_027,20150120,113.13,113.13,113.13,113.13,0
UI_027,20150121,113.14,113.14,113.14,113.14,0
UI_027,20150122,113.15,113.15,113.15,113.15,0
UI_027,20150123,113.16,113.16,113.16,113.16,0
UI_027,20150126,113.18,113.18,113.18,113.18,0
UI_027,20150127,113.19,113.19,113.19,113.19,0
UI_027,20150128,113.20,113.20,113.20,113.20,0
UI_027,20150129,113.21,113.21,113.21,113.21,0
UI_027,20150130,113.21,113.21,113.21,113.21,0
UI_027,20150202,113.24,113.24,113.24,113.24,0
UI_027,20150203,113.24,113.24,113.24,113.24,0
UI_027,20150204,113.25,113.25,113.25,113.25,0
UI_027,20150205,113.26,113.26,113.26,113.26,0
UI_027,20150206,113.27,113.27,113.27,113.27,0
UI_027,20150209,113.29,113.29,113.29,113.29,0
UI_027,20150210,113.30,113.30,113.30,113.30,0
UI_027,20150211,113.31,113.31,113.31,113.31,0
UI_027,20150212,113.32,113.32,113.32,113.32,0
UI_027,20150213,113.32,113.32,113.32,113.32,0
UI_027,20150216,113.35,113.35,113.35,113.35,0
UI_027,20150217,113.36,113.36,113.36,113.36,0
UI_027,20150218,113.36,113.36,113.36,113.36,0
UI_027,20150219,113.37,113.37,113.37,113.37,0
UI_027,20150220,113.38,113.38,113.38,113.38,0
UI_027,20150223,113.40,113.40,113.40,113.40,0
UI_027,20150224,113.41,113.41,113.41,113.41,0
UI_027,20150225,113.42,113.42,113.42,113.42,0
UI_027,20150226,113.43,113.43,113.43,113.43,0
UI_027,20150227,113.44,113.44,113.44,113.44,0
UI_027,20150302,113.46,113.46,113.46,113.46,0
UI_027,20150303,113.47,113.47,113.47,113.47,0
UI_027,20150304,113.48,113.48,113.48,113.48,0
UI_027,20150305,113.49,113.49,113.49,113.49,0
UI_027,20150306,113.50,113.50,113.50,113.50,0
UI_027,20150309,113.52,113.52,113.52,113.52,0
UI_027,20150310,113.53,113.53,113.53,113.53,0
UI_027,20150311,113.54,113.54,113.54,113.54,0
UI_027,20150312,113.54,113.54,113.54,113.54,0
UI_027,20150313,113.55,113.55,113.55,113.55,0
UI_027,20150316,113.58,113.58,113.58,113.58,0
UI_027,20150317,113.58,113.58,113.58,113.58,0
UI_027,20150318,113.59,113.59,113.59,113.59,0
UI_027,20150319,113.60,113.60,113.60,113.60,0
UI_027,20150320,113.61,113.61,113.61,113.61,0
UI_027,20150323,113.63,113.63,113.63,113.63,0
UI_027,20150324,113.64,113.64,113.64,113.64,0
UI_027,20150325,113.64,113.64,113.64,113.64,0
UI_027,20150326,113.65,113.65,113.65,113.65,0
UI_027,20150327,113.66,113.66,113.66,113.66,0
UI_027,20150330,113.68,113.68,113.68,113.68,0
UI_027,20150331,113.69,113.69,113.69,113.69,0
UI_027,20150401,113.69,113.69,113.69,113.69,0
UI_027,20150402,113.70,113.70,113.70,113.70,0
UI_027,20150407,113.74,113.74,113.74,113.74,0
UI_027,20150408,113.74,113.74,113.74,113.74,0
UI_027,20150409,113.75,113.75,113.75,113.75,0
UI_027,20150410,113.76,113.76,113.76,113.76,0
UI_027,20150413,113.78,113.78,113.78,113.78,0
UI_027,20150414,113.80,113.80,113.80,113.80,0
UI_027,20150415,113.82,113.82,113.82,113.82,0
UI_027,20150416,113.83,113.83,113.83,113.83,0
UI_027,20150417,113.85,113.85,113.85,113.85,0
UI_027,20150420,113.87,113.87,113.87,113.87,0
UI_027,20150421,113.87,113.87,113.87,113.87,0
UI_027,20150422,113.88,113.88,113.88,113.88,0
UI_027,20150423,113.89,113.89,113.89,113.89,0
UI_027,20150424,113.89,113.89,113.89,113.89,0
UI_027,20150427,113.91,113.91,113.91,113.91,0
UI_027,20150428,113.92,113.92,113.92,113.92,0
UI_027,20150429,113.93,113.93,113.93,113.93,0
UI_027,20150430,113.93,113.93,113.93,113.93,0
UI_027,20150504,113.96,113.96,113.96,113.96,0
UI_027,20150505,113.97,113.97,113.97,113.97,0
UI_027,20150506,113.97,113.97,113.97,113.97,0
UI_027,20150507,113.98,113.98,113.98,113.98,0
UI_027,20150508,113.99,113.99,113.99,113.99,0
UI_027,20150511,114.01,114.01,114.01,114.01,0
UI_027,20150512,114.02,114.02,114.02,114.02,0
UI_027,20150513,114.02,114.02,114.02,114.02,0
UI_027,20150514,114.03,114.03,114.03,114.03,0
UI_027,20150515,114.03,114.03,114.03,114.03,0
UI_027,20150518,114.05,114.05,114.05,114.05,0
UI_027,20150519,114.06,114.06,114.06,114.06,0
UI_027,20150520,114.07,114.07,114.07,114.07,0
UI_027,20150521,114.08,114.08,114.08,114.08,0
UI_027,20150522,114.09,114.09,114.09,114.09,0
UI_027,20150525,114.11,114.11,114.11,114.11,0
UI_027,20150526,114.11,114.11,114.11,114.11,0
UI_027,20150527,114.12,114.12,114.12,114.12,0
UI_027,20150528,114.13,114.13,114.13,114.13,0
UI_027,20150529,114.13,114.13,114.13,114.13,0
UI_027,20150601,114.15,114.15,114.15,114.15,0
UI_027,20150602,114.16,114.16,114.16,114.16,0
UI_027,20150603,114.17,114.17,114.17,114.17,0
UI_027,20150605,114.18,114.18,114.18,114.18,0
UI_027,20150608,114.20,114.20,114.20,114.20,0
UI_027,20150609,114.20,114.20,114.20,114.20,0
UI_027,20150610,114.21,114.21,114.21,114.21,0
UI_027,20150611,114.22,114.22,114.22,114.22,0
UI_027,20150612,114.22,114.22,114.22,114.22,0
UI_027,20150615,114.24,114.24,114.24,114.24,0
UI_027,20150616,114.25,114.25,114.25,114.25,0
UI_027,20150617,114.25,114.25,114.25,114.25,0
UI_027,20150618,114.26,114.26,114.26,114.26,0
UI_027,20150619,114.26,114.26,114.26,114.26,0
UI_027,20150623,114.29,114.29,114.29,114.29,0
UI_027,20150624,114.29,114.29,114.29,114.29,0
UI_027,20150625,114.30,114.30,114.30,114.30,0
UI_027,20150626,114.31,114.31,114.31,114.31,0
UI_027,20150629,114.32,114.32,114.32,114.32,0
UI_027,20150630,114.33,114.33,114.33,114.33,0
UI_027,20150701,114.38,114.38,114.38,114.38,0
UI_027,20150702,114.39,114.39,114.39,114.39,0
UI_027,20150703,114.39,114.39,114.39,114.39,0
UI_027,20150706,114.41,114.41,114.41,114.41,0
UI_027,20150707,114.42,114.42,114.42,114.42,0
UI_027,20150708,114.42,114.42,114.42,114.42,0
UI_027,20150709,114.43,114.43,114.43,114.43,0
UI_027,20150710,114.43,114.43,114.43,114.43,0
UI_027,20150713,114.45,114.45,114.45,114.45,0
UI_027,20150714,114.46,114.46,114.46,114.46,0
UI_027,20150715,114.46,114.46,114.46,114.46,0
UI_027,20150716,114.47,114.47,114.47,114.47,0
UI_027,20150717,114.47,114.47,114.47,114.47,0
UI_027,20150720,114.49,114.49,114.49,114.49,0
UI_027,20150721,114.50,114.50,114.50,114.50,0
UI_027,20150722,114.50,114.50,114.50,114.50,0
UI_027,20150723,114.51,114.51,114.51,114.51,0
UI_027,20150724,114.51,114.51,114.51,114.51,0
UI_027,20150727,114.53,114.53,114.53,114.53,0
UI_027,20150728,114.54,114.54,114.54,114.54,0
UI_027,20150729,114.54,114.54,114.54,114.54,0
UI_027,20150730,114.55,114.55,114.55,114.55,0
UI_027,20150731,114.56,114.56,114.56,114.56,0
UI_027,20150803,114.58,114.58,114.58,114.58,0
UI_027,20150804,114.58,114.58,114.58,114.58,0
UI_027,20150805,114.59,114.59,114.59,114.59,0
UI_027,20150806,114.59,114.59,114.59,114.59,0
UI_027,20150807,114.60,114.60,114.60,114.60,0
UI_027,20150810,114.62,114.62,114.62,114.62,0
UI_027,20150811,114.62,114.62,114.62,114.62,0
UI_027,20150812,114.63,114.63,114.63,114.63,0
UI_027,20150813,114.64,114.64,114.64,114.64,0
UI_027,20150814,114.64,114.64,114.64,114.64,0
UI_027,20150817,114.66,114.66,114.66,114.66,0
UI_027,20150818,114.67,114.67,114.67,114.67,0
UI_027,20150820,114.68,114.68,114.68,114.68,0
UI_027,20150821,114.68,114.68,114.68,114.68,0
UI_027,20150824,114.70,114.70,114.70,114.70,0
UI_027,20150825,114.69,114.69,114.69,114.69,0
UI_027,20150826,114.70,114.70,114.70,114.70,0
UI_027,20150827,114.71,114.71,114.71,114.71,0
UI_027,20150828,114.72,114.72,114.72,114.72,0
UI_027,20150831,114.73,114.73,114.73,114.73,0
UI_027,20150901,114.74,114.74,114.74,114.74,0
UI_027,20150902,114.75,114.75,114.75,114.75,0
UI_027,20150903,114.75,114.75,114.75,114.75,0
UI_027,20150904,114.76,114.76,114.76,114.76,0
UI_027,20150907,114.77,114.77,114.77,114.77,0
UI_027,20150908,114.78,114.78,114.78,114.78,0
UI_027,20150909,114.78,114.78,114.78,114.78,0
UI_027,20150910,114.79,114.79,114.79,114.79,0
UI_027,20150911,114.79,114.79,114.79,114.79,0
UI_027,20150914,114.81,114.81,114.81,114.81,0
UI_027,20150915,114.81,114.81,114.81,114.81,0
UI_027,20150916,114.82,114.82,114.82,114.82,0
UI_027,20150917,114.82,114.82,114.82,114.82,0
UI_027,20150918,114.83,114.83,114.83,114.83,0
UI_027,20150921,114.85,114.85,114.85,114.85,0
UI_027,20150922,114.85,114.85,114.85,114.85,0
UI_027,20150923,114.86,114.86,114.86,114.86,0
UI_027,20150924,114.86,114.86,114.86,114.86,0
UI_027,20150925,114.86,114.86,114.86,114.86,0
UI_027,20150928,114.88,114.88,114.88,114.88,0
UI_027,20150929,114.89,114.89,114.89,114.89,0
UI_027,20150930,114.89,114.89,114.89,114.89,0
UI_027,20151001,114.90,114.90,114.90,114.90,0
UI_027,20151002,114.90,114.90,114.90,114.90,0
UI_027,20151005,114.92,114.92,114.92,114.92,0
UI_027,20151006,114.92,114.92,114.92,114.92,0
UI_027,20151007,114.93,114.93,114.93,114.93,0
UI_027,20151008,114.93,114.93,114.93,114.93,0
UI_027,20151009,114.94,114.94,114.94,114.94,0
UI_027,20151012,114.95,114.95,114.95,114.95,0
UI_027,20151013,114.96,114.96,114.96,114.96,0
UI_027,20151014,114.96,114.96,114.96,114.96,0
UI_027,20151015,114.97,114.97,114.97,114.97,0
UI_027,20151016,114.97,114.97,114.97,114.97,0
UI_027,20151019,114.98,114.98,114.98,114.98,0
UI_027,20151020,114.99,114.99,114.99,114.99,0
UI_027,20151021,114.99,114.99,114.99,114.99,0
UI_027,20151022,115.00,115.00,115.00,115.00,0
UI_027,20151023,115.01,115.01,115.01,115.01,0
UI_027,20151026,115.02,115.02,115.02,115.02,0
UI_027,20151027,115.03,115.03,115.03,115.03,0
UI_027,20151028,115.04,115.04,115.04,115.04,0
UI_027,20151029,115.04,115.04,115.04,115.04,0
UI_027,20151030,115.05,115.05,115.05,115.05,0
UI_027,20151102,115.06,115.06,115.06,115.06,0
UI_027,20151103,115.07,115.07,115.07,115.07,0
UI_027,20151104,115.07,115.07,115.07,115.07,0
UI_027,20151105,115.08,115.08,115.08,115.08,0
UI_027,20151106,115.08,115.08,115.08,115.08,0
UI_027,20151109,115.10,115.10,115.10,115.10,0
UI_027,20151110,115.10,115.10,115.10,115.10,0
UI_027,20151112,115.12,115.12,115.12,115.12,0
UI_027,20151113,115.12,115.12,115.12,115.12,0
UI_027,20151116,115.14,115.14,115.14,115.14,0
UI_027,20151117,115.15,115.15,115.15,115.15,0
UI_027,20151118,115.15,115.15,115.15,115.15,0
UI_027,20151119,115.16,115.16,115.16,115.16,0
UI_027,20151120,115.16,115.16,115.16,115.16,0
UI_027,20151123,115.18,115.18,115.18,115.18,0
UI_027,20151124,115.18,115.18,115.18,115.18,0
UI_027,20151125,115.19,115.19,115.19,115.19,0
UI_027,20151126,115.19,115.19,115.19,115.19,0
UI_027,20151127,115.20,115.20,115.20,115.20,0
UI_027,20151130,115.22,115.22,115.22,115.22,0
UI_027,20151201,115.22,115.22,115.22,115.22,0
UI_027,20151202,115.22,115.22,115.22,115.22,0
UI_027,20151203,115.23,115.23,115.23,115.23,0
UI_027,20151204,115.23,115.23,115.23,115.23,0
UI_027,20151207,115.24,115.24,115.24,115.24,0
UI_027,20151208,115.25,115.25,115.25,115.25,0
UI_027,20151209,115.25,115.25,115.25,115.25,0
UI_027,20151210,115.25,115.25,115.25,115.25,0
UI_027,20151211,115.26,115.26,115.26,115.26,0
UI_027,20151214,115.28,115.28,115.28,115.28,0
UI_027,20151215,115.27,115.27,115.27,115.27,0
UI_027,20151216,115.28,115.28,115.28,115.28,0
UI_027,20151217,115.29,115.29,115.29,115.29,0
UI_027,20151218,115.30,115.30,115.30,115.30,0
UI_027,20151221,115.30,115.30,115.30,115.30,0
UI_027,20151222,115.31,115.31,115.31,115.31,0
UI_027,20151223,115.32,115.32,115.32,115.32,0
UI_027,20151228,115.34,115.34,115.34,115.34,0
UI_027,20151229,115.35,115.35,115.35,115.35,0
UI_027,20151230,115.35,115.35,115.35,115.35,0
UI_027,20160105,115.39,115.39,115.39,115.39,0
UI_027,20160107,115.40,115.40,115.40,115.40,0
UI_027,20160108,115.41,115.41,115.41,115.41,0
UI_027,20160111,115.43,115.43,115.43,115.43,0
UI_027,20160112,115.43,115.43,115.43,115.43,0
UI_027,20160113,115.44,115.44,115.44,115.44,0
UI_027,20160114,115.44,115.44,115.44,115.44,0
UI_027,20160115,115.45,115.45,115.45,115.45,0
UI_027,20160118,115.46,115.46,115.46,115.46,0
UI_027,20160119,115.47,115.47,115.47,115.47,0
UI_027,20160120,115.47,115.47,115.47,115.47,0
UI_027,20160121,115.48,115.48,115.48,115.48,0
UI_027,20160122,115.48,115.48,115.48,115.48,0
UI_027,20160125,115.50,115.50,115.50,115.50,0
UI_027,20160126,115.51,115.51,115.51,115.51,0
UI_027,20160127,115.51,115.51,115.51,115.51,0
UI_027,20160128,115.52,115.52,115.52,115.52,0
UI_027,20160129,115.52,115.52,115.52,115.52,0
UI_027,20160201,115.54,115.54,115.54,115.54,0
UI_027,20160202,115.55,115.55,115.55,115.55,0
UI_027,20160203,115.55,115.55,115.55,115.55,0
UI_027,20160204,115.56,115.56,115.56,115.56,0
UI_027,20160205,115.56,115.56,115.56,115.56,0
UI_027,20160208,115.58,115.58,115.58,115.58,0
UI_027,20160209,115.58,115.58,115.58,115.58,0
UI_027,20160210,115.59,115.59,115.59,115.59,0
UI_027,20160211,115.59,115.59,115.59,115.59,0
UI_027,20160212,115.60,115.60,115.60,115.60,0
UI_027,20160215,115.61,115.61,115.61,115.61,0
UI_027,20160216,115.62,115.62,115.62,115.62,0
UI_027,20160217,115.63,115.63,115.63,115.63,0
UI_027,20160219,115.64,115.64,115.64,115.64,0
UI_027,20160222,115.66,115.66,115.66,115.66,0
UI_027,20160223,115.66,115.66,115.66,115.66,0
UI_027,20160224,115.67,115.67,115.67,115.67,0
UI_027,20160225,115.67,115.67,115.67,115.67,0
UI_027,20160226,115.68,115.68,115.68,115.68,0
UI_027,20160229,115.70,115.70,115.70,115.70,0
UI_027,20160301,115.70,115.70,115.70,115.70,0
UI_027,20160302,115.71,115.71,115.71,115.71,0
UI_027,20160303,115.71,115.71,115.71,115.71,0
UI_027,20160304,115.72,115.72,115.72,115.72,0
UI_027,20160307,115.74,115.74,115.74,115.74,0
UI_027,20160308,115.74,115.74,115.74,115.74,0
UI_027,20160309,115.75,115.75,115.75,115.75,0
UI_027,20160310,115.76,115.76,115.76,115.76,0
UI_027,20160311,115.76,115.76,115.76,115.76,0
UI_027,20160314,115.76,115.76,115.76,115.76,0
UI_027,20160315,115.77,115.77,115.77,115.77,0
UI_027,20160316,115.78,115.78,115.78,115.78,0
UI_027,20160317,115.78,115.78,115.78,115.78,0
UI_027,20160318,115.79,115.79,115.79,115.79,0
UI_027,20160321,115.81,115.81,115.81,115.81,0
UI_027,20160322,115.81,115.81,115.81,115.81,0
UI_027,20160323,115.82,115.82,115.82,115.82,0
UI_027,20160324,115.82,115.82,115.82,115.82,0
UI_027,20160329,115.84,115.84,115.84,115.84,0
UI_027,20160330,115.84,115.84,115.84,115.84,0
UI_027,20160331,115.85,115.85,115.85,115.85,0
UI_027,20160401,115.85,115.85,115.85,115.85,0
UI_027,20160404,115.87,115.87,115.87,115.87,0
UI_027,20160405,115.88,115.88,115.88,115.88,0
UI_027,20160406,115.88,115.88,115.88,115.88,0
UI_027,20160407,115.89,115.89,115.89,115.89,0
UI_027,20160408,115.89,115.89,115.89,115.89,0
UI_027,20160411,115.91,115.91,115.91,115.91,0
UI_027,20160412,115.92,115.92,115.92,115.92,0
UI_027,20160413,115.93,115.93,115.93,115.93,0
UI_027,20160414,115.93,115.93,115.93,115.93,0
UI_027,20160415,115.94,115.94,115.94,115.94,0
UI_027,20160418,115.94,115.94,115.94,115.94,0
UI_027,20160419,115.95,115.95,115.95,115.95,0
UI_027,20160420,115.95,115.95,115.95,115.95,0
UI_027,20160421,115.96,115.96,115.96,115.96,0
UI_027,20160422,115.97,115.97,115.97,115.97,0
UI_027,20160423,115.99,115.99,115.99,115.99,0
UI_027,20160426,115.99,115.99,115.99,115.99,0
UI_027,20160427,116.00,116.00,116.00,116.00,0
UI_027,20160428,116.01,116.01,116.01,116.01,0
UI_027,20160429,116.01,116.01,116.01,116.01,0
UI_027,20160502,116.03,116.03,116.03,116.03,0
UI_027,20160504,116.05,116.05,116.05,116.05,0
UI_027,20160505,116.05,116.05,116.05,116.05,0
UI_027,20160506,116.06,116.06,116.06,116.06,0
UI_027,20160509,116.08,116.08,116.08,116.08,0
UI_027,20160510,116.09,116.09,116.09,116.09,0
UI_027,20160511,116.09,116.09,116.09,116.09,0
UI_027,20160512,116.10,116.10,116.10,116.10,0
UI_027,20160513,116.10,116.10,116.10,116.10,0
UI_027,20160516,116.12,116.12,116.12,116.12,0
UI_027,20160517,116.13,116.13,116.13,116.13,0
UI_027,20160518,116.13,116.13,116.13,116.13,0
UI_027,20160519,116.14,116.14,116.14,116.14,0
UI_027,20160520,116.15,116.15,116.15,116.15,0
UI_027,20160523,116.15,116.15,116.15,116.15,0
UI_027,20160524,116.16,116.16,116.16,116.16,0
UI_027,20160525,116.17,116.17,116.17,116.17,0
UI_027,20160527,116.18,116.18,116.18,116.18,0
UI_027,20160530,116.20,116.20,116.20,116.20,0
UI_027,20160531,116.21,116.21,116.21,116.21,0
UI_027,20160601,116.21,116.21,116.21,116.21,0
UI_027,20160602,116.22,116.22,116.22,116.22,0
UI_027,20160603,116.23,116.23,116.23,116.23,0
UI_027,20160606,116.25,116.25,116.25,116.25,0
UI_027,20160609,116.27,116.27,116.27,116.27,0
UI_027,20160610,116.27,116.27,116.27,116.27,0
UI_027,20160613,116.29,116.29,116.29,116.29,0
UI_027,20160614,116.30,116.30,116.30,116.30,0
UI_027,20160615,116.31,116.31,116.31,116.31,0
UI_027,20160616,116.31,116.31,116.31,116.31,0
UI_027,20160617,116.32,116.32,116.32,116.32,0
UI_027,20160620,116.34,116.34,116.34,116.34,0
UI_027,20160621,116.35,116.35,116.35,116.35,0
UI_027,20160622,116.35,116.35,116.35,116.35,0
UI_027,20160623,116.36,116.36,116.36,116.36,0
UI_027,20160624,116.37,116.37,116.37,116.37,0
UI_027,20160627,116.39,116.39,116.39,116.39,0
UI_027,20160628,116.40,116.40,116.40,116.40,0
UI_027,20160629,116.40,116.40,116.40,116.40,0
UI_027,20160630,116.41,116.41,116.41,116.41,0
UI_027,20160701,116.42,116.42,116.42,116.42,0
UI_027,20160704,116.44,116.44,116.44,116.44,0
UI_027,20160705,116.44,116.44,116.44,116.44,0
UI_027,20160706,116.45,116.45,116.45,116.45,0
UI_027,20160707,116.46,116.46,116.46,116.46,0
UI_027,20160708,116.46,116.46,116.46,116.46,0
UI_027,20160711,116.48,116.48,116.48,116.48,0
UI_027,20160712,116.49,116.49,116.49,116.49,0
UI_027,20160713,116.50,116.50,116.50,116.50,0
UI_027,20160714,116.50,116.50,116.50,116.50,0
UI_027,20160715,116.51,116.51,116.51,116.51,0
UI_027,20160718,116.53,116.53,116.53,116.53,0
UI_027,20160719,116.54,116.54,116.54,116.54,0
UI_027,20160720,116.54,116.54,116.54,116.54,0
UI_027,20160721,116.55,116.55,116.55,116.55,0
UI_027,20160722,116.56,116.56,116.56,116.56,0
UI_027,20160725,116.58,116.58,116.58,116.58,0
UI_027,20160726,116.58,116.58,116.58,116.58,0
UI_027,20160727,116.59,116.59,116.59,116.59,0
UI_027,20160728,116.60,116.60,116.60,116.60,0
UI_027,20160729,116.60,116.60,116.60,116.60,0
UI_027,20160801,116.46,116.46,116.46,116.46,0
UI_027,20160802,116.47,116.47,116.47,116.47,0
UI_027,20160803,116.48,116.48,116.48,116.48,0
UI_027,20160804,116.49,116.49,116.49,116.49,0
UI_027,20160805,116.49,116.49,116.49,116.49,0
UI_027,20160808,116.51,116.51,116.51,116.51,0
UI_027,20160809,116.52,116.52,116.52,116.52,0
UI_027,20160810,116.53,116.53,116.53,116.53,0
UI_027,20160811,116.54,116.54,116.54,116.54,0
UI_027,20160812,116.55,116.55,116.55,116.55,0
UI_027,20160816,116.57,116.57,116.57,116.57,0
UI_027,20160817,116.58,116.58,116.58,116.58,0
UI_027,20160818,116.58,116.58,116.58,116.58,0
UI_027,20160819,116.59,116.59,116.59,116.59,0
UI_027,20160822,116.61,116.61,116.61,116.61,0
UI_027,20160823,116.62,116.62,116.62,116.62,0
UI_027,20160824,116.63,116.63,116.63,116.63,0
UI_027,20160825,116.63,116.63,116.63,116.63,0
UI_027,20160826,116.64,116.64,116.64,116.64,0
UI_027,20160829,116.65,116.65,116.65,116.65,0
UI_027,20160830,116.65,116.65,116.65,116.65,0
UI_027,20160831,116.65,116.65,116.65,116.65,0
UI_027,20160901,116.66,116.66,116.66,116.66,0
UI_027,20160902,116.67,116.67,116.67,116.67,0
UI_027,20160905,116.69,116.69,116.69,116.69,0
UI_027,20160906,116.69,116.69,116.69,116.69,0
UI_027,20160907,116.70,116.70,116.70,116.70,0
UI_027,20160908,116.71,116.71,116.71,116.71,0
UI_027,20160909,116.72,116.72,116.72,116.72,0
UI_027,20160912,116.74,116.74,116.74,116.74,0
UI_027,20160913,116.75,116.75,116.75,116.75,0
UI_027,20160914,116.75,116.75,116.75,116.75,0
UI_027,20160915,116.76,116.76,116.76,116.76,0
UI_027,20160916,116.77,116.77,116.77,116.77,0
UI_027,20160919,116.79,116.79,116.79,116.79,0
UI_027,20160920,116.79,116.79,116.79,116.79,0
UI_027,20160921,116.80,116.80,116.80,116.80,0
UI_027,20160922,116.81,116.81,116.81,116.81,0
UI_027,20160923,116.82,116.82,116.82,116.82,0
UI_027,20160926,116.84,116.84,116.84,116.84,0
UI_027,20160927,116.85,116.85,116.85,116.85,0
UI_027,20160928,116.85,116.85,116.85,116.85,0
UI_027,20160929,116.86,116.86,116.86,116.86,0
UI_027,20160930,116.87,116.87,116.87,116.87,0
UI_027,20161003,116.89,116.89,116.89,116.89,0
UI_027,20161004,116.90,116.90,116.90,116.90,0
UI_027,20161005,116.90,116.90,116.90,116.90,0
UI_027,20161006,116.92,116.92,116.92,116.92,0
UI_027,20161007,116.92,116.92,116.92,116.92,0
UI_027,20161010,116.95,116.95,116.95,116.95,0
UI_027,20161011,116.95,116.95,116.95,116.95,0
UI_027,20161012,116.96,116.96,116.96,116.96,0
UI_027,20161013,116.97,116.97,116.97,116.97,0
UI_027,20161014,116.98,116.98,116.98,116.98,0
UI_027,20161017,117.01,117.01,117.01,117.01,0
UI_027,20161018,117.01,117.01,117.01,117.01,0
UI_027,20161019,117.02,117.02,117.02,117.02,0
UI_027,20161020,117.03,117.03,117.03,117.03,0
UI_027,20161021,117.03,117.03,117.03,117.03,0
UI_027,20161024,117.05,117.05,117.05,117.05,0
UI_027,20161025,117.06,117.06,117.06,117.06,0
UI_027,20161026,117.08,117.08,117.08,117.08,0
UI_027,20161027,117.08,117.08,117.08,117.08,0
UI_027,20161028,117.09,117.09,117.09,117.09,0
UI_027,20161031,117.11,117.11,117.11,117.11,0
UI_027,20161102,117.13,117.13,117.13,117.13,0
UI_027,20161103,117.13,117.13,117.13,117.13,0
UI_027,20161104,117.14,117.14,117.14,117.14,0
UI_027,20161107,117.16,117.16,117.16,117.16,0
UI_027,20161108,117.17,117.17,117.17,117.17,0
UI_027,20161109,117.17,117.17,117.17,117.17,0
UI_027,20161110,117.18,117.18,117.18,117.18,0
UI_027,20161114,117.19,117.19,117.19,117.19,0
UI_027,20161115,117.19,117.19,117.19,117.19,0
UI_027,20161116,117.19,117.19,117.19,117.19,0
UI_027,20161117,117.20,117.20,117.20,117.20,0
UI_027,20161118,117.20,117.20,117.20,117.20,0
UI_027,20161121,117.20,117.20,117.20,117.20,0
UI_027,20161122,117.21,117.21,117.21,117.21,0
UI_027,20161123,117.22,117.22,117.22,117.22,0
UI_027,20161124,117.22,117.22,117.22,117.22,0
UI_027,20161125,117.22,117.22,117.22,117.22,0
UI_027,20161128,117.24,117.24,117.24,117.24,0
UI_027,20161129,117.25,117.25,117.25,117.25,0
UI_027,20161130,117.26,117.26,117.26,117.26,0
UI_027,20161201,117.26,117.26,117.26,117.26,0
UI_027,20161202,117.26,117.26,117.26,117.26,0
UI_027,20161205,117.27,117.27,117.27,117.27,0
UI_027,20161206,117.28,117.28,117.28,117.28,0
UI_027,20161207,117.28,117.28,117.28,117.28,0
UI_027,20161208,117.29,117.29,117.29,117.29,0
UI_027,20161209,117.29,117.29,117.29,117.29,0
UI_027,20161212,117.32,117.32,117.32,117.32,0
UI_027,20161213,117.32,117.32,117.32,117.32,0
UI_027,20161214,117.33,117.33,117.33,117.33,0
UI_027,20161215,117.34,117.34,117.34,117.34,0
UI_027,20161216,117.34,117.34,117.34,117.34,0
UI_027,20161219,117.37,117.37,117.37,117.37,0
UI_027,20161220,117.37,117.37,117.37,117.37,0
UI_027,20161221,117.38,117.38,117.38,117.38,0
UI_027,20161222,117.38,117.38,117.38,117.38,0
UI_027,20161223,117.38,117.38,117.38,117.38,0
UI_027,20161227,117.41,117.41,117.41,117.41,0
UI_027,20161228,117.41,117.41,117.41,117.41,0
UI_027,20161229,117.41,117.41,117.41,117.41,0
UI_027,20161230,117.42,117.42,117.42,117.42,0
UI_027,20170102,117.44,117.44,117.44,117.44,0
UI_027,20170103,117.45,117.45,117.45,117.45,0
UI_027,20170104,117.46,117.46,117.46,117.46,0
UI_027,20170105,117.46,117.46,117.46,117.46,0
UI_027,20170109,117.50,117.50,117.50,117.50,0
UI_027,20170110,117.50,117.50,117.50,117.50,0
UI_027,20170111,117.51,117.51,117.51,117.51,0
UI_027,20170112,117.52,117.52,117.52,117.52,0
UI_027,20170113,117.53,117.53,117.53,117.53,0
UI_027,20170116,117.55,117.55,117.55,117.55,0
UI_027,20170117,117.56,117.56,117.56,117.56,0
UI_027,20170118,117.57,117.57,117.57,117.57,0
UI_027,20170119,117.57,117.57,117.57,117.57,0
UI_027,20170120,117.58,117.58,117.58,117.58,0
UI_027,20170123,117.61,117.61,117.61,117.61,0
UI_027,20170124,117.61,117.61,117.61,117.61,0
UI_027,20170125,117.62,117.62,117.62,117.62,0
UI_027,20170126,117.63,117.63,117.63,117.63,0
UI_027,20170127,117.64,117.64,117.64,117.64,0
UI_027,20170130,117.66,117.66,117.66,117.66,0
UI_027,20170131,117.67,117.67,117.67,117.67,0
UI_027,20170201,117.68,117.68,117.68,117.68,0
UI_027,20170202,117.68,117.68,117.68,117.68,0
UI_027,20170203,117.69,117.69,117.69,117.69,0
UI_027,20170206,117.71,117.71,117.71,117.71,0
UI_027,20170207,117.72,117.72,117.72,117.72,0
UI_027,20170208,117.73,117.73,117.73,117.73,0
UI_027,20170209,117.74,117.74,117.74,117.74,0
UI_027,20170210,117.75,117.75,117.75,117.75,0
UI_027,20170213,117.77,117.77,117.77,117.77,0
UI_027,20170214,117.77,117.77,117.77,117.77,0
UI_027,20170215,117.78,117.78,117.78,117.78,0
UI_027,20170216,117.79,117.79,117.79,117.79,0
UI_027,20170217,117.80,117.80,117.80,117.80,0
UI_027,20170220,117.82,117.82,117.82,117.82,0
UI_027,20170221,117.83,117.83,117.83,117.83,0
UI_027,20170222,117.83,117.83,117.83,117.83,0
UI_027,20170223,117.84,117.84,117.84,117.84,0
UI_027,20170224,117.85,117.85,117.85,117.85,0
UI_027,20170227,117.87,117.87,117.87,117.87,0
UI_027,20170228,117.88,117.88,117.88,117.88,0
UI_027,20170301,117.89,117.89,117.89,117.89,0
UI_027,20170302,117.90,117.90,117.90,117.90,0
UI_027,20170303,117.90,117.90,117.90,117.90,0
UI_027,20170306,117.92,117.92,117.92,117.92,0
UI_027,20170307,117.93,117.93,117.93,117.93,0
UI_027,20170308,117.94,117.94,117.94,117.94,0
UI_027,20170309,117.95,117.95,117.95,117.95,0
UI_027,20170310,117.95,117.95,117.95,117.95,0
UI_027,20170313,117.97,117.97,117.97,117.97,0
UI_027,20170314,117.98,117.98,117.98,117.98,0
UI_027,20170315,117.98,117.98,117.98,117.98,0
UI_027,20170316,117.99,117.99,117.99,117.99,0
UI_027,20170317,118.00,118.00,118.00,118.00,0
UI_027,20170320,118.02,118.02,118.02,118.02,0
UI_027,20170321,118.03,118.03,118.03,118.03,0
UI_027,20170322,118.04,118.04,118.04,118.04,0
UI_027,20170323,118.04,118.04,118.04,118.04,0
UI_027,20170324,118.05,118.05,118.05,118.05,0
UI_027,20170327,118.07,118.07,118.07,118.07,0
UI_027,20170328,118.08,118.08,118.08,118.08,0
UI_027,20170329,118.09,118.09,118.09,118.09,0
UI_027,20170330,118.10,118.10,118.10,118.10,0
UI_027,20170331,118.10,118.10,118.10,118.10,0
UI_027,20170403,118.13,118.13,118.13,118.13,0
UI_027,20170404,118.13,118.13,118.13,118.13,0
UI_027,20170405,118.14,118.14,118.14,118.14,0
UI_027,20170406,118.15,118.15,118.15,118.15,0
UI_027,20170407,118.15,118.15,118.15,118.15,0
UI_027,20170410,118.18,118.18,118.18,118.18,0
UI_027,20170411,118.18,118.18,118.18,118.18,0
UI_027,20170412,118.19,118.19,118.19,118.19,0
UI_027,20170413,118.20,118.20,118.20,118.20,0
UI_027,20170418,118.24,118.24,118.24,118.24,0
UI_027,20170419,118.24,118.24,118.24,118.24,0
UI_027,20170420,118.25,118.25,118.25,118.25,0
UI_027,20170421,118.26,118.26,118.26,118.26,0
UI_027,20170424,118.28,118.28,118.28,118.28,0
UI_027,20170425,118.28,118.28,118.28,118.28,0
UI_027,20170426,118.29,118.29,118.29,118.29,0
UI_027,20170427,118.29,118.29,118.29,118.29,0
UI_027,20170428,118.30,118.30,118.30,118.30,0
UI_027,20170502,118.33,118.33,118.33,118.33,0
UI_027,20170504,118.35,118.35,118.35,118.35,0
UI_027,20170505,118.36,118.36,118.36,118.36,0
UI_027,20170508,118.38,118.38,118.38,118.38,0
UI_027,20170509,118.39,118.39,118.39,118.39,0
UI_027,20170510,118.39,118.39,118.39,118.39,0
UI_027,20170511,118.40,118.40,118.40,118.40,0
UI_027,20170512,118.41,118.41,118.41,118.41,0
UI_027,20170515,118.43,118.43,118.43,118.43,0
UI_027,20170516,118.44,118.44,118.44,118.44,0
UI_027,20170517,118.45,118.45,118.45,118.45,0
UI_027,20170518,118.46,118.46,118.46,118.46,0
UI_027,20170519,118.47,118.47,118.47,118.47,0
UI_027,20170522,118.49,118.49,118.49,118.49,0
UI_027,20170523,118.50,118.50,118.50,118.50,0
UI_027,20170524,118.51,118.51,118.51,118.51,0
UI_027,20170525,118.51,118.51,118.51,118.51,0
UI_027,20170526,118.52,118.52,118.52,118.52,0
UI_027,20170529,118.54,118.54,118.54,118.54,0
UI_027,20170530,118.55,118.55,118.55,118.55,0
UI_027,20170531,118.56,118.56,118.56,118.56,0
UI_027,20170601,118.57,118.57,118.57,118.57,0
UI_027,20170602,118.57,118.57,118.57,118.57,0
UI_027,20170605,118.60,118.60,118.60,118.60,0
UI_027,20170606,118.60,118.60,118.60,118.60,0
UI_027,20170607,118.61,118.61,118.61,118.61,0
UI_027,20170608,118.62,118.62,118.62,118.62,0
UI_027,20170609,118.63,118.63,118.63,118.63,0
UI_027,20170612,118.65,118.65,118.65,118.65,0
UI_027,20170613,118.66,118.66,118.66,118.66,0
UI_027,20170614,118.66,118.66,118.66,118.66,0
UI_027,20170616,118.68,118.68,118.68,118.68,0
UI_027,20170619,118.70,118.70,118.70,118.70,0
UI_027,20170620,118.71,118.71,118.71,118.71,0
UI_027,20170621,118.72,118.72,118.72,118.72,0
UI_027,20170622,118.72,118.72,118.72,118.72,0
UI_027,20170623,118.73,118.73,118.73,118.73,0
UI_027,20170626,118.75,118.75,118.75,118.75,0
UI_027,20170627,118.76,118.76,118.76,118.76,0
UI_027,20170628,118.77,118.77,118.77,118.77,0
UI_027,20170629,118.78,118.78,118.78,118.78,0
UI_027,20170630,118.79,118.79,118.79,118.79,0
UI_027,20170703,118.83,118.83,118.83,118.83,0
UI_027,20170704,118.84,118.84,118.84,118.84,0
UI_027,20170705,118.85,118.85,118.85,118.85,0
UI_027,20170706,118.85,118.85,118.85,118.85,0
UI_027,20170707,118.86,118.86,118.86,118.86,0
UI_027,20170710,118.88,118.88,118.88,118.88,0
UI_027,20170711,118.89,118.89,118.89,118.89,0
UI_027,20170712,118.90,118.90,118.90,118.90,0
UI_027,20170713,118.91,118.91,118.91,118.91,0
UI_027,20170714,118.92,118.92,118.92,118.92,0
UI_027,20170717,118.94,118.94,118.94,118.94,0
UI_027,20170718,118.95,118.95,118.95,118.95,0
UI_027,20170719,118.95,118.95,118.95,118.95,0
UI_027,20170720,118.96,118.96,118.96,118.96,0
UI_027,20170721,118.97,118.97,118.97,118.97,0
UI_027,20170724,118.99,118.99,118.99,118.99,0
UI_027,20170725,119.00,119.00,119.00,119.00,0
UI_027,20170726,119.01,119.01,119.01,119.01,0
UI_027,20170727,119.02,119.02,119.02,119.02,0
UI_027,20170728,119.03,119.03,119.03,119.03,0
UI_027,20170731,119.05,119.05,119.05,119.05,0
UI_027,20170801,119.06,119.06,119.06,119.06,0
UI_027,20170802,119.07,119.07,119.07,119.07,0
UI_027,20170803,119.07,119.07,119.07,119.07,0
UI_027,20170804,119.08,119.08,119.08,119.08,0
UI_027,20170807,119.11,119.11,119.11,119.11,0
UI_027,20170808,119.11,119.11,119.11,119.11,0
UI_027,20170809,119.12,119.12,119.12,119.12,0
UI_027,20170810,119.13,119.13,119.13,119.13,0
UI_027,20170811,119.14,119.14,119.14,119.14,0
UI_027,20170814,119.16,119.16,119.16,119.16,0
UI_027,20170816,119.18,119.18,119.18,119.18,0
UI_027,20170817,119.19,119.19,119.19,119.19,0
UI_027,20170818,119.20,119.20,119.20,119.20,0
UI_027,20170821,119.22,119.22,119.22,119.22,0
UI_027,20170822,119.23,119.23,119.23,119.23,0
UI_027,20170823,119.24,119.24,119.24,119.24,0
UI_027,20170824,119.24,119.24,119.24,119.24,0
UI_027,20170825,119.25,119.25,119.25,119.25,0
UI_027,20170828,119.27,119.27,119.27,119.27,0
UI_027,20170829,119.28,119.28,119.28,119.28,0
UI_027,20170830,119.29,119.29,119.29,119.29,0
UI_027,20170831,119.30,119.30,119.30,119.30,0
UI_027,20170901,119.31,119.31,119.31,119.31,0
UI_027,20170904,119.33,119.33,119.33,119.33,0
UI_027,20170905,119.34,119.34,119.34,119.34,0
UI_027,20170906,119.35,119.35,119.35,119.35,0
UI_027,20170907,119.35,119.35,119.35,119.35,0
UI_027,20170908,119.36,119.36,119.36,119.36,0
UI_027,20170911,119.39,119.39,119.39,119.39,0
UI_027,20170912,119.39,119.39,119.39,119.39,0
UI_027,20170913,119.40,119.40,119.40,119.40,0
UI_027,20170914,119.41,119.41,119.41,119.41,0
UI_027,20170915,119.42,119.42,119.42,119.42,0
UI_027,20170918,119.44,119.44,119.44,119.44,0
UI_027,20170919,119.45,119.45,119.45,119.45,0
UI_027,20170920,119.45,119.45,119.45,119.45,0
UI_027,20170921,119.46,119.46,119.46,119.46,0
UI_027,20170922,119.47,119.47,119.47,119.47,0
