Name,Date,Open,High,Low,Close,Volume
UI_036,20141127,100.00,100.00,100.00,100.00,0
UI_036,20141128,100.00,100.00,100.00,100.00,0
UI_036,20141201,100.00,100.00,100.00,100.00,0
UI_036,20141202,100.01,100.01,100.01,100.01,0
UI_036,20141203,100.01,100.01,100.01,100.01,0
UI_036,20141204,100.01,100.01,100.01,100.01,0
UI_036,20141205,100.02,100.02,100.02,100.02,0
UI_036,20141208,100.04,100.04,100.04,100.04,0
UI_036,20141209,100.04,100.04,100.04,100.04,0
UI_036,20141210,100.05,100.05,100.05,100.05,0
UI_036,20141211,100.05,100.05,100.05,100.05,0
UI_036,20141212,100.06,100.06,100.06,100.06,0
UI_036,20141215,100.07,100.07,100.07,100.07,0
UI_036,20141216,100.08,100.08,100.08,100.08,0
UI_036,20141217,100.08,100.08,100.08,100.08,0
UI_036,20141218,100.09,100.09,100.09,100.09,0
UI_036,20141219,100.09,100.09,100.09,100.09,0
UI_036,20141222,100.10,100.10,100.10,100.10,0
UI_036,20141223,100.11,100.11,100.11,100.11,0
UI_036,20141229,100.13,100.13,100.13,100.13,0
UI_036,20141230,100.14,100.14,100.14,100.14,0
UI_036,20150102,100.15,100.15,100.15,100.15,0
UI_036,20150105,100.16,100.16,100.16,100.16,0
UI_036,20150107,100.17,100.17,100.17,100.17,0
UI_036,20150108,100.17,100.17,100.17,100.17,0
UI_036,20150109,100.15,100.15,100.15,100.15,0
UI_036,20150112,100.18,100.18,100.18,100.18,0
UI_036,20150113,100.28,100.28,100.28,100.28,0
UI_036,20150114,100.26,100.26,100.26,100.26,0
UI_036,20150115,100.77,100.77,100.77,100.77,0
UI_036,20150116,100.55,100.55,100.55,100.55,0
UI_036,20150119,102.84,102.84,102.84,102.84,0
UI_036,20150120,103.17,103.17,103.17,103.17,0
UI_036,20150121,102.06,102.06,102.06,102.06,0
UI_036,20150122,102.93,102.93,102.93,102.93,0
UI_036,20150123,103.81,103.81,103.81,103.81,0
UI_036,20150126,105.59,105.59,105.59,105.59,0
UI_036,20150127,108.40,108.40,108.40,108.40,0
UI_036,20150128,108.32,108.32,108.32,108.32,0
UI_036,20150129,107.54,107.54,107.54,107.54,0
UI_036,20150130,107.72,107.72,107.72,107.72,0
UI_036,20150202,106.70,106.70,106.70,106.70,0
UI_036,20150203,106.49,106.49,106.49,106.49,0
UI_036,20150204,105.87,105.87,105.87,105.87,0
UI_036,20150205,105.66,105.66,105.66,105.66,0
UI_036,20150206,106.51,106.51,106.51,106.51,0
UI_036,20150209,106.30,106.30,106.30,106.30,0
UI_036,20150210,107.07,107.07,107.07,107.07,0
UI_036,20150211,106.66,106.66,106.66,106.66,0
UI_036,20150212,106.57,106.57,106.57,106.57,0
UI_036,20150213,106.50,106.50,106.50,106.50,0
UI_036,20150216,105.70,105.70,105.70,105.70,0
UI_036,20150217,106.58,106.58,106.58,106.58,0
UI_036,20150218,106.31,106.31,106.31,106.31,0
UI_036,20150219,106.30,106.30,106.30,106.30,0
UI_036,20150220,106.79,106.79,106.79,106.79,0
UI_036,20150223,106.54,106.54,106.54,106.54,0
UI_036,20150224,106.81,106.81,106.81,106.81,0
UI_036,20150225,106.55,106.55,106.55,106.55,0
UI_036,20150226,106.94,106.94,106.94,106.94,0
UI_036,20150227,107.20,107.20,107.20,107.20,0
UI_036,20150302,108.38,108.38,108.38,108.38,0
UI_036,20150303,107.93,107.93,107.93,107.93,0
UI_036,20150304,108.33,108.33,108.33,108.33,0
UI_036,20150305,108.48,108.48,108.48,108.48,0
UI_036,20150306,109.20,109.20,109.20,109.20,0
UI_036,20150309,109.11,109.11,109.11,109.11,0
UI_036,20150310,111.78,111.78,111.78,111.78,0
UI_036,20150311,110.37,110.37,110.37,110.37,0
UI_036,20150312,110.92,110.92,110.92,110.92,0
UI_036,20150313,111.71,111.71,111.71,111.71,0
UI_036,20150316,111.78,111.78,111.78,111.78,0
UI_036,20150317,112.46,112.46,112.46,112.46,0
UI_036,20150318,111.57,111.57,111.57,111.57,0
UI_036,20150319,111.73,111.73,111.73,111.73,0
UI_036,20150320,111.76,111.76,111.76,111.76,0
UI_036,20150323,112.73,112.73,112.73,112.73,0
UI_036,20150324,110.96,110.96,110.96,110.96,0
UI_036,20150325,110.05,110.05,110.05,110.05,0
UI_036,20150326,110.38,110.38,110.38,110.38,0
UI_036,20150327,109.03,109.03,109.03,109.03,0
UI_036,20150330,108.66,108.66,108.66,108.66,0
UI_036,20150331,108.61,108.61,108.61,108.61,0
UI_036,20150401,109.57,109.57,109.57,109.57,0
UI_036,20150402,111.43,111.43,111.43,111.43,0
UI_036,20150407,111.79,111.79,111.79,111.79,0
UI_036,20150408,111.32,111.32,111.32,111.32,0
UI_036,20150409,112.38,112.38,112.38,112.38,0
UI_036,20150410,114.09,114.09,114.09,114.09,0
UI_036,20150413,116.01,116.01,116.01,116.01,0
UI_036,20150414,117.09,117.09,117.09,117.09,0
UI_036,20150415,118.57,118.57,118.57,118.57,0
UI_036,20150416,116.24,116.24,116.24,116.24,0
UI_036,20150417,117.40,117.40,117.40,117.40,0
UI_036,20150420,117.69,117.69,117.69,117.69,0
UI_036,20150421,116.94,116.94,116.94,116.94,0
UI_036,20150422,116.02,116.02,116.02,116.02,0
UI_036,20150423,116.88,116.88,116.88,116.88,0
UI_036,20150424,117.22,117.22,117.22,117.22,0
UI_036,20150427,116.54,116.54,116.54,116.54,0
UI_036,20150428,116.84,116.84,116.84,116.84,0
UI_036,20150429,116.67,116.67,116.67,116.67,0
UI_036,20150430,115.23,115.23,115.23,115.23,0
UI_036,20150504,112.63,112.63,112.63,112.63,0
UI_036,20150505,111.04,111.04,111.04,111.04,0
UI_036,20150506,111.79,111.79,111.79,111.79,0
UI_036,20150507,111.13,111.13,111.13,111.13,0
UI_036,20150508,108.78,108.78,108.78,108.78,0
UI_036,20150511,108.08,108.08,108.08,108.08,0
UI_036,20150512,109.32,109.32,109.32,109.32,0
UI_036,20150513,109.80,109.80,109.80,109.80,0
UI_036,20150514,108.24,108.24,108.24,108.24,0
UI_036,20150515,108.28,108.28,108.28,108.28,0
UI_036,20150518,107.74,107.74,107.74,107.74,0
UI_036,20150519,107.47,107.47,107.47,107.47,0
UI_036,20150520,108.18,108.18,108.18,108.18,0
UI_036,20150521,110.77,110.77,110.77,110.77,0
UI_036,20150522,110.80,110.80,110.80,110.80,0
UI_036,20150525,110.44,110.44,110.44,110.44,0
UI_036,20150526,110.43,110.43,110.43,110.43,0
UI_036,20150527,112.32,112.32,112.32,112.32,0
UI_036,20150528,112.56,112.56,112.56,112.56,0
UI_036,20150529,111.95,111.95,111.95,111.95,0
UI_036,20150601,110.70,110.70,110.70,110.70,0
UI_036,20150602,110.46,110.46,110.46,110.46,0
UI_036,20150603,111.34,111.34,111.34,111.34,0
UI_036,20150605,107.79,107.79,107.79,107.79,0
UI_036,20150608,106.19,106.19,106.19,106.19,0
UI_036,20150609,107.33,107.33,107.33,107.33,0
UI_036,20150610,105.45,105.45,105.45,105.45,0
UI_036,20150611,103.90,103.90,103.90,103.90,0
UI_036,20150612,104.16,104.16,104.16,104.16,0
UI_036,20150615,104.82,104.82,104.82,104.82,0
UI_036,20150616,104.80,104.80,104.80,104.80,0
UI_036,20150617,103.83,103.83,103.83,103.83,0
UI_036,20150618,103.87,103.87,103.87,103.87,0
UI_036,20150619,104.52,104.52,104.52,104.52,0
UI_036,20150622,103.45,103.45,103.45,103.45,0
UI_036,20150623,103.96,103.96,103.96,103.96,0
UI_036,20150624,104.08,104.08,104.08,104.08,0
UI_036,20150625,106.41,106.41,106.41,106.41,0
UI_036,20150626,106.42,106.42,106.42,106.42,0
UI_036,20150629,106.00,106.00,106.00,106.00,0
UI_036,20150630,106.20,106.20,106.20,106.20,0
UI_036,20150701,104.52,104.52,104.52,104.52,0
UI_036,20150702,105.65,105.65,105.65,105.65,0
UI_036,20150703,106.55,106.55,106.55,106.55,0
UI_036,20150706,106.34,106.34,106.34,106.34,0
UI_036,20150707,106.66,106.66,106.66,106.66,0
UI_036,20150708,104.84,104.84,104.84,104.84,0
UI_036,20150709,105.84,105.84,105.84,105.84,0
UI_036,20150710,102.16,102.16,102.16,102.16,0
UI_036,20150713,103.30,103.30,103.30,103.30,0
UI_036,20150714,102.51,102.51,102.51,102.51,0
UI_036,20150715,105.13,105.13,105.13,105.13,0
UI_036,20150716,104.88,104.88,104.88,104.88,0
UI_036,20150717,105.27,105.27,105.27,105.27,0
UI_036,20150720,106.15,106.15,106.15,106.15,0
UI_036,20150721,106.84,106.84,106.84,106.84,0
UI_036,20150722,106.14,106.14,106.14,106.14,0
UI_036,20150723,105.73,105.73,105.73,105.73,0
UI_036,20150724,105.86,105.86,105.86,105.86,0
UI_036,20150727,104.48,104.48,104.48,104.48,0
UI_036,20150728,103.63,103.63,103.63,103.63,0
UI_036,20150729,100.62,100.62,100.62,100.62,0
UI_036,20150730,100.82,100.82,100.82,100.82,0
UI_036,20150731,101.52,101.52,101.52,101.52,0
UI_036,20150803,102.48,102.48,102.48,102.48,0
UI_036,20150804,101.97,101.97,101.97,101.97,0
UI_036,20150805,102.42,102.42,102.42,102.42,0
UI_036,20150806,102.41,102.41,102.41,102.41,0
UI_036,20150807,103.66,103.66,103.66,103.66,0
UI_036,20150810,102.12,102.12,102.12,102.12,0
UI_036,20150811,101.80,101.80,101.80,101.80,0
UI_036,20150812,101.17,101.17,101.17,101.17,0
UI_036,20150813,99.16,99.16,99.16,99.16,0
UI_036,20150814,95.75,95.75,95.75,95.75,0
UI_036,20150817,96.85,96.85,96.85,96.85,0
UI_036,20150818,96.79,96.79,96.79,96.79,0
UI_036,20150819,95.85,95.85,95.85,95.85,0
UI_036,20150820,95.35,95.35,95.35,95.35,0
UI_036,20150821,94.86,94.86,94.86,94.86,0
UI_036,20150824,92.91,92.91,92.91,92.91,0
UI_036,20150825,89.97,89.97,89.97,89.97,0
UI_036,20150826,83.08,83.08,83.08,83.08,0
UI_036,20150827,86.24,86.24,86.24,86.24,0
UI_036,20150828,86.11,86.11,86.11,86.11,0
UI_036,20150831,90.36,90.36,90.36,90.36,0
UI_036,20150901,91.27,91.27,91.27,91.27,0
UI_036,20150902,91.48,91.48,91.48,91.48,0
UI_036,20150903,90.16,90.16,90.16,90.16,0
UI_036,20150904,89.93,89.93,89.93,89.93,0
UI_036,20150907,91.41,91.41,91.41,91.41,0
UI_036,20150908,90.07,90.07,90.07,90.07,0
UI_036,20150909,88.16,88.16,88.16,88.16,0
UI_036,20150910,88.67,88.67,88.67,88.67,0
UI_036,20150911,90.71,90.71,90.71,90.71,0
UI_036,20150914,89.85,89.85,89.85,89.85,0
UI_036,20150915,89.16,89.16,89.16,89.16,0
UI_036,20150916,89.70,89.70,89.70,89.70,0
UI_036,20150917,89.61,89.61,89.61,89.61,0
UI_036,20150918,90.43,90.43,90.43,90.43,0
UI_036,20150921,91.11,91.11,91.11,91.11,0
UI_036,20150922,91.01,91.01,91.01,91.01,0
UI_036,20150923,91.30,91.30,91.30,91.30,0
UI_036,20150924,91.12,91.12,91.12,91.12,0
UI_036,20150925,89.22,89.22,89.22,89.22,0
UI_036,20150928,87.79,87.79,87.79,87.79,0
UI_036,20150929,88.48,88.48,88.48,88.48,0
UI_036,20150930,87.44,87.44,87.44,87.44,0
UI_036,20151001,86.93,86.93,86.93,86.93,0
UI_036,20151002,88.63,88.63,88.63,88.63,0
UI_036,20151005,88.85,88.85,88.85,88.85,0
UI_036,20151006,88.59,88.59,88.59,88.59,0
UI_036,20151007,90.43,90.43,90.43,90.43,0
UI_036,20151008,91.24,91.24,91.24,91.24,0
UI_036,20151009,93.85,93.85,93.85,93.85,0
UI_036,20151012,93.19,93.19,93.19,93.19,0
UI_036,20151013,94.09,94.09,94.09,94.09,0
UI_036,20151014,94.86,94.86,94.86,94.86,0
UI_036,20151015,93.50,93.50,93.50,93.50,0
UI_036,20151016,92.72,92.72,92.72,92.72,0
UI_036,20151019,94.54,94.54,94.54,94.54,0
UI_036,20151020,94.62,94.62,94.62,94.62,0
UI_036,20151021,95.32,95.32,95.32,95.32,0
UI_036,20151022,94.67,94.67,94.67,94.67,0
UI_036,20151023,94.41,94.41,94.41,94.41,0
UI_036,20151026,95.59,95.59,95.59,95.59,0
UI_036,20151027,98.02,98.02,98.02,98.02,0
UI_036,20151028,98.03,98.03,98.03,98.03,0
UI_036,20151029,97.74,97.74,97.74,97.74,0
UI_036,20151030,97.20,97.20,97.20,97.20,0
UI_036,20151102,96.54,96.54,96.54,96.54,0
UI_036,20151103,95.65,95.65,95.65,95.65,0
UI_036,20151104,96.31,96.31,96.31,96.31,0
UI_036,20151105,97.68,97.68,97.68,97.68,0
UI_036,20151106,99.75,99.75,99.75,99.75,0
UI_036,20151109,99.18,99.18,99.18,99.18,0
UI_036,20151110,99.84,99.84,99.84,99.84,0
UI_036,20151112,98.69,98.69,98.69,98.69,0
UI_036,20151113,98.12,98.12,98.12,98.12,0
UI_036,20151116,97.33,97.33,97.33,97.33,0
UI_036,20151117,96.93,96.93,96.93,96.93,0
UI_036,20151118,96.21,96.21,96.21,96.21,0
UI_036,20151119,97.52,97.52,97.52,97.52,0
UI_036,20151120,97.28,97.28,97.28,97.28,0
UI_036,20151123,97.49,97.49,97.49,97.49,0
UI_036,20151124,98.94,98.94,98.94,98.94,0
UI_036,20151125,98.92,98.92,98.92,98.92,0
UI_036,20151126,98.86,98.86,98.86,98.86,0
UI_036,20151127,99.57,99.57,99.57,99.57,0
UI_036,20151130,99.48,99.48,99.48,99.48,0
UI_036,20151201,98.69,98.69,98.69,98.69,0
UI_036,20151202,97.92,97.92,97.92,97.92,0
UI_036,20151203,98.54,98.54,98.54,98.54,0
UI_036,20151204,98.80,98.80,98.80,98.80,0
UI_036,20151207,95.93,95.93,95.93,95.93,0
UI_036,20151208,95.29,95.29,95.29,95.29,0
UI_036,20151209,95.41,95.41,95.41,95.41,0
UI_036,20151210,94.32,94.32,94.32,94.32,0
UI_036,20151211,93.02,93.02,93.02,93.02,0
UI_036,20151214,93.15,93.15,93.15,93.15,0
UI_036,20151215,91.48,91.48,91.48,91.48,0
UI_036,20151216,90.50,90.50,90.50,90.50,0
UI_036,20151217,92.05,92.05,92.05,92.05,0
UI_036,20151218,93.06,93.06,93.06,93.06,0
UI_036,20151221,95.12,95.12,95.12,95.12,0
UI_036,20151222,94.05,94.05,94.05,94.05,0
UI_036,20151223,93.64,93.64,93.64,93.64,0
UI_036,20151228,93.75,93.75,93.75,93.75,0
UI_036,20151229,94.76,94.76,94.76,94.76,0
UI_036,20151230,93.94,93.94,93.94,93.94,0
UI_036,20160104,94.44,94.44,94.44,94.44,0
UI_036,20160105,94.45,94.45,94.45,94.45,0
UI_036,20160107,93.89,93.89,93.89,93.89,0
UI_036,20160108,92.83,92.83,92.83,92.83,0
UI_036,20160111,90.09,90.09,90.09,90.09,0
UI_036,20160112,89.75,89.75,89.75,89.75,0
UI_036,20160113,88.45,88.45,88.45,88.45,0
UI_036,20160114,88.76,88.76,88.76,88.76,0
UI_036,20160115,89.51,89.51,89.51,89.51,0
UI_036,20160118,88.30,88.30,88.30,88.30,0
UI_036,20160119,86.52,86.52,86.52,86.52,0
UI_036,20160120,86.36,86.36,86.36,86.36,0
UI_036,20160121,87.31,87.31,87.31,87.31,0
UI_036,20160122,85.48,85.48,85.48,85.48,0
UI_036,20160125,85.22,85.22,85.22,85.22,0
UI_036,20160126,87.44,87.44,87.44,87.44,0
UI_036,20160127,88.48,88.48,88.48,88.48,0
UI_036,20160128,87.45,87.45,87.45,87.45,0
UI_036,20160129,88.32,88.32,88.32,88.32,0
UI_036,20160201,88.15,88.15,88.15,88.15,0
UI_036,20160202,91.04,91.04,91.04,91.04,0
UI_036,20160203,90.67,90.67,90.67,90.67,0
UI_036,20160204,89.58,89.58,89.58,89.58,0
UI_036,20160205,87.71,87.71,87.71,87.71,0
UI_036,20160208,88.37,88.37,88.37,88.37,0
UI_036,20160209,89.47,89.47,89.47,89.47,0
UI_036,20160210,89.24,89.24,89.24,89.24,0
UI_036,20160211,87.39,87.39,87.39,87.39,0
UI_036,20160212,88.32,88.32,88.32,88.32,0
UI_036,20160215,85.87,85.87,85.87,85.87,0
UI_036,20160216,85.91,85.91,85.91,85.91,0
UI_036,20160217,88.03,88.03,88.03,88.03,0
UI_036,20160218,87.98,87.98,87.98,87.98,0
UI_036,20160219,87.89,87.89,87.89,87.89,0
UI_036,20160222,89.35,89.35,89.35,89.35,0
UI_036,20160223,88.90,88.90,88.90,88.90,0
UI_036,20160224,89.73,89.73,89.73,89.73,0
UI_036,20160225,89.46,89.46,89.46,89.46,0
UI_036,20160226,89.04,89.04,89.04,89.04,0
UI_036,20160229,88.65,88.65,88.65,88.65,0
UI_036,20160301,90.35,90.35,90.35,90.35,0
UI_036,20160302,90.49,90.49,90.49,90.49,0
UI_036,20160303,91.95,91.95,91.95,91.95,0
UI_036,20160304,93.79,93.79,93.79,93.79,0
UI_036,20160307,93.72,93.72,93.72,93.72,0
UI_036,20160308,93.75,93.75,93.75,93.75,0
UI_036,20160309,94.46,94.46,94.46,94.46,0
UI_036,20160310,93.20,93.20,93.20,93.20,0
UI_036,20160311,93.58,93.58,93.58,93.58,0
UI_036,20160314,92.71,92.71,92.71,92.71,0
UI_036,20160315,93.59,93.59,93.59,93.59,0
UI_036,20160316,94.41,94.41,94.41,94.41,0
UI_036,20160317,93.32,93.32,93.32,93.32,0
UI_036,20160318,93.76,93.76,93.76,93.76,0
UI_036,20160321,93.12,93.12,93.12,93.12,0
UI_036,20160322,94.04,94.04,94.04,94.04,0
UI_036,20160323,94.77,94.77,94.77,94.77,0
UI_036,20160324,95.10,95.10,95.10,95.10,0
UI_036,20160329,95.58,95.58,95.58,95.58,0
UI_036,20160330,94.89,94.89,94.89,94.89,0
UI_036,20160331,94.20,94.20,94.20,94.20,0
UI_036,20160401,94.37,94.37,94.37,94.37,0
UI_036,20160404,94.46,94.46,94.46,94.46,0
UI_036,20160405,94.56,94.56,94.56,94.56,0
UI_036,20160406,94.58,94.58,94.58,94.58,0
UI_036,20160407,93.56,93.56,93.56,93.56,0
UI_036,20160408,93.52,93.52,93.52,93.52,0
UI_036,20160411,93.66,93.66,93.66,93.66,0
UI_036,20160412,93.61,93.61,93.61,93.61,0
UI_036,20160413,93.49,93.49,93.49,93.49,0
UI_036,20160414,94.48,94.48,94.48,94.48,0
UI_036,20160415,95.88,95.88,95.88,95.88,0
UI_036,20160418,96.01,96.01,96.01,96.01,0
UI_036,20160419,95.83,95.83,95.83,95.83,0
UI_036,20160420,95.59,95.59,95.59,95.59,0
UI_036,20160421,95.59,95.59,95.59,95.59,0
UI_036,20160422,95.58,95.58,95.58,95.58,0
UI_036,20160425,96.57,96.57,96.57,96.57,0
UI_036,20160426,96.49,96.49,96.49,96.49,0
UI_036,20160427,95.74,95.74,95.74,95.74,0
UI_036,20160428,95.25,95.25,95.25,95.25,0
UI_036,20160429,95.16,95.16,95.16,95.16,0
UI_036,20160502,94.95,94.95,94.95,94.95,0
UI_036,20160504,92.87,92.87,92.87,92.87,0
UI_036,20160505,92.18,92.18,92.18,92.18,0
UI_036,20160506,92.17,92.17,92.17,92.17,0
UI_036,20160509,91.81,91.81,91.81,91.81,0
UI_036,20160510,92.09,92.09,92.09,92.09,0
UI_036,20160511,92.23,92.23,92.23,92.23,0
UI_036,20160512,92.55,92.55,92.55,92.55,0
UI_036,20160513,92.75,92.75,92.75,92.75,0
UI_036,20160516,93.00,93.00,93.00,93.00,0
UI_036,20160517,93.01,93.01,93.01,93.01,0
UI_036,20160518,93.22,93.22,93.22,93.22,0
UI_036,20160519,93.65,93.65,93.65,93.65,0
UI_036,20160520,93.70,93.70,93.70,93.70,0
UI_036,20160523,93.24,93.24,93.24,93.24,0
UI_036,20160524,92.87,92.87,92.87,92.87,0
UI_036,20160525,93.53,93.53,93.53,93.53,0
UI_036,20160527,93.24,93.24,93.24,93.24,0
UI_036,20160530,94.71,94.71,94.71,94.71,0
UI_036,20160531,95.92,95.92,95.92,95.92,0
UI_036,20160601,95.55,95.55,95.55,95.55,0
UI_036,20160602,95.38,95.38,95.38,95.38,0
UI_036,20160603,95.38,95.38,95.38,95.38,0
UI_036,20160606,95.84,95.84,95.84,95.84,0
UI_036,20160607,95.10,95.10,95.10,95.10,0
UI_036,20160608,95.70,95.70,95.70,95.70,0
UI_036,20160609,97.00,97.00,97.00,97.00,0
UI_036,20160610,96.92,96.92,96.92,96.92,0
UI_036,20160613,96.94,96.94,96.94,96.94,0
UI_036,20160614,96.27,96.27,96.27,96.27,0
UI_036,20160615,95.17,95.17,95.17,95.17,0
UI_036,20160616,95.86,95.86,95.86,95.86,0
UI_036,20160617,96.53,96.53,96.53,96.53,0
UI_036,20160620,96.61,96.61,96.61,96.61,0
UI_036,20160621,96.15,96.15,96.15,96.15,0
UI_036,20160622,96.09,96.09,96.09,96.09,0
UI_036,20160623,97.21,97.21,97.21,97.21,0
UI_036,20160624,97.22,97.22,97.22,97.22,0
UI_036,20160627,96.98,96.98,96.98,96.98,0
UI_036,20160628,96.33,96.33,96.33,96.33,0
UI_036,20160629,97.62,97.62,97.62,97.62,0
UI_036,20160630,97.77,97.77,97.77,97.77,0
UI_036,20160701,98.73,98.73,98.73,98.73,0
UI_036,20160704,99.67,99.67,99.67,99.67,0
UI_036,20160705,99.95,99.95,99.95,99.95,0
UI_036,20160706,100.42,100.42,100.42,100.42,0
UI_036,20160707,99.95,99.95,99.95,99.95,0
UI_036,20160708,99.61,99.61,99.61,99.61,0
UI_036,20160711,100.06,100.06,100.06,100.06,0
UI_036,20160712,100.15,100.15,100.15,100.15,0
UI_036,20160713,101.81,101.81,101.81,101.81,0
UI_036,20160714,102.35,102.35,102.35,102.35,0
UI_036,20160715,102.46,102.46,102.46,102.46,0
UI_036,20160718,103.10,103.10,103.10,103.10,0
UI_036,20160719,103.87,103.87,103.87,103.87,0
UI_036,20160720,104.03,104.03,104.03,104.03,0
UI_036,20160721,104.64,104.64,104.64,104.64,0
UI_036,20160722,104.63,104.63,104.63,104.63,0
UI_036,20160725,104.82,104.82,104.82,104.82,0
UI_036,20160726,104.91,104.91,104.91,104.91,0
UI_036,20160727,104.97,104.97,104.97,104.97,0
UI_036,20160728,104.77,104.77,104.77,104.77,0
UI_036,20160729,105.21,105.21,105.21,105.21,0
UI_036,20160801,104.67,104.67,104.67,104.67,0
UI_036,20160802,103.26,103.26,103.26,103.26,0
UI_036,20160803,104.49,104.49,104.49,104.49,0
UI_036,20160804,103.55,103.55,103.55,103.55,0
UI_036,20160805,102.90,102.90,102.90,102.90,0
UI_036,20160808,103.51,103.51,103.51,103.51,0
UI_036,20160809,105.04,105.04,105.04,105.04,0
UI_036,20160810,105.73,105.73,105.73,105.73,0
UI_036,20160811,105.45,105.45,105.45,105.45,0
UI_036,20160812,105.35,105.35,105.35,105.35,0
UI_036,20160816,105.08,105.08,105.08,105.08,0
UI_036,20160817,105.10,105.10,105.10,105.10,0
UI_036,20160818,104.71,104.71,104.71,104.71,0
UI_036,20160819,104.06,104.06,104.06,104.06,0
UI_036,20160822,104.25,104.25,104.25,104.25,0
UI_036,20160823,103.43,103.43,103.43,103.43,0
UI_036,20160824,103.08,103.08,103.08,103.08,0
UI_036,20160825,103.27,103.27,103.27,103.27,0
UI_036,20160826,103.64,103.64,103.64,103.64,0
UI_036,20160829,103.63,103.63,103.63,103.63,0
UI_036,20160830,103.78,103.78,103.78,103.78,0
UI_036,20160831,104.36,104.36,104.36,104.36,0
UI_036,20160901,104.87,104.87,104.87,104.87,0
UI_036,20160902,104.94,104.94,104.94,104.94,0
UI_036,20160905,103.94,103.94,103.94,103.94,0
UI_036,20160906,104.41,104.41,104.41,104.41,0
UI_036,20160907,105.14,105.14,105.14,105.14,0
UI_036,20160908,105.25,105.25,105.25,105.25,0
UI_036,20160909,105.58,105.58,105.58,105.58,0
UI_036,20160912,105.43,105.43,105.43,105.43,0
UI_036,20160913,104.76,104.76,104.76,104.76,0
UI_036,20160914,102.74,102.74,102.74,102.74,0
UI_036,20160915,102.44,102.44,102.44,102.44,0
UI_036,20160916,102.27,102.27,102.27,102.27,0
UI_036,20160919,102.76,102.76,102.76,102.76,0
UI_036,20160920,103.42,103.42,103.42,103.42,0
UI_036,20160921,104.12,104.12,104.12,104.12,0
UI_036,20160922,104.15,104.15,104.15,104.15,0
UI_036,20160923,104.81,104.81,104.81,104.81,0
UI_036,20160926,105.17,105.17,105.17,105.17,0
UI_036,20160927,105.14,105.14,105.14,105.14,0
UI_036,20160928,103.76,103.76,103.76,103.76,0
UI_036,20160929,104.97,104.97,104.97,104.97,0
UI_036,20160930,104.98,104.98,104.98,104.98,0
UI_036,20161003,104.87,104.87,104.87,104.87,0
UI_036,20161004,104.88,104.88,104.88,104.88,0
UI_036,20161005,104.03,104.03,104.03,104.03,0
UI_036,20161006,106.25,106.25,106.25,106.25,0
UI_036,20161007,105.57,105.57,105.57,105.57,0
UI_036,20161010,106.05,106.05,106.05,106.05,0
UI_036,20161011,105.49,105.49,105.49,105.49,0
UI_036,20161012,105.20,105.20,105.20,105.20,0
UI_036,20161013,105.30,105.30,105.30,105.30,0
UI_036,20161014,104.94,104.94,104.94,104.94,0
UI_036,20161017,103.91,103.91,103.91,103.91,0
UI_036,20161018,104.94,104.94,104.94,104.94,0
UI_036,20161019,104.67,104.67,104.67,104.67,0
UI_036,20161020,105.90,105.90,105.90,105.90,0
UI_036,20161021,106.26,106.26,106.26,106.26,0
UI_036,20161024,106.80,106.80,106.80,106.80,0
UI_036,20161025,106.86,106.86,106.86,106.86,0
UI_036,20161026,107.15,107.15,107.15,107.15,0
UI_036,20161027,107.47,107.47,107.47,107.47,0
UI_036,20161028,106.13,106.13,106.13,106.13,0
UI_036,20161031,105.70,105.70,105.70,105.70,0
UI_036,20161102,105.03,105.03,105.03,105.03,0
UI_036,20161103,104.94,104.94,104.94,104.94,0
UI_036,20161104,103.11,103.11,103.11,103.11,0
UI_036,20161107,102.79,102.79,102.79,102.79,0
UI_036,20161108,102.28,102.28,102.28,102.28,0
UI_036,20161109,103.66,103.66,103.66,103.66,0
UI_036,20161110,105.02,105.02,105.02,105.02,0
UI_036,20161114,105.05,105.05,105.05,105.05,0
UI_036,20161115,102.44,102.44,102.44,102.44,0
UI_036,20161116,102.01,102.01,102.01,102.01,0
UI_036,20161117,101.33,101.33,101.33,101.33,0
UI_036,20161118,102.52,102.52,102.52,102.52,0
UI_036,20161121,102.20,102.20,102.20,102.20,0
UI_036,20161122,102.79,102.79,102.79,102.79,0
UI_036,20161123,102.07,102.07,102.07,102.07,0
UI_036,20161124,103.14,103.14,103.14,103.14,0
UI_036,20161125,103.84,103.84,103.84,103.84,0
UI_036,20161128,102.65,102.65,102.65,102.65,0
UI_036,20161129,102.78,102.78,102.78,102.78,0
UI_036,20161130,103.22,103.22,103.22,103.22,0
UI_036,20161201,102.65,102.65,102.65,102.65,0
UI_036,20161202,103.32,103.32,103.32,103.32,0
UI_036,20161205,103.86,103.86,103.86,103.86,0
UI_036,20161206,103.19,103.19,103.19,103.19,0
UI_036,20161207,102.73,102.73,102.73,102.73,0
UI_036,20161208,103.53,103.53,103.53,103.53,0
UI_036,20161209,103.54,103.54,103.54,103.54,0
UI_036,20161212,106.47,106.47,106.47,106.47,0
UI_036,20161213,107.14,107.14,107.14,107.14,0
UI_036,20161214,105.79,105.79,105.79,105.79,0
UI_036,20161215,105.90,105.90,105.90,105.90,0
UI_036,20161216,105.72,105.72,105.72,105.72,0
UI_036,20161219,106.82,106.82,106.82,106.82,0
UI_036,20161220,106.93,106.93,106.93,106.93,0
UI_036,20161221,106.09,106.09,106.09,106.09,0
UI_036,20161222,106.26,106.26,106.26,106.26,0
UI_036,20161223,105.46,105.46,105.46,105.46,0
UI_036,20161227,104.27,104.27,104.27,104.27,0
UI_036,20161228,104.00,104.00,104.00,104.00,0
UI_036,20161229,104.59,104.59,104.59,104.59,0
UI_036,20161230,106.16,106.16,106.16,106.16,0
UI_036,20170102,106.09,106.09,106.09,106.09,0
UI_036,20170103,106.05,106.05,106.05,106.05,0
UI_036,20170104,107.00,107.00,107.00,107.00,0
UI_036,20170105,108.30,108.30,108.30,108.30,0
UI_036,20170109,107.83,107.83,107.83,107.83,0
UI_036,20170110,108.26,108.26,108.26,108.26,0
UI_036,20170111,108.06,108.06,108.06,108.06,0
UI_036,20170112,108.41,108.41,108.41,108.41,0
UI_036,20170113,110.00,110.00,110.00,110.00,0
UI_036,20170116,108.62,108.62,108.62,108.62,0
UI_036,20170117,108.48,108.48,108.48,108.48,0
UI_036,20170118,107.91,107.91,107.91,107.91,0
UI_036,20170119,107.22,107.22,107.22,107.22,0
UI_036,20170120,107.51,107.51,107.51,107.51,0
UI_036,20170123,108.41,108.41,108.41,108.41,0
UI_036,20170124,107.40,107.40,107.40,107.40,0
UI_036,20170125,107.64,107.64,107.64,107.64,0
UI_036,20170126,108.01,108.01,108.01,108.01,0
UI_036,20170127,108.47,108.47,108.47,108.47,0
UI_036,20170130,109.96,109.96,109.96,109.96,0
UI_036,20170131,109.50,109.50,109.50,109.50,0
UI_036,20170201,109.45,109.45,109.45,109.45,0
UI_036,20170202,107.78,107.78,107.78,107.78,0
UI_036,20170203,108.81,108.81,108.81,108.81,0
UI_036,20170206,108.52,108.52,108.52,108.52,0
UI_036,20170207,108.86,108.86,108.86,108.86,0
UI_036,20170208,110.03,110.03,110.03,110.03,0
UI_036,20170209,110.05,110.05,110.05,110.05,0
UI_036,20170210,109.78,109.78,109.78,109.78,0
UI_036,20170213,110.56,110.56,110.56,110.56,0
UI_036,20170214,110.85,110.85,110.85,110.85,0
UI_036,20170215,111.32,111.32,111.32,111.32,0
UI_036,20170216,111.53,111.53,111.53,111.53,0
UI_036,20170217,111.41,111.41,111.41,111.41,0
UI_036,20170220,110.84,110.84,110.84,110.84,0
UI_036,20170221,111.03,111.03,111.03,111.03,0
UI_036,20170222,111.34,111.34,111.34,111.34,0
UI_036,20170223,112.10,112.10,112.10,112.10,0
UI_036,20170224,112.61,112.61,112.61,112.61,0
UI_036,20170227,112.30,112.30,112.30,112.30,0
UI_036,20170228,112.26,112.26,112.26,112.26,0
UI_036,20170301,111.23,111.23,111.23,111.23,0
UI_036,20170302,111.09,111.09,111.09,111.09,0
UI_036,20170303,111.81,111.81,111.81,111.81,0
UI_036,20170306,112.38,112.38,112.38,112.38,0
UI_036,20170307,111.32,111.32,111.32,111.32,0
UI_036,20170308,111.45,111.45,111.45,111.45,0
UI_036,20170309,111.95,111.95,111.95,111.95,0
UI_036,20170310,112.36,112.36,112.36,112.36,0
UI_036,20170313,111.48,111.48,111.48,111.48,0
UI_036,20170314,110.26,110.26,110.26,110.26,0
UI_036,20170315,111.02,111.02,111.02,111.02,0
UI_036,20170316,111.88,111.88,111.88,111.88,0
UI_036,20170317,112.03,112.03,112.03,112.03,0
UI_036,20170320,112.41,112.41,112.41,112.41,0
UI_036,20170321,112.82,112.82,112.82,112.82,0
UI_036,20170322,113.02,113.02,113.02,113.02,0
UI_036,20170323,112.80,112.80,112.80,112.80,0
UI_036,20170324,112.17,112.17,112.17,112.17,0
UI_036,20170327,112.64,112.64,112.64,112.64,0
UI_036,20170328,112.40,112.40,112.40,112.40,0
UI_036,20170329,111.45,111.45,111.45,111.45,0
UI_036,20170330,111.99,111.99,111.99,111.99,0
UI_036,20170331,113.17,113.17,113.17,113.17,0
UI_036,20170403,113.07,113.07,113.07,113.07,0
UI_036,20170404,112.99,112.99,112.99,112.99,0
UI_036,20170405,113.96,113.96,113.96,113.96,0
UI_036,20170406,113.93,113.93,113.93,113.93,0
UI_036,20170407,114.53,114.53,114.53,114.53,0
UI_036,20170410,114.21,114.21,114.21,114.21,0
UI_036,20170411,114.62,114.62,114.62,114.62,0
UI_036,20170412,114.72,114.72,114.72,114.72,0
UI_036,20170413,114.25,114.25,114.25,114.25,0
UI_036,20170418,114.72,114.72,114.72,114.72,0
UI_036,20170419,114.84,114.84,114.84,114.84,0
UI_036,20170420,113.01,113.01,113.01,113.01,0
UI_036,20170421,112.68,112.68,112.68,112.68,0
UI_036,20170424,112.77,112.77,112.77,112.77,0
UI_036,20170425,114.43,114.43,114.43,114.43,0
UI_036,20170426,113.13,113.13,113.13,113.13,0
UI_036,20170427,113.66,113.66,113.66,113.66,0
UI_036,20170428,114.76,114.76,114.76,114.76,0
UI_036,20170502,114.46,114.46,114.46,114.46,0
UI_036,20170504,114.63,114.63,114.63,114.63,0
UI_036,20170505,114.67,114.67,114.67,114.67,0
UI_036,20170508,114.62,114.62,114.62,114.62,0
UI_036,20170509,114.15,114.15,114.15,114.15,0
UI_036,20170510,115.76,115.76,115.76,115.76,0
UI_036,20170511,116.24,116.24,116.24,116.24,0
UI_036,20170512,116.16,116.16,116.16,116.16,0
UI_036,20170515,116.70,116.70,116.70,116.70,0
UI_036,20170516,116.31,116.31,116.31,116.31,0
UI_036,20170517,116.63,116.63,116.63,116.63,0
UI_036,20170518,115.64,115.64,115.64,115.64,0
UI_036,20170519,114.64,114.64,114.64,114.64,0
UI_036,20170522,113.91,113.91,113.91,113.91,0
UI_036,20170523,113.64,113.64,113.64,113.64,0
UI_036,20170524,114.02,114.02,114.02,114.02,0
UI_036,20170525,114.02,114.02,114.02,114.02,0
UI_036,20170526,114.02,114.02,114.02,114.02,0
UI_036,20170529,114.43,114.43,114.43,114.43,0
UI_036,20170530,115.75,115.75,115.75,115.75,0
UI_036,20170531,115.53,115.53,115.53,115.53,0
UI_036,20170601,115.06,115.06,115.06,115.06,0
UI_036,20170602,114.21,114.21,114.21,114.21,0
UI_036,20170605,114.19,114.19,114.19,114.19,0
UI_036,20170606,114.19,114.19,114.19,114.19,0
UI_036,20170607,114.13,114.13,114.13,114.13,0
UI_036,20170608,115.05,115.05,115.05,115.05,0
UI_036,20170609,115.24,115.24,115.24,115.24,0
UI_036,20170612,115.71,115.71,115.71,115.71,0
UI_036,20170613,116.11,116.11,116.11,116.11,0
UI_036,20170614,114.92,114.92,114.92,114.92,0
UI_036,20170616,115.07,115.07,115.07,115.07,0
UI_036,20170619,114.77,114.77,114.77,114.77,0
UI_036,20170620,114.62,114.62,114.62,114.62,0
UI_036,20170621,115.73,115.73,115.73,115.73,0
UI_036,20170622,115.94,115.94,115.94,115.94,0
UI_036,20170623,115.74,115.74,115.74,115.74,0
UI_036,20170626,116.09,116.09,116.09,116.09,0
UI_036,20170627,115.67,115.67,115.67,115.67,0
UI_036,20170628,116.14,116.14,116.14,116.14,0
UI_036,20170629,115.31,115.31,115.31,115.31,0
UI_036,20170630,113.82,113.82,113.82,113.82,0
UI_036,20170703,113.40,113.40,113.40,113.40,0
UI_036,20170704,113.57,113.57,113.57,113.57,0
UI_036,20170705,113.99,113.99,113.99,113.99,0
UI_036,20170706,113.52,113.52,113.52,113.52,0
UI_036,20170707,113.75,113.75,113.75,113.75,0
UI_036,20170710,113.10,113.10,113.10,113.10,0
UI_036,20170711,112.98,112.98,112.98,112.98,0
UI_036,20170712,113.39,113.39,113.39,113.39,0
UI_036,20170713,113.22,113.22,113.22,113.22,0
UI_036,20170714,113.67,113.67,113.67,113.67,0
UI_036,20170717,114.61,114.61,114.61,114.61,0
UI_036,20170718,114.40,114.40,114.40,114.40,0
UI_036,20170719,114.34,114.34,114.34,114.34,0
UI_036,20170720,113.67,113.67,113.67,113.67,0
UI_036,20170721,114.40,114.40,114.40,114.40,0
UI_036,20170724,112.95,112.95,112.95,112.95,0
UI_036,20170725,112.94,112.94,112.94,112.94,0
UI_036,20170726,113.70,113.70,113.70,113.70,0
UI_036,20170727,113.45,113.45,113.45,113.45,0
UI_036,20170728,113.58,113.58,113.58,113.58,0
UI_036,20170731,114.06,114.06,114.06,114.06,0
UI_036,20170801,112.53,112.53,112.53,112.53,0
UI_036,20170802,112.26,112.26,112.26,112.26,0
UI_036,20170803,112.04,112.04,112.04,112.04,0
UI_036,20170804,111.91,111.91,111.91,111.91,0
UI_036,20170807,111.22,111.22,111.22,111.22,0
UI_036,20170808,112.60,112.60,112.60,112.60,0
UI_036,20170809,112.50,112.50,112.50,112.50,0
UI_036,20170810,113.16,113.16,113.16,113.16,0
UI_036,20170811,112.33,112.33,112.33,112.33,0
UI_036,20170814,111.33,111.33,111.33,111.33,0
UI_036,20170816,110.30,110.30,110.30,110.30,0
UI_036,20170817,110.73,110.73,110.73,110.73,0
UI_036,20170818,111.49,111.49,111.49,111.49,0
UI_036,20170821,111.40,111.40,111.40,111.40,0
UI_036,20170822,110.98,110.98,110.98,110.98,0
UI_036,20170823,110.04,110.04,110.04,110.04,0
UI_036,20170824,110.98,110.98,110.98,110.98,0
UI_036,20170825,111.08,111.08,111.08,111.08,0
UI_036,20170828,111.27,111.27,111.27,111.27,0
UI_036,20170829,110.89,110.89,110.89,110.89,0
UI_036,20170830,109.92,109.92,109.92,109.92,0
UI_036,20170831,108.94,108.94,108.94,108.94,0
UI_036,20170901,110.44,110.44,110.44,110.44,0
UI_036,20170904,110.46,110.46,110.46,110.46,0
UI_036,20170905,110.62,110.62,110.62,110.62,0
UI_036,20170906,109.89,109.89,109.89,109.89,0
UI_036,20170907,109.93,109.93,109.93,109.93,0
UI_036,20170908,109.40,109.40,109.40,109.40,0
UI_036,20170911,109.28,109.28,109.28,109.28,0
UI_036,20170912,109.87,109.87,109.87,109.87,0
UI_036,20170913,110.51,110.51,110.51,110.51,0
UI_036,20170914,111.25,111.25,111.25,111.25,0
UI_036,20170915,112.13,112.13,112.13,112.13,0
UI_036,20170918,112.77,112.77,112.77,112.77,0
UI_036,20170919,112.31,112.31,112.31,112.31,0
UI_036,20170920,113.07,113.07,113.07,113.07,0
UI_036,20170921,112.53,112.53,112.53,112.53,0
UI_036,20170922,112.47,112.47,112.47,112.47,0
